a2611201.350156
Narit-cm 12/01/2026 01:05:00 12/01/2026 01:35:01 0045 0013.384714 0052.542598 00.0 00.0
0002397 0010 0000000 0010 05 0000000 0010 0000000 0010
1 0 1 01600 1 0000 3.75 00000.o 0 0 01 000 16 002397 0.500 BT0
1 2 1 02000 1 0000 3.75 00000.o 0 0 01 000 16 002397 0.500 S2A0
1 1 1 01600 1 0000 3.75 00000.o 0 0 00 000 00 002397 3.1746 BC0
1 3 1 02000 1 0000 3.75 00000.o 0 0 00 000 00 002397 3.1746 S2P0
1 5 0 01600 0 0000 1.00 00000.o 0 0 00 000 00 000000 0.000 OF0
0.000 .o Analog 0 	0.000 .o Analog StErr 0 	0.000 .o Photon Counting 0 	0.000 .o PC StErr 0 	0.000 .o Overflow Info 0 
37.7088	0.319143	167.159	0.890816	0
89.3786	0.582798	194.643	0.88502	1
319.332	2.24974	106.016	1.37594	0
474.509	0.0242878	0.400501	0.0814791	0
473.457	8.97341E-6	0	0	0
473.457	0	0.350438	0.0797746	0
473.457	8.97341E-6	28.9028	0.662402	0
473.457	1.09892E-5	7.44264	0.408418	0
473.457	0	1.63538	0.197391	0
473.457	0	9.94577	0.433987	0
473.457	0	42.2862	0.796382	0
473.457	0	100.776	1.00877	0
473.457	0	140.96	1.00707	0
473.457	0	96.7209	1.02446	0
473.457	0	79.5661	0.943317	0
473.457	8.97341E-6	58.0893	0.826042	0
473.457	0	51.1806	0.782404	0
473.457	0	49.9124	0.7732	0
473.457	0	53.6337	0.792632	0
473.457	0	71.2557	0.856724	0
473.457	0	93.7171	0.922862	0
473.457	0	116.696	0.931385	0
473.457	0	147.267	0.907521	0
473.457	0	172.532	0.917067	0
473.457	0	184.481	0.891157	0
473.457	0	195.895	0.903089	0
473.457	0	201.485	0.896611	0
473.457	0	204.723	0.883316	0
473.457	0	204.656	0.896271	0
473.457	0	205.24	0.88502	0
473.457	6.37242E-6	205.874	0.876497	0
473.457	0	202.77	0.898316	0
473.457	0	203.488	0.887748	0
473.457	0	203.488	0.908544	0
473.457	0	196.546	0.886384	0
473.457	0	193.759	0.884679	0
473.497	0.0202497	198.915	0.895589	1
474.093	0.0788454	201.068	0.869679	1
484.965	0.258651	202.336	0.891157	1
498.908	0.0994737	201.335	0.903089	1
500	0	201.469	0.888089	1
499.997	0.00269911	202.854	0.882975	1
499.896	0.0454751	203.521	0.867974	1
499.341	0.1233	200.334	0.865247	1
491.105	0.35884	201.569	0.879907	1
457.143	0.64886	202.837	0.891839	1
408.792	0.716225	203.271	0.87377	1
360.41	0.749939	203.354	0.872065	0
311.787	0.780404	200.3	0.903089	0
264.726	0.78446	202.42	0.879566	0
220.714	0.752199	202.587	0.871725	0
180.12	0.691658	203.805	0.890134	0
144.519	0.622298	201.535	0.878884	0
114.34	0.545363	201.452	0.894907	0
89.2676	0.458786	201.268	0.890816	0
69.2781	0.373339	198.815	0.885361	0
53.5821	0.298389	197.564	0.845474	0
41.5224	0.237785	196.412	0.882634	0
32.5454	0.186994	195.311	0.867293	0
25.862	0.142816	193.659	0.872747	0
21.012	0.110392	193.859	0.853656	0
17.494	0.0892078	192.491	0.858088	0
14.8293	0.0709156	192.29	0.851951	0
12.8519	0.0558463	189.887	0.856724	0
11.4609	0.0465497	188.703	0.869679	0
10.4181	0.0394729	188.602	0.874111	0
9.55641	0.0346443	187.401	0.867974	0
8.89744	0.0305573	186.7	0.846497	0
8.40631	0.0289548	183.079	0.867293	0
8.04963	0.0276025	181.51	0.842747	0
7.79699	0.027021	179.024	0.851951	0
7.58113	0.0258267	176.938	0.854679	0
7.38937	0.0261988	176.103	0.84786	0
7.26407	0.0251962	174.552	0.870361	0
7.19745	0.0245802	172.249	0.856724	0
7.13928	0.0244137	173.267	0.842065	0
7.10384	0.0243063	172.616	0.846838	0
7.08417	0.0243697	169.028	0.839678	0
7.06114	0.0237714	168.144	0.843088	0
7.15742	0.0235781	169.679	0.849565	0
7.25897	0.0244111	168.06	0.83661	0
7.29941	0.0243658	167.042	0.833201	0
7.40699	0.0240648	167.893	0.845133	0
7.51179	0.0235795	165.507	0.848542	0
7.53882	0.0229619	166.224	0.84786	0
7.58595	0.0226694	164.723	0.864224	0
7.76918	0.0235334	164.906	0.859111	0
8.09193	0.0246443	165.757	0.864565	0
8.44199	0.0248175	166.241	0.857406	0
8.63022	0.0239698	164.99	0.848201	0
8.67457	0.0236183	165.824	0.845815	0
8.79829	0.0233553	164.689	0.842747	0
9.04556	0.0236337	166.341	0.860474	0
9.2793	0.0242203	167.376	0.868315	0
9.39479	0.0235798	164.856	0.837633	0
9.39478	0.0241121	164.823	0.845815	0
9.34386	0.0237535	164.723	0.843769	0
9.27344	0.0229217	164.172	0.841724	0
9.16443	0.0230252	164.539	0.845133	0
9.07214	0.0228	163.321	0.838315	0
8.8257	0.0224848	160.668	0.859792	0
8.09855	0.0235736	154.426	0.846838	0
7.25218	0.0208476	152.307	0.840701	0
7.05142	0.01867	153.559	0.85502	0
7.25234	0.0186363	153.191	0.850247	0
7.27454	0.0186471	151.139	0.86252	0
7.21614	0.0179254	150.238	0.842065	0
7.2448	0.0182536	151.89	0.854679	0
7.30695	0.0184138	149.987	0.846497	0
7.3491	0.0180463	149.837	0.856383	0
7.3602	0.0178916	150.188	0.828769	0
7.33861	0.0175522	149.453	0.845133	0
7.34016	0.017917	149.203	0.857406	0
7.37451	0.017359	147.384	0.829451	0
7.41561	0.017284	149.804	0.835587	0
7.43252	0.0170258	147.451	0.852292	0
7.39766	0.0170345	148.052	0.856383	0
7.40091	0.0172117	147.685	0.852633	0
7.45186	0.017012	146.7	0.826724	0
7.42461	0.0169001	145.899	0.879225	0
7.3865	0.0168698	147.134	0.84786	0
7.39904	0.016738	144.614	0.83661	0
7.41289	0.0172778	144.798	0.867974	0
7.38126	0.0167551	144.931	0.837974	0
7.35248	0.0163516	144.681	0.853997	0
7.36079	0.016381	144.113	0.829451	0
7.34606	0.0162242	142.728	0.863883	0
7.33111	0.0159588	143.613	0.828428	0
7.35339	0.0164333	142.962	0.854679	0
7.33613	0.0168265	140.96	0.833201	0
7.32272	0.0162207	141.861	0.847179	0
7.34167	0.0158117	141.51	0.853997	0
7.34181	0.0156857	140.025	0.815814	0
7.33951	0.0155952	141.21	0.835928	0
7.33534	0.015394	140.292	0.865247	0
7.31465	0.0153763	139.791	0.852292	0
7.29017	0.0153381	139.174	0.846156	0
7.27912	0.0157241	139.591	0.846838	0
7.28804	0.0152749	138.39	0.831496	0
7.29341	0.015332	139.274	0.846156	0
7.29325	0.0147622	137.539	0.857406	0
7.28499	0.0148795	139.074	0.838997	0
7.28067	0.0147064	138.306	0.842065	0
7.29057	0.0150584	137.756	0.849224	0
7.26512	0.0150787	136.804	0.841042	0
7.25916	0.0148609	137.672	0.853656	0
7.28406	0.0142951	137.806	0.828087	0
7.27248	0.0149085	136.103	0.828769	0
7.23288	0.0143137	135.686	0.852974	0
7.20328	0.0143362	134.652	0.848201	0
7.20306	0.0139254	135.903	0.848201	0
7.20056	0.0147145	134.785	0.864565	0
7.14436	0.0140829	133.1	0.837633	0
7.11522	0.0140385	131.481	0.844792	0
7.10835	0.0142469	131.848	0.849906	0
7.08312	0.0138062	131.831	0.816496	0
7.04625	0.013685	131.047	0.843428	0
6.99781	0.0135947	129.228	0.831496	0
6.97411	0.0135269	130.997	0.829451	0
6.98596	0.0135176	128.511	0.862861	0
6.95165	0.0133018	128.811	0.830474	0
6.9135	0.0133356	129.095	0.835928	0
6.90524	0.0129717	128.761	0.862861	0
6.88458	0.0129878	127.259	0.820587	0
6.84764	0.0123762	125.373	0.843428	0
6.81322	0.0127058	128.043	0.85127	0
6.79028	0.0126396	126.542	0.841724	0
6.75745	0.0126961	126.341	0.819564	0
6.71391	0.0123566	123.972	0.842747	0
6.70483	0.0123033	123.972	0.840701	0
6.70474	0.0126946	125.64	0.840019	0
6.66734	0.0124049	123.988	0.841724	0
6.62567	0.0122203	122.854	0.828769	0
6.62262	0.0122269	123.388	0.83286	0
6.60038	0.0120324	121.268	0.843428	0
6.54591	0.0122927	121.969	0.862861	0
6.53153	0.0119589	119.349	0.852974	0
6.53512	0.0122351	121.118	0.830815	0
6.49095	0.0120665	118.798	0.844792	0
6.4403	0.0119069	117.797	0.842406	0
6.42791	0.0117548	118.665	0.841383	0
6.41295	0.0116836	118.598	0.824678	0
6.35849	0.0115058	116.579	0.861497	0
6.29534	0.011731	114.293	0.829451	0
6.26674	0.0115825	115.194	0.861156	0
6.2453	0.0114515	113.492	0.831837	0
6.21384	0.0114327	114.593	0.846838	0
6.18214	0.0115342	112.207	0.839678	0
6.14883	0.0111651	112.39	0.848201	0
6.11766	0.0111754	109.887	0.835928	0
6.08095	0.0112466	109.637	0.839337	0
6.02284	0.0110655	107.651	0.868656	0
5.97978	0.0107584	108.185	0.845133	0
5.95344	0.0109628	106.483	0.833201	0
5.91983	0.0108891	106.55	0.832519	0
5.88723	0.0105678	104.698	0.835587	0
5.86111	0.0105612	103.346	0.844451	0
5.82932	0.0106975	105.232	0.833201	0
5.79868	0.0103833	101.877	0.856724	0
5.77097	0.0103653	102.428	0.837292	0
5.74106	0.0104399	99.4577	0.846156	0
5.69484	0.01021	100.175	0.841724	0
5.64895	0.0098545	98.4731	0.835928	0
5.63216	0.0098675	97.7055	0.853656	0
5.61176	0.00976886	97.1882	0.826042	0
5.58206	0.0100294	95.7363	0.837292	0
5.55494	0.0098928	95.1523	0.850929	0
5.52036	0.00971691	94.1176	0.848883	0
5.49157	0.00961326	93.1331	0.833201	0
5.475	0.00947807	92.4489	0.830815	0
5.45732	0.00975241	91.8315	0.837633	0
5.43287	0.00966684	89.9458	0.837633	0
5.41459	0.00939562	91.5978	0.841383	0
5.39134	0.00969103	90.9804	0.862861	0
5.36072	0.00955038	89.5786	0.855701	0
5.33148	0.00938905	87.8765	0.836951	0
5.30645	0.00948906	86.7418	0.848201	0
5.29675	0.00930433	86.9754	0.845133	0
5.2811	0.00890494	87.1423	0.820928	0
5.25291	0.00894591	84.7059	0.831496	0
5.2384	0.00915249	84.1719	0.843088	0
5.2226	0.0089409	83.7046	0.846497	0
5.21176	0.00898161	85.2065	0.82911	0
5.19854	0.00878861	83.5544	0.815473	0
5.16976	0.008755	82.8035	0.832178	0
5.14951	0.00881807	80.3004	0.830133	0
5.12749	0.00858405	80.4172	0.828087	0
5.10281	0.0084075	80.1001	0.832178	0
5.07439	0.00839047	78.8152	0.815132	0
5.06256	0.00834528	77.7138	0.82161	0
5.04404	0.00822426	76.7292	0.81036	0
5.02292	0.00823968	76.5123	0.816155	0
5.01283	0.00826621	75.6279	0.818882	0
5.00253	0.00807159	77.7138	0.814451	0
4.98178	0.00825248	74.8769	0.811041	0
4.96702	0.00818466	73.4919	0.824678	0
4.96029	0.00802152	75.1773	0.824678	0
4.94101	0.00806977	73.0914	0.814791	0
4.91994	0.00822049	72.0734	0.839337	0
4.90498	0.0079364	73.3917	0.81411	0
4.88268	0.00761128	69.8206	0.809337	0
4.86004	0.00781181	70.3212	0.79945	0
4.85578	0.0075298	70.5382	0.800132	0
4.84451	0.00750587	69.4201	0.809337	0
4.82685	0.007543	68.7693	0.792973	0
4.80947	0.00757343	67.5177	0.789223	0
4.79081	0.00738642	66.917	0.799791	0
4.76976	0.00743714	66.5999	0.799791	0
4.75661	0.00755464	65.9992	0.802859	0
4.75168	0.00740573	64.4139	0.802859	0
4.72984	0.00725091	63.5628	0.7882	0
4.71867	0.00729317	63.2123	0.778654	0
4.71903	0.00729402	63.3792	0.789564	0
4.70276	0.00735553	62.5115	0.788541	0
4.68895	0.00698925	62.4948	0.790927	0
4.69862	0.00713731	64.3471	0.775245	0
4.70529	0.00723238	63.229	0.816837	0
4.69146	0.00725943	63.8465	0.788882	0
4.68161	0.00701103	62.2278	0.7882	0
4.6874	0.0070849	61.8106	0.778313	0
4.67673	0.00715422	61.9608	0.777631	0
4.66328	0.00690582	62.9453	0.789564	0
4.65007	0.00707424	60.2253	0.794677	0
4.63809	0.00710818	61.2265	0.804564	0
4.63995	0.00716352	60.826	0.792973	0
4.63538	0.00716261	61.7605	0.791609	0
4.62619	0.00713718	61.1431	0.795018	0
4.60954	0.00678585	58.4564	0.772177	0
4.59201	0.00678306	58.957	0.783768	0
4.57988	0.00696929	56.3037	0.758199	0
4.57715	0.00684567	58.0893	0.787859	0
4.56606	0.00667479	57.6721	0.785132	0
4.54317	0.00666874	56.6208	0.774904	0
4.53129	0.00656243	56.5874	0.777972	0
4.53352	0.00659474	55.9366	0.760927	0
4.52504	0.00652842	55.9032	0.778654	0
4.50609	0.00630707	53.6671	0.758199	0
4.49597	0.0067155	52.7826	0.767404	0
4.48762	0.00654019	53.4335	0.763654	0
4.47418	0.00636332	53.7839	0.742858	0
4.46061	0.00620993	52.3488	0.750358	0
4.45062	0.00636937	52.5156	0.770472	0
4.43398	0.00633315	51.0638	0.76979	0
4.41383	0.00610114	48.6275	0.740812	0
4.40382	0.005972	49.879	0.740812	0
4.39453	0.00605322	49.1781	0.744222	0
4.38215	0.00573876	48.544	0.741153	0
4.36556	0.00582505	46.408	0.737744	0
4.35345	0.00587778	46.5916	0.729221	0
4.34863	0.00574975	45.5903	0.733312	0
4.33358	0.00576217	45.4068	0.74354	0
4.32621	0.00575755	45.9574	0.720698	0
4.31644	0.00565013	43.9216	0.726153	0
4.3038	0.00564129	43.6379	0.731267	0
4.30689	0.00565748	45.073	0.733994	0
4.29761	0.00550864	43.1373	0.719676	0
4.28042	0.00558842	43.1373	0.726494	0
4.27119	0.00552015	42.5031	0.712175	0
4.26761	0.00554193	42.3863	0.711494	0
4.2673	0.00563179	41.8189	0.729562	0
4.25045	0.00527442	39.9166	0.694448	0
4.23796	0.00521804	41.7522	0.70638	0
4.24259	0.00543386	40.4506	0.708425	0
4.23938	0.00539166	41.5853	0.710471	0
4.23075	0.00535544	40.8511	0.707744	0
4.21692	0.00517942	38.1477	0.701948	0
4.202	0.00514053	38.4647	0.688652	0
4.19853	0.00501536	38.3146	0.683879	0
4.19312	0.00513266	37.3967	0.680129	0
4.18505	0.00495463	38.6149	0.680129	0
4.18155	0.00498135	37.1131	0.676379	0
4.16637	0.00497946	35.995	0.66922	0
4.15449	0.00484655	35.8782	0.679788	0
4.15455	0.00499995	36.0451	0.676379	0
4.15831	0.00503272	36.9128	0.709789	0
4.15319	0.00489487	35.1439	0.686948	0
4.13977	0.00504169	35.2274	0.66547	0
4.12468	0.00469771	33.8423	0.664447	0
4.11743	0.00467853	33.9091	0.65797	0
4.11598	0.00468302	34.4597	0.658992	0
4.11237	0.00465675	33.6421	0.655583	0
4.10076	0.00470922	32.9412	0.663083	0
4.09364	0.0045109	32.6074	0.636833	0
4.0897	0.00455667	32.0567	0.650469	0
4.08454	0.00441817	32.3571	0.633424	0
4.08471	0.00452202	32.3905	0.656606	0
4.07783	0.00456214	31.8064	0.651833	0
4.06942	0.00443417	31.2557	0.641265	0
4.06818	0.00453379	30.9387	0.643992	0
4.06438	0.0044118	31.2891	0.642969	0
4.05447	0.00448463	29.8039	0.635469	0
4.05206	0.00439021	30.5382	0.627969	0
4.05708	0.00450192	30.3713	0.641606	0
4.04959	0.00442884	29.3867	0.631378	0
4.03904	0.00434918	29.4034	0.622514	0
4.03587	0.00424664	29.6537	0.623878	0
4.02916	0.00414195	28.4522	0.620128	0
4.02175	0.00416197	28.6191	0.614673	0
4.01704	0.00405527	28.3354	0.615696	0
4.01471	0.00411945	28.3187	0.60615	0
4.0147	0.00415879	28.7526	0.618764	0
4.01283	0.00419475	27.5344	0.627969	0
4.00444	0.00412049	28.6358	0.610582	0
4.004	0.00410553	27.8014	0.61706	0
4.00339	0.00417973	26.8002	0.599332	0
3.99405	0.00411756	27.501	0.619446	0
3.99303	0.00411327	27.3675	0.61365	0
3.98924	0.00402438	26.1827	0.586718	0
3.98067	0.0039933	26.7334	0.614332	0
3.98039	0.00408147	26.6166	0.597627	0
3.97348	0.00399714	25.2983	0.603764	0
3.96653	0.00397093	25.7989	0.597968	0
3.96294	0.00390877	25.1147	0.588082	0
3.95581	0.00396176	26.1494	0.610582	0
3.95205	0.00379562	24.6475	0.583991	0
3.95069	0.00384036	24.7309	0.575809	0
3.95115	0.00386371	24.831	0.593877	0
3.94579	0.00376948	24.4305	0.585354	0
3.93789	0.00379107	23.8131	0.570354	0
3.93425	0.00372787	24.0467	0.5799	0
3.93279	0.00371324	24.1135	0.580922	0
3.9314	0.00378925	23.763	0.568649	0
3.9232	0.0036527	21.9107	0.559445	0
3.91778	0.00362188	23.0455	0.568308	0
3.92301	0.00368749	23.2958	0.572059	0
3.91815	0.00364438	22.695	0.575468	0
3.90326	0.00368105	21.5269	0.558081	0
3.89571	0.0036118	21.7272	0.557399	0
3.89144	0.00351959	20.8928	0.531149	0
3.88655	0.00354424	20.8093	0.536944	0
3.88315	0.0034928	20.5924	0.548876	0
3.88085	0.00334533	20.9762	0.541376	0
3.87935	0.00335697	20.1919	0.539671	0
3.87585	0.00333759	19.6746	0.532171	0
3.8761	0.00340743	21.3934	0.555013	0
3.87593	0.0034229	19.5745	0.521603	0
3.86768	0.00341172	19.0905	0.530467	0
3.86101	0.0032552	18.7067	0.519898	0
3.85582	0.00321859	18.8068	0.522285	0
3.85034	0.00318933	18.6233	0.516148	0
3.84819	0.00327647	18.3563	0.514103	0
3.8468	0.00327218	17.5553	0.503193	0
3.8431	0.00320188	18.7401	0.525353	0
3.83921	0.00324538	17.6387	0.517512	0
3.83116	0.00314674	17.3217	0.492966	0
3.83215	0.0032067	17.7055	0.50933	0
3.83457	0.00316339	17.2549	0.505239	0
3.83193	0.00309245	17.305	0.500125	0
3.83296	0.0031037	17.7388	0.517512	0
3.83201	0.00314317	17.4051	0.501489	0
3.82476	0.00304563	17.572	0.505239	0
3.82166	0.00301884	16.7042	0.491602	0
3.818	0.00299504	16.2703	0.490579	0
3.81054	0.00293366	15.6696	0.491602	0
3.8085	0.00303093	15.9032	0.496375	0
3.80665	0.00297222	15.753	0.49808	0
3.80247	0.00294419	16.2036	0.47967	0
3.80042	0.00293158	15.9199	0.486829	0
3.7963	0.00296389	15.3358	0.474556	0
3.79309	0.00296929	14.8686	0.469784	0
3.79612	0.0029319	15.703	0.485807	0
3.79589	0.00294549	14.9687	0.480693	0
3.79089	0.00285231	15.9533	0.487511	0
3.79259	0.00306351	15.3191	0.482057	0
3.79066	0.00287676	14.7184	0.482397	0
3.7876	0.00287591	15.8698	0.477284	0
3.78832	0.00287175	15.1356	0.469102	0
3.78755	0.00287578	14.9353	0.471147	0
3.78574	0.00284867	14.2845	0.451715	0
3.78098	0.00280926	15.4693	0.47592	0
3.77213	0.00281193	14.1343	0.454442	0
3.76328	0.00273234	13.7505	0.445578	0
3.76481	0.00278208	13.3333	0.45717	0
3.76698	0.00285992	13.617	0.454783	0
3.76337	0.00272688	14.3346	0.463988	0
3.7628	0.00268162	13.1164	0.439783	0
3.76353	0.00272493	13.6337	0.456147	0
3.76142	0.00272863	13.2165	0.452397	0
3.76261	0.00276583	13.6504	0.454783	0
3.75606	0.00269215	12.3821	0.437737	0
3.74509	0.00260645	12.3321	0.439442	0
3.74344	0.00256152	11.9149	0.425805	0
3.74269	0.00253922	12.2153	0.433987	0
3.73888	0.00253336	12.0484	0.427169	0
3.73501	0.00247322	11.698	0.433987	0
3.73384	0.00249786	12.2153	0.434669	0
3.72998	0.0025809	11.5478	0.428192	0
3.72589	0.00247842	11.2641	0.415237	0
3.72426	0.00245312	11.1139	0.413191	0
3.72195	0.00238485	11.3308	0.411828	0
3.71938	0.00239096	10.3129	0.400236	0
3.71602	0.00242776	10.2628	0.400918	0
3.71514	0.00237106	10.3296	0.402282	0
3.71565	0.00232847	10.6466	0.400577	0
3.71579	0.0023526	10.0793	0.392736	0
3.71524	0.00236801	10.3129	0.407737	0
3.713	0.00244298	10.2962	0.399214	0
3.70737	0.00231846	9.94577	0.389327	0
3.70554	0.00233517	9.64539	0.395123	0
3.69709	0.00227977	8.49395	0.367508	0
3.68889	0.0022336	9.24489	0.386259	0
3.68905	0.00218041	8.62745	0.369895	0
3.68596	0.00208144	7.70964	0.343303	0
3.68349	0.00215089	8.46058	0.372281	0
3.68503	0.00212624	8.32708	0.36069	0
3.68503	0.00216266	8.1602	0.363758	0
3.68195	0.00211486	7.70964	0.349781	0
3.67904	0.00206167	8.0267	0.355917	0
3.67759	0.00204022	7.37589	0.342962	0
3.67632	0.0020222	7.7597	0.348758	0
3.67423	0.00205556	7.92657	0.350463	0
3.67237	0.00198527	7.50939	0.346031	0
3.67239	0.00203449	7.15895	0.333758	0
3.669	0.00202259	6.97539	0.333417	0
3.66732	0.00198189	7.6262	0.347735	0
3.66984	0.00198514	7.70964	0.348076	0
3.67217	0.00206785	7.90989	0.359667	0
3.6729	0.0021081	6.99207	0.347735	0
3.67065	0.001975	7.65957	0.34569	0
3.6714	0.00203638	7.47601	0.348758	0
3.67317	0.00208359	7.72632	0.351485	0
3.67251	0.00206506	7.72632	0.35694	0
3.67444	0.00212852	7.94326	0.359326	0
3.67522	0.00208658	7.87651	0.355917	0
3.67421	0.00212982	7.74301	0.344667	0
3.6717	0.00207416	7.72632	0.351485	0
3.67096	0.00208385	7.42595	0.33478	0
3.66954	0.00210713	7.95995	0.351826	0
3.66803	0.00208027	7.85982	0.350463	0
3.66703	0.00202455	7.85982	0.351144	0
3.66661	0.00209835	7.60951	0.348076	0
3.6643	0.00212384	7.8932	0.35694	0
3.65785	0.00198755	6.6917	0.32353	0
3.65449	0.00194365	6.74176	0.322848	0
3.65517	0.00190588	6.89195	0.335462	0
3.65258	0.00190867	6.62495	0.326598	0
3.64399	0.00189586	6.04088	0.303757	0
3.63955	0.00182303	5.77388	0.306143	0
3.63876	0.00176841	5.27326	0.291143	0
3.63847	0.00179488	5.92407	0.313303	0
3.63402	0.00172368	5.0897	0.292166	0
3.6297	0.00170222	4.93951	0.278188	0
3.62638	0.00167621	4.75594	0.266597	0
3.62256	0.00157451	4.42219	0.268983	0
3.62202	0.0016199	4.42219	0.271029	0
3.62124	0.00161164	4.12182	0.256029	0
3.62136	0.00164591	4.75594	0.280916	0
3.62304	0.00164155	4.50563	0.272052	0
3.62104	0.00154557	4.05507	0.255688	0
3.6192	0.00160318	4.42219	0.26387	0
3.62186	0.00160305	4.58907	0.276143	0
3.62052	0.0015881	4.02169	0.24921	0
3.61713	0.00152451	4.03838	0.256029	0
3.61772	0.00157731	3.92157	0.250915	0
3.61789	0.0015327	3.82144	0.256029	0
3.61887	0.00154973	4.33876	0.265915	0
3.61636	0.0015855	4.18857	0.265233	0
3.61314	0.00154538	4.12182	0.258415	0
3.61462	0.00155682	4.23863	0.26012	0
3.61631	0.00157308	4.27201	0.264211	0
3.6157	0.00156586	4.22194	0.264211	0
3.61861	0.00159499	5.18982	0.279552	0
3.62086	0.00168317	4.48894	0.275802	0
3.62369	0.00172394	5.42345	0.296257	0
3.62697	0.00172589	5.23988	0.288416	0
3.62663	0.00171464	4.9562	0.28637	0
3.62423	0.00169845	4.87276	0.284325	0
3.62382	0.00169864	5.15645	0.284666	0
3.62065	0.00166405	5.0897	0.283302	0
3.61572	0.00160208	4.78932	0.276484	0
3.61305	0.00164318	4.48894	0.265233	0
3.61341	0.00165599	4.75594	0.274779	0
3.61019	0.00160332	4.33876	0.267961	0
3.60534	0.00158608	3.98832	0.257051	0
3.60453	0.00152652	3.63788	0.239665	0
3.60009	0.00149206	3.63788	0.242051	0
3.59702	0.00146299	3.40426	0.241028	0
3.59558	0.00140447	3.15394	0.226369	0
3.59294	0.00135603	2.83688	0.215119	0
3.59151	0.00135531	2.60325	0.206937	0
3.59091	0.00129705	2.67	0.209323	0
3.59153	0.00128307	2.92032	0.217846	0
3.59166	0.00133437	2.68669	0.211368	0
3.58996	0.00127897	2.46975	0.2008	0
3.58706	0.00128775	2.68669	0.211368	0
3.58705	0.00128768	2.15269	0.191936	0
3.58625	0.00125706	2.36963	0.198755	0
3.585	0.00124555	2.33625	0.196027	0
3.58432	0.00125348	2.45307	0.198755	0
3.58112	0.00120068	1.98582	0.178981	0
3.58221	0.0011843	2.20275	0.189209	0
3.58362	0.00122903	2.65332	0.208641	0
3.58179	0.00123423	2.136	0.186822	0
3.57891	0.0011856	1.80225	0.172845	0
3.58059	0.00121213	2.16938	0.186482	0
3.58121	0.00120855	2.05257	0.184777	0
3.57866	0.00115777	2.01919	0.183413	0
3.58015	0.00115419	1.96913	0.180004	0
3.58067	0.00121395	2.30288	0.196027	0
3.57947	0.00121018	2.56988	0.20455	0
3.57947	0.00127097	2.15269	0.1858	0
3.57754	0.00120842	1.96913	0.180004	0
3.57656	0.00120679	1.93575	0.176936	0
3.57663	0.00119437	1.90238	0.175572	0
3.57548	0.00114411	1.602	0.16364	0
3.57475	0.0011631	1.91907	0.174549	0
3.57524	0.00115074	1.95244	0.175913	0
3.57705	0.0011973	2.0025	0.181368	0
3.57685	0.00118651	2.18607	0.188868	0
3.57508	0.00120322	2.20275	0.192277	0
3.57476	0.0011698	1.81894	0.173527	0
3.57462	0.00121193	2.30288	0.197391	0
3.57519	0.00117974	2.15269	0.190232	0
3.57441	0.00117032	1.88569	0.17489	0
3.57053	0.00114665	1.71882	0.170799	0
3.57113	0.00117864	1.95244	0.180686	0
3.57238	0.00116056	2.03588	0.182731	0
3.56949	0.00114671	1.85232	0.17489	0
3.57008	0.00122539	1.98582	0.183754	0
3.57291	0.00120666	2.20275	0.192277	0
3.57037	0.00115289	1.95244	0.179322	0
3.5695	0.00113098	2.0025	0.179663	0
3.57024	0.00114626	1.76888	0.17114	0
3.57007	0.00115139	1.81894	0.173527	0
3.56972	0.00114034	1.80225	0.17114	0
3.56973	0.00113702	1.91907	0.176254	0
3.56893	0.00116667	1.91907	0.179322	0
3.56946	0.00122214	2.11932	0.186141	0
3.56853	0.00117474	1.75219	0.168754	0
3.56776	0.00112395	1.91907	0.176254	0
3.56768	0.00112818	1.7355	0.169777	0
3.56707	0.00113826	1.7355	0.169777	0
3.56608	0.00116843	1.81894	0.173527	0
3.56486	0.00109059	1.70213	0.168413	0
3.56594	0.00116492	1.95244	0.182391	0
3.56562	0.00113299	1.70213	0.165004	0
3.56317	0.00110529	1.70213	0.166708	0
3.56389	0.00109521	1.7355	0.168072	0
3.56435	0.00109996	1.53525	0.158867	0
3.56205	0.00110497	1.83563	0.177277	0
3.56224	0.00111056	1.63538	0.16364	0
3.56351	0.00111986	1.51856	0.157845	0
3.56327	0.00107343	1.48519	0.158185	0
3.56335	0.00110262	1.93575	0.183072	0
3.56159	0.0011207	1.78557	0.172163	0
3.56131	0.00112064	1.65207	0.166027	0
3.56079	0.00108747	1.53525	0.160572	0
3.56021	0.00109378	1.56863	0.158526	0
3.55909	0.00107115	1.50188	0.157163	0
3.55948	0.00111719	1.41844	0.153072	0
3.56152	0.00112265	1.869	0.177277	0
3.56197	0.00112467	1.80225	0.17114	0
3.55871	0.00111108	1.70213	0.168413	0
3.55812	0.00102804	1.41844	0.153072	0
3.56128	0.00112909	1.88569	0.17489	0
3.5617	0.00114944	1.63538	0.16364	0
3.55935	0.00116349	1.78557	0.175231	0
3.55909	0.00110158	1.68544	0.166027	0
3.55875	0.00109846	1.65207	0.164322	0
3.55683	0.00110217	1.38506	0.151367	0
3.5557	0.00105191	1.43513	0.153754	0
3.55617	0.00108357	1.45181	0.154776	0
3.55491	0.00100281	1.26825	0.145231	0
3.55536	0.00105802	1.4685	0.155458	0
3.55747	0.00110158	1.48519	0.154435	0
3.55694	0.00106459	1.56863	0.160231	0
3.55579	0.00106231	1.43513	0.152049	0
3.55514	0.00103487	1.30163	0.14489	0
3.55523	0.00107284	1.61869	0.160913	0
3.55579	0.00107193	1.68544	0.164322	0
3.55467	0.00106491	1.335	0.14864	0
3.55585	0.00109697	1.41844	0.154776	0
3.55594	0.00107466	1.68544	0.166027	0
3.55422	0.00103584	1.35169	0.147617	0
3.55509	0.00111433	1.51856	0.157845	0
3.55529	0.00115263	1.76888	0.17114	0
3.55278	0.00109502	1.335	0.14864	0
3.55096	0.00102485	1.28494	0.144208	0
3.55124	0.00100561	1.25156	0.144208	0
3.55109	0.00101972	1.31831	0.145912	0
3.55197	0.00103643	1.28494	0.147958	0
3.55269	0.00104527	1.31831	0.147617	0
3.55234	0.00104345	1.41844	0.151026	0
3.55119	0.00105639	1.21819	0.140458	0
3.55044	0.0010348	1.15144	0.136708	0
3.55123	0.00101302	1.23488	0.141481	0
3.55236	0.00104326	1.18481	0.140458	0
3.5513	0.00108162	1.48519	0.15989	0
3.54999	0.00101224	1.13475	0.135685	0
3.54966	0.00104761	1.36838	0.14864	0
3.54983	0.00108	1.48519	0.15614	0
3.54864	0.00100567	1.31831	0.145912	0
3.54734	0.00101068	1.08469	0.132617	0
3.54873	0.00101517	1.45181	0.154776	0
3.54865	0.00100944	1.25156	0.144208	0
3.54788	0.0010469	1.10138	0.13773	0
3.54782	0.00104898	1.56863	0.158526	0
3.54785	0.00102986	1.335	0.146935	0
3.54913	0.00106192	1.45181	0.154776	0
3.54787	0.00103207	1.05131	0.130571	0
3.5473	0.0010127	1.36838	0.14864	0
3.54837	0.00106459	1.38506	0.151367	0
3.54867	0.00108305	1.50188	0.157163	0
3.54613	0.00105412	1.23488	0.141481	0
3.54557	0.00103227	1.03463	0.13398	0
3.54657	0.00101946	1.18481	0.140458	0
3.54591	0.000988441	1.05131	0.130571	0
3.54469	0.00100028	1.18481	0.138412	0
3.54519	0.00100964	1.15144	0.136708	0
3.54514	0.00100977	1.00125	0.129889	0
3.54196	0.000943704	0.801001	0.114548	0
3.54205	0.000958465	1.05131	0.135003	0
3.54546	0.0010084	1.03463	0.131935	0
3.54563	0.00100275	1.28494	0.145912	0
3.54451	0.000991497	1.08469	0.132617	0
3.54532	0.00099761	1.15144	0.138753	0
3.54495	0.00101361	1.16813	0.139435	0
3.54397	0.00100457	1.08469	0.134662	0
3.54292	0.000963277	1.03463	0.129548	0
3.5437	0.000966983	1.11806	0.134662	0
3.54416	0.000981613	1.03463	0.131935	0
3.54395	0.00103272	1.36838	0.15239	0
3.54357	0.00101094	1.11806	0.136708	0
3.54358	0.00099826	1.38506	0.149322	0
3.54439	0.00101608	1.11806	0.136708	0
3.54363	0.00101003	1.16813	0.13773	0
3.54357	0.00105347	1.30163	0.14489	0
3.54356	0.0010335	1.08469	0.132617	0
3.54256	0.000998585	1.15144	0.136708	0
3.54205	0.00098688	1.11806	0.136708	0
3.54153	0.000973225	0.967877	0.125457	0
3.54255	0.00100002	1.05131	0.130571	0
3.54202	0.00097355	1.21819	0.144208	0
3.54077	0.000987011	1.01794	0.128526	0
3.5402	0.000978492	1.10138	0.135685	0
3.54018	0.000993708	0.951189	0.124435	0
3.53976	0.000957099	1.068	0.13398	0
3.54011	0.00100281	1.26825	0.145231	0
3.54139	0.000994033	0.917814	0.122389	0
3.54097	0.00101315	1.28494	0.145912	0
3.53956	0.000981874	0.934501	0.123412	0
3.53891	0.000972315	1.16813	0.139435	0
3.53919	0.00098675	1.13475	0.135685	0
3.54111	0.000954303	1.00125	0.129889	0
3.53987	0.000963927	1.11806	0.138753	0
3.54051	0.00101829	1.18481	0.138412	0
3.53969	0.000989091	0.901126	0.121366	0
3.53784	0.000977322	1.30163	0.146935	0
3.53916	0.000971535	0.834376	0.116935	0
3.5387	0.000961911	0.867751	0.123753	0
3.53791	0.000997284	1.13475	0.13773	0
3.53826	0.00099865	1.03463	0.129548	0
3.53738	0.000969974	1.068	0.131594	0
3.53808	0.000978362	0.967877	0.125457	0
3.5394	0.00099826	1.13475	0.13773	0
3.53848	0.000973095	1.05131	0.130571	0
3.53612	0.000935381	0.801001	0.116935	0
3.53676	0.000952092	0.934501	0.123412	0
3.5378	0.000931219	0.951189	0.124435	0
3.53799	0.000938242	1.2015	0.141481	0
3.53855	0.000952873	1.00125	0.129889	0
3.538	0.000968023	1.05131	0.130571	0
3.53751	0.000923221	1.00125	0.127503	0
3.53706	0.000947736	0.934501	0.123412	0
3.53613	0.000973485	0.917814	0.126821	0
3.53561	0.000934406	0.784314	0.113184	0
3.53536	0.00095879	0.884439	0.120003	0
3.53756	0.00097368	0.967877	0.127844	0
3.53737	0.000954563	0.967877	0.125457	0
3.53438	0.000921986	0.934501	0.123412	0
3.53631	0.000953848	0.984564	0.12648	0
3.53545	0.000942794	0.901126	0.125798	0
3.53421	0.00091906	0.834376	0.116935	0
3.53653	0.000951442	0.834376	0.11898	0
3.5364	0.000922831	1.01794	0.128526	0
3.53633	0.000955083	0.934501	0.123412	0
3.5359	0.000926342	0.951189	0.124435	0
3.53413	0.000917759	0.767626	0.112162	0
3.53296	0.000919515	0.784314	0.113184	0
3.53368	0.000876078	0.650814	0.103298	0
3.53489	0.000934536	1.03463	0.129548	0
3.5355	0.000938242	0.817689	0.115571	0
3.53359	0.00095801	1.00125	0.127503	0
3.53399	0.0009716	0.867751	0.11898	0
3.53467	0.000957489	0.817689	0.117957	0
3.53393	0.000948126	0.901126	0.121366	0
3.53428	0.000926863	0.851064	0.117957	0
3.53428	0.000966268	0.884439	0.122389	0
3.53362	0.000938762	0.817689	0.117957	0
3.5343	0.000925497	0.784314	0.113184	0
3.53504	0.000953653	0.851064	0.120344	0
3.53568	0.000965422	1.068	0.131594	0
3.53496	0.000934666	0.967877	0.129889	0
3.53288	0.00093356	1.01794	0.132958	0
3.53267	0.000954953	0.784314	0.117957	0
3.53345	0.000954498	0.917814	0.122389	0
3.53244	0.000901243	0.750939	0.110798	0
3.53356	0.000896496	0.750939	0.110798	0
3.53272	0.000917499	0.750939	0.110798	0
3.53268	0.000910997	0.750939	0.110798	0
3.53423	0.000939542	1.00125	0.131935	0
3.53384	0.000950597	0.851064	0.122389	0
3.53158	0.000915743	0.834376	0.116935	0
3.53275	0.000915613	0.700876	0.107048	0
3.53357	0.000967178	1.01794	0.128526	0
3.53364	0.000904884	0.834376	0.121366	0
3.5327	0.000930829	0.917814	0.122389	0
3.53048	0.000925497	0.717564	0.108412	0
3.52959	0.000871657	0.567376	0.0964795	0
3.53173	0.000906705	0.884439	0.120003	0
3.53226	0.000910606	0.917814	0.122389	0
3.53171	0.000921466	1.01794	0.128526	0
3.5308	0.000862033	0.550688	0.0951158	0
3.53065	0.000917174	0.834376	0.121366	0
3.53244	0.000943249	0.834376	0.121366	0
3.53218	0.000893115	0.817689	0.115571	0
3.53113	0.000891294	0.617438	0.10057	0
3.53112	0.00086782	0.650814	0.103298	0
3.53284	0.00090781	0.884439	0.120003	0
3.53186	0.000878159	0.617438	0.10057	0
3.53028	0.000875623	0.750939	0.110798	0
3.53128	0.000886352	0.734251	0.109775	0
3.53143	0.000895911	0.851064	0.120344	0
3.53039	0.000916264	0.700876	0.107048	0
3.53093	0.000946175	1.01794	0.130912	0
3.53159	0.000917499	0.667501	0.104661	0
3.53006	0.000934145	0.884439	0.120003	0
3.53001	0.000921206	0.717564	0.108412	0
3.52975	0.000876208	0.717564	0.108412	0
3.52903	0.000875168	0.517313	0.0923885	0
3.52965	0.000878094	0.617438	0.10057	0
3.5325	0.000910802	0.951189	0.126821	0
3.53221	0.000938827	0.801001	0.116935	0
3.53031	0.000896951	0.984564	0.12648	0
3.52959	0.000891424	0.684189	0.106025	0
3.52936	0.000885377	0.684189	0.106025	0
3.53016	0.000886352	0.801001	0.114548	0
3.5291	0.00091984	0.650814	0.103298	0
3.52872	0.000896106	0.817689	0.115571	0
3.52864	0.000915873	0.617438	0.103639	0
3.5288	0.000873412	0.817689	0.115571	0
3.53	0.000883361	0.667501	0.107389	0
3.53027	0.00086717	0.750939	0.110798	0
3.53012	0.000900203	0.817689	0.120344	0
3.52984	0.000897211	0.550688	0.0951158	0
3.52949	0.000929789	0.851064	0.120344	0
3.53091	0.000897537	0.634126	0.101934	0
3.53013	0.000904624	0.867751	0.11898	0
3.52955	0.000895651	0.834376	0.11898	0
3.5287	0.000891554	0.817689	0.115571	0
3.52859	0.00089253	0.567376	0.0964795	0
3.52728	0.000873542	0.700876	0.107048	0
3.52591	0.000836933	0.350438	0.0797746	0
3.5282	0.000847077	0.700876	0.107048	0
3.52874	0.000851109	0.567376	0.0964795	0
3.52825	0.000889799	0.767626	0.112162	0
3.52866	0.000838364	0.634126	0.101934	0
3.52924	0.000871787	0.717564	0.113525	0
3.52842	0.000862488	0.834376	0.116935	0
3.52796	0.000848703	0.617438	0.10057	0
3.52981	0.000892269	0.817689	0.117957	0
3.52886	0.000876143	0.667501	0.104661	0
3.52712	0.000885312	0.584063	0.0981841	0
3.52772	0.000874583	0.767626	0.114548	0
3.52748	0.000869836	0.600751	0.102275	0
3.52788	0.000852279	0.700876	0.107048	0
3.52763	0.000872892	0.750939	0.115912	0
3.52799	0.000871722	0.617438	0.10057	0
3.52708	0.000862748	0.467251	0.0879566	0
3.52703	0.000856506	0.750939	0.110798	0
3.52893	0.000906575	0.834376	0.116935	0
3.52862	0.000891749	0.634126	0.101934	0
3.52849	0.000907225	0.634126	0.101934	0
3.52811	0.000906965	0.550688	0.0951158	0
3.52754	0.000869511	0.684189	0.106025	0
3.5279	0.000865479	0.517313	0.0954567	0
3.52913	0.000936226	0.700876	0.107048	0
3.52784	0.000894025	0.584063	0.0981841	0
3.52733	0.00087933	0.584063	0.0981841	0
3.52656	0.000847793	0.550688	0.0951158	0
3.52684	0.00090755	0.717564	0.108412	0
3.52855	0.000897146	0.634126	0.101934	0
3.52839	0.000882061	0.801001	0.114548	0
3.52702	0.00088128	0.433876	0.0845474	0
3.52627	0.000830106	0.584063	0.0981841	0
3.5268	0.00084155	0.550688	0.0951158	0
3.52704	0.000834528	0.550688	0.0951158	0
3.52827	0.00083986	0.667501	0.104661	0
3.52811	0.000826529	0.550688	0.0951158	0
3.52635	0.000858977	0.483938	0.0893202	0
3.52738	0.000832447	0.717564	0.108412	0
3.52897	0.000866195	0.617438	0.10057	0
3.52798	0.000901373	0.717564	0.108412	0
3.52664	0.000860472	0.734251	0.109775	0
3.52664	0.000883946	0.584063	0.100911	0
3.52593	0.000845712	0.617438	0.10057	0
3.52653	0.000848508	0.534001	0.0968204	0
3.52688	0.000851954	0.617438	0.10057	0
3.52657	0.000826009	0.567376	0.0995477	0
3.52691	0.000857611	0.784314	0.115571	0
3.52741	0.000857091	0.634126	0.101934	0
3.52716	0.000868015	0.700876	0.107048	0
3.52676	0.000856506	0.550688	0.0951158	0
3.52677	0.00089279	0.567376	0.0964795	0
3.52668	0.000831927	0.517313	0.0923885	0
3.5249	0.000831016	0.467251	0.0879566	0
3.52553	0.000850003	0.567376	0.0964795	0
3.52634	0.000860863	0.634126	0.104661	0
3.52619	0.00082835	0.534001	0.0968204	0
3.52739	0.000864374	0.634126	0.101934	0
3.52671	0.000882451	0.634126	0.101934	0
3.52558	0.000857806	0.584063	0.0981841	0
3.52697	0.000861058	0.534001	0.0968204	0
3.52671	0.000859952	0.600751	0.0995477	0
3.52696	0.000849353	0.667501	0.104661	0
3.52592	0.000861513	0.584063	0.0981841	0
3.52546	0.000816971	0.567376	0.0964795	0
3.52612	0.000835893	0.600751	0.0995477	0
3.52697	0.000844801	0.667501	0.104661	0
3.52747	0.000860733	0.584063	0.0981841	0
3.52674	0.000866	0.617438	0.10057	0
3.52641	0.000831211	0.684189	0.106025	0
3.5262	0.000853515	0.717564	0.108412	0
3.52692	0.000858132	0.750939	0.110798	0
3.52648	0.000832772	0.500626	0.0906839	0
3.52686	0.000848508	0.600751	0.0995477	0
3.52736	0.000829586	0.667501	0.107389	0
3.52624	0.000811314	0.534001	0.0937522	0
3.52587	0.00082809	0.517313	0.0923885	0
3.52748	0.00086717	0.634126	0.101934	0
3.52601	0.000837714	0.534001	0.0937522	0
3.52531	0.000824579	0.500626	0.0906839	0
3.52665	0.000878224	0.667501	0.104661	0
3.52683	0.000824449	0.500626	0.0906839	0
3.52356	0.000819962	0.467251	0.0879566	0
3.52551	0.000849353	0.467251	0.0910248	0
3.52635	0.000846817	0.483938	0.0893202	0
3.52577	0.000838169	0.500626	0.0906839	0
3.52521	0.000804226	0.417188	0.086252	0
3.52671	0.000809233	0.584063	0.0981841	0
3.52681	0.000850068	0.600751	0.0995477	0
3.52693	0.00081411	0.467251	0.0879566	0
3.52509	0.000834332	0.534001	0.0968204	0
3.52683	0.000859432	0.667501	0.104661	0
3.52669	0.000849093	0.500626	0.0906839	0
3.52573	0.000858262	0.600751	0.0995477	0
3.52614	0.000843826	0.567376	0.0964795	0
3.52485	0.000836153	0.500626	0.0906839	0
3.52393	0.000830756	0.433876	0.0845474	0
3.52451	0.000842135	0.383813	0.0797746	0
3.52463	0.000812874	0.617438	0.10057	0
3.52479	0.000807477	0.333751	0.0743199	0
3.52539	0.000836738	0.634126	0.101934	0
3.52594	0.000835763	0.483938	0.0893202	0
3.52597	0.000795123	0.417188	0.0831837	0
3.52599	0.000802405	0.400501	0.0814791	0
3.52646	0.0008409	0.634126	0.101934	0
3.52699	0.000846752	0.550688	0.0951158	0
3.52612	0.000861643	0.634126	0.101934	0
3.52594	0.000814565	0.450563	0.0893202	0
3.52531	0.000815085	0.483938	0.0893202	0
3.52483	0.000802795	0.400501	0.0814791	0
3.52529	0.000840315	0.650814	0.106025	0
3.52572	0.000806047	0.350438	0.0760245	0
3.52508	0.000794082	0.517313	0.0923885	0
3.52576	0.000805396	0.367126	0.07807	0
3.52644	0.000833422	0.667501	0.104661	0
3.52726	0.00086639	0.517313	0.0954567	0
3.5257	0.000808127	0.433876	0.0845474	0
3.5267	0.000804876	0.417188	0.0831837	0
3.52545	0.000802926	0.400501	0.0814791	0
3.52534	0.000793042	0.400501	0.0814791	0
3.52565	0.000816906	0.550688	0.0951158	0
3.52487	0.000803966	0.400501	0.0814791	0
3.52485	0.000825424	0.550688	0.0951158	0
3.52492	0.000831862	0.483938	0.0893202	0
3.52535	0.000794407	0.500626	0.0906839	0
3.52576	0.000827895	0.667501	0.107389	0
3.52651	0.000867755	0.534001	0.0937522	0
3.52536	0.000850198	0.467251	0.0879566	0
3.52522	0.000842526	0.483938	0.0893202	0
3.52696	0.000862553	0.617438	0.10057	0
3.52561	0.000808518	0.600751	0.0995477	0
3.52553	0.000849418	0.517313	0.0923885	0
3.52615	0.000857026	0.417188	0.086252	0
3.52702	0.000856636	0.500626	0.0906839	0
3.52629	0.000834918	0.417188	0.0831837	0
3.5253	0.00080169	0.584063	0.0981841	0
3.52538	0.00081476	0.500626	0.0906839	0
3.5251	0.000835373	0.433876	0.0845474	0
3.52556	0.00082783	0.483938	0.0893202	0
3.52574	0.00080234	0.517313	0.0923885	0
3.5251	0.000794212	0.267	0.0664788	0
3.52602	0.000795188	0.417188	0.0831837	0
3.52598	0.000790636	0.400501	0.0814791	0
3.52596	0.000827375	0.417188	0.0831837	0
3.52702	0.000835958	0.550688	0.0951158	0
3.52796	0.000832382	0.534001	0.0937522	0
3.52699	0.000827765	0.483938	0.0893202	0
3.52526	0.000774705	0.350438	0.0760245	0
3.52531	0.00078836	0.383813	0.0797746	0
3.52567	0.000821067	0.483938	0.0893202	0
3.52576	0.00077516	0.283688	0.0685243	0
3.52545	0.000796553	0.383813	0.0797746	0
3.52598	0.000806762	0.417188	0.0831837	0
3.52554	0.000799869	0.534001	0.0937522	0
3.52608	0.000808388	0.267	0.0664788	0
3.5253	0.000823343	0.500626	0.0906839	0
3.52593	0.000842005	0.517313	0.0923885	0
3.5269	0.000811964	0.534001	0.0937522	0
3.52611	0.000830626	0.550688	0.0951158	0
3.52545	0.000834918	0.534001	0.0937522	0
3.52582	0.000834853	0.283688	0.0685243	0
3.52622	0.000816906	0.500626	0.0906839	0
3.52596	0.000816646	0.417188	0.086252	0
3.52654	0.000823863	0.500626	0.0906839	0
3.52634	0.000846947	0.367126	0.07807	0
3.52533	0.000794862	0.567376	0.0964795	0
3.52624	0.000796293	0.333751	0.0743199	0
3.5267	0.000811119	0.317063	0.0726153	0
3.52676	0.000804161	0.433876	0.0845474	0
3.5266	0.000812354	0.483938	0.0893202	0
3.52588	0.000775615	0.350438	0.0760245	0
3.5265	0.000805201	0.534001	0.0937522	0
3.52722	0.000813785	0.550688	0.0951158	0
3.52732	0.000808388	0.450563	0.086252	0
3.5265	0.0008158	0.433876	0.0845474	0
3.52541	0.000796618	0.383813	0.0797746	0
3.52552	0.000779452	0.267	0.0664788	0
3.52513	0.000782248	0.350438	0.0760245	0
3.5263	0.000799089	0.467251	0.0910248	0
3.52734	0.000843696	0.517313	0.0923885	0
3.52671	0.000842721	0.433876	0.0845474	0
3.52547	0.000798504	0.267	0.0664788	0
3.52573	0.000778021	0.267	0.0664788	0
3.52682	0.000803056	0.483938	0.0893202	0
3.5275	0.000822498	0.483938	0.0893202	0
3.52705	0.000835178	0.450563	0.086252	0
3.52601	0.000760985	0.250313	0.0644333	0
3.52568	0.000763911	0.300375	0.0705698	0
3.52729	0.000819312	0.450563	0.086252	0
3.52703	0.000790636	0.350438	0.0797746	0
3.52703	0.000824254	0.550688	0.0951158	0
3.52759	0.000812289	0.400501	0.0814791	0
3.5268	0.000831471	0.600751	0.0995477	0
3.52704	0.000820742	0.450563	0.086252	0
3.52691	0.000781402	0.383813	0.0831837	0
3.52699	0.00080169	0.267	0.0664788	0
3.52757	0.000820742	0.550688	0.0951158	0
3.52718	0.000792326	0.400501	0.0814791	0
3.52726	0.000819767	0.400501	0.0814791	0
3.52796	0.000790766	0.400501	0.0814791	0
3.52738	0.000816451	0.650814	0.103298	0
3.52694	0.000794082	0.367126	0.07807	0
3.52695	0.000784133	0.417188	0.0831837	0
3.52665	0.000792457	0.534001	0.0937522	0
3.52651	0.000810208	0.350438	0.0760245	0
3.52665	0.000800129	0.500626	0.0906839	0
3.52556	0.000772494	0.300375	0.0705698	0
3.52561	0.000767487	0.350438	0.0760245	0
3.52637	0.000785629	0.333751	0.0743199	0
3.5273	0.000795448	0.417188	0.0831837	0
3.5267	0.000766642	0.267	0.0664788	0
3.52677	0.000804226	0.367126	0.07807	0
3.52854	0.000817166	0.383813	0.0797746	0
3.52875	0.00080221	0.517313	0.0923885	0
3.52747	0.000804161	0.283688	0.0685243	0
3.5279	0.000831927	0.517313	0.0923885	0
3.52834	0.000796618	0.350438	0.0760245	0
3.52739	0.000798764	0.383813	0.0797746	0
3.52768	0.000808583	0.567376	0.0964795	0
3.52778	0.000792066	0.400501	0.0814791	0
3.52686	0.000789595	0.400501	0.0814791	0
3.52745	0.000798049	0.300375	0.0705698	0
3.52802	0.000821067	0.333751	0.07807	0
3.52715	0.000793237	0.333751	0.0743199	0
3.52719	0.000778281	0.250313	0.0644333	0
3.52847	0.000796683	0.517313	0.0923885	0
3.52833	0.000772299	0.267	0.0664788	0
3.52812	0.000791286	0.383813	0.0797746	0
3.52836	0.000811509	0.400501	0.0845474	0
3.52862	0.00080195	0.300375	0.0705698	0
3.52716	0.000756758	0.267	0.0664788	0
3.52699	0.000761505	0.317063	0.0726153	0
3.52772	0.000794927	0.433876	0.0879566	0
3.52801	0.000806697	0.333751	0.0743199	0
3.52818	0.000798439	0.383813	0.0797746	0
3.52704	0.000806112	0.433876	0.0845474	0
3.52782	0.000773339	0.183563	0.0552285	0
3.5279	0.000778021	0.467251	0.0879566	0
3.52832	0.00078953	0.183563	0.0552285	0
3.52796	0.000795123	0.400501	0.0814791	0
3.52857	0.000783678	0.333751	0.0743199	0
3.52995	0.000817491	0.417188	0.0831837	0
3.52863	0.000782248	0.333751	0.0743199	0
3.52779	0.000774705	0.383813	0.0797746	0
3.52771	0.000778801	0.350438	0.0760245	0
3.52873	0.000786734	0.300375	0.0705698	0
3.52904	0.000788035	0.283688	0.0726153	0
3.52785	0.000816321	0.350438	0.0760245	0
3.5282	0.000791221	0.383813	0.0797746	0
3.52831	0.000762415	0.233625	0.0623878	0
3.52778	0.00078927	0.433876	0.0845474	0
3.52855	0.000781467	0.317063	0.0726153	0
3.52858	0.000770413	0.1335	0.0470465	0
3.5289	0.000757538	0.333751	0.0743199	0
3.53029	0.000780752	0.417188	0.086252	0
3.52912	0.000784849	0.250313	0.0644333	0
3.52845	0.000778541	0.317063	0.0726153	0
3.52951	0.000796293	0.417188	0.0831837	0
3.5292	0.000786734	0.183563	0.0552285	0
3.52844	0.000766317	0.317063	0.0726153	0
3.52841	0.000780492	0.267	0.0664788	0
3.5285	0.00076209	0.367126	0.07807	0
3.5291	0.000770868	0.383813	0.0797746	0
3.5296	0.000762805	0.317063	0.0726153	0
3.52954	0.000773664	0.433876	0.0845474	0
3.53005	0.000783093	0.350438	0.0760245	0
3.5301	0.00081515	0.283688	0.0685243	0
3.53028	0.000805852	0.500626	0.0906839	0
3.5297	0.000799609	0.350438	0.0797746	0
3.53005	0.0007894	0.233625	0.0623878	0
3.53015	0.000785434	0.383813	0.0797746	0
3.52908	0.000755392	0.20025	0.057615	0
3.52905	0.000751491	0.183563	0.0552285	0
3.52962	0.000777176	0.383813	0.0797746	0
3.52855	0.000768788	0.333751	0.0743199	0
3.52843	0.000764756	0.250313	0.0644333	0
3.52842	0.000766252	0.333751	0.0743199	0
3.5286	0.000742452	0.233625	0.0623878	0
3.53003	0.000766837	0.350438	0.0760245	0
3.53015	0.000767162	0.233625	0.0623878	0
3.53073	0.000757668	0.216938	0.0600014	0
3.53103	0.000784133	0.400501	0.0814791	0
3.53131	0.000782183	0.367126	0.07807	0
3.52989	0.000754222	0.250313	0.0685243	0
3.52984	0.000771714	0.283688	0.0685243	0
3.53116	0.000768853	0.267	0.0664788	0
3.53057	0.000798829	0.383813	0.0797746	0
3.5295	0.000765471	0.283688	0.0685243	0
3.52906	0.000765796	0.267	0.0664788	0
3.52984	0.000794537	0.333751	0.0743199	0
3.53064	0.000798114	0.400501	0.0814791	0
3.53057	0.000769763	0.250313	0.0644333	0
3.5313	0.000795318	0.350438	0.0760245	0
3.53129	0.000766837	0.233625	0.0623878	0
3.52997	0.000772169	0.367126	0.07807	0
3.53079	0.000798114	0.317063	0.0726153	0
3.53113	0.000779256	0.400501	0.0814791	0
3.5314	0.000765861	0.300375	0.0705698	0
3.53196	0.000759359	0.283688	0.0685243	0
3.53053	0.000757473	0.300375	0.0705698	0
3.52978	0.000740047	0.150188	0.0501148	0
3.5311	0.000762025	0.400501	0.0814791	0
3.53187	0.000751556	0.166875	0.0525012	0
3.53136	0.000778736	0.433876	0.0845474	0
3.53031	0.00078745	0.267	0.0705698	0
3.53061	0.000767617	0.283688	0.0685243	0
3.53034	0.000782508	0.300375	0.0705698	0
3.53117	0.000779712	0.333751	0.0743199	0
3.53152	0.000764691	0.233625	0.0623878	0
3.53145	0.000748175	0.233625	0.0623878	0
3.53102	0.00077607	0.333751	0.0743199	0
3.53152	0.000778931	0.283688	0.0685243	0
3.53239	0.000794082	0.467251	0.0879566	0
3.53191	0.00078862	0.317063	0.0726153	0
3.53117	0.00076261	0.300375	0.0705698	0
3.53164	0.000781207	0.350438	0.0760245	0
3.53219	0.000789856	0.333751	0.0743199	0
3.53051	0.000749215	0.20025	0.057615	0
3.53183	0.000768788	0.250313	0.0644333	0
3.53175	0.000782118	0.300375	0.0705698	0
3.53125	0.000782963	0.383813	0.0797746	0
3.53205	0.00078823	0.216938	0.0600014	0
3.532	0.00075006	0.233625	0.0623878	0
3.53224	0.000758904	0.250313	0.0644333	0
3.53143	0.000738226	0.20025	0.057615	0
3.5321	0.000753767	0.183563	0.0552285	0
3.53291	0.000781012	0.317063	0.0726153	0
3.53305	0.000777046	0.500626	0.0906839	0
3.53254	0.000780817	0.300375	0.0705698	0
3.532	0.000756043	0.267	0.0664788	0
3.53137	0.000750516	0.183563	0.0552285	0
3.53184	0.00074915	0.283688	0.0685243	0
3.53314	0.000777696	0.267	0.0664788	0
3.53286	0.000777176	0.250313	0.0644333	0
3.5324	0.000762415	0.183563	0.0552285	0
3.53226	0.000786149	0.367126	0.07807	0
3.53248	0.000785109	0.267	0.0664788	0
3.5336	0.000773989	0.216938	0.0644333	0
3.53372	0.000778346	0.283688	0.0685243	0
3.53375	0.00077529	0.267	0.0664788	0
3.53401	0.000789986	0.300375	0.0705698	0
3.53335	0.000763586	0.283688	0.0685243	0
3.53222	0.000750255	0.150188	0.0501148	0
3.53208	0.000756888	0.300375	0.0705698	0
3.53268	0.000784849	0.317063	0.0726153	0
3.53405	0.000792717	0.317063	0.0726153	0
3.53303	0.000778931	0.350438	0.0760245	0
3.53334	0.000767552	0.333751	0.0743199	0
3.53334	0.000769243	0.350438	0.0760245	0
3.53337	0.00078823	0.216938	0.0600014	0
3.53329	0.000772169	0.300375	0.0705698	0
3.53483	0.000758058	0.283688	0.0685243	0
3.53491	0.000772819	0.267	0.0664788	0
3.53328	0.000756498	0.283688	0.0685243	0
3.5338	0.000751621	0.283688	0.0685243	0
3.53382	0.00073465	0.233625	0.0623878	0
3.53318	0.000739526	0.166875	0.0525012	0
3.53371	0.000763716	0.233625	0.0623878	0
3.53449	0.0007617	0.250313	0.0644333	0
3.53453	0.000778801	0.283688	0.0685243	0
3.53383	0.00076274	0.183563	0.0552285	0
3.53326	0.000757278	0.250313	0.0644333	0
3.53414	0.00074915	0.283688	0.0685243	0
3.53553	0.000806502	0.283688	0.0685243	0
3.53462	0.000745053	0.267	0.0664788	0
3.53311	0.000743233	0.283688	0.0685243	0
3.5346	0.000740242	0.250313	0.0644333	0
3.53541	0.000767877	0.333751	0.0743199	0
3.5344	0.000770413	0.233625	0.0623878	0
3.53465	0.000767552	0.267	0.0664788	0
3.53431	0.000745964	0.233625	0.0623878	0
3.53548	0.000772949	0.450563	0.086252	0
3.53536	0.00074798	0.166875	0.0525012	0
3.53501	0.000757603	0.267	0.0664788	0
3.53593	0.00080182	0.417188	0.0831837	0
3.53522	0.000768788	0.150188	0.0501148	0
3.53477	0.000765926	0.267	0.0664788	0
3.53517	0.000757083	0.1335	0.0470465	0
3.53445	0.000745184	0.300375	0.0705698	0
3.53451	0.000731658	0.20025	0.057615	0
3.5342	0.000722165	0.166875	0.0525012	0
3.5354	0.000743558	0.20025	0.057615	0
3.53658	0.000753507	0.283688	0.0685243	0
3.53629	0.000751686	0.333751	0.0743199	0
3.53576	0.000753962	0.333751	0.0743199	0
3.53685	0.000759554	0.283688	0.0685243	0
3.53621	0.000782703	0.300375	0.0705698	0
3.53659	0.000768983	0.300375	0.0705698	0
3.53699	0.000811119	0.300375	0.0705698	0
3.53667	0.000767552	0.250313	0.0644333	0
3.53631	0.000776851	0.216938	0.0644333	0
3.53612	0.000744923	0.233625	0.0623878	0
3.53645	0.000739071	0.233625	0.0623878	0
3.53615	0.000745964	0.283688	0.0685243	0
3.5364	0.00074941	0.300375	0.0705698	0
3.53616	0.000766512	0.267	0.0664788	0
3.53606	0.000738096	0.333751	0.0743199	0
3.53637	0.000746159	0.20025	0.057615	0
3.53577	0.000756888	0.300375	0.0705698	0
3.53653	0.000754872	0.300375	0.0705698	0
3.53644	0.000746549	0.183563	0.0552285	0
3.53523	0.000760789	0.300375	0.0743199	0
3.53658	0.000759489	0.350438	0.0760245	0
3.53722	0.000768722	0.216938	0.0600014	0
3.5369	0.000773079	0.216938	0.0600014	0
3.53519	0.00074837	0.233625	0.0623878	0
3.53613	0.000754807	0.333751	0.0743199	0
3.5383	0.000750581	0.233625	0.0623878	0
3.53708	0.000726521	0.20025	0.057615	0
3.53754	0.000746809	0.216938	0.0600014	0
3.53763	0.000753247	0.250313	0.0644333	0
3.5379	0.000743298	0.1335	0.0470465	0
3.53776	0.0007485	0.216938	0.0600014	0
3.53848	0.000757083	0.283688	0.0685243	0
3.53821	0.000737576	0.216938	0.0600014	0
3.53643	0.000732439	0.20025	0.057615	0
3.53708	0.000715012	0.166875	0.0525012	0
3.53894	0.000747199	0.216938	0.0600014	0
3.53836	0.00076313	0.166875	0.0525012	0
3.53872	0.000723335	0.216938	0.0600014	0
3.53928	0.000734259	0.150188	0.0501148	0
3.5371	0.000737836	0.150188	0.0501148	0
3.5378	0.000747654	0.233625	0.0623878	0
3.53973	0.000777566	0.317063	0.0763654	0
3.5389	0.000751946	0.216938	0.0600014	0
3.53859	0.000737641	0.233625	0.0623878	0
3.53797	0.000751491	0.267	0.0664788	0
3.53847	0.000758969	0.233625	0.0623878	0
3.53959	0.000763	0.216938	0.0600014	0
3.53916	0.00076287	0.183563	0.0552285	0
3.53882	0.000765211	0.216938	0.0600014	0
3.53893	0.000772754	0.150188	0.0501148	0
3.53897	0.000763455	0.233625	0.0623878	0
3.53977	0.000782898	0.283688	0.0685243	0
3.53937	0.000742648	0.267	0.0664788	0
3.53957	0.000742713	0.233625	0.0623878	0
3.53993	0.000754937	0.216938	0.0600014	0
3.53888	0.000731138	0.1335	0.0470465	0
3.53826	0.000726261	0.166875	0.0525012	0
3.53905	0.000716898	0.216938	0.0600014	0
3.5399	0.000740892	0.267	0.0664788	0
3.53981	0.000761245	0.233625	0.0623878	0
3.53873	0.000732504	0.150188	0.0501148	0
3.53783	0.000729838	0.216938	0.0600014	0
3.53961	0.000729513	0.216938	0.0644333	0
3.54028	0.000774965	0.283688	0.0685243	0
3.53967	0.00077594	0.20025	0.057615	0
3.53859	0.00073699	0.250313	0.0644333	0
3.53892	0.000740437	0.216938	0.0600014	0
3.54004	0.000739656	0.183563	0.0552285	0
3.54064	0.000734519	0.283688	0.0685243	0
3.54109	0.000781077	0.250313	0.0644333	0
3.54072	0.000750646	0.20025	0.057615	0
3.54053	0.000741152	0.283688	0.0685243	0
3.53998	0.000743428	0.233625	0.0623878	0
3.54134	0.000768722	0.216938	0.0600014	0
3.54099	0.000754547	0.300375	0.0705698	0
3.54051	0.000749215	0.116813	0.0439783	0
3.54	0.000735885	0.166875	0.0525012	0
3.54178	0.000719499	0.183563	0.0552285	0
3.54156	0.000748565	0.216938	0.0600014	0
3.54165	0.000755587	0.283688	0.0685243	0
3.54124	0.000729122	0.216938	0.0600014	0
3.54055	0.000752856	0.233625	0.0623878	0
3.54145	0.000745834	0.183563	0.0552285	0
3.54055	0.000744858	0.166875	0.0525012	0
3.54171	0.000763716	0.216938	0.0600014	0
3.54165	0.00074928	0.166875	0.0525012	0
3.54151	0.000733349	0.216938	0.0600014	0
3.54219	0.000754027	0.216938	0.0600014	0
3.5423	0.000725936	0.183563	0.0552285	0
3.54237	0.00074889	0.20025	0.057615	0
3.5423	0.000744598	0.20025	0.057615	0
3.5428	0.000747524	0.300375	0.0705698	0
3.54321	0.000764431	0.216938	0.0600014	0
3.54259	0.000754222	0.216938	0.0600014	0
3.54192	0.000736665	0.216938	0.0600014	0
3.5421	0.000729643	0.166875	0.0525012	0
3.54236	0.000738811	0.233625	0.0623878	0
3.54239	0.000753897	0.216938	0.0600014	0
3.54276	0.000729773	0.116813	0.0439783	0
3.54294	0.000737446	0.20025	0.057615	0
3.54251	0.000715987	0.216938	0.0600014	0
3.54281	0.000731008	0.150188	0.0501148	0
3.54312	0.000725156	0.216938	0.0600014	0
3.54316	0.000749345	0.267	0.0664788	0
3.54359	0.000720799	0.250313	0.0644333	0
3.54289	0.000743818	0.233625	0.0623878	0
3.54363	0.000746094	0.233625	0.0623878	0
3.54333	0.00073504	0.20025	0.057615	0
3.54324	0.000727367	0.216938	0.0600014	0
3.54383	0.000728277	0.183563	0.0552285	0
3.54333	0.000743818	0.1335	0.0470465	0
3.5423	0.000728212	0.20025	0.057615	0
3.54358	0.000727497	0.267	0.0664788	0
3.54435	0.000738096	0.233625	0.0664788	0
3.54443	0.000726456	0.183563	0.0552285	0
3.54466	0.000751296	0.183563	0.0552285	0
3.5445	0.000760269	0.267	0.0664788	0
3.54352	0.000731918	0.20025	0.057615	0
3.54322	0.000740632	0.20025	0.057615	0
3.54501	0.00072145	0.216938	0.0600014	0
3.54434	0.000733089	0.233625	0.0623878	0
3.54411	0.00074902	0.233625	0.0623878	0
3.54472	0.000731593	0.150188	0.0501148	0
3.54375	0.000725156	0.1335	0.0470465	0
3.54376	0.000708835	0.0834376	0.0371599	0
3.54462	0.000748045	0.233625	0.0623878	0
3.54527	0.000785889	0.400501	0.0814791	0
3.54445	0.000759814	0.150188	0.0501148	0
3.54393	0.000724896	0.0834376	0.0371599	0
3.54458	0.000685296	0.100125	0.04091	0
3.54455	0.000723855	0.233625	0.0623878	0
3.54536	0.000720864	0.20025	0.057615	0
3.54586	0.0007221	0.0834376	0.0371599	0
3.54527	0.00073517	0.20025	0.057615	0
3.54617	0.000717223	0.20025	0.057615	0
3.54612	0.000727562	0.183563	0.0552285	0
3.54529	0.00075019	0.216938	0.0600014	0
3.54575	0.000724831	0.183563	0.0552285	0
3.54592	0.000755067	0.250313	0.0644333	0
3.54665	0.000776395	0.333751	0.0743199	0
3.54721	0.000757083	0.166875	0.0525012	0
3.54727	0.000759229	0.250313	0.0685243	0
3.54598	0.00073504	0.150188	0.0501148	0
3.54658	0.000744728	0.283688	0.0685243	0
3.54671	0.000733609	0.20025	0.057615	0
3.54519	0.000732244	0.20025	0.057615	0
3.54598	0.000733674	0.150188	0.0501148	0
3.54636	0.000764561	0.333751	0.0743199	0
3.54676	0.000764431	0.233625	0.0664788	0
3.54612	0.000717353	0.183563	0.0552285	0
3.54456	0.000697715	0.0834376	0.0371599	0
3.54686	0.000717223	0.166875	0.0525012	0
3.54754	0.000723855	0.216938	0.0600014	0
3.54625	0.000730423	0.216938	0.0600014	0
3.54624	0.000732244	0.150188	0.0501148	0
3.54804	0.000750516	0.183563	0.0552285	0
3.54766	0.000751621	0.166875	0.0525012	0
3.54678	0.000708705	0.150188	0.0501148	0
3.54774	0.000744273	0.267	0.0664788	0
3.54857	0.000755197	0.166875	0.0525012	0
3.54766	0.000730878	0.166875	0.0525012	0
3.54732	0.000713256	0.150188	0.0501148	0
3.54731	0.000740632	0.250313	0.0644333	0
3.54877	0.000755913	0.233625	0.0623878	0
3.54846	0.000719239	0.183563	0.0552285	0
3.54816	0.00075032	0.267	0.0664788	0
3.5478	0.000751751	0.116813	0.0439783	0
3.54722	0.000721124	0.166875	0.0525012	0
3.54767	0.000715467	0.1335	0.0470465	0
3.54907	0.000732894	0.267	0.0664788	0
3.54803	0.000711826	0.1335	0.0470465	0
3.54677	0.000718068	0.166875	0.0525012	0
3.54799	0.00072366	0.166875	0.0525012	0
3.5488	0.000747069	0.183563	0.0552285	0
3.5485	0.000768332	0.300375	0.0705698	0
3.5491	0.000727822	0.166875	0.0525012	0
3.5494	0.000737836	0.216938	0.0600014	0
3.54925	0.000738161	0.283688	0.0685243	0
3.54933	0.000743753	0.20025	0.057615	0
3.54964	0.000724831	0.166875	0.0525012	0
3.54924	0.000754027	0.233625	0.0623878	0
3.5491	0.000726001	0.166875	0.0525012	0
3.55035	0.000729122	0.183563	0.0552285	0
3.55016	0.000724961	0.20025	0.057615	0
3.54981	0.000757083	0.333751	0.0743199	0
3.54986	0.000741152	0.267	0.0664788	0
3.54976	0.000744403	0.20025	0.057615	0
3.54916	0.000729578	0.233625	0.0623878	0
3.54929	0.000729187	0.250313	0.0685243	0
3.55094	0.00075006	0.1335	0.0470465	0
3.54973	0.000733219	0.20025	0.057615	0
3.54986	0.000792457	0.233625	0.0623878	0
3.55041	0.000738681	0.20025	0.057615	0
3.54985	0.000724571	0.116813	0.0439783	0
3.54969	0.000745184	0.250313	0.0644333	0
3.54936	0.000727237	0.183563	0.0552285	0
3.55047	0.000715922	0.1335	0.0470465	0
3.55123	0.00073465	0.216938	0.0600014	0
3.55133	0.000739006	0.166875	0.057615	0
3.55112	0.000722945	0.216938	0.0600014	0
3.55082	0.000733089	0.20025	0.057615	0
3.55077	0.000743428	0.216938	0.0600014	0
3.55124	0.000755067	0.20025	0.057615	0
3.55063	0.000744013	0.116813	0.0439783	0
3.5513	0.00072158	0.1335	0.0470465	0
3.55137	0.000726651	0.183563	0.0552285	0
3.55195	0.000758709	0.183563	0.0552285	0
3.55233	0.000765016	0.333751	0.07807	0
3.55089	0.000719759	0.0834376	0.0371599	0
3.5509	0.00074863	0.250313	0.0685243	0
3.55143	0.000737381	0.100125	0.04091	0
3.55148	0.000729317	0.166875	0.0525012	0
3.55108	0.000748305	0.216938	0.0600014	0
3.55148	0.000718068	0.100125	0.04091	0
3.55207	0.000721254	0.166875	0.0525012	0
3.55224	0.000719044	0.166875	0.0525012	0
3.55172	0.000721775	0.1335	0.0470465	0
3.55109	0.000733674	0.166875	0.0525012	0
3.55176	0.00070916	0.100125	0.04091	0
3.5515	0.00071007	0.150188	0.0501148	0
3.55219	0.00072314	0.166875	0.0525012	0
3.55155	0.000726586	0.20025	0.057615	0
3.55204	0.00073686	0.233625	0.0623878	0
3.55226	0.000724896	0.166875	0.0525012	0
3.55265	0.000711306	0.183563	0.0600014	0
3.55252	0.000741477	0.216938	0.0600014	0
3.55404	0.000752336	0.20025	0.057615	0
3.55305	0.000741347	0.183563	0.0552285	0
3.55231	0.000747915	0.1335	0.0470465	0
3.5532	0.000729968	0.283688	0.0685243	0
3.55305	0.000733609	0.216938	0.0600014	0
3.5534	0.000726521	0.100125	0.04091	0
3.55365	0.000713386	0.20025	0.057615	0
3.55371	0.000745704	0.116813	0.0439783	0
3.55409	0.000741737	0.166875	0.0525012	0
3.55401	0.000722035	0.116813	0.0501148	0
3.5532	0.000714752	0.1335	0.0470465	0
3.55407	0.000714297	0.100125	0.04091	0
3.55482	0.00070929	0.100125	0.04091	0
3.5543	0.000731463	0.250313	0.0644333	0
3.55446	0.000758514	0.233625	0.0623878	0
3.55434	0.000730358	0.183563	0.0552285	0
3.5547	0.000734389	0.1335	0.0470465	0
3.55432	0.000718458	0.233625	0.0623878	0
3.55419	0.00070942	0.20025	0.057615	0
3.55397	0.00072301	0.0834376	0.0371599	0
3.55479	0.000734259	0.233625	0.0623878	0
3.55495	0.000700186	0.0834376	0.0371599	0
3.55557	0.000722555	0.166875	0.0525012	0
3.55591	0.000741607	0.283688	0.0685243	0
3.55431	0.000747589	0.116813	0.0439783	0
3.55445	0.000729643	0.1335	0.0470465	0
3.55424	0.000706429	0.0834376	0.0371599	0
3.55576	0.000727172	0.20025	0.057615	0
3.55544	0.00072275	0.183563	0.0552285	0
3.55508	0.00072405	0.150188	0.0501148	0
3.55619	0.000730618	0.216938	0.0600014	0
3.55647	0.000729643	0.267	0.0664788	0
3.55572	0.000698301	0.0834376	0.0371599	0
3.5555	0.000729448	0.166875	0.0525012	0
3.55591	0.000731268	0.1335	0.0470465	0
3.55707	0.000722685	0.183563	0.0552285	0
3.55744	0.000717353	0.100125	0.04091	0
3.55611	0.000739591	0.150188	0.0501148	0
3.55585	0.000732764	0.216938	0.0600014	0
3.55648	0.000740762	0.216938	0.0600014	0
3.55568	0.000733414	0.150188	0.0501148	0
3.55521	0.000716117	0.0500626	0.0289779	0
3.55655	0.000730943	0.216938	0.0600014	0
3.55757	0.000730683	0.166875	0.0525012	0
3.55774	0.000733804	0.150188	0.0501148	0
3.557	0.000755653	0.250313	0.0644333	0
3.55707	0.000730943	0.0834376	0.0371599	0
3.55718	0.000706169	0.1335	0.0470465	0
3.55768	0.000726521	0.116813	0.0439783	0
3.55796	0.000742192	0.183563	0.0552285	0
3.55671	0.000730878	0.1335	0.0470465	0
3.55685	0.000722165	0.20025	0.057615	0
3.55778	0.00074824	0.300375	0.0705698	0
3.55825	0.000749475	0.216938	0.0644333	0
3.5573	0.000706754	0.183563	0.0552285	0
3.55809	0.000709355	0.183563	0.0552285	0
3.55835	0.000724246	0.20025	0.057615	0
3.55838	0.000714622	0.1335	0.0470465	0
3.55901	0.000719694	0.150188	0.0501148	0
3.55831	0.000727692	0.166875	0.0525012	0
3.55888	0.000739396	0.216938	0.0600014	0
3.55953	0.000732634	0.100125	0.04091	0
3.55899	0.000715532	0.0333751	0.0235233	0
3.55928	0.00069609	0.233625	0.0623878	0
3.55974	0.000720019	0.1335	0.0470465	0
3.55799	0.000716183	0.100125	0.04091	0
3.55859	0.000718198	0.1335	0.0470465	0
3.55927	0.000712606	0.100125	0.04091	0
3.5579	0.00073686	0.216938	0.0600014	0
3.55978	0.000732309	0.250313	0.0644333	0
3.55942	0.000716313	0.0834376	0.0371599	0
3.55847	0.00069622	0.1335	0.0470465	0
3.55928	0.000729578	0.1335	0.0470465	0
3.56024	0.00073621	0.183563	0.0552285	0
3.56001	0.00070968	0.0500626	0.0289779	0
3.55942	0.00069648	0.116813	0.0439783	0
3.55953	0.000708184	0.0834376	0.0371599	0
3.55977	0.000706104	0.116813	0.0439783	0
3.56001	0.000737771	0.183563	0.0552285	0
3.56063	0.000740502	0.150188	0.0501148	0
3.56016	0.000699341	0.1335	0.0470465	0
3.56026	0.000700902	0.100125	0.04091	0
3.56068	0.000698366	0.150188	0.0501148	0
3.55978	0.000702072	0.150188	0.0501148	0
3.56029	0.000718914	0.20025	0.057615	0
3.56147	0.000721319	0.150188	0.0501148	0
3.56149	0.00074811	0.1335	0.0470465	0
3.56051	0.000734389	0.150188	0.0501148	0
3.56043	0.000693749	0.0834376	0.0371599	0
3.56079	0.000703893	0.0834376	0.0371599	0
3.56149	0.000715987	0.100125	0.04091	0
3.56164	0.000733154	0.20025	0.057615	0
3.56129	0.000716313	0.166875	0.0525012	0
3.56109	0.000725676	0.183563	0.0552285	0
3.56174	0.000719174	0.20025	0.057615	0
3.56193	0.000728992	0.1335	0.0470465	0
3.56119	0.000728602	0.116813	0.0439783	0
3.56102	0.0007089	0.20025	0.057615	0
3.56194	0.000733609	0.233625	0.0623878	0
3.56211	0.000717353	0.166875	0.0525012	0
3.56129	0.000712216	0.166875	0.0525012	0
3.56137	0.000706884	0.100125	0.04091	0
3.56205	0.000687832	0.100125	0.04091	0
3.56167	0.000722295	0.183563	0.0552285	0
3.56252	0.000730163	0.216938	0.0600014	0
3.56225	0.000706299	0.0834376	0.0371599	0
3.56316	0.000732634	0.233625	0.0623878	0
3.56289	0.000723855	0.116813	0.0439783	0
3.56197	0.000704218	0.116813	0.0439783	0
3.56256	0.000742843	0.116813	0.0439783	0
3.5636	0.000715792	0.166875	0.0525012	0
3.56331	0.000711956	0.20025	0.057615	0
3.56205	0.000715727	0.0667501	0.0334099	0
3.56336	0.000706104	0.1335	0.0470465	0
3.564	0.000714232	0.0667501	0.0334099	0
3.56284	0.00073595	0.250313	0.0644333	0
3.56324	0.000734975	0.150188	0.0501148	0
3.5632	0.000717873	0.150188	0.0501148	0
3.56329	0.000704283	0.0667501	0.0334099	0
3.56302	0.000712736	0.1335	0.0470465	0
3.56323	0.000725221	0.150188	0.0501148	0
3.56398	0.000696025	0.0834376	0.0371599	0
3.56425	0.000706624	0.183563	0.0552285	0
3.56458	0.0007221	0.183563	0.0552285	0
3.56475	0.000733544	0.20025	0.057615	0
3.5645	0.000694074	0.150188	0.0501148	0
3.565	0.000704023	0.150188	0.0501148	0
3.56553	0.000758123	0.166875	0.057615	0
3.56531	0.000741672	0.183563	0.0552285	0
3.5648	0.000741672	0.166875	0.0525012	0
3.56506	0.000731788	0.1335	0.0470465	0
3.56537	0.00068445	0.1335	0.0470465	0
3.56516	0.000693229	0.0667501	0.0334099	0
3.56509	0.000734129	0.183563	0.0552285	0
3.56447	0.000706364	0.0500626	0.0289779	0
3.56449	0.000726717	0.233625	0.0623878	0
3.56402	0.000716768	0.0834376	0.0371599	0
3.56408	0.000705714	0.0500626	0.0289779	0
3.56541	0.000708445	0.166875	0.0525012	0
3.56644	0.000722685	0.1335	0.0470465	0
3.5658	0.000700447	0.100125	0.04091	0
3.56568	0.000706559	0.20025	0.057615	0
3.5651	0.000705193	0.100125	0.04091	0
3.56608	0.000703828	0.0834376	0.0371599	0
3.56599	0.000702202	0.183563	0.0552285	0
3.56705	0.000701682	0.1335	0.0470465	0
3.56682	0.000705258	0.150188	0.0501148	0
3.56636	0.000706364	0.166875	0.0525012	0
3.56769	0.000727562	0.233625	0.0623878	0
3.5672	0.000726521	0.116813	0.0439783	0
3.56642	0.000715662	0.166875	0.0525012	0
3.567	0.000705128	0.116813	0.0439783	0
3.56665	0.000716117	0.150188	0.0501148	0
3.56682	0.000698041	0.0667501	0.0334099	0
3.56823	0.000704023	0.267	0.0664788	0
3.56737	0.000709485	0.116813	0.0439783	0
3.56658	0.000718003	0.166875	0.0525012	0
3.56714	0.000716443	0.116813	0.0439783	0
3.5674	0.000701617	0.100125	0.04091	0
3.56735	0.00073608	0.233625	0.0623878	0
3.56771	0.000711501	0.150188	0.0501148	0
3.56711	0.000718783	0.166875	0.0525012	0
3.5679	0.000703763	0.1335	0.0470465	0
3.56788	0.000699276	0.183563	0.0552285	0
3.56753	0.000702137	0.116813	0.0439783	0
3.56758	0.000724441	0.233625	0.0623878	0
3.56826	0.000732504	0.116813	0.0439783	0
3.56859	0.0007234	0.116813	0.0439783	0
3.56854	0.00072379	0.116813	0.0439783	0
3.568	0.000717028	0.0834376	0.0371599	0
3.5675	0.000703633	0.1335	0.0470465	0
3.56813	0.000701032	0.116813	0.0439783	0
3.56897	0.000692123	0.0333751	0.0235233	0
3.56839	0.000692123	0.20025	0.057615	0
3.5701	0.000744013	0.283688	0.0685243	0
3.57065	0.000727627	0.183563	0.0552285	0
3.57006	0.000728017	0.1335	0.0470465	0
3.56926	0.000700056	0.166875	0.0525012	0
3.56985	0.000709485	0.0667501	0.0334099	0
3.56936	0.000714037	0.183563	0.0552285	0
3.56989	0.000717678	0.0333751	0.0235233	0
3.56902	0.000720929	0.116813	0.0439783	0
3.5693	0.000714427	0.150188	0.0501148	0
3.5708	0.000725741	0.183563	0.0552285	0
3.57109	0.000730293	0.1335	0.0470465	0
3.57084	0.000710981	0.150188	0.0501148	0
3.56913	0.000704543	0.100125	0.04091	0
3.5693	0.000725156	0.166875	0.0525012	0
3.57034	0.000723465	0.1335	0.0470465	0
3.57029	0.000724441	0.150188	0.0501148	0
3.57025	0.000712346	0.1335	0.0470465	0
3.5702	0.000692253	0.116813	0.0439783	0
3.57046	0.000686466	0.0333751	0.0235233	0
3.57002	0.000675477	0.0667501	0.0334099	0
3.57083	0.000701097	0.20025	0.057615	0
3.57146	0.000728472	0.150188	0.0501148	0
3.57067	0.000704218	0.116813	0.0439783	0
3.57166	0.000731203	0.1335	0.0470465	0
3.57238	0.000744078	0.183563	0.0552285	0
3.57208	0.000719239	0.116813	0.0439783	0
0	0	0	0	0
0	0	0	0	0
0	0	0	0	0
0	0	0	0	0
0	0	0	0	0
0	0	0	0	0
0	0	0	0	0
0	0	0	0	0
0	0	0	0	0
0	0	0	0	0
0	0	0	0	0
0	0	0	0	0
0	0	0	0	0
0	0	0	0	0
0	0	0	0	0
0	0	0	0	0
0	0	0	0	0
0	0	0	0	0
0	0	0	0	0
0	0	0	0	0
0	0	0	0	0
0	0	0	0	0
0	0	0	0	0
0	0	0	0	0
0	0	0	0	0
0	0	0	0	0
0	0	0	0	0
0	0	0	0	0
0	0	0	0	0
0	0	0	0	0
0	0	0	0	0
0	0	0	0	0
0	0	0	0	0
0	0	0	0	0
0	0	0	0	0
0	0	0	0	0
0	0	0	0	0
0	0	0	0	0
0	0	0	0	0
0	0	0	0	0
0	0	0	0	0
0	0	0	0	0
0	0	0	0	0
0	0	0	0	0
0	0	0	0	0
0	0	0	0	0
0	0	0	0	0
0	0	0	0	0
0	0	0	0	0
0	0	0	0	0
0	0	0	0	0
0	0	0	0	0
0	0	0	0	0
0	0	0	0	0
0	0	0	0	0
0	0	0	0	0
0	0	0	0	0
0	0	0	0	0
0	0	0	0	0
0	0	0	0	0
0	0	0	0	0
0	0	0	0	0
0	0	0	0	0
0	0	0	0	0
0	0	0	0	0
0	0	0	0	0
0	0	0	0	0
0	0	0	0	0
0	0	0	0	0
0	0	0	0	0
0	0	0	0	0
0	0	0	0	0
0	0	0	0	0
0	0	0	0	0
0	0	0	0	0
0	0	0	0	0
0	0	0	0	0
0	0	0	0	0
0	0	0	0	0
0	0	0	0	0
0	0	0	0	0
0	0	0	0	0
0	0	0	0	0
0	0	0	0	0
0	0	0	0	0
0	0	0	0	0
0	0	0	0	0
0	0	0	0	0
0	0	0	0	0
0	0	0	0	0
0	0	0	0	0
0	0	0	0	0
0	0	0	0	0
0	0	0	0	0
0	0	0	0	0
0	0	0	0	0
0	0	0	0	0
0	0	0	0	0
0	0	0	0	0
0	0	0	0	0
0	0	0	0	0
0	0	0	0	0
0	0	0	0	0
0	0	0	0	0
0	0	0	0	0
0	0	0	0	0
0	0	0	0	0
0	0	0	0	0
0	0	0	0	0
0	0	0	0	0
0	0	0	0	0
0	0	0	0	0
0	0	0	0	0
0	0	0	0	0
0	0	0	0	0
0	0	0	0	0
0	0	0	0	0
0	0	0	0	0
0	0	0	0	0
0	0	0	0	0
0	0	0	0	0
0	0	0	0	0
0	0	0	0	0
0	0	0	0	0
0	0	0	0	0
0	0	0	0	0
0	0	0	0	0
0	0	0	0	0
0	0	0	0	0
0	0	0	0	0
0	0	0	0	0
0	0	0	0	0
0	0	0	0	0
0	0	0	0	0
0	0	0	0	0
0	0	0	0	0
0	0	0	0	0
0	0	0	0	0
0	0	0	0	0
0	0	0	0	0
0	0	0	0	0
0	0	0	0	0
0	0	0	0	0
0	0	0	0	0
0	0	0	0	0
0	0	0	0	0
0	0	0	0	0
0	0	0	0	0
0	0	0	0	0
0	0	0	0	0
0	0	0	0	0
0	0	0	0	0
0	0	0	0	0
0	0	0	0	0
0	0	0	0	0
0	0	0	0	0
0	0	0	0	0
0	0	0	0	0
0	0	0	0	0
0	0	0	0	0
0	0	0	0	0
0	0	0	0	0
0	0	0	0	0
0	0	0	0	0
0	0	0	0	0
0	0	0	0	0
0	0	0	0	0
0	0	0	0	0
0	0	0	0	0
0	0	0	0	0
0	0	0	0	0
0	0	0	0	0
0	0	0	0	0
0	0	0	0	0
0	0	0	0	0
0	0	0	0	0
0	0	0	0	0
0	0	0	0	0
0	0	0	0	0
0	0	0	0	0
0	0	0	0	0
0	0	0	0	0
0	0	0	0	0
0	0	0	0	0
0	0	0	0	0
0	0	0	0	0
0	0	0	0	0
0	0	0	0	0
0	0	0	0	0
0	0	0	0	0
0	0	0	0	0
0	0	0	0	0
0	0	0	0	0
0	0	0	0	0
0	0	0	0	0
0	0	0	0	0
0	0	0	0	0
0	0	0	0	0
0	0	0	0	0
0	0	0	0	0
0	0	0	0	0
0	0	0	0	0
0	0	0	0	0
0	0	0	0	0
0	0	0	0	0
0	0	0	0	0
0	0	0	0	0
0	0	0	0	0
0	0	0	0	0
0	0	0	0	0
0	0	0	0	0
0	0	0	0	0
0	0	0	0	0
0	0	0	0	0
0	0	0	0	0
0	0	0	0	0
0	0	0	0	0
0	0	0	0	0
0	0	0	0	0
0	0	0	0	0
0	0	0	0	0
0	0	0	0	0
0	0	0	0	0
0	0	0	0	0
0	0	0	0	0
0	0	0	0	0
0	0	0	0	0
0	0	0	0	0
0	0	0	0	0
0	0	0	0	0
0	0	0	0	0
0	0	0	0	0
0	0	0	0	0
0	0	0	0	0
0	0	0	0	0
0	0	0	0	0
0	0	0	0	0
0	0	0	0	0
0	0	0	0	0
0	0	0	0	0
0	0	0	0	0
0	0	0	0	0
0	0	0	0	0
0	0	0	0	0
0	0	0	0	0
0	0	0	0	0
0	0	0	0	0
0	0	0	0	0
0	0	0	0	0
0	0	0	0	0
0	0	0	0	0
0	0	0	0	0
0	0	0	0	0
0	0	0	0	0
0	0	0	0	0
0	0	0	0	0
0	0	0	0	0
0	0	0	0	0
0	0	0	0	0
0	0	0	0	0
0	0	0	0	0
0	0	0	0	0
0	0	0	0	0
0	0	0	0	0
0	0	0	0	0
0	0	0	0	0
0	0	0	0	0
0	0	0	0	0
0	0	0	0	0
0	0	0	0	0
0	0	0	0	0
0	0	0	0	0
0	0	0	0	0
0	0	0	0	0
0	0	0	0	0
0	0	0	0	0
0	0	0	0	0
0	0	0	0	0
0	0	0	0	0
0	0	0	0	0
0	0	0	0	0
0	0	0	0	0
0	0	0	0	0
0	0	0	0	0
0	0	0	0	0
0	0	0	0	0
0	0	0	0	0
0	0	0	0	0
0	0	0	0	0
0	0	0	0	0
0	0	0	0	0
0	0	0	0	0
0	0	0	0	0
0	0	0	0	0
0	0	0	0	0
0	0	0	0	0
0	0	0	0	0
0	0	0	0	0
0	0	0	0	0
0	0	0	0	0
0	0	0	0	0
0	0	0	0	0
0	0	0	0	0
0	0	0	0	0
0	0	0	0	0
0	0	0	0	0
0	0	0	0	0
0	0	0	0	0
0	0	0	0	0
0	0	0	0	0
0	0	0	0	0
0	0	0	0	0
0	0	0	0	0
0	0	0	0	0
0	0	0	0	0
0	0	0	0	0
0	0	0	0	0
0	0	0	0	0
0	0	0	0	0
0	0	0	0	0
0	0	0	0	0
0	0	0	0	0
0	0	0	0	0
0	0	0	0	0
0	0	0	0	0
0	0	0	0	0
0	0	0	0	0
0	0	0	0	0
0	0	0	0	0
0	0	0	0	0
0	0	0	0	0
0	0	0	0	0
0	0	0	0	0
0	0	0	0	0
0	0	0	0	0
0	0	0	0	0
0	0	0	0	0
0	0	0	0	0
0	0	0	0	0
0	0	0	0	0
0	0	0	0	0
0	0	0	0	0
0	0	0	0	0
0	0	0	0	0
0	0	0	0	0
0	0	0	0	0
0	0	0	0	0
0	0	0	0	0
0	0	0	0	0
0	0	0	0	0
0	0	0	0	0
0	0	0	0	0
0	0	0	0	0
0	0	0	0	0
0	0	0	0	0
0	0	0	0	0
0	0	0	0	0
0	0	0	0	0
0	0	0	0	0
0	0	0	0	0
0	0	0	0	0
0	0	0	0	0
0	0	0	0	0
0	0	0	0	0
0	0	0	0	0
0	0	0	0	0
0	0	0	0	0
0	0	0	0	0
0	0	0	0	0
0	0	0	0	0
0	0	0	0	0
0	0	0	0	0
0	0	0	0	0
0	0	0	0	0
0	0	0	0	0
0	0	0	0	0
0	0	0	0	0
0	0	0	0	0
0	0	0	0	0
0	0	0	0	0
0	0	0	0	0
0	0	0	0	0
0	0	0	0	0
0	0	0	0	0
0	0	0	0	0
0	0	0	0	0
0	0	0	0	0
0	0	0	0	0
0	0	0	0	0
0	0	0	0	0
0	0	0	0	0
0	0	0	0	0
0	0	0	0	0
0	0	0	0	0
0	0	0	0	0
0	0	0	0	0
0	0	0	0	0
0	0	0	0	0
0	0	0	0	0
0	0	0	0	0
