a2611204.330282
Narit-cm 12/01/2026 03:35:02 12/01/2026 04:33:02 0045 0013.384714 0052.542598 00.0 00.0
0002401 0010 0000000 0010 05 0000000 0010 0000000 0010
1 0 1 01600 1 0000 3.75 00000.o 0 0 01 000 16 002401 0.500 BT0
1 2 1 02000 1 0000 3.75 00000.o 0 0 01 000 16 002401 0.500 S2A0
1 1 1 01600 1 0000 3.75 00000.o 0 0 00 000 00 002401 3.1746 BC0
1 3 1 02000 1 0000 3.75 00000.o 0 0 00 000 00 002401 3.1746 S2P0
1 5 0 01600 0 0000 1.00 00000.o 0 0 00 000 00 000000 0.000 OF0
0.000 .o Analog 0 	0.000 .o Analog StErr 0 	0.000 .o Photon Counting 0 	0.000 .o PC StErr 0 	0.000 .o Overflow Info 0 
39.8757	0.254421	157.135	0.881789	0
97.8257	0.540708	191.887	0.895392	0
327.726	2.16918	108.538	1.37386	0
474.85	0.0301228	0.849646	0.120043	0
473.457	0	0	0	0
473.457	0	0.366514	0.0812756	0
473.457	6.3565E-6	29.7043	0.653605	0
473.457	9.01586E-6	8.7297	0.440044	0
473.457	0	1.34944	0.165272	0
473.457	6.3565E-6	5.93086	0.331224	0
473.457	6.3565E-6	28.2716	0.686252	0
473.457	0	90.0292	0.993671	0
473.457	0	148.505	1.01475	0
473.457	0	112.22	1.04196	0
473.457	0	67.3386	0.843702	0
473.457	6.3565E-6	63.0071	0.826018	0
473.457	0	58.409	0.807995	0
473.457	0	69.1712	0.868186	0
473.457	0	88.3299	0.893011	0
473.457	0	102.191	0.93858	0
473.457	0	121.816	0.916476	0
473.457	0	133.661	0.94028	0
473.457	6.3565E-6	152.47	0.920897	0
473.457	0	169.446	0.910015	0
473.457	0	186.539	0.902873	0
473.457	0	196.801	0.904233	0
473.457	0	201.816	0.899813	0
473.457	0	205.881	0.883829	0
473.457	0	203.349	0.873968	0
473.457	0	202.482	0.897772	0
473.457	0	203.782	0.88757	0
473.457	0	203.165	0.88519	0
473.457	0	206.131	0.865126	0
473.457	0	203.232	0.858325	0
473.468	0.0110548	204.998	0.882809	1
474.321	0.0899432	202.349	0.890291	1
481.441	0.237402	204.365	0.900153	1
497.058	0.156278	201.599	0.890631	1
499.993	0.00619759	202.716	0.858325	1
500	0	201.15	0.871927	1
499.996	0.00375274	201.133	0.873628	1
499.712	0.0525686	200.666	0.879409	1
496.157	0.231726	202.166	0.892671	1
478.106	0.519566	202.982	0.894712	1
439.023	0.669842	200.966	0.873968	1
394.304	0.676504	202.549	0.889271	0
353.049	0.677285	200.566	0.867166	0
313.109	0.70003	203.582	0.873287	0
273.123	0.701473	203.115	0.869207	0
234.83	0.682177	202.449	0.871927	0
198.982	0.650048	202.532	0.880089	0
165.924	0.599864	202.832	0.88893	0
135.845	0.542195	202.249	0.894712	0
109.463	0.482608	200.8	0.876008	0
87.5155	0.417626	199.683	0.88893	0
69.6515	0.354486	200.883	0.863086	0
55.6346	0.295018	197.984	0.882809	0
45.0748	0.240545	196.635	0.871247	0
36.6248	0.195376	196.801	0.880429	0
29.8555	0.155425	195.169	0.870567	0
24.9254	0.123534	194.786	0.860365	0
21.6425	0.100048	194.302	0.869207	0
19.4102	0.0820082	192.853	0.866826	0
17.4851	0.0668089	190.987	0.849483	0
15.6566	0.056656	190.437	0.853564	0
14.0481	0.0477431	189.971	0.873968	0
12.7221	0.0420241	186.456	0.855944	0
11.5947	0.0368705	185.489	0.863766	0
10.6509	0.0331693	184.357	0.876008	0
9.89387	0.0299701	182.674	0.851863	0
9.20335	0.0288611	181.291	0.840641	0
8.73265	0.0276981	178.392	0.845402	0
8.54286	0.0275222	176.593	0.845062	0
8.3643	0.0266504	177.176	0.857304	0
8.20415	0.0258876	176.027	0.838941	0
8.09244	0.0268257	174.377	0.865806	0
7.95455	0.0257742	173.244	0.866826	0
7.86055	0.0247155	172.228	0.853564	0
7.86531	0.0248746	171.112	0.829419	0
7.88999	0.0256701	170.246	0.869547	0
7.76002	0.0249481	168.98	0.847102	0
7.55446	0.0243131	166.797	0.845402	0
7.48912	0.0238635	165.298	0.846762	0
7.46426	0.0237212	166.514	0.867846	0
7.4898	0.0230667	166.631	0.853224	0
7.59677	0.0230851	163.882	0.855944	0
7.68287	0.0233383	165.864	0.828399	0
7.73471	0.0231505	165.148	0.83384	0
7.766	0.0226214	164.498	0.865466	0
7.82027	0.0222827	162.582	0.844722	0
7.89432	0.0227132	162.449	0.872267	0
7.96199	0.0224794	162.432	0.863766	0
7.98114	0.0222931	162.532	0.839961	0
7.96087	0.022006	161.083	0.849483	0
7.95325	0.0217908	161.033	0.865806	0
7.94221	0.0218578	159.683	0.845742	0
7.96296	0.0214606	159.617	0.850503	0
8.05231	0.0224502	159.234	0.842001	0
8.1618	0.0216907	159.65	0.863086	0
8.27251	0.0217432	161.733	0.83588	0
8.38826	0.0214841	161.699	0.839281	0
8.50591	0.0219269	160.017	0.856284	0
8.5869	0.0224269	159.733	0.854924	0
8.55618	0.0222338	158.467	0.842682	0
8.35693	0.021578	157.534	0.83656	0
8.21645	0.0203703	157.668	0.849483	0
8.33423	0.0213137	156.335	0.851863	0
8.41111	0.0210915	157.118	0.859005	0
8.31979	0.0209497	156.651	0.848803	0
8.2435	0.0198327	154.652	0.849823	0
8.24624	0.0200786	156.252	0.828739	0
8.25453	0.0198175	153.803	0.842682	0
8.20517	0.0195689	154.536	0.847443	0
8.17447	0.0199483	152.053	0.864106	0
8.17787	0.0195224	152.503	0.837921	0
8.13308	0.0190998	154.336	0.849483	0
8.09133	0.0188241	153.269	0.829419	0
8.07327	0.0189373	150.92	0.83554	0
8.07312	0.0189472	151.637	0.863766	0
8.06796	0.0185722	150.987	0.839621	0
8.01389	0.0184604	149.005	0.838941	0
7.95083	0.0183728	149.088	0.851863	0
7.88837	0.0182643	147.772	0.851523	0
7.77209	0.0178772	147.205	0.837921	0
7.68474	0.0173667	145.839	0.840981	0
7.67179	0.0177127	147.072	0.850163	0
7.64522	0.0173234	144.973	0.847783	0
7.59301	0.01709	144.606	0.825678	0
7.57058	0.0169161	143.407	0.83214	0
7.58544	0.0167251	142.757	0.842001	0
7.57619	0.0167462	143.44	0.848123	0
7.53885	0.0160593	142.624	0.843702	0
7.50817	0.0159653	142.024	0.846422	0
7.46406	0.0158067	139.475	0.845402	0
7.41896	0.0160781	141.808	0.869547	0
7.34301	0.0162549	137.16	0.838941	0
7.2323	0.0159507	139.309	0.851863	0
7.12068	0.0156453	136.093	0.839621	0
7.01674	0.0149995	135.86	0.848803	0
6.95036	0.0145211	135.693	0.850163	0
6.92571	0.0146418	132.778	0.83452	0
6.91604	0.0140902	133.761	0.838601	0
6.91285	0.0142811	132.878	0.830779	0
6.87197	0.0139952	132.595	0.8369	0
6.85301	0.0136838	131.012	0.827379	0
6.86765	0.0137303	129.429	0.844042	0
6.85571	0.0137871	130.362	0.826699	0
6.83601	0.0136337	130.429	0.851863	0
6.82866	0.0138386	129.546	0.840641	0
6.81187	0.0136979	128.68	0.847783	0
6.78267	0.0133963	127.23	0.844722	0
6.78237	0.0134028	127.863	0.83622	0
6.81058	0.0133885	128.796	0.842342	0
6.80187	0.0133595	127.713	0.83214	0
6.76455	0.0130568	128.347	0.858665	0
6.73813	0.0132622	126.364	0.850163	0
6.72846	0.0132699	126.164	0.850163	0
6.74143	0.0134899	128.08	0.8352	0
6.72762	0.013198	125.498	0.843702	0
6.68889	0.0132372	124.715	0.837241	0
6.68393	0.0127611	124.165	0.848123	0
6.67584	0.0131179	124.232	0.854244	0
6.64968	0.013177	123.065	0.819897	0
6.63707	0.0125996	124.348	0.842342	0
6.62105	0.0129571	123.832	0.857304	0
6.59097	0.0129989	121.483	0.851863	0
6.56849	0.0125142	122.799	0.826018	0
6.55767	0.0127426	122.849	0.844722	0
6.54212	0.0129389	121.583	0.849483	0
6.5175	0.0125544	119.9	0.823978	0
6.48185	0.0124461	119.9	0.848803	0
6.45153	0.0120161	120.883	0.844722	0
6.43831	0.0119602	119.267	0.845742	0
6.41552	0.0116411	117.234	0.829419	0
6.40266	0.0118202	118.434	0.853224	0
6.39197	0.0121086	117.234	0.839621	0
6.3456	0.0120799	115.535	0.825338	0
6.30389	0.0116978	114.519	0.844042	0
6.28709	0.0116506	114.619	0.828059	0
6.25428	0.0114396	114.369	0.843022	0
6.23241	0.0113402	114.119	0.829079	0
6.23103	0.0114174	114.202	0.826358	0
6.18585	0.0115703	111.104	0.847443	0
6.13947	0.0116441	110.021	0.83588	0
6.12696	0.0114168	110.82	0.83452	0
6.10182	0.0113121	109.688	0.856284	0
6.07054	0.0110872	110.354	0.839961	0
6.06122	0.0108934	107.655	0.850503	0
6.04166	0.011189	107.339	0.863766	0
6.00797	0.0110959	106.339	0.859345	0
5.97596	0.0109029	106.572	0.858325	0
5.96715	0.0109351	107.988	0.851183	0
5.95252	0.0107706	104.773	0.841321	0
5.9059	0.0108651	104.207	0.850163	0
5.87792	0.0106257	103.69	0.853904	0
5.86034	0.010526	102.741	0.859685	0
5.82077	0.0107416	103.324	0.843362	0
5.80022	0.0103603	102.091	0.847102	0
5.7908	0.0102264	101.808	0.860025	0
5.76047	0.0101412	100.225	0.856964	0
5.73725	0.0105659	99.9084	0.843702	0
5.7136	0.0103818	98.5589	0.849483	0
5.68408	0.00997816	99.3919	0.828059	0
5.66441	0.0100444	97.576	0.860705	0
5.6392	0.0100137	96.7763	0.847443	0
5.61299	0.00992847	95.3603	0.83622	0
5.58715	0.00981581	95.0604	0.849143	0
5.5646	0.00960915	95.4602	0.842001	0
5.53544	0.00963717	94.8438	0.842682	0
5.51773	0.00957147	95.1937	0.822618	0
5.49823	0.0094038	92.6114	0.826358	0
5.469	0.0095031	90.8455	0.837921	0
5.45262	0.00947606	90.5456	0.823638	0
5.42227	0.00910466	89.4461	0.83214	0
5.38841	0.00915992	89.8292	0.837921	0
5.37451	0.00913858	88.4965	0.847102	0
5.34914	0.00899504	88.4465	0.821257	0
5.32403	0.00919566	86.7972	0.840301	0
5.31716	0.0089702	87.197	0.827719	0
5.28759	0.00892064	84.4981	0.83452	0
5.25136	0.00865017	83.4819	0.846762	0
5.24411	0.00863233	83.6651	0.823978	0
5.22901	0.00876958	81.7659	0.83248	0
5.20008	0.00893932	81.0496	0.819217	0
5.17687	0.00858148	80.3998	0.812416	0
5.16131	0.00873033	79.95	0.83418	0
5.14733	0.0086213	79.8334	0.818537	0
5.12359	0.00851564	78.7172	0.828739	0
5.10515	0.00850053	79.1337	0.821598	0
5.09533	0.00821825	78.2507	0.797453	0
5.07735	0.00828382	76.9846	0.826699	0
5.05641	0.0081947	76.0683	0.812076	0
5.0351	0.00821954	75.8517	0.804594	0
5.01298	0.00800991	74.6356	0.817517	0
4.98348	0.00811563	73.1029	0.798813	0
4.96317	0.00803255	72.7863	0.805274	0
4.96029	0.00791631	72.2699	0.817517	0
4.94175	0.00781941	71.3703	0.815816	0
4.9119	0.00772821	70.2041	0.802894	0
4.90444	0.00775714	69.5544	0.804594	0
4.89903	0.00764	70.354	0.805614	0
4.88257	0.00745832	68.7713	0.794052	0
4.87155	0.00736116	68.5381	0.786571	0
4.86087	0.00763494	68.105	0.807995	0
4.8456	0.00762579	67.0221	0.799153	0
4.81693	0.00740273	66.289	0.813436	0
4.79637	0.00739865	65.0895	0.797453	0
4.78833	0.00727333	64.9563	0.795072	0
4.76885	0.00717033	64.4232	0.794052	0
4.74628	0.00708861	62.3407	0.78385	0
4.7373	0.00710612	63.2403	0.803234	0
4.73369	0.00701382	62.8072	0.78283	0
4.71439	0.00706785	61.2911	0.78079	0
4.69937	0.00701395	59.7918	0.779429	0
4.69772	0.00694688	61.6077	0.78419	0
4.68824	0.00687229	61.0412	0.787591	0
4.67709	0.00692742	60.2749	0.78079	0
4.66494	0.00681625	59.3419	0.770928	0
4.64741	0.00664547	60.0916	0.786231	0
4.63899	0.00669424	57.3761	0.793712	0
4.63196	0.00662945	57.8925	0.78249	0
4.6112	0.00671331	56.5931	0.771608	0
4.59095	0.00663509	56.5098	0.789291	0
4.58583	0.00651133	57.1762	0.794052	0
4.57601	0.00638537	53.8942	0.752224	0
4.54924	0.00629443	53.3611	0.751204	0
4.54257	0.00624241	53.1778	0.776029	0
4.54369	0.00635547	52.4615	0.779089	0
4.52612	0.00631713	53.2611	0.758345	0
4.51645	0.00633082	51.5119	0.754945	0
4.51032	0.00618138	52.4115	0.775009	0
4.49615	0.00617794	50.8455	0.763786	0
4.49006	0.00618086	50.5456	0.738962	0
4.48912	0.0061721	51.7118	0.766507	0
4.47223	0.00594041	49.496	0.73148	0
4.44718	0.00587815	48.0966	0.73046	0
4.4482	0.00598958	50.3623	0.761066	0
4.45669	0.00592595	50.1125	0.747803	0
4.43777	0.0058607	48.1466	0.748143	0
4.41976	0.00586738	47.4802	0.738962	0
4.4194	0.00577313	48.1133	0.763786	0
4.42218	0.00591337	48.4798	0.742702	0
4.41779	0.00578598	46.8638	0.733181	0
4.40799	0.00566819	46.8305	0.760046	0
4.40665	0.00571683	47.1137	0.737261	0
4.39626	0.00563329	46.8805	0.723999	0
4.3834	0.00558964	45.7643	0.73012	0
4.37992	0.00575426	44.698	0.741682	0
4.36861	0.00580193	44.1816	0.727399	0
4.36319	0.00550454	45.4644	0.722979	0
4.36388	0.00565476	44.7647	0.726719	0
4.35352	0.00547217	44.6481	0.719918	0
4.34317	0.00555448	43.7484	0.740662	0
4.3385	0.00552205	42.4656	0.721278	0
4.33403	0.0054965	43.7151	0.73148	0
4.32823	0.00535458	42.5823	0.712097	0
4.3227	0.00535938	42.8821	0.718898	0
4.31864	0.00533862	42.2824	0.708016	0
4.30985	0.00534621	41.2162	0.67979	0
4.30476	0.00535464	42.6656	0.73046	0
4.30826	0.00543565	41.5494	0.716517	0
4.29908	0.00528822	41.3328	0.705975	0
4.28485	0.00525378	41.3161	0.710056	0
4.28251	0.00531942	41.1995	0.708016	0
4.27832	0.00518937	39.3003	0.697474	0
4.264	0.00503824	39.2337	0.690332	0
4.26637	0.00512347	40.1999	0.723999	0
4.26328	0.00513359	39.3836	0.691693	0
4.24192	0.00516142	38.284	0.67741	0
4.23406	0.00509286	37.8676	0.682171	0
4.22948	0.00500964	37.9175	0.68013	0
4.22498	0.00506179	38.2007	0.682851	0
4.22064	0.00490839	36.3848	0.672989	0
4.20375	0.00494873	35.102	0.653945	0
4.1985	0.00480941	36.9013	0.697134	0
4.19615	0.00471815	35.1853	0.690672	0
4.18373	0.00483036	35.7018	0.672649	0
4.17912	0.00478055	35.6018	0.67979	0
4.17205	0.00461631	33.8526	0.655306	0
4.15834	0.00464232	33.2362	0.647824	0
4.14717	0.00454724	33.1362	0.665508	0
4.13585	0.00463655	31.4536	0.631841	0
4.12962	0.00450644	31.187	0.653605	0
4.12946	0.00452577	31.7201	0.643403	0
4.12202	0.00435375	30.7705	0.635922	0
4.11826	0.00432482	32.5198	0.646124	0
4.11851	0.00443087	30.7872	0.632181	0
4.10899	0.00435531	31.0204	0.637962	0
4.10717	0.00449937	31.0537	0.643063	0
4.10394	0.00431814	29.8875	0.632521	0
4.09491	0.00432813	29.6043	0.628781	0
4.09235	0.00424829	29.3878	0.633541	0
4.08886	0.00439202	27.8217	0.62368	0
4.08376	0.0042527	29.2545	0.621979	0
4.08041	0.00420055	28.5048	0.619259	0
4.07385	0.00415858	28.5881	0.621299	0
4.07397	0.00418012	29.8376	0.618239	0
4.07149	0.00421735	28.4382	0.62606	0
4.06255	0.00416066	27.9384	0.615178	0
4.061	0.00424024	29.0046	0.631161	0
4.0632	0.00410786	29.1712	0.6247	0
4.06059	0.00421988	28.105	0.609057	0
4.05599	0.00423596	28.055	0.612457	0
4.05375	0.0042082	28.1383	0.616878	0
4.04469	0.00417791	26.4057	0.604976	0
4.03743	0.00413757	26.4556	0.612117	0
4.03403	0.00399623	26.7722	0.607697	0
4.03209	0.00403761	26.5223	0.598515	0
4.0324	0.00403145	26.489	0.600555	0
4.02596	0.00393811	25.8392	0.597495	0
4.02015	0.0038942	26.6556	0.583552	0
4.02147	0.00393033	26.5056	0.601575	0
4.01251	0.00397282	25.3728	0.580831	0
4.00341	0.00393215	25.5227	0.583892	0
4.00531	0.00391204	25.0396	0.584912	0
4	0.00379905	24.1899	0.583552	0
3.99158	0.00374242	24.04	0.577771	0
3.98981	0.00378549	25.0729	0.593754	0
3.98726	0.00377654	24.2566	0.57403	0
3.98399	0.00375248	23.5069	0.566889	0
3.97846	0.00361958	22.4073	0.557707	0
3.97382	0.00366251	23.2736	0.57233	0
3.97472	0.00366375	23.1404	0.562128	0
3.96554	0.00363689	21.8242	0.555326	0
3.95181	0.00361199	21.9075	0.564848	0
3.94437	0.00346235	20.7913	0.535263	0
3.94359	0.00350561	21.7909	0.559407	0
3.94589	0.00353856	21.5077	0.557367	0
3.93743	0.00343809	21.1579	0.551586	0
3.92714	0.00342447	20.5581	0.536283	0
3.93041	0.00344172	20.6081	0.540024	0
3.92495	0.00343225	19.2753	0.530842	0
3.91633	0.00337453	20.0583	0.548185	0
3.91726	0.00339612	18.9921	0.526081	0
3.9165	0.00322839	19.4252	0.534242	0
3.91553	0.00342875	19.6252	0.529482	0
3.91212	0.00327736	19.142	0.531862	0
3.90817	0.00333107	19.3919	0.524721	0
3.9014	0.00320154	18.0925	0.510098	0
3.89424	0.0032208	18.9421	0.52234	0
3.89077	0.00324908	18.3923	0.530162	0
3.88607	0.0032077	17.6926	0.503977	0
3.88124	0.00308057	16.8263	0.491394	0
3.87869	0.0030316	16.8263	0.499216	0
3.87633	0.00309484	16.9429	0.499896	0
3.87323	0.00312098	16.793	0.502956	0
3.86885	0.00315296	16.3265	0.489354	0
3.8674	0.00302758	16.5098	0.495475	0
3.87188	0.00303296	17.2761	0.510098	0
3.87112	0.00302751	15.8101	0.483573	0
3.8656	0.00313603	15.9267	0.490714	0
3.86515	0.00306572	16.5264	0.507037	0
3.86412	0.00303432	15.9933	0.492074	0
3.86143	0.00304074	15.7434	0.489014	0
3.85895	0.00297627	16.4098	0.487313	0
3.85444	0.00296278	15.7768	0.488674	0
3.85359	0.00290285	15.8934	0.487313	0
3.85186	0.00292568	15.4935	0.493775	0
3.8477	0.00295727	15.1603	0.476771	0
3.85174	0.00298613	16.2266	0.484253	0
3.84939	0.00299845	15.7434	0.475751	0
3.84523	0.00296019	15.127	0.47099	0
3.84973	0.00290479	15.6935	0.486973	0
3.85093	0.00296265	15.3436	0.478132	0
3.84789	0.00299385	15.4935	0.477111	0
3.8513	0.00298224	15.5102	0.483573	0
3.85388	0.00305222	15.4602	0.478812	0
3.84932	0.00298321	16.1766	0.482553	0
3.84409	0.00292886	15.4602	0.482212	0
3.83458	0.00286108	14.9938	0.478472	0
3.83497	0.00285686	16.2932	0.491394	0
3.83749	0.00284979	14.6439	0.458068	0
3.83175	0.00292788	15.7768	0.483233	0
3.82674	0.00284032	14.6106	0.462149	0
3.81791	0.00279394	13.9109	0.462489	0
3.81337	0.00270612	13.9775	0.454327	0
3.81519	0.00271481	14.1941	0.466569	0
3.8085	0.00268958	12.6447	0.434943	0
3.80028	0.00265676	13.1279	0.442085	0
3.79422	0.00258677	11.3786	0.4159	0
3.78462	0.00248384	10.9454	0.410459	0
3.77906	0.00244207	10.6456	0.404338	0
3.77608	0.00242909	9.9292	0.392775	0
3.77278	0.00240555	10.5623	0.409779	0
3.77208	0.00248487	10.5456	0.403317	0
3.76815	0.00234562	9.89588	0.396856	0
3.7632	0.0023857	10.0292	0.399577	0
3.76421	0.0023868	10.329	0.401277	0
3.76579	0.00238784	10.1791	0.391415	0
3.76414	0.00229723	9.62932	0.386654	0
3.7601	0.00224339	9.87922	0.381553	0
3.75686	0.00232849	9.21283	0.388354	0
3.75696	0.00225915	9.89588	0.397536	0
3.75832	0.00229431	10.4123	0.401277	0
3.75458	0.00221634	9.06289	0.372031	0
3.7543	0.00224852	9.62932	0.385294	0
3.75685	0.00226635	9.27947	0.382233	0
3.75292	0.00221414	9.6793	0.386654	0
3.74955	0.00229262	9.07955	0.371691	0
3.74756	0.00226908	9.09621	0.372371	0
3.74548	0.00224287	9.34611	0.383594	0
3.74665	0.00224871	9.12953	0.377472	0
3.74949	0.00232395	9.4294	0.381553	0
3.75102	0.002351	9.44606	0.381213	0
3.74986	0.002296	9.22949	0.378493	0
3.75228	0.00235281	9.44606	0.386314	0
3.75517	0.00227978	9.74594	0.375092	0
3.75261	0.00229846	10.1125	0.397536	0
3.75231	0.00240153	9.29613	0.378493	0
3.75044	0.00229243	9.86256	0.389375	0
3.74496	0.00226506	8.99625	0.375772	0
3.74494	0.00230015	9.19617	0.369991	0
3.74378	0.00222101	8.51312	0.362169	0
3.73888	0.00225416	9.71262	0.394816	0
3.7386	0.00225786	9.39608	0.376112	0
3.73869	0.00224456	8.86297	0.368971	0
3.73812	0.00222517	9.6793	0.393796	0
3.73867	0.00220013	9.04623	0.36591	0
3.74092	0.00229418	9.69596	0.393115	0
3.74089	0.00221148	9.27947	0.377812	0
3.74018	0.00225701	9.12953	0.371351	0
3.73903	0.00228108	9.12953	0.375772	0
3.73168	0.00217652	8.19658	0.358769	0
3.7269	0.00212275	8.09663	0.36251	0
3.7276	0.00208934	8.57976	0.36285	0
3.72683	0.0021653	8.11329	0.359789	0
3.72273	0.00215369	8.16327	0.359789	0
3.71576	0.00204926	7.58017	0.354688	0
3.71163	0.00210271	7.56352	0.347887	0
3.71228	0.00204277	7.5302	0.349247	0
3.70851	0.0019375	7.18034	0.332244	0
3.7056	0.0019796	6.99708	0.331904	0
3.70463	0.00190552	7.21366	0.330203	0
3.70185	0.00190001	6.44731	0.324082	0
3.69911	0.00184845	6.79717	0.324422	0
3.69964	0.00187043	5.9975	0.304698	0
3.696	0.00183301	5.76426	0.303678	0
3.6928	0.00176159	5.84756	0.298917	0
3.69426	0.00184689	5.96418	0.305719	0
3.68961	0.00174648	5.19783	0.287355	0
3.68447	0.00170445	5.54769	0.302318	0
3.68685	0.00174856	5.16451	0.297217	0
3.68824	0.00175835	5.43107	0.297897	0
3.68722	0.00179072	5.64765	0.300618	0
3.68404	0.00175803	5.14786	0.288375	0
3.68321	0.0017627	5.94752	0.309799	0
3.68412	0.00171366	5.09788	0.284295	0
3.68461	0.00176088	5.44773	0.289736	0
3.68648	0.00178858	5.61433	0.296877	0
3.68621	0.00176484	5.49771	0.296537	0
3.68698	0.00184488	5.93086	0.308779	0
3.68737	0.00179221	5.41441	0.293816	0
3.68445	0.00175991	5.49771	0.295517	0
3.68725	0.00178987	5.64765	0.302318	0
3.68749	0.00178131	5.73095	0.304018	0
3.68595	0.00178053	6.26406	0.3149	0
3.68861	0.00182282	6.18076	0.31524	0
3.69042	0.0019159	6.74719	0.331904	0
3.68682	0.00189314	5.8309	0.300278	0
3.68269	0.0017363	5.89754	0.308099	0
3.68725	0.00182334	6.28072	0.31354	0
3.69176	0.00189547	6.88047	0.330883	0
3.69029	0.00194379	6.26406	0.315921	0
3.69044	0.00192667	6.71387	0.324422	0
3.68946	0.00195819	6.04748	0.31354	0
3.68589	0.00186447	6.1641	0.306739	0
3.68728	0.00191668	6.31404	0.316601	0
3.68919	0.00183684	6.36401	0.324422	0
3.6881	0.00181102	6.28072	0.316941	0
3.6872	0.00183366	6.29738	0.318981	0
3.68523	0.00191882	6.19742	0.319661	0
3.68141	0.00191162	6.2474	0.317961	0
3.67835	0.00183813	5.63099	0.302998	0
3.67706	0.00183885	5.9975	0.304698	0
3.67723	0.00181485	5.79758	0.300618	0
3.67593	0.00177586	5.64765	0.301298	0
3.67434	0.00182639	5.53103	0.296197	0
3.67396	0.00180765	5.58101	0.294496	0
3.66952	0.00173935	4.98126	0.279874	0
3.66111	0.00165315	4.38151	0.268652	0
3.65878	0.00156402	4.46481	0.275793	0
3.65974	0.00154048	4.18159	0.26083	0
3.65524	0.00151635	3.71512	0.240426	0
3.65132	0.00144137	3.28197	0.230224	0
3.65205	0.00150169	3.88172	0.257429	0
3.64941	0.00143203	3.38192	0.231924	0
3.64593	0.00140589	3.23199	0.228524	0
3.64597	0.00137962	3.16535	0.226483	0
3.64445	0.00139506	3.09871	0.223423	0
3.64081	0.00138299	2.93211	0.217982	0
3.64149	0.00132721	3.06539	0.221042	0
3.63892	0.00130055	2.46564	0.201999	0
3.63624	0.00128265	2.58226	0.20608	0
3.63734	0.00129809	2.51562	0.202339	0
3.63574	0.00123855	1.91587	0.177514	0
3.63428	0.0012128	2.2324	0.193157	0
3.6361	0.00121494	2.43232	0.196558	0
3.63685	0.00127876	2.76551	0.212541	0
3.63528	0.00132008	2.38234	0.198938	0
3.63311	0.0012438	2.2324	0.193157	0
3.63134	0.0012726	2.43232	0.200638	0
3.63026	0.00123186	1.98251	0.181935	0
3.63047	0.00125165	2.28238	0.196558	0
3.63139	0.0012604	2.18242	0.188396	0
3.63065	0.00127026	2.34902	0.194857	0
3.62908	0.00119904	2.08247	0.182955	0
3.62928	0.00119243	2.2324	0.188736	0
3.63332	0.00127707	2.46564	0.200638	0
3.63363	0.00127921	2.24906	0.196898	0
3.63117	0.00129712	2.53228	0.20846	0
3.63015	0.00127798	2.19908	0.187716	0
3.63082	0.00127934	2.69888	0.21016	0
3.6297	0.00122421	2.06581	0.180575	0
3.62768	0.00122038	1.96585	0.181255	0
3.62702	0.00123135	2.06581	0.185336	0
3.62801	0.00122194	2.5656	0.202679	0
3.62613	0.00116739	2.06581	0.185336	0
3.62218	0.001172	1.99917	0.182615	0
3.62337	0.00119878	2.11579	0.187376	0
3.62393	0.00117959	1.64931	0.165612	0
3.62208	0.0011742	2.26572	0.191797	0
3.62214	0.00116713	1.93253	0.176494	0
3.62198	0.00115695	1.84923	0.180915	0
3.62147	0.00115111	1.86589	0.172073	0
3.62154	0.00113353	1.73261	0.167992	0
3.61923	0.00112179	1.63265	0.163231	0
3.62038	0.0011552	1.81591	0.174794	0
3.62171	0.00114287	1.84923	0.174794	0
3.61999	0.00115818	1.73261	0.167992	0
3.6191	0.00114099	1.81591	0.176494	0
3.6192	0.00112341	1.86589	0.173773	0
3.61795	0.00109338	1.71595	0.168672	0
3.61856	0.00117829	1.91587	0.175814	0
3.61821	0.00111278	1.56601	0.160171	0
3.61648	0.0011166	1.79925	0.169352	0
3.61666	0.00115306	1.83257	0.172413	0
3.61594	0.00112277	1.61599	0.162551	0
3.61579	0.00109501	1.39942	0.153709	0
3.61602	0.00113567	1.74927	0.171733	0
3.61548	0.00108586	1.56601	0.160171	0
3.615	0.00111284	1.74927	0.168672	0
3.61616	0.00108988	1.76593	0.169352	0
3.61454	0.00106848	1.54935	0.159151	0
3.61439	0.00112484	1.88255	0.179214	0
3.61444	0.00108372	1.48272	0.15439	0
3.61258	0.00109721	1.48272	0.15609	0
3.61254	0.00110467	1.49938	0.15677	0
3.61102	0.00106705	1.2828	0.145888	0
3.61069	0.00104649	1.34944	0.147248	0
3.61278	0.00105751	1.56601	0.15847	0
3.61387	0.0011454	1.59933	0.159831	0
3.61146	0.00108294	1.53269	0.15847	0
3.61074	0.00105369	1.61599	0.164251	0
3.61288	0.00110999	1.54935	0.161191	0
3.61382	0.00109676	1.51603	0.15575	0
3.61156	0.00110927	1.3661	0.150309	0
3.61101	0.00107639	1.53269	0.15847	0
3.61316	0.00111498	1.68263	0.169012	0
3.61065	0.00113237	1.24948	0.143848	0
3.6089	0.00105369	1.43274	0.153709	0
3.61121	0.00112082	1.66597	0.164932	0
3.61112	0.00108138	1.63265	0.163231	0
3.60642	0.00106465	1.34944	0.147248	0
3.60891	0.00104882	1.66597	0.166632	0
3.61127	0.00106874	1.3661	0.150309	0
3.60843	0.00107503	1.64931	0.165612	0
3.60784	0.00107561	1.31612	0.147588	0
3.60844	0.00106439	1.56601	0.160171	0
3.60819	0.0010893	1.68263	0.165612	0
3.60726	0.00108099	1.1995	0.141127	0
3.60863	0.00108203	1.86589	0.172073	0
3.60805	0.00105654	1.21616	0.140107	0
3.60603	0.00103592	1.31612	0.147588	0
3.60378	0.000996739	1.16618	0.139427	0
3.60445	0.000997387	1.24948	0.143848	0
3.60447	0.00100478	1.13286	0.135346	0
3.60582	0.00103689	1.53269	0.15677	0
3.60597	0.00106407	1.41608	0.150989	0
3.60482	0.00100906	1.38276	0.149289	0
3.60503	0.00103027	1.43274	0.15541	0
3.60376	0.00101075	1.08288	0.134666	0
3.60406	0.0010376	1.46606	0.153369	0
3.60504	0.00103643	1.26614	0.142827	0
3.60427	0.00103961	1.1995	0.141127	0
3.60339	0.00102911	1.29946	0.146568	0
3.60579	0.00110584	1.51603	0.162891	0
3.60413	0.00102528	1.14952	0.138407	0
3.6031	0.00106815	1.23282	0.144868	0
3.60324	0.00104856	1.2828	0.145888	0
3.6021	0.000991615	1.21616	0.142147	0
3.6018	0.00102722	1.29946	0.144868	0
3.60271	0.00099849	1.23282	0.141127	0
3.6017	0.00102067	1.06622	0.133646	0
3.60037	0.00103579	1.06622	0.133646	0
3.60101	0.00104039	1.3661	0.148268	0
3.60184	0.00100887	1.29946	0.150309	0
3.60122	0.00100335	1.41608	0.152689	0
3.60113	0.00102022	1.24948	0.143848	0
3.60135	0.00100303	0.899625	0.123444	0
3.60067	0.00101555	1.24948	0.142147	0
3.60092	0.00100511	1.2828	0.145888	0
3.59983	0.000996285	1.16618	0.139427	0
3.59824	0.00101989	1.16618	0.143167	0
3.60008	0.00101737	1.24948	0.142147	0
3.60076	0.001016	1.21616	0.140107	0
3.60063	0.00100666	1.3661	0.150309	0
3.59955	0.00100167	1.14952	0.136366	0
3.59995	0.00105991	1.16618	0.141467	0
3.59803	0.00100874	1.14952	0.136366	0
3.59832	0.00100913	1.13286	0.143508	0
3.59811	0.00103974	1.2828	0.145888	0
3.59748	0.00100154	1.2828	0.143848	0
3.59736	0.000972156	1.06622	0.131605	0
3.59871	0.00100238	1.29946	0.146568	0
3.5981	0.00104454	1.04956	0.132625	0
3.59761	0.000999009	0.982924	0.128545	0
3.59828	0.00102288	1.24948	0.142147	0
3.59874	0.00104376	1.34944	0.149289	0
3.59752	0.00100076	1.0329	0.131605	0
3.59638	0.00100258	1.01624	0.128545	0
3.59727	0.00104694	1.24948	0.143848	0
3.59732	0.00101237	1.2828	0.147588	0
3.59711	0.000995247	1.13286	0.135346	0
3.59549	0.000976502	0.932945	0.123104	0
3.59413	0.000956524	0.882965	0.122423	0
3.59588	0.000971897	1.16618	0.137386	0
3.59623	0.000994728	1.06622	0.135686	0
3.59534	0.000976567	1.23282	0.141127	0
3.59619	0.000975659	1.0329	0.129565	0
3.59574	0.00098915	1.04956	0.130585	0
3.59592	0.000953411	0.916285	0.122083	0
3.5958	0.000985258	1.1162	0.134326	0
3.59611	0.000990188	1.18284	0.140447	0
3.59374	0.000952568	0.949604	0.126504	0
3.59374	0.00095166	1.16618	0.137386	0
3.59463	0.000950168	0.749688	0.113242	0
3.59255	0.000954968	1.0329	0.131605	0
3.59355	0.000949195	1.04956	0.130585	0
3.59377	0.000956265	1.0329	0.131605	0
3.59283	0.000932849	0.882965	0.120043	0
3.59264	0.000947249	0.899625	0.123444	0
3.59353	0.000929996	0.966264	0.127524	0
3.59398	0.000979745	1.09954	0.133646	0
3.59383	0.00100537	1.23282	0.144868	0
3.59432	0.0010509	1.09954	0.135686	0
3.5924	0.000973064	0.916285	0.122083	0
3.59109	0.000936806	0.816327	0.115282	0
3.59248	0.00092325	0.949604	0.124464	0
3.59199	0.000936287	0.766347	0.111881	0
3.59153	0.000905542	0.783007	0.113242	0
3.59208	0.000943487	1.08288	0.132625	0
3.59219	0.000976242	1.08288	0.136706	0
3.59168	0.000984869	1.16618	0.139427	0
3.5922	0.0010055	1.04956	0.138747	0
3.59193	0.000978383	1.04956	0.130585	0
3.59172	0.000950168	0.966264	0.125484	0
3.59189	0.000963529	1.09954	0.137726	0
3.59151	0.000945498	0.949604	0.126504	0
3.59122	0.000981107	0.999584	0.127524	0
3.59251	0.000961259	1.01624	0.128545	0
3.59173	0.000967356	0.999584	0.131605	0
3.59156	0.000997777	1.1995	0.141127	0
3.59139	0.000930255	0.932945	0.125484	0
3.58973	0.000932979	0.966264	0.125484	0
3.58906	0.000952632	0.849646	0.120043	0
3.59029	0.00096327	0.949604	0.124464	0
3.59014	0.00098422	1.01624	0.132625	0
3.58813	0.000974361	0.982924	0.128545	0
3.58797	0.000974556	1.01624	0.128545	0
3.58911	0.000951984	1.04956	0.130585	0
3.58876	0.000926234	0.666389	0.107121	0
3.58912	0.000973259	1.13286	0.137386	0
3.59	0.000973972	0.832986	0.119023	0
3.58904	0.000937714	0.949604	0.126504	0
3.58841	0.000935509	0.716368	0.108141	0
3.58953	0.000970664	0.966264	0.127524	0
3.58847	0.000920915	0.816327	0.115282	0
3.58742	0.000898213	0.816327	0.120043	0
3.58918	0.000937714	0.916285	0.124464	0
3.58787	0.000920526	0.882965	0.120043	0
3.58725	0.000965216	0.949604	0.124464	0
3.58836	0.000935768	1.06622	0.131605	0
3.58847	0.000929542	0.766347	0.114262	0
3.58768	0.000928893	0.899625	0.121063	0
3.587	0.000929217	0.766347	0.111881	0
3.58866	0.00096554	0.949604	0.124464	0
3.58877	0.000935898	0.949604	0.126504	0
3.58743	0.000948546	0.899625	0.121063	0
3.58788	0.000923704	1.01624	0.128545	0
3.58809	0.00090671	0.849646	0.120043	0
3.58807	0.000972805	1.04956	0.132625	0
3.58652	0.000936741	0.882965	0.120043	0
3.58621	0.00093019	0.849646	0.120043	0
3.58604	0.000920785	0.666389	0.1044	0
3.58583	0.000906645	0.832986	0.116642	0
3.58711	0.000900743	0.899625	0.121063	0
3.58633	0.000902883	0.866306	0.121063	0
3.58682	0.000932914	0.882965	0.122423	0
3.58622	0.00089043	0.716368	0.110861	0
3.58475	0.000883489	0.63307	0.10202	0
3.58593	0.000880895	0.882965	0.122423	0
3.58706	0.00089964	0.749688	0.115622	0
3.58692	0.000912094	0.932945	0.123104	0
3.58768	0.000901132	0.816327	0.117663	0
3.5876	0.000922277	0.882965	0.120043	0
3.5855	0.000875965	0.649729	0.10338	0
3.58611	0.000889197	0.733028	0.109501	0
3.58659	0.000902364	0.916285	0.122083	0
3.58481	0.00090191	0.733028	0.109501	0
3.58529	0.000932331	0.932945	0.123104	0
3.58486	0.000881673	0.766347	0.114262	0
3.58431	0.000917023	0.783007	0.115622	0
3.5857	0.000924871	0.733028	0.109501	0
3.58404	0.000887057	0.59975	0.099299	0
3.58421	0.00089017	0.59975	0.099299	0
3.58544	0.000927661	0.716368	0.110861	0
3.58557	0.000888743	0.783007	0.113242	0
3.5854	0.000929671	0.783007	0.113242	0
3.58582	0.000902948	0.766347	0.116642	0
3.58519	0.000881414	0.882965	0.120043	0
3.58513	0.000909434	0.666389	0.1044	0
3.58484	0.0008807	0.549771	0.0952183	0
3.58428	0.000909304	0.799667	0.114262	0
3.5838	0.000880765	0.683049	0.10576	0
3.58451	0.000899316	0.866306	0.121063	0
3.58455	0.000900808	0.866306	0.118683	0
3.5837	0.000875317	0.699708	0.107121	0
3.58345	0.000909499	0.733028	0.111881	0
3.58322	0.000874344	0.716368	0.108141	0
3.58415	0.000916699	0.849646	0.120043	0
3.58495	0.00089977	0.699708	0.107121	0
3.58481	0.00094206	0.816327	0.115282	0
3.58391	0.000874344	0.63307	0.10202	0
3.58306	0.0008783	0.666389	0.1044	0
3.58329	0.000864485	0.58309	0.0979388	0
3.58372	0.000896851	0.733028	0.109501	0
3.5834	0.000911769	0.716368	0.108141	0
3.58322	0.000900483	1.0329	0.129565	0
3.58286	0.000901326	0.566431	0.099299	0
3.58194	0.000865198	0.58309	0.0979388	0
3.58313	0.00091125	0.866306	0.118683	0
3.58338	0.000890105	0.666389	0.1044	0
3.58186	0.000877457	0.59975	0.099299	0
3.58302	0.000876614	0.666389	0.1044	0
3.58418	0.000928244	1.01624	0.132625	0
3.58451	0.000916439	0.749688	0.110861	0
3.58246	0.000837956	0.549771	0.0952183	0
3.58188	0.000901197	0.61641	0.10338	0
3.58308	0.000892375	0.832986	0.116642	0
3.58303	0.00091151	0.799667	0.116642	0
3.58306	0.000909823	0.799667	0.114262	0
3.58193	0.000877522	0.683049	0.108481	0
3.58171	0.000869933	0.59975	0.099299	0
3.5833	0.000866495	0.566431	0.0965785	0
3.58313	0.000892635	0.799667	0.114262	0
3.58262	0.000907748	0.63307	0.10474	0
3.58298	0.00091378	0.516451	0.0921577	0
3.58267	0.000851382	0.766347	0.111881	0
3.58293	0.00090671	0.649729	0.10338	0
3.58271	0.000907553	0.733028	0.109501	0
3.58268	0.000879662	0.58309	0.0979388	0
3.58215	0.000860658	0.549771	0.0952183	0
3.58093	0.000856377	0.59975	0.099299	0
3.58125	0.000878106	0.716368	0.108141	0
3.58076	0.000867598	0.566431	0.0965785	0
3.57942	0.000868312	0.58309	0.0979388	0
3.5808	0.000868441	0.59975	0.10202	0
3.58131	0.000867598	0.699708	0.107121	0
3.5818	0.00088803	0.63307	0.10202	0
3.58238	0.000882581	0.716368	0.110861	0
3.58257	0.000887511	0.63307	0.10202	0
3.58202	0.000885759	0.566431	0.099299	0
3.58221	0.000878754	0.58309	0.0979388	0
3.5821	0.000893283	0.733028	0.109501	0
3.58263	0.000898797	0.61641	0.100659	0
3.58224	0.000863706	0.666389	0.107121	0
3.58154	0.000842626	0.649729	0.10338	0
3.58121	0.000886278	0.733028	0.109501	0
3.58161	0.000894256	0.749688	0.110861	0
3.58028	0.000884138	0.58309	0.0979388	0
3.58121	0.000876808	0.61641	0.100659	0
3.58183	0.000891921	0.58309	0.0979388	0
3.58113	0.000854366	0.533111	0.0935179	0
3.58178	0.000868701	0.549771	0.0952183	0
3.58302	0.000869609	0.799667	0.116642	0
3.58234	0.00087603	0.683049	0.10576	0
3.58221	0.000881479	0.63307	0.10202	0
3.58217	0.000865587	0.649729	0.10338	0
3.58075	0.000877976	0.58309	0.0979388	0
3.58089	0.000903921	0.61641	0.100659	0
3.58161	0.000874863	0.549771	0.0952183	0
3.58021	0.000844507	0.566431	0.0965785	0
3.58087	0.000867144	0.58309	0.0979388	0
3.58095	0.000816357	0.399833	0.0812756	0
3.58059	0.000805655	0.349854	0.0761746	0
3.58148	0.000862798	0.699708	0.107121	0
3.5823	0.000868766	0.749688	0.113242	0
3.58086	0.000894386	0.716368	0.108141	0
3.57983	0.000853199	0.433153	0.0843362	0
3.58057	0.000845026	0.499792	0.0907974	0
3.58105	0.00085028	0.566431	0.099299	0
3.58021	0.000832378	0.566431	0.0965785	0
3.58065	0.000848399	0.766347	0.111881	0
3.58096	0.000845221	0.566431	0.0965785	0
3.57998	0.000840226	0.549771	0.0952183	0
3.5806	0.000876938	0.733028	0.109501	0
3.58088	0.000836464	0.483132	0.0890971	0
3.57989	0.000848853	0.58309	0.0979388	0
3.57992	0.000867209	0.549771	0.0952183	0
3.57952	0.000818627	0.549771	0.0952183	0
3.57914	0.00082427	0.416493	0.0829759	0
3.58056	0.000847815	0.58309	0.0979388	0
3.58052	0.000847556	0.483132	0.0890971	0
3.57978	0.000832443	0.549771	0.0952183	0
3.58112	0.000847556	0.58309	0.0979388	0
3.58068	0.000841653	0.58309	0.100659	0
3.58006	0.000862344	0.61641	0.100659	0
3.58007	0.00088336	0.666389	0.1044	0
3.58107	0.000835361	0.549771	0.0952183	0
3.58006	0.000874409	0.63307	0.10202	0
3.57966	0.000852226	0.483132	0.0921577	0
3.57951	0.000838799	0.499792	0.0907974	0
3.57951	0.000830627	0.499792	0.0907974	0
3.58031	0.000850604	0.58309	0.0979388	0
3.58082	0.000853977	0.733028	0.114602	0
3.57924	0.000851188	0.516451	0.0921577	0
3.58027	0.000870647	0.649729	0.10338	0
3.58111	0.000859555	0.63307	0.10202	0
3.58049	0.000863641	0.516451	0.0921577	0
3.58056	0.000862539	0.649729	0.10338	0
3.58157	0.000848399	0.466472	0.0877368	0
3.57954	0.000818497	0.433153	0.0843362	0
3.57849	0.000804487	0.499792	0.0907974	0
3.57906	0.000806238	0.516451	0.0921577	0
3.58024	0.000874019	0.549771	0.0952183	0
3.57886	0.000849112	0.499792	0.093858	0
3.57875	0.000851642	0.58309	0.0979388	0
3.57999	0.000831989	0.533111	0.0935179	0
3.58055	0.000848269	0.832986	0.119023	0
3.58113	0.000843404	0.58309	0.0979388	0
3.58037	0.00083121	0.61641	0.10338	0
3.58144	0.000831599	0.61641	0.100659	0
3.5803	0.000858971	0.549771	0.0952183	0
3.57901	0.000842691	0.399833	0.0812756	0
3.57954	0.000836075	0.549771	0.0952183	0
3.58063	0.000834778	0.499792	0.0907974	0
3.58071	0.000847296	0.61641	0.10338	0
3.57952	0.000857285	0.549771	0.0952183	0
3.57907	0.000844248	0.499792	0.0907974	0
3.57953	0.000861955	0.59975	0.099299	0
3.58101	0.000876614	0.533111	0.0935179	0
3.57949	0.000843858	0.466472	0.0877368	0
3.57885	0.000825308	0.533111	0.0935179	0
3.5801	0.000836205	0.549771	0.0952183	0
3.58099	0.000821935	0.466472	0.0877368	0
3.58	0.000835815	0.516451	0.0921577	0
3.58087	0.000827448	0.433153	0.0843362	0
3.58098	0.000842172	0.566431	0.0965785	0
3.58058	0.000837372	0.649729	0.10338	0
3.57909	0.000843729	0.58309	0.100659	0
3.57996	0.000843599	0.416493	0.0829759	0
3.57988	0.000858388	0.63307	0.10202	0
3.58009	0.00089004	0.499792	0.0907974	0
3.58041	0.000836788	0.499792	0.0907974	0
3.57901	0.000819405	0.433153	0.0843362	0
3.57923	0.000807406	0.416493	0.0829759	0
3.57915	0.000844831	0.299875	0.0703935	0
3.57881	0.00080319	0.416493	0.0829759	0
3.57858	0.000836464	0.449813	0.0860365	0
3.57905	0.000819924	0.449813	0.0860365	0
3.57979	0.000809871	0.449813	0.0860365	0
3.57926	0.000832702	0.516451	0.0921577	0
3.57989	0.000844896	0.549771	0.0979388	0
3.58016	0.000841459	0.549771	0.0952183	0
3.58017	0.000818692	0.533111	0.0935179	0
3.57843	0.000814022	0.383174	0.0795753	0
3.57953	0.00085242	0.549771	0.100659	0
3.58012	0.000839513	0.433153	0.0843362	0
3.57985	0.000840486	0.699708	0.109501	0
3.58098	0.000838799	0.566431	0.0965785	0
3.58079	0.000812984	0.566431	0.0965785	0
3.57978	0.000817459	0.433153	0.0843362	0
3.57968	0.000812335	0.433153	0.0843362	0
3.5809	0.000781007	0.383174	0.0795753	0
3.58051	0.000789634	0.349854	0.0761746	0
3.57957	0.000819989	0.416493	0.0829759	0
3.58031	0.000806303	0.399833	0.0812756	0
3.57904	0.000785547	0.483132	0.0890971	0
3.57903	0.000805784	0.449813	0.0860365	0
3.57983	0.000853199	0.483132	0.0890971	0
3.57938	0.000827643	0.58309	0.0979388	0
3.57877	0.000797158	0.333195	0.0741342	0
3.5786	0.000802736	0.399833	0.0812756	0
3.5798	0.000813892	0.433153	0.0843362	0
3.58004	0.000845739	0.466472	0.0877368	0
3.57904	0.000816941	0.483132	0.0890971	0
3.57978	0.000818043	0.516451	0.0921577	0
3.57966	0.000809741	0.333195	0.0741342	0
3.58014	0.000832637	0.483132	0.0890971	0
3.58096	0.000828162	0.399833	0.0812756	0
3.57951	0.000815514	0.399833	0.0846762	0
3.57953	0.000820508	0.366514	0.0778749	0
3.58017	0.000824724	0.383174	0.0795753	0
3.57964	0.00080786	0.433153	0.0843362	0
3.57985	0.000820378	0.516451	0.0921577	0
3.58086	0.00083374	0.549771	0.0952183	0
3.58048	0.000831794	0.416493	0.0829759	0
3.57849	0.000784185	0.416493	0.0829759	0
3.57844	0.000790542	0.333195	0.0741342	0
3.58053	0.0008148	0.433153	0.0843362	0
3.57979	0.000797806	0.349854	0.0761746	0
3.58072	0.000792293	0.433153	0.0843362	0
3.58087	0.000822973	0.349854	0.0761746	0
3.58054	0.000821351	0.483132	0.0890971	0
3.58103	0.000818368	0.333195	0.0741342	0
3.57978	0.000834843	0.499792	0.093858	0
3.58022	0.000799039	0.316535	0.0724339	0
3.58089	0.000810389	0.366514	0.0778749	0
3.58028	0.000819276	0.533111	0.0935179	0
3.58006	0.000827837	0.58309	0.0979388	0
3.58039	0.000821092	0.466472	0.0877368	0
3.58027	0.000800725	0.483132	0.0890971	0
3.58045	0.000828486	0.483132	0.0890971	0
3.58137	0.000828356	0.499792	0.0907974	0
3.58082	0.00077945	0.433153	0.0843362	0
3.58098	0.000822	0.566431	0.0965785	0
3.58085	0.000834713	0.383174	0.0795753	0
3.58018	0.000816941	0.333195	0.0741342	0
3.58074	0.000812595	0.549771	0.0979388	0
3.58186	0.000809027	0.349854	0.0761746	0
3.58024	0.00078892	0.383174	0.0795753	0
3.57979	0.0007609	0.349854	0.0761746	0
3.58101	0.000799039	0.416493	0.0829759	0
3.57951	0.000776142	0.349854	0.0761746	0
3.58029	0.000801633	0.533111	0.0935179	0
3.58207	0.000788855	0.416493	0.0829759	0
3.58045	0.000792163	0.316535	0.0724339	0
3.57956	0.000804682	0.399833	0.0812756	0
3.58044	0.000812335	0.316535	0.0724339	0
3.58098	0.000794433	0.349854	0.0761746	0
3.57992	0.000790282	0.399833	0.0812756	0
3.57989	0.00079852	0.483132	0.0890971	0
3.58042	0.000805655	0.449813	0.0860365	0
3.5802	0.000810844	0.433153	0.0877368	0
3.57999	0.000814476	0.333195	0.0741342	0
3.5806	0.000785093	0.316535	0.0724339	0
3.58074	0.000791061	0.433153	0.0843362	0
3.58054	0.000797352	0.349854	0.0795753	0
3.58061	0.00077465	0.416493	0.0829759	0
3.58084	0.000766672	0.333195	0.0741342	0
3.5814	0.000806303	0.449813	0.0860365	0
3.58217	0.000813049	0.58309	0.0979388	0
3.5812	0.000764337	0.299875	0.0703935	0
3.58097	0.000799947	0.399833	0.0812756	0
3.58162	0.000788661	0.383174	0.0795753	0
3.5813	0.000807146	0.333195	0.0741342	0
3.58156	0.000810584	0.416493	0.0829759	0
3.58008	0.000778283	0.349854	0.0761746	0
3.58083	0.000787299	0.349854	0.0761746	0
3.58174	0.000805784	0.549771	0.0952183	0
3.58125	0.000800725	0.466472	0.0877368	0
3.58202	0.000810195	0.333195	0.0741342	0
3.58064	0.000759862	0.233236	0.0622319	0
3.58	0.000766348	0.349854	0.0761746	0
3.58158	0.00077932	0.333195	0.0741342	0
3.58241	0.000809092	0.249896	0.0642723	0
3.58177	0.000777569	0.449813	0.0860365	0
3.58154	0.000801179	0.316535	0.0724339	0
3.58093	0.000782758	0.433153	0.0843362	0
3.58032	0.000790088	0.466472	0.0877368	0
3.57996	0.00078438	0.283215	0.0683531	0
3.58055	0.000803384	0.399833	0.0812756	0
3.58114	0.000808054	0.366514	0.0778749	0
3.58221	0.000807341	0.483132	0.0890971	0
3.58238	0.000806173	0.516451	0.0921577	0
3.5816	0.000771407	0.283215	0.0683531	0
3.58131	0.000799947	0.366514	0.0778749	0
3.58056	0.000766932	0.283215	0.0683531	0
3.58105	0.000776596	0.383174	0.0795753	0
3.5824	0.000812076	0.349854	0.0761746	0
3.58259	0.000773807	0.333195	0.0741342	0
3.58267	0.000808963	0.483132	0.0890971	0
3.58182	0.00081253	0.366514	0.0778749	0
3.5823	0.000787493	0.316535	0.0724339	0
3.58195	0.000768618	0.399833	0.0812756	0
3.58213	0.000795277	0.249896	0.0642723	0
3.5818	0.000788207	0.399833	0.0812756	0
3.58216	0.000776596	0.283215	0.0683531	0
3.58301	0.000789828	0.333195	0.0741342	0
3.58173	0.000792747	0.266556	0.0663127	0
3.58225	0.000787363	0.333195	0.0741342	0
3.58236	0.000768099	0.333195	0.0741342	0
3.58358	0.000789569	0.449813	0.0860365	0
3.58393	0.000835556	0.299875	0.0703935	0
3.58211	0.000800984	0.199917	0.057471	0
3.58217	0.000787558	0.416493	0.0829759	0
3.58226	0.000760835	0.183257	0.0550906	0
3.58161	0.000765959	0.299875	0.0703935	0
3.58107	0.000735668	0.333195	0.0741342	0
3.58185	0.000778477	0.333195	0.0741342	0
3.58234	0.000809741	0.416493	0.0829759	0
3.58202	0.000808833	0.349854	0.0761746	0
3.58175	0.000776142	0.449813	0.0860365	0
3.58175	0.000770823	0.316535	0.0724339	0
3.58252	0.000774585	0.366514	0.0778749	0
3.58274	0.000777699	0.199917	0.057471	0
3.58221	0.000812011	0.383174	0.0829759	0
3.58334	0.000776856	0.316535	0.0724339	0
3.58317	0.000781201	0.416493	0.0829759	0
3.58183	0.000774002	0.266556	0.0663127	0
3.58172	0.000752273	0.166597	0.0527101	0
3.58297	0.00078879	0.499792	0.0907974	0
3.58271	0.00077932	0.333195	0.0741342	0
3.5823	0.000754154	0.249896	0.0642723	0
3.58299	0.000778088	0.433153	0.0843362	0
3.58304	0.000762327	0.233236	0.0622319	0
3.58331	0.000783342	0.433153	0.0843362	0
3.58324	0.000792617	0.299875	0.0703935	0
3.58286	0.00080053	0.299875	0.0703935	0
3.58294	0.00076797	0.299875	0.0703935	0
3.58303	0.000800855	0.416493	0.0829759	0
3.58396	0.000805655	0.349854	0.0761746	0
3.58415	0.000821221	0.349854	0.0761746	0
3.58259	0.00080319	0.283215	0.0683531	0
3.58336	0.000788855	0.333195	0.0741342	0
3.58438	0.000761613	0.266556	0.0663127	0
3.58278	0.000770823	0.266556	0.0663127	0
3.58406	0.000785742	0.383174	0.0795753	0
3.584	0.000763494	0.283215	0.0683531	0
3.5837	0.000806757	0.383174	0.0795753	0
3.5844	0.000757656	0.433153	0.0843362	0
3.58438	0.00076064	0.299875	0.0703935	0
3.58293	0.00077024	0.316535	0.0724339	0
3.58483	0.00075143	0.283215	0.0683531	0
3.58553	0.000781785	0.516451	0.0921577	0
3.58464	0.000830432	0.416493	0.0829759	0
3.58409	0.000778348	0.316535	0.0724339	0
3.58402	0.000811752	0.299875	0.0703935	0
3.58346	0.000786326	0.283215	0.0683531	0
3.58312	0.000766348	0.399833	0.0812756	0
3.58351	0.000770369	0.283215	0.0683531	0
3.58376	0.000780747	0.266556	0.0663127	0
3.58399	0.000776726	0.299875	0.0703935	0
3.58398	0.000778672	0.233236	0.0622319	0
3.58442	0.000768878	0.249896	0.0642723	0
3.58476	0.000777115	0.316535	0.0724339	0
3.58474	0.000773159	0.249896	0.0642723	0
3.58471	0.000763494	0.316535	0.0724339	0
3.58427	0.000758629	0.199917	0.057471	0
3.58612	0.000773613	0.316535	0.0724339	0
3.58687	0.000791774	0.399833	0.0812756	0
3.58469	0.000755646	0.249896	0.0642723	0
3.58424	0.000759083	0.199917	0.057471	0
3.58603	0.000796185	0.299875	0.0703935	0
3.58475	0.000749549	0.216576	0.0598515	0
3.58519	0.000773742	0.316535	0.0724339	0
3.58501	0.000755581	0.233236	0.0622319	0
3.58369	0.000745073	0.116618	0.0438684	0
3.5841	0.000779774	0.366514	0.0778749	0
3.58515	0.000788661	0.299875	0.0703935	0
3.58456	0.00076758	0.349854	0.0761746	0
3.58618	0.000756359	0.299875	0.0703935	0
3.58573	0.00080319	0.283215	0.0683531	0
3.58448	0.000761678	0.266556	0.0663127	0
3.58468	0.000772834	0.199917	0.057471	0
3.58594	0.000768294	0.316535	0.0724339	0
3.58658	0.000780683	0.449813	0.0890971	0
3.58581	0.000821416	0.283215	0.0683531	0
3.58519	0.000774585	0.316535	0.0724339	0
3.5849	0.000761872	0.316535	0.0724339	0
3.58436	0.000756424	0.166597	0.0527101	0
3.58541	0.000778672	0.316535	0.0724339	0
3.58586	0.000780229	0.366514	0.0778749	0
3.58591	0.000739365	0.299875	0.0703935	0
3.58737	0.000792098	0.383174	0.0795753	0
3.58678	0.000784185	0.383174	0.0795753	0
3.58725	0.000795666	0.299875	0.0703935	0
3.58726	0.000767191	0.299875	0.0703935	0
3.58574	0.000779126	0.283215	0.0683531	0
3.58537	0.000762327	0.299875	0.0703935	0
3.58666	0.000755775	0.149938	0.0499896	0
3.5866	0.000736771	0.316535	0.0724339	0
3.58581	0.000767191	0.249896	0.0642723	0
3.58559	0.000777634	0.333195	0.0741342	0
3.58584	0.000761094	0.299875	0.0703935	0
3.5866	0.000760964	0.233236	0.0622319	0
3.58642	0.00075811	0.249896	0.0642723	0
3.58681	0.00078198	0.383174	0.0829759	0
3.58632	0.00076064	0.266556	0.0663127	0
3.58622	0.000774521	0.299875	0.0703935	0
3.58662	0.00077945	0.316535	0.0724339	0
3.58585	0.000757981	0.283215	0.0683531	0
3.58591	0.000752403	0.283215	0.0683531	0
3.58615	0.000757008	0.283215	0.0683531	0
3.58727	0.000772834	0.283215	0.0683531	0
3.58637	0.000761678	0.349854	0.0761746	0
3.58604	0.000733657	0.233236	0.0622319	0
3.58604	0.000770045	0.316535	0.0724339	0
3.58671	0.00075117	0.249896	0.0642723	0
3.58678	0.000762327	0.233236	0.0663127	0
3.58683	0.000744684	0.233236	0.0622319	0
3.58693	0.000741765	0.216576	0.0598515	0
3.58754	0.00075104	0.216576	0.0598515	0
3.58715	0.000758824	0.283215	0.0683531	0
3.58777	0.000787688	0.349854	0.0761746	0
3.58818	0.000768294	0.233236	0.0622319	0
3.58702	0.000760186	0.266556	0.0663127	0
3.58769	0.000756813	0.249896	0.0642723	0
3.58775	0.000800076	0.316535	0.0724339	0
3.58695	0.000758565	0.333195	0.0741342	0
3.58724	0.000731193	0.216576	0.0598515	0
3.58714	0.00073716	0.183257	0.0550906	0
3.5871	0.000733917	0.183257	0.0550906	0
3.58765	0.000750132	0.333195	0.0741342	0
3.58811	0.000787558	0.266556	0.0663127	0
3.58723	0.00074676	0.249896	0.0642723	0
3.58684	0.000747214	0.283215	0.0683531	0
3.58792	0.000746241	0.166597	0.0527101	0
3.58776	0.000738522	0.216576	0.0598515	0
3.58725	0.0007489	0.133278	0.046929	0
3.5874	0.000739365	0.149938	0.0499896	0
3.58728	0.000735344	0.216576	0.0598515	0
3.5877	0.000750457	0.166597	0.0527101	0
3.58816	0.000769915	0.316535	0.0724339	0
3.58864	0.000759862	0.266556	0.0663127	0
3.58983	0.000769851	0.399833	0.0812756	0
3.58916	0.000768942	0.199917	0.057471	0
3.58887	0.00077945	0.266556	0.0663127	0
3.58988	0.00078905	0.416493	0.0829759	0
3.58936	0.000768294	0.133278	0.046929	0
3.58829	0.000755516	0.299875	0.0703935	0
3.58944	0.000731582	0.149938	0.0499896	0
3.58831	0.00074676	0.283215	0.0683531	0
3.58794	0.000762651	0.249896	0.0642723	0
3.5892	0.000761354	0.233236	0.0622319	0
3.58892	0.0007537	0.266556	0.0663127	0
3.58946	0.000768683	0.249896	0.0642723	0
3.58954	0.000776012	0.216576	0.0598515	0
3.58873	0.000759991	0.283215	0.0683531	0
3.58862	0.000754932	0.249896	0.0642723	0
3.58935	0.000762391	0.216576	0.0598515	0
3.58932	0.000741117	0.166597	0.0527101	0
3.5881	0.000743452	0.116618	0.0438684	0
3.5883	0.000743257	0.233236	0.0622319	0
3.58976	0.000761548	0.333195	0.0741342	0
3.59046	0.000758889	0.199917	0.057471	0
3.58987	0.000762002	0.283215	0.0683531	0
3.59026	0.00076064	0.283215	0.0724339	0
3.5896	0.000737809	0.233236	0.0622319	0
3.59015	0.000729766	0.116618	0.0438684	0
3.59037	0.000731128	0.249896	0.0642723	0
3.5908	0.000743581	0.249896	0.0642723	0
3.58957	0.000738327	0.249896	0.0642723	0
3.59008	0.000748187	0.183257	0.0550906	0
3.59096	0.000755581	0.216576	0.0598515	0
3.59005	0.00077971	0.266556	0.0663127	0
3.5913	0.000763235	0.316535	0.0724339	0
3.5909	0.000742284	0.133278	0.046929	0
3.59062	0.000771926	0.299875	0.0703935	0
3.5906	0.000743646	0.283215	0.0724339	0
3.58982	0.000758954	0.183257	0.0550906	0
3.59006	0.000755386	0.216576	0.0598515	0
3.59123	0.000749678	0.216576	0.0598515	0
3.59111	0.000766348	0.449813	0.0860365	0
3.59188	0.000756035	0.199917	0.057471	0
3.59195	0.000769137	0.249896	0.0642723	0
3.59175	0.000775429	0.266556	0.0663127	0
3.59164	0.000764143	0.249896	0.0642723	0
3.5906	0.000766089	0.216576	0.0598515	0
3.59124	0.000761937	0.249896	0.0642723	0
3.59262	0.000740727	0.283215	0.0683531	0
3.5916	0.000753051	0.183257	0.0550906	0
3.59098	0.000765245	0.266556	0.0663127	0
3.59137	0.000730739	0.199917	0.057471	0
3.59175	0.000742803	0.266556	0.0663127	0
3.59226	0.000747927	0.283215	0.0683531	0
3.59232	0.000748511	0.166597	0.0527101	0
3.59099	0.000719907	0.183257	0.0550906	0
3.59135	0.00072049	0.0832986	0.0370671	0
3.59198	0.000748446	0.249896	0.0642723	0
3.59173	0.00072302	0.183257	0.0550906	0
3.59205	0.000754348	0.149938	0.0550906	0
3.59211	0.000740922	0.283215	0.0683531	0
3.59235	0.000749549	0.316535	0.0724339	0
3.59397	0.000781655	0.333195	0.0741342	0
3.59352	0.000753765	0.199917	0.057471	0
3.59189	0.000742544	0.199917	0.057471	0
3.59268	0.000757592	0.216576	0.0598515	0
3.59334	0.000759991	0.149938	0.0499896	0
3.59229	0.000731128	0.0999584	0.0408078	0
3.59241	0.000733203	0.233236	0.0622319	0
3.59339	0.000753894	0.233236	0.0622319	0
3.593	0.000749808	0.249896	0.0642723	0
3.59363	0.000742349	0.283215	0.0683531	0
3.59362	0.000757332	0.199917	0.057471	0
3.59301	0.000743906	0.199917	0.057471	0
3.59443	0.000741895	0.199917	0.057471	0
3.59336	0.000745008	0.366514	0.0778749	0
3.59334	0.0007417	0.116618	0.0438684	0
3.59364	0.000748705	0.299875	0.0703935	0
3.59348	0.000770045	0.283215	0.0683531	0
3.59368	0.000773937	0.333195	0.0741342	0
3.59333	0.000736836	0.233236	0.0622319	0
3.59314	0.000736187	0.149938	0.0499896	0
3.59336	0.000722761	0.149938	0.0499896	0
3.59286	0.000730025	0.116618	0.0438684	0
3.59317	0.000703432	0.183257	0.0550906	0
3.5946	0.000728533	0.216576	0.0598515	0
3.5948	0.000764078	0.316535	0.0724339	0
3.59316	0.000758629	0.266556	0.0663127	0
3.59413	0.000749354	0.233236	0.0622319	0
3.59529	0.000740014	0.183257	0.0550906	0
3.59398	0.000753246	0.183257	0.0550906	0
3.59371	0.000749484	0.283215	0.0683531	0
3.59494	0.000788725	0.216576	0.0642723	0
3.59381	0.000764791	0.216576	0.0598515	0
3.59423	0.000750068	0.233236	0.0622319	0
3.5953	0.00076784	0.283215	0.0683531	0
3.59475	0.000745916	0.149938	0.0499896	0
3.595	0.000758694	0.266556	0.0663127	0
3.59461	0.000775688	0.199917	0.057471	0
3.59404	0.000723409	0.0999584	0.0408078	0
3.59415	0.000732425	0.133278	0.046929	0
3.59435	0.000739171	0.149938	0.0499896	0
3.5944	0.00072769	0.116618	0.0438684	0
3.59448	0.000745397	0.233236	0.0622319	0
3.59504	0.000724252	0.0832986	0.0370671	0
3.59563	0.000728144	0.166597	0.0527101	0
3.59538	0.000719388	0.116618	0.0438684	0
3.59566	0.000724187	0.133278	0.046929	0
3.59583	0.000726782	0.116618	0.0438684	0
3.59653	0.000759083	0.199917	0.057471	0
3.59588	0.000732814	0.233236	0.0622319	0
3.59578	0.000759602	0.166597	0.0527101	0
3.59577	0.000761483	0.233236	0.0622319	0
3.59564	0.000728209	0.216576	0.0598515	0
3.59661	0.000770564	0.216576	0.0598515	0
3.5958	0.000741246	0.149938	0.0499896	0
3.59642	0.000708815	0.199917	0.057471	0
3.59675	0.000743257	0.299875	0.0703935	0
3.59562	0.000745268	0.116618	0.0438684	0
3.596	0.000759862	0.266556	0.0663127	0
3.59722	0.000801893	0.166597	0.0527101	0
3.5964	0.000747603	0.216576	0.0598515	0
3.59617	0.000764662	0.266556	0.0663127	0
3.59665	0.000739819	0.116618	0.0438684	0
3.59702	0.00073463	0.166597	0.0527101	0
3.59796	0.000747733	0.216576	0.0598515	0
3.59834	0.000751949	0.233236	0.0622319	0
3.59608	0.000731776	0.183257	0.0550906	0
3.59559	0.000710891	0.0832986	0.0370671	0
3.59742	0.000735798	0.199917	0.057471	0
3.59773	0.000740857	0.216576	0.0598515	0
3.5965	0.000745851	0.266556	0.0663127	0
3.59731	0.000754284	0.199917	0.057471	0
3.59828	0.000741181	0.299875	0.0703935	0
3.5971	0.000730285	0.183257	0.0550906	0
3.59665	0.000731452	0.199917	0.057471	0
3.59691	0.000735798	0.116618	0.0499896	0
3.59712	0.000738327	0.249896	0.0642723	0
3.59804	0.000762521	0.316535	0.0761746	0
3.59769	0.000738976	0.0999584	0.0408078	0
3.5974	0.000736317	0.183257	0.0550906	0
3.59744	0.000774261	0.266556	0.0703935	0
3.59741	0.000750781	0.116618	0.0438684	0
3.59772	0.000731582	0.166597	0.0527101	0
3.5987	0.000747797	0.249896	0.0642723	0
3.59881	0.000752273	0.183257	0.0550906	0
3.59846	0.00073249	0.0832986	0.0370671	0
3.59896	0.00072795	0.216576	0.0642723	0
3.59946	0.000733333	0.149938	0.0499896	0
3.59798	0.000727431	0.166597	0.0527101	0
3.59886	0.000739236	0.266556	0.0663127	0
3.60015	0.000728598	0.116618	0.0438684	0
3.59836	0.00071128	0.133278	0.046929	0
3.59763	0.000708815	0.149938	0.0499896	0
3.59893	0.000743192	0.183257	0.0550906	0
3.59875	0.000720036	0.149938	0.0499896	0
3.59873	0.000723928	0.166597	0.0527101	0
3.59848	0.000721139	0.166597	0.0527101	0
3.59803	0.000736771	0.249896	0.0642723	0
3.59845	0.000742608	0.0999584	0.0408078	0
3.59911	0.000706934	0.116618	0.0438684	0
3.59958	0.000723669	0.233236	0.0622319	0
3.59975	0.000730479	0.133278	0.046929	0
3.59972	0.000747862	0.199917	0.057471	0
3.59924	0.000759019	0.249896	0.0642723	0
3.5997	0.000725939	0.233236	0.0622319	0
3.59932	0.000722436	0.133278	0.046929	0
3.60108	0.000736122	0.199917	0.057471	0
3.60013	0.000730998	0.149938	0.0499896	0
3.59916	0.000737614	0.216576	0.0598515	0
3.60011	0.000714523	0.283215	0.0683531	0
3.60128	0.00074663	0.233236	0.0622319	0
3.60038	0.000740857	0.199917	0.057471	0
3.601	0.000734436	0.183257	0.0550906	0
3.60034	0.000723344	0.183257	0.0550906	0
3.6006	0.00074397	0.183257	0.0550906	0
3.6014	0.000719582	0.183257	0.0550906	0
3.60032	0.000735474	0.266556	0.0663127	0
3.60059	0.000734565	0.233236	0.0622319	0
3.60111	0.00071608	0.183257	0.0550906	0
3.60084	0.000738263	0.199917	0.057471	0
3.60102	0.000715755	0.183257	0.0550906	0
3.60054	0.000728404	0.183257	0.0550906	0
3.59988	0.000736901	0.116618	0.0438684	0
3.60196	0.000714847	0.149938	0.0499896	0
3.60213	0.000737873	0.216576	0.0598515	0
3.60212	0.000760251	0.199917	0.057471	0
3.60112	0.000721269	0.116618	0.0438684	0
3.60052	0.000735279	0.216576	0.0598515	0
3.60115	0.000715496	0.149938	0.0499896	0
3.60094	0.000728144	0.216576	0.0598515	0
3.60038	0.000731906	0.199917	0.057471	0
3.60151	0.000731971	0.149938	0.0499896	0
3.60223	0.000726847	0.266556	0.0663127	0
3.60156	0.000730868	0.183257	0.0550906	0
3.60265	0.000762651	0.233236	0.0622319	0
3.60254	0.000752921	0.216576	0.0598515	0
3.60128	0.000716793	0.0999584	0.0408078	0
3.60189	0.000739041	0.116618	0.0438684	0
3.60216	0.000725096	0.116618	0.0438684	0
3.6025	0.000744814	0.283215	0.0683531	0
3.60178	0.000712318	0.0999584	0.0408078	0
3.60125	0.000700513	0.0832986	0.0370671	0
3.60218	0.000709139	0.116618	0.0438684	0
3.60383	0.000732101	0.216576	0.0598515	0
3.60261	0.000730285	0.183257	0.0550906	0
3.60291	0.000729701	0.216576	0.0598515	0
3.60468	0.000730414	0.216576	0.0598515	0
3.60329	0.000751495	0.183257	0.0550906	0
3.60245	0.00073703	0.149938	0.0499896	0
3.60326	0.00071595	0.133278	0.046929	0
3.60387	0.000754608	0.233236	0.0622319	0
3.60339	0.000739884	0.149938	0.0499896	0
3.60392	0.000745787	0.133278	0.046929	0
3.60426	0.000713355	0.133278	0.046929	0
3.60342	0.000722306	0.116618	0.0438684	0
3.60366	0.000729701	0.0832986	0.0370671	0
3.60375	0.00069221	0.116618	0.0438684	0
3.60347	0.000722112	0.183257	0.0550906	0
3.60422	0.000729506	0.216576	0.0598515	0
3.60283	0.000722047	0.0999584	0.0408078	0
3.60345	0.000725031	0.216576	0.0598515	0
3.60482	0.000720231	0.149938	0.0499896	0
3.60487	0.000742673	0.249896	0.0642723	0
3.60462	0.000766024	0.266556	0.0663127	0
3.60436	0.000730933	0.116618	0.0438684	0
3.60518	0.000744295	0.216576	0.0598515	0
3.60366	0.000692924	0.0999584	0.0408078	0
3.60319	0.000713939	0.133278	0.046929	0
3.60593	0.000754543	0.199917	0.057471	0
3.60562	0.000730933	0.149938	0.0499896	0
3.60512	0.000737938	0.199917	0.057471	0
3.60575	0.000719842	0.166597	0.0527101	0
3.60458	0.000721593	0.166597	0.0527101	0
3.60577	0.0007537	0.166597	0.0527101	0
3.60577	0.000746954	0.116618	0.0438684	0
3.60426	0.000717377	0.133278	0.046929	0
3.60406	0.000744035	0.199917	0.057471	0
3.60502	0.0007489	0.0999584	0.0408078	0
3.60557	0.00072782	0.116618	0.0438684	0
3.60566	0.000735538	0.116618	0.0438684	0
3.60573	0.000737225	0.233236	0.0622319	0
3.60536	0.000734955	0.199917	0.057471	0
3.60568	0.000749354	0.199917	0.057471	0
3.60623	0.000736382	0.199917	0.057471	0
3.60572	0.000741765	0.199917	0.057471	0
3.60671	0.000729312	0.166597	0.0527101	0
3.60674	0.0007537	0.349854	0.0761746	0
3.60616	0.000743776	0.0999584	0.0408078	0
3.60563	0.000730933	0.166597	0.057471	0
3.60601	0.000721463	0.149938	0.0499896	0
3.60709	0.000747797	0.266556	0.0663127	0
3.60705	0.000759537	0.266556	0.0663127	0
3.60637	0.000750976	0.0832986	0.0370671	0
3.60595	0.000718285	0.116618	0.0438684	0
3.60702	0.000719063	0.0832986	0.0370671	0
3.60741	0.000714653	0.183257	0.0550906	0
3.60709	0.000705767	0.0832986	0.0370671	0
3.6062	0.000719323	0.116618	0.0438684	0
3.60545	0.00073476	0.149938	0.0499896	0
3.60732	0.00073236	0.216576	0.0598515	0
3.60788	0.000728274	0.149938	0.0499896	0
3.60734	0.000732425	0.166597	0.0527101	0
3.60729	0.000733268	0.149938	0.0499896	0
3.6083	0.000726328	0.249896	0.0642723	0
3.60825	0.000736511	0.133278	0.046929	0
3.60749	0.000725874	0.133278	0.046929	0
3.6076	0.000740014	0.0832986	0.0370671	0
3.60754	0.00072795	0.116618	0.0438684	0
3.60755	0.000733787	0.199917	0.057471	0
3.60772	0.000709269	0.116618	0.0438684	0
3.60885	0.000709658	0.266556	0.0663127	0
3.6083	0.000744619	0.233236	0.0622319	0
3.60745	0.000735992	0.133278	0.046929	0
3.60768	0.000725679	0.149938	0.0499896	0
3.60865	0.000733463	0.166597	0.0527101	0
3.6085	0.000710437	0.133278	0.046929	0
3.60819	0.000710696	0.116618	0.0438684	0
3.60829	0.000721723	0.0999584	0.0408078	0
3.60941	0.000711993	0.133278	0.046929	0
3.60979	0.000695194	0.0666389	0.0333264	0
3.60887	0.000711669	0.0166597	0.0166632	0
3.60891	0.000722696	0.166597	0.0527101	0
3.60883	0.000691627	0.0832986	0.0370671	0
3.60834	0.000700902	0.149938	0.0499896	0
3.60877	0.000699734	0.149938	0.0499896	0
3.60916	0.000712642	0.216576	0.0598515	0
3.60987	0.000701226	0.116618	0.0438684	0
3.61045	0.00073009	0.233236	0.0622319	0
3.61055	0.000714069	0.166597	0.0527101	0
3.60934	0.000731387	0.149938	0.0499896	0
3.6093	0.000734695	0.133278	0.046929	0
3.60938	0.000733398	0.183257	0.0550906	0
3.60955	0.000717247	0.133278	0.046929	0
3.60974	0.000708621	0.0832986	0.0370671	0
3.60982	0.000716599	0.133278	0.046929	0
3.61026	0.000700578	0.149938	0.0499896	0
3.60965	0.000725939	0.0999584	0.0408078	0
3.61077	0.000741246	0.233236	0.0622319	0
3.61099	0.00072769	0.166597	0.0527101	0
3.61141	0.000734955	0.216576	0.0598515	0
3.61216	0.000742803	0.166597	0.0527101	0
3.61056	0.000733398	0.166597	0.0527101	0
3.6106	0.000692016	0.133278	0.046929	0
3.61169	0.000749808	0.183257	0.0598515	0
3.61133	0.000726912	0.116618	0.0438684	0
3.6106	0.000719258	0.133278	0.046929	0
3.61143	0.000692729	0.116618	0.0438684	0
3.61127	0.00071128	0.133278	0.046929	0
3.61143	0.000709204	0.166597	0.0527101	0
3.61159	0.000707453	0.116618	0.0438684	0
3.61149	0.000706221	0.166597	0.0527101	0
3.61162	0.00070395	0.116618	0.0438684	0
3.61094	0.000716923	0.116618	0.0438684	0
3.61138	0.000699799	0.0999584	0.0408078	0
3.61204	0.000711539	0.133278	0.046929	0
3.61221	0.000703432	0.199917	0.057471	0
3.6117	0.000735084	0.0832986	0.0370671	0
3.61093	0.000701226	0.166597	0.0527101	0
3.6124	0.000703886	0.0666389	0.0333264	0
3.61329	0.000718415	0.116618	0.0438684	0
3.61282	0.000714588	0.133278	0.046929	0
3.61235	0.000682092	0.0832986	0.0370671	0
3.61223	0.000677487	0.0832986	0.0370671	0
3.61278	0.000728144	0.166597	0.0527101	0
3.6138	0.000715755	0.183257	0.0550906	0
3.61291	0.000733268	0.116618	0.0438684	0
3.61308	0.00070194	0.149938	0.0499896	0
3.61414	0.000701875	0.0832986	0.0370671	0
3.61407	0.000693183	0.149938	0.0499896	0
3.61318	0.000701226	0.116618	0.0438684	0
3.61298	0.000684297	0.0999584	0.0408078	0
3.61373	0.000707388	0.149938	0.0499896	0
3.61313	0.000711539	0.133278	0.046929	0
3.61317	0.000731387	0.199917	0.057471	0
3.6133	0.000719907	0.0999584	0.0408078	0
3.61373	0.000705248	0.0999584	0.0408078	0
3.6131	0.000695389	0.0333195	0.0234645	0
3.61259	0.00069234	0.183257	0.0550906	0
3.61346	0.000719323	0.0666389	0.0333264	0
3.61417	0.000721852	0.216576	0.0598515	0
3.61448	0.000715885	0.183257	0.0550906	0
3.61438	0.000716793	0.116618	0.0438684	0
3.61344	0.000693767	0.116618	0.0499896	0
3.614	0.000719517	0.149938	0.0499896	0
3.61503	0.000702523	0.183257	0.0550906	0
3.61459	0.000716793	0.166597	0.057471	0
3.61475	0.000735992	0.133278	0.046929	0
3.61495	0.000724901	0.0999584	0.0408078	0
3.61625	0.000720425	0.183257	0.0550906	0
3.61557	0.000716923	0.0999584	0.0408078	0
3.61465	0.000723539	0.233236	0.0622319	0
3.61523	0.000714393	0.0832986	0.0370671	0
3.61597	0.00070181	0.133278	0.046929	0
3.61606	0.00069727	0.0499792	0.0289055	0
3.61533	0.000722501	0.133278	0.046929	0
3.61529	0.000714653	0.166597	0.0527101	0
3.61486	0.000716339	0.116618	0.0438684	0
3.6153	0.000711539	0.133278	0.046929	0
3.61616	0.000705961	0.133278	0.046929	0
3.61623	0.000708621	0.116618	0.0438684	0
3.61617	0.000710242	0.133278	0.046929	0
3.61571	0.000720555	0.216576	0.0598515	0
3.61537	0.000708231	0.0999584	0.0408078	0
3.61588	0.000712707	0.116618	0.0438684	0
3.61668	0.000709075	0.166597	0.0527101	0
3.61619	0.000727431	0.0999584	0.0408078	0
3.61569	0.000698048	0.133278	0.046929	0
3.61654	0.000703042	0.166597	0.0527101	0
3.61637	0.000700772	0.0999584	0.0408078	0
3.61667	0.000723409	0.116618	0.0438684	0
3.61698	0.000701291	0.0999584	0.0408078	0
3.61699	0.000726328	0.166597	0.0527101	0
3.61666	0.000697075	0.133278	0.046929	0
3.61639	0.000711799	0.133278	0.046929	0
3.61691	0.000705961	0.0999584	0.0408078	0
3.6176	0.000726263	0.0832986	0.0370671	0
3.61807	0.000705507	0.0999584	0.0408078	0
3.61822	0.000705767	0.249896	0.0642723	0
3.61893	0.000699994	0.149938	0.0499896	0
3.61815	0.000687151	0.166597	0.0527101	0
3.61819	0.000717961	0.166597	0.0527101	0
3.61706	0.000715755	0.0333195	0.0234645	0
3.61683	0.00068047	0.0499792	0.0289055	0
3.61778	0.000699345	0.133278	0.046929	0
3.61848	0.000694027	0.166597	0.0527101	0
3.61751	0.000704923	0.133278	0.046929	0
3.61778	0.000687994	0.0832986	0.0370671	0
3.61814	0.000682157	0.0666389	0.0333264	0
3.61754	0.000705702	0.0666389	0.0333264	0
3.61825	0.000708621	0.149938	0.0499896	0
3.61792	0.000720944	0.183257	0.0550906	0
3.61793	0.00071608	0.133278	0.046929	0
3.61781	0.000702718	0.149938	0.0499896	0
3.6186	0.000690719	0.116618	0.0438684	0
3.61896	0.000699151	0.116618	0.0438684	0
3.61931	0.000711993	0.0832986	0.0370671	0
3.61829	0.000702718	0.0999584	0.0408078	0
3.6187	0.000705053	0.149938	0.0499896	0
3.61953	0.00071381	0.133278	0.046929	0
3.6191	0.000710631	0.116618	0.0438684	0
3.61869	0.000700513	0.0999584	0.0408078	0
3.61982	0.000728339	0.183257	0.0550906	0
3.62027	0.000718544	0.116618	0.0438684	0
3.61942	0.000709983	0.0832986	0.0370671	0
3.61969	0.000709139	0.116618	0.0438684	0
3.62006	0.000700902	0.0666389	0.0333264	0
3.61924	0.000705702	0.116618	0.0438684	0
3.61967	0.000721788	0.183257	0.0550906	0
3.6191	0.000722306	0.149938	0.0499896	0
3.62006	0.000684038	0.0999584	0.0408078	0
3.62093	0.000710307	0.116618	0.0438684	0
3.62023	0.000715691	0.149938	0.0499896	0
3.61891	0.000685076	0.133278	0.046929	0
3.61961	0.000696297	0.0333195	0.0234645	0
3.62057	0.00070635	0.116618	0.0438684	0
3.61983	0.000699864	0.233236	0.0622319	0
3.62019	0.000706999	0.0832986	0.0370671	0
3.6202	0.000693183	0.149938	0.0499896	0
3.62087	0.000702978	0.133278	0.046929	0
3.6209	0.000696426	0.133278	0.046929	0
3.62176	0.000698697	0.133278	0.046929	0
3.62158	0.000715172	0.133278	0.046929	0
3.62151	0.000704275	0.166597	0.0527101	0
3.62204	0.000721204	0.216576	0.0598515	0
3.62221	0.000705896	0.133278	0.046929	0
3.62169	0.000714588	0.149938	0.0499896	0
3.62136	0.000728598	0.166597	0.0527101	0
3.62143	0.000709788	0.116618	0.0438684	0
3.62142	0.000713874	0.149938	0.0499896	0
3.62121	0.000726847	0.0999584	0.0408078	0
3.6224	0.000683259	0.0666389	0.0333264	0
3.62238	0.000690719	0.0999584	0.0408078	0
3.62262	0.000707583	0.133278	0.046929	0
3.62211	0.000706026	0.133278	0.046929	0
3.62262	0.000699151	0.116618	0.0438684	0
3.62366	0.000729312	0.166597	0.0527101	0
3.6231	0.00071368	0.133278	0.046929	0
0	0	0	0	0
0	0	0	0	0
0	0	0	0	0
0	0	0	0	0
0	0	0	0	0
0	0	0	0	0
0	0	0	0	0
0	0	0	0	0
0	0	0	0	0
0	0	0	0	0
0	0	0	0	0
0	0	0	0	0
0	0	0	0	0
0	0	0	0	0
0	0	0	0	0
0	0	0	0	0
0	0	0	0	0
0	0	0	0	0
0	0	0	0	0
0	0	0	0	0
0	0	0	0	0
0	0	0	0	0
0	0	0	0	0
0	0	0	0	0
0	0	0	0	0
0	0	0	0	0
0	0	0	0	0
0	0	0	0	0
0	0	0	0	0
0	0	0	0	0
0	0	0	0	0
0	0	0	0	0
0	0	0	0	0
0	0	0	0	0
0	0	0	0	0
0	0	0	0	0
0	0	0	0	0
0	0	0	0	0
0	0	0	0	0
0	0	0	0	0
0	0	0	0	0
0	0	0	0	0
0	0	0	0	0
0	0	0	0	0
0	0	0	0	0
0	0	0	0	0
0	0	0	0	0
0	0	0	0	0
0	0	0	0	0
0	0	0	0	0
0	0	0	0	0
0	0	0	0	0
0	0	0	0	0
0	0	0	0	0
0	0	0	0	0
0	0	0	0	0
0	0	0	0	0
0	0	0	0	0
0	0	0	0	0
0	0	0	0	0
0	0	0	0	0
0	0	0	0	0
0	0	0	0	0
0	0	0	0	0
0	0	0	0	0
0	0	0	0	0
0	0	0	0	0
0	0	0	0	0
0	0	0	0	0
0	0	0	0	0
0	0	0	0	0
0	0	0	0	0
0	0	0	0	0
0	0	0	0	0
0	0	0	0	0
0	0	0	0	0
0	0	0	0	0
0	0	0	0	0
0	0	0	0	0
0	0	0	0	0
0	0	0	0	0
0	0	0	0	0
0	0	0	0	0
0	0	0	0	0
0	0	0	0	0
0	0	0	0	0
0	0	0	0	0
0	0	0	0	0
0	0	0	0	0
0	0	0	0	0
0	0	0	0	0
0	0	0	0	0
0	0	0	0	0
0	0	0	0	0
0	0	0	0	0
0	0	0	0	0
0	0	0	0	0
0	0	0	0	0
0	0	0	0	0
0	0	0	0	0
0	0	0	0	0
0	0	0	0	0
0	0	0	0	0
0	0	0	0	0
0	0	0	0	0
0	0	0	0	0
0	0	0	0	0
0	0	0	0	0
0	0	0	0	0
0	0	0	0	0
0	0	0	0	0
0	0	0	0	0
0	0	0	0	0
0	0	0	0	0
0	0	0	0	0
0	0	0	0	0
0	0	0	0	0
0	0	0	0	0
0	0	0	0	0
0	0	0	0	0
0	0	0	0	0
0	0	0	0	0
0	0	0	0	0
0	0	0	0	0
0	0	0	0	0
0	0	0	0	0
0	0	0	0	0
0	0	0	0	0
0	0	0	0	0
0	0	0	0	0
0	0	0	0	0
0	0	0	0	0
0	0	0	0	0
0	0	0	0	0
0	0	0	0	0
0	0	0	0	0
0	0	0	0	0
0	0	0	0	0
0	0	0	0	0
0	0	0	0	0
0	0	0	0	0
0	0	0	0	0
0	0	0	0	0
0	0	0	0	0
0	0	0	0	0
0	0	0	0	0
0	0	0	0	0
0	0	0	0	0
0	0	0	0	0
0	0	0	0	0
0	0	0	0	0
0	0	0	0	0
0	0	0	0	0
0	0	0	0	0
0	0	0	0	0
0	0	0	0	0
0	0	0	0	0
0	0	0	0	0
0	0	0	0	0
0	0	0	0	0
0	0	0	0	0
0	0	0	0	0
0	0	0	0	0
0	0	0	0	0
0	0	0	0	0
0	0	0	0	0
0	0	0	0	0
0	0	0	0	0
0	0	0	0	0
0	0	0	0	0
0	0	0	0	0
0	0	0	0	0
0	0	0	0	0
0	0	0	0	0
0	0	0	0	0
0	0	0	0	0
0	0	0	0	0
0	0	0	0	0
0	0	0	0	0
0	0	0	0	0
0	0	0	0	0
0	0	0	0	0
0	0	0	0	0
0	0	0	0	0
0	0	0	0	0
0	0	0	0	0
0	0	0	0	0
0	0	0	0	0
0	0	0	0	0
0	0	0	0	0
0	0	0	0	0
0	0	0	0	0
0	0	0	0	0
0	0	0	0	0
0	0	0	0	0
0	0	0	0	0
0	0	0	0	0
0	0	0	0	0
0	0	0	0	0
0	0	0	0	0
0	0	0	0	0
0	0	0	0	0
0	0	0	0	0
0	0	0	0	0
0	0	0	0	0
0	0	0	0	0
0	0	0	0	0
0	0	0	0	0
0	0	0	0	0
0	0	0	0	0
0	0	0	0	0
0	0	0	0	0
0	0	0	0	0
0	0	0	0	0
0	0	0	0	0
0	0	0	0	0
0	0	0	0	0
0	0	0	0	0
0	0	0	0	0
0	0	0	0	0
0	0	0	0	0
0	0	0	0	0
0	0	0	0	0
0	0	0	0	0
0	0	0	0	0
0	0	0	0	0
0	0	0	0	0
0	0	0	0	0
0	0	0	0	0
0	0	0	0	0
0	0	0	0	0
0	0	0	0	0
0	0	0	0	0
0	0	0	0	0
0	0	0	0	0
0	0	0	0	0
0	0	0	0	0
0	0	0	0	0
0	0	0	0	0
0	0	0	0	0
0	0	0	0	0
0	0	0	0	0
0	0	0	0	0
0	0	0	0	0
0	0	0	0	0
0	0	0	0	0
0	0	0	0	0
0	0	0	0	0
0	0	0	0	0
0	0	0	0	0
0	0	0	0	0
0	0	0	0	0
0	0	0	0	0
0	0	0	0	0
0	0	0	0	0
0	0	0	0	0
0	0	0	0	0
0	0	0	0	0
0	0	0	0	0
0	0	0	0	0
0	0	0	0	0
0	0	0	0	0
0	0	0	0	0
0	0	0	0	0
0	0	0	0	0
0	0	0	0	0
0	0	0	0	0
0	0	0	0	0
0	0	0	0	0
0	0	0	0	0
0	0	0	0	0
0	0	0	0	0
0	0	0	0	0
0	0	0	0	0
0	0	0	0	0
0	0	0	0	0
0	0	0	0	0
0	0	0	0	0
0	0	0	0	0
0	0	0	0	0
0	0	0	0	0
0	0	0	0	0
0	0	0	0	0
0	0	0	0	0
0	0	0	0	0
0	0	0	0	0
0	0	0	0	0
0	0	0	0	0
0	0	0	0	0
0	0	0	0	0
0	0	0	0	0
0	0	0	0	0
0	0	0	0	0
0	0	0	0	0
0	0	0	0	0
0	0	0	0	0
0	0	0	0	0
0	0	0	0	0
0	0	0	0	0
0	0	0	0	0
0	0	0	0	0
0	0	0	0	0
0	0	0	0	0
0	0	0	0	0
0	0	0	0	0
0	0	0	0	0
0	0	0	0	0
0	0	0	0	0
0	0	0	0	0
0	0	0	0	0
0	0	0	0	0
0	0	0	0	0
0	0	0	0	0
0	0	0	0	0
0	0	0	0	0
0	0	0	0	0
0	0	0	0	0
0	0	0	0	0
0	0	0	0	0
0	0	0	0	0
0	0	0	0	0
0	0	0	0	0
0	0	0	0	0
0	0	0	0	0
0	0	0	0	0
0	0	0	0	0
0	0	0	0	0
0	0	0	0	0
0	0	0	0	0
0	0	0	0	0
0	0	0	0	0
0	0	0	0	0
0	0	0	0	0
0	0	0	0	0
0	0	0	0	0
0	0	0	0	0
0	0	0	0	0
0	0	0	0	0
0	0	0	0	0
0	0	0	0	0
0	0	0	0	0
0	0	0	0	0
0	0	0	0	0
0	0	0	0	0
0	0	0	0	0
0	0	0	0	0
0	0	0	0	0
0	0	0	0	0
0	0	0	0	0
0	0	0	0	0
0	0	0	0	0
0	0	0	0	0
0	0	0	0	0
0	0	0	0	0
0	0	0	0	0
0	0	0	0	0
0	0	0	0	0
0	0	0	0	0
0	0	0	0	0
0	0	0	0	0
0	0	0	0	0
0	0	0	0	0
0	0	0	0	0
0	0	0	0	0
0	0	0	0	0
0	0	0	0	0
0	0	0	0	0
0	0	0	0	0
0	0	0	0	0
0	0	0	0	0
0	0	0	0	0
0	0	0	0	0
0	0	0	0	0
0	0	0	0	0
0	0	0	0	0
0	0	0	0	0
0	0	0	0	0
0	0	0	0	0
0	0	0	0	0
0	0	0	0	0
0	0	0	0	0
0	0	0	0	0
0	0	0	0	0
0	0	0	0	0
0	0	0	0	0
0	0	0	0	0
0	0	0	0	0
0	0	0	0	0
0	0	0	0	0
0	0	0	0	0
0	0	0	0	0
0	0	0	0	0
0	0	0	0	0
0	0	0	0	0
0	0	0	0	0
0	0	0	0	0
0	0	0	0	0
0	0	0	0	0
0	0	0	0	0
0	0	0	0	0
