a2611213.350571
Narit-cm 12/01/2026 13:05:05 12/01/2026 13:35:05 0045 0013.384714 0052.542598 00.0 00.0
0002394 0010 0000000 0010 05 0000000 0010 0000000 0010
1 0 1 01600 1 0000 3.75 00000.o 0 0 01 000 16 002394 0.500 BT0
1 2 1 02000 1 0000 3.75 00000.o 0 0 01 000 16 002394 0.500 S2A0
1 1 1 01600 1 0000 3.75 00000.o 0 0 00 000 00 002394 3.1746 BC0
1 3 1 02000 1 0000 3.75 00000.o 0 0 00 000 00 002394 3.1746 S2P0
1 5 0 01600 0 0000 1.00 00000.o 0 0 00 000 00 000000 0.000 OF0
0.000 .o Analog 0 	0.000 .o Analog StErr 0 	0.000 .o Photon Counting 0 	0.000 .o PC StErr 0 	0.000 .o Overflow Info 0 
30.8684	0.109719	156.007	0.83955	0
51.4166	0.159838	166.115	0.877463	0
113.933	0.699003	85.5639	1.19272	0
304.544	1.48935	0.300752	0.0707025	0
490.846	0.382233	19.0977	0.656475	1
499.966	0.0177059	134.52	1.33242	1
498.462	0.113024	136.909	1.37204	1
497.133	0.150664	26.6332	0.712148	1
499.931	0.0246992	12.8822	0.513703	1
500	0	27.5522	0.670478	1
500	0	66.8003	0.970366	1
500	0	125.196	1.09811	1
499.977	0.0156903	156.642	1.06054	1
499.989	0.0110808	125.948	1.06669	1
500	0	98.68	0.994275	1
500	0	95.9064	0.944066	1
500	0	97.7611	0.962169	1
500	0	103.308	0.963535	1
500	0	105.815	0.942359	1
497.094	0.133196	114.035	0.959436	1
469.578	0.392199	136.241	0.978222	1
429.102	0.400462	161.571	0.933137	0
392.438	0.374424	180.919	0.950214	0
359.718	0.352977	193.083	0.946116	0
330.723	0.329001	200.468	0.92733	0
305.028	0.309004	202.941	0.923231	0
282.041	0.292584	203.375	0.926305	0
261.677	0.275163	202.573	0.929038	0
243.493	0.25901	201.487	0.916059	0
227.061	0.245067	198.212	0.889759	0
212.197	0.232913	197.41	0.915376	0
198.573	0.220551	195.205	0.900689	0
185.918	0.214083	194.336	0.913326	0
174.103	0.207723	193.584	0.891808	0
163.005	0.200244	191.429	0.891125	0
152.54	0.195618	187.886	0.896248	0
142.614	0.192051	185.815	0.89454	0
133.153	0.187606	185.146	0.887709	0
124.299	0.183737	184.261	0.903421	0
115.978	0.180927	181.921	0.862434	0
107.986	0.177973	178.513	0.876438	0
100.348	0.17503	177.26	0.873022	0
93.0046	0.172792	177.661	0.871656	0
85.9565	0.171026	175.439	0.872339	0
79.2988	0.1683	173.25	0.876438	0
72.9334	0.163705	172.247	0.843307	0
66.8525	0.160124	169.424	0.867899	0
61.1309	0.156074	167.652	0.870973	0
55.7655	0.150454	169.056	0.876438	0
50.8472	0.143387	167.652	0.867557	0
46.3708	0.133691	163.726	0.875072	0
42.3163	0.122678	163.342	0.856969	0
38.7767	0.111878	159.95	0.865508	0
35.7195	0.100818	159.616	0.82213	0
33.077	0.0894509	157.26	0.839891	0
30.8594	0.0780153	154.653	0.829986	0
29.0727	0.0676564	151.546	0.839208	0
27.6161	0.0583272	151.746	0.843648	0
26.3849	0.0499071	149.156	0.838867	0
25.3899	0.0438497	146.934	0.825546	0
24.5802	0.0392353	147.018	0.824521	0
23.8743	0.0346399	143.425	0.815982	0
23.3389	0.0318921	142.974	0.827595	0
22.8946	0.0292215	142.49	0.811883	0
22.4748	0.0276253	141.771	0.814616	0
22.137	0.0260141	140.886	0.810859	0
21.8639	0.025283	138.129	0.826229	0
21.6171	0.0241595	139.983	0.832035	0
21.3654	0.0236654	136.374	0.834426	0
21.1437	0.0233413	136.926	0.82418	0
20.9777	0.0222897	135.589	0.814616	0
20.8299	0.0223798	136.775	0.81325	0
20.679	0.0231058	136.358	0.818373	0
20.5158	0.02222	134.737	0.816324	0
20.3682	0.0219817	135.205	0.815641	0
20.2426	0.0215388	133.584	0.815641	0
20.1153	0.0217551	134.319	0.831352	0
20.0266	0.022126	132.882	0.813591	0
19.9284	0.0216784	134.737	0.808809	0
19.816	0.0212839	134.937	0.825546	0
19.7341	0.0214951	134.069	0.807785	0
19.6477	0.0216032	133.133	0.81769	0
19.5625	0.0209828	133.35	0.819056	0
19.4571	0.0212783	133.049	0.820081	0
19.3793	0.0207574	132.598	0.804369	0
19.3336	0.0202704	131.763	0.829986	0
19.2612	0.0204803	132.381	0.805735	0
19.1665	0.0206334	131.997	0.800612	0
19.0912	0.0203639	131.596	0.818373	0
19.0832	0.0208908	130.376	0.808809	0
19.0191	0.020224	131.111	0.810176	0
18.8803	0.0202857	132.164	0.812908	0
18.8294	0.0201504	132.247	0.803003	0
18.8218	0.0199244	130.426	0.816324	0
18.7702	0.0199134	129.942	0.819056	0
18.6823	0.0196978	130.326	0.805735	0
18.6267	0.0198979	132.431	0.810176	0
18.6504	0.0200446	131.228	0.819398	0
18.6294	0.0201458	130.877	0.82418	0
18.5149	0.0195317	128.922	0.798904	0
18.4548	0.0197095	129.307	0.805052	0
18.4447	0.0198626	129.14	0.818715	0
18.398	0.0194682	129.841	0.803686	0
18.3753	0.0195961	129.19	0.832377	0
18.3537	0.0197459	129.273	0.82657	0
18.309	0.0201356	130.058	0.812567	0
18.2813	0.0200193	129.975	0.795147	0
18.2401	0.0201313	129.089	0.807785	0
18.2046	0.0197076	130.226	0.815299	0
18.1658	0.0195405	129.323	0.81325	0
18.1072	0.0198509	129.073	0.802661	0
18.1086	0.0193042	129.708	0.810859	0
18.0979	0.0193944	127.937	0.792073	0
18.0333	0.0196685	127.987	0.808468	0
17.9951	0.019973	128.338	0.827254	0
17.9792	0.0195769	128.237	0.827254	0
17.9641	0.0197924	129.457	0.809493	0
17.9375	0.0195578	127.703	0.814616	0
17.8588	0.0195633	128.421	0.829644	0
17.8205	0.0193534	127.636	0.797196	0
17.8085	0.0198817	129.424	0.814957	0
17.7425	0.0198014	128.254	0.807443	0
17.6799	0.0197252	128.17	0.800954	0
17.664	0.0194556	129.106	0.815982	0
17.6521	0.0193914	127.251	0.793439	0
17.6018	0.0193468	127.82	0.804711	0
17.5349	0.019249	128.321	0.807785	0
17.4974	0.0196375	127.402	0.79139	0
17.4608	0.0192687	127.886	0.807785	0
17.4156	0.0195564	129.073	0.799587	0
17.4184	0.0197425	128.421	0.803344	0
17.3949	0.0194002	125.564	0.808126	0
17.3003	0.0194553	126.8	0.812225	0
17.2456	0.0189313	127.552	0.808468	0
17.2226	0.0192264	127.953	0.793439	0
17.1733	0.0197875	125.965	0.777386	0
17.1279	0.0197781	126.449	0.823496	0
17.085	0.019662	126.182	0.80676	0
17.0398	0.0196666	127.151	0.797196	0
17.0012	0.0195364	126.85	0.815299	0
16.9481	0.0193788	125.013	0.790365	0
16.8833	0.0193381	125.948	0.820422	0
16.8526	0.0192358	125.046	0.807102	0
16.8147	0.0188773	125.547	0.820081	0
16.7877	0.018862	127.268	0.783876	0
16.7644	0.0187623	125.029	0.812225	0
16.7078	0.0194432	125.113	0.791048	0
16.6764	0.0194586	127.034	0.814957	0
16.6532	0.0194769	125.43	0.807443	0
16.5618	0.0194186	124.745	0.823496	0
16.5143	0.0193932	125.38	0.810176	0
16.5252	0.0192076	123.81	0.818715	0
16.482	0.019002	124.578	0.794122	0
16.4242	0.0191834	124.528	0.808468	0
16.3898	0.019725	124.595	0.806077	0
16.3607	0.0188488	124.311	0.815641	0
16.3121	0.019163	124.896	0.806419	0
16.2667	0.019264	124.695	0.810176	0
16.245	0.0190316	124.896	0.806419	0
16.2228	0.0188687	122.957	0.799587	0
16.1786	0.0183723	124.545	0.807785	0
16.1449	0.0187594	123.459	0.801978	0
16.1043	0.0191446	123.275	0.808126	0
16.0565	0.0189625	124.561	0.8112	0
15.9998	0.0189253	123.843	0.823155	0
15.9457	0.0186982	122.957	0.796855	0
15.9404	0.0189954	123.509	0.801637	0
15.9202	0.0189047	123.041	0.785583	0
15.8693	0.0188684	122.74	0.803344	0
15.8423	0.0190185	122.573	0.792415	0
15.8089	0.0196992	122.339	0.832377	0
15.7614	0.0189555	122.657	0.799246	0
15.7691	0.0195038	122.089	0.808126	0
15.7723	0.0191945	123.308	0.809834	0
15.7244	0.0183448	120.485	0.80676	0
15.6794	0.018702	123.208	0.796172	0
15.6592	0.018737	122.356	0.807443	0
15.6159	0.0188048	122.673	0.820764	0
15.5754	0.0187044	121.604	0.814274	0
15.5324	0.0185988	122.055	0.805394	0
15.5195	0.0186841	121.186	0.797538	0
15.5145	0.0186674	122.222	0.793781	0
15.4627	0.0188321	121.103	0.781826	0
15.4136	0.0183294	120.735	0.790365	0
15.3817	0.0182252	120.785	0.809493	0
15.3324	0.0184325	121.905	0.79788	0
15.33	0.0187011	120.735	0.798221	0
15.3185	0.0184072	120.635	0.812567	0
15.2607	0.0184907	119.148	0.813591	0
15.2294	0.0184788	121.17	0.795147	0
15.211	0.0184332	119.766	0.796172	0
15.181	0.0182794	119.298	0.815982	0
15.1417	0.017797	119.332	0.804711	0
15.1133	0.0179248	120.635	0.798904	0
15.0973	0.0182298	119.699	0.796855	0
15.073	0.0179956	119.165	0.793098	0
15.0276	0.0181121	119.482	0.776361	0
14.9852	0.0177667	118.964	0.817007	0
14.9672	0.0180563	119.014	0.794806	0
14.9521	0.0170146	119.282	0.798904	0
14.9282	0.0171089	118.095	0.804369	0
14.9144	0.0173539	119.883	0.796855	0
14.9176	0.0168784	118.981	0.804711	0
14.9008	0.0173321	119.365	0.810176	0
14.8777	0.0174671	119.114	0.770896	0
14.8614	0.0170625	119.231	0.792756	0
14.8542	0.0172159	119.198	0.802661	0
14.8458	0.0172764	118.279	0.796172	0
14.8145	0.0171819	118.864	0.77397	0
14.8158	0.0169822	118.931	0.80232	0
14.817	0.0171887	119.181	0.80027	0
14.7771	0.0169992	119.315	0.797196	0
14.7485	0.0168441	117.678	0.786267	0
14.7378	0.0171522	118.129	0.789682	0
14.7463	0.0167956	118.095	0.794464	0
14.7356	0.0163462	117.577	0.810517	0
14.7208	0.0168595	118.881	0.80232	0
14.7145	0.0170386	119.348	0.772946	0
14.7103	0.0167333	117.978	0.808468	0
14.7218	0.0162279	118.028	0.813933	0
14.721	0.0164373	118.062	0.809151	0
14.7004	0.0166527	117.427	0.814274	0
14.6587	0.0165459	117.778	0.799929	0
14.675	0.0165749	117.494	0.780119	0
14.6977	0.0170632	117.494	0.820764	0
14.662	0.0168314	118.897	0.80232	0
14.6684	0.0171115	119.632	0.792415	0
14.6761	0.0170041	117.678	0.795489	0
14.6582	0.0169826	118.864	0.790707	0
14.6426	0.0162411	117.26	0.795147	0
14.6243	0.0158268	118.062	0.800954	0
14.6136	0.0165509	117.627	0.806419	0
14.5912	0.0170174	117.343	0.785242	0
14.5823	0.0167198	120	0.795489	0
14.5945	0.0167207	118.179	0.798221	0
14.5567	0.0164757	117.277	0.795147	0
14.5393	0.0168844	116.391	0.8112	0
14.5584	0.0166275	117.778	0.79788	0
14.5351	0.0165258	117.059	0.793098	0
14.5186	0.0164714	117.193	0.794122	0
14.5309	0.0163101	116.792	0.803686	0
14.5329	0.016848	118.012	0.795489	0
14.5329	0.0165939	118.296	0.808468	0
14.5159	0.0165558	116.842	0.797196	0
14.4971	0.016715	116.157	0.796855	0
14.4835	0.0167386	116.174	0.806077	0
14.4835	0.0165778	118.045	0.797196	0
14.4843	0.0158728	117.226	0.805735	0
14.5001	0.0165271	117.16	0.794806	0
14.5189	0.0166068	117.059	0.783534	0
14.4974	0.016738	117.477	0.798221	0
14.4872	0.0163835	118.647	0.805052	0
14.4751	0.0164467	117.327	0.795147	0
14.4496	0.0163347	116.876	0.794464	0
14.4376	0.0164437	118.58	0.778411	0
14.441	0.0161419	116.424	0.807102	0
14.4388	0.0166251	115.656	0.791048	0
14.4245	0.0161837	116.692	0.807785	0
14.4295	0.0161198	115.205	0.790024	0
14.4324	0.0164193	116.775	0.801295	0
14.4179	0.0167146	116.892	0.791732	0
14.4248	0.016523	117.627	0.809493	0
14.409	0.0162237	115.806	0.792756	0
14.3735	0.0165212	117.377	0.798221	0
14.3766	0.0160658	116.608	0.798221	0
14.4109	0.0162849	118.48	0.800954	0
14.4368	0.0162781	116.909	0.807443	0
14.4155	0.0160815	116.842	0.804369	0
14.3897	0.0162037	117.31	0.798221	0
14.3871	0.01626	116.759	0.793781	0
14.3916	0.0165455	115.455	0.804028	0
14.3799	0.0167696	117.327	0.768506	0
14.3813	0.0163643	117.594	0.807443	0
14.3965	0.0161909	116.658	0.785242	0
14.3785	0.0162866	117.778	0.781485	0
14.36	0.0164847	115.99	0.774654	0
14.3701	0.0162431	116.157	0.787291	0
14.3636	0.0164146	115.789	0.812908	0
14.356	0.0162633	116.608	0.788657	0
14.3815	0.0164974	116.809	0.807785	0
14.3895	0.0157939	116.842	0.812225	0
14.3596	0.0161757	116.792	0.790707	0
14.3198	0.0160733	116.007	0.784217	0
14.3046	0.0162802	117.143	0.785583	0
14.3314	0.0162333	115.89	0.780119	0
14.3577	0.0164864	116.525	0.784217	0
14.3518	0.016477	116.591	0.805394	0
14.3227	0.0160778	117.026	0.816665	0
14.336	0.0161794	115.94	0.801637	0
14.3439	0.0163602	117.611	0.809834	0
14.328	0.0155851	117.427	0.812225	0
14.3415	0.01644	117.761	0.794122	0
14.3507	0.0162234	117.945	0.798221	0
14.3449	0.0164452	115.973	0.807443	0
14.3337	0.0158944	115.99	0.799929	0
14.3357	0.0159804	117.31	0.790365	0
14.32	0.0167338	116.424	0.809834	0
14.2993	0.0161379	116.541	0.79788	0
14.3459	0.0164659	117.26	0.797538	0
14.3455	0.0164521	117.059	0.795147	0
14.3087	0.0162763	116.658	0.798904	0
14.3249	0.0161808	117.661	0.803003	0
14.3434	0.016554	117.31	0.809151	0
14.3384	0.0164806	116.992	0.79583	0
14.3084	0.016469	116.708	0.803003	0
14.2848	0.0162599	116.074	0.800612	0
14.3023	0.0160367	117.911	0.783876	0
14.3302	0.0160558	116.508	0.790024	0
14.3241	0.0160426	115.472	0.829303	0
14.3001	0.0163058	116.942	0.804028	0
14.2996	0.0159998	117.277	0.782168	0
14.3159	0.0161105	116.692	0.812567	0
14.3217	0.0164477	116.09	0.814274	0
14.3001	0.016124	115.706	0.785583	0
14.2971	0.0162301	116.207	0.78695	0
14.3167	0.0160296	116.475	0.805394	0
14.323	0.0163142	116.809	0.788657	0
14.3283	0.016232	117.661	0.7849	0
14.3151	0.0164205	115.706	0.812908	0
14.312	0.0166561	116.658	0.804711	0
14.3277	0.0162248	116.057	0.80676	0
14.3198	0.0162038	116.959	0.804711	0
14.3183	0.016332	116.625	0.821789	0
14.3364	0.0160692	117.911	0.815299	0
14.3157	0.0161993	115.572	0.800612	0
14.2814	0.015686	116.541	0.823496	0
14.3039	0.0164782	117.611	0.806419	0
14.3308	0.0161524	117.46	0.81769	0
14.2964	0.0162234	117.427	0.799587	0
14.2668	0.0160023	116.608	0.80676	0
14.2898	0.0160957	117.26	0.804028	0
14.3075	0.0158973	118.847	0.793098	0
14.2985	0.0158341	116.257	0.821447	0
14.2886	0.0161589	115.673	0.821447	0
14.2915	0.0160384	117.744	0.808126	0
14.2704	0.0160525	118.513	0.821105	0
14.2635	0.0160245	115.405	0.795147	0
14.3061	0.0158993	116.876	0.803344	0
14.3007	0.0158099	116.408	0.797196	0
14.2447	0.015649	117.243	0.791048	0
14.2437	0.0158535	115.372	0.788316	0
14.2784	0.0159028	116.374	0.796172	0
14.3079	0.0161741	117.728	0.786267	0
14.2771	0.0161775	114.82	0.825887	0
14.2399	0.0163475	116.625	0.785583	0
14.283	0.0164436	118.012	0.79583	0
14.3063	0.0157135	117.026	0.792073	0
14.2719	0.0159698	116.926	0.789682	0
14.2806	0.0159825	115.923	0.790707	0
14.2825	0.016143	116.124	0.808468	0
14.2614	0.0160607	116.341	0.80232	0
14.2629	0.0165217	117.293	0.810859	0
14.2763	0.0164662	116.424	0.792415	0
14.2836	0.0160043	116.458	0.798563	0
14.2904	0.0161466	116.658	0.805394	0
14.2854	0.015753	115.155	0.775678	0
14.2738	0.0164022	115.84	0.782851	0
14.2613	0.0160023	116.107	0.809493	0
14.2486	0.0161548	115.238	0.805052	0
14.2591	0.0162452	116.241	0.787633	0
14.2749	0.0162157	115.539	0.797196	0
14.2554	0.0161954	117.46	0.79583	0
14.2532	0.0163503	116.408	0.7849	0
14.2832	0.0159883	116.074	0.797538	0
14.2819	0.0163096	115.84	0.803344	0
14.2799	0.0161025	117.477	0.800612	0
14.2801	0.0159757	116.725	0.80232	0
14.2604	0.0163977	114.553	0.806077	0
14.2571	0.0159292	117.026	0.796172	0
14.2555	0.016453	116.023	0.797538	0
14.2434	0.0160961	115.957	0.799587	0
14.2565	0.0159531	117.661	0.79583	0
14.2767	0.0159151	116.508	0.792756	0
14.258	0.0157318	116.274	0.790365	0
14.2655	0.0162287	115.89	0.772263	0
14.2579	0.0162276	117.327	0.801295	0
14.227	0.0161528	116.591	0.794806	0
14.2419	0.0165463	117.043	0.814957	0
14.2564	0.0160288	117.494	0.788316	0
14.2531	0.0160373	117.076	0.808468	0
14.2632	0.0160463	116.942	0.789341	0
14.2754	0.0160793	117.627	0.798563	0
14.2753	0.0159559	116.19	0.807102	0
14.2583	0.0162955	116.441	0.807785	0
14.2666	0.0160954	118.697	0.789682	0
14.2767	0.0155838	115.656	0.82657	0
14.2514	0.01628	117.494	0.788657	0
14.2446	0.0158094	116.825	0.820422	0
14.2487	0.0160109	117.527	0.788999	0
14.2379	0.01602	116.257	0.792756	0
14.2552	0.0158616	117.711	0.781143	0
14.2658	0.0160817	114.887	0.782168	0
14.2514	0.016006	116.475	0.788657	0
14.2676	0.0161417	117.393	0.791732	0
14.2617	0.0160389	117.21	0.807443	0
14.2374	0.0161002	115.756	0.790024	0
14.2303	0.0159677	117.828	0.802661	0
14.2798	0.0160545	116.04	0.805735	0
14.2879	0.0157568	115.756	0.806077	0
14.2478	0.0157051	117.143	0.796855	0
14.2377	0.015769	115.205	0.798563	0
14.235	0.015963	115.673	0.7849	0
14.2382	0.0162791	116.825	0.813591	0
14.2492	0.0159307	117.226	0.794806	0
14.2666	0.0155464	116.241	0.807443	0
14.2495	0.016588	115.372	0.812567	0
14.2135	0.0160508	116.408	0.804369	0
14.2305	0.0157501	117.16	0.800612	0
14.2518	0.0158923	117.076	0.805394	0
14.2336	0.0160729	116.525	0.82418	0
14.2365	0.0165176	116.591	0.791048	0
14.264	0.0162847	117.143	0.787974	0
14.2311	0.0156979	116.809	0.788999	0
14.1964	0.0160892	115.957	0.819739	0
14.2194	0.0161514	116.992	0.795489	0
14.2423	0.0161387	116.09	0.796513	0
14.2364	0.0159577	115.973	0.790024	0
14.2454	0.0156285	117.193	0.777728	0
14.2643	0.0163632	116.224	0.801978	0
14.238	0.0166249	116.374	0.807102	0
14.219	0.0159126	116.341	0.799587	0
14.2382	0.0162623	116.525	0.782509	0
14.2277	0.0161333	115.405	0.804369	0
14.22	0.0160285	116.558	0.806077	0
14.2263	0.0159526	116.475	0.791732	0
14.2129	0.0160019	115.472	0.791048	0
14.223	0.0157878	116.942	0.797196	0
14.2274	0.0156426	115.589	0.798221	0
14.2131	0.0159159	117.644	0.813933	0
14.2351	0.0159255	116.391	0.801637	0
14.2389	0.0158311	115.84	0.784559	0
14.213	0.0156835	115.923	0.79583	0
14.2231	0.0162263	115.773	0.793781	0
14.239	0.0161823	116.625	0.788657	0
14.2293	0.0158645	115.539	0.810176	0
14.2122	0.0158587	115.856	0.787974	0
14.2187	0.0158367	117.377	0.79139	0
14.2339	0.0159539	116.124	0.790707	0
14.2265	0.016097	116.959	0.79139	0
14.215	0.0159367	116.074	0.816665	0
14.2149	0.0163697	116.14	0.81769	0
14.2258	0.0159139	116.742	0.805735	0
14.2201	0.015918	115.673	0.774654	0
14.2136	0.0163009	117.109	0.804028	0
14.2288	0.0158219	116.358	0.800612	0
14.2212	0.0162907	116.809	0.829644	0
14.2157	0.0157195	116.358	0.803003	0
14.2097	0.016082	115.238	0.794122	0
14.1978	0.0163813	116.14	0.792073	0
14.2248	0.0160675	115.873	0.784559	0
14.2432	0.0158747	115.272	0.781826	0
14.2191	0.0164545	115.639	0.799929	0
14.2159	0.0157632	116.842	0.808468	0
14.2163	0.0161386	116.207	0.793781	0
14.2087	0.0157218	116.074	0.801978	0
14.2228	0.0162922	115.957	0.779094	0
14.2239	0.0164572	116.575	0.789682	0
14.2036	0.0166208	116.458	0.811542	0
14.2236	0.0162913	115.873	0.801637	0
14.2476	0.0161455	116.057	0.806077	0
14.2258	0.0160673	116.942	0.787633	0
14.2182	0.0161975	115.99	0.781143	0
14.2115	0.0156684	116.408	0.799929	0
14.2166	0.0161763	116.876	0.796513	0
14.2333	0.016546	116.608	0.80027	0
14.2101	0.0158888	115.522	0.790024	0
14.1994	0.0158501	115.99	0.786608	0
14.2107	0.0160025	116.809	0.781826	0
14.2268	0.0155001	116.09	0.789682	0
14.2249	0.0163067	116.207	0.80676	0
14.2311	0.0162595	116.658	0.776703	0
14.2266	0.0158757	117.393	0.807102	0
14.1954	0.0158916	116.224	0.798904	0
14.2114	0.0161717	116.809	0.797196	0
14.2095	0.0160361	115.221	0.808126	0
14.1935	0.016047	115.656	0.788316	0
14.2276	0.0162948	117.561	0.805052	0
14.2424	0.0156019	114.82	0.818031	0
14.2235	0.0162518	116.809	0.77158	0
14.2074	0.0155264	117.009	0.788316	0
14.2096	0.0159411	116.174	0.803686	0
14.2344	0.0154849	117.277	0.79139	0
14.2315	0.0162937	115.455	0.799587	0
14.2174	0.0160133	115.071	0.773629	0
14.2097	0.0159163	116.207	0.792756	0
14.2087	0.016245	116.023	0.804028	0
14.2339	0.0163581	114.386	0.801637	0
14.238	0.0161273	118.028	0.793439	0
14.242	0.0158445	115.472	0.796172	0
14.2335	0.0163759	117.31	0.798563	0
14.2374	0.0160776	117.41	0.818715	0
14.2497	0.0162285	116.074	0.813933	0
14.2193	0.0160273	114.002	0.794806	0
14.1923	0.0157073	117.343	0.799246	0
14.2028	0.0163492	114.921	0.805052	0
14.1981	0.0159356	115.472	0.806077	0
14.1871	0.0161935	116.04	0.796172	0
14.2034	0.0161946	116.007	0.784217	0
14.2135	0.01585	115.539	0.801637	0
14.2121	0.0159622	117.226	0.808809	0
14.2094	0.0157874	115.372	0.793098	0
14.1893	0.0159139	115.455	0.78046	0
14.1905	0.0156425	116.775	0.783534	0
14.219	0.0157322	116.992	0.785242	0
14.2152	0.0161053	115.505	0.803686	0
14.2013	0.0161799	114.754	0.816324	0
14.1838	0.0158477	117.26	0.804028	0
14.1836	0.0161993	117.226	0.807785	0
14.2154	0.0162971	115.188	0.822813	0
14.2096	0.0161481	115.806	0.777386	0
14.1803	0.0155228	115.906	0.797196	0
14.1847	0.016058	116.107	0.791048	0
14.185	0.0157457	116.257	0.801637	0
14.1822	0.0158714	117.26	0.813933	0
14.2084	0.0156511	115.723	0.792756	0
14.2093	0.0159499	115.806	0.819056	0
14.2031	0.0163668	117.444	0.765432	0
14.2079	0.0163929	114.987	0.805052	0
14.1932	0.0162372	115.973	0.800612	0
14.1989	0.015926	116.09	0.780119	0
14.1986	0.015263	116.274	0.80676	0
14.188	0.0163163	116.525	0.781143	0
14.1835	0.0162913	115.639	0.778069	0
14.1975	0.015623	116.408	0.818031	0
14.2093	0.0157181	117.009	0.808468	0
14.1955	0.015793	115.856	0.795147	0
14.1835	0.0159623	116.458	0.79583	0
14.1904	0.0159892	115.155	0.803686	0
14.2113	0.0158362	116.074	0.800954	0
14.205	0.0160961	116.725	0.804028	0
14.1978	0.0157549	116.04	0.816324	0
14.1901	0.0160255	116.725	0.7849	0
14.1752	0.0160083	116.374	0.784559	0
14.2008	0.0163776	115.071	0.811883	0
14.2101	0.0161803	115.906	0.795489	0
14.1791	0.0161127	116.959	0.777728	0
14.1699	0.0155176	115.673	0.785925	0
14.1814	0.0164475	115.305	0.80676	0
14.1808	0.0160563	116.074	0.798563	0
14.1818	0.0157651	117.327	0.776703	0
14.1959	0.0160539	116.408	0.794122	0
14.1833	0.0155885	115.923	0.808468	0
14.1727	0.0162675	116.892	0.800612	0
14.212	0.0160389	117.427	0.810517	0
14.2121	0.0157301	115.138	0.796855	0
14.1909	0.015775	115.138	0.778752	0
14.2028	0.0160841	115.422	0.797196	0
14.2034	0.0156372	118.279	0.801637	0
14.1823	0.0158013	116.742	0.792756	0
14.1766	0.0161953	116.658	0.821789	0
14.1786	0.0163993	116.224	0.818031	0
14.1595	0.0158919	115.539	0.799587	0
14.1711	0.0159988	115.522	0.783534	0
14.1935	0.0158839	115.522	0.802661	0
14.1929	0.0159721	117.51	0.805394	0
14.199	0.0163171	115.739	0.80027	0
14.2067	0.0162202	115.004	0.807443	0
14.2002	0.0161416	115.388	0.804369	0
14.2066	0.0161553	116.291	0.788999	0
14.2178	0.016066	116.291	0.788316	0
14.2164	0.0162645	117.494	0.788316	0
14.2019	0.0160998	116.625	0.809493	0
14.1912	0.0161021	116.892	0.79788	0
14.1881	0.0158395	115.723	0.79788	0
14.1927	0.0163013	114.72	0.788657	0
14.1906	0.0162223	115.806	0.79788	0
14.1776	0.0161468	116.491	0.801637	0
14.1793	0.016332	115.622	0.814957	0
14.1832	0.0160048	115.355	0.796513	0
14.2043	0.0161146	115.572	0.801295	0
14.2163	0.0159793	117.527	0.801978	0
14.1985	0.0160202	114.419	0.7849	0
14.1857	0.0160993	114.921	0.800954	0
14.1817	0.0162979	116.775	0.812225	0
14.2066	0.0164329	116.241	0.809151	0
14.242	0.0158285	116.257	0.811883	0
14.2013	0.0162381	116.074	0.796855	0
14.19	0.0158496	116.324	0.795147	0
14.2379	0.0160578	115.071	0.791048	0
14.2041	0.015916	116.257	0.812567	0
14.165	0.0161236	117.176	0.782509	0
14.23	0.0160219	115.489	0.797538	0
14.2216	0.0158883	115.706	0.803344	0
14.1568	0.0158156	116.358	0.782851	0
14.1922	0.0161522	116.859	0.796513	0
14.2299	0.0160491	115.723	0.787291	0
14.1999	0.0162519	115.138	0.777386	0
14.1911	0.0159819	115.288	0.766456	0
14.1968	0.016099	114.77	0.797538	0
14.1915	0.0156559	117.895	0.804711	0
14.1789	0.0161458	115.489	0.794122	0
14.1751	0.0156523	117.109	0.801637	0
14.1888	0.0158437	115.522	0.791732	0
14.1827	0.0163606	116.007	0.80232	0
14.1768	0.0161918	116.591	0.809834	0
14.1922	0.0161119	115.388	0.802661	0
14.1951	0.0163217	116.876	0.797196	0
14.18	0.0157862	115.723	0.78695	0
14.1851	0.0158375	115.923	0.80027	0
14.2028	0.0159623	117.577	0.780802	0
14.2044	0.0158593	116.759	0.801637	0
14.2007	0.0164412	117.995	0.799587	0
14.1951	0.016422	116.007	0.789341	0
14.1948	0.0162365	115.973	0.778752	0
14.1898	0.0160534	116.023	0.805394	0
14.1992	0.0155839	116.391	0.794806	0
14.2058	0.015569	116.424	0.803686	0
14.1887	0.0154712	115.572	0.784559	0
14.1871	0.0154617	116.625	0.81325	0
14.203	0.0158454	116.625	0.80232	0
14.2008	0.0160311	116.591	0.80232	0
14.1972	0.0161662	114.77	0.798221	0
14.1934	0.0155747	116.224	0.78695	0
14.2058	0.0162849	116.408	0.808126	0
14.2122	0.0165111	116.992	0.790365	0
14.1745	0.0162053	116.19	0.804028	0
14.1772	0.0156469	115.539	0.79788	0
14.2043	0.0157677	115.706	0.79139	0
14.1884	0.0157811	116.525	0.814616	0
14.1868	0.0159718	116.057	0.794806	0
14.1979	0.0160769	116.09	0.787974	0
14.1921	0.0160555	115.789	0.803344	0
14.1867	0.0160604	115.773	0.795147	0
14.1898	0.0158718	116.692	0.787291	0
14.1901	0.0163546	115.823	0.794464	0
14.19	0.01581	116.575	0.808468	0
14.1923	0.0162503	115.873	0.81325	0
14.1774	0.0160688	116.04	0.793098	0
14.1787	0.0165335	116.491	0.808809	0
14.1892	0.016163	117.644	0.80027	0
14.1761	0.015794	116.408	0.80676	0
14.1827	0.0164141	115.489	0.816324	0
14.1704	0.0159117	115.957	0.794806	0
14.1508	0.0159753	116.14	0.788657	0
14.1779	0.016139	115.823	0.778752	0
14.2003	0.0159731	115.372	0.802661	0
14.1786	0.0158688	116.241	0.811883	0
14.1815	0.015822	115.973	0.810176	0
14.1954	0.0160348	116.007	0.807443	0
14.1821	0.0152636	116.575	0.805394	0
14.1792	0.0160929	116.575	0.81769	0
14.1852	0.016046	116.876	0.792756	0
14.1975	0.0160941	117.962	0.801637	0
14.2012	0.0165789	116.224	0.797196	0
14.1894	0.0162187	116.458	0.778069	0
14.1931	0.0155226	116.274	0.806077	0
14.1821	0.0159446	118.48	0.79139	0
14.1699	0.0157725	116.023	0.817348	0
14.1761	0.0159333	115.556	0.784217	0
14.1779	0.0158509	115.622	0.781826	0
14.167	0.0157798	117.226	0.802661	0
14.1597	0.0155545	116.174	0.790024	0
14.1372	0.015646	116.541	0.785925	0
14.1496	0.0163243	117.327	0.790365	0
14.1862	0.0163051	116.541	0.819398	0
14.1912	0.0157554	116.324	0.771238	0
14.1899	0.0159747	116.959	0.79583	0
14.1894	0.0160157	116.742	0.788999	0
14.1758	0.0157746	116.725	0.795489	0
14.1767	0.0156486	115.522	0.80676	0
14.1896	0.0159873	115.388	0.794122	0
14.2075	0.0160374	116.525	0.803003	0
14.2074	0.0163365	114.336	0.796513	0
14.1725	0.0162342	115.205	0.808468	0
14.1728	0.0162697	116.959	0.803344	0
14.1721	0.0161593	117.694	0.814616	0
14.1836	0.0163089	117.41	0.790365	0
14.1916	0.0162207	116.759	0.803003	0
14.1767	0.0156648	115.572	0.799587	0
14.1865	0.0158526	116.642	0.789682	0
14.184	0.0157854	115.789	0.789682	0
14.1747	0.0156516	116.558	0.792415	0
14.1873	0.0161213	116.692	0.806077	0
14.1699	0.0159366	115.923	0.805394	0
14.1466	0.01589	115.789	0.81325	0
14.1515	0.0157053	115.038	0.771921	0
14.1723	0.0159797	114.369	0.785925	0
14.185	0.0162475	116.324	0.806077	0
14.1747	0.0158969	115.338	0.809834	0
14.1767	0.0159802	115.973	0.810176	0
14.1962	0.0158813	115.539	0.793098	0
14.207	0.0154782	117.076	0.821447	0
14.2041	0.015597	116.876	0.782509	0
14.1887	0.0159969	115.723	0.799246	0
14.1777	0.0161314	115.556	0.7849	0
14.1931	0.016421	116.525	0.789682	0
14.1759	0.0158391	114.954	0.807785	0
14.1698	0.0159926	115.455	0.809151	0
14.1971	0.0156327	116.257	0.809493	0
14.2	0.0161073	117.41	0.818715	0
14.1741	0.0162598	115.572	0.801295	0
14.1548	0.0155375	116.558	0.801978	0
14.1763	0.0161449	115.89	0.808126	0
14.1906	0.0161299	114.954	0.80232	0
14.1782	0.0158553	117.076	0.795147	0
14.1896	0.0157567	114.603	0.777045	0
14.199	0.0156557	115.823	0.79788	0
14.1933	0.0159905	116.157	0.804369	0
14.174	0.0160064	115.823	0.79788	0
14.1637	0.0164912	115.572	0.791048	0
14.1671	0.015997	115.94	0.782509	0
14.1633	0.0160298	116.023	0.778752	0
14.1636	0.0163306	115.388	0.808126	0
14.1808	0.0159297	117.109	0.797538	0
14.2194	0.0159	117.176	0.809834	0
14.211	0.0161636	115.706	0.814957	0
14.1668	0.0163152	116.157	0.808126	0
14.185	0.016403	116.558	0.807785	0
14.2136	0.015998	116.976	0.801295	0
14.1917	0.0161223	116.14	0.794122	0
14.1787	0.0163617	116.224	0.82418	0
14.1791	0.0161982	116.792	0.798904	0
14.1843	0.0163626	116.107	0.807785	0
14.1921	0.016183	114.286	0.794122	0
14.1864	0.0159157	117.193	0.785583	0
14.1724	0.0157758	114.954	0.807785	0
14.1821	0.0161584	116.057	0.78695	0
14.2134	0.0164665	116.09	0.797538	0
14.1979	0.0163307	114.002	0.797538	0
14.1627	0.0160634	115.973	0.815299	0
14.1762	0.0160836	117.076	0.797538	0
14.2117	0.0162621	117.878	0.808809	0
14.2423	0.0161455	116.19	0.796172	0
14.2231	0.0160081	117.243	0.800612	0
14.1835	0.0159215	116.591	0.797196	0
14.1923	0.0160684	116.792	0.792073	0
14.214	0.0156352	116.007	0.785242	0
14.2061	0.0159338	117.226	0.805735	0
14.1951	0.0161703	115.656	0.802661	0
14.1721	0.0162282	115.572	0.778069	0
14.1594	0.0158231	116.04	0.812567	0
14.1811	0.0156097	116.09	0.805052	0
14.1724	0.0158352	115.89	0.808809	0
14.1553	0.0156359	115.639	0.808809	0
14.1655	0.0157804	116.174	0.797538	0
14.1573	0.015669	116.508	0.808468	0
14.158	0.0160208	116.725	0.814274	0
14.1718	0.0160025	115.957	0.79583	0
14.1723	0.0161293	115.773	0.793781	0
14.1664	0.0156185	114.904	0.769872	0
14.1608	0.0156988	114.62	0.808468	0
14.191	0.0162029	116.09	0.792073	0
14.2017	0.0155171	116.842	0.7849	0
14.1672	0.016268	115.121	0.795147	0
14.1458	0.01601	118.045	0.801295	0
14.1677	0.0164611	116.09	0.788999	0
14.1791	0.016038	117.561	0.788316	0
14.1911	0.0163154	116.04	0.805052	0
14.2037	0.0164361	116.374	0.788657	0
14.1761	0.0158872	116.307	0.809834	0
14.1558	0.0162318	115.038	0.819398	0
14.1781	0.0161587	115.973	0.807102	0
14.195	0.0157252	116.725	0.787974	0
14.1993	0.0160179	115.539	0.783876	0
14.2239	0.0160217	116.675	0.803003	0
14.2219	0.0159632	116.124	0.803686	0
14.1894	0.015938	115.054	0.789341	0
14.1801	0.0157135	116.007	0.796172	0
14.1785	0.0155284	115.973	0.819056	0
14.1734	0.0158474	116.692	0.803003	0
14.2018	0.0162036	115.773	0.797538	0
14.2127	0.0159935	114.887	0.793098	0
14.1942	0.0165246	116.692	0.805735	0
14.1793	0.0161922	115.372	0.825546	0
14.1683	0.016067	115.305	0.815299	0
14.1601	0.016004	114.904	0.782851	0
14.165	0.0159144	116.591	0.79788	0
14.1877	0.0162177	116.541	0.79788	0
14.1867	0.0160918	116.708	0.814957	0
14.1786	0.0160514	115.706	0.816324	0
14.1913	0.0159333	115.439	0.798221	0
14.1918	0.0158429	116.424	0.805394	0
14.1788	0.0158599	114.954	0.783193	0
14.179	0.0162722	117.861	0.794464	0
14.2015	0.015773	114.386	0.802661	0
14.1818	0.0163647	116.876	0.804028	0
14.1808	0.0160626	117.143	0.786267	0
14.2041	0.015928	115.422	0.797196	0
14.1811	0.0160846	115.773	0.795147	0
14.1762	0.0158054	115.455	0.791732	0
14.187	0.0160171	116.876	0.794806	0
14.1892	0.0158858	117.561	0.788999	0
14.1929	0.0161098	115.572	0.794464	0
14.1959	0.016383	116.892	0.807102	0
14.201	0.0163675	116.525	0.803003	0
14.1827	0.016111	116.575	0.815299	0
14.195	0.0160527	115.689	0.804711	0
14.2051	0.0163157	115.121	0.802661	0
14.1812	0.0160527	116.291	0.788999	0
14.1859	0.0162189	116.608	0.811883	0
14.1795	0.0161391	115.155	0.805735	0
14.161	0.0158967	115.489	0.779435	0
14.1812	0.0160667	116.809	0.811542	0
14.1909	0.0163138	116.007	0.796855	0
14.1825	0.0158189	115.338	0.799929	0
14.1705	0.0163425	116.14	0.785242	0
14.1891	0.016221	115.522	0.801978	0
14.2005	0.0157869	115.94	0.80027	0
14.1719	0.0162483	115.723	0.789682	0
14.1706	0.016158	116.124	0.801637	0
14.2065	0.0159651	116.825	0.786608	0
14.203	0.0158675	114.987	0.817007	0
14.165	0.0159378	116.976	0.796855	0
14.1679	0.0157235	117.043	0.801978	0
14.1964	0.0160886	117.778	0.788999	0
14.2008	0.015887	115.873	0.783876	0
14.1909	0.0158852	116.608	0.796513	0
14.1832	0.0161754	115.455	0.781485	0
14.1882	0.0158627	115.84	0.788657	0
14.191	0.0158307	115.589	0.820764	0
14.1893	0.0157727	114.603	0.780802	0
14.1675	0.015844	114.202	0.81769	0
14.1469	0.0160072	115.305	0.804711	0
14.1594	0.0160726	117.561	0.776703	0
14.1868	0.0158137	116.074	0.797196	0
14.186	0.0162012	115.656	0.815299	0
14.1726	0.0156778	118.195	0.8112	0
14.1682	0.0159647	115.706	0.794806	0
14.1644	0.0159595	116.04	0.823496	0
14.1748	0.0160085	117.26	0.815299	0
14.1731	0.0156361	117.076	0.79139	0
14.195	0.0160153	116.708	0.808468	0
14.2097	0.0157507	115.99	0.789341	0
14.1944	0.0160939	116.792	0.811883	0
14.1757	0.0163188	115.539	0.807785	0
14.1715	0.0159305	114.971	0.798221	0
14.1771	0.0157066	116.976	0.793439	0
14.1911	0.0158617	115.272	0.809151	0
14.1841	0.0160035	115.205	0.787291	0
14.1654	0.0157565	115.773	0.794806	0
14.1771	0.0157378	116.675	0.798221	0
14.1796	0.0157817	114.653	0.820422	0
14.1717	0.0159557	116.341	0.811542	0
14.1864	0.015935	115.104	0.809493	0
14.1901	0.016002	115.99	0.810176	0
14.1775	0.0154877	116.658	0.790707	0
14.1684	0.0159656	117.31	0.79583	0
14.1664	0.0155546	116.625	0.807785	0
14.1768	0.016204	115.188	0.787291	0
14.1793	0.0158404	116.458	0.825546	0
14.2008	0.0160258	116.491	0.792073	0
14.2099	0.01626	116.174	0.799929	0
14.1866	0.0155043	117.41	0.796855	0
14.1963	0.0155568	116.491	0.787633	0
14.2194	0.0158864	115.305	0.795147	0
14.1853	0.0158835	116.591	0.799246	0
14.1391	0.0162175	115.038	0.799929	0
14.1624	0.0160699	114.653	0.793781	0
14.1985	0.0161935	116.491	0.809151	0
14.1972	0.0156549	116.274	0.785242	0
14.1835	0.0159053	116.057	0.793439	0
14.1623	0.0164082	117.527	0.808126	0
14.155	0.0158576	115.539	0.80232	0
14.1664	0.015872	117.126	0.787291	0
14.1841	0.0161905	117.477	0.789341	0
14.1916	0.0163486	115.322	0.798904	0
14.1844	0.0160717	116.307	0.781485	0
14.1808	0.0162698	116.04	0.786608	0
14.1808	0.0162331	115.489	0.794806	0
14.1727	0.0162715	115.572	0.794122	0
14.1665	0.0164181	117.059	0.817348	0
14.1817	0.01582	116.257	0.801295	0
14.1943	0.0160225	116.257	0.808809	0
14.1942	0.0156307	115.572	0.809834	0
14.1968	0.0160827	117.527	0.805052	0
14.167	0.0160326	114.804	0.794464	0
14.1625	0.0156936	116.825	0.818715	0
14.1885	0.0159842	116.057	0.795147	0
14.1681	0.0163447	116.04	0.813591	0
14.1765	0.0160926	115.405	0.801295	0
14.193	0.0158589	116.976	0.796172	0
14.1526	0.0160101	115.689	0.805052	0
14.1592	0.0162674	115.272	0.793781	0
14.2004	0.0160541	115.221	0.810176	0
14.1869	0.0163329	115.472	0.790365	0
14.1704	0.0159426	116.224	0.821447	0
14.1954	0.0160694	114.386	0.813591	0
14.1787	0.0158181	116.007	0.799587	0
14.1394	0.0160918	116.558	0.803686	0
14.1557	0.0160832	115.739	0.789341	0
14.1956	0.0161328	117.226	0.779777	0
14.1904	0.0161754	115.138	0.797538	0
14.1586	0.0159875	115.906	0.784559	0
14.1621	0.0162707	116.675	0.79788	0
14.1563	0.0162996	115.84	0.804711	0
14.1441	0.0159064	116.976	0.795489	0
14.1803	0.0157484	114.252	0.794806	0
14.2051	0.0158765	117.026	0.803344	0
14.1788	0.0160595	115.823	0.792415	0
14.1472	0.0158761	115.973	0.80027	0
14.1693	0.015934	116.575	0.810859	0
14.1841	0.0156664	116.441	0.80676	0
14.1661	0.0161746	116.04	0.804711	0
14.1661	0.0160803	117.561	0.811883	0
14.1827	0.0160868	117.143	0.799929	0
14.1861	0.0159894	116.642	0.773629	0
14.1874	0.0158807	116.174	0.788316	0
14.185	0.0160374	115.572	0.792415	0
14.1826	0.0162488	116.491	0.799587	0
14.1882	0.0163101	116.241	0.805394	0
14.2056	0.015649	114.971	0.808468	0
14.19	0.0156337	114.419	0.789682	0
14.1675	0.0158765	117.494	0.804711	0
14.1951	0.0159554	115.505	0.782509	0
14.1976	0.0158361	118.028	0.80232	0
14.1812	0.015904	118.079	0.808809	0
14.1911	0.0160967	116.408	0.803003	0
14.1861	0.0163187	114.871	0.785242	0
14.1633	0.0160307	115.422	0.797538	0
14.1676	0.0159406	116.257	0.80232	0
14.1849	0.0161551	115.489	0.811883	0
14.1651	0.0159182	115.639	0.807785	0
14.1683	0.016213	116.157	0.791732	0
14.2116	0.0163962	115.556	0.810517	0
14.2142	0.0162149	116.708	0.790707	0
14.1785	0.0157974	116.541	0.785242	0
14.1699	0.0159705	115.789	0.789682	0
14.1967	0.0161954	116.157	0.819398	0
14.1988	0.0158041	116.324	0.810176	0
14.1817	0.0159251	116.809	0.806077	0
14.1841	0.0159418	117.009	0.787291	0
14.183	0.0161638	116.341	0.804028	0
14.1818	0.015994	116.926	0.798904	0
14.1768	0.0159947	115.505	0.798563	0
14.1792	0.0158195	114.871	0.798904	0
14.1781	0.0160074	116.057	0.792756	0
14.1707	0.0160718	115.472	0.79788	0
14.1563	0.0159928	116.007	0.789682	0
14.1691	0.0161094	116.174	0.799587	0
14.1975	0.0161279	115.305	0.795147	0
14.1904	0.0161329	115.489	0.798221	0
14.1672	0.0163284	116.458	0.762358	0
14.1682	0.0158849	116.692	0.805735	0
14.1671	0.0159453	116.074	0.777728	0
14.1718	0.016324	115.522	0.779094	0
14.1911	0.0156866	117.193	0.794464	0
14.179	0.0159311	115.806	0.798904	0
14.157	0.0158484	117.444	0.807102	0
14.1945	0.0160274	117.176	0.816324	0
14.1832	0.0159146	115.539	0.80027	0
14.1388	0.0160647	116.441	0.790707	0
14.1663	0.0156238	115.121	0.770896	0
14.187	0.0160593	115.94	0.793439	0
14.1588	0.0159606	115.739	0.790707	0
14.1568	0.0158796	115.572	0.788657	0
14.1784	0.0158976	116.625	0.811883	0
14.1616	0.016125	115.906	0.80676	0
14.1486	0.015998	115.789	0.792756	0
14.1849	0.015994	114.57	0.808468	0
14.1936	0.01616	115.422	0.790365	0
14.1848	0.0162146	115.455	0.792756	0
14.1834	0.0163185	115.455	0.797538	0
14.1736	0.0158601	117.26	0.785925	0
14.1537	0.0157879	114.82	0.7849	0
14.1373	0.0160819	115.589	0.797196	0
14.1844	0.0158605	115.873	0.793781	0
14.1984	0.0155555	114.937	0.780119	0
14.1584	0.0158936	114.954	0.785583	0
14.1515	0.0158075	116.675	0.791048	0
14.1599	0.015872	115.155	0.81769	0
14.1861	0.0160372	115.171	0.78695	0
14.18	0.0160613	116.241	0.789682	0
14.1459	0.0155892	114.82	0.797538	0
14.1724	0.0158245	116.174	0.813591	0
14.188	0.0162763	115.689	0.79139	0
14.151	0.0160462	115.906	0.807785	0
14.1485	0.0159035	115.556	0.782851	0
14.1724	0.0159154	117.962	0.794122	0
14.1844	0.0159544	115.606	0.792756	0
14.1638	0.0159413	117.393	0.792073	0
14.1605	0.0162282	116.374	0.804369	0
14.1814	0.0161942	115.756	0.792415	0
14.1709	0.0159299	115.422	0.789341	0
14.1774	0.0159207	115.723	0.791048	0
14.1944	0.0156055	116.775	0.765432	0
14.1779	0.0156981	114.82	0.791048	0
14.1707	0.0160282	116.475	0.787974	0
14.1997	0.0155559	115.706	0.777728	0
14.2136	0.0156983	117.109	0.784559	0
14.1959	0.0162324	116.124	0.814616	0
14.1716	0.0161025	116.023	0.814274	0
14.1968	0.0159297	116.909	0.807443	0
14.2123	0.0162198	117.343	0.810517	0
14.1782	0.0156762	115.856	0.790024	0
14.1836	0.015954	116.107	0.802661	0
14.1881	0.0153592	115.138	0.806077	0
14.1727	0.0163152	116.909	0.78695	0
14.1908	0.0155735	114.62	0.79788	0
14.1799	0.015983	116.307	0.813591	0
14.1613	0.0158874	115.806	0.79788	0
14.1712	0.015714	115.89	0.798221	0
14.1882	0.0158158	115.856	0.790707	0
14.1885	0.0163572	116.241	0.794122	0
14.1812	0.0166004	115.689	0.799246	0
14.1735	0.0158883	117.009	0.803344	0
14.1628	0.015774	115.689	0.797196	0
14.1603	0.0158621	114.687	0.807785	0
14.1728	0.0156527	116.892	0.815641	0
14.1746	0.0160985	114.436	0.79788	0
14.1508	0.0161292	115.322	0.796513	0
14.1673	0.0157928	117.911	0.787974	0
14.1825	0.0165806	116.09	0.815299	0
14.1597	0.016364	114.837	0.801637	0
14.1531	0.0160232	115.272	0.780802	0
14.1558	0.0161921	116.207	0.781143	0
14.1789	0.0160757	116.307	0.825546	0
14.2072	0.0157972	116.274	0.797196	0
14.201	0.015983	116.04	0.779094	0
14.1751	0.0160115	114.787	0.806077	0
14.1411	0.0161459	115.221	0.790707	0
14.1387	0.0159674	116.391	0.801978	0
14.1695	0.0155572	116.341	0.805394	0
14.1889	0.0158213	117.043	0.796855	0
14.1947	0.0161152	116.424	0.801978	0
14.1941	0.015949	116.007	0.787633	0
14.1723	0.0159567	115.021	0.792073	0
14.1833	0.0159982	116.14	0.801637	0
14.2067	0.0160651	117.16	0.79583	0
14.1864	0.0160527	116.692	0.781485	0
14.1722	0.0162178	116.09	0.797196	0
14.1923	0.0162649	115.873	0.804028	0
14.1815	0.0156707	116.742	0.799929	0
14.1665	0.0159301	116.876	0.811883	0
14.1588	0.0161616	115.957	0.798904	0
14.1558	0.0155032	116.241	0.798563	0
14.1771	0.0161781	114.787	0.801295	0
14.1954	0.0157255	117.16	0.803344	0
14.1962	0.0158361	116.441	0.810176	0
14.1773	0.0158562	115.556	0.807443	0
14.1704	0.0163382	116.759	0.807785	0
14.1804	0.0161914	115.99	0.787633	0
14.1805	0.0161414	115.188	0.797538	0
14.183	0.0157946	116.09	0.791732	0
14.1955	0.0156486	117.627	0.790365	0
14.1745	0.01597	116.324	0.808809	0
14.1529	0.0163413	117.678	0.790365	0
14.1958	0.0157811	116.775	0.79788	0
14.2103	0.0159608	116.241	0.811883	0
14.1748	0.0160059	116.257	0.808809	0
14.1753	0.0161134	115.84	0.79583	0
14.1791	0.015626	114.787	0.783876	0
14.182	0.0161404	116.675	0.811883	0
14.1775	0.0162028	114.887	0.809834	0
14.1683	0.0156683	116.742	0.806419	0
14.1743	0.0158813	114.269	0.805052	0
14.1621	0.0158049	116.775	0.790707	0
14.1719	0.0163355	117.026	0.801637	0
14.1761	0.0158805	115.338	0.789341	0
14.1564	0.0159217	116.257	0.79139	0
14.1633	0.0158803	116.207	0.798563	0
14.1793	0.0157827	114.987	0.794464	0
14.1872	0.0162706	116.892	0.787633	0
14.1647	0.0155658	115.589	0.779094	0
14.1396	0.0156324	115.706	0.806077	0
14.1623	0.0161412	117.477	0.802661	0
14.1992	0.0157015	117.093	0.789341	0
14.1977	0.0157753	115.505	0.781485	0
14.1873	0.0156542	116.124	0.791732	0
14.181	0.0157978	115.706	0.788657	0
14.1857	0.0156825	115.723	0.7849	0
14.1873	0.0156613	116.876	0.788999	0
14.1866	0.0161184	115.739	0.814616	0
14.1862	0.0162499	117.694	0.813591	0
14.1727	0.0157466	115.121	0.80676	0
14.167	0.0164746	116.374	0.790707	0
14.1782	0.0161768	115.856	0.776361	0
14.1837	0.0161744	116.759	0.824863	0
14.1863	0.0160446	116.157	0.79788	0
14.1855	0.0160979	116.09	0.797196	0
14.1609	0.0157051	116.441	0.785242	0
14.1621	0.0155944	115.789	0.809493	0
14.1928	0.0161212	116.992	0.799587	0
14.1974	0.0158791	116.759	0.789682	0
14.174	0.0158543	114.403	0.788999	0
14.1619	0.015693	115.723	0.806077	0
14.1789	0.0157985	117.126	0.80232	0
14.1854	0.0161182	115.572	0.798904	0
14.1649	0.016055	116.074	0.785242	0
14.1551	0.016259	116.074	0.800612	0
14.1667	0.015814	115.856	0.812567	0
14.1695	0.016038	115.99	0.78695	0
14.1512	0.016071	115.054	0.801978	0
14.1481	0.0158814	115.205	0.79139	0
14.1709	0.0156626	116.525	0.797538	0
14.187	0.0157529	115.639	0.79583	0
14.1742	0.0156826	116.241	0.796172	0
14.1628	0.0158294	115.255	0.807443	0
14.1722	0.0153968	116.107	0.77158	0
14.1622	0.01612	115.305	0.770555	0
14.1551	0.0158153	116.007	0.797538	0
14.1722	0.0161349	115.84	0.817007	0
14.1683	0.0160888	116.04	0.80676	0
14.1647	0.016004	115.455	0.794122	0
14.1778	0.0161808	116.775	0.804369	0
14.166	0.0158432	115.957	0.800954	0
14.1471	0.0162552	117.561	0.809834	0
14.1859	0.0160125	116.491	0.794122	0
14.1974	0.0162714	115.455	0.79788	0
14.1395	0.0158834	115.673	0.806419	0
14.1335	0.0159506	114.987	0.801295	0
14.1843	0.0160179	117.076	0.796172	0
14.185	0.0158994	116.107	0.794464	0
14.1665	0.0158985	116.876	0.782851	0
14.2003	0.0161607	115.205	0.780119	0
14.1971	0.0160542	116.441	0.80232	0
14.1813	0.0159279	114.637	0.783876	0
14.179	0.0164015	117.026	0.787291	0
14.1597	0.0158326	115.556	0.793781	0
14.1597	0.0160393	116.541	0.805735	0
14.1608	0.0159955	116.558	0.800954	0
14.1789	0.0162751	116.725	0.818715	0
14.1804	0.0161234	115.322	0.818031	0
14.155	0.0161981	115.338	0.801295	0
14.16	0.0159362	115.556	0.819056	0
14.1807	0.0159539	116.692	0.798904	0
14.1846	0.0159651	115.656	0.803686	0
14.1836	0.0159013	116.625	0.794806	0
14.1697	0.0161241	115.806	0.794122	0
14.1487	0.0161833	115.054	0.786608	0
14.1614	0.015928	116.625	0.792756	0
14.1749	0.0162181	116.475	0.781143	0
14.1725	0.0161384	116.608	0.78695	0
14.1946	0.0162942	116.023	0.792073	0
14.1944	0.0158738	114.904	0.795147	0
14.1625	0.015984	115.171	0.79583	0
14.1638	0.0159899	116.374	0.793439	0
14.1684	0.016201	116.358	0.816665	0
14.1767	0.0163992	115.288	0.821105	0
14.1908	0.0157317	115.789	0.795489	0
14.191	0.0159058	116.642	0.795147	0
14.1813	0.0160233	115.673	0.792415	0
14.1621	0.0158361	115.121	0.795489	0
14.1589	0.016309	115.639	0.78695	0
14.1841	0.0160551	116.408	0.799246	0
14.1784	0.0155628	116.207	0.792073	0
14.1595	0.0159323	116.591	0.804711	0
14.1821	0.0154584	115.572	0.806419	0
14.1922	0.0156606	116.358	0.803003	0
14.1854	0.0163062	115.673	0.782168	0
14.1817	0.0162114	116.491	0.794464	0
14.1769	0.016034	116.291	0.805052	0
14.1596	0.0165342	115.288	0.793781	0
14.1694	0.0158123	116.491	0.814957	0
14.1845	0.0155626	116.441	0.796172	0
14.1844	0.0160358	116.324	0.786608	0
14.1976	0.0160395	116.341	0.783193	0
14.1779	0.0159503	115.205	0.809834	0
14.1413	0.0158924	116.926	0.815641	0
14.159	0.0160475	115.054	0.780802	0
14.1822	0.0157012	115.906	0.801978	0
14.1883	0.0162793	116.475	0.796172	0
14.1937	0.0162623	116.424	0.815982	0
14.1767	0.0159735	116.107	0.777386	0
14.1497	0.0155365	116.124	0.779435	0
14.1475	0.0155843	115.071	0.804369	0
14.1534	0.0158541	117.059	0.790024	0
14.1602	0.0159852	117.778	0.80232	0
14.1951	0.0162417	115.639	0.808126	0
14.1935	0.0161453	116.541	0.801295	0
14.1805	0.015841	117.126	0.798221	0
14.1817	0.0158817	116.692	0.807102	0
14.1687	0.016118	116.007	0.820081	0
14.1653	0.0159557	116.625	0.792756	0
14.1688	0.0158359	117.794	0.796513	0
14.1914	0.0159603	115.305	0.79788	0
14.1894	0.0158315	116.591	0.835109	0
14.1662	0.016155	114.77	0.788999	0
14.1626	0.0158386	116.775	0.814616	0
14.1625	0.016068	115.338	0.793781	0
14.1685	0.0159092	117.51	0.811542	0
14.17	0.0159991	116.358	0.805394	0
14.1624	0.0159563	116.909	0.807443	0
14.1792	0.0162109	115.338	0.789682	0
14.185	0.0159931	116.976	0.7849	0
14.1789	0.015883	114.82	0.793098	0
14.1797	0.0164442	116.207	0.781143	0
14.187	0.0160452	116.608	0.788657	0
14.1844	0.0163118	115.539	0.798904	0
14.1685	0.016227	115.372	0.812908	0
14.1552	0.0163385	114.436	0.783534	0
14.1586	0.0159081	116.207	0.79583	0
14.1674	0.0159262	114.971	0.798563	0
14.1919	0.016106	115.472	0.793439	0
14.1856	0.0161201	116.909	0.801637	0
14.1409	0.0161613	115.706	0.803003	0
14.1511	0.0159694	116.274	0.786267	0
14.189	0.0161192	115.255	0.807102	0
14.1956	0.0153794	116.124	0.798221	0
14.1951	0.0160892	116.023	0.792415	0
14.1745	0.0160227	115.906	0.805394	0
14.1582	0.0162539	116.241	0.79583	0
14.1677	0.0160743	115.656	0.784559	0
14.1713	0.0158777	115.288	0.793439	0
14.1411	0.0161015	115.355	0.785583	0
14.1481	0.0162346	115.689	0.792415	0
14.1726	0.0162855	114.987	0.797538	0
14.1677	0.0157688	118.229	0.790024	0
14.1804	0.0164011	114.921	0.795489	0
14.1878	0.0161238	115.89	0.787633	0
14.1752	0.0161721	115.94	0.8112	0
14.1638	0.0161356	116.358	0.794464	0
14.1689	0.0160991	116.257	0.805735	0
14.1856	0.0165223	115.973	0.793781	0
14.1834	0.0157864	116.291	0.787291	0
14.1896	0.0154561	116.491	0.808809	0
14.1697	0.0160212	115.873	0.780802	0
14.1255	0.0159447	114.436	0.799929	0
14.1527	0.0162396	116.023	0.789341	0
14.1865	0.0158881	116.324	0.814274	0
14.1771	0.016287	115.004	0.810176	0
14.1839	0.0159753	116.19	0.804028	0
14.1876	0.0155973	117.043	0.787291	0
14.1685	0.0159677	115.422	0.806419	0
14.1505	0.0158802	116.04	0.803344	0
14.1391	0.0157489	115.405	0.797538	0
14.1554	0.0160905	116.575	0.786608	0
14.1766	0.0158663	116.107	0.79139	0
14.1683	0.0160871	115.288	0.776361	0
14.1836	0.0159261	116.842	0.809834	0
14.1988	0.0159086	116.391	0.787974	0
14.16	0.0160193	116.19	0.804369	0
14.1356	0.0160334	116.307	0.795147	0
14.1453	0.0159836	116.391	0.799246	0
14.1692	0.0161175	115.823	0.793439	0
14.1796	0.0160149	116.19	0.7849	0
14.191	0.0159716	116.023	0.794464	0
14.2347	0.0163079	117.193	0.775678	0
14.2081	0.0158359	115.923	0.79788	0
14.1404	0.0161282	115.472	0.793781	0
14.1635	0.016371	116.675	0.76953	0
14.2036	0.016238	117.544	0.826912	0
14.1653	0.0157538	113.768	0.793439	0
14.1401	0.0161149	115.957	0.811883	0
14.1844	0.0157611	116.341	0.782851	0
14.185	0.0161011	116.057	0.803344	0
14.1579	0.0160221	115.639	0.787974	0
14.1591	0.0158821	115.957	0.803003	0
14.1718	0.0162423	114.804	0.781826	0
14.2007	0.015973	116.541	0.786267	0
14.182	0.0160252	115.121	0.785925	0
14.1569	0.0161703	116.174	0.805394	0
14.1918	0.0160285	115.205	0.802661	0
14.1894	0.0161927	116.107	0.794464	0
14.1493	0.0160508	113.567	0.792415	0
14.1461	0.015548	115.472	0.794122	0
14.1844	0.0158022	117.059	0.795489	0
14.1951	0.0155744	115.505	0.787974	0
14.1623	0.0159214	115.823	0.805394	0
14.1582	0.016037	115.288	0.794806	0
14.1638	0.0160165	115.572	0.808468	0
14.1787	0.0157434	116.942	0.792073	0
14.2019	0.0160292	116.157	0.792415	0
14.1772	0.0157378	115.856	0.799587	0
14.1728	0.0160574	115.104	0.806077	0
14.2061	0.0162457	115.873	0.79139	0
14.1846	0.0162595	115.606	0.809151	0
14.1497	0.016082	117.561	0.812225	0
14.1862	0.0162852	116.825	0.796172	0
14.1859	0.0160996	114.904	0.792415	0
14.161	0.0159403	117.076	0.793098	0
14.1862	0.0159612	116.341	0.783534	0
14.1749	0.0158446	117.043	0.810176	0
14.1628	0.0160819	116.391	0.80232	0
14.1894	0.0161525	115.94	0.809151	0
14.1651	0.0159808	115.305	0.794806	0
14.1412	0.0156815	114.419	0.797538	0
14.1652	0.0157353	116.942	0.792415	0
14.1926	0.0159189	116.725	0.80232	0
14.2021	0.0157661	116.291	0.787291	0
14.1915	0.0156525	116.391	0.807443	0
14.1699	0.0161019	116.742	0.823496	0
14.1624	0.0158883	116.591	0.792756	0
14.1743	0.015752	115.071	0.772946	0
14.185	0.0160918	116.458	0.79139	0
14.169	0.0161541	116.708	0.798563	0
14.1639	0.0162004	114.77	0.804028	0
14.1936	0.0160063	116.14	0.793781	0
14.2097	0.015874	115.639	0.814616	0
14.1926	0.0158142	114.787	0.7849	0
14.1739	0.0163043	115.539	0.797196	0
14.1539	0.0162473	116.424	0.803003	0
14.17	0.016033	116.475	0.818031	0
14.1996	0.015743	116.759	0.805735	0
14.1763	0.015779	115.038	0.798221	0
14.166	0.0159445	116.441	0.796513	0
14.1795	0.0157976	115.455	0.798221	0
14.1715	0.0157811	116.976	0.805394	0
14.1686	0.0163034	114.954	0.784217	0
14.1822	0.0157725	117.026	0.789341	0
14.1762	0.0157931	116.525	0.78695	0
14.1615	0.0163102	115.823	0.814274	0
14.1725	0.0159779	115.422	0.803344	0
14.176	0.0160652	115.372	0.785925	0
14.1814	0.0161064	117.126	0.797196	0
14.1994	0.0157688	115.505	0.81325	0
14.1685	0.0157858	116.04	0.768164	0
14.1565	0.0162746	115.188	0.780802	0
14.1798	0.0162655	116.224	0.798221	0
14.16	0.0159942	115.99	0.793781	0
14.1437	0.016126	114.269	0.790707	0
14.1805	0.0162298	115.439	0.79583	0
14.1766	0.0159415	115.723	0.807785	0
14.1545	0.0159427	116.976	0.79583	0
14.1852	0.0162202	116.491	0.784217	0
14.1803	0.0158987	114.302	0.811542	0
14.1555	0.0161499	116.608	0.794122	0
14.1953	0.0158257	115.99	0.806077	0
14.2104	0.0155354	117.293	0.810859	0
14.16	0.0157671	115.372	0.784217	0
14.1643	0.0161127	115.205	0.811883	0
14.1862	0.0159712	116.642	0.796513	0
14.1832	0.0160037	117.009	0.794806	0
14.1877	0.016334	115.94	0.80232	0
14.1621	0.0160356	116.775	0.798904	0
14.1676	0.0159086	116.558	0.793439	0
14.1767	0.016428	115.689	0.790024	0
14.1693	0.0159136	116.876	0.80232	0
14.1865	0.0159504	116.174	0.796172	0
14.1802	0.0157695	116.792	0.786608	0
14.1536	0.0162248	116.074	0.801295	0
14.1686	0.0155094	115.038	0.788316	0
14.1975	0.0163926	118.062	0.798904	0
14.1748	0.0161014	116.157	0.764407	0
14.1538	0.0160419	115.656	0.783876	0
14.1978	0.0158557	115.94	0.79788	0
14.1946	0.0157116	115.171	0.787974	0
14.1558	0.0156899	115.706	0.801295	0
14.1628	0.0156993	116.14	0.796513	0
14.1752	0.0160009	116.157	0.786608	0
14.1868	0.015755	116.926	0.798563	0
14.1702	0.0157468	116.057	0.793439	0
14.1677	0.0163277	116.074	0.769872	0
14.1791	0.0159451	116.074	0.817348	0
14.1536	0.0161535	116.341	0.781143	0
14.1488	0.0159713	117.627	0.796855	0
14.173	0.0160439	116.057	0.787291	0
14.1866	0.0161445	115.89	0.824863	0
14.1819	0.0158066	115.923	0.775678	0
14.1722	0.0160415	114.737	0.816665	0
14.1821	0.0158866	117.327	0.80232	0
14.1888	0.0156327	115.89	0.789341	0
14.1677	0.0162868	115.272	0.783876	0
14.1801	0.0158425	117.126	0.780119	0
14.1878	0.0162746	116.575	0.802661	0
14.1551	0.0161348	115.539	0.780119	0
14.1602	0.0161916	116.19	0.797538	0
14.1855	0.0161535	113.35	0.812225	0
14.1824	0.015856	114.921	0.814957	0
14.1855	0.0159097	115.673	0.797196	0
14.1605	0.0163797	116.341	0.801637	0
14.129	0.0159886	115.823	0.812225	0
14.164	0.0164449	115.689	0.809151	0
14.1879	0.0165011	116.291	0.791048	0
14.1745	0.0157309	116.491	0.796855	0
14.1903	0.0163903	116.224	0.794806	0
14.1987	0.0160273	116.107	0.796172	0
14.1806	0.0163475	116.307	0.798904	0
14.1789	0.0159515	115.94	0.800954	0
14.1889	0.0157693	117.059	0.8112	0
14.1844	0.0161253	115.957	0.783876	0
14.1613	0.0157301	115.021	0.792756	0
14.1459	0.0161114	115.706	0.798563	0
14.1622	0.0162008	116.675	0.790365	0
14.1819	0.0161338	114.737	0.787974	0
14.1736	0.0165139	115.606	0.804369	0
14.1708	0.0159582	116.458	0.782509	0
14.1791	0.0157836	114.52	0.801295	0
14.1596	0.0158297	115.138	0.811883	0
14.1487	0.0159032	114.453	0.808809	0
14.1777	0.0162306	116.224	0.788999	0
14.196	0.016274	116.809	0.788657	0
14.1979	0.0160521	117.611	0.822472	0
14.1958	0.015874	115.472	0.804028	0
14.1718	0.0160396	116.859	0.796855	0
14.1685	0.015943	115.656	0.790707	0
14.1836	0.0159937	116.892	0.820081	0
14.1776	0.0159048	116.608	0.80232	0
14.1706	0.01624	116.358	0.79139	0
14.1824	0.0163907	116.424	0.796855	0
14.1818	0.01598	116.825	0.789682	0
14.186	0.0160064	115.856	0.796513	0
14.1824	0.0161965	116.926	0.781485	0
14.1826	0.0161697	116.207	0.792756	0
14.1756	0.0156433	114.553	0.805735	0
14.174	0.0157379	118.062	0.795489	0
14.177	0.0155561	116.441	0.795147	0
14.1698	0.0159806	115.505	0.803003	0
14.1685	0.0162601	116.959	0.77158	0
14.1791	0.0160154	115.99	0.780119	0
14.1879	0.0160232	115.957	0.783193	0
14.1872	0.0165251	116.207	0.811542	0
14.1805	0.0161567	116.04	0.798563	0
14.1691	0.0156656	115.923	0.801637	0
14.1717	0.0159159	116.909	0.785925	0
14.172	0.0162515	116.124	0.804369	0
14.1587	0.0160142	117.444	0.80027	0
14.1556	0.0158482	116.007	0.789682	0
14.1725	0.015741	117.243	0.786267	0
14.1801	0.0157217	115.205	0.788316	0
14.1536	0.0156443	117.143	0.805735	0
14.1669	0.0155589	115.322	0.809834	0
14.1823	0.015667	116.274	0.798563	0
14.1841	0.0159336	114.687	0.813933	0
14.177	0.0159533	116.307	0.805394	0
14.1658	0.0153129	115.388	0.784559	0
14.1691	0.0157137	115.789	0.7849	0
14.184	0.0157735	114.77	0.792415	0
14.1908	0.0161555	116.14	0.81325	0
14.1685	0.0158881	115.355	0.801637	0
14.1457	0.0155402	117.895	0.793439	0
14.1679	0.0161849	116.023	0.773629	0
14.1913	0.0161321	116.525	0.788316	0
14.169	0.0158371	114.904	0.790365	0
14.1512	0.0157315	116.307	0.797196	0
14.1847	0.0157242	116.107	0.797538	0
14.1903	0.0155509	116.241	0.781826	0
14.1779	0.0156906	115.739	0.780119	0
14.1801	0.0162062	117.16	0.800954	0
14.1675	0.0161207	114.47	0.811542	0
14.1528	0.0160337	115.706	0.794464	0
14.1614	0.0154464	116.441	0.803003	0
14.1789	0.0161841	117.661	0.811542	0
14.1884	0.0163697	115.472	0.803003	0
14.1917	0.01612	115.957	0.81325	0
14.1784	0.0157182	116.926	0.811883	0
14.1645	0.015884	114.67	0.796855	0
14.1594	0.0161576	116.14	0.8112	0
14.1533	0.0156929	116.241	0.796172	0
14.1751	0.016114	116.124	0.803686	0
14.1826	0.0161144	116.591	0.794122	0
14.1629	0.0163253	116.224	0.801637	0
14.1449	0.0161768	117.26	0.777045	0
14.157	0.0157921	115.121	0.818373	0
14.1572	0.0159787	115.021	0.80676	0
14.1291	0.0160361	116.374	0.782168	0
14.1446	0.0161277	116.558	0.790024	0
14.1626	0.0161146	116.007	0.794122	0
14.1736	0.0159816	116.274	0.805394	0
14.1937	0.0161708	116.307	0.794464	0
14.1794	0.0160816	115.238	0.824863	0
14.1693	0.0158174	116.007	0.808126	0
14.1665	0.0157563	115.823	0.776361	0
14.1727	0.0161698	115.723	0.796172	0
14.1836	0.0157086	116.341	0.774654	0
14.1753	0.016059	117.193	0.803686	0
14.1676	0.0160494	116.558	0.801295	0
14.1574	0.016412	116.174	0.785242	0
14.1729	0.0162119	115.84	0.795489	0
14.186	0.0165195	116.642	0.807443	0
14.1727	0.0155477	114.62	0.791732	0
14.1631	0.0159969	115.405	0.793439	0
14.1588	0.0158636	114.018	0.781485	0
14.153	0.0164027	116.541	0.810176	0
14.1744	0.0157479	116.074	0.805394	0
14.1847	0.0160095	117.26	0.793781	0
14.1557	0.0156475	114.62	0.801978	0
14.1605	0.0158292	116.992	0.801637	0
14.1831	0.0159697	117.41	0.816324	0
14.1814	0.0161679	116.591	0.83955	0
14.1921	0.0157591	115.422	0.794806	0
14.1864	0.016271	116.541	0.801295	0
14.1479	0.0161756	117.226	0.80232	0
14.1549	0.0161956	117.193	0.790707	0
14.1898	0.0161349	116.007	0.804711	0
14.176	0.0161104	116.107	0.774312	0
14.1449	0.0160532	115.405	0.778069	0
14.1652	0.0158076	117.226	0.79139	0
14.194	0.0159701	115.472	0.782168	0
14.173	0.0160587	115.606	0.80232	0
14.162	0.0158812	117.093	0.801295	0
14.1762	0.0165335	115.272	0.803344	0
14.1701	0.016377	115.973	0.789341	0
14.1421	0.0159474	115.773	0.808809	0
14.1433	0.0161785	115.706	0.772946	0
14.1663	0.0161363	113.801	0.796513	0
14.1706	0.016221	116.174	0.79583	0
14.1728	0.0160467	114.904	0.780802	0
14.1815	0.0161727	116.692	0.807443	0
14.17	0.01615	115.104	0.81769	0
14.1681	0.0158013	116.959	0.825887	0
14.1832	0.0162303	116.074	0.790365	0
14.1665	0.0160193	115.789	0.795489	0
14.1535	0.0161629	115.84	0.798563	0
14.1698	0.0159611	115.723	0.798221	0
14.179	0.0158068	115.94	0.801295	0
14.1816	0.0156154	115.272	0.783193	0
14.1732	0.0156993	116.558	0.796513	0
14.1631	0.0157035	115.723	0.782509	0
14.1769	0.0160499	115.372	0.771921	0
14.1819	0.0157637	116.023	0.810176	0
14.1821	0.0160031	115.054	0.801295	0
14.1852	0.0159886	116.942	0.783193	0
14.1903	0.0166378	116.926	0.798221	0
14.184	0.0160235	116.725	0.795489	0
14.1557	0.0157265	115.923	0.787633	0
14.16	0.0157969	115.639	0.799587	0
14.1868	0.0158823	116.976	0.796855	0
14.1825	0.016214	116.14	0.788657	0
14.1784	0.0160307	115.639	0.813591	0
14.1671	0.0163064	116.876	0.805394	0
14.1437	0.0161073	116.992	0.804711	0
14.1641	0.0161533	116.19	0.791732	0
14.197	0.0159463	115.756	0.778069	0
14.1678	0.0155158	115.823	0.794122	0
14.1535	0.0158084	117.744	0.808809	0
14.1773	0.015934	114.252	0.777728	0
14.1633	0.0159387	116.291	0.816665	0
14.1725	0.0160548	117.109	0.79139	0
14.1829	0.015701	116.358	0.802661	0
14.1612	0.0158763	115.673	0.801637	0
14.151	0.0158512	115.923	0.783193	0
14.1656	0.0160879	116.491	0.777728	0
14.1752	0.015752	115.505	0.801978	0
14.1699	0.015809	115.539	0.79583	0
14.1772	0.0160034	116.207	0.808809	0
14.1702	0.015837	115.104	0.796172	0
14.1579	0.0157419	116.09	0.810859	0
14.1718	0.0159221	115.422	0.807102	0
14.1663	0.01589	115.823	0.781826	0
14.1578	0.015786	116.792	0.804711	0
14.18	0.0161827	117.277	0.802661	0
14.1919	0.0159914	115.739	0.790024	0
14.1706	0.016095	116.241	0.796855	0
14.1507	0.0161188	115.004	0.788316	0
14.1552	0.0160084	115.188	0.794464	0
14.1738	0.0160791	115.121	0.76953	0
14.1751	0.0158772	116.19	0.817348	0
14.1962	0.0159509	116.007	0.792756	0
14.2198	0.0162208	115.756	0.79583	0
14.1758	0.0167215	115.723	0.782509	0
14.1628	0.0164187	116.374	0.79583	0
14.1896	0.0157786	116.174	0.799929	0
14.1691	0.0161755	116.057	0.792415	0
14.1687	0.016263	116.107	0.794806	0
14.1905	0.0159992	114.837	0.786267	0
14.184	0.0156114	117.193	0.784559	0
14.1816	0.0157077	116.876	0.800954	0
14.1877	0.0160204	115.806	0.794806	0
14.1732	0.0158133	116.692	0.808809	0
14.1871	0.016255	115.188	0.805735	0
14.1976	0.0159452	117.41	0.807102	0
14.1651	0.0161357	115.138	0.777386	0
14.1378	0.0156921	116.859	0.812908	0
14.1646	0.0159398	114.787	0.778752	0
14.1858	0.0161501	114.57	0.817007	0
14.1815	0.016089	116.942	0.805052	0
14.1785	0.016095	115.806	0.809151	0
14.1642	0.0160286	115.639	0.80232	0
14.1576	0.0157906	115.272	0.8112	0
14.1727	0.0161226	115.004	0.79788	0
14.1862	0.0163493	116.708	0.801295	0
14.1886	0.0158739	115.489	0.800954	0
14.1868	0.0157759	116.876	0.820764	0
14.1618	0.0159877	115.656	0.79788	0
14.1526	0.0162327	116.558	0.790024	0
14.1627	0.0161944	115.505	0.805735	0
14.1681	0.0161067	115.255	0.784559	0
14.1764	0.0158845	116.508	0.782851	0
14.163	0.0158638	117.193	0.819056	0
14.1604	0.0157413	115.856	0.801637	0
14.1592	0.0159307	115.004	0.806077	0
14.1593	0.0159937	117.143	0.772946	0
14.1709	0.0162016	116.876	0.819739	0
14.1628	0.0161093	117.611	0.804369	0
14.1753	0.0160666	115.171	0.783534	0
14.1821	0.0159878	115.305	0.789341	0
14.171	0.0156692	117.728	0.798563	0
14.1701	0.0157776	115.923	0.815641	0
14.1683	0.016564	116.658	0.804028	0
14.178	0.016049	115.957	0.76953	0
14.1641	0.0158467	116.458	0.803686	0
14.1441	0.0160554	114.804	0.809834	0
14.1791	0.0155819	116.324	0.808126	0
14.2141	0.0160037	116.007	0.793781	0
14.1948	0.0158733	116.358	0.798904	0
14.1633	0.0157971	115.589	0.80232	0
14.1504	0.0162868	116.658	0.798563	0
14.1475	0.0162349	116.775	0.778411	0
14.1671	0.0160063	114.971	0.794806	0
14.1807	0.0157185	115.906	0.800612	0
14.1668	0.0163047	116.391	0.805394	0
14.159	0.0163895	116.341	0.809493	0
14.1606	0.0159486	115.155	0.799587	0
14.1697	0.0162365	115.723	0.790365	0
14.1678	0.0161597	116.458	0.79583	0
14.1784	0.01593	115.489	0.811883	0
14.173	0.0160655	117.828	0.772604	0
14.1614	0.0159327	115.973	0.79583	0
14.168	0.0161075	116.19	0.79788	0
14.1581	0.0159456	114.971	0.796855	0
14.163	0.0161196	116.291	0.785583	0
14.1863	0.0158534	117.059	0.801978	0
14.1836	0.0160139	116.876	0.813591	0
14.1713	0.0162195	116.692	0.809493	0
14.1795	0.0161304	116.241	0.778752	0
14.1714	0.0159095	114.921	0.803003	0
14.15	0.0162477	115.723	0.811542	0
14.1491	0.0157598	116.408	0.799587	0
14.1715	0.0155882	117.026	0.779777	0
14.1741	0.0159235	115.773	0.812567	0
0	0	0	0	0
0	0	0	0	0
0	0	0	0	0
0	0	0	0	0
0	0	0	0	0
0	0	0	0	0
0	0	0	0	0
0	0	0	0	0
0	0	0	0	0
0	0	0	0	0
0	0	0	0	0
0	0	0	0	0
0	0	0	0	0
0	0	0	0	0
0	0	0	0	0
0	0	0	0	0
0	0	0	0	0
0	0	0	0	0
0	0	0	0	0
0	0	0	0	0
0	0	0	0	0
0	0	0	0	0
0	0	0	0	0
0	0	0	0	0
0	0	0	0	0
0	0	0	0	0
0	0	0	0	0
0	0	0	0	0
0	0	0	0	0
0	0	0	0	0
0	0	0	0	0
0	0	0	0	0
0	0	0	0	0
0	0	0	0	0
0	0	0	0	0
0	0	0	0	0
0	0	0	0	0
0	0	0	0	0
0	0	0	0	0
0	0	0	0	0
0	0	0	0	0
0	0	0	0	0
0	0	0	0	0
0	0	0	0	0
0	0	0	0	0
0	0	0	0	0
0	0	0	0	0
0	0	0	0	0
0	0	0	0	0
0	0	0	0	0
0	0	0	0	0
0	0	0	0	0
0	0	0	0	0
0	0	0	0	0
0	0	0	0	0
0	0	0	0	0
0	0	0	0	0
0	0	0	0	0
0	0	0	0	0
0	0	0	0	0
0	0	0	0	0
0	0	0	0	0
0	0	0	0	0
0	0	0	0	0
0	0	0	0	0
0	0	0	0	0
0	0	0	0	0
0	0	0	0	0
0	0	0	0	0
0	0	0	0	0
0	0	0	0	0
0	0	0	0	0
0	0	0	0	0
0	0	0	0	0
0	0	0	0	0
0	0	0	0	0
0	0	0	0	0
0	0	0	0	0
0	0	0	0	0
0	0	0	0	0
0	0	0	0	0
0	0	0	0	0
0	0	0	0	0
0	0	0	0	0
0	0	0	0	0
0	0	0	0	0
0	0	0	0	0
0	0	0	0	0
0	0	0	0	0
0	0	0	0	0
0	0	0	0	0
0	0	0	0	0
0	0	0	0	0
0	0	0	0	0
0	0	0	0	0
0	0	0	0	0
0	0	0	0	0
0	0	0	0	0
0	0	0	0	0
0	0	0	0	0
0	0	0	0	0
0	0	0	0	0
0	0	0	0	0
0	0	0	0	0
0	0	0	0	0
0	0	0	0	0
0	0	0	0	0
0	0	0	0	0
0	0	0	0	0
0	0	0	0	0
0	0	0	0	0
0	0	0	0	0
0	0	0	0	0
0	0	0	0	0
0	0	0	0	0
0	0	0	0	0
0	0	0	0	0
0	0	0	0	0
0	0	0	0	0
0	0	0	0	0
0	0	0	0	0
0	0	0	0	0
0	0	0	0	0
0	0	0	0	0
0	0	0	0	0
0	0	0	0	0
0	0	0	0	0
0	0	0	0	0
0	0	0	0	0
0	0	0	0	0
0	0	0	0	0
0	0	0	0	0
0	0	0	0	0
0	0	0	0	0
0	0	0	0	0
0	0	0	0	0
0	0	0	0	0
0	0	0	0	0
0	0	0	0	0
0	0	0	0	0
0	0	0	0	0
0	0	0	0	0
0	0	0	0	0
0	0	0	0	0
0	0	0	0	0
0	0	0	0	0
0	0	0	0	0
0	0	0	0	0
0	0	0	0	0
0	0	0	0	0
0	0	0	0	0
0	0	0	0	0
0	0	0	0	0
0	0	0	0	0
0	0	0	0	0
0	0	0	0	0
0	0	0	0	0
0	0	0	0	0
0	0	0	0	0
0	0	0	0	0
0	0	0	0	0
0	0	0	0	0
0	0	0	0	0
0	0	0	0	0
0	0	0	0	0
0	0	0	0	0
0	0	0	0	0
0	0	0	0	0
0	0	0	0	0
0	0	0	0	0
0	0	0	0	0
0	0	0	0	0
0	0	0	0	0
0	0	0	0	0
0	0	0	0	0
0	0	0	0	0
0	0	0	0	0
0	0	0	0	0
0	0	0	0	0
0	0	0	0	0
0	0	0	0	0
0	0	0	0	0
0	0	0	0	0
0	0	0	0	0
0	0	0	0	0
0	0	0	0	0
0	0	0	0	0
0	0	0	0	0
0	0	0	0	0
0	0	0	0	0
0	0	0	0	0
0	0	0	0	0
0	0	0	0	0
0	0	0	0	0
0	0	0	0	0
0	0	0	0	0
0	0	0	0	0
0	0	0	0	0
0	0	0	0	0
0	0	0	0	0
0	0	0	0	0
0	0	0	0	0
0	0	0	0	0
0	0	0	0	0
0	0	0	0	0
0	0	0	0	0
0	0	0	0	0
0	0	0	0	0
0	0	0	0	0
0	0	0	0	0
0	0	0	0	0
0	0	0	0	0
0	0	0	0	0
0	0	0	0	0
0	0	0	0	0
0	0	0	0	0
0	0	0	0	0
0	0	0	0	0
0	0	0	0	0
0	0	0	0	0
0	0	0	0	0
0	0	0	0	0
0	0	0	0	0
0	0	0	0	0
0	0	0	0	0
0	0	0	0	0
0	0	0	0	0
0	0	0	0	0
0	0	0	0	0
0	0	0	0	0
0	0	0	0	0
0	0	0	0	0
0	0	0	0	0
0	0	0	0	0
0	0	0	0	0
0	0	0	0	0
0	0	0	0	0
0	0	0	0	0
0	0	0	0	0
0	0	0	0	0
0	0	0	0	0
0	0	0	0	0
0	0	0	0	0
0	0	0	0	0
0	0	0	0	0
0	0	0	0	0
0	0	0	0	0
0	0	0	0	0
0	0	0	0	0
0	0	0	0	0
0	0	0	0	0
0	0	0	0	0
0	0	0	0	0
0	0	0	0	0
0	0	0	0	0
0	0	0	0	0
0	0	0	0	0
0	0	0	0	0
0	0	0	0	0
0	0	0	0	0
0	0	0	0	0
0	0	0	0	0
0	0	0	0	0
0	0	0	0	0
0	0	0	0	0
0	0	0	0	0
0	0	0	0	0
0	0	0	0	0
0	0	0	0	0
0	0	0	0	0
0	0	0	0	0
0	0	0	0	0
0	0	0	0	0
0	0	0	0	0
0	0	0	0	0
0	0	0	0	0
0	0	0	0	0
0	0	0	0	0
0	0	0	0	0
0	0	0	0	0
0	0	0	0	0
0	0	0	0	0
0	0	0	0	0
0	0	0	0	0
0	0	0	0	0
0	0	0	0	0
0	0	0	0	0
0	0	0	0	0
0	0	0	0	0
0	0	0	0	0
0	0	0	0	0
0	0	0	0	0
0	0	0	0	0
0	0	0	0	0
0	0	0	0	0
0	0	0	0	0
0	0	0	0	0
0	0	0	0	0
0	0	0	0	0
0	0	0	0	0
0	0	0	0	0
0	0	0	0	0
0	0	0	0	0
0	0	0	0	0
0	0	0	0	0
0	0	0	0	0
0	0	0	0	0
0	0	0	0	0
0	0	0	0	0
0	0	0	0	0
0	0	0	0	0
0	0	0	0	0
0	0	0	0	0
0	0	0	0	0
0	0	0	0	0
0	0	0	0	0
0	0	0	0	0
0	0	0	0	0
0	0	0	0	0
0	0	0	0	0
0	0	0	0	0
0	0	0	0	0
0	0	0	0	0
0	0	0	0	0
0	0	0	0	0
0	0	0	0	0
0	0	0	0	0
0	0	0	0	0
0	0	0	0	0
0	0	0	0	0
0	0	0	0	0
0	0	0	0	0
0	0	0	0	0
0	0	0	0	0
0	0	0	0	0
0	0	0	0	0
0	0	0	0	0
0	0	0	0	0
0	0	0	0	0
0	0	0	0	0
0	0	0	0	0
0	0	0	0	0
0	0	0	0	0
0	0	0	0	0
0	0	0	0	0
0	0	0	0	0
0	0	0	0	0
0	0	0	0	0
0	0	0	0	0
0	0	0	0	0
0	0	0	0	0
0	0	0	0	0
0	0	0	0	0
0	0	0	0	0
0	0	0	0	0
0	0	0	0	0
0	0	0	0	0
0	0	0	0	0
0	0	0	0	0
0	0	0	0	0
0	0	0	0	0
0	0	0	0	0
0	0	0	0	0
0	0	0	0	0
0	0	0	0	0
0	0	0	0	0
0	0	0	0	0
0	0	0	0	0
0	0	0	0	0
0	0	0	0	0
0	0	0	0	0
0	0	0	0	0
0	0	0	0	0
0	0	0	0	0
0	0	0	0	0
0	0	0	0	0
0	0	0	0	0
0	0	0	0	0
0	0	0	0	0
0	0	0	0	0
0	0	0	0	0
0	0	0	0	0
0	0	0	0	0
0	0	0	0	0
0	0	0	0	0
0	0	0	0	0
0	0	0	0	0
0	0	0	0	0
0	0	0	0	0
0	0	0	0	0
0	0	0	0	0
0	0	0	0	0
0	0	0	0	0
0	0	0	0	0
0	0	0	0	0
0	0	0	0	0
0	0	0	0	0
0	0	0	0	0
0	0	0	0	0
0	0	0	0	0
