a2611203.350199
Narit-cm 12/01/2026 03:05:02 12/01/2026 03:35:01 0045 0013.384714 0052.542598 00.0 00.0
0002399 0010 0000000 0010 05 0000000 0010 0000000 0010
1 0 1 01600 1 0000 3.75 00000.o 0 0 01 000 16 002399 0.500 BT0
1 2 1 02000 1 0000 3.75 00000.o 0 0 01 000 16 002399 0.500 S2A0
1 1 1 01600 1 0000 3.75 00000.o 0 0 00 000 00 002399 3.1746 BC0
1 3 1 02000 1 0000 3.75 00000.o 0 0 00 000 00 002399 3.1746 S2P0
1 5 0 01600 0 0000 1.00 00000.o 0 0 00 000 00 000000 0.000 OF0
0.000 .o Analog 0 	0.000 .o Analog StErr 0 	0.000 .o Photon Counting 0 	0.000 .o PC StErr 0 	0.000 .o Overflow Info 0 
41.3032	0.265831	154.648	0.916941	0
105.347	0.623401	191.83	0.879487	0
351.779	2.08429	100.125	1.35515	0
474.676	0.0282182	0.383493	0.0796748	0
473.457	0	0	0	0
473.457	0	3.95165	0.288736	0
473.457	1.27289E-5	44.9687	0.810368	0
473.457	1.10404E-5	6.76949	0.376242	0
473.457	6.36446E-6	2.28429	0.222	0
473.457	6.36446E-6	10.0709	0.422549	0
473.457	0	42.5511	0.81888	0
473.457	0	108.312	1.03679	0
473.457	6.36446E-6	153.147	1.00921	0
473.457	0	92.872	0.998659	0
473.457	0	59.158	0.821263	0
473.457	6.36446E-6	53.2388	0.776319	0
473.457	0	49.704	0.754187	0
473.457	6.36446E-6	46.386	0.760656	0
473.457	0	53.9225	0.785852	0
473.457	0	73.3306	0.863144	0
473.457	0	103.693	0.910131	0
473.457	0	118.249	0.918984	0
473.457	0	143.977	0.919665	0
473.457	0	166.669	0.922049	0
473.457	0	183.243	0.887659	0
473.457	0	192.897	0.879147	0
473.457	0	202.284	0.868932	0
473.457	6.36446E-6	204.619	0.859058	0
473.457	0	205.586	0.864506	0
473.457	0	205.902	0.870294	0
473.457	0	205.819	0.891064	0
473.457	0	202.334	0.890383	0
473.457	0	201.717	0.883573	0
473.496	0.0176944	199.516	0.884595	0
474.783	0.112206	201.15	0.863484	1
480.322	0.226568	202.451	0.875401	1
496.067	0.175578	201.667	0.883233	1
499.977	0.0141015	201.684	0.9023	1
500	0	201.967	0.883233	1
499.884	0.0353374	201.701	0.893788	1
497.706	0.183538	200.517	0.882211	1
487.07	0.48523	200.25	0.88119	1
453.335	0.752083	202.618	0.879487	1
403.671	0.807865	204.185	0.883233	1
353.297	0.790611	202.068	0.869273	0
307.096	0.7736	201.751	0.886978	0
262.505	0.757898	203.268	0.874039	0
218.848	0.717651	203.235	0.897193	0
179.022	0.660337	202.351	0.883573	0
143.984	0.585872	201.1	0.879828	0
113.899	0.50482	201.034	0.865527	0
88.9671	0.424084	201.534	0.890723	0
69.2188	0.344735	198.483	0.906386	0
54.1077	0.271097	200.283	0.876423	0
42.9184	0.209182	196.832	0.870635	0
34.8979	0.165503	195.015	0.856674	0
29.0766	0.132013	194.331	0.869954	0
24.7417	0.105409	194.781	0.864506	0
21.5047	0.0847389	193.03	0.850205	0
19.0502	0.0697133	193.147	0.869273	0
17.1379	0.0585181	192.714	0.859058	0
15.5619	0.0500913	189.429	0.838969	0
14.096	0.0468664	191.363	0.888	0
12.7332	0.0444325	187.678	0.873018	0
11.4834	0.039752	186.011	0.868251	0
10.3831	0.0363601	183.86	0.860079	0
9.64764	0.0347946	184.027	0.823987	0
9.32993	0.0321398	183.243	0.861101	0
9.37412	0.0305576	181.726	0.860079	0
9.56668	0.031359	179.775	0.844417	0
9.482	0.0318217	178.975	0.842714	0
9.01584	0.0302793	177.291	0.850886	0
8.56811	0.0298891	177.257	0.864506	0
8.37213	0.0289355	175.14	0.886978	0
8.21578	0.0281777	173.806	0.855993	0
8.1117	0.0285006	173.839	0.842714	0
8.11857	0.0278053	172.222	0.84646	0
7.97982	0.0266898	172.255	0.83965	0
7.60094	0.0259667	170.404	0.833521	0
7.29194	0.0249098	168.92	0.849524	0
7.27367	0.0246982	166.97	0.852248	0
7.34848	0.0241458	167.753	0.823647	0
7.39317	0.0239819	167.053	0.844757	0
7.4945	0.0242396	165.769	0.852929	0
7.62778	0.0236734	165.386	0.844076	0
7.67276	0.0236416	165.552	0.834883	0
7.69429	0.0236806	163.485	0.840331	0
7.7606	0.0230304	164.902	0.840331	0
7.80515	0.0229429	163.935	0.849524	0
7.80193	0.0228235	164.352	0.835904	0
7.80736	0.0232876	164.035	0.855993	0
7.83946	0.0224902	162.684	0.852929	0
7.87269	0.0225537	162.334	0.849184	0
7.88453	0.0221008	160.367	0.849184	0
7.90526	0.0219549	162.251	0.854631	0
7.94586	0.0219485	160.6	0.841012	0
8.01152	0.0227016	159.967	0.844076	0
8.10146	0.0220041	160.45	0.858036	0
8.19936	0.0216531	160.3	0.834883	0
8.29907	0.0215949	160.984	0.862803	0
8.34422	0.0213971	161.534	0.852248	0
8.40067	0.021478	159.3	0.845438	0
8.49637	0.0214999	159.883	0.834883	0
8.57536	0.0215857	159.5	0.869273	0
8.63178	0.0220023	159.45	0.869954	0
8.70888	0.0216295	160.267	0.856334	0
8.8116	0.0212366	161.084	0.859739	0
8.87685	0.0217034	159.617	0.836926	0
8.91857	0.0218049	160.017	0.85395	0
8.97396	0.0215024	159.383	0.884595	0
9.03858	0.0220917	158.066	0.844417	0
9.0974	0.0211907	159.5	0.854972	0
9.15185	0.0207375	159.316	0.849524	0
9.31042	0.0215873	159.133	0.853269	0
9.56491	0.0218983	161.851	0.868251	0
9.68915	0.0221103	161.534	0.859398	0
9.65673	0.0218894	161.117	0.821604	0
9.65329	0.0223409	159.9	0.833521	0
9.58683	0.0224891	159.383	0.852248	0
9.37543	0.0217255	156.532	0.857015	0
9.14421	0.0217365	154.531	0.872677	0
8.88057	0.0237664	154.231	0.842374	0
8.45444	0.0255406	148.879	0.859398	0
8.02413	0.0232818	148.328	0.854972	0
7.76521	0.0187702	148.178	0.855312	0
7.62774	0.0168526	146.678	0.84646	0
7.62541	0.0168795	146.178	0.833521	0
7.67995	0.0175056	146.711	0.858717	0
7.66151	0.0181874	145.677	0.856674	0
7.58399	0.017397	145.327	0.863484	0
7.53035	0.0175764	143.493	0.829776	0
7.45825	0.0171682	142.359	0.834543	0
7.32948	0.0164926	141.959	0.857355	0
7.23624	0.0161472	141.626	0.828073	0
7.20108	0.0162729	139.091	0.822625	0
7.16884	0.0159185	140.509	0.842374	0
7.14343	0.0157044	137.957	0.848503	0
7.10854	0.015815	137.974	0.849184	0
7.04554	0.0156866	135.556	0.83999	0
7.00455	0.0155333	135.406	0.8468	0
6.97947	0.0152616	135.823	0.8468	0
6.93536	0.0149004	133.439	0.855312	0
6.89041	0.0150328	134.273	0.861441	0
6.83658	0.0148704	132.238	0.85395	0
6.78277	0.0147802	132.805	0.852248	0
6.75944	0.0149325	129.037	0.826371	0
6.73429	0.0143239	130.571	0.863144	0
6.68874	0.0142881	127.87	0.866208	0
6.65762	0.0142961	130.621	0.8468	0
6.65053	0.014466	128.737	0.843395	0
6.64094	0.014388	127.62	0.853269	0
6.62331	0.014174	127.603	0.843395	0
6.60403	0.0143414	125.936	0.855312	0
6.55653	0.0137344	126.169	0.86076	0
6.51058	0.0138272	124.135	0.834883	0
6.48373	0.0134411	125.836	0.842374	0
6.45417	0.0135132	123.952	0.840671	0
6.42139	0.0136486	123.151	0.856334	0
6.37998	0.0132917	121.834	0.847481	0
6.33229	0.013403	120.35	0.835564	0
6.31048	0.013151	120.15	0.831819	0
6.27837	0.0128909	118.099	0.858717	0
6.20026	0.0126888	117.165	0.834202	0
6.17212	0.0124865	117.632	0.850546	0
6.16681	0.0126348	115.198	0.842374	0
6.10761	0.0124246	113.514	0.854291	0
6.06087	0.0126981	113.03	0.862463	0
6.02704	0.0124682	113.364	0.852589	0
5.97067	0.0121509	111.713	0.836926	0
5.93315	0.0123627	110.83	0.858717	0
5.90994	0.0122621	110.479	0.851227	0
5.87295	0.0118804	107.145	0.845098	0
5.8271	0.0118763	106.995	0.841012	0
5.79675	0.0116813	106.644	0.851908	0
5.77715	0.0118092	105.627	0.842374	0
5.73772	0.0117925	103.81	0.87438	0
5.6893	0.0116925	102.943	0.864506	0
5.64827	0.0112984	101.809	0.852248	0
5.6183	0.0111479	99.5581	0.858036	0
5.58352	0.0111008	98.6411	0.847141	0
5.53514	0.0108065	95.9066	0.859739	0
5.49932	0.0110366	97.674	0.866208	0
5.48413	0.0105334	97.4073	0.847141	0
5.4632	0.010439	96.0734	0.85395	0
5.4206	0.01022	93.4056	0.842714	0
5.3982	0.01044	93.2889	0.8468	0
5.38758	0.01028	93.2388	0.838969	0
5.35792	0.0102257	91.4048	0.833181	0
5.33382	0.0100903	91.2047	0.845098	0
5.30206	0.00978516	88.8704	0.866208	0
5.26272	0.00961	87.92	0.845438	0
5.23484	0.0096741	87.5865	0.841352	0
5.21184	0.00953811	85.519	0.83284	0
5.18417	0.00941225	84.8187	0.854291	0
5.16038	0.0093049	84.852	0.848843	0
5.14073	0.00912014	83.4348	0.858036	0
5.09868	0.00916066	79.9333	0.835904	0
5.06264	0.00864553	81.484	0.824668	0
5.04872	0.00867709	78.9662	0.836926	0
5.03167	0.00876191	77.5657	0.834202	0
4.99869	0.00868612	77.7157	0.8468	0
4.98535	0.00851636	77.5823	0.826711	0
4.97568	0.00861319	75.4481	0.82603	0
4.94517	0.00857903	75.3814	0.834883	0
4.91715	0.00835958	73.4473	0.814794	0
4.89415	0.00820976	70.9962	0.834883	0
4.87428	0.00818774	71.3631	0.810027	0
4.85448	0.00799226	70.2793	0.80492	0
4.82577	0.00771411	69.7791	0.805941	0
4.79921	0.00754344	68.762	0.820582	0
4.78658	0.00789894	67.128	0.798791	0
4.76717	0.00754617	66.5777	0.813432	0
4.75068	0.0077495	65.1605	0.809006	0
4.7395	0.00768593	65.1605	0.803898	0
4.71168	0.00741219	62.8595	0.787214	0
4.68732	0.00716235	61.6924	0.795046	0
4.68937	0.00750772	62.5427	0.803898	0
4.6749	0.00726288	60.5752	0.77734	0
4.64555	0.00697986	60.842	0.798451	0
4.62949	0.00686777	58.4577	0.79096	0
4.61236	0.00679211	59.7416	0.775638	0
4.59887	0.00687686	57.8074	0.78449	0
4.59486	0.00679685	58.8912	0.786533	0
4.58036	0.00671664	57.2238	0.787555	0
4.55828	0.00675983	56.04	0.779383	0
4.54307	0.00657052	54.1892	0.767806	0
4.52829	0.00646551	53.1055	0.757251	0
4.50811	0.00645927	52.2718	0.758954	0
4.49725	0.00632328	52.0717	0.775297	0
4.48543	0.00623502	50.9379	0.765763	0
4.46401	0.00607033	49.8208	0.750441	0
4.45543	0.00602487	50.6711	0.745674	0
4.44724	0.00605065	46.9529	0.74227	0
4.42903	0.00606857	48.1034	0.753846	0
4.42533	0.00583582	48.0033	0.730012	0
4.4149	0.00578432	48.3201	0.741929	0
4.40974	0.00589654	47.0029	0.74261	0
4.41366	0.0058655	46.8695	0.74942	0
4.4036	0.00574892	47.2363	0.733757	0
4.38954	0.0058112	46.0358	0.741929	0
4.38345	0.00583601	45.569	0.724224	0
4.37258	0.00556312	44.902	0.710944	0
4.35144	0.00550948	43.7516	0.731374	0
4.33212	0.00546129	42.8512	0.713328	0
4.31468	0.00532991	41.3506	0.697325	0
4.29965	0.00512475	41.5006	0.70754	0
4.28805	0.00513534	40.5169	0.700049	0
4.27361	0.00499279	37.7824	0.676555	0
4.25699	0.00505007	39.3497	0.694941	0
4.24436	0.00502195	36.732	0.667362	0
4.22988	0.00489881	35.8149	0.682343	0
4.22161	0.00477484	36.2651	0.674852	0
4.21691	0.0047247	34.7145	0.670086	0
4.20545	0.00481633	35.9316	0.671448	0
4.19585	0.00468268	33.8975	0.663276	0
4.19295	0.00471366	34.281	0.667362	0
4.18645	0.0046884	32.8303	0.660211	0
4.17557	0.00456	33.4473	0.646932	0
4.16853	0.00450402	32.3968	0.653742	0
4.16512	0.00453455	31.5465	0.622757	0
4.16251	0.00452422	32.697	0.655444	0
4.15875	0.00447123	31.5965	0.647273	0
4.15713	0.004397	32.7803	0.661914	0
4.14996	0.00446616	31.2797	0.650678	0
4.14402	0.00442278	31.2797	0.630589	0
4.15209	0.00444681	32.1967	0.653402	0
4.14855	0.00445622	30.7461	0.637058	0
4.1322	0.00442434	30.3793	0.632291	0
4.13219	0.00441654	30.9629	0.626162	0
4.13222	0.00437368	30.8629	0.633994	0
4.11989	0.00435887	29.5456	0.632972	0
4.11568	0.00432828	29.9125	0.623779	0
4.11314	0.00420015	28.7787	0.628546	0
4.10251	0.00422736	29.3622	0.639782	0
4.09291	0.00428679	27.9283	0.626843	0
4.08816	0.00427055	27.7782	0.616969	0
4.08428	0.00399941	28.7453	0.615267	0
4.08054	0.00410943	27.2947	0.627524	0
4.07924	0.00407013	28.7453	0.616288	0
4.07663	0.00408319	28.1284	0.61799	0
4.06594	0.0040563	26.8445	0.598923	0
4.06413	0.00409923	26.2276	0.600625	0
4.06556	0.00403364	27.0113	0.61084	0
4.0591	0.004015	26.7778	0.597902	0
4.05504	0.00397701	25.7607	0.591432	0
4.04978	0.00399467	25.6607	0.594156	0
4.04459	0.003942	25.4273	0.597902	0
4.03937	0.00388563	26.1109	0.591092	0
4.0335	0.00377964	25.6273	0.588368	0
4.02901	0.00388115	24.1434	0.568619	0
4.02585	0.00392603	24.7937	0.589049	0
4.02466	0.00380354	24.6769	0.583601	0
4.01393	0.00369145	23.9933	0.585303	0
4.00765	0.00375256	23.8266	0.57611	0
4.00785	0.00364495	23.6265	0.575429	0
4.00548	0.0035928	24.0934	0.575429	0
4.00137	0.0036419	24.1934	0.575089	0
3.99918	0.00365041	23.6599	0.581898	0
4.00061	0.0037547	23.9767	0.586325	0
3.99126	0.00381562	22.8262	0.57611	0
3.98108	0.00363774	22.0425	0.56181	0
3.97974	0.00352883	21.9425	0.553978	0
3.97638	0.00359196	22.0592	0.557043	0
3.96549	0.00356812	21.1255	0.533208	0
3.95817	0.00342486	21.3756	0.540699	0
3.95471	0.00345213	20.842	0.529803	0
3.95131	0.00339063	20.9087	0.54104	0
3.94666	0.00335511	19.4248	0.525718	0
3.93931	0.00333725	19.8583	0.536613	0
3.9318	0.00324613	18.9412	0.521972	0
3.92906	0.00331458	19.0579	0.516865	0
3.92864	0.00326685	19.7416	0.529463	0
3.92574	0.00338024	19.2414	0.530144	0
3.91968	0.00328101	18.3576	0.532187	0
3.91379	0.00313963	18.0742	0.507672	0
3.91237	0.00323574	17.9575	0.507331	0
3.91404	0.00316398	18.7078	0.528782	0
3.90824	0.00320489	17.4906	0.510736	0
3.90259	0.00323269	17.9075	0.515503	0
3.90281	0.00311241	17.6407	0.50665	0
3.89709	0.00311625	17.2739	0.494733	0
3.88976	0.00310371	16.9571	0.49303	0
3.8876	0.00302058	16.4235	0.484178	0
3.88425	0.00307007	17.4073	0.493371	0
3.88194	0.00304747	16.9237	0.502905	0
3.87101	0.00297818	15.3897	0.480432	0
3.86565	0.00296084	16.04	0.485199	0
3.86855	0.00288985	16.09	0.479411	0
3.86675	0.00292479	15.94	0.489966	0
3.86788	0.00302721	15.3231	0.489285	0
3.8722	0.00295889	16.1901	0.492349	0
3.86936	0.00299181	16.1901	0.499159	0
3.86285	0.00297298	16.2068	0.488604	0
3.86027	0.00293765	15.3231	0.483156	0
3.85863	0.00294304	16.2901	0.488264	0
3.85477	0.00290291	15.2397	0.479751	0
3.85056	0.00290206	15.4398	0.482475	0
3.84943	0.00286927	15.2564	0.472941	0
3.84682	0.00287621	14.8895	0.472941	0
3.84801	0.00288959	15.94	0.489285	0
3.84463	0.00283887	15.123	0.464089	0
3.83485	0.00284043	13.7557	0.449788	0
3.8289	0.00282244	14.2893	0.460684	0
3.83236	0.00289265	13.489	0.453874	0
3.8339	0.00285803	14.0725	0.469537	0
3.83523	0.00279244	15.1897	0.467153	0
3.83222	0.00274743	14.1392	0.461705	0
3.82764	0.00271775	14.3226	0.463748	0
3.82379	0.00261118	13.8224	0.456938	0
3.81952	0.00263359	12.9221	0.445702	0
3.82197	0.00275834	14.406	0.474303	0
3.82404	0.00276354	14.2226	0.46511	0
3.81347	0.00274152	12.5552	0.434466	0
3.80968	0.00272918	14.1726	0.473282	0
3.81114	0.00262988	13.9892	0.46511	0
3.80579	0.00267768	11.9883	0.426975	0
3.80902	0.00277464	13.8391	0.456257	0
3.81315	0.00281679	13.7057	0.452512	0
3.8033	0.0026345	12.2218	0.428678	0
3.79971	0.00276126	13.4556	0.454214	0
3.79812	0.0026106	11.3381	0.422889	0
3.7938	0.0025765	12.8887	0.431061	0
3.79198	0.00261118	11.238	0.413356	0
3.78845	0.0024874	12.6553	0.427997	0
3.78574	0.00250643	12.005	0.431061	0
3.7823	0.00257358	11.9383	0.420165	0
3.77613	0.00247012	11.5548	0.412334	0
3.77239	0.00246006	10.5711	0.400417	0
3.77208	0.00245071	11.088	0.414037	0
3.7691	0.00239641	11.2547	0.412334	0
3.76803	0.00242187	10.8212	0.402119	0
3.76904	0.00242155	11.0713	0.407227	0
3.76647	0.00241551	11.0713	0.418122	0
3.76382	0.00239362	10.8545	0.412675	0
3.76461	0.00245532	10.5211	0.4028	0
3.76382	0.00236563	10.421	0.386797	0
3.76295	0.0023529	10.421	0.399736	0
3.7607	0.0023455	10.2709	0.400757	0
3.75343	0.00232303	9.40392	0.376242	0
3.74891	0.00230608	9.72072	0.392245	0
3.74849	0.00234381	9.85411	0.390202	0
3.74548	0.00232342	9.33722	0.382371	0
3.74279	0.00231634	9.72072	0.385095	0
3.74014	0.00221723	9.43727	0.381349	0
3.73836	0.00229023	9.33722	0.379307	0
3.73706	0.00218639	9.25386	0.368751	0
3.73308	0.00226114	8.68695	0.369773	0
3.73469	0.0021971	9.08712	0.372497	0
3.73727	0.00225938	8.77032	0.370794	0
3.73259	0.00215372	8.98708	0.373518	0
3.73118	0.00218561	8.55356	0.36807	0
3.7305	0.00221905	8.4702	0.363984	0
3.72966	0.00220964	8.38683	0.363644	0
3.73101	0.00220977	9.25386	0.379647	0
3.7256	0.00219541	8.37015	0.364325	0
3.72038	0.00222133	8.28679	0.362282	0
3.72193	0.00218223	9.13714	0.382711	0
3.7185	0.00214619	8.13672	0.35411	0
3.71357	0.00207819	7.95331	0.35377	0
3.71437	0.00207702	7.8366	0.354451	0
3.71593	0.00212917	8.22009	0.359218	0
3.71598	0.00214482	7.85327	0.345257	0
3.71807	0.00215125	8.57024	0.36773	0
3.72038	0.00214917	8.55356	0.365006	0
3.71927	0.00212716	8.13672	0.36092	0
3.71758	0.00215619	8.78699	0.369773	0
3.71844	0.00219294	8.85369	0.37488	0
3.71668	0.0021343	7.85327	0.353089	0
3.71192	0.00213099	8.87036	0.373518	0
3.70947	0.0021317	7.81992	0.350365	0
3.70655	0.00213644	8.20342	0.358877	0
3.70779	0.00214515	8.63693	0.354451	0
3.70965	0.00220093	8.57024	0.371475	0
3.7095	0.00220126	8.77032	0.36807	0
3.70931	0.00222457	8.13672	0.357175	0
3.70662	0.00215476	8.37015	0.365006	0
3.70824	0.00218567	8.55356	0.36807	0
3.70755	0.00221425	8.18674	0.357856	0
3.70263	0.00211917	7.81992	0.350365	0
3.70001	0.00206851	7.81992	0.349684	0
3.69833	0.00206338	7.48645	0.344577	0
3.69539	0.00201013	7.48645	0.343896	0
3.69297	0.00201149	7.50313	0.337426	0
3.68528	0.00196772	6.65277	0.327211	0
3.67969	0.00199227	6.51938	0.323126	0
3.67982	0.00192875	6.61942	0.324828	0
3.67677	0.00191447	6.58608	0.324147	0
3.67019	0.00186362	5.85244	0.304739	0
3.67245	0.00188998	6.05252	0.312911	0
3.67321	0.00185849	5.98583	0.308144	0
3.66774	0.00180406	5.58566	0.302015	0
3.66816	0.00174568	5.76907	0.302015	0
3.66739	0.00179945	5.56899	0.299972	0
3.6656	0.00175932	5.3689	0.296908	0
3.66608	0.00175165	5.56899	0.297248	0
3.66335	0.00171106	5.01876	0.286693	0
3.66038	0.0017903	5.40225	0.300313	0
3.65827	0.00169918	5.26886	0.297589	0
3.6567	0.00169457	4.66861	0.271712	0
3.65636	0.00173756	5.21884	0.289077	0
3.65552	0.00170723	5.23551	0.291119	0
3.65526	0.00174185	5.51897	0.296227	0
3.65531	0.00171873	4.50188	0.266604	0
3.65432	0.00177627	5.06878	0.286693	0
3.65642	0.00174412	5.21884	0.289758	0
3.65673	0.00168554	5.30221	0.290779	0
3.65893	0.00174711	5.86911	0.302356	0
3.6627	0.00176172	5.71905	0.308485	0
3.66453	0.00179711	5.91913	0.300313	0
3.662	0.00180887	5.70238	0.304399	0
3.657	0.00177348	5.83576	0.303377	0
3.65368	0.00171451	5.13547	0.291119	0
3.654	0.00175795	5.96915	0.313251	0
3.65304	0.00174652	5.50229	0.293843	0
3.65137	0.00180491	5.61901	0.297248	0
3.65128	0.00177464	5.30221	0.287715	0
3.65242	0.00174035	5.40225	0.290779	0
3.65423	0.00178932	5.51897	0.297929	0
3.6556	0.00180153	6.10254	0.317337	0
3.6562	0.00185336	5.95248	0.306442	0
3.65655	0.00181894	5.56899	0.298951	0
3.65438	0.00176705	5.55231	0.294865	0
3.65242	0.00177218	5.98583	0.311549	0
3.651	0.00177926	5.18549	0.290098	0
3.64929	0.0017877	5.3689	0.287374	0
3.64601	0.00170535	4.88537	0.281586	0
3.64403	0.0017171	5.23551	0.289417	0
3.64436	0.00169554	4.76865	0.275116	0
3.64227	0.00173425	4.96874	0.283629	0
3.63623	0.00169301	4.95206	0.281245	0
3.63246	0.00164716	4.33514	0.273073	0
3.63121	0.00155449	4.01834	0.25673	0
3.63318	0.0015954	4.4852	0.262178	0
3.63536	0.00164658	4.56857	0.268307	0
3.62998	0.00161625	4.11838	0.260135	0
3.62462	0.00150266	3.70154	0.243791	0
3.62248	0.00150662	3.43476	0.238343	0
3.62096	0.00147798	2.83451	0.21485	0
3.62089	0.00145278	3.38474	0.238003	0
3.62144	0.00144571	3.61817	0.239024	0
3.61798	0.00145999	3.0346	0.221319	0
3.6157	0.00139271	3.41809	0.23562	0
3.61562	0.00139875	3.06794	0.22234	0
3.61587	0.00139271	3.16799	0.228129	0
3.61431	0.00142311	3.21801	0.229491	0
3.61431	0.00141213	3.33472	0.234258	0
3.61492	0.001417	3.33472	0.231874	0
3.61487	0.00139927	3.11797	0.220297	0
3.61339	0.00141265	2.98458	0.217233	0
3.61364	0.00136193	3.00125	0.218935	0
3.61282	0.00134784	2.90121	0.211785	0
3.61427	0.00137329	3.13464	0.224383	0
3.61604	0.00144804	3.2847	0.235279	0
3.61517	0.00144012	3.13464	0.222	0
3.61436	0.00134933	3.18466	0.224724	0
3.61654	0.00146545	3.56815	0.246856	0
3.61514	0.00147461	3.50146	0.236641	0
3.61277	0.00145746	3.73489	0.244472	0
3.61349	0.00146311	3.41809	0.238003	0
3.6125	0.0014172	3.41809	0.234258	0
3.61408	0.00153416	3.65152	0.244472	0
3.61653	0.00149688	3.75156	0.246175	0
3.61407	0.00151383	3.63485	0.241748	0
3.61526	0.001545	3.80158	0.250942	0
3.61639	0.0014924	3.68487	0.237322	0
3.61542	0.00152682	3.81826	0.246856	0
3.6163	0.00151318	3.75156	0.245153	0
3.617	0.00157228	3.86828	0.251623	0
3.61491	0.00148883	3.65152	0.245834	0
3.61428	0.00146603	3.80158	0.245153	0
3.61501	0.00151331	3.76824	0.253325	0
3.61131	0.00152026	3.8516	0.248899	0
3.60924	0.00151442	3.70154	0.241408	0
3.60713	0.00145882	3.05127	0.219276	0
3.60372	0.00142947	3.30138	0.228469	0
3.6022	0.00143694	2.80117	0.213828	0
3.60119	0.00137894	3.00125	0.221659	0
3.60117	0.00137511	3.10129	0.226086	0
3.60182	0.00135699	2.90121	0.219616	0
3.6024	0.0013857	2.83451	0.212126	0
3.59922	0.00130978	2.70113	0.209061	0
3.59501	0.001284	1.96749	0.179779	0
3.5957	0.00126094	2.43435	0.196804	0
3.59478	0.00124373	2.60108	0.204294	0
3.5904	0.00121938	2.0842	0.181482	0
3.58855	0.00117022	1.73406	0.1665	0
3.58672	0.00119152	1.71738	0.168883	0
3.58658	0.0011697	2.16757	0.189313	0
3.58484	0.00114956	1.70071	0.164797	0
3.58332	0.00111138	1.61734	0.162755	0
3.58143	0.00110878	1.56732	0.162074	0
3.58204	0.00109352	1.56732	0.158328	0
3.58116	0.00107235	1.78408	0.170245	0
3.5808	0.00106358	1.16715	0.137558	0
3.58114	0.00109858	1.56732	0.158328	0
3.58224	0.00109241	1.38391	0.15288	0
3.57987	0.00106773	1.23385	0.143347	0
3.5778	0.00104299	1.13381	0.135515	0
3.5785	0.00100727	1.43393	0.157307	0
3.57689	0.00102831	1.10046	0.135515	0
3.57499	0.000989478	1.15048	0.13858	0
3.57703	0.00101701	1.31722	0.147773	0
3.5792	0.00112086	1.61734	0.164457	0
3.57945	0.00110755	1.66736	0.163095	0
3.57874	0.00110196	1.58399	0.161052	0
3.57615	0.00105981	1.28387	0.147773	0
3.57448	0.00104325	1.16715	0.143347	0
3.57569	0.00105104	1.33389	0.146751	0
3.57754	0.00107936	1.53397	0.158669	0
3.57618	0.00105234	1.38391	0.149135	0
3.576	0.00101383	1.21717	0.140282	0
3.57549	0.0010852	1.36724	0.153902	0
3.5752	0.00102137	1.26719	0.143006	0
3.57337	0.00105682	1.21717	0.144368	0
3.57237	0.000975061	1.2005	0.139261	0
3.57084	0.000988179	0.933722	0.123258	0
3.57194	0.00103598	1.58399	0.161052	0
3.57332	0.00103585	1.23385	0.147092	0
3.57268	0.00104312	1.41726	0.150837	0
3.57166	0.00103799	1.16715	0.137558	0
3.57115	0.000985517	1.10046	0.137558	0
3.5712	0.00102078	1.38391	0.149135	0
3.57211	0.00104611	1.25052	0.144028	0
3.5722	0.00100636	1.15048	0.136537	0
3.57212	0.0010089	1.16715	0.141304	0
3.57081	0.0010287	1.11713	0.140623	0
3.56897	0.000998116	1.2005	0.139261	0
3.56966	0.00100604	1.11713	0.134494	0
3.57012	0.00102799	1.21717	0.142325	0
3.56894	0.00101948	1.43393	0.153561	0
3.56779	0.00099331	0.983743	0.126663	0
3.56683	0.000990452	1.15048	0.13858	0
3.56751	0.000991556	1.11713	0.134494	0
3.56797	0.000996037	1.11713	0.136537	0
3.56701	0.00102416	1.01709	0.130748	0
3.56637	0.00101604	1.2005	0.139261	0
3.5658	0.00099922	1.15048	0.136537	0
3.56609	0.0010037	0.950396	0.124279	0
3.5658	0.000967332	1.03376	0.129727	0
3.56525	0.000971554	1.10046	0.133472	0
3.56444	0.000981165	0.833681	0.116788	0
3.5645	0.000978243	0.867028	0.118831	0
3.56532	0.00101221	1.05044	0.132791	0
3.56335	0.000967852	0.833681	0.119172	0
3.56288	0.000974996	1.08378	0.132451	0
3.56536	0.000991881	1.21717	0.140282	0
3.56371	0.000982789	1.10046	0.137558	0
3.56123	0.000929405	1.03376	0.129727	0
3.56239	0.000984997	1.10046	0.135515	0
3.56267	0.000990257	1.11713	0.134494	0
3.5624	0.00102	1.06711	0.135856	0
3.56304	0.00101708	1.2005	0.141304	0
3.56316	0.00100052	1.06711	0.13177	0
3.56233	0.00097532	1.26719	0.145049	0
3.56158	0.000971943	0.867028	0.118831	0
3.56086	0.000957591	0.78366	0.113043	0
3.56124	0.000970125	1.03376	0.129727	0
3.56144	0.000976749	0.817007	0.115426	0
3.55907	0.000957981	0.850354	0.11781	0
3.55889	0.000954668	0.883702	0.120193	0
3.55955	0.000946226	0.78366	0.113043	0
3.55817	0.000921547	0.817007	0.11781	0
3.5582	0.000962981	1.00042	0.129727	0
3.5596	0.000978957	1.08378	0.136877	0
3.55918	0.00100247	1.15048	0.140623	0
3.55944	0.000960254	0.933722	0.123258	0
3.55895	0.000951811	0.883702	0.120193	0
3.55856	0.0009246	0.833681	0.116788	0
3.5597	0.000956032	1.05044	0.134834	0
3.56043	0.000965319	1.13381	0.135515	0
3.55933	0.000961942	0.983743	0.130748	0
3.55796	0.000956552	0.850354	0.120193	0
3.55748	0.00093564	0.716965	0.108276	0
3.55545	0.000925704	0.883702	0.120193	0
3.55657	0.000920183	0.78366	0.113043	0
3.55793	0.00093616	0.983743	0.130748	0
3.55686	0.00095824	0.817007	0.11781	0
3.55541	0.000944797	0.78366	0.115767	0
3.55499	0.000937134	0.900375	0.121215	0
3.55521	0.000974801	0.950396	0.124279	0
3.55561	0.000963501	0.917049	0.122236	0
3.55476	0.000940186	0.78366	0.113043	0
3.55526	0.000927132	1.00042	0.127684	0
3.55588	0.000941355	0.867028	0.118831	0
3.55668	0.000965644	0.96707	0.127684	0
3.55662	0.000981685	0.900375	0.121215	0
3.55446	0.000934276	0.867028	0.121215	0
3.55378	0.000929016	0.766986	0.112021	0
3.55411	0.00091252	0.750313	0.113383	0
3.55296	0.000894401	0.583576	0.0980613	0
3.5537	0.000927522	0.883702	0.120193	0
3.55369	0.000954474	0.800333	0.114405	0
3.55425	0.000953305	0.96707	0.125301	0
3.5532	0.000936095	0.566903	0.0966993	0
3.55338	0.000921482	0.800333	0.116788	0
3.5535	0.000938043	0.950396	0.126663	0
3.55239	0.000921093	0.950396	0.124279	0
3.55256	0.000950642	0.933722	0.123258	0
3.55311	0.00090174	0.733639	0.109638	0
3.55331	0.000937588	1.00042	0.127684	0
3.5541	0.000917716	0.78366	0.113043	0
3.55251	0.000916092	0.933722	0.125641	0
3.55171	0.000943303	0.867028	0.118831	0
3.55147	0.00093603	0.766986	0.112021	0
3.55044	0.00091791	0.900375	0.121215	0
3.55174	0.000921223	0.850354	0.11781	0
3.5519	0.000898557	0.833681	0.116788	0
3.55186	0.000965189	1.16715	0.143347	0
3.5514	0.000943173	0.867028	0.118831	0
3.55035	0.000942719	0.800333	0.114405	0
3.54973	0.000925444	0.650271	0.105893	0
3.5499	0.000880048	0.700292	0.107255	0
3.55017	0.000893037	0.883702	0.120193	0
3.55035	0.00089018	0.60025	0.0994233	0
3.54968	0.000876606	0.666945	0.104531	0
3.55042	0.000903753	0.683618	0.105893	0
3.55089	0.000885244	0.817007	0.115426	0
3.54941	0.000893427	0.650271	0.103169	0
3.55001	0.000925639	0.867028	0.118831	0
3.5499	0.000905831	0.750313	0.113383	0
3.55005	0.000942459	0.983743	0.128705	0
3.54948	0.000915637	0.716965	0.111	0
3.54866	0.000920963	0.800333	0.114405	0
3.54913	0.000926158	0.867028	0.118831	0
3.54823	0.000888296	0.616924	0.100785	0
3.54795	0.000916612	0.750313	0.113383	0
3.54766	0.000931484	0.700292	0.107255	0
3.54741	0.000919274	0.716965	0.108276	0
3.54757	0.000917846	0.78366	0.113043	0
3.5491	0.000914793	0.616924	0.100785	0
3.54902	0.000927067	0.867028	0.121215	0
3.54846	0.000949473	0.850354	0.120193	0
3.54799	0.000922457	0.716965	0.113383	0
3.54712	0.00091226	0.766986	0.112021	0
3.54558	0.000869917	0.566903	0.0966993	0
3.54606	0.000914339	0.817007	0.115426	0
3.54583	0.000902649	0.616924	0.103509	0
3.54496	0.000883296	0.60025	0.0994233	0
3.54699	0.000914404	0.78366	0.113043	0
3.54654	0.000915378	0.666945	0.109638	0
3.54525	0.000886218	0.700292	0.107255	0
3.54602	0.000890504	0.566903	0.0966993	0
3.54685	0.000931484	0.800333	0.116788	0
3.54621	0.000938303	0.766986	0.112021	0
3.54622	0.000897843	0.716965	0.108276	0
3.54504	0.000876671	0.533556	0.0966993	0
3.54475	0.000898362	0.616924	0.100785	0
3.54565	0.000883101	0.566903	0.0966993	0
3.5468	0.000929535	0.867028	0.121215	0
3.54667	0.000914728	0.78366	0.113043	0
3.54445	0.000893362	0.766986	0.112021	0
3.54541	0.00092447	0.78366	0.113043	0
3.54499	0.00088453	0.766986	0.112021	0
3.54382	0.000912585	0.733639	0.112021	0
3.54378	0.000901999	0.650271	0.105893	0
3.54426	0.000898168	0.633597	0.102147	0
3.54338	0.000858033	0.766986	0.112021	0
3.54402	0.000890115	0.733639	0.109638	0
3.54453	0.000898038	0.516882	0.092273	0
3.54433	0.0008731	0.716965	0.108276	0
3.54479	0.000876996	0.750313	0.110659	0
3.54409	0.000865566	0.683618	0.108617	0
3.54366	0.000873944	0.60025	0.0994233	0
3.5439	0.000871021	0.750313	0.110659	0
3.54342	0.00089583	0.666945	0.107255	0
3.54195	0.000859007	0.400167	0.0813773	0
3.54288	0.000860371	0.533556	0.0966993	0
3.54296	0.000840823	0.433514	0.0844417	0
3.54202	0.000829717	0.566903	0.0966993	0
3.54227	0.000871411	0.516882	0.0953374	0
3.54212	0.000850239	0.500208	0.0936349	0
3.54317	0.000873424	0.700292	0.109638	0
3.54446	0.000865956	0.716965	0.108276	0
3.54358	0.000877191	0.483535	0.0892085	0
3.54187	0.000846732	0.583576	0.0980613	0
3.54184	0.000846732	0.500208	0.090911	0
3.54185	0.000825041	0.500208	0.090911	0
3.54212	0.000869657	0.583576	0.100785	0
3.54275	0.000856994	0.533556	0.0936349	0
3.54153	0.000897778	0.750313	0.110659	0
3.54199	0.000886932	0.716965	0.108276	0
3.54131	0.000867514	0.566903	0.0966993	0
3.54032	0.000884205	0.483535	0.0892085	0
3.54088	0.000854915	0.550229	0.0949969	0
3.54114	0.000851084	0.500208	0.090911	0
3.54102	0.000876931	0.700292	0.107255	0
3.54026	0.000885374	0.60025	0.0994233	0
3.54133	0.000856214	0.550229	0.0949969	0
3.54103	0.000896999	0.566903	0.0966993	0
3.5426	0.000910572	0.850354	0.11781	0
3.54173	0.000859591	0.516882	0.092273	0
3.54027	0.00091791	0.800333	0.114405	0
3.54114	0.000870177	0.616924	0.100785	0
3.54002	0.000840108	0.483535	0.0892085	0
3.53938	0.000846732	0.516882	0.092273	0
3.54048	0.000883296	0.650271	0.103169	0
3.54029	0.000870177	0.450188	0.0892085	0
3.54046	0.000846538	0.466861	0.0878466	0
3.54078	0.000857578	0.516882	0.092273	0
3.54048	0.00087284	0.500208	0.090911	0
3.53964	0.000864137	0.500208	0.090911	0
3.54082	0.000858098	0.616924	0.100785	0
3.54096	0.000847122	0.583576	0.0980613	0
3.5423	0.00087258	0.466861	0.0878466	0
3.54139	0.000870177	0.60025	0.102147	0
3.54059	0.00086141	0.583576	0.100785	0
3.54078	0.000868618	0.666945	0.104531	0
3.53851	0.000848746	0.533556	0.0936349	0
3.53935	0.000888296	0.60025	0.0994233	0
3.54008	0.000859591	0.583576	0.0980613	0
3.53864	0.000839329	0.516882	0.092273	0
3.53901	0.000846148	0.60025	0.0994233	0
3.53917	0.000818547	0.60025	0.0994233	0
3.54008	0.000854526	0.733639	0.109638	0
3.53998	0.000867774	0.516882	0.092273	0
3.53941	0.000870567	0.60025	0.0994233	0
3.53971	0.000865761	0.583576	0.0980613	0
3.53971	0.000839978	0.466861	0.0878466	0
3.53871	0.000857903	0.41684	0.0830797	0
3.53982	0.000870372	0.566903	0.0994233	0
3.53963	0.000865761	0.516882	0.092273	0
3.53832	0.00087284	0.633597	0.102147	0
3.53792	0.000876542	0.550229	0.0980613	0
3.53791	0.000841537	0.41684	0.0830797	0
3.53886	0.000879659	0.750313	0.110659	0
3.53919	0.000849525	0.483535	0.0892085	0
3.53814	0.000830042	0.500208	0.090911	0
3.53723	0.000818872	0.333472	0.074227	0
3.53978	0.000874723	0.633597	0.102147	0
3.53935	0.000871736	0.466861	0.0878466	0
3.53835	0.000860176	0.566903	0.0966993	0
3.53832	0.000860695	0.633597	0.107255	0
3.53928	0.000856149	0.500208	0.0936349	0
3.53755	0.000838225	0.450188	0.0861441	0
3.53679	0.000850304	0.583576	0.0980613	0
3.53858	0.000887517	0.733639	0.109638	0
3.5377	0.000854136	0.500208	0.090911	0
3.53766	0.00085563	0.483535	0.0892085	0
3.53893	0.000866345	0.583576	0.0980613	0
3.53875	0.000847707	0.466861	0.0878466	0
3.53747	0.000845239	0.41684	0.0830797	0
3.53826	0.000859591	0.550229	0.0980613	0
3.53745	0.000847772	0.383493	0.0796748	0
3.53834	0.000833354	0.466861	0.0878466	0
3.53992	0.000871411	0.533556	0.0936349	0
3.53829	0.000835627	0.500208	0.090911	0
3.53787	0.000861994	0.41684	0.0830797	0
3.5372	0.000802311	0.350146	0.0759294	0
3.53809	0.000834783	0.566903	0.0966993	0
3.53764	0.00083777	0.583576	0.0980613	0
3.53766	0.000875178	0.700292	0.107255	0
3.53848	0.000910442	0.650271	0.105893	0
3.53764	0.00084972	0.566903	0.0966993	0
3.5372	0.000870177	0.683618	0.105893	0
3.53694	0.000869722	0.383493	0.0796748	0
3.53708	0.000840368	0.550229	0.0949969	0
3.53742	0.000844395	0.583576	0.0980613	0
3.53651	0.00082673	0.36682	0.0779724	0
3.5372	0.000841992	0.60025	0.0994233	0
3.53894	0.000810819	0.400167	0.0813773	0
3.53707	0.000854006	0.550229	0.0949969	0
3.53705	0.000830821	0.533556	0.0936349	0
3.53655	0.000848096	0.516882	0.092273	0
3.53637	0.000824457	0.500208	0.090911	0
3.5365	0.000836082	0.450188	0.0892085	0
3.5362	0.000836342	0.383493	0.0796748	0
3.53625	0.000827769	0.450188	0.0861441	0
3.53754	0.000830562	0.550229	0.0949969	0
3.53687	0.000875243	0.583576	0.0980613	0
3.53719	0.000842901	0.466861	0.0878466	0
3.53758	0.000807896	0.400167	0.0813773	0
3.53734	0.000834458	0.483535	0.092273	0
3.53839	0.000839069	0.466861	0.0878466	0
3.53756	0.000847772	0.533556	0.0936349	0
3.53676	0.00081569	0.400167	0.0813773	0
3.53691	0.000815949	0.450188	0.0861441	0
3.53657	0.000802181	0.283451	0.0684386	0
3.5356	0.000807896	0.500208	0.0936349	0
3.53602	0.000809455	0.400167	0.0813773	0
3.53552	0.000829003	0.41684	0.0830797	0
3.53451	0.000802896	0.316799	0.0725245	0
3.53443	0.000802636	0.41684	0.0830797	0
3.53564	0.000803026	0.500208	0.090911	0
3.53748	0.00085485	0.583576	0.0980613	0
3.53707	0.000824911	0.433514	0.0844417	0
3.53624	0.000850434	0.483535	0.0892085	0
3.53708	0.000850045	0.483535	0.0892085	0
3.53678	0.000839913	0.583576	0.0980613	0
3.53604	0.000822703	0.283451	0.0684386	0
3.5351	0.000802701	0.383493	0.0796748	0
3.53666	0.000855435	0.666945	0.104531	0
3.5375	0.00084381	0.550229	0.0980613	0
3.53488	0.000849005	0.466861	0.0878466	0
3.53482	0.000805039	0.383493	0.0796748	0
3.53557	0.000793024	0.316799	0.0725245	0
3.53534	0.000823288	0.350146	0.0759294	0
3.53595	0.000841342	0.433514	0.0844417	0
3.53547	0.000808935	0.36682	0.0813773	0
3.53601	0.000825626	0.41684	0.0830797	0
3.53756	0.000851343	0.60025	0.0994233	0
3.53829	0.00086641	0.41684	0.0830797	0
3.53654	0.000809845	0.383493	0.0796748	0
3.53543	0.000812248	0.333472	0.074227	0
3.53632	0.000844784	0.516882	0.092273	0
3.536	0.000827249	0.316799	0.0762699	0
3.53489	0.000805364	0.41684	0.0830797	0
3.53612	0.000826535	0.400167	0.0813773	0
3.53631	0.000850174	0.450188	0.0861441	0
3.53435	0.000792635	0.350146	0.0759294	0
3.53603	0.000829068	0.616924	0.100785	0
3.53604	0.000832964	0.60025	0.0994233	0
3.53469	0.000823353	0.316799	0.0725245	0
3.53512	0.000810754	0.383493	0.0796748	0
3.53559	0.000814066	0.36682	0.0779724	0
3.53587	0.000786855	0.466861	0.0878466	0
3.53553	0.00079835	0.333472	0.074227	0
3.53525	0.000793284	0.41684	0.0830797	0
3.53731	0.000824002	0.450188	0.0861441	0
3.53824	0.00091226	0.500208	0.090911	0
3.53583	0.000816599	0.36682	0.0779724	0
3.5343	0.00078653	0.283451	0.0684386	0
3.53657	0.000804909	0.400167	0.0847822	0
3.53648	0.000811923	0.483535	0.0892085	0
3.53643	0.000824002	0.383493	0.0796748	0
3.53599	0.000814066	0.36682	0.0813773	0
3.53594	0.000789063	0.333472	0.074227	0
3.53594	0.000796336	0.400167	0.0813773	0
3.53732	0.000842316	0.516882	0.0953374	0
3.53561	0.000768995	0.283451	0.0684386	0
3.53561	0.0007927	0.300125	0.0704816	0
3.5366	0.000829068	0.466861	0.0878466	0
3.53766	0.000833874	0.500208	0.0936349	0
3.53625	0.00084433	0.41684	0.0830797	0
3.53509	0.000834978	0.350146	0.0759294	0
3.53579	0.000822184	0.383493	0.0796748	0
3.53612	0.000805493	0.316799	0.0725245	0
3.53615	0.000818287	0.36682	0.0779724	0
3.53606	0.000823223	0.516882	0.092273	0
3.53519	0.000818807	0.433514	0.0844417	0
3.53499	0.000816664	0.400167	0.0813773	0
3.53511	0.000798999	0.266778	0.0663957	0
3.53509	0.000793349	0.233431	0.0623098	0
3.5355	0.000814261	0.300125	0.0704816	0
3.53581	0.000816858	0.283451	0.0684386	0
3.53605	0.000794518	0.383493	0.0796748	0
3.53648	0.000772697	0.466861	0.0878466	0
3.536	0.000788218	0.283451	0.0684386	0
3.53552	0.000830432	0.41684	0.0830797	0
3.53566	0.000822574	0.316799	0.0725245	0
3.53533	0.000801662	0.433514	0.0844417	0
3.53478	0.000804974	0.283451	0.0684386	0
3.53547	0.000783997	0.383493	0.0796748	0
3.5354	0.000786075	0.333472	0.074227	0
3.53558	0.00079231	0.316799	0.0725245	0
3.53601	0.00078075	0.266778	0.0663957	0
3.53539	0.000790037	0.383493	0.0796748	0
3.53522	0.000776788	0.400167	0.0813773	0
3.53671	0.000830237	0.400167	0.0813773	0
3.53657	0.000802831	0.41684	0.0830797	0
3.53643	0.000807766	0.333472	0.074227	0
3.53548	0.000817313	0.383493	0.0796748	0
3.53587	0.000808416	0.266778	0.0663957	0
3.53593	0.000781334	0.266778	0.0663957	0
3.53554	0.000806727	0.400167	0.0813773	0
3.5356	0.000811079	0.466861	0.0878466	0
3.53438	0.000813806	0.400167	0.0813773	0
3.53443	0.000762306	0.333472	0.074227	0
3.53585	0.000789258	0.316799	0.0725245	0
3.53661	0.000816794	0.36682	0.0779724	0
3.53653	0.000846278	0.41684	0.0830797	0
3.53645	0.000790297	0.233431	0.0623098	0
3.53579	0.000791985	0.350146	0.0759294	0
3.53518	0.000801662	0.300125	0.0704816	0
3.53621	0.000829393	0.36682	0.0779724	0
3.53567	0.000768151	0.216757	0.0599263	0
3.53532	0.000803415	0.333472	0.074227	0
3.5352	0.000815235	0.333472	0.074227	0
3.53526	0.000811143	0.266778	0.0663957	0
3.53535	0.000790037	0.316799	0.0725245	0
3.53509	0.000784647	0.283451	0.0684386	0
3.53492	0.000774191	0.36682	0.0813773	0
3.53681	0.000795622	0.300125	0.0704816	0
3.53673	0.00079783	0.300125	0.0704816	0
3.53537	0.000801857	0.383493	0.0796748	0
3.53649	0.000787374	0.250104	0.0643527	0
3.53671	0.000820365	0.383493	0.0796748	0
3.53673	0.000812637	0.36682	0.0779724	0
3.53675	0.000801142	0.300125	0.0704816	0
3.53631	0.000777763	0.216757	0.0599263	0
3.53676	0.000797116	0.300125	0.0704816	0
3.53645	0.000793284	0.350146	0.0759294	0
3.53686	0.000808741	0.383493	0.0796748	0
3.53591	0.000801792	0.216757	0.0599263	0
3.53553	0.000781789	0.333472	0.074227	0
3.53642	0.000781984	0.316799	0.0725245	0
3.53735	0.000765164	0.283451	0.0684386	0
3.53727	0.000773217	0.350146	0.0759294	0
3.53802	0.000795297	0.300125	0.0704816	0
3.53708	0.000822119	0.266778	0.0663957	0
3.53625	0.000799194	0.316799	0.0725245	0
3.53611	0.000782114	0.300125	0.0704816	0
3.53524	0.000753214	0.300125	0.0704816	0
3.53587	0.000791206	0.350146	0.0759294	0
3.53614	0.000808351	0.350146	0.0796748	0
3.53655	0.000788413	0.250104	0.0643527	0
3.5371	0.000785945	0.283451	0.0684386	0
3.53782	0.000810494	0.333472	0.074227	0
3.53735	0.000801986	0.333472	0.074227	0
3.53655	0.000787309	0.283451	0.0684386	0
3.53621	0.000761527	0.250104	0.0643527	0
3.53657	0.000776269	0.300125	0.0704816	0
3.53746	0.000797181	0.266778	0.0663957	0
3.53707	0.000799389	0.350146	0.0796748	0
3.53712	0.000816534	0.350146	0.0759294	0
3.5365	0.000783413	0.283451	0.0684386	0
3.53643	0.000779971	0.316799	0.0725245	0
3.53635	0.000782893	0.216757	0.0599263	0
3.5359	0.000795492	0.350146	0.0759294	0
3.53615	0.000787634	0.316799	0.0725245	0
3.53693	0.00078679	0.250104	0.0643527	0
3.53692	0.000794973	0.36682	0.0779724	0
3.53649	0.000802831	0.283451	0.0684386	0
3.53762	0.000796466	0.36682	0.0779724	0
3.53799	0.000798155	0.283451	0.0684386	0
3.53825	0.000813287	0.300125	0.0704816	0
3.537	0.000785426	0.300125	0.0704816	0
3.53706	0.000783543	0.36682	0.0813773	0
3.53742	0.000805169	0.36682	0.0779724	0
3.53836	0.000816404	0.350146	0.0759294	0
3.53861	0.000836342	0.383493	0.0796748	0
3.53765	0.000794193	0.350146	0.0759294	0
3.53513	0.000781075	0.18341	0.0551595	0
3.53684	0.00078101	0.36682	0.0813773	0
3.53755	0.000795622	0.233431	0.0623098	0
3.53652	0.000772048	0.216757	0.0599263	0
3.53681	0.000789258	0.283451	0.0684386	0
3.53722	0.000765034	0.233431	0.0623098	0
3.53646	0.000757175	0.166736	0.052776	0
3.53708	0.000772112	0.316799	0.0725245	0
3.53826	0.000771463	0.266778	0.0663957	0
3.53871	0.00079257	0.433514	0.0844417	0
3.53801	0.000828483	0.316799	0.0725245	0
3.53786	0.000789907	0.200083	0.0575429	0
3.53825	0.000770359	0.18341	0.0551595	0
3.53818	0.00078679	0.350146	0.0759294	0
3.53775	0.000807701	0.316799	0.0725245	0
3.53754	0.00079192	0.266778	0.0663957	0
3.53742	0.000802051	0.233431	0.0623098	0
3.53751	0.000756396	0.200083	0.0575429	0
3.53694	0.000757435	0.250104	0.0643527	0
3.5377	0.00078036	0.316799	0.0725245	0
3.53911	0.000775684	0.250104	0.0643527	0
3.53859	0.00078692	0.300125	0.0704816	0
3.53831	0.000816534	0.316799	0.0725245	0
3.53806	0.000772177	0.250104	0.0643527	0
3.53867	0.00080887	0.450188	0.0861441	0
3.53861	0.000811598	0.350146	0.0759294	0
3.53843	0.000797181	0.333472	0.074227	0
3.53777	0.000772762	0.216757	0.0599263	0
3.5383	0.000771073	0.266778	0.0663957	0
3.53846	0.000798999	0.266778	0.0663957	0
3.53892	0.000796661	0.36682	0.0779724	0
3.53874	0.000817963	0.383493	0.0796748	0
3.53842	0.000794388	0.316799	0.0725245	0
3.53756	0.000795297	0.18341	0.0551595	0
3.53861	0.000795557	0.283451	0.0725245	0
3.53817	0.000773866	0.233431	0.0623098	0
3.53805	0.000767566	0.216757	0.0599263	0
3.53846	0.00076958	0.283451	0.0684386	0
3.53899	0.000753928	0.200083	0.0575429	0
3.53844	0.000749902	0.200083	0.0575429	0
3.53834	0.000765813	0.250104	0.0643527	0
3.53898	0.000787309	0.36682	0.0779724	0
3.53917	0.000752629	0.18341	0.0551595	0
3.53902	0.000769904	0.316799	0.0725245	0
3.53957	0.000796856	0.36682	0.0779724	0
3.53903	0.000744836	0.200083	0.0575429	0
3.53837	0.000753863	0.250104	0.0643527	0
3.53925	0.000768281	0.200083	0.0575429	0
3.53919	0.000789842	0.333472	0.074227	0
3.54	0.000783218	0.18341	0.0551595	0
3.53924	0.000787569	0.316799	0.0725245	0
3.53982	0.000804324	0.350146	0.0759294	0
3.53862	0.000761137	0.150063	0.0500521	0
3.5386	0.000764449	0.216757	0.0599263	0
3.5391	0.000800428	0.283451	0.0684386	0
3.54017	0.000839784	0.483535	0.0892085	0
3.54003	0.000800428	0.283451	0.0684386	0
3.53919	0.000774126	0.316799	0.0725245	0
3.53957	0.000776009	0.150063	0.0500521	0
3.53962	0.000790362	0.333472	0.074227	0
3.53929	0.000765358	0.36682	0.0779724	0
3.53901	0.000769125	0.283451	0.0684386	0
3.54081	0.000807961	0.36682	0.0779724	0
3.5408	0.000790297	0.41684	0.0830797	0
3.5396	0.000768541	0.266778	0.0663957	0
3.5392	0.000776853	0.166736	0.052776	0
3.5386	0.00075776	0.133389	0.0469877	0
3.53914	0.000773087	0.350146	0.0759294	0
3.53995	0.000775814	0.233431	0.0623098	0
3.54005	0.000787309	0.41684	0.0830797	0
3.53999	0.000781724	0.300125	0.0704816	0
3.54043	0.000775554	0.200083	0.0575429	0
3.54063	0.000770749	0.283451	0.0684386	0
3.5402	0.0007751	0.300125	0.0704816	0
3.53978	0.000748148	0.200083	0.0575429	0
3.54052	0.000777048	0.200083	0.0575429	0
3.53949	0.000756461	0.150063	0.0500521	0
3.5387	0.000777827	0.333472	0.074227	0
3.5395	0.000790621	0.283451	0.0684386	0
3.53979	0.000773281	0.233431	0.0623098	0
3.53989	0.000776853	0.216757	0.0599263	0
3.54119	0.000790751	0.300125	0.0704816	0
3.54069	0.000772177	0.18341	0.0551595	0
3.54096	0.000774061	0.283451	0.0725245	0
3.54158	0.000807312	0.250104	0.0643527	0
3.53997	0.000768216	0.166736	0.052776	0
3.53964	0.000746849	0.200083	0.0575429	0
3.54202	0.000772307	0.283451	0.0684386	0
3.54102	0.000772762	0.250104	0.0643527	0
3.54082	0.000770619	0.283451	0.0684386	0
3.5413	0.00076315	0.283451	0.0684386	0
3.54113	0.000738212	0.200083	0.0575429	0
3.54091	0.00075237	0.200083	0.0575429	0
3.54166	0.000802961	0.300125	0.0704816	0
3.542	0.000790946	0.233431	0.0623098	0
3.5414	0.000780425	0.233431	0.0623098	0
3.54085	0.000781854	0.300125	0.0704816	0
3.54121	0.000762761	0.233431	0.0623098	0
3.5404	0.000743213	0.300125	0.0704816	0
3.54025	0.000776853	0.300125	0.0704816	0
3.54192	0.00076932	0.266778	0.0663957	0
3.54215	0.00077536	0.200083	0.0575429	0
3.54268	0.000776594	0.283451	0.0684386	0
3.54257	0.000800233	0.266778	0.0663957	0
3.54102	0.000771528	0.300125	0.0704816	0
3.54182	0.000805104	0.400167	0.0813773	0
3.54331	0.000783023	0.150063	0.0500521	0
3.54161	0.000762436	0.233431	0.0623098	0
3.54235	0.000801662	0.383493	0.0796748	0
3.54174	0.000768346	0.200083	0.0575429	0
3.54155	0.000752564	0.18341	0.0551595	0
3.54138	0.00075737	0.216757	0.0599263	0
3.54144	0.000765293	0.266778	0.0663957	0
3.54184	0.000764709	0.18341	0.0551595	0
3.5422	0.000737108	0.116715	0.0439233	0
3.54142	0.000762436	0.316799	0.0725245	0
3.54288	0.000789193	0.283451	0.0684386	0
3.54303	0.000770943	0.266778	0.0663957	0
3.54165	0.000759384	0.200083	0.0575429	0
3.54128	0.000760747	0.333472	0.074227	0
3.54226	0.000755487	0.200083	0.0575429	0
3.54286	0.000788348	0.316799	0.0725245	0
3.54339	0.000785621	0.200083	0.0575429	0
3.54217	0.000771398	0.166736	0.052776	0
3.54187	0.000743927	0.133389	0.0469877	0
3.54232	0.000771788	0.333472	0.0779724	0
3.54275	0.000771463	0.150063	0.0500521	0
3.54276	0.000775814	0.250104	0.0643527	0
3.54267	0.000737368	0.266778	0.0663957	0
3.54365	0.000771073	0.200083	0.0575429	0
3.54316	0.000766462	0.233431	0.0623098	0
3.54308	0.000761657	0.166736	0.052776	0
3.54379	0.000792115	0.333472	0.074227	0
3.54317	0.000775425	0.166736	0.052776	0
3.54223	0.000756656	0.233431	0.0623098	0
3.54366	0.000742563	0.200083	0.0575429	0
3.54362	0.000750551	0.18341	0.0551595	0
3.54349	0.000754123	0.216757	0.0599263	0
3.54518	0.000760812	0.283451	0.0684386	0
3.54446	0.00075763	0.116715	0.0439233	0
3.5432	0.000745551	0.266778	0.0663957	0
3.54402	0.000757305	0.233431	0.0623098	0
3.54415	0.000749382	0.266778	0.0663957	0
3.54432	0.000756461	0.250104	0.0643527	0
3.54358	0.000752824	0.266778	0.0663957	0
3.5443	0.000765358	0.18341	0.0551595	0
3.54415	0.000753733	0.150063	0.0500521	0
3.54459	0.000784647	0.383493	0.0796748	0
3.54459	0.00074646	0.150063	0.0500521	0
3.54309	0.000749382	0.250104	0.0643527	0
3.54357	0.000752954	0.250104	0.0643527	0
3.54429	0.000778217	0.233431	0.0623098	0
3.54413	0.000772567	0.216757	0.0599263	0
3.54357	0.000744771	0.100042	0.0408589	0
3.54346	0.000767696	0.200083	0.0575429	0
3.54342	0.00078062	0.18341	0.0551595	0
3.54437	0.000756136	0.18341	0.0551595	0
3.54408	0.000773866	0.283451	0.0684386	0
3.54302	0.000745745	0.150063	0.0500521	0
3.54457	0.000761527	0.250104	0.0643527	0
3.54519	0.000769125	0.133389	0.0469877	0
3.54546	0.000745551	0.283451	0.0684386	0
3.54494	0.000753149	0.200083	0.0575429	0
3.54495	0.000761722	0.233431	0.0623098	0
3.54587	0.00075211	0.18341	0.0551595	0
3.54527	0.000787569	0.350146	0.0796748	0
3.54573	0.000793869	0.350146	0.0796748	0
3.54587	0.000793739	0.200083	0.0575429	0
3.54615	0.000771723	0.250104	0.0643527	0
3.54529	0.000743927	0.116715	0.0439233	0
3.54486	0.000751785	0.216757	0.0599263	0
3.54512	0.000769969	0.200083	0.0575429	0
3.54536	0.000743537	0.18341	0.0551595	0
3.54487	0.000747044	0.233431	0.0663957	0
3.54591	0.000748733	0.166736	0.052776	0
3.54567	0.000741394	0.18341	0.0551595	0
3.54574	0.000766332	0.300125	0.0704816	0
3.54537	0.000777373	0.233431	0.0623098	0
3.54438	0.00075159	0.150063	0.0500521	0
3.54556	0.000737822	0.116715	0.0439233	0
3.54568	0.000736004	0.166736	0.052776	0
3.54588	0.000736848	0.133389	0.0469877	0
3.54657	0.000756916	0.18341	0.0551595	0
3.54689	0.000764124	0.233431	0.0623098	0
3.54754	0.00077458	0.266778	0.0663957	0
3.54762	0.000751331	0.216757	0.0599263	0
3.54669	0.000755682	0.166736	0.052776	0
3.54643	0.000769255	0.250104	0.0643527	0
3.54634	0.000738212	0.150063	0.0500521	0
3.54674	0.000747694	0.216757	0.0599263	0
3.54755	0.000739836	0.250104	0.0643527	0
3.547	0.000756526	0.200083	0.0575429	0
3.54672	0.000753149	0.133389	0.0469877	0
3.54666	0.000769125	0.18341	0.0551595	0
3.54627	0.000762306	0.18341	0.0551595	0
3.54698	0.000774256	0.233431	0.0623098	0
3.54664	0.000754838	0.116715	0.0439233	0
3.5462	0.000736718	0.133389	0.0469877	0
3.5467	0.00074081	0.166736	0.052776	0
3.54732	0.000743667	0.18341	0.0551595	0
3.5466	0.000747499	0.116715	0.0439233	0
3.5472	0.00074607	0.18341	0.0551595	0
3.54772	0.000724834	0.0166736	0.016684	0
3.54705	0.000764969	0.150063	0.0551595	0
3.54857	0.000778607	0.216757	0.0599263	0
3.54779	0.000744187	0.150063	0.0500521	0
3.54751	0.000738017	0.166736	0.052776	0
3.54772	0.00074672	0.250104	0.0643527	0
3.54851	0.000738602	0.100042	0.0408589	0
3.54862	0.000750097	0.250104	0.0643527	0
3.54799	0.00074042	0.200083	0.0575429	0
3.54802	0.000734705	0.0666945	0.0333681	0
3.5474	0.000714508	0.216757	0.0599263	0
3.54841	0.000715482	0.0833681	0.0371135	0
3.54901	0.000744447	0.133389	0.0469877	0
3.5494	0.000751785	0.283451	0.0684386	0
3.54917	0.000747759	0.233431	0.0623098	0
3.5489	0.000757305	0.133389	0.0469877	0
3.54864	0.000749902	0.233431	0.0623098	0
3.5481	0.000764319	0.266778	0.0663957	0
3.54783	0.000731133	0.133389	0.0469877	0
3.54895	0.000744901	0.216757	0.0643527	0
3.54927	0.000753084	0.166736	0.052776	0
3.54868	0.000774256	0.200083	0.0575429	0
3.54897	0.000764579	0.100042	0.0408589	0
3.54907	0.000756071	0.116715	0.0439233	0
3.54957	0.000749317	0.200083	0.0575429	0
3.54987	0.000743797	0.166736	0.052776	0
3.54875	0.000754123	0.166736	0.052776	0
3.54908	0.00077471	0.200083	0.0575429	0
3.54903	0.000746849	0.116715	0.0439233	0
3.54907	0.000741784	0.116715	0.0439233	0
3.54989	0.000744901	0.200083	0.0575429	0
3.55031	0.000742498	0.166736	0.052776	0
3.5499	0.000743862	0.18341	0.0551595	0
3.54909	0.000758215	0.166736	0.052776	0
3.55017	0.000734445	0.0666945	0.0333681	0
3.55084	0.000745161	0.18341	0.0551595	0
3.55005	0.000718859	0.116715	0.0439233	0
3.55072	0.000742888	0.166736	0.052776	0
3.55042	0.000746655	0.200083	0.0575429	0
3.55078	0.000760423	0.233431	0.0623098	0
3.55032	0.000764384	0.200083	0.0575429	0
3.55008	0.00074029	0.116715	0.0439233	0
3.55066	0.000730614	0.166736	0.0575429	0
3.55104	0.000780165	0.316799	0.0725245	0
3.55125	0.0007638	0.300125	0.0704816	0
3.5504	0.000726327	0.0500208	0.0289417	0
3.55024	0.000734835	0.216757	0.0599263	0
3.55123	0.000744252	0.166736	0.052776	0
3.55013	0.000729964	0.116715	0.0439233	0
3.55046	0.000750681	0.250104	0.0643527	0
3.55078	0.000751006	0.216757	0.0599263	0
3.55115	0.000788153	0.350146	0.0796748	0
3.55137	0.000767112	0.200083	0.0575429	0
3.55126	0.000736978	0.100042	0.0408589	0
3.55077	0.000745161	0.166736	0.052776	0
3.55171	0.000751331	0.150063	0.0500521	0
3.55161	0.000741654	0.200083	0.0575429	0
3.55127	0.000740225	0.133389	0.0469877	0
3.551	0.000743407	0.150063	0.0500521	0
3.55153	0.000742044	0.116715	0.0439233	0
3.55158	0.000735614	0.216757	0.0599263	0
3.55214	0.000752954	0.200083	0.0575429	0
3.55271	0.000748928	0.150063	0.0500521	0
3.55161	0.000731912	0.100042	0.0408589	0
3.55268	0.000767956	0.266778	0.0663957	0
3.55286	0.000728795	0.150063	0.0500521	0
3.55173	0.000735354	0.0833681	0.0371135	0
3.55205	0.000735419	0.216757	0.0599263	0
3.55256	0.000740485	0.150063	0.0500521	0
3.55303	0.000741329	0.233431	0.0623098	0
3.55282	0.000733081	0.166736	0.052776	0
3.55309	0.000749902	0.18341	0.0551595	0
3.55324	0.000727301	0.18341	0.0551595	0
3.55297	0.000728081	0.18341	0.0551595	0
3.55229	0.000748018	0.166736	0.052776	0
3.55284	0.000731003	0.100042	0.0408589	0
3.55317	0.000733666	0.216757	0.0599263	0
3.55276	0.00073425	0.100042	0.0408589	0
3.55205	0.000737952	0.18341	0.0551595	0
3.55375	0.000774515	0.18341	0.0551595	0
3.55292	0.000739965	0.150063	0.0500521	0
3.55386	0.000761202	0.216757	0.0599263	0
3.55356	0.00072899	0.200083	0.0575429	0
3.55275	0.00075146	0.266778	0.0663957	0
3.55233	0.000773476	0.100042	0.0408589	0
3.55282	0.000723924	0.133389	0.0469877	0
3.55384	0.000731003	0.166736	0.052776	0
3.55457	0.000746914	0.216757	0.0599263	0
3.5533	0.000741719	0.216757	0.0599263	0
3.55356	0.000731718	0.116715	0.0439233	0
3.5546	0.000740615	0.100042	0.0408589	0
3.55438	0.000753214	0.116715	0.0439233	0
3.55365	0.000727561	0.100042	0.0408589	0
3.5545	0.000766268	0.166736	0.052776	0
3.55484	0.000747434	0.150063	0.0500521	0
3.55458	0.000734705	0.116715	0.0439233	0
3.55471	0.00075237	0.18341	0.0551595	0
3.55492	0.00073516	0.166736	0.052776	0
3.55529	0.000755357	0.133389	0.0469877	0
3.55502	0.000758344	0.166736	0.052776	0
3.55535	0.000753214	0.150063	0.0500521	0
3.55432	0.00072899	0.18341	0.0551595	0
3.55461	0.000764514	0.200083	0.0575429	0
3.55622	0.000752954	0.116715	0.0439233	0
3.55499	0.000749382	0.200083	0.0575429	0
3.55509	0.000748148	0.200083	0.0575429	0
3.55498	0.000736783	0.100042	0.0408589	0
3.55487	0.000730743	0.116715	0.0439233	0
3.55589	0.000749707	0.200083	0.0575429	0
3.55591	0.00073425	0.133389	0.0469877	0
3.55561	0.00072295	0.150063	0.0500521	0
3.55594	0.000738861	0.150063	0.0500521	0
3.55651	0.000738017	0.166736	0.052776	0
3.55564	0.000719443	0.0833681	0.0371135	0
3.5558	0.000718664	0.150063	0.0500521	0
3.55539	0.000725158	0.18341	0.0551595	0
3.55693	0.000747954	0.216757	0.0599263	0
3.55656	0.000742823	0.216757	0.0599263	0
3.55529	0.000743732	0.133389	0.0469877	0
3.55637	0.000730484	0.116715	0.0439233	0
3.55721	0.000747954	0.166736	0.052776	0
3.55733	0.000736329	0.166736	0.052776	0
3.55675	0.000729769	0.200083	0.0575429	0
3.55657	0.000738082	0.100042	0.0408589	0
3.55709	0.000746979	0.116715	0.0439233	0
3.55724	0.000737303	0.100042	0.0408589	0
3.55721	0.00072308	0.150063	0.0500521	0
3.55717	0.000730808	0.166736	0.052776	0
3.55719	0.000745356	0.166736	0.052776	0
3.55675	0.000738472	0.116715	0.0439233	0
3.55723	0.000727886	0.133389	0.0469877	0
3.55604	0.000723535	0.116715	0.0500521	0
3.55819	0.000743407	0.166736	0.052776	0
3.5588	0.000737433	0.100042	0.0408589	0
3.55783	0.000730484	0.133389	0.052776	0
3.55769	0.000749187	0.116715	0.0439233	0
3.55768	0.000761332	0.116715	0.0500521	0
3.55858	0.000730679	0.200083	0.0575429	0
3.55843	0.000729769	0.200083	0.0575429	0
3.55811	0.000753863	0.166736	0.052776	0
3.55869	0.000727107	0.250104	0.0643527	0
3.55925	0.000755812	0.200083	0.0575429	0
3.55849	0.000752759	0.0666945	0.0333681	0
3.5586	0.000718404	0.166736	0.052776	0
3.55773	0.000728081	0.166736	0.052776	0
3.5582	0.00075198	0.166736	0.052776	0
3.55905	0.000736848	0.133389	0.0469877	0
3.55882	0.000751525	0.216757	0.0599263	0
3.55866	0.000742498	0.18341	0.0551595	0
3.55885	0.000723405	0.100042	0.0408589	0
3.55904	0.000726068	0.150063	0.0500521	0
3.55865	0.000754383	0.18341	0.0551595	0
3.55936	0.000738212	0.18341	0.0551595	0
3.55867	0.000708793	0.100042	0.0408589	0
3.55897	0.000732042	0.166736	0.052776	0
3.55852	0.000739641	0.200083	0.0575429	0
3.55998	0.000721197	0.166736	0.052776	0
3.56009	0.000726068	0.18341	0.0551595	0
3.55983	0.000714832	0.200083	0.0575429	0
3.5601	0.00074107	0.166736	0.052776	0
3.56048	0.000723859	0.0666945	0.0333681	0
3.55988	0.000710806	0.116715	0.0439233	0
3.55941	0.000713793	0.0833681	0.0371135	0
3.56127	0.000736523	0.200083	0.0575429	0
3.56089	0.000743472	0.116715	0.0439233	0
3.55978	0.00070048	0.100042	0.0408589	0
3.56003	0.000716651	0.18341	0.0599263	0
3.56046	0.000722885	0.18341	0.0551595	0
3.56032	0.000758474	0.133389	0.0469877	0
3.56134	0.000759513	0.200083	0.0575429	0
3.56039	0.000715417	0.150063	0.0500521	0
3.56049	0.000721002	0.100042	0.0408589	0
3.56063	0.000720742	0.166736	0.052776	0
3.56166	0.000742433	0.100042	0.0408589	0
3.5605	0.000721002	0.166736	0.052776	0
3.56092	0.000754708	0.150063	0.0500521	0
3.56084	0.000739706	0.166736	0.052776	0
3.56091	0.000719833	0.18341	0.0551595	0
3.5625	0.000724054	0.150063	0.0500521	0
3.56235	0.00072308	0.116715	0.0439233	0
3.56091	0.000711066	0.133389	0.0469877	0
3.56173	0.000715547	0.0666945	0.0333681	0
3.56257	0.000713274	0.133389	0.0469877	0
3.56319	0.000716131	0.150063	0.0500521	0
3.56284	0.000752954	0.166736	0.052776	0
3.5611	0.000709832	0.116715	0.0439233	0
3.56179	0.000728925	0.116715	0.0439233	0
3.56197	0.000721716	0.0833681	0.0371135	0
3.56168	0.000737952	0.0833681	0.0371135	0
3.56178	0.000751785	0.0500208	0.0289417	0
3.56235	0.000722041	0.133389	0.0469877	0
3.56241	0.000749642	0.150063	0.0500521	0
3.56291	0.000757825	0.166736	0.052776	0
3.56266	0.000753733	0.150063	0.0500521	0
3.56283	0.00074055	0.150063	0.0500521	0
3.56272	0.000727431	0.150063	0.0500521	0
3.56261	0.000726652	0.150063	0.0500521	0
3.56269	0.000727237	0.18341	0.0551595	0
3.56372	0.000743667	0.100042	0.0408589	0
3.56395	0.000749317	0.316799	0.0725245	0
3.56284	0.000736069	0.100042	0.0408589	0
3.5634	0.000748538	0.0666945	0.0333681	0
3.56405	0.00071795	0.0666945	0.0333681	0
3.56458	0.000747954	0.18341	0.0551595	0
3.56477	0.000746135	0.200083	0.0575429	0
3.56351	0.000715807	0.116715	0.0439233	0
3.56414	0.000729445	0.116715	0.0439233	0
3.56438	0.000727691	0.150063	0.0500521	0
3.56392	0.000719508	0.0833681	0.0371135	0
3.56397	0.000742498	0.233431	0.0623098	0
3.5658	0.00076919	0.18341	0.0551595	0
3.56534	0.000765358	0.18341	0.0551595	0
3.56341	0.000745226	0.116715	0.0439233	0
3.56421	0.00072873	0.116715	0.0439233	0
3.56478	0.000728795	0.0833681	0.0371135	0
3.56428	0.000716911	0.166736	0.052776	0
3.56471	0.000729185	0.116715	0.0439233	0
3.56484	0.000703662	0.116715	0.0439233	0
3.56466	0.000715027	0.0500208	0.0289417	0
3.56431	0.000717365	0.133389	0.0469877	0
3.56453	0.000719963	0.0666945	0.0333681	0
3.56495	0.000716521	0.100042	0.0408589	0
3.56527	0.000716326	0.166736	0.052776	0
3.56518	0.000724379	0.100042	0.0408589	0
3.56525	0.000735939	0.0833681	0.0371135	0
3.56564	0.000738407	0.150063	0.0500521	0
3.56569	0.000732952	0.150063	0.0500521	0
3.56688	0.000722431	0.133389	0.0469877	0
3.56584	0.000731133	0.166736	0.052776	0
3.56607	0.000735484	0.166736	0.052776	0
3.5661	0.00076315	0.133389	0.0469877	0
3.56708	0.000750681	0.116715	0.0439233	0
3.56645	0.000735809	0.133389	0.052776	0
3.56631	0.00074568	0.18341	0.0551595	0
3.56616	0.000711715	0.116715	0.0439233	0
3.56677	0.000708403	0.133389	0.0469877	0
3.56737	0.000753084	0.233431	0.0623098	0
3.56791	0.00075146	0.133389	0.0469877	0
3.56635	0.000720547	0.166736	0.052776	0
3.5665	0.000700545	0.166736	0.052776	0
3.567	0.000736394	0.150063	0.0500521	0
3.56644	0.000727042	0.0833681	0.0371135	0
3.56767	0.000732172	0.200083	0.0575429	0
3.56741	0.000731328	0.0833681	0.0439233	0
3.56745	0.00072938	0.150063	0.0500521	0
3.56844	0.000735744	0.266778	0.0663957	0
3.56743	0.000729704	0.133389	0.0469877	0
3.56738	0.00074081	0.116715	0.0439233	0
3.56731	0.00072912	0.116715	0.0439233	0
3.56758	0.000732042	0.18341	0.0551595	0
3.56792	0.00075802	0.18341	0.0551595	0
3.56822	0.00075763	0.200083	0.0623098	0
3.56812	0.000743083	0.216757	0.0599263	0
3.5679	0.000730159	0.150063	0.0500521	0
3.56808	0.000730614	0.0500208	0.0289417	0
3.56838	0.000722885	0.200083	0.0575429	0
3.56816	0.000704247	0.133389	0.0469877	0
3.56766	0.000713533	0.100042	0.0408589	0
3.56766	0.000736394	0.133389	0.0469877	0
3.56859	0.000725938	0.166736	0.052776	0
3.56887	0.00071743	0.0666945	0.0333681	0
3.56861	0.000698012	0.0333472	0.0234939	0
3.56873	0.000713209	0.116715	0.0439233	0
3.56947	0.000745161	0.300125	0.0704816	0
3.56797	0.000744966	0.0833681	0.0371135	0
3.56789	0.000689764	0.116715	0.0439233	0
3.56824	0.000680282	0.0500208	0.0289417	0
3.5679	0.000713598	0.133389	0.0469877	0
3.56867	0.000708598	0.0500208	0.0289417	0
3.56886	0.000691323	0.0666945	0.0333681	0
3.56878	0.000718664	0.166736	0.052776	0
3.56915	0.000703857	0.0500208	0.0289417	0
3.56929	0.00072951	0.100042	0.0408589	0
3.56982	0.000743992	0.133389	0.0469877	0
3.56973	0.000730094	0.0666945	0.0333681	0
3.56872	0.000728535	0.116715	0.0439233	0
3.57007	0.000699116	0.0833681	0.0371135	0
3.57026	0.00071717	0.133389	0.0469877	0
3.57015	0.000734186	0.150063	0.0500521	0
3.57083	0.000731133	0.216757	0.0599263	0
3.5697	0.00070626	0.0666945	0.0333681	0
3.57071	0.00070639	0.0333472	0.0234939	0
3.57037	0.000717755	0.133389	0.0469877	0
3.57077	0.000712819	0.0666945	0.0333681	0
3.57103	0.000682815	0.0500208	0.0289417	0
3.57164	0.000703857	0.0833681	0.0371135	0
3.57057	0.000720288	0.116715	0.0439233	0
3.57092	0.000720158	0.18341	0.0551595	0
3.57084	0.00071795	0.150063	0.0500521	0
3.57123	0.000725938	0.0833681	0.0371135	0
3.57088	0.000726652	0.166736	0.052776	0
3.57245	0.000732757	0.150063	0.0500521	0
3.57199	0.000717495	0.0833681	0.0371135	0
3.5715	0.000722561	0.0833681	0.0371135	0
3.57098	0.000738212	0.0666945	0.0333681	0
3.57156	0.000749707	0.300125	0.0704816	0
3.57065	0.000738602	0.18341	0.0551595	0
3.57028	0.000734575	0.100042	0.0408589	0
3.57139	0.000713209	0.100042	0.0408589	0
3.57269	0.000722885	0.116715	0.0439233	0
3.57299	0.000716391	0.150063	0.0500521	0
3.57203	0.00072308	0.100042	0.0408589	0
3.57217	0.000727886	0.100042	0.0408589	0
3.57244	0.000736199	0.150063	0.0500521	0
3.57226	0.000724249	0.150063	0.0500521	0
3.57266	0.000731003	0.150063	0.0500521	0
3.57219	0.000720028	0.133389	0.0469877	0
3.57281	0.000712429	0.100042	0.0408589	0
3.57347	0.000694115	0.133389	0.0469877	0
3.57354	0.000718729	0.116715	0.0439233	0
3.57235	0.000708273	0.150063	0.0500521	0
3.57198	0.000708533	0.0666945	0.0333681	0
3.5735	0.000716261	0.133389	0.0469877	0
3.57351	0.000700545	0.116715	0.0439233	0
3.57381	0.000695479	0.0833681	0.0371135	0
3.57382	0.000718274	0.166736	0.052776	0
3.57375	0.000714767	0.133389	0.0469877	0
3.57359	0.000732107	0.18341	0.0551595	0
3.57341	0.000733017	0.0833681	0.0371135	0
3.57345	0.000720807	0.166736	0.052776	0
3.57354	0.000727626	0.133389	0.0469877	0
3.574	0.000733276	0.0833681	0.0371135	0
3.57421	0.000748408	0.216757	0.0599263	0
3.57459	0.000766592	0.150063	0.0500521	0
3.57404	0.000736783	0.133389	0.0469877	0
3.57405	0.000716391	0.116715	0.0439233	0
3.57429	0.000732952	0.133389	0.0469877	0
3.57432	0.000716911	0.100042	0.0408589	0
3.57412	0.000712689	0.116715	0.0439233	0
3.57493	0.000712624	0.100042	0.0408589	0
3.57495	0.000710741	0.133389	0.0469877	0
3.57454	0.000716975	0.116715	0.0439233	0
3.57452	0.000710156	0.100042	0.0408589	0
3.57491	0.000726652	0.200083	0.0575429	0
3.57556	0.000713988	0.100042	0.0408589	0
3.57528	0.000718144	0.100042	0.0408589	0
3.57605	0.000720288	0.150063	0.0500521	0
3.57546	0.000714508	0.100042	0.0408589	0
3.575	0.000707234	0.100042	0.0408589	0
3.57558	0.000724184	0.116715	0.0439233	0
3.57616	0.000732042	0.166736	0.052776	0
3.57619	0.000725418	0.150063	0.0500521	0
3.57656	0.000729185	0.0833681	0.0371135	0
3.57554	0.000710546	0.0833681	0.0371135	0
3.576	0.000687556	0.0500208	0.0289417	0
3.57661	0.000696129	0.116715	0.0439233	0
3.57671	0.000716001	0.0833681	0.0371135	0
3.57702	0.000722431	0.116715	0.0439233	0
3.57694	0.00071139	0.166736	0.052776	0
3.57713	0.000725938	0.166736	0.052776	0
3.57879	0.000750421	0.133389	0.0469877	0
3.57863	0.000756721	0.150063	0.0500521	0
3.57682	0.000719249	0.100042	0.0408589	0
3.57688	0.000713014	0.133389	0.0469877	0
3.57708	0.000727301	0.0833681	0.0371135	0
3.57723	0.000722755	0.116715	0.0439233	0
3.5776	0.000698467	0.0333472	0.0234939	0
3.5786	0.000697947	0.0500208	0.0289417	0
3.57853	0.000709182	0.0833681	0.0371135	0
3.57858	0.000723015	0.18341	0.0551595	0
3.57772	0.000721976	0.18341	0.0551595	0
3.57819	0.000749382	0.200083	0.0575429	0
3.5789	0.00073477	0.116715	0.0439233	0
3.57792	0.000689245	0.0666945	0.0333681	0
3.57792	0.000720353	0.133389	0.0469877	0
3.57849	0.000738732	0.133389	0.0469877	0
3.57752	0.000720353	0.0833681	0.0371135	0
3.57772	0.000738537	0.116715	0.0439233	0
3.57845	0.000727821	0.100042	0.0408589	0
3.57804	0.000741524	0.116715	0.0439233	0
3.57841	0.000714573	0.0833681	0.0371135	0
3.57757	0.000729769	0.116715	0.0439233	0
3.57896	0.000738472	0.166736	0.052776	0
3.58003	0.000750811	0.18341	0.0551595	0
3.57947	0.000703597	0.133389	0.0469877	0
3.57948	0.000731003	0.233431	0.0623098	0
3.57898	0.000743927	0.116715	0.0439233	0
3.57968	0.00071191	0.0666945	0.0333681	0
3.57976	0.000720937	0.100042	0.0408589	0
3.58022	0.000725158	0.100042	0.0408589	0
3.5798	0.000695804	0.0666945	0.0333681	0
3.58002	0.000702428	0.0500208	0.0289417	0
3.5801	0.000713404	0.0666945	0.0333681	0
3.57984	0.000682361	0.0666945	0.0333681	0
3.58046	0.000701064	0.116715	0.0439233	0
3.5798	0.000733081	0.100042	0.0408589	0
3.57933	0.000716521	0.133389	0.0469877	0
3.58024	0.000705091	0.0500208	0.0289417	0
3.58075	0.000706195	0.100042	0.0408589	0
3.58104	0.000718274	0.116715	0.0439233	0
3.58091	0.000721457	0.0166736	0.016684	0
3.58075	0.00071204	0.116715	0.0439233	0
3.58023	0.000726392	0.150063	0.0500521	0
3.58086	0.000726327	0.116715	0.0439233	0
3.58149	0.000730743	0.100042	0.0408589	0
3.58087	0.000718209	0.150063	0.0500521	0
3.58155	0.000734056	0.18341	0.0551595	0
3.58214	0.000743083	0.0833681	0.0371135	0
3.58185	0.000733211	0.133389	0.0469877	0
3.58113	0.000711325	0.0666945	0.0333681	0
3.58165	0.000710546	0.133389	0.0469877	0
3.58072	0.000723924	0.0333472	0.0234939	0
3.58106	0.000714897	0.100042	0.0408589	0
3.58126	0.000694765	0.0166736	0.016684	0
3.58135	0.000707559	0.116715	0.0439233	0
3.58093	0.000693336	0.0666945	0.0333681	0
3.58177	0.000708013	0.116715	0.0439233	0
3.58306	0.000716066	0.116715	0.0439233	0
3.58234	0.000706455	0.150063	0.0500521	0
3.58233	0.00070087	0.150063	0.0500521	0
3.58264	0.000704182	0.166736	0.052776	0
3.58358	0.000700025	0.100042	0.0408589	0
3.58193	0.000704766	0.0833681	0.0371135	0
3.5827	0.000715871	0.133389	0.0469877	0
3.58265	0.000697103	0.133389	0.0469877	0
3.58244	0.000730419	0.0833681	0.0371135	0
3.58319	0.000724509	0.0833681	0.0371135	0
3.58282	0.000712235	0.100042	0.0408589	0
3.58267	0.000715352	0.100042	0.0408589	0
3.58149	0.000711845	0.0666945	0.0333681	0
3.58207	0.000710156	0.0833681	0.0371135	0
3.58364	0.000710221	0.133389	0.0469877	0
3.58307	0.000706455	0.0500208	0.0289417	0
3.58371	0.000723275	0.133389	0.0469877	0
3.58291	0.000707234	0.0666945	0.0333681	0
3.58421	0.000727301	0.116715	0.0439233	0
3.58423	0.000697622	0.0666945	0.0333681	0
0	0	0	0	0
0	0	0	0	0
0	0	0	0	0
0	0	0	0	0
0	0	0	0	0
0	0	0	0	0
0	0	0	0	0
0	0	0	0	0
0	0	0	0	0
0	0	0	0	0
0	0	0	0	0
0	0	0	0	0
0	0	0	0	0
0	0	0	0	0
0	0	0	0	0
0	0	0	0	0
0	0	0	0	0
0	0	0	0	0
0	0	0	0	0
0	0	0	0	0
0	0	0	0	0
0	0	0	0	0
0	0	0	0	0
0	0	0	0	0
0	0	0	0	0
0	0	0	0	0
0	0	0	0	0
0	0	0	0	0
0	0	0	0	0
0	0	0	0	0
0	0	0	0	0
0	0	0	0	0
0	0	0	0	0
0	0	0	0	0
0	0	0	0	0
0	0	0	0	0
0	0	0	0	0
0	0	0	0	0
0	0	0	0	0
0	0	0	0	0
0	0	0	0	0
0	0	0	0	0
0	0	0	0	0
0	0	0	0	0
0	0	0	0	0
0	0	0	0	0
0	0	0	0	0
0	0	0	0	0
0	0	0	0	0
0	0	0	0	0
0	0	0	0	0
0	0	0	0	0
0	0	0	0	0
0	0	0	0	0
0	0	0	0	0
0	0	0	0	0
0	0	0	0	0
0	0	0	0	0
0	0	0	0	0
0	0	0	0	0
0	0	0	0	0
0	0	0	0	0
0	0	0	0	0
0	0	0	0	0
0	0	0	0	0
0	0	0	0	0
0	0	0	0	0
0	0	0	0	0
0	0	0	0	0
0	0	0	0	0
0	0	0	0	0
0	0	0	0	0
0	0	0	0	0
0	0	0	0	0
0	0	0	0	0
0	0	0	0	0
0	0	0	0	0
0	0	0	0	0
0	0	0	0	0
0	0	0	0	0
0	0	0	0	0
0	0	0	0	0
0	0	0	0	0
0	0	0	0	0
0	0	0	0	0
0	0	0	0	0
0	0	0	0	0
0	0	0	0	0
0	0	0	0	0
0	0	0	0	0
0	0	0	0	0
0	0	0	0	0
0	0	0	0	0
0	0	0	0	0
0	0	0	0	0
0	0	0	0	0
0	0	0	0	0
0	0	0	0	0
0	0	0	0	0
0	0	0	0	0
0	0	0	0	0
0	0	0	0	0
0	0	0	0	0
0	0	0	0	0
0	0	0	0	0
0	0	0	0	0
0	0	0	0	0
0	0	0	0	0
0	0	0	0	0
0	0	0	0	0
0	0	0	0	0
0	0	0	0	0
0	0	0	0	0
0	0	0	0	0
0	0	0	0	0
0	0	0	0	0
0	0	0	0	0
0	0	0	0	0
0	0	0	0	0
0	0	0	0	0
0	0	0	0	0
0	0	0	0	0
0	0	0	0	0
0	0	0	0	0
0	0	0	0	0
0	0	0	0	0
0	0	0	0	0
0	0	0	0	0
0	0	0	0	0
0	0	0	0	0
0	0	0	0	0
0	0	0	0	0
0	0	0	0	0
0	0	0	0	0
0	0	0	0	0
0	0	0	0	0
0	0	0	0	0
0	0	0	0	0
0	0	0	0	0
0	0	0	0	0
0	0	0	0	0
0	0	0	0	0
0	0	0	0	0
0	0	0	0	0
0	0	0	0	0
0	0	0	0	0
0	0	0	0	0
0	0	0	0	0
0	0	0	0	0
0	0	0	0	0
0	0	0	0	0
0	0	0	0	0
0	0	0	0	0
0	0	0	0	0
0	0	0	0	0
0	0	0	0	0
0	0	0	0	0
0	0	0	0	0
0	0	0	0	0
0	0	0	0	0
0	0	0	0	0
0	0	0	0	0
0	0	0	0	0
0	0	0	0	0
0	0	0	0	0
0	0	0	0	0
0	0	0	0	0
0	0	0	0	0
0	0	0	0	0
0	0	0	0	0
0	0	0	0	0
0	0	0	0	0
0	0	0	0	0
0	0	0	0	0
0	0	0	0	0
0	0	0	0	0
0	0	0	0	0
0	0	0	0	0
0	0	0	0	0
0	0	0	0	0
0	0	0	0	0
0	0	0	0	0
0	0	0	0	0
0	0	0	0	0
0	0	0	0	0
0	0	0	0	0
0	0	0	0	0
0	0	0	0	0
0	0	0	0	0
0	0	0	0	0
0	0	0	0	0
0	0	0	0	0
0	0	0	0	0
0	0	0	0	0
0	0	0	0	0
0	0	0	0	0
0	0	0	0	0
0	0	0	0	0
0	0	0	0	0
0	0	0	0	0
0	0	0	0	0
0	0	0	0	0
0	0	0	0	0
0	0	0	0	0
0	0	0	0	0
0	0	0	0	0
0	0	0	0	0
0	0	0	0	0
0	0	0	0	0
0	0	0	0	0
0	0	0	0	0
0	0	0	0	0
0	0	0	0	0
0	0	0	0	0
0	0	0	0	0
0	0	0	0	0
0	0	0	0	0
0	0	0	0	0
0	0	0	0	0
0	0	0	0	0
0	0	0	0	0
0	0	0	0	0
0	0	0	0	0
0	0	0	0	0
0	0	0	0	0
0	0	0	0	0
0	0	0	0	0
0	0	0	0	0
0	0	0	0	0
0	0	0	0	0
0	0	0	0	0
0	0	0	0	0
0	0	0	0	0
0	0	0	0	0
0	0	0	0	0
0	0	0	0	0
0	0	0	0	0
0	0	0	0	0
0	0	0	0	0
0	0	0	0	0
0	0	0	0	0
0	0	0	0	0
0	0	0	0	0
0	0	0	0	0
0	0	0	0	0
0	0	0	0	0
0	0	0	0	0
0	0	0	0	0
0	0	0	0	0
0	0	0	0	0
0	0	0	0	0
0	0	0	0	0
0	0	0	0	0
0	0	0	0	0
0	0	0	0	0
0	0	0	0	0
0	0	0	0	0
0	0	0	0	0
0	0	0	0	0
0	0	0	0	0
0	0	0	0	0
0	0	0	0	0
0	0	0	0	0
0	0	0	0	0
0	0	0	0	0
0	0	0	0	0
0	0	0	0	0
0	0	0	0	0
0	0	0	0	0
0	0	0	0	0
0	0	0	0	0
0	0	0	0	0
0	0	0	0	0
0	0	0	0	0
0	0	0	0	0
0	0	0	0	0
0	0	0	0	0
0	0	0	0	0
0	0	0	0	0
0	0	0	0	0
0	0	0	0	0
0	0	0	0	0
0	0	0	0	0
0	0	0	0	0
0	0	0	0	0
0	0	0	0	0
0	0	0	0	0
0	0	0	0	0
0	0	0	0	0
0	0	0	0	0
0	0	0	0	0
0	0	0	0	0
0	0	0	0	0
0	0	0	0	0
0	0	0	0	0
0	0	0	0	0
0	0	0	0	0
0	0	0	0	0
0	0	0	0	0
0	0	0	0	0
0	0	0	0	0
0	0	0	0	0
0	0	0	0	0
0	0	0	0	0
0	0	0	0	0
0	0	0	0	0
0	0	0	0	0
0	0	0	0	0
0	0	0	0	0
0	0	0	0	0
0	0	0	0	0
0	0	0	0	0
0	0	0	0	0
0	0	0	0	0
0	0	0	0	0
0	0	0	0	0
0	0	0	0	0
0	0	0	0	0
0	0	0	0	0
0	0	0	0	0
0	0	0	0	0
0	0	0	0	0
0	0	0	0	0
0	0	0	0	0
0	0	0	0	0
0	0	0	0	0
0	0	0	0	0
0	0	0	0	0
0	0	0	0	0
0	0	0	0	0
0	0	0	0	0
0	0	0	0	0
0	0	0	0	0
0	0	0	0	0
0	0	0	0	0
0	0	0	0	0
0	0	0	0	0
0	0	0	0	0
0	0	0	0	0
0	0	0	0	0
0	0	0	0	0
0	0	0	0	0
0	0	0	0	0
0	0	0	0	0
0	0	0	0	0
0	0	0	0	0
0	0	0	0	0
0	0	0	0	0
0	0	0	0	0
0	0	0	0	0
0	0	0	0	0
0	0	0	0	0
0	0	0	0	0
0	0	0	0	0
0	0	0	0	0
0	0	0	0	0
0	0	0	0	0
0	0	0	0	0
0	0	0	0	0
0	0	0	0	0
0	0	0	0	0
0	0	0	0	0
0	0	0	0	0
0	0	0	0	0
0	0	0	0	0
0	0	0	0	0
0	0	0	0	0
0	0	0	0	0
0	0	0	0	0
0	0	0	0	0
0	0	0	0	0
0	0	0	0	0
0	0	0	0	0
0	0	0	0	0
0	0	0	0	0
0	0	0	0	0
0	0	0	0	0
0	0	0	0	0
0	0	0	0	0
0	0	0	0	0
0	0	0	0	0
0	0	0	0	0
0	0	0	0	0
0	0	0	0	0
0	0	0	0	0
0	0	0	0	0
0	0	0	0	0
0	0	0	0	0
0	0	0	0	0
0	0	0	0	0
0	0	0	0	0
0	0	0	0	0
0	0	0	0	0
0	0	0	0	0
0	0	0	0	0
0	0	0	0	0
0	0	0	0	0
0	0	0	0	0
0	0	0	0	0
0	0	0	0	0
