a2610700.050160
Narit-cm 06/01/2026 23:35:01 07/01/2026 00:05:01 0045 0013.384714 0052.542598 00.0 00.0
0002395 0010 0000000 0010 05 0000000 0010 0000000 0010
1 0 1 01600 1 0000 3.75 00000.o 0 0 01 000 16 002395 0.500 BT0
1 2 1 02000 1 0000 3.75 00000.o 0 0 01 000 16 002395 0.500 S2A0
1 1 1 01600 1 0000 3.75 00000.o 0 0 00 000 00 002395 3.1746 BC0
1 3 1 02000 1 0000 3.75 00000.o 0 0 00 000 00 002395 3.1746 S2P0
1 5 0 01600 0 0000 1.00 00000.o 0 0 00 000 00 000000 0.000 OF0
0.000 .o Analog 0 	0.000 .o Analog StErr 0 	0.000 .o Photon Counting 0 	0.000 .o PC StErr 0 	0.000 .o Overflow Info 0 
28.6255	0.16316	177.186	0.893298	0
67.514	0.414588	195.474	0.875548	0
279.57	2.3366	108.86	1.37084	0
473.403	0.0631585	0.784969	0.115716	0
473.457	0	0	0	0
473.457	0	0.133612	0.062466	0
473.457	6.38041E-6	24.2839	0.633876	0
473.457	1.1003E-5	13.3946	0.526353	0
473.457	0	3.94154	0.297311	0
473.457	0	13.4113	0.480612	0
473.457	6.38041E-6	44.6931	0.829808	0
473.457	0	107.223	1.05032	0
473.457	0	155.808	1.00321	0
473.457	6.38041E-6	130.722	1.05373	0
473.457	0	98.2547	0.939038	0
473.457	0	87.6493	0.916509	0
473.457	6.38041E-6	80.0501	0.89398	0
473.457	0	91.7411	0.8991	0
473.457	0	112.852	0.904903	0
473.457	0	117.428	0.936648	0
473.457	6.38041E-6	123.724	0.93972	0
473.457	0	138.672	0.962249	0
473.457	0	160.935	0.899783	0
473.457	0	178.739	0.902514	0
473.457	0	190.697	0.900124	0
473.457	6.38041E-6	198.514	0.87111	0
473.457	6.38041E-6	200.484	0.88374	0
473.457	0	204.175	0.891591	0
473.457	0	205.361	0.859846	0
473.457	0	204.493	0.886812	0
473.457	0	204.877	0.904221	0
473.457	0	204.994	0.85848	0
473.8	0.0533895	202.856	0.900807	1
479.586	0.222472	202.372	0.877937	1
483.224	0.256771	201.503	0.885447	1
488.001	0.261473	198.681	0.895687	1
497.746	0.144055	200.701	0.880668	1
499.706	0.055218	201.386	0.892615	1
499.893	0.0285042	202.622	0.885788	1
494.936	0.237675	200.952	0.876913	1
481.629	0.598261	202.839	0.872134	1
460.519	1.00389	202.255	0.873841	1
428.619	1.29876	202.255	0.87862	1
385.088	1.38108	202.789	0.863259	1
341	1.42005	202.806	0.869745	1
298.161	1.42635	203.891	0.884423	0
256.768	1.39951	203.123	0.890908	0
217.939	1.34463	202.656	0.887495	0
182.43	1.26752	202.99	0.872817	0
150.466	1.17193	203.257	0.859504	0
122.47	1.05702	202.305	0.871451	0
98.6115	0.928243	200.735	0.886471	0
78.5364	0.804237	199.816	0.869745	0
61.9391	0.687372	198.931	0.877937	0
48.7857	0.576711	196.643	0.870769	0
38.6104	0.477497	195.992	0.865307	0
30.7494	0.391823	194.99	0.866331	0
24.7902	0.318225	193.787	0.867697	0
20.3902	0.2561	192.651	0.855067	0
17.2498	0.208211	191.232	0.869745	0
14.9704	0.169746	189.962	0.858139	0
13.2183	0.1378	188.409	0.86599	0
11.935	0.110286	186.505	0.851654	0
10.9347	0.0892072	187.207	0.876913	0
9.95745	0.0779567	184.534	0.862235	0
9.03107	0.0672048	181.528	0.857798	0
8.14778	0.0541004	179.791	0.865307	0
7.3577	0.0439668	178.422	0.881009	0
6.82888	0.0366313	176.418	0.866673	0
6.48636	0.0315906	174.43	0.894322	0
6.22614	0.0278258	171.825	0.83561	0
6.09194	0.0252493	172.025	0.856432	0
6.01411	0.0229576	170.739	0.858822	0
5.92374	0.021806	167.716	0.851995	0
5.82838	0.0213542	166.881	0.851654	0
5.76493	0.0205671	165.662	0.847557	0
5.73416	0.0199116	164.894	0.847216	0
5.7046	0.0202239	162.555	0.832538	0
5.69541	0.0203597	162.873	0.853019	0
5.69132	0.0198174	158.664	0.842437	0
5.69608	0.0187296	159.299	0.839024	0
5.73896	0.0192514	159.633	0.856432	0
5.71587	0.0187633	156.443	0.866331	0
5.6651	0.0186144	157.328	0.855408	0
5.66395	0.0188361	156.86	0.846533	0
5.60745	0.0185239	153.77	0.838341	0
5.57484	0.0181172	152.852	0.847216	0
5.62879	0.0174304	151.582	0.841072	0
5.6479	0.0175586	151.983	0.854726	0
5.63436	0.0176185	149.846	0.830832	0
5.68879	0.0169949	149.829	0.851654	0
5.74647	0.0172166	148.994	0.862235	0
5.75199	0.0166249	147.708	0.842437	0
5.7967	0.0169466	147.825	0.840389	0
5.818	0.0164451	147.942	0.824005	0
5.79283	0.0165094	145.019	0.833221	0
5.80782	0.0163768	145.77	0.833221	0
5.83783	0.0161763	143.148	0.847899	0
5.86771	0.0159039	144.451	0.874182	0
5.90876	0.0161146	144.2	0.825029	0
5.94367	0.0154489	142.831	0.847899	0
5.98033	0.0161047	143.582	0.849605	0
6.01603	0.015843	142.914	0.854384	0
6.06733	0.0152754	141.361	0.862918	0
6.10994	0.0156019	141.495	0.84824	0
6.13	0.0157563	141.094	0.852336	0
6.16441	0.0154066	140.944	0.845509	0
6.19774	0.0157572	142.029	0.846192	0
6.21027	0.0153202	138.388	0.818884	0
6.25382	0.0154375	139.424	0.837658	0
6.29897	0.0152018	139.324	0.842779	0
6.30593	0.0152619	138.689	0.825029	0
6.31964	0.0151015	138.856	0.835952	0
6.36693	0.0153735	137.119	0.851654	0
6.40729	0.015143	138.772	0.850971	0
6.4124	0.0150433	135.9	0.857456	0
6.41766	0.0149902	136.969	0.844827	0
6.45679	0.0148475	136.434	0.849264	0
6.50041	0.0145683	134.764	0.844144	0
6.52148	0.0146064	135.883	0.835269	0
6.51009	0.0144995	134.998	0.834928	0
6.53717	0.0144818	135.599	0.845168	0
6.57467	0.0143423	135.833	0.839024	0
6.56753	0.0144705	134.313	0.840731	0
6.56687	0.014037	133.495	0.827077	0
6.59331	0.0143294	133.962	0.856774	0
6.5992	0.0141526	132.994	0.833221	0
6.60172	0.0144543	133.144	0.822981	0
6.62624	0.0140445	133.278	0.868038	0
6.63118	0.0143525	132.676	0.850629	0
6.64346	0.0144421	132.643	0.862918	0
6.66433	0.0142826	131.407	0.842437	0
6.65675	0.0139384	131.307	0.841413	0
6.63443	0.0136935	130.021	0.827077	0
6.61313	0.0137711	130.405	0.839706	0
6.59844	0.0132916	129.102	0.839706	0
6.59052	0.0132063	128.484	0.840048	0
6.59285	0.0134373	128.251	0.838682	0
6.59802	0.0137132	129.52	0.846192	0
6.58822	0.0135478	127.683	0.833904	0
6.5699	0.0136103	125.996	0.854043	0
6.56969	0.0136539	127.182	0.836634	0
6.57506	0.0139293	125.528	0.835952	0
6.55629	0.0134229	125.144	0.850288	0
6.52095	0.0134157	124.409	0.847899	0
6.50446	0.0129177	124.559	0.843461	0
6.50583	0.0134698	121.82	0.85848	0
6.49252	0.0134891	124.593	0.844485	0
6.46869	0.0129404	122.539	0.850971	0
6.46669	0.0133577	122.806	0.822639	0
6.46361	0.0132296	123.223	0.845168	0
6.43336	0.0130455	120.468	0.857456	0
6.41929	0.013166	118.965	0.850971	0
6.39803	0.0133664	118.18	0.850971	0
6.35838	0.0132264	119.85	0.859163	0
6.32791	0.0128922	117.879	0.831856	0
6.30353	0.0133071	117.979	0.851654	0
6.28561	0.0129927	116.777	0.851312	0
6.27572	0.0127962	117.896	0.862577	0
6.25648	0.0130147	116.66	0.853019	0
6.21813	0.0127477	114.856	0.834928	0
6.21422	0.0127667	114.572	0.868721	0
6.20907	0.0128302	113.653	0.856774	0
6.16117	0.0128817	112.217	0.85336	0
6.12617	0.012625	112.868	0.858139	0
6.09536	0.0126438	111.716	0.881692	0
6.06689	0.0125434	110.046	0.831514	0
6.05199	0.0122515	110.263	0.853702	0
6.02987	0.0126416	108.626	0.855067	0
6.00733	0.0126905	107.591	0.858139	0
5.98042	0.0127687	107.023	0.872476	0
5.95248	0.0127122	105.303	0.872817	0
5.9307	0.0124049	106.021	0.849605	0
5.90315	0.0120269	104.718	0.853019	0
5.87034	0.0123023	104.1	0.875548	0
5.84945	0.0122994	101.662	0.857798	0
5.82383	0.0125633	102.697	0.873841	0
5.79525	0.012187	99.5407	0.890225	0
5.77589	0.0123242	100.593	0.86599	0
5.75572	0.012166	98.8058	0.859846	0
5.72001	0.012236	97.1524	0.874524	0
5.67812	0.0119448	96.0835	0.856091	0
5.65838	0.012091	96.9019	0.87623	0
5.64095	0.0120648	94.9311	0.877254	0
5.61831	0.0117737	94.8476	0.867697	0
5.60454	0.0118271	94.8977	0.88374	0
5.59548	0.0119346	93.6618	0.88374	0
5.56483	0.0118077	91.9916	0.872476	0
5.52049	0.0113051	90.7724	0.868379	0
5.50092	0.0115087	90.4718	0.856774	0
5.50013	0.0113938	88.9687	0.858139	0
5.47863	0.0114719	88.4843	0.859504	0
5.44187	0.0116146	87.2317	0.876913	0
5.41741	0.011258	86.263	0.869745	0
5.39822	0.0110869	86.9812	0.876572	0
5.37798	0.0110008	84.7933	0.854726	0
5.35421	0.011055	85.7954	0.887836	0
5.33241	0.0110912	83.2568	0.879302	0
5.30704	0.0108975	83.2902	0.857798	0
5.28376	0.0108309	81.5866	0.869062	0
5.26058	0.0106113	80.9353	0.843803	0
5.24552	0.0105561	80.4676	0.851312	0
5.22701	0.0105721	78.7307	0.850629	0
5.21211	0.0102796	79.0146	0.844485	0
5.19449	0.0102299	78.7808	0.8735	0
5.16427	0.0103917	77.428	0.884764	0
5.15929	0.0103178	77.1273	0.857115	0
5.13964	0.00996425	74.1211	0.827077	0
5.10394	0.0100456	74.8894	0.851995	0
5.09822	0.0100057	73.737	0.885788	0
5.08791	0.00998345	72.8184	0.867014	0
5.05334	0.00977655	71.4823	0.869745	0
5.0325	0.00984907	70.1294	0.856091	0
5.02041	0.00991887	69.7954	0.86599	0
5.00435	0.00961	70.0626	0.868038	0
4.98335	0.00955486	68.2589	0.841413	0
4.96081	0.00918414	67.4906	0.844144	0
4.93997	0.00923532	65.2526	0.839706	0
4.93149	0.00938701	66.1211	0.854384	0
4.92379	0.00920882	65.4697	0.848923	0
4.8919	0.00899351	63.9499	0.854726	0
4.86702	0.00902034	61.9791	0.834586	0
4.87306	0.00893785	63.6994	0.827418	0
4.85879	0.00882385	62.1127	0.821615	0
4.83071	0.00871903	62.8476	0.846192	0
4.82087	0.00864663	59.3904	0.817178	0
4.80237	0.0084713	59.858	0.834245	0
4.79008	0.00841941	60.4927	0.844827	0
4.78099	0.00853823	58.2046	0.816836	0
4.75786	0.00829818	57.62	0.819909	0
4.74171	0.00832311	56.5511	0.825711	0
4.7322	0.00804179	56.618	0.808644	0
4.71751	0.00799153	56.0501	0.829125	0
4.69921	0.00789055	55.0814	0.810692	0
4.68768	0.00793944	54.2797	0.81001	0
4.68064	0.00768045	53.0772	0.786457	0
4.6624	0.00762114	53.5616	0.801817	0
4.64593	0.00757062	51.2234	0.791236	0
4.64512	0.0077285	52.309	0.808986	0
4.62789	0.0073085	49.5031	0.778606	0
4.60524	0.00716859	49.8706	0.790894	0
4.60379	0.00737224	50.1545	0.781678	0
4.60345	0.00747543	49.9374	0.788505	0
4.58863	0.00728962	48.618	0.804207	0
4.57135	0.00721507	47.666	0.78475	0
4.55836	0.00691402	46.7474	0.77963	0
4.55546	0.00697131	46.8643	0.774168	0
4.55292	0.00699755	47.2317	0.773486	0
4.53643	0.00694	46.1962	0.767	0
4.51539	0.00691584	44.6597	0.756419	0
4.50547	0.00664507	45.4948	0.766318	0
4.50323	0.00664474	42.8392	0.749592	0
4.4903	0.00670711	43.19	0.74925	0
4.47587	0.00651661	43.1399	0.750274	0
4.47177	0.00654552	43.4238	0.761197	0
4.46867	0.00649409	41.8873	0.753346	0
4.466	0.00655118	42.6054	0.750616	0
4.46223	0.00631758	43.2234	0.742082	0
4.45273	0.00631745	41.1691	0.74413	0
4.44115	0.0065241	40.8518	0.74652	0
4.43714	0.00637618	41.0188	0.73389	0
4.43317	0.0064338	40.4676	0.733207	0
4.4211	0.0063502	38.9311	0.723991	0
4.41652	0.00621973	41.0355	0.740375	0
4.41092	0.00624935	38.881	0.732866	0
4.39649	0.00589986	38.7808	0.719212	0
4.39651	0.0060582	38.881	0.739351	0
4.39747	0.006367	38.9478	0.725698	0
4.39077	0.00612767	39.2651	0.735597	0
4.38774	0.00592721	39.0313	0.712726	0
4.37091	0.00587011	36.4593	0.712385	0
4.35355	0.00584745	37.0438	0.703852	0
4.35416	0.00575461	35.5073	0.704534	0
4.35633	0.0058162	37.2109	0.710678	0
4.34839	0.00580357	37.0605	0.716481	0
4.33529	0.00572765	35.6576	0.687808	0
4.32746	0.00564015	35.2735	0.69839	0
4.33036	0.00565461	35.1065	0.68815	0
4.32801	0.00568377	34.7557	0.694977	0
4.3188	0.00567524	34.2714	0.708972	0
4.31871	0.00555258	36.1253	0.703852	0
4.31211	0.00533018	33.8205	0.677909	0
4.29694	0.00550629	33.3862	0.690539	0
4.29206	0.00550154	32.4843	0.68303	0
4.29373	0.00540909	33.2359	0.685078	0
4.28882	0.00523949	32.8518	0.675861	0
4.28273	0.00513838	32.4342	0.673813	0
4.2826	0.00524658	34.071	0.705217	0
4.27092	0.00524737	32.1169	0.681323	0
4.26484	0.00536215	33.0522	0.684395	0
4.26751	0.00524613	32.3841	0.671083	0
4.25686	0.00520101	31.5992	0.669717	0
4.24557	0.00510322	30.7641	0.663573	0
4.24845	0.00507418	31.215	0.661184	0
4.24573	0.00503668	31.3987	0.675179	0
4.2346	0.00502737	29.8121	0.637631	0
4.2312	0.00499423	30.2463	0.650261	0
4.22904	0.00493941	30.2129	0.659477	0
4.21822	0.00494736	28.7098	0.652309	0
4.20864	0.00492021	29.5115	0.649578	0
4.20946	0.00483283	28.1086	0.636265	0
4.20373	0.00471695	28.1921	0.639679	0
4.1983	0.00479416	28.2589	0.64241	0
4.1966	0.00471981	28.3591	0.649236	0
4.18842	0.00462495	27.3737	0.628414	0
4.1816	0.00470008	27.2735	0.638655	0
4.18103	0.00478186	26.7557	0.626366	0
4.17417	0.004687	28.1921	0.650602	0
4.17005	0.00465672	26.1712	0.623636	0
4.17255	0.0045142	26.9061	0.630121	0
4.17409	0.0045687	27.1065	0.638996	0
4.16157	0.00462345	25.5699	0.620564	0
4.14914	0.00438907	25.1357	0.604862	0
4.14952	0.00438438	26.2046	0.623977	0
4.14871	0.00430528	25.0856	0.60452	0
4.14265	0.0043435	25.9541	0.622612	0
4.1406	0.00443901	24.952	0.607251	0
4.13555	0.00444715	24.3841	0.596669	0
4.12879	0.00428594	24.3841	0.600766	0
4.12625	0.00422005	24.4342	0.603838	0
4.12049	0.00422604	24.0835	0.613737	0
4.11771	0.00433249	24.6514	0.605544	0
4.11581	0.00429128	23.4823	0.590867	0
4.10634	0.00404648	23.1649	0.583357	0
4.1009	0.00408021	23.5658	0.586429	0
4.10421	0.00419707	23.4489	0.591208	0
4.10089	0.00410032	22.9645	0.574823	0
4.09326	0.00388691	22.9311	0.57141	0
4.09484	0.00405735	22.547	0.579261	0
4.09597	0.00405429	22.4969	0.581309	0
4.08842	0.00399511	21.8288	0.57653	0
4.08872	0.00388892	23.2317	0.593256	0
4.0913	0.00400592	23.0313	0.589501	0
4.08099	0.00378352	21.3111	0.561511	0
4.07719	0.00399368	21.8455	0.576189	0
4.07945	0.00400306	21.2777	0.577896	0
4.07024	0.00377942	21.8455	0.567997	0
4.06311	0.00370135	21.7119	0.563218	0
4.06291	0.00389368	21.3779	0.566631	0
4.06042	0.00390051	20.9436	0.568338	0
4.05613	0.00391503	20.5428	0.566631	0
4.05885	0.00379087	21.3445	0.56117	0
4.0541	0.00373182	21.0772	0.562876	0
4.04555	0.00382401	19.5741	0.551612	0
4.04243	0.00367407	19.5908	0.545127	0
4.03914	0.00365337	19.3737	0.547516	0
4.03426	0.00359061	19.3069	0.5383	0
4.03074	0.00352433	19.1733	0.526011	0
4.02384	0.00346795	18.3549	0.530107	0
4.01736	0.00351183	18.405	0.534886	0
4.01954	0.00350623	18.1879	0.53079	0
4.01351	0.00351209	17.2526	0.516454	0
4.00517	0.0034212	17.904	0.524646	0
4.00717	0.00325101	17.9708	0.52055	0
4.00716	0.00337752	18.1712	0.526011	0
4.00622	0.00345122	18.405	0.528401	0
4.00438	0.00332276	17.3695	0.501776	0
3.99635	0.00329164	16.9687	0.512357	0
3.99569	0.00329887	17.0188	0.503141	0
4.00041	0.00340271	17.1858	0.505872	0
3.99621	0.00336326	16.8685	0.514406	0
3.98965	0.00322048	16.7182	0.506213	0
3.98592	0.00327836	16.1503	0.498021	0
3.98224	0.00328565	16.8351	0.507237	0
3.97638	0.00319411	15.6827	0.499728	0
3.97119	0.0031723	15.5992	0.487098	0
3.96699	0.00309365	15.7495	0.501093	0
3.96089	0.00311891	14.6305	0.482319	0
3.95997	0.00313877	15.8163	0.504165	0
3.96376	0.00318096	15.2818	0.489146	0
3.9555	0.00307939	14.9645	0.486757	0
3.94968	0.00299925	14.3132	0.462521	0
3.95023	0.00299925	14.3299	0.474468	0
3.94704	0.00298108	14.0459	0.458766	0
3.94637	0.00299241	14.4468	0.479247	0
3.94449	0.00293844	13.9624	0.461156	0
3.93643	0.00286253	13.0605	0.439651	0
3.93204	0.00273759	13.0939	0.452964	0
3.92859	0.00280647	12.5261	0.440334	0
3.92761	0.00282398	12.9269	0.453305	0
3.92932	0.0028594	13.3612	0.469007	0
3.9253	0.00283713	12.9603	0.45706	0
3.91902	0.00274319	12.3257	0.436579	0
3.91431	0.00264904	12.81	0.456718	0
3.91592	0.00270712	12.7432	0.445113	0
3.9144	0.00264839	11.7411	0.428728	0
3.90864	0.00270568	12.1086	0.440675	0
3.91242	0.00271688	12.8768	0.456377	0
3.90992	0.00264377	11.8914	0.435214	0
3.90441	0.00259032	11.9749	0.429411	0
3.90621	0.00260829	12.0919	0.435214	0
3.90546	0.00254324	11.8413	0.425656	0
3.90177	0.00261968	11.2568	0.422584	0
3.89875	0.00256916	11.691	0.428387	0
3.89696	0.00264846	11.023	0.425315	0
3.89338	0.00257489	11.2067	0.417122	0
3.89212	0.00260614	11.3403	0.420877	0
3.89189	0.0025715	11.0397	0.432483	0
3.89051	0.00255926	11.5073	0.428046	0
3.8879	0.00251121	11.0564	0.413026	0
3.88556	0.00248706	10.3382	0.406882	0
3.88705	0.00252977	10.8559	0.417122	0
3.88535	0.00251134	9.98747	0.401079	0
3.88271	0.00249357	10.9228	0.415757	0
3.88104	0.00240665	10.6054	0.405858	0
3.88076	0.00245822	10.5386	0.406541	0
3.8776	0.00243211	9.40292	0.380599	0
3.87365	0.00238725	10.4718	0.404834	0
3.87565	0.00243732	10.6054	0.409954	0
3.87188	0.00235177	9.65344	0.387767	0
3.86754	0.00238386	10.2547	0.410637	0
3.86854	0.00245405	9.50313	0.392546	0
3.86758	0.00236238	10.4718	0.402445	0
3.8647	0.00240489	9.25261	0.383671	0
3.86105	0.00231127	9.55324	0.394252	0
3.86379	0.00235079	10.1044	0.403127	0
3.86718	0.00241928	9.50313	0.390839	0
3.86501	0.00243784	10.6054	0.410637	0
3.86297	0.00234076	9.72025	0.397666	0
3.8594	0.00233022	9.36952	0.386743	0
3.85838	0.00228002	9.1858	0.377868	0
3.86083	0.0023894	9.36952	0.385719	0
3.8622	0.00241407	10.0376	0.407906	0
3.85602	0.00232598	9.1691	0.374796	0
3.84758	0.00229219	8.68476	0.374796	0
3.84781	0.00225925	9.00209	0.378551	0
3.84887	0.0022765	9.08559	0.38845	0
3.84524	0.00226283	8.91858	0.385719	0
3.84388	0.00225411	8.80167	0.374796	0
3.8481	0.00226296	9.25261	0.384353	0
3.84913	0.00232944	9.60334	0.389815	0
3.84469	0.00225072	8.50104	0.370017	0
3.84327	0.00220482	8.81837	0.377185	0
3.84318	0.00224395	8.48434	0.372748	0
3.84406	0.00225795	8.60125	0.381623	0
3.84655	0.00226055	8.86848	0.379916	0
3.84122	0.00217715	8.55115	0.36558	0
3.83766	0.00221452	8.98539	0.386402	0
3.83955	0.00221309	8.68476	0.379916	0
3.83492	0.00221648	8.15031	0.362507	0
3.83049	0.00214759	8.0501	0.359435	0
3.83221	0.00221459	8.08351	0.359094	0
3.83043	0.00211543	8	0.360459	0
3.82932	0.00216849	8.21712	0.361825	0
3.83176	0.00217227	8.38413	0.363873	0
3.83449	0.00223392	8.80167	0.373772	0
3.83098	0.00220157	8.26722	0.36558	0
3.82825	0.00207702	7.79958	0.359777	0
3.82687	0.00217032	7.83299	0.357046	0
3.82403	0.00215528	7.89979	0.356705	0
3.82493	0.00213353	8.10021	0.35295	0
3.82778	0.00217077	8.48434	0.361483	0
3.82541	0.00215977	7.93319	0.362507	0
3.82173	0.00212878	8.31733	0.366262	0
3.82148	0.00216778	7.81628	0.35056	0
3.82059	0.00214779	7.66597	0.343734	0
3.82169	0.00219187	8.23382	0.366604	0
3.82482	0.00219401	8.93528	0.368993	0
3.82124	0.00209636	7.39875	0.346123	0
3.81576	0.00213002	7.24843	0.344416	0
3.81863	0.00210736	7.88309	0.36319	0
3.81893	0.0020724	7.24843	0.337248	0
3.81712	0.00209902	8.06681	0.355681	0
3.8184	0.00207044	7.53236	0.353632	0
3.81545	0.00207344	7.66597	0.353291	0
3.81207	0.00205443	7.24843	0.341344	0
3.81333	0.00211699	7.59916	0.355339	0
3.81024	0.00203021	7.04802	0.341344	0
3.80504	0.00200605	7.49896	0.347488	0
3.80954	0.00206667	7.83299	0.352608	0
3.81122	0.00208945	7.76618	0.349195	0
3.80609	0.00205612	6.68058	0.329397	0
3.80648	0.0020416	7.28184	0.334517	0
3.80896	0.00209655	7.83299	0.357046	0
3.80927	0.00209245	7.33194	0.356022	0
3.80744	0.00206732	7.48225	0.344075	0
3.80606	0.00205371	7.16493	0.337589	0
3.806	0.00208581	7.51566	0.341344	0
3.80651	0.00202982	6.98121	0.342027	0
3.80582	0.00202467	6.93111	0.337931	0
3.80555	0.00203255	7.14823	0.333835	0
3.80483	0.00208171	7.68267	0.355681	0
3.80296	0.0020319	7.16493	0.339296	0
3.79924	0.00200762	6.99791	0.337248	0
3.79908	0.00200071	7.28184	0.341003	0
3.79897	0.00199485	6.73069	0.331104	0
3.79581	0.00201842	6.8476	0.341344	0
3.79764	0.00204922	6.91441	0.329397	0
3.7991	0.00193528	6.69729	0.329738	0
3.79606	0.00199551	7.33194	0.338613	0
3.79248	0.00195579	6.74739	0.326325	0
3.79228	0.00198659	6.32985	0.321887	0
3.79451	0.00198268	7.21503	0.344075	0
3.79586	0.00197272	6.54697	0.322229	0
3.79459	0.0020207	6.54697	0.327349	0
3.79206	0.00195735	6.48017	0.32257	0
3.79028	0.0019722	6.54697	0.321205	0
3.79075	0.00198183	6.8309	0.333835	0
3.78682	0.00192128	6.01253	0.304479	0
3.78134	0.00189993	5.89562	0.308575	0
3.78343	0.00191692	6.24635	0.317791	0
3.78502	0.00188828	6.27975	0.31745	0
3.78135	0.00191009	6.29645	0.316085	0
3.77927	0.00192259	5.64509	0.305503	0
3.77577	0.0018554	5.14405	0.287753	0
3.77242	0.00181913	5.04384	0.288436	0
3.77175	0.00174882	5.49478	0.293215	0
3.76891	0.00169504	4.64301	0.273417	0
3.76438	0.00166685	4.70981	0.274782	0
3.76234	0.0016871	4.35908	0.267614	0
3.75972	0.00163488	4.40919	0.264542	0
3.75705	0.00160734	3.60752	0.239965	0
3.75423	0.00161424	4.02505	0.253619	0
3.75345	0.00159699	4.04175	0.256349	0
3.75123	0.00160669	3.54071	0.242696	0
3.74722	0.00151665	3.50731	0.243037	0
3.7472	0.00150688	3.4071	0.234162	0
3.74706	0.00149842	3.15658	0.225287	0
3.74742	0.00151756	3.20668	0.225628	0
3.74602	0.0014466	2.95616	0.221532	0
3.7477	0.00150213	3.34029	0.235869	0
3.74698	0.00148787	3.22338	0.226311	0
3.74332	0.0014772	2.88935	0.223239	0
3.74261	0.00145532	3.18998	0.226311	0
3.74345	0.00148553	3.00626	0.219484	0
3.74369	0.00151307	3.22338	0.23109	0
3.74294	0.00148084	3.30689	0.230066	0
3.74181	0.00149718	3.13987	0.221191	0
3.74124	0.00147628	3.12317	0.223239	0
3.74141	0.00147869	2.85595	0.214364	0
3.73908	0.00148201	3.03967	0.228018	0
3.73894	0.00146105	2.80585	0.210268	0
3.7385	0.00147329	2.77244	0.214364	0
3.73671	0.00145525	2.67223	0.20822	0
3.73667	0.00142511	2.53862	0.208903	0
3.73671	0.00141385	2.77244	0.215388	0
3.73718	0.0014089	3.07307	0.225287	0
3.73608	0.00137954	2.70564	0.210609	0
3.73533	0.00141567	2.87265	0.213681	0
3.73431	0.00139868	2.47182	0.202417	0
3.73247	0.00136554	2.80585	0.215388	0
3.73207	0.00135675	2.2714	0.189105	0
3.73105	0.0013436	2.35491	0.195249	0
3.73162	0.00137661	2.48852	0.2031	0
3.73282	0.0013867	2.77244	0.215388	0
3.73385	0.00148677	3.20668	0.224604	0
3.73211	0.0014145	2.68894	0.211292	0
3.73306	0.00146059	2.82255	0.219826	0
3.73438	0.00145395	2.62213	0.210609	0
3.73169	0.00139301	2.68894	0.209927	0
3.73105	0.00141593	2.68894	0.207537	0
3.73266	0.00145903	2.82255	0.214705	0
3.72958	0.00139627	2.3382	0.196273	0
3.72699	0.00136775	2.68894	0.209927	0
3.72864	0.00140825	2.2547	0.194225	0
3.73034	0.00143514	3.00626	0.225628	0
3.72824	0.00139744	2.52192	0.202758	0
3.72599	0.00142172	2.3048	0.196273	0
3.72533	0.00141352	2.38831	0.203441	0
3.72456	0.00136866	2.238	0.192177	0
3.72572	0.00134145	2.3215	0.19559	0
3.72664	0.00136065	2.55532	0.20822	0
3.72442	0.00132146	2.00418	0.181595	0
3.72181	0.00131944	2.2714	0.193542	0
3.72463	0.00135154	2.43841	0.198321	0
3.72384	0.00134581	2.2714	0.194907	0
3.7221	0.00134679	2.22129	0.188763	0
3.72457	0.0013796	2.45511	0.201734	0
3.72464	0.00136215	2.40501	0.198662	0
3.72283	0.00135239	2.05428	0.181936	0
3.72201	0.00135786	2.13779	0.18535	0
3.72197	0.00132374	2.37161	0.195932	0
3.72065	0.00134907	1.92067	0.180912	0
3.71816	0.00129099	1.77035	0.173061	0
3.72018	0.00132224	1.98747	0.182278	0
3.72149	0.00131378	2.22129	0.190129	0
3.71818	0.00128689	1.90397	0.175792	0
3.71733	0.00133468	1.98747	0.182278	0
3.71811	0.00131554	1.92067	0.176475	0
3.71767	0.00126339	1.90397	0.181936	0
3.71682	0.00126794	2.03758	0.18296	0
3.71735	0.00133344	2.20459	0.192518	0
3.71765	0.00134698	1.87056	0.174085	0
3.71596	0.00128149	1.97077	0.181595	0
3.71495	0.00128259	1.70355	0.166917	0
3.71622	0.00130961	2.2547	0.191494	0
3.71624	0.00127732	1.93737	0.178523	0
3.71416	0.00124997	1.67015	0.168624	0
3.71384	0.00128513	2.03758	0.18296	0
3.71346	0.00125902	1.58664	0.163162	0
3.71272	0.00123324	2.05428	0.180571	0
3.71357	0.00126547	1.93737	0.178523	0
3.71342	0.00129041	1.97077	0.183302	0
3.71256	0.00130258	1.77035	0.173061	0
3.71409	0.00126241	1.88727	0.174768	0
3.71114	0.00126234	1.56994	0.163845	0
3.70957	0.00125056	1.78706	0.170672	0
3.71147	0.00125935	1.58664	0.159408	0
3.71148	0.00126189	1.82046	0.172037	0
3.71153	0.00122133	1.68685	0.1676	0
3.71162	0.00122497	1.90397	0.178864	0
3.71155	0.00127237	1.78706	0.170672	0
3.71104	0.00129587	2.00418	0.18296	0
3.70868	0.00130492	1.55324	0.158042	0
3.70842	0.00124464	1.93737	0.178523	0
3.70977	0.00128904	1.70355	0.168283	0
3.70765	0.00123363	1.43633	0.153946	0
3.70812	0.00126365	1.50313	0.159066	0
3.70958	0.00123357	1.46973	0.155653	0
3.70889	0.00122868	1.60334	0.160432	0
3.70917	0.00128005	1.56994	0.162138	0
3.70779	0.00121397	1.55324	0.163162	0
3.70523	0.0011891	1.28601	0.144047	0
3.70564	0.00119307	1.41962	0.151215	0
3.70724	0.0012365	1.68685	0.165893	0
3.70584	0.00124548	1.67015	0.166917	0
3.70591	0.00125219	1.45303	0.158384	0
3.70531	0.00120577	1.30271	0.147119	0
3.70325	0.00121807	1.43633	0.153946	0
3.70423	0.00122243	1.50313	0.15736	0
3.70582	0.00123018	1.55324	0.159749	0
3.70391	0.00120648	1.31942	0.146095	0
3.70309	0.00122152	1.1357	0.135855	0
3.70525	0.00123891	1.62004	0.162821	0
3.70406	0.00120557	1.1357	0.135855	0
3.70279	0.00119444	1.36952	0.150533	0
3.70386	0.00120603	1.55324	0.158042	0
3.70308	0.00123799	1.25261	0.146095	0
3.70259	0.0012712	1.77035	0.171355	0
3.70264	0.00125759	1.1691	0.145754	0
3.70207	0.00121677	1.31942	0.14985	0
3.70061	0.00119502	1.00209	0.127663	0
3.70071	0.00118461	1.40292	0.150533	0
3.70172	0.00120668	1.26931	0.143365	0
3.70137	0.00118311	1.1524	0.136879	0
3.70256	0.0012322	1.56994	0.165552	0
3.70156	0.00123201	1.38622	0.15497	0
3.69864	0.00115043	1.20251	0.13961	0
3.70037	0.00121762	1.26931	0.143365	0
3.70108	0.00121514	1.41962	0.152922	0
3.69996	0.00120648	1.30271	0.148826	0
3.69978	0.00121338	1.23591	0.141316	0
3.69955	0.00119392	1.33612	0.146778	0
3.69786	0.00118715	1.20251	0.141658	0
3.69835	0.00118806	1.1691	0.13961	0
3.69862	0.00117666	1.00209	0.127663	0
3.6982	0.00115674	1.08559	0.132783	0
3.69932	0.00118142	1.51983	0.158042	0
3.6984	0.00120108	0.968685	0.128004	0
3.69766	0.00117985	1.08559	0.134831	0
3.69767	0.00115954	0.985386	0.129028	0
3.69736	0.00118956	1.21921	0.140634	0
3.69842	0.00117829	1.26931	0.145071	0
3.69917	0.00118702	1.26931	0.147119	0
3.69791	0.00118135	1.119	0.136879	0
3.69707	0.00117999	1.23591	0.141316	0
3.69845	0.00123656	1.1357	0.141658	0
3.69759	0.00121794	1.25261	0.144389	0
3.69695	0.00119268	1.119	0.136879	0
3.69691	0.00116716	1.21921	0.14234	0
3.69761	0.00120088	1.06889	0.131759	0
3.69736	0.00118617	1.1357	0.135855	0
3.69649	0.0012197	1.35282	0.149509	0
3.6964	0.00120687	1.1023	0.133807	0
3.69576	0.00118129	1.1023	0.133807	0
3.69571	0.0011906	1.1691	0.13961	0
3.69692	0.0011736	1.30271	0.148826	0
3.69648	0.00117914	1.00209	0.130052	0
3.69473	0.00117888	1.03549	0.129711	0
3.69525	0.00121117	1.21921	0.140634	0
3.69525	0.00117478	1.1858	0.138586	0
3.6952	0.00117406	1.01879	0.128687	0
3.6962	0.0011863	1.1023	0.133807	0
3.69486	0.00114886	0.951983	0.124591	0
3.69396	0.00116084	1.05219	0.130735	0
3.69437	0.00115928	1.25261	0.146095	0
3.69455	0.00118272	0.968685	0.125615	0
3.69324	0.00113532	0.91858	0.124591	0
3.69223	0.00114939	0.80167	0.117081	0
3.69416	0.00116918	1.01879	0.133124	0
3.69504	0.00120069	1.28601	0.146095	0
3.69206	0.0011639	0.968685	0.125615	0
3.69238	0.00117673	1.1858	0.140634	0
3.69559	0.00116612	1.1691	0.141658	0
3.69573	0.00117497	1.1524	0.138927	0
3.69433	0.00119385	1.43633	0.155653	0
3.69387	0.00118318	0.885177	0.120153	0
3.69221	0.00112061	1.119	0.138927	0
3.69216	0.00116905	1.1357	0.137903	0
3.69205	0.00121963	0.901879	0.125956	0
3.69212	0.001182	1.31942	0.146095	0
3.69371	0.00119262	1.21921	0.144389	0
3.69297	0.00118252	1.1023	0.137903	0
3.69195	0.00118962	1.40292	0.152239	0
3.69176	0.00115401	0.935282	0.123567	0
3.6922	0.00115765	1.119	0.134831	0
3.69174	0.00117094	0.935282	0.128004	0
3.69182	0.00120199	1.06889	0.133807	0
3.69053	0.00114593	0.851775	0.118105	0
3.69016	0.00115948	1.00209	0.127663	0
3.69138	0.00117204	1.1357	0.135855	0
3.69053	0.0012059	0.851775	0.118105	0
3.69037	0.0011292	0.835073	0.119129	0
3.69087	0.00113754	0.91858	0.122543	0
3.69138	0.00114769	0.885177	0.120153	0
3.68949	0.00114802	1.03549	0.129711	0
3.68927	0.00111338	0.818372	0.120494	0
3.68895	0.00114327	1.1524	0.138927	0
3.68874	0.00115258	0.951983	0.124591	0
3.68881	0.00112608	0.885177	0.120153	0
3.68839	0.00115121	0.818372	0.118105	0
3.68997	0.00113552	1.1023	0.135855	0
3.69049	0.00115323	0.80167	0.114692	0
3.69007	0.00116462	1.08559	0.136879	0
3.69031	0.00118174	0.985386	0.129028	0
3.6901	0.00118526	0.885177	0.120153	0
3.68934	0.00114991	0.885177	0.120153	0
3.6896	0.00116097	1.08559	0.132783	0
3.68855	0.00113122	0.91858	0.122543	0
3.68748	0.00113161	0.751566	0.110937	0
3.68762	0.00114939	0.818372	0.118105	0
3.68758	0.0011223	0.91858	0.124591	0
3.6885	0.00114554	0.885177	0.122543	0
3.68863	0.00114424	0.951983	0.124591	0
3.68867	0.00116169	0.885177	0.120153	0
3.68861	0.00115837	0.768267	0.112302	0
3.68819	0.00114515	0.851775	0.118105	0
3.68921	0.0011583	0.868476	0.119129	0
3.68863	0.00116	0.751566	0.110937	0
3.68702	0.00110921	0.734864	0.109913	0
3.68832	0.00114952	0.851775	0.118105	0
3.6887	0.00113363	0.968685	0.128004	0
3.68642	0.00110557	0.668058	0.104793	0
3.68494	0.00110114	0.868476	0.119129	0
3.68697	0.00113265	0.91858	0.122543	0
3.68695	0.00118363	0.80167	0.114692	0
3.68732	0.00118148	0.985386	0.129028	0
3.6872	0.00115062	0.968685	0.125615	0
3.68589	0.00112054	0.835073	0.119129	0
3.68693	0.00115824	1.00209	0.130052	0
3.68846	0.00112777	0.835073	0.11674	0
3.68603	0.00109522	0.751566	0.110937	0
3.68748	0.00113688	1.01879	0.128687	0
3.68711	0.00116866	0.868476	0.119129	0
3.68539	0.00113187	0.668058	0.104793	0
3.68633	0.00115062	1.03549	0.1321	0
3.68638	0.00112842	0.835073	0.11674	0
3.68569	0.00114528	0.835073	0.11674	0
3.68573	0.00114834	0.784969	0.113326	0
3.68726	0.00117471	0.951983	0.124591	0
3.68794	0.00115804	0.91858	0.124591	0
3.68581	0.00115433	0.784969	0.113326	0
3.68467	0.00113409	0.734864	0.109913	0
3.68598	0.00109476	0.818372	0.115716	0
3.68687	0.00113402	0.951983	0.12698	0
3.68733	0.00113474	0.751566	0.110937	0
3.68729	0.00113715	0.91858	0.122543	0
3.68779	0.00114769	1.119	0.134831	0
3.68634	0.00116351	0.851775	0.118105	0
3.68503	0.00111696	0.668058	0.104793	0
3.68504	0.00109984	0.701461	0.109913	0
3.68434	0.00110153	0.601253	0.0993311	0
3.68435	0.00114489	0.784969	0.115716	0
3.68436	0.00114235	0.601253	0.0993311	0
3.68433	0.00112211	0.751566	0.113326	0
3.68389	0.00113591	0.651357	0.103427	0
3.68412	0.00115863	0.701461	0.107182	0
3.68499	0.00112621	0.734864	0.109913	0
3.68488	0.00113649	0.484342	0.0894322	0
3.68514	0.00112354	0.68476	0.111278	0
3.68531	0.00112608	0.818372	0.115716	0
3.68676	0.00113519	0.768267	0.114692	0
3.68577	0.00112985	0.80167	0.114692	0
3.68401	0.00110511	0.818372	0.115716	0
3.68458	0.00109287	0.768267	0.112302	0
3.68422	0.00112041	0.668058	0.104793	0
3.68267	0.00110446	0.584551	0.0979658	0
3.68299	0.00110069	0.768267	0.112302	0
3.68408	0.00110928	0.718163	0.108547	0
3.68347	0.00112803	0.634656	0.102062	0
3.68494	0.0011447	1.03549	0.134148	0
3.68418	0.00112705	0.80167	0.114692	0
3.68374	0.00111488	0.818372	0.115716	0
3.68498	0.00113298	0.751566	0.116057	0
3.68528	0.001135	0.68476	0.111278	0
3.68451	0.0010999	0.768267	0.112302	0
3.68446	0.00109932	0.734864	0.109913	0
3.68405	0.00111618	0.601253	0.0993311	0
3.68344	0.00114626	0.784969	0.113326	0
3.68362	0.00112276	0.901879	0.121518	0
3.6822	0.00109125	0.501044	0.0907975	0
3.68287	0.00111872	0.718163	0.108547	0
3.68288	0.00109938	0.617954	0.100697	0
3.68184	0.00109072	0.56785	0.0996725	0
3.6823	0.00109854	0.617954	0.100697	0
3.68268	0.00110316	0.651357	0.103427	0
3.68354	0.00110355	0.751566	0.110937	0
3.68366	0.00111794	0.701461	0.107182	0
3.68405	0.00110967	0.818372	0.115716	0
3.68349	0.0011055	0.534447	0.0938696	0
3.68273	0.0010749	0.668058	0.104793	0
3.68332	0.00110134	0.784969	0.120494	0
3.68318	0.00109815	0.501044	0.0907975	0
3.68191	0.00113031	0.80167	0.114692	0
3.68253	0.00110921	0.634656	0.102062	0
3.68348	0.00112113	0.634656	0.102062	0
3.68408	0.0011113	0.80167	0.114692	0
3.68282	0.00113916	0.868476	0.119129	0
3.68197	0.00111879	0.551148	0.095235	0
3.68233	0.00110863	0.651357	0.106158	0
3.68168	0.00108115	0.584551	0.0979658	0
3.68182	0.0010641	0.517745	0.0925043	0
3.68181	0.00106729	0.400835	0.0815812	0
3.68188	0.00108877	0.68476	0.106158	0
3.68197	0.00110993	0.634656	0.102062	0
3.6818	0.00111599	0.80167	0.11947	0
3.68108	0.0010807	0.434238	0.0846533	0
3.68204	0.00108473	0.601253	0.0993311	0
3.68129	0.00109645	0.701461	0.107182	0
3.68093	0.00111781	0.68476	0.108547	0
3.68126	0.00107842	0.601253	0.102403	0
3.68198	0.00112679	0.718163	0.108547	0
3.68187	0.0011167	0.517745	0.0925043	0
3.68057	0.00111039	0.584551	0.0979658	0
3.68177	0.00108447	0.634656	0.104793	0
3.68198	0.00108988	0.434238	0.0846533	0
3.68117	0.00110336	0.584551	0.101038	0
3.68198	0.00110687	0.651357	0.103427	0
3.68258	0.00113604	0.734864	0.109913	0
3.68178	0.00115772	0.751566	0.116057	0
3.68133	0.00111546	0.56785	0.0966004	0
3.6818	0.00109522	0.56785	0.0966004	0
3.6836	0.00108317	0.768267	0.112302	0
3.68182	0.00110681	0.734864	0.109913	0
3.68098	0.00111898	0.551148	0.095235	0
3.6817	0.00110778	0.734864	0.109913	0
3.68077	0.00105908	0.384134	0.0798745	0
3.67937	0.00108317	0.400835	0.0815812	0
3.68028	0.00109437	0.718163	0.110937	0
3.68091	0.00108148	0.484342	0.0894322	0
3.68088	0.00111592	0.634656	0.102062	0
3.68236	0.00110121	0.751566	0.110937	0
3.68126	0.00110908	0.417537	0.0829466	0
3.68115	0.00108369	0.734864	0.109913	0
3.68198	0.00110661	0.601253	0.0993311	0
3.67952	0.00107399	0.534447	0.0938696	0
3.68063	0.0011113	0.617954	0.103427	0
3.6821	0.0010822	0.718163	0.108547	0
3.68118	0.00109782	0.634656	0.102062	0
3.68087	0.00112582	0.584551	0.0979658	0
3.68175	0.00113057	0.768267	0.114692	0
3.6813	0.00110114	0.484342	0.0894322	0
3.68019	0.00108089	0.501044	0.0938696	0
3.68143	0.00107425	0.601253	0.0993311	0
3.68205	0.00109684	0.601253	0.0993311	0
3.68092	0.00110277	0.68476	0.106158	0
3.6824	0.0010932	0.634656	0.102062	0
3.68196	0.00108122	0.584551	0.0979658	0
3.67981	0.00107627	0.517745	0.0925043	0
3.68009	0.00109743	0.634656	0.102062	0
3.68208	0.00108148	0.534447	0.0938696	0
3.68063	0.0010822	0.501044	0.0907975	0
3.68027	0.00109496	0.601253	0.0993311	0
3.67994	0.00108486	0.450939	0.0863601	0
3.68074	0.00107894	0.617954	0.103427	0
3.6804	0.00107223	0.517745	0.0983071	0
3.68123	0.0010792	0.551148	0.095235	0
3.68199	0.00110811	0.551148	0.095235	0
3.68116	0.00110166	0.584551	0.0979658	0
3.68073	0.00105648	0.517745	0.0925043	0
3.68074	0.00108291	0.68476	0.106158	0
3.68001	0.0010805	0.434238	0.0846533	0
3.67993	0.00106371	0.501044	0.0907975	0
3.68122	0.00110127	0.668058	0.104793	0
3.68132	0.00110987	0.751566	0.110937	0
3.68034	0.00111644	0.818372	0.118105	0
3.68138	0.00111156	0.601253	0.0993311	0
3.68043	0.00108154	0.634656	0.104793	0
3.68035	0.00108584	0.517745	0.0925043	0
3.68031	0.00109027	0.417537	0.0829466	0
3.68008	0.00107236	0.450939	0.0863601	0
3.68047	0.00108571	0.617954	0.100697	0
3.68121	0.00108148	0.56785	0.0966004	0
3.68118	0.00108988	0.434238	0.0846533	0
3.68077	0.00109053	0.417537	0.0829466	0
3.67962	0.00104281	0.334029	0.074413	0
3.67941	0.00107575	0.56785	0.0966004	0
3.68099	0.00107074	0.384134	0.0798745	0
3.6803	0.00106716	0.417537	0.0829466	0
3.68014	0.00106605	0.517745	0.095235	0
3.67943	0.00107888	0.283925	0.0686102	0
3.67939	0.0011003	0.434238	0.0846533	0
3.68098	0.00107712	0.417537	0.0829466	0
3.68102	0.00106826	0.534447	0.0938696	0
3.68086	0.00107712	0.484342	0.0894322	0
3.68107	0.00106078	0.551148	0.0983071	0
3.68081	0.00108513	0.517745	0.0925043	0
3.6799	0.00105837	0.367432	0.0778265	0
3.68067	0.00108955	0.517745	0.0925043	0
3.68083	0.00108649	0.668058	0.104793	0
3.67982	0.00107608	0.651357	0.103427	0
3.68049	0.00108493	0.56785	0.0966004	0
3.68087	0.00110537	0.517745	0.0925043	0
3.68038	0.00108988	0.501044	0.0907975	0
3.67953	0.00107621	0.467641	0.0911389	0
3.68056	0.00108018	0.417537	0.0829466	0
3.68119	0.00107529	0.56785	0.0966004	0
3.6803	0.0010876	0.467641	0.0911389	0
3.68071	0.00108604	0.517745	0.0925043	0
3.67988	0.00107738	0.417537	0.0829466	0
3.6802	0.00106221	0.551148	0.095235	0
3.68069	0.0010751	0.601253	0.102403	0
3.68079	0.00105798	0.434238	0.0846533	0
3.68017	0.00105635	0.601253	0.0993311	0
3.68022	0.00106058	0.317328	0.0723649	0
3.68067	0.00108298	0.467641	0.0877254	0
3.68013	0.00108486	0.501044	0.0907975	0
3.67949	0.0010971	0.450939	0.0863601	0
3.68003	0.00111651	0.534447	0.0938696	0
3.68223	0.00108799	0.634656	0.102062	0
3.68159	0.00108701	0.634656	0.102062	0
3.68081	0.00109769	0.534447	0.0938696	0
3.6813	0.00105746	0.434238	0.0846533	0
3.68106	0.00108708	0.501044	0.0907975	0
3.68133	0.00106716	0.367432	0.0778265	0
3.68079	0.00106084	0.384134	0.0798745	0
3.68145	0.00109404	0.668058	0.107523	0
3.68258	0.0011072	0.450939	0.0863601	0
3.68071	0.0010693	0.501044	0.0907975	0
3.67992	0.00106384	0.467641	0.0877254	0
3.68137	0.00108877	0.551148	0.095235	0
3.68147	0.00110583	0.517745	0.0925043	0
3.68082	0.00108539	0.350731	0.0761197	0
3.68055	0.00110479	0.384134	0.0798745	0
3.68005	0.00108558	0.601253	0.0993311	0
3.68118	0.00106852	0.450939	0.0863601	0
3.68013	0.0010749	0.551148	0.095235	0
3.68028	0.00108786	0.434238	0.0846533	0
3.68138	0.00106397	0.484342	0.0894322	0
3.6811	0.00107354	0.484342	0.0894322	0
3.68143	0.00108994	0.501044	0.0907975	0
3.68109	0.00109828	0.501044	0.0907975	0
3.67987	0.00106266	0.334029	0.074413	0
3.6805	0.00106058	0.384134	0.0798745	0
3.68109	0.00106423	0.417537	0.0829466	0
3.68093	0.00104782	0.367432	0.0778265	0
3.68121	0.00105687	0.484342	0.0894322	0
3.68082	0.00104593	0.367432	0.0778265	0
3.68162	0.00106891	0.467641	0.0877254	0
3.68069	0.00105114	0.350731	0.0761197	0
3.68143	0.0010613	0.501044	0.0907975	0
3.68248	0.00107744	0.56785	0.0966004	0
3.68099	0.00106403	0.350731	0.0761197	0
3.68083	0.00104691	0.367432	0.0778265	0
3.68199	0.0010708	0.551148	0.095235	0
3.68135	0.00109756	0.534447	0.0938696	0
3.68068	0.0010738	0.367432	0.0778265	0
3.68038	0.00106345	0.434238	0.0880668	0
3.68102	0.00107979	0.400835	0.0815812	0
3.68063	0.00106813	0.56785	0.0966004	0
3.68144	0.00105101	0.551148	0.095235	0
3.68101	0.00105973	0.417537	0.0829466	0
3.68095	0.00104925	0.517745	0.0925043	0
3.68183	0.0010833	0.501044	0.0907975	0
3.68107	0.00107243	0.334029	0.074413	0
3.68021	0.00108265	0.467641	0.0877254	0
3.68211	0.00106507	0.467641	0.0877254	0
3.68147	0.00107204	0.56785	0.0966004	0
3.68049	0.00106859	0.350731	0.0761197	0
3.68073	0.00109704	0.484342	0.0925043	0
3.6815	0.00109847	0.484342	0.0894322	0
3.68111	0.00106859	0.517745	0.0925043	0
3.68063	0.00107399	0.350731	0.0761197	0
3.67988	0.00106305	0.317328	0.0723649	0
3.68114	0.00107432	0.367432	0.0778265	0
3.68157	0.00107217	0.434238	0.0880668	0
3.68165	0.00107914	0.467641	0.0938696	0
3.68152	0.00105505	0.501044	0.0907975	0
3.68088	0.00106286	0.317328	0.0723649	0
3.68147	0.00108154	0.350731	0.0761197	0
3.68097	0.00106052	0.350731	0.0761197	0
3.68155	0.00106781	0.551148	0.095235	0
3.68248	0.0010613	0.300626	0.0706582	0
3.68253	0.00107705	0.517745	0.0925043	0
3.68131	0.00104977	0.484342	0.0894322	0
3.68112	0.00106533	0.400835	0.0815812	0
3.68172	0.00105772	0.300626	0.0706582	0
3.68158	0.00105993	0.384134	0.0798745	0
3.68221	0.00105746	0.501044	0.0907975	0
3.68139	0.00106494	0.283925	0.0686102	0
3.68194	0.00109183	0.551148	0.095235	0
3.68224	0.00107803	0.384134	0.083288	0
3.68171	0.00105973	0.317328	0.0723649	0
3.68221	0.00105804	0.334029	0.074413	0
3.68092	0.00102731	0.317328	0.0723649	0
3.682	0.00105225	0.484342	0.0894322	0
3.68202	0.00105674	0.350731	0.0761197	0
3.68143	0.00105505	0.384134	0.0798745	0
3.68166	0.00104639	0.517745	0.0925043	0
3.68203	0.00104945	0.367432	0.0778265	0
3.68165	0.00106305	0.400835	0.0815812	0
3.68209	0.00106442	0.417537	0.0829466	0
3.68174	0.00105928	0.167015	0.052567	0
3.68249	0.00107289	0.434238	0.0846533	0
3.6841	0.0010665	0.517745	0.0925043	0
3.68244	0.0010639	0.250522	0.064514	0
3.68216	0.00104046	0.467641	0.0877254	0
3.68333	0.00106117	0.450939	0.0863601	0
3.68199	0.00106624	0.367432	0.0778265	0
3.68115	0.00108688	0.484342	0.0894322	0
3.68193	0.00106416	0.317328	0.0723649	0
3.68105	0.00105036	0.367432	0.0778265	0
3.68226	0.00106494	0.384134	0.0798745	0
3.68266	0.00103936	0.200418	0.0576872	0
3.68272	0.00107542	0.534447	0.0938696	0
3.68242	0.00107848	0.334029	0.074413	0
3.68289	0.00108649	0.56785	0.0996725	0
3.68239	0.00105394	0.350731	0.0761197	0
3.68078	0.00106384	0.367432	0.0778265	0
3.68122	0.00106566	0.300626	0.0706582	0
3.68328	0.00109027	0.501044	0.0938696	0
3.68232	0.00107666	0.367432	0.0778265	0
3.68196	0.00108994	0.484342	0.0894322	0
3.68277	0.00107093	0.334029	0.074413	0
3.68253	0.00105993	0.450939	0.0863601	0
3.68259	0.00106266	0.434238	0.0880668	0
3.68304	0.00103193	0.267223	0.0665621	0
3.68275	0.0010749	0.450939	0.0863601	0
3.6825	0.00106384	0.23382	0.062466	0
3.68189	0.00102249	0.200418	0.0576872	0
3.68178	0.00103193	0.350731	0.0761197	0
3.68288	0.00104535	0.350731	0.0761197	0
3.68329	0.0010264	0.400835	0.0815812	0
3.68292	0.00107803	0.467641	0.0911389	0
3.68314	0.00107712	0.317328	0.0723649	0
3.68247	0.00104124	0.283925	0.0686102	0
3.68211	0.00104535	0.23382	0.062466	0
3.68181	0.00105752	0.350731	0.0761197	0
3.68316	0.00106598	0.450939	0.0894322	0
3.68186	0.00102367	0.267223	0.0665621	0
3.68127	0.00102751	0.334029	0.074413	0
3.68257	0.00107933	0.400835	0.0815812	0
3.68211	0.00105238	0.300626	0.0706582	0
3.68113	0.00104535	0.250522	0.064514	0
3.68161	0.00104059	0.150313	0.0501776	0
3.68351	0.00107035	0.400835	0.0846533	0
3.68393	0.00108376	0.417537	0.0829466	0
3.68309	0.001057	0.317328	0.0723649	0
3.68287	0.00103623	0.283925	0.0686102	0
3.68388	0.00103493	0.417537	0.0829466	0
3.68306	0.00105733	0.417537	0.0829466	0
3.6822	0.00103031	0.283925	0.0686102	0
3.68317	0.00106664	0.367432	0.0778265	0
3.68375	0.00105218	0.283925	0.0686102	0
3.68409	0.00103018	0.467641	0.0877254	0
3.68349	0.00103499	0.23382	0.062466	0
3.68247	0.0010417	0.334029	0.074413	0
3.68343	0.00105413	0.400835	0.0815812	0
3.68339	0.00101885	0.300626	0.0706582	0
3.68456	0.00104951	0.417537	0.0829466	0
3.68444	0.00104984	0.267223	0.0665621	0
3.68383	0.00103219	0.250522	0.064514	0
3.68413	0.00106169	0.283925	0.0686102	0
3.68529	0.00107621	0.400835	0.0815812	0
3.68397	0.00104502	0.183716	0.0552977	0
3.68296	0.00103584	0.250522	0.064514	0
3.68334	0.00104841	0.267223	0.0665621	0
3.68477	0.00103792	0.23382	0.0665621	0
3.68427	0.00105511	0.384134	0.0798745	0
3.68279	0.00107888	0.250522	0.064514	0
3.68362	0.00103382	0.317328	0.0761197	0
3.68351	0.00102217	0.217119	0.0600766	0
3.68461	0.00103324	0.300626	0.0706582	0
3.68447	0.00104808	0.384134	0.0798745	0
3.68467	0.00105869	0.367432	0.0778265	0
3.684	0.00105374	0.317328	0.0723649	0
3.68387	0.00104183	0.283925	0.0686102	0
3.68434	0.00104352	0.23382	0.062466	0
3.68497	0.00103245	0.200418	0.0576872	0
3.68349	0.00102497	0.267223	0.0665621	0
3.68423	0.0010346	0.267223	0.0665621	0
3.68387	0.00104046	0.200418	0.0576872	0
3.68428	0.00104984	0.467641	0.0877254	0
3.6855	0.00105772	0.334029	0.074413	0
3.68555	0.00104697	0.350731	0.0761197	0
3.68516	0.00105739	0.350731	0.0761197	0
3.68448	0.00105505	0.217119	0.0600766	0
3.68508	0.00103506	0.384134	0.0798745	0
3.68628	0.00104163	0.350731	0.0761197	0
3.68555	0.00105205	0.23382	0.062466	0
3.68477	0.001057	0.417537	0.0863601	0
3.68552	0.00105837	0.350731	0.0761197	0
3.68461	0.00103994	0.283925	0.0686102	0
3.68463	0.00102034	0.300626	0.074413	0
3.68559	0.00103382	0.23382	0.062466	0
3.68638	0.00106162	0.467641	0.0877254	0
3.68499	0.00106566	0.283925	0.0686102	0
3.68449	0.00105277	0.317328	0.0723649	0
3.68595	0.00102653	0.367432	0.0778265	0
3.68626	0.00104502	0.367432	0.0778265	0
3.68585	0.00104489	0.417537	0.0829466	0
3.68559	0.0010402	0.300626	0.0706582	0
3.68585	0.00101116	0.133612	0.0471055	0
3.68535	0.00102679	0.450939	0.0863601	0
3.68684	0.00104867	0.317328	0.0723649	0
3.68525	0.00104671	0.283925	0.0686102	0
3.68548	0.0010221	0.183716	0.0552977	0
3.68606	0.00101566	0.167015	0.052567	0
3.68453	0.00104424	0.350731	0.0761197	0
3.68509	0.0010626	0.200418	0.0576872	0
3.68683	0.00106553	0.450939	0.0863601	0
3.68649	0.00104821	0.267223	0.0665621	0
3.685	0.00106253	0.384134	0.0798745	0
3.68554	0.00103219	0.167015	0.052567	0
3.68578	0.00103128	0.317328	0.0723649	0
3.68694	0.00105055	0.467641	0.0877254	0
3.68636	0.00105413	0.217119	0.0600766	0
3.68538	0.00102445	0.150313	0.0501776	0
3.68591	0.00101455	0.250522	0.064514	0
3.68642	0.00103258	0.267223	0.0665621	0
3.68669	0.00102646	0.384134	0.0798745	0
3.68709	0.00104769	0.400835	0.0815812	0
3.68617	0.00103337	0.317328	0.0723649	0
3.68617	0.00104932	0.217119	0.0600766	0
3.68609	0.0010057	0.167015	0.052567	0
3.68567	0.00102282	0.167015	0.052567	0
3.68711	0.00105134	0.450939	0.0863601	0
3.68762	0.00103538	0.283925	0.0686102	0
3.6856	0.00101312	0.267223	0.0665621	0
3.68631	0.00102588	0.183716	0.0552977	0
3.68718	0.0010488	0.283925	0.0686102	0
3.68621	0.00105785	0.283925	0.0686102	0
3.68702	0.00105121	0.250522	0.064514	0
3.687	0.00103662	0.23382	0.062466	0
3.68686	0.00104964	0.300626	0.0706582	0
3.68678	0.00104548	0.283925	0.0686102	0
3.68767	0.00105726	0.283925	0.0686102	0
3.68669	0.00105212	0.501044	0.0907975	0
3.68735	0.00103779	0.334029	0.0781678	0
3.68671	0.00102445	0.217119	0.0600766	0
3.68734	0.00103838	0.167015	0.052567	0
3.6874	0.00103512	0.267223	0.0665621	0
3.68775	0.00103955	0.300626	0.0706582	0
3.68716	0.00103923	0.200418	0.0576872	0
3.68758	0.00102751	0.267223	0.0665621	0
3.68785	0.00101006	0.283925	0.0686102	0
3.68949	0.00101969	0.300626	0.0706582	0
3.68862	0.00102542	0.350731	0.0761197	0
3.68717	0.00103929	0.167015	0.052567	0
3.68777	0.00103962	0.133612	0.0471055	0
3.68801	0.00101624	0.283925	0.0686102	0
3.68798	0.00102334	0.250522	0.064514	0
3.68815	0.00101872	0.133612	0.0471055	0
3.68875	0.00103949	0.317328	0.0723649	0
3.68827	0.00105303	0.300626	0.0706582	0
3.68848	0.00103955	0.334029	0.074413	0
3.68808	0.00100941	0.0668058	0.0334517	0
3.68729	0.00103226	0.167015	0.052567	0
3.68864	0.00104476	0.317328	0.0723649	0
3.68983	0.00104268	0.250522	0.064514	0
3.68933	0.0010443	0.367432	0.0778265	0
3.68805	0.00103968	0.167015	0.052567	0
3.68715	0.00101898	0.183716	0.0552977	0
3.68803	0.00102575	0.300626	0.0706582	0
3.6899	0.00106318	0.334029	0.074413	0
3.68889	0.00104945	0.250522	0.064514	0
3.68933	0.0010387	0.384134	0.0798745	0
3.68921	0.001068	0.23382	0.062466	0
3.6888	0.00104255	0.23382	0.062466	0
3.68914	0.00102933	0.267223	0.0665621	0
3.68842	0.00103024	0.167015	0.052567	0
3.68885	0.00103011	0.300626	0.0706582	0
3.68926	0.00102126	0.283925	0.0686102	0
3.68862	0.00102184	0.267223	0.0665621	0
3.68841	0.00101735	0.267223	0.0665621	0
3.68977	0.00103467	0.250522	0.064514	0
3.68896	0.00102353	0.250522	0.064514	0
3.68929	0.00103988	0.23382	0.062466	0
3.69001	0.00105322	0.267223	0.0665621	0
3.68997	0.00102536	0.267223	0.0665621	0
3.68982	0.00102067	0.167015	0.052567	0
3.68961	0.00102113	0.334029	0.074413	0
3.68947	0.00101136	0.267223	0.0665621	0
3.68916	0.00103473	0.250522	0.064514	0
3.69043	0.0010376	0.367432	0.0778265	0
3.69019	0.00101735	0.167015	0.052567	0
3.68924	0.0010376	0.267223	0.0665621	0
3.68953	0.00103714	0.267223	0.0665621	0
3.69065	0.00104372	0.200418	0.0576872	0
3.68999	0.00103141	0.267223	0.0665621	0
3.6898	0.00104971	0.334029	0.074413	0
3.69061	0.0010613	0.23382	0.062466	0
3.69039	0.00103825	0.283925	0.0686102	0
3.69086	0.00101357	0.283925	0.0686102	0
3.6898	0.00104404	0.200418	0.0576872	0
3.69061	0.00102412	0.217119	0.0600766	0
3.68958	0.0010249	0.100209	0.0409613	0
3.69011	0.00103193	0.167015	0.052567	0
3.6909	0.0010488	0.317328	0.0723649	0
3.6912	0.00101722	0.133612	0.0471055	0
3.69049	0.000999836	0.167015	0.052567	0
3.69106	0.00102529	0.23382	0.062466	0
3.69064	0.00103421	0.167015	0.052567	0
3.6916	0.00102907	0.267223	0.0665621	0
3.69258	0.0010154	0.200418	0.0576872	0
3.69201	0.00102367	0.384134	0.0798745	0
3.6923	0.00104183	0.267223	0.0665621	0
3.69132	0.00102699	0.183716	0.0552977	0
3.69112	0.00103714	0.267223	0.0665621	0
3.6916	0.0010348	0.23382	0.062466	0
3.69136	0.00103519	0.200418	0.0576872	0
3.69064	0.00099606	0.133612	0.0471055	0
3.69255	0.00101976	0.367432	0.0778265	0
3.69243	0.00105941	0.384134	0.0798745	0
3.69025	0.00104502	0.23382	0.062466	0
3.69024	0.00102874	0.250522	0.064514	0
3.69198	0.00102614	0.267223	0.0665621	0
3.69113	0.00102744	0.150313	0.0501776	0
3.69094	0.00102497	0.250522	0.064514	0
3.69189	0.00103571	0.400835	0.0815812	0
3.69169	0.00102725	0.250522	0.064514	0
3.69265	0.00105036	0.417537	0.0829466	0
3.69279	0.00105947	0.283925	0.0686102	0
3.69248	0.00105713	0.283925	0.0686102	0
3.69363	0.00102809	0.300626	0.0706582	0
3.69341	0.00100804	0.283925	0.0686102	0
3.69309	0.00100902	0.250522	0.064514	0
3.6931	0.00101488	0.283925	0.0686102	0
3.69288	0.00101807	0.217119	0.0600766	0
3.69306	0.00103766	0.283925	0.0686102	0
3.69323	0.00101429	0.23382	0.062466	0
3.69348	0.00100413	0.23382	0.062466	0
3.69363	0.00101247	0.217119	0.0600766	0
3.69314	0.00101045	0.167015	0.052567	0
3.69304	0.00102581	0.11691	0.0440334	0
3.69257	0.00102119	0.250522	0.064514	0
3.6932	0.00101995	0.334029	0.074413	0
3.69286	0.0010264	0.183716	0.0552977	0
3.69239	0.00102139	0.11691	0.0440334	0
3.69284	0.00101475	0.183716	0.0552977	0
3.69348	0.00102451	0.183716	0.0552977	0
3.69337	0.00100394	0.267223	0.0665621	0
3.69291	0.00102822	0.317328	0.0723649	0
3.6934	0.00103226	0.300626	0.0706582	0
3.69364	0.00104587	0.183716	0.0552977	0
3.69341	0.00104697	0.217119	0.0600766	0
3.69388	0.00103037	0.23382	0.062466	0
3.69332	0.00101865	0.100209	0.0409613	0
3.69322	0.00100504	0.183716	0.0552977	0
3.69457	0.0010279	0.367432	0.0778265	0
3.69344	0.00103226	0.200418	0.0576872	0
3.69311	0.00099886	0.167015	0.052567	0
3.69407	0.00101579	0.200418	0.0576872	0
3.69451	0.001021	0.283925	0.0686102	0
3.69456	0.00102464	0.317328	0.0723649	0
3.69522	0.00102093	0.317328	0.0723649	0
3.69519	0.00103408	0.217119	0.0600766	0
3.69497	0.00102673	0.133612	0.0471055	0
3.69421	0.00100531	0.133612	0.0471055	0
3.69468	0.00102549	0.267223	0.0665621	0
3.69551	0.00103799	0.317328	0.0723649	0
3.69481	0.00103343	0.267223	0.0665621	0
3.69415	0.00104183	0.200418	0.062466	0
3.69473	0.00104548	0.167015	0.052567	0
3.69534	0.001046	0.300626	0.0706582	0
3.69624	0.00100882	0.23382	0.062466	0
3.69579	0.00101501	0.183716	0.0552977	0
3.6952	0.00101435	0.217119	0.0600766	0
3.69486	0.00100895	0.183716	0.0552977	0
3.69512	0.000990852	0.250522	0.064514	0
3.69554	0.00101019	0.183716	0.0552977	0
3.69509	0.00103167	0.167015	0.052567	0
3.69548	0.00101963	0.300626	0.0706582	0
3.69592	0.00104079	0.350731	0.0761197	0
3.69535	0.00102399	0.183716	0.0552977	0
3.69423	0.00101592	0.11691	0.0440334	0
3.69508	0.00100889	0.183716	0.0552977	0
3.69593	0.000993716	0.200418	0.0576872	0
3.69638	0.00100153	0.200418	0.0576872	0
3.69544	0.00101507	0.200418	0.0576872	0
3.69514	0.00105003	0.300626	0.0706582	0
3.69541	0.00101533	0.317328	0.0723649	0
3.69563	0.000994172	0.217119	0.0600766	0
3.69592	0.00103962	0.183716	0.0552977	0
3.69536	0.00101592	0.150313	0.0501776	0
3.69575	0.00101045	0.133612	0.0471055	0
3.69614	0.00100706	0.133612	0.0471055	0
3.69706	0.00101533	0.250522	0.064514	0
3.69773	0.00103206	0.217119	0.0600766	0
3.69638	0.00101006	0.183716	0.0552977	0
3.69608	0.00101006	0.183716	0.0552977	0
3.69736	0.00102314	0.23382	0.062466	0
3.69833	0.00104157	0.23382	0.062466	0
3.69795	0.00103753	0.23382	0.062466	0
3.69705	0.00103382	0.133612	0.0471055	0
3.69744	0.00102907	0.283925	0.0686102	0
3.69681	0.00101741	0.23382	0.062466	0
3.69733	0.00103135	0.183716	0.0552977	0
3.69713	0.0010221	0.167015	0.052567	0
3.69723	0.00103031	0.200418	0.0576872	0
3.69741	0.0010501	0.217119	0.064514	0
3.69694	0.001032	0.200418	0.0576872	0
3.69777	0.00101273	0.167015	0.052567	0
3.69777	0.00104222	0.317328	0.0723649	0
3.6971	0.00103278	0.183716	0.0552977	0
3.69815	0.00100309	0.217119	0.0600766	0
3.69848	0.00101403	0.217119	0.0600766	0
3.69736	0.0010083	0.150313	0.0501776	0
3.69693	0.000994823	0.200418	0.0576872	0
3.69748	0.00101514	0.217119	0.0600766	0
3.6978	0.00100068	0.183716	0.0552977	0
3.69815	0.000996581	0.283925	0.0686102	0
3.69675	0.00100127	0.133612	0.0471055	0
3.69738	0.000993521	0.11691	0.0440334	0
3.69925	0.00102061	0.23382	0.062466	0
3.69909	0.00100895	0.217119	0.0600766	0
3.69849	0.00103031	0.217119	0.0600766	0
3.69829	0.00101735	0.167015	0.052567	0
3.69909	0.00103063	0.267223	0.0665621	0
3.69936	0.00100869	0.11691	0.0440334	0
3.69901	0.00102432	0.167015	0.052567	0
3.69944	0.00101781	0.300626	0.0706582	0
3.7003	0.00103024	0.267223	0.0665621	0
3.70005	0.00102353	0.150313	0.0501776	0
3.69939	0.00104411	0.183716	0.0552977	0
3.69915	0.00103571	0.200418	0.0576872	0
3.69916	0.00100739	0.183716	0.0552977	0
3.69968	0.0010111	0.183716	0.0552977	0
3.69965	0.00100693	0.267223	0.0665621	0
3.69913	0.000999771	0.300626	0.0706582	0
3.69997	0.00103278	0.23382	0.062466	0
3.69945	0.00102516	0.133612	0.0471055	0
3.69871	0.00101728	0.267223	0.0665621	0
3.69831	0.0010083	0.0501044	0.0290142	0
3.6987	0.000992349	0.150313	0.0501776	0
3.69991	0.00100088	0.183716	0.0552977	0
3.70046	0.0010333	0.334029	0.074413	0
3.69934	0.000996711	0.11691	0.0440334	0
3.69998	0.00103499	0.200418	0.0576872	0
3.70089	0.00102249	0.150313	0.0501776	0
3.70064	0.000982974	0.23382	0.0665621	0
3.6992	0.000998274	0.167015	0.0576872	0
3.69969	0.00103089	0.100209	0.0409613	0
3.70064	0.00102367	0.283925	0.0686102	0
3.70029	0.00102327	0.183716	0.0552977	0
3.70047	0.00101064	0.23382	0.062466	0
3.70013	0.00101833	0.200418	0.0576872	0
3.70085	0.00101755	0.100209	0.0409613	0
3.70059	0.00101312	0.200418	0.0576872	0
3.70092	0.00100609	0.200418	0.0576872	0
3.70138	0.000998209	0.100209	0.0409613	0
3.70111	0.00100537	0.167015	0.052567	0
3.70128	0.00101904	0.167015	0.052567	0
3.70084	0.00101546	0.133612	0.0471055	0
3.70018	0.00101012	0.217119	0.064514	0
3.70085	0.0010139	0.150313	0.0501776	0
3.70062	0.00102204	0.200418	0.0576872	0
3.7005	0.0010305	0.200418	0.0576872	0
3.70139	0.00101455	0.167015	0.052567	0
3.70144	0.0010001	0.0835073	0.0372065	0
3.70144	0.00100452	0.11691	0.0440334	0
3.70243	0.00101494	0.23382	0.062466	0
3.70238	0.00103467	0.167015	0.052567	0
3.70165	0.00101982	0.183716	0.0552977	0
3.70229	0.00101904	0.217119	0.0600766	0
3.70225	0.0010335	0.150313	0.0501776	0
3.70199	0.00100778	0.167015	0.052567	0
3.70276	0.00101872	0.183716	0.0552977	0
3.70344	0.00102015	0.267223	0.0665621	0
3.70288	0.00102256	0.11691	0.0440334	0
3.70162	0.00100244	0.183716	0.0552977	0
3.70156	0.000991438	0.11691	0.0440334	0
3.7024	0.00099326	0.167015	0.052567	0
3.70317	0.00100934	0.183716	0.0552977	0
3.70333	0.00103369	0.283925	0.0686102	0
3.70305	0.00100068	0.0835073	0.0372065	0
3.70375	0.00100433	0.317328	0.0723649	0
3.70386	0.00101553	0.133612	0.0471055	0
3.70384	0.00103031	0.283925	0.0686102	0
3.70512	0.00101865	0.167015	0.052567	0
3.7038	0.000992544	0.23382	0.062466	0
3.70273	0.00101807	0.133612	0.0471055	0
3.70342	0.000994237	0.0835073	0.0372065	0
3.70318	0.00100517	0.167015	0.052567	0
3.70256	0.00100101	0.0835073	0.0372065	0
3.70319	0.000987075	0.133612	0.0471055	0
3.70374	0.00100915	0.150313	0.0501776	0
3.7041	0.00101129	0.300626	0.0706582	0
3.70394	0.00102516	0.217119	0.0600766	0
3.70306	0.00100856	0.150313	0.0501776	0
3.70342	0.00101396	0.183716	0.0552977	0
3.70384	0.00100042	0.167015	0.052567	0
3.70506	0.00101917	0.150313	0.0501776	0
3.70401	0.00100817	0.183716	0.0552977	0
3.70362	0.00101937	0.167015	0.052567	0
3.70501	0.00102686	0.200418	0.0576872	0
3.70527	0.00104281	0.200418	0.0576872	0
3.70459	0.00103708	0.183716	0.0552977	0
3.70536	0.00102373	0.11691	0.0440334	0
3.70496	0.00102061	0.183716	0.0552977	0
3.70369	0.000995865	0.150313	0.0552977	0
3.70491	0.000982388	0.200418	0.0576872	0
3.70504	0.00101149	0.11691	0.0440334	0
3.70459	0.00101169	0.100209	0.0409613	0
3.70515	0.00100745	0.133612	0.0471055	0
3.70538	0.00099912	0.133612	0.0471055	0
3.705	0.00102061	0.217119	0.0600766	0
3.70491	0.0010473	0.317328	0.0723649	0
3.70525	0.00102679	0.150313	0.0501776	0
3.70397	0.00100791	0.0835073	0.0372065	0
3.70421	0.00100081	0.183716	0.0552977	0
3.7051	0.00100361	0.11691	0.0440334	0
3.70478	0.00102327	0.167015	0.052567	0
3.70522	0.00100465	0.167015	0.052567	0
3.70641	0.000985122	0.133612	0.0471055	0
3.70531	0.00101852	0.183716	0.0552977	0
3.70576	0.001032	0.300626	0.0706582	0
3.70599	0.0010208	0.200418	0.0576872	0
3.7063	0.0010335	0.167015	0.052567	0
3.7074	0.00104196	0.384134	0.0798745	0
3.70665	0.00101214	0.0835073	0.0372065	0
3.70602	0.000997558	0.167015	0.052567	0
3.70613	0.00100316	0.183716	0.0552977	0
3.70683	0.00103532	0.183716	0.0552977	0
3.70632	0.00101097	0.133612	0.0471055	0
3.70638	0.000994432	0.0835073	0.0372065	0
3.70746	0.00100036	0.167015	0.052567	0
3.70647	0.000999771	0.183716	0.0552977	0
3.70607	0.000992414	0.133612	0.0471055	0
3.70753	0.000983495	0.283925	0.0686102	0
3.70742	0.00101826	0.250522	0.064514	0
3.70669	0.00101149	0.150313	0.0501776	0
3.70688	0.0010083	0.150313	0.0501776	0
3.70674	0.000997362	0.150313	0.0501776	0
3.70898	0.00099632	0.183716	0.0552977	0
3.70896	0.0010042	0.150313	0.0501776	0
3.70758	0.00102803	0.217119	0.0600766	0
3.70692	0.00100719	0.183716	0.0552977	0
3.70741	0.000988898	0.11691	0.0440334	0
3.70745	0.00102646	0.217119	0.0600766	0
3.70767	0.00101325	0.133612	0.0471055	0
3.70721	0.000979328	0.0668058	0.0334517	0
3.70721	0.000999706	0.150313	0.0501776	0
3.70852	0.000994367	0.183716	0.0552977	0
3.70851	0.000997492	0.100209	0.0409613	0
3.70789	0.000992544	0.100209	0.0409613	0
3.70776	0.000963312	0.11691	0.0440334	0
3.70825	0.000987271	0.150313	0.0501776	0
3.70939	0.0010262	0.167015	0.052567	0
3.70865	0.00101553	0.167015	0.052567	0
3.70868	0.00099313	0.100209	0.0409613	0
3.70818	0.00100003	0.11691	0.0440334	0
3.70881	0.00102139	0.133612	0.0471055	0
3.70836	0.00102523	0.23382	0.062466	0
3.70801	0.00101045	0.0668058	0.0334517	0
3.70892	0.000976854	0.133612	0.0471055	0
3.70955	0.00099326	0.183716	0.0552977	0
3.70907	0.00100101	0.150313	0.0501776	0
3.70822	0.00100784	0.167015	0.052567	0
3.70912	0.00101527	0.133612	0.0471055	0
3.70961	0.00100329	0.167015	0.052567	0
3.70974	0.000992544	0.100209	0.0409613	0
3.70946	0.00102158	0.150313	0.0501776	0
3.70854	0.000984146	0.100209	0.0409613	0
3.70811	0.000970669	0.11691	0.0440334	0
3.70978	0.000986945	0.150313	0.0501776	0
3.7099	0.000994172	0.100209	0.0409613	0
3.70982	0.000984992	0.0835073	0.0372065	0
3.70985	0.00097744	0.133612	0.0471055	0
3.70917	0.000968064	0.0501044	0.0290142	0
3.71046	0.000988182	0.183716	0.0552977	0
3.71082	0.000981151	0.100209	0.0409613	0
3.71121	0.00103291	0.23382	0.062466	0
3.71129	0.00102887	0.183716	0.0552977	0
3.71099	0.00099313	0.0835073	0.0372065	0
3.71065	0.000999771	0.217119	0.0600766	0
3.7109	0.00103057	0.167015	0.052567	0
3.71108	0.00100641	0.150313	0.0501776	0
3.71208	0.00101741	0.267223	0.0665621	0
3.71207	0.00102861	0.200418	0.0576872	0
3.71037	0.000987857	0.167015	0.052567	0
3.7109	0.00100381	0.133612	0.0471055	0
3.71123	0.00102972	0.217119	0.0600766	0
3.71192	0.000979653	0.150313	0.0501776	0
3.71234	0.00102659	0.183716	0.0552977	0
3.71172	0.00100999	0.133612	0.0471055	0
3.71127	0.000983104	0.217119	0.0600766	0
3.71096	0.000988378	0.133612	0.0471055	0
3.71116	0.00100094	0.100209	0.0409613	0
3.71163	0.000983169	0.0668058	0.0334517	0
3.71208	0.00098675	0.283925	0.0686102	0
3.71252	0.000994302	0.133612	0.0471055	0
3.71067	0.000990201	0.150313	0.0501776	0
3.71105	0.000985708	0.11691	0.0440334	0
3.71241	0.000977049	0.0501044	0.0290142	0
3.71171	0.000975552	0.0835073	0.0372065	0
3.71243	0.000991633	0.0835073	0.0372065	0
3.71235	0.00101305	0.183716	0.0552977	0
3.71171	0.00099632	0.150313	0.0501776	0
3.71178	0.00101728	0.150313	0.0501776	0
3.71198	0.000996841	0.11691	0.0440334	0
3.71256	0.00099326	0.11691	0.0440334	0
3.71241	0.000993	0.0835073	0.0372065	0
3.71332	0.000987922	0.150313	0.0501776	0
3.71438	0.00101904	0.183716	0.0552977	0
3.71394	0.00102653	0.217119	0.0600766	0
3.71279	0.00100908	0.167015	0.052567	0
3.71319	0.000986424	0.11691	0.0440334	0
3.71419	0.00100602	0.183716	0.0552977	0
3.71352	0.00102191	0.200418	0.0576872	0
3.71363	0.00100198	0.133612	0.0471055	0
3.71441	0.000982974	0.0668058	0.0334517	0
3.71383	0.000984601	0.167015	0.052567	0
3.7134	0.000993391	0.150313	0.0501776	0
3.71459	0.000995865	0.150313	0.0501776	0
3.71374	0.000981346	0.0835073	0.0372065	0
3.7136	0.000985448	0.11691	0.0440334	0
3.71384	0.00100387	0.133612	0.0471055	0
3.71442	0.00101025	0.11691	0.0440334	0
3.71423	0.000997688	0.167015	0.052567	0
3.71355	0.000977505	0.0835073	0.0372065	0
3.71383	0.000994237	0.0668058	0.0334517	0
3.71471	0.000996906	0.150313	0.0501776	0
3.71451	0.000982844	0.200418	0.0576872	0
3.71418	0.000981541	0.183716	0.0552977	0
3.71486	0.000996255	0.100209	0.0409613	0
3.7148	0.00099899	0.150313	0.0501776	0
3.71507	0.00100426	0.200418	0.0576872	0
3.71542	0.000995409	0.100209	0.0409613	0
3.7156	0.00099899	0.11691	0.0440334	0
3.71486	0.000981541	0.150313	0.0501776	0
3.71573	0.000976138	0.133612	0.0471055	0
3.71495	0.000995604	0.11691	0.0440334	0
3.71375	0.00100407	0.150313	0.0501776	0
3.71565	0.00100726	0.0668058	0.0334517	0
3.71558	0.000995669	0.11691	0.0440334	0
3.71527	0.000983429	0.133612	0.0471055	0
3.71544	0.000990266	0.133612	0.0471055	0
3.71545	0.000973012	0.11691	0.0440334	0
3.71576	0.000980304	0.0501044	0.0290142	0
3.71585	0.000997753	0.0835073	0.0372065	0
3.71588	0.000988378	0.11691	0.0440334	0
3.71616	0.000991893	0.200418	0.0576872	0
3.71605	0.00099274	0.11691	0.0440334	0
3.71587	0.000994888	0.150313	0.0501776	0
3.71548	0.000995669	0.0668058	0.0334517	0
3.71643	0.000994107	0.183716	0.0552977	0
3.71655	0.000983039	0.0668058	0.0334517	0
3.71697	0.000992154	0.183716	0.0552977	0
3.71809	0.00100023	0.217119	0.0600766	0
3.71664	0.000995669	0.0835073	0.0372065	0
3.71561	0.00100153	0.133612	0.0471055	0
3.71774	0.00100068	0.217119	0.0600766	0
3.7174	0.000978481	0.183716	0.0552977	0
3.71736	0.00100433	0.300626	0.0706582	0
3.71686	0.000988182	0.133612	0.0471055	0
3.71603	0.000986685	0.0668058	0.0334517	0
3.71706	0.000987271	0.0501044	0.0290142	0
3.71699	0.000979067	0.0835073	0.0372065	0
3.71747	0.000989094	0.11691	0.0440334	0
3.71778	0.00099632	0.133612	0.0471055	0
3.71816	0.000991047	0.100209	0.0409613	0
3.71784	0.00101377	0.100209	0.0409613	0
3.71802	0.00097438	0.100209	0.0409613	0
3.71794	0.00100745	0.100209	0.0409613	0
3.71799	0.00101064	0.150313	0.0501776	0
3.71838	0.0010124	0.167015	0.052567	0
3.7174	0.000996581	0.11691	0.0440334	0
3.71809	0.000993586	0.0668058	0.0334517	0
3.71856	0.000994042	0.367432	0.0778265	0
3.71841	0.00098981	0.167015	0.052567	0
3.71848	0.00101344	0.150313	0.0501776	0
3.71889	0.00100635	0.100209	0.0409613	0
3.71872	0.000999836	0.167015	0.052567	0
3.71883	0.00100791	0.183716	0.0552977	0
3.71926	0.000987075	0.200418	0.0576872	0
3.71918	0.000973794	0.11691	0.0440334	0
3.71887	0.000979002	0.167015	0.052567	0
3.719	0.000984797	0.100209	0.0409613	0
3.71877	0.000980695	0.133612	0.0471055	0
3.719	0.000994563	0.100209	0.0409613	0
3.71855	0.000994888	0.100209	0.0409613	0
3.71962	0.00098382	0.11691	0.0440334	0
3.71944	0.000999511	0.167015	0.052567	0
3.7191	0.000998339	0.200418	0.0576872	0
3.71994	0.00100446	0.133612	0.0471055	0
3.71978	0.00100335	0.150313	0.0501776	0
3.72003	0.00100257	0.100209	0.0409613	0
3.72007	0.00099593	0.100209	0.0409613	0
3.71993	0.000991828	0.167015	0.052567	0
3.71987	0.000984146	0.11691	0.0440334	0
3.71963	0.000994823	0.133612	0.0471055	0
3.71983	0.00100016	0.100209	0.0409613	0
3.72027	0.000970083	0.183716	0.0552977	0
3.71987	0.000988247	0.11691	0.0440334	0
3.72083	0.0010014	0.150313	0.0501776	0
3.7221	0.00100446	0.150313	0.0501776	0
3.72114	0.00100192	0.200418	0.0576872	0
3.72072	0.000993391	0.11691	0.0440334	0
3.72092	0.000963377	0.0835073	0.0372065	0
0	0	0	0	0
0	0	0	0	0
0	0	0	0	0
0	0	0	0	0
0	0	0	0	0
0	0	0	0	0
0	0	0	0	0
0	0	0	0	0
0	0	0	0	0
0	0	0	0	0
0	0	0	0	0
0	0	0	0	0
0	0	0	0	0
0	0	0	0	0
0	0	0	0	0
0	0	0	0	0
0	0	0	0	0
0	0	0	0	0
0	0	0	0	0
0	0	0	0	0
0	0	0	0	0
0	0	0	0	0
0	0	0	0	0
0	0	0	0	0
0	0	0	0	0
0	0	0	0	0
0	0	0	0	0
0	0	0	0	0
0	0	0	0	0
0	0	0	0	0
0	0	0	0	0
0	0	0	0	0
0	0	0	0	0
0	0	0	0	0
0	0	0	0	0
0	0	0	0	0
0	0	0	0	0
0	0	0	0	0
0	0	0	0	0
0	0	0	0	0
0	0	0	0	0
0	0	0	0	0
0	0	0	0	0
0	0	0	0	0
0	0	0	0	0
0	0	0	0	0
0	0	0	0	0
0	0	0	0	0
0	0	0	0	0
0	0	0	0	0
0	0	0	0	0
0	0	0	0	0
0	0	0	0	0
0	0	0	0	0
0	0	0	0	0
0	0	0	0	0
0	0	0	0	0
0	0	0	0	0
0	0	0	0	0
0	0	0	0	0
0	0	0	0	0
0	0	0	0	0
0	0	0	0	0
0	0	0	0	0
0	0	0	0	0
0	0	0	0	0
0	0	0	0	0
0	0	0	0	0
0	0	0	0	0
0	0	0	0	0
0	0	0	0	0
0	0	0	0	0
0	0	0	0	0
0	0	0	0	0
0	0	0	0	0
0	0	0	0	0
0	0	0	0	0
0	0	0	0	0
0	0	0	0	0
0	0	0	0	0
0	0	0	0	0
0	0	0	0	0
0	0	0	0	0
0	0	0	0	0
0	0	0	0	0
0	0	0	0	0
0	0	0	0	0
0	0	0	0	0
0	0	0	0	0
0	0	0	0	0
0	0	0	0	0
0	0	0	0	0
0	0	0	0	0
0	0	0	0	0
0	0	0	0	0
0	0	0	0	0
0	0	0	0	0
0	0	0	0	0
0	0	0	0	0
0	0	0	0	0
0	0	0	0	0
0	0	0	0	0
0	0	0	0	0
0	0	0	0	0
0	0	0	0	0
0	0	0	0	0
0	0	0	0	0
0	0	0	0	0
0	0	0	0	0
0	0	0	0	0
0	0	0	0	0
0	0	0	0	0
0	0	0	0	0
0	0	0	0	0
0	0	0	0	0
0	0	0	0	0
0	0	0	0	0
0	0	0	0	0
0	0	0	0	0
0	0	0	0	0
0	0	0	0	0
0	0	0	0	0
0	0	0	0	0
0	0	0	0	0
0	0	0	0	0
0	0	0	0	0
0	0	0	0	0
0	0	0	0	0
0	0	0	0	0
0	0	0	0	0
0	0	0	0	0
0	0	0	0	0
0	0	0	0	0
0	0	0	0	0
0	0	0	0	0
0	0	0	0	0
0	0	0	0	0
0	0	0	0	0
0	0	0	0	0
0	0	0	0	0
0	0	0	0	0
0	0	0	0	0
0	0	0	0	0
0	0	0	0	0
0	0	0	0	0
0	0	0	0	0
0	0	0	0	0
0	0	0	0	0
0	0	0	0	0
0	0	0	0	0
0	0	0	0	0
0	0	0	0	0
0	0	0	0	0
0	0	0	0	0
0	0	0	0	0
0	0	0	0	0
0	0	0	0	0
0	0	0	0	0
0	0	0	0	0
0	0	0	0	0
0	0	0	0	0
0	0	0	0	0
0	0	0	0	0
0	0	0	0	0
0	0	0	0	0
0	0	0	0	0
0	0	0	0	0
0	0	0	0	0
0	0	0	0	0
0	0	0	0	0
0	0	0	0	0
0	0	0	0	0
0	0	0	0	0
0	0	0	0	0
0	0	0	0	0
0	0	0	0	0
0	0	0	0	0
0	0	0	0	0
0	0	0	0	0
0	0	0	0	0
0	0	0	0	0
0	0	0	0	0
0	0	0	0	0
0	0	0	0	0
0	0	0	0	0
0	0	0	0	0
0	0	0	0	0
0	0	0	0	0
0	0	0	0	0
0	0	0	0	0
0	0	0	0	0
0	0	0	0	0
0	0	0	0	0
0	0	0	0	0
0	0	0	0	0
0	0	0	0	0
0	0	0	0	0
0	0	0	0	0
0	0	0	0	0
0	0	0	0	0
0	0	0	0	0
0	0	0	0	0
0	0	0	0	0
0	0	0	0	0
0	0	0	0	0
0	0	0	0	0
0	0	0	0	0
0	0	0	0	0
0	0	0	0	0
0	0	0	0	0
0	0	0	0	0
0	0	0	0	0
0	0	0	0	0
0	0	0	0	0
0	0	0	0	0
0	0	0	0	0
0	0	0	0	0
0	0	0	0	0
0	0	0	0	0
0	0	0	0	0
0	0	0	0	0
0	0	0	0	0
0	0	0	0	0
0	0	0	0	0
0	0	0	0	0
0	0	0	0	0
0	0	0	0	0
0	0	0	0	0
0	0	0	0	0
0	0	0	0	0
0	0	0	0	0
0	0	0	0	0
0	0	0	0	0
0	0	0	0	0
0	0	0	0	0
0	0	0	0	0
0	0	0	0	0
0	0	0	0	0
0	0	0	0	0
0	0	0	0	0
0	0	0	0	0
0	0	0	0	0
0	0	0	0	0
0	0	0	0	0
0	0	0	0	0
0	0	0	0	0
0	0	0	0	0
0	0	0	0	0
0	0	0	0	0
0	0	0	0	0
0	0	0	0	0
0	0	0	0	0
0	0	0	0	0
0	0	0	0	0
0	0	0	0	0
0	0	0	0	0
0	0	0	0	0
0	0	0	0	0
0	0	0	0	0
0	0	0	0	0
0	0	0	0	0
0	0	0	0	0
0	0	0	0	0
0	0	0	0	0
0	0	0	0	0
0	0	0	0	0
0	0	0	0	0
0	0	0	0	0
0	0	0	0	0
0	0	0	0	0
0	0	0	0	0
0	0	0	0	0
0	0	0	0	0
0	0	0	0	0
0	0	0	0	0
0	0	0	0	0
0	0	0	0	0
0	0	0	0	0
0	0	0	0	0
0	0	0	0	0
0	0	0	0	0
0	0	0	0	0
0	0	0	0	0
0	0	0	0	0
0	0	0	0	0
0	0	0	0	0
0	0	0	0	0
0	0	0	0	0
0	0	0	0	0
0	0	0	0	0
0	0	0	0	0
0	0	0	0	0
0	0	0	0	0
0	0	0	0	0
0	0	0	0	0
0	0	0	0	0
0	0	0	0	0
0	0	0	0	0
0	0	0	0	0
0	0	0	0	0
0	0	0	0	0
0	0	0	0	0
0	0	0	0	0
0	0	0	0	0
0	0	0	0	0
0	0	0	0	0
0	0	0	0	0
0	0	0	0	0
0	0	0	0	0
0	0	0	0	0
0	0	0	0	0
0	0	0	0	0
0	0	0	0	0
0	0	0	0	0
0	0	0	0	0
0	0	0	0	0
0	0	0	0	0
0	0	0	0	0
0	0	0	0	0
0	0	0	0	0
0	0	0	0	0
0	0	0	0	0
0	0	0	0	0
0	0	0	0	0
0	0	0	0	0
0	0	0	0	0
0	0	0	0	0
0	0	0	0	0
0	0	0	0	0
0	0	0	0	0
0	0	0	0	0
0	0	0	0	0
0	0	0	0	0
0	0	0	0	0
0	0	0	0	0
0	0	0	0	0
0	0	0	0	0
0	0	0	0	0
0	0	0	0	0
0	0	0	0	0
0	0	0	0	0
0	0	0	0	0
0	0	0	0	0
0	0	0	0	0
0	0	0	0	0
0	0	0	0	0
0	0	0	0	0
0	0	0	0	0
0	0	0	0	0
0	0	0	0	0
0	0	0	0	0
0	0	0	0	0
0	0	0	0	0
0	0	0	0	0
0	0	0	0	0
0	0	0	0	0
0	0	0	0	0
0	0	0	0	0
0	0	0	0	0
0	0	0	0	0
0	0	0	0	0
0	0	0	0	0
0	0	0	0	0
0	0	0	0	0
0	0	0	0	0
0	0	0	0	0
0	0	0	0	0
0	0	0	0	0
0	0	0	0	0
0	0	0	0	0
0	0	0	0	0
0	0	0	0	0
0	0	0	0	0
0	0	0	0	0
0	0	0	0	0
0	0	0	0	0
0	0	0	0	0
0	0	0	0	0
0	0	0	0	0
0	0	0	0	0
0	0	0	0	0
0	0	0	0	0
0	0	0	0	0
0	0	0	0	0
0	0	0	0	0
0	0	0	0	0
0	0	0	0	0
0	0	0	0	0
0	0	0	0	0
0	0	0	0	0
0	0	0	0	0
0	0	0	0	0
0	0	0	0	0
0	0	0	0	0
0	0	0	0	0
0	0	0	0	0
0	0	0	0	0
0	0	0	0	0
0	0	0	0	0
0	0	0	0	0
