a2610702.050158
Narit-cm 07/01/2026 01:35:02 07/01/2026 02:05:01 0045 0013.384714 0052.542598 00.0 00.0
0002394 0010 0000000 0010 05 0000000 0010 0000000 0010
1 0 1 01600 1 0000 3.75 00000.o 0 0 01 000 16 002394 0.500 BT0
1 2 1 02000 1 0000 3.75 00000.o 0 0 01 000 16 002394 0.500 S2A0
1 1 1 01600 1 0000 3.75 00000.o 0 0 00 000 00 002394 3.1746 BC0
1 3 1 02000 1 0000 3.75 00000.o 0 0 00 000 00 002394 3.1746 S2P0
1 5 0 01600 0 0000 1.00 00000.o 0 0 00 000 00 000000 0.000 OF0
0.000 .o Analog 0 	0.000 .o Analog StErr 0 	0.000 .o Photon Counting 0 	0.000 .o PC StErr 0 	0.000 .o Overflow Info 0 
29.2755	0.171282	177.109	0.87029	0
68.2844	0.395106	196.591	0.887368	0
275.642	2.32023	111.997	1.37101	0
473.378	0.0640179	1.06934	0.133891	0
473.457	0	0	0	0
473.457	0	0.0334169	0.0235675	0
473.457	8.99029E-6	20.3175	0.58748	0
473.457	8.99029E-6	12.0468	0.497308	0
473.457	6.38441E-6	2.82373	0.238066	0
473.457	6.38441E-6	11.3116	0.44061	0
473.457	0	40.2005	0.762016	0
473.457	0	100.134	1.00213	0
473.457	0	156.04	1.00896	0
473.457	8.99029E-6	131.145	1.05849	0
473.457	0	88.5213	0.934503	0
473.457	0	79.4152	0.893857	0
473.457	0	83.0409	0.888051	0
473.457	0	85.5639	0.894882	0
473.457	0	103.542	0.923914	0
473.457	0	115.288	0.933478	0
473.457	6.38441E-6	117.561	0.917083	0
473.457	6.38441E-6	133.584	0.945433	0
473.457	0	156.942	0.914692	0
473.457	0	171.963	0.93382	0
473.457	0	188.12	0.898639	0
473.457	0	197.527	0.887368	0
473.457	0	204.294	0.90103	0
473.457	0	203.843	0.87917	0
473.457	0	203.926	0.88566	0
473.457	0	204.645	0.897273	0
473.457	0	204.11	0.889417	0
473.457	0	202.155	0.872339	0
473.457	0	202.757	0.897956	0
473.468	0.00715568	202.69	0.907178	0
475.294	0.124081	202.74	0.897273	1
491.211	0.23315	202.373	0.883269	1
499.863	0.0331639	202.573	0.895565	1
500	0	202.189	0.905812	1
500	0	200.384	0.890442	1
499.999	0.00101981	201.27	0.883269	1
499.086	0.0891811	202.623	0.876438	1
487.578	0.342915	202.272	0.894882	1
450.083	0.531527	202.139	0.877804	1
403.956	0.546096	200.718	0.87917	1
361.308	0.534219	202.189	0.862434	0
319.787	0.547098	203.459	0.877804	0
279.117	0.551398	202.573	0.897956	0
240.892	0.542553	204.01	0.881903	0
204.174	0.530948	203.626	0.892491	0
169.68	0.506239	203.993	0.874389	0
138.965	0.468532	202.723	0.878487	0
111.847	0.425624	200.084	0.857652	0
88.5646	0.374468	200.618	0.857311	0
69.4381	0.322216	199.766	0.861409	0
53.996	0.272607	198.63	0.865508	0
41.7505	0.222856	195.973	0.865508	0
32.4336	0.179638	196.642	0.864825	0
25.4021	0.145104	194.954	0.864142	0
20.139	0.114121	193.601	0.850479	0
16.3617	0.0893862	193.484	0.852529	0
13.5769	0.0725225	191.395	0.846381	0
11.5654	0.0579356	188.087	0.863117	0
10.1549	0.0463625	186.85	0.856969	0
9.15003	0.0390537	187.101	0.867899	0
8.42795	0.034198	185.781	0.844673	0
7.82797	0.0306167	182.924	0.852187	0
7.35715	0.0271768	180.251	0.855261	0
7.03087	0.0261744	179.733	0.841941	0
6.79744	0.0250459	176.909	0.862776	0
6.63469	0.0240056	175.789	0.8638	0
6.52002	0.0237357	173.534	0.843307	0
6.4605	0.023865	173.083	0.838525	0
6.4446	0.0237293	172.18	0.858677	0
6.45799	0.0266075	170.008	0.858677	0
6.49469	0.0247845	169.591	0.845698	0
6.48182	0.0225624	168.404	0.854237	1
6.43568	0.0224305	166.583	0.859018	0
6.46695	0.0224474	164.511	0.860043	0
6.52269	0.0222033	165.18	0.833743	0
6.544	0.021626	165.564	0.845698	0
6.57934	0.0212835	165.33	0.856969	0
6.62499	0.0218089	163.124	0.857994	0
6.63013	0.0219163	162.038	0.837159	0
6.65271	0.0211747	160.936	0.864142	0
6.68787	0.0210502	160.267	0.841599	0
6.67382	0.0206381	159.482	0.85492	0
6.71986	0.0211396	159.683	0.851504	0
6.77174	0.0203584	158.814	0.861409	0
6.75365	0.0199391	158.045	0.85936	0
6.78178	0.0197882	157.293	0.870631	0
6.82619	0.0197972	156.859	0.867899	0
6.83974	0.0189668	157.36	0.851846	0
6.84133	0.0192657	155.84	0.859018	0
6.85338	0.0191103	153.684	0.849455	0
6.88587	0.0187401	155.088	0.857994	0
6.91583	0.0189256	153.099	0.845356	0
6.92326	0.0191223	152.264	0.839208	0
6.91064	0.0181391	152.832	0.821105	0
6.91391	0.0182171	151.429	0.865166	0
6.91463	0.0188718	151.195	0.815982	0
6.91239	0.0185167	151.195	0.854578	0
6.91802	0.0178556	151.011	0.83306	0
6.89319	0.0182363	148.555	0.864142	0
6.86936	0.0179318	149.49	0.842624	0
6.87751	0.0172664	149.156	0.844331	0
6.87777	0.0175088	146.032	0.825546	0
6.85531	0.0173981	146.85	0.873705	0
6.83691	0.0169703	146.7	0.86585	0
6.81043	0.0164374	145.347	0.825887	0
6.80359	0.0161298	145.263	0.869265	0
6.79981	0.016409	142.69	0.841257	0
6.80684	0.0162915	144.862	0.833402	0
6.83799	0.0163335	142.139	0.825546	0
6.84947	0.0160537	144.194	0.848089	0
6.86363	0.0160557	143.041	0.820764	0
6.88415	0.015871	141.688	0.844331	0
6.88765	0.0158765	141.036	0.855603	0
6.90882	0.0161495	142.857	0.825546	0
6.93652	0.0159941	141.42	0.852529	0
6.9422	0.0158385	141.303	0.861751	0
6.94874	0.0155623	140.301	0.847747	0
6.96754	0.0152818	140.969	0.858335	0
6.97909	0.0148163	139.9	0.842624	0
6.95657	0.0150209	139.549	0.834768	0
6.9634	0.0151208	139.131	0.861409	0
6.9866	0.0148954	138.296	0.85287	0
6.99091	0.0152644	137.544	0.855261	0
7.00735	0.0149148	137.093	0.843307	0
7.02096	0.0151036	139.148	0.845356	0
7.01385	0.0147101	136.825	0.830328	0
6.99919	0.0146159	137.327	0.846722	0
6.99825	0.0147626	136.09	0.829303	0
7.00917	0.0147156	134.102	0.848089	0
6.99003	0.0148374	134.336	0.845698	0
6.98175	0.0147426	135.505	0.836134	0
7.00091	0.0141801	134.486	0.858335	0
6.98254	0.0141405	135.439	0.861409	0
6.96961	0.0140641	134.169	0.857311	0
6.94934	0.0139626	133.183	0.857311	0
6.9165	0.0140996	133.367	0.849455	0
6.92173	0.0137581	132.047	0.819739	0
6.92559	0.0140407	132.565	0.828278	0
6.88073	0.013512	131.044	0.852529	0
6.83459	0.0131594	130.409	0.858335	0
6.8464	0.0132757	130.56	0.835451	0
6.86231	0.0131882	129.657	0.870631	0
6.82715	0.0133857	127.569	0.863117	0
6.80972	0.0133346	127.636	0.840916	0
6.81755	0.0131435	129.106	0.845015	0
6.82713	0.0130257	129.424	0.833402	0
6.84899	0.0132108	128.521	0.860726	0
6.83633	0.0132927	127.987	0.869265	0
6.79384	0.0128726	127.235	0.862776	0
6.77459	0.012921	127.435	0.845698	0
6.76059	0.0129714	125.731	0.83955	0
6.72281	0.0129134	125.514	0.856286	0
6.69278	0.0125542	124.929	0.836817	0
6.65219	0.012379	124.277	0.849113	0
6.60608	0.0125067	123.409	0.8375	0
6.59703	0.0125039	123.225	0.842965	0
6.5982	0.0119659	123.241	0.832035	0
6.54735	0.0122775	119.883	0.831694	0
6.49253	0.0118424	121.186	0.853212	0
6.48134	0.0121463	119.499	0.835109	0
6.45895	0.0117141	119.315	0.857994	0
6.42771	0.0117955	120.334	0.846722	0
6.40434	0.0115454	116.976	0.82862	0
6.35826	0.0114126	115.923	0.840233	0
6.32378	0.0115277	117.327	0.832718	0
6.30836	0.0111538	116.124	0.841599	0
6.28099	0.0114282	115.004	0.870631	0
6.24758	0.0114261	113.601	0.82657	0
6.22798	0.0112941	113.768	0.828961	0
6.2206	0.0111802	112.231	0.841941	0
6.18156	0.0110895	111.98	0.818715	0
6.14658	0.0111365	110.911	0.830669	0
6.13639	0.0106609	111.445	0.851163	0
6.12591	0.0109862	110.309	0.84399	0
6.09343	0.0109104	108.972	0.835451	0
6.05344	0.010945	107.853	0.865166	0
6.01284	0.0106174	107.719	0.818373	0
5.99517	0.0106304	108.889	0.862776	0
5.99125	0.0106964	106.015	0.823496	0
5.96267	0.0104565	107.285	0.836817	0
5.93112	0.0103161	104.595	0.846039	0
5.90207	0.0101025	105.53	0.837842	0
5.86021	0.00999004	101.688	0.834426	0
5.83171	0.0102514	102.373	0.83955	0
5.8227	0.0101744	102.573	0.838867	0
5.81248	0.0101494	102.423	0.845015	0
5.78749	0.0100171	101.621	0.846381	0
5.75991	0.00985264	100.017	0.833743	0
5.71683	0.0096501	98.4294	0.840233	0
5.69333	0.00963681	98.0618	0.833743	0
5.67582	0.0094871	96.1236	0.856628	0
5.64724	0.0095785	97.7945	0.85936	0
5.62807	0.00960606	95.2214	0.819739	0
5.60155	0.00981922	94.3358	0.831011	0
5.5683	0.00957068	93.8847	0.838867	0
5.55202	0.00952267	92.8321	0.813591	0
5.53008	0.00914299	92.3977	0.830669	0
5.50935	0.00884345	92.3642	0.836817	0
5.49306	0.00899192	90.7602	0.8112	0
5.46265	0.00898319	90.142	0.842282	0
5.43091	0.00908703	88.8889	0.842965	0
5.41119	0.00894547	88.8722	0.82862	0
5.39688	0.00881771	88.2707	0.840916	0
5.37574	0.00879491	86.2322	0.831011	0
5.34385	0.00863902	86.934	0.845015	0
5.3294	0.0088284	85.2799	0.835792	0
5.32032	0.00876026	84.4779	0.827254	0
5.29326	0.00853478	83.5088	0.832718	0
5.2668	0.00859582	83.0576	0.835451	0
5.24161	0.00848266	81.3701	0.818715	0
5.2162	0.00842371	81.32	0.821105	0
5.20387	0.00818507	80.9691	0.815641	0
5.19134	0.008451	79.3484	0.823838	0
5.17227	0.00814983	78.5798	0.812567	0
5.15204	0.00821582	77.5606	0.839891	0
5.12702	0.00802826	75.8396	0.815299	0
5.11524	0.00823543	76.792	0.799587	0
5.09972	0.00811282	75.6892	0.804028	0
5.06573	0.00779908	74.1186	0.805052	0
5.04451	0.00770924	74.4695	0.814957	0
5.02881	0.00774826	72.8989	0.819398	0
5.01054	0.00771074	71.5789	0.812567	0
4.99948	0.00761354	71.5455	0.796855	0
4.98549	0.00764676	71.9131	0.8112	0
4.97065	0.00748396	70.0752	0.815641	0
4.96087	0.00764188	71.6792	0.830328	0
4.94536	0.00761425	70.4762	0.806077	0
4.91575	0.00718741	68.4545	0.787974	0
4.89682	0.00738898	67.5522	0.828961	0
4.89119	0.00725138	66.65	0.792415	0
4.86157	0.0072693	66.4662	0.792756	0
4.8408	0.0070136	64.4277	0.780802	0
4.83777	0.00720702	64.6449	0.782168	0
4.82859	0.00695855	63.8596	0.772263	0
4.81736	0.00708956	63.4252	0.785242	0
4.79542	0.00696213	62.6399	0.798904	0
4.78069	0.0070594	61.3534	0.798221	0
4.77078	0.00683627	60.8688	0.771921	0
4.75861	0.00676246	61.2364	0.805394	0
4.75451	0.00676558	60.9524	0.782851	0
4.74069	0.00687672	60.5681	0.768847	0
4.71529	0.00666376	58.2623	0.78695	0
4.70776	0.00653529	59.0142	0.77397	0
4.70065	0.00654428	58.1119	0.787633	0
4.68005	0.00644734	56.6917	0.762358	0
4.67074	0.00637372	56.3576	0.773629	0
4.66487	0.00638415	56.274	0.771921	0
4.64817	0.00647223	55.3049	0.766456	0
4.6369	0.00656819	54.9039	0.765432	0
4.62494	0.00636395	53.6842	0.786267	0
4.60645	0.00627437	53.8012	0.74972	0
4.59824	0.0061119	52.6149	0.754502	0
4.59035	0.00615848	52.9992	0.76509	0
4.57992	0.00613561	52.4645	0.75416	0
4.56807	0.00612121	50.9273	0.749378	0
4.55336	0.00600636	51.2281	0.739815	0
4.53613	0.00590134	49.2231	0.734008	0
4.52093	0.00575587	49.0393	0.741522	0
4.51484	0.00581476	48.9557	0.740839	0
4.51044	0.00591861	47.1345	0.7586	0
4.50385	0.0058319	48.8722	0.729226	0
4.49623	0.0058076	47.3016	0.734691	0
4.48498	0.00583281	47.5522	0.756209	0
4.47558	0.00571007	46.4495	0.70805	0
4.46562	0.00561294	45.0292	0.713173	0
4.45426	0.00554773	46.1821	0.717955	0
4.44896	0.00557157	45.9482	0.736741	0
4.44429	0.00549294	45.3133	0.730251	0
4.43263	0.00532499	43.9766	0.722395	0
4.41857	0.00539561	44.127	0.730934	0
4.41026	0.00544525	43.8764	0.730593	0
4.40205	0.0052988	42.4728	0.706342	0
4.39409	0.00541222	42.6566	0.711807	0
4.3899	0.00538753	41.6708	0.719321	0
4.38182	0.00516903	42.4394	0.718297	0
4.3687	0.00530525	40.802	0.701219	0
4.35863	0.00521313	40.3342	0.70361	0
4.35924	0.00518179	41.6374	0.715564	0
4.35419	0.0051857	39.5489	0.699169	0
4.34355	0.00519144	39.4486	0.694729	0
4.33563	0.00494355	38.7302	0.683116	0
4.32166	0.00498381	38.1287	0.686532	0
4.31403	0.00491248	37.2598	0.682774	0
4.31076	0.00495365	37.6274	0.687898	0
4.30194	0.00481417	37.5104	0.68175	0
4.2948	0.00475769	37.0259	0.681408	0
4.28846	0.00481827	36.9758	0.686532	0
4.27921	0.00476016	35.6224	0.669454	0
4.27483	0.00468231	35.9398	0.681408	0
4.27341	0.00480199	35.1546	0.676285	0
4.26722	0.00479964	35.9566	0.677993	0
4.26065	0.00473645	33.985	0.652717	0
4.25183	0.0047184	35.0042	0.682091	0
4.24859	0.00473189	34.8037	0.66433	0
4.24707	0.00473808	34.0351	0.653059	0
4.23855	0.00462368	33.0493	0.652034	0
4.23104	0.00465339	32.5815	0.654084	0
4.22794	0.00452049	33.751	0.661598	0
4.22786	0.00469645	33.2999	0.649643	0
4.21905	0.00447326	32.6984	0.642471	0
4.21476	0.00446622	32.9992	0.654425	0
4.2162	0.00453124	32.782	0.642129	0
4.20585	0.00440068	31.9632	0.626417	0
4.19247	0.00446824	31.3283	0.658182	0
4.1906	0.00432987	32.782	0.64896	0
4.1867	0.00424863	30.5931	0.621977	0
4.17648	0.00430465	29.9916	0.638372	0
4.17544	0.00429312	29.7076	0.621636	0
4.17091	0.00426622	30.8438	0.645545	0
4.15988	0.00421619	28.9891	0.621977	0
4.15932	0.00415658	29.741	0.632224	0
4.16134	0.00413208	28.9056	0.612072	0
4.15329	0.00416283	28.8388	0.613438	0
4.14844	0.00424687	27.9532	0.618903	0
4.14354	0.00411201	28.3375	0.609681	0
4.13996	0.00424081	28.6717	0.61173	0
4.1352	0.0040883	27.9866	0.60729	0
4.12765	0.00407775	28.3709	0.621977	0
4.12329	0.00403273	26.5998	0.600117	0
4.12454	0.00407254	27.452	0.612072	0
4.11785	0.00393664	26.6667	0.580307	0
4.10958	0.00389664	26.9841	0.586114	0
4.1127	0.00404908	27.6859	0.608656	0
4.11159	0.00398361	26.7502	0.600801	0
4.10259	0.00395429	26.5831	0.605241	0
4.09805	0.00391729	26.0652	0.593969	0
4.0916	0.00390837	24.4277	0.569036	0
4.08474	0.00387195	24.6617	0.594994	0
4.07527	0.00385019	23.3918	0.570402	0
4.06981	0.00370472	24.3943	0.587138	0
4.07517	0.00381253	25.1963	0.589871	0
4.06433	0.00379006	22.8404	0.570402	0
4.05062	0.00362152	23.7093	0.584747	0
4.05061	0.0036096	22.2891	0.566986	0
4.05003	0.0036339	22.523	0.556056	0
4.04608	0.0037483	23.0242	0.573817	0
4.04406	0.00370856	22.3392	0.567669	0
4.03991	0.00354797	22.6566	0.555715	0
4.02834	0.00348654	21.2531	0.560155	0
4.02166	0.00347898	21.4369	0.564595	0
4.02498	0.00351247	21.8546	0.555715	0
4.02528	0.00353579	20.5514	0.53488	0
4.01684	0.00348524	20.117	0.553324	0
4.01115	0.00338621	20.0668	0.543077	0
4.00883	0.00341188	21.1863	0.548201	0
4.00465	0.00335963	20.5013	0.547176	0
3.99703	0.00338699	19.198	0.523608	0
3.99493	0.00330862	19.6157	0.533855	0
3.99778	0.00345918	20.3175	0.53488	0
3.99351	0.00328517	19.0977	0.516436	0
3.9874	0.00324888	19.4152	0.527024	0
3.98804	0.00339729	19.482	0.525316	0
3.98526	0.00336849	19.0309	0.521901	0
3.97774	0.00330992	18.5965	0.521901	0
3.97543	0.00324243	18.7135	0.523608	0
3.97637	0.00317957	18.4294	0.515411	0
3.97324	0.00327676	18.5965	0.513362	0
3.9663	0.00315729	17.6942	0.522242	0
3.96058	0.0032038	17.1596	0.501066	0
3.96204	0.00309071	17.477	0.505506	0
3.96186	0.00316497	17.4102	0.505506	0
3.95669	0.00322751	17.6608	0.511995	0
3.95251	0.00316126	17.5606	0.509946	0
3.94654	0.00316002	16.1069	0.49116	0
3.94418	0.00303259	17.3434	0.507897	0
3.94282	0.00306061	16.1404	0.485696	0
3.93566	0.00302432	15.9064	0.469642	0
3.93036	0.00291103	15.7561	0.486037	0
3.93236	0.00298354	15.0376	0.473741	0
3.93513	0.00301813	16.0568	0.479547	0
3.93396	0.00296855	16.1404	0.497992	0
3.93095	0.00294022	15.4887	0.481597	0
3.93054	0.00298627	15.5556	0.486379	0
3.92927	0.00291585	15.2214	0.472716	0
3.92511	0.00305429	15.8229	0.490136	0
3.92198	0.00294302	15.2214	0.47579	0
3.91808	0.0028595	14.4361	0.45598	0
3.91446	0.00286523	14.9541	0.460762	0
3.90959	0.00286582	15.3885	0.479206	0
3.9029	0.00281806	13.7176	0.448124	0
3.90281	0.00276432	14.1855	0.446416	0
3.90516	0.0028836	14.8872	0.469984	0
3.90427	0.00279233	14.4862	0.463494	0
3.89945	0.0027352	13.4336	0.45154	0
3.90467	0.00280399	15.2214	0.471009	0
3.90896	0.0028653	14.7201	0.46042	0
3.90353	0.00282171	15.1546	0.474766	0
3.89897	0.00270705	14.386	0.467593	0
3.89603	0.00279565	14.4194	0.475449	0
3.89333	0.00278054	13.4837	0.455638	0
3.88792	0.00273754	13.9515	0.463836	0
3.88537	0.00261826	13.35	0.443001	0
3.88472	0.00277937	13.5004	0.456322	0
3.88221	0.00269826	13.2498	0.439585	0
3.87858	0.00269611	13.0159	0.448807	0
3.87711	0.0026664	12.7485	0.441635	0
3.87768	0.00274588	13.0827	0.446758	0
3.8771	0.00263943	12.782	0.432754	0
3.87269	0.00258744	12.6817	0.434462	0
3.87035	0.00261559	12.3141	0.430705	0
3.87204	0.0026094	12.1136	0.431729	0
3.87046	0.00262106	12.5982	0.434803	0
3.86556	0.00256549	11.5957	0.422507	0
3.86469	0.00254679	12.4645	0.434462	0
3.86447	0.00251161	12.1303	0.427289	0
3.85667	0.0024595	11.462	0.417384	0
3.855	0.00251709	11.5622	0.419433	0
3.8579	0.00251982	12.1136	0.431046	0
3.85354	0.00254021	11.6291	0.416018	0
3.85511	0.00257611	12.3475	0.44061	0
3.85721	0.00253103	11.9799	0.427631	0
3.85431	0.00259044	12.0301	0.418067	0
3.85151	0.0025251	11.462	0.41875	0
3.85023	0.00245845	11.8129	0.432754	0
3.8536	0.00252914	11.4286	0.417725	0
3.85071	0.0025092	11.0944	0.422849	0
3.84838	0.00249448	12.3475	0.427631	0
3.84735	0.00247383	10.142	0.395866	0
3.84246	0.00248249	11.1612	0.416018	0
3.84178	0.00238718	11.3952	0.413285	0
3.84061	0.00243239	11.2782	0.419092	0
3.83449	0.002435	10.5263	0.400989	0
3.83291	0.00246399	10.5764	0.401672	0
3.83641	0.00245963	10.3592	0.397232	0
3.83642	0.00241239	10.8605	0.405771	0
3.83667	0.00243266	11.462	0.416701	0
3.83565	0.00244015	10.543	0.40338	0
3.83295	0.00242744	10.7769	0.406454	0
3.83196	0.0023436	10.4428	0.39894	0
3.83359	0.00241051	10.8939	0.410894	0
3.83324	0.00241624	11.0109	0.413285	0
3.83107	0.00237044	10.8271	0.408845	0
3.8284	0.00238692	10.1754	0.397574	0
3.82622	0.00237318	10.6433	0.40782	0
3.82273	0.00233656	10.4595	0.406112	0
3.81867	0.00231637	9.79114	0.380496	0
3.81748	0.00232021	9.69089	0.38801	0
3.81644	0.002355	9.40685	0.377763	0
3.81837	0.00236581	10.4261	0.401672	0
3.82008	0.00233402	9.94152	0.395866	0
3.81667	0.00236881	10.543	0.406796	0
3.81481	0.00227337	9.59064	0.387668	0
3.81681	0.00233129	9.77444	0.389035	0
3.81534	0.00226959	9.67419	0.390059	0
3.81395	0.00228783	10.2256	0.401672	0
3.81656	0.00235506	10.4929	0.410553	0
3.81454	0.00234868	9.94152	0.3945	0
3.80569	0.00224405	9.13952	0.369907	0
3.80394	0.00221962	9.32331	0.373664	0
3.80761	0.00223441	9.79114	0.398598	0
3.80837	0.00231259	9.3066	0.388693	0
3.80691	0.0023049	9.7076	0.388351	0
3.80413	0.00220855	8.92231	0.368883	0
3.80282	0.00227663	9.64077	0.388351	0
3.80357	0.00223324	9.45698	0.384936	0
3.80333	0.00224067	9.5071	0.383911	0
3.80393	0.00222373	9.25647	0.378105	0
3.80386	0.00225428	9.44027	0.387668	0
3.80604	0.00227122	10.3091	0.39894	0
3.8036	0.00224477	8.73851	0.367858	0
3.79918	0.00227148	9.02256	0.375372	0
3.79939	0.0023191	8.83876	0.377422	0
3.79727	0.00218679	9.07268	0.375031	0
3.79521	0.00220953	9.55723	0.388693	0
3.79678	0.0022449	9.40685	0.384253	0
3.79656	0.00226829	9.45698	0.388351	0
3.79257	0.00218848	8.60485	0.371615	0
3.79185	0.00221519	8.87218	0.369566	0
3.79526	0.00224568	8.93901	0.371274	0
3.79546	0.00229181	9.3066	0.38152	0
3.78816	0.00215884	8.07018	0.358294	0
3.78374	0.00215585	8.18713	0.357611	0
3.79006	0.00220308	9.22306	0.378446	0
3.79319	0.00218028	8.95572	0.374348	0
3.78743	0.00212751	8.9056	0.378105	0
3.78817	0.00220914	8.97243	0.377763	0
3.79054	0.00223089	9.20635	0.382545	0
3.78589	0.002135	8.47118	0.3682	0
3.78493	0.00220764	8.93901	0.375714	0
3.78855	0.00221278	8.88889	0.377422	0
3.78541	0.00217415	8.75522	0.365809	0
3.78229	0.00213513	8.35422	0.360685	0
3.78315	0.00212653	8.75522	0.3682	0
3.78534	0.00219155	8.7051	0.363076	0
3.78546	0.00215142	9.00585	0.367516	0
3.78047	0.00217024	8.37093	0.364784	0
3.77549	0.0021277	7.98663	0.355562	0
3.77749	0.00216497	8.63826	0.363759	0
3.78053	0.00221839	8.35422	0.363076	0
3.7758	0.00211949	7.93651	0.355562	0
3.77111	0.00208001	7.5188	0.351122	0
3.77307	0.00213168	7.90309	0.348731	0
3.77465	0.00212138	7.85297	0.357611	0
3.76976	0.00206353	7.61905	0.344632	0
3.76651	0.00206926	7.43525	0.339167	0
3.76538	0.00207148	7.76942	0.346681	0
3.76348	0.00208301	7.45196	0.33541	0
3.76293	0.00199246	7.16792	0.336093	0
3.76085	0.00195252	6.90058	0.334044	0
3.76058	0.00198627	7.35171	0.343607	0
3.75985	0.00201506	7.20134	0.338826	0
3.75647	0.00190249	6.64996	0.318674	0
3.75473	0.00191239	6.28237	0.313892	0
3.75676	0.00192431	6.80033	0.326529	0
3.75702	0.00195141	6.49958	0.329945	0
3.75316	0.0019361	6.48287	0.326188	0
3.74772	0.0018677	6.3325	0.313892	0
3.74435	0.00185233	5.84795	0.306719	0
3.74036	0.00182542	5.76441	0.297839	0
3.73795	0.00174288	5.26316	0.28725	0
3.73549	0.00173734	5.29657	0.29374	0
3.7357	0.00170698	5.64745	0.297155	0
3.73339	0.00177278	4.89557	0.280078	0
3.72977	0.00169786	4.87886	0.286567	0
3.72836	0.00167265	4.42774	0.273246	0
3.72827	0.00163851	4.42774	0.269148	0
3.72498	0.00157942	4.37761	0.264024	0
3.72578	0.00163929	4.22723	0.264366	0
3.72449	0.00157402	3.90977	0.254119	0
3.71962	0.00151955	3.92648	0.255485	0
3.71957	0.00151773	3.87636	0.25002	0
3.71987	0.00155747	4.22723	0.261292	0
3.71572	0.00150138	3.44194	0.237724	0
3.71301	0.00148424	3.49206	0.2367	0
3.71279	0.00146372	3.39181	0.231576	0
3.71217	0.00147838	3.69256	0.248313	0
3.71225	0.00143206	3.15789	0.232943	0
3.71192	0.00142007	3.44194	0.235333	0
3.71306	0.00152125	3.72598	0.246946	0
3.71164	0.00149701	3.3584	0.233967	0
3.71037	0.00138535	3.5589	0.238749	0
3.7084	0.00140131	3.44194	0.243531	0
3.70672	0.0014232	2.84043	0.217914	0
3.70604	0.00140001	3.1746	0.226111	0
3.70466	0.00135656	3.10777	0.224062	0
3.70374	0.0013477	2.74018	0.213132	0
3.70319	0.00133923	3.10777	0.225087	0
3.7017	0.00130164	2.7736	0.2104	0
3.70135	0.0013419	2.80702	0.210058	0
3.70088	0.0012931	2.47285	0.198445	0
3.70099	0.00131975	2.94069	0.220988	0
3.70238	0.00137349	2.69006	0.207667	0
3.69816	0.00127851	2.3726	0.19298	0
3.69842	0.00127617	2.60652	0.203227	0
3.70046	0.001309	2.3726	0.194688	0
3.70016	0.00132744	3.04094	0.230552	0
3.70083	0.00134301	2.74018	0.210741	0
3.69931	0.00132144	2.7736	0.211766	0
3.69667	0.00125597	2.30576	0.19503	0
3.6954	0.00125499	2.18881	0.191956	0
3.6951	0.0012903	2.48956	0.201861	0
3.6936	0.00126529	2.48956	0.200495	0
3.69147	0.00124014	2.47285	0.202544	0
3.69385	0.00127701	2.32247	0.192639	0
3.69413	0.00128946	2.35589	0.196737	0
3.69405	0.00132118	2.48956	0.201861	0
3.69005	0.00125258	1.9883	0.17761	0
3.68941	0.00119219	2.12197	0.187857	0
3.69283	0.0012275	2.08855	0.187857	0
3.69185	0.00126711	2.30576	0.19503	0
3.69157	0.00122809	2.25564	0.190248	0
3.69231	0.0012445	2.13868	0.18854	0
3.69178	0.00125942	2.47285	0.201178	0
3.69023	0.00122346	2.25564	0.19298	0
3.68864	0.00116776	2.13868	0.185466	0
3.68896	0.00114945	2.00501	0.180001	0
3.68928	0.0012634	2.45614	0.204593	0
3.68716	0.00121076	2.10526	0.185466	0
3.68575	0.00117721	2.00501	0.181367	0
3.68682	0.00121095	2.30576	0.19503	0
3.68616	0.00121825	1.87135	0.172828	0
3.68417	0.00115369	2.10526	0.18854	0
3.68353	0.00113786	1.85464	0.175219	0
3.68559	0.0011387	2.00501	0.181367	0
3.68398	0.001163	1.9883	0.185466	0
3.682	0.00110411	1.72097	0.167705	0
3.68253	0.0011688	1.80451	0.174536	0
3.6823	0.00117454	1.75439	0.167363	0
3.68267	0.00116607	1.87135	0.17761	0
3.68251	0.00117428	1.92147	0.177952	0
3.68234	0.00116952	1.65414	0.167705	0
3.68288	0.0011688	2.08855	0.186491	0
3.68238	0.00117082	1.77109	0.169754	0
3.68002	0.00109883	1.75439	0.170779	0
3.68031	0.00112235	1.73768	0.170096	0
3.67938	0.00115375	1.7878	0.170437	0
3.67924	0.00112652	1.85464	0.173511	0
3.67853	0.00111069	1.33668	0.152676	0
3.68016	0.00110359	2.00501	0.181367	0
3.6822	0.00121499	2.25564	0.194347	0
3.68116	0.00118528	1.90476	0.174195	0
3.67894	0.00115584	1.70426	0.168388	0
3.6781	0.00110138	1.55388	0.158141	0
3.6773	0.00107343	1.5873	0.159508	0
3.67793	0.00113252	1.60401	0.160532	0
3.67807	0.001106	1.50376	0.160874	0
3.67625	0.00111408	1.50376	0.159166	0
3.6765	0.00109942	1.73768	0.16668	0
3.67753	0.00111701	1.88805	0.173511	0
3.6776	0.00114926	1.72097	0.169413	0
3.67358	0.00108698	1.50376	0.155409	0
3.67342	0.00108665	1.25313	0.146187	0
3.67662	0.00108274	1.85464	0.173511	0
3.67694	0.00113017	1.65414	0.162923	0
3.67391	0.00109271	1.20301	0.139697	0
3.67387	0.00109499	1.30326	0.150969	0
3.67679	0.00107297	1.52047	0.158141	0
3.67653	0.00109975	1.72097	0.165997	0
3.6746	0.00108672	1.82122	0.175219	0
3.67322	0.00102704	1.01921	0.131158	0
3.67144	0.00102124	1.26984	0.143454	0
3.67218	0.00104854	1.7878	0.173853	0
3.67386	0.00112893	1.5873	0.159508	0
3.67256	0.00106887	1.55388	0.159849	0
3.67207	0.00108561	1.57059	0.16224	0
3.67204	0.00108535	1.40351	0.150286	0
3.67128	0.0010847	1.43693	0.154043	0
3.67063	0.00103037	1.31997	0.147895	0
3.67226	0.00105252	1.43693	0.154043	0
3.67117	0.00108046	1.55388	0.164973	0
3.66995	0.00104444	1.31997	0.147895	0
3.67206	0.00104711	1.47034	0.153701	0
3.67203	0.0010787	1.72097	0.170779	0
3.66812	0.00105538	1.20301	0.141747	0
3.66878	0.00105525	1.40351	0.150286	0
3.67022	0.00107349	1.48705	0.156434	0
3.6699	0.00108242	1.47034	0.157458	0
3.66866	0.00103642	1.50376	0.159166	0
3.66888	0.00105903	1.26984	0.143454	0
3.66868	0.00106098	1.45363	0.154726	0
3.6692	0.00103701	1.33668	0.150627	0
3.66923	0.00105297	1.31997	0.147895	0
3.66947	0.00104229	1.55388	0.16668	0
3.66971	0.00103584	1.43693	0.154043	0
3.66866	0.00100952	1.45363	0.154726	0
3.66887	0.000997857	1.50376	0.155409	0
3.66683	0.0010159	1.13617	0.137989	0
3.66632	0.00104164	1.20301	0.141747	0
3.66926	0.00109304	1.52047	0.156434	0
3.67009	0.00109024	1.40351	0.150286	0
3.66713	0.00107369	1.47034	0.15575	0
3.66611	0.0010374	1.63743	0.165314	0
3.667	0.00102867	1.40351	0.150286	0
3.66638	0.00100411	1.06934	0.131841	0
3.6647	0.000992906	1.28655	0.148236	0
3.66683	0.00101538	1.23642	0.143454	0
3.66709	0.00104489	1.62072	0.162923	0
3.66525	0.00105336	1.28655	0.144137	0
3.66423	0.00101284	1.37009	0.150627	0
3.66559	0.00100352	1.53718	0.158824	0
3.66576	0.00100072	1.20301	0.139697	0
3.6661	0.00101017	1.45363	0.154726	0
3.66675	0.00104437	1.3868	0.15131	0
3.66371	0.000965283	1.31997	0.15336	0
3.66386	0.00102046	1.35338	0.147895	0
3.6648	0.000982287	1.25313	0.14243	0
3.66326	0.00103141	1.06934	0.131841	0
3.66457	0.00103408	1.1863	0.142771	0
3.66416	0.00101701	1.16959	0.139697	0
3.66303	0.00103199	1.31997	0.147895	0
3.66255	0.000990951	1.11947	0.136965	0
3.66257	0.000974599	1.30326	0.147212	0
3.6632	0.00105877	1.48705	0.158141	0
3.66362	0.0010548	1.21972	0.140722	0
3.66456	0.001029	1.31997	0.149944	0
3.66395	0.00100229	1.13617	0.13594	0
3.66303	0.000991082	1.16959	0.143796	0
3.6631	0.000996228	1.1863	0.138673	0
3.66234	0.000995381	1.3868	0.15131	0
3.66251	0.00102496	1.20301	0.139697	0
3.66125	0.000950756	0.85213	0.118179	0
3.65934	0.000931863	0.902256	0.121253	0
3.66117	0.00101252	1.26984	0.145162	0
3.66167	0.000996619	1.15288	0.138673	0
3.66057	0.000992319	1.16959	0.139697	0
3.66187	0.00102046	1.20301	0.139697	0
3.66098	0.00097929	1.08605	0.132866	0
3.65948	0.000971147	0.969089	0.125693	0
3.65955	0.000955772	0.935673	0.123644	0
3.66014	0.000992515	1.01921	0.128767	0
3.66108	0.00101447	1.26984	0.145162	0
3.66057	0.00102965	1.30326	0.148919	0
3.65965	0.000945479	0.85213	0.118179	0
3.66007	0.000957336	1.13617	0.137989	0
3.66109	0.000966456	1.13617	0.13594	0
3.66119	0.00098157	1.35338	0.149602	0
3.66054	0.000966456	1.01921	0.128767	0
3.66041	0.000960658	1.03592	0.129792	0
3.65987	0.000971798	1.15288	0.138673	0
3.65989	0.00100795	1.21972	0.140722	0
3.65891	0.00101089	1.03592	0.134232	0
3.65857	0.000988997	1.16959	0.139697	0
3.65858	0.000965349	0.835422	0.119204	0
3.65761	0.00092372	1.08605	0.132866	0
3.65811	0.000916814	1.10276	0.133891	0
3.66046	0.000982547	1.26984	0.147212	0
3.65865	0.000972319	0.985798	0.126718	0
3.65727	0.000953362	0.885547	0.122619	0
3.65744	0.000922547	0.902256	0.121253	0
3.65745	0.000982808	1.05263	0.130817	0
3.65789	0.000986391	1.10276	0.133891	0
3.65732	0.000987368	1.15288	0.140722	0
3.65677	0.000983394	0.868839	0.119204	0
3.65676	0.000966456	0.918964	0.122619	0
3.65666	0.000950104	0.902256	0.121253	0
3.65679	0.000970365	1.01921	0.128767	0
3.65774	0.000975902	1.11947	0.139014	0
3.6574	0.00096587	1.03592	0.131841	0
3.65603	0.000957596	0.935673	0.125693	0
3.65676	0.000920202	0.802005	0.114763	0
3.65765	0.00095056	1.01921	0.128767	0
3.65699	0.000933948	0.918964	0.122619	0
3.65636	0.00094815	1.13617	0.13594	0
3.65521	0.000931472	1.08605	0.132866	0
3.65534	0.00097258	0.985798	0.126718	0
3.65512	0.000947759	0.802005	0.114763	0
3.65397	0.000906195	1.06934	0.131841	0
3.65464	0.000917205	0.902256	0.121253	0
3.6555	0.000922026	0.868839	0.119204	0
3.65603	0.000965479	1.03592	0.131841	0
3.65658	0.000971798	0.902256	0.121253	0
3.65642	0.000964502	1.01921	0.133208	0
3.65625	0.000948866	0.868839	0.119204	0
3.65523	0.000943264	1.00251	0.132183	0
3.65546	0.000977857	1.05263	0.130817	0
3.6547	0.000963655	0.802005	0.114763	0
3.65428	0.000935446	0.802005	0.117154	0
3.65512	0.000942417	0.85213	0.118179	0
3.65401	0.000911146	0.85213	0.118179	0
3.65405	0.000971863	1.10276	0.133891	0
3.6536	0.000896944	0.685046	0.106225	0
3.65441	0.000926456	0.902256	0.121253	0
3.65546	0.000951277	0.935673	0.123644	0
3.65429	0.000940788	0.952381	0.126718	0
3.65368	0.00097043	0.885547	0.122619	0
3.65305	0.00089082	0.701754	0.107249	0
3.65355	0.000883328	0.685046	0.106225	0
3.65504	0.000909062	0.802005	0.117154	0
3.65555	0.000922612	0.935673	0.123644	0
3.65412	0.000942547	0.735171	0.109982	0
3.65321	0.000930821	0.868839	0.119204	0
3.65328	0.000936293	0.935673	0.123644	0
3.65293	0.000920071	0.835422	0.116813	0
3.65208	0.000896944	0.935673	0.123644	0
3.65236	0.000909583	0.651629	0.103492	0
3.65221	0.000898247	0.651629	0.106225	0
3.65349	0.000936554	0.868839	0.119204	0
3.6544	0.000948541	1.00251	0.130134	0
3.65277	0.000944046	0.718463	0.108615	0
3.65241	0.000914338	0.802005	0.114763	0
3.65418	0.000910039	0.935673	0.123644	0
3.65513	0.000963915	0.952381	0.126718	0
3.65458	0.00092183	0.885547	0.120228	0
3.65373	0.000939811	0.935673	0.125693	0
3.65408	0.000949322	0.985798	0.126718	0
3.65296	0.000902026	0.802005	0.114763	0
3.6523	0.000921179	0.768588	0.114763	0
3.65154	0.000908215	0.85213	0.118179	0
3.65137	0.0009017	0.868839	0.119204	0
3.65295	0.000906912	0.868839	0.121595	0
3.65271	0.000896618	0.768588	0.112373	0
3.65073	0.000888671	0.802005	0.114763	0
3.65339	0.000949062	0.952381	0.124669	0
3.65355	0.000932971	0.75188	0.111006	0
3.65167	0.000882807	0.818713	0.115788	0
3.65059	0.000866781	0.634921	0.102126	0
3.65013	0.000851602	0.735171	0.109982	0
3.65221	0.000889452	0.952381	0.124669	0
3.65291	0.000917596	0.768588	0.112373	0
3.65097	0.000905088	0.768588	0.112373	0
3.65102	0.000900983	0.902256	0.123644	0
3.65124	0.000897009	0.785297	0.115788	0
3.65084	0.000887237	0.768588	0.114763	0
3.65015	0.000903133	0.735171	0.109982	0
3.65045	0.000914925	1.00251	0.127743	0
3.65177	0.000966717	0.935673	0.123644	0
3.65178	0.000928215	0.902256	0.121253	0
3.65196	0.000935902	0.868839	0.121595	0
3.65192	0.000881504	0.85213	0.118179	0
3.65126	0.000930169	0.75188	0.111006	0
3.65106	0.000908345	0.885547	0.120228	0
3.65061	0.000905544	0.718463	0.111006	0
3.65116	0.000885153	0.75188	0.11613	0
3.65173	0.000899224	0.735171	0.109982	0
3.65168	0.000941831	0.835422	0.121595	0
3.65102	0.000919681	0.802005	0.117154	0
3.65	0.000850364	0.735171	0.109982	0
3.64941	0.000869452	0.634921	0.102126	0
3.64967	0.00089297	0.718463	0.108615	0
3.65055	0.000931602	0.868839	0.119204	0
3.65153	0.000930756	0.985798	0.131158	0
3.65222	0.000932645	0.902256	0.123644	0
3.65118	0.000904241	0.517962	0.0925622	0
3.64979	0.000900788	0.85213	0.118179	0
3.65013	0.000891276	0.668338	0.107591	0
3.65134	0.000920853	0.818713	0.115788	0
3.65068	0.000898899	0.685046	0.108615	0
3.64943	0.000860788	0.651629	0.103492	0
3.6508	0.000886195	0.802005	0.114763	0
3.65126	0.000906977	0.835422	0.116813	0
3.64987	0.000924176	0.651629	0.103492	0
3.64821	0.000859354	0.467836	0.0877804	0
3.64784	0.000847042	0.568087	0.0966609	0
3.6496	0.000868996	0.668338	0.104858	0
3.6506	0.000892384	0.885547	0.120228	0
3.65017	0.000889452	0.835422	0.116813	0
3.65153	0.000872188	0.701754	0.107249	0
3.65127	0.000890299	0.584795	0.0980272	0
3.65028	0.000841569	0.701754	0.107249	0
3.6497	0.000869257	0.768588	0.112373	0
3.6501	0.000881244	0.735171	0.109982	0
3.65078	0.000873622	0.601504	0.0993934	0
3.65009	0.000879811	0.768588	0.112373	0
3.64941	0.000915446	0.85213	0.122619	0
3.64858	0.000872579	0.618212	0.10076	0
3.64701	0.000844696	0.467836	0.0877804	0
3.64762	0.000835706	0.568087	0.0966609	0
3.64926	0.000858051	0.818713	0.115788	0
3.65	0.000897335	0.802005	0.114763	0
3.64837	0.000863654	0.735171	0.109982	0
3.64959	0.000909322	0.685046	0.106225	0
3.64947	0.000876814	0.685046	0.106225	0
3.6481	0.000839289	0.601504	0.0993934	0
3.64861	0.000857661	0.651629	0.106225	0
3.6496	0.000858507	0.718463	0.108615	0
3.64864	0.000876618	0.651629	0.103492	0
3.64884	0.000861439	0.668338	0.104858	0
3.6486	0.000882091	0.634921	0.102126	0
3.64907	0.000888996	0.701754	0.107249	0
3.6469	0.000890755	0.501253	0.0908544	0
3.64798	0.000869452	0.735171	0.109982	0
3.64934	0.000876423	0.634921	0.102126	0
3.64801	0.000848214	0.651629	0.103492	0
3.64816	0.000869648	0.802005	0.114763	0
3.6495	0.000863263	0.651629	0.103492	0
3.64901	0.000846195	0.53467	0.0966609	0
3.64866	0.000855576	0.701754	0.107249	0
3.64995	0.000864566	0.785297	0.113397	0
3.64866	0.000840136	0.451128	0.0864142	0
3.64789	0.000851276	0.618212	0.10076	0
3.64933	0.000853296	0.85213	0.118179	0
3.64839	0.000848605	0.484545	0.0894882	0
3.64754	0.00087284	0.651629	0.103492	0
3.64878	0.000885934	0.802005	0.114763	0
3.6484	0.000896162	0.735171	0.109982	0
3.64712	0.000849452	0.618212	0.10076	0
3.64772	0.00085981	0.634921	0.107591	0
3.64919	0.000876683	0.785297	0.113397	0
3.64969	0.000854338	0.601504	0.0993934	0
3.64884	0.000866521	0.735171	0.112373	0
3.64813	0.000869126	0.484545	0.0925622	0
3.64807	0.000828279	0.634921	0.102126	0
3.64893	0.000891667	0.601504	0.102126	0
3.64918	0.000900397	0.818713	0.118179	0
3.64773	0.000877661	0.501253	0.0908544	0
3.64751	0.000849973	0.735171	0.109982	0
3.64849	0.000837074	0.568087	0.0966609	0
3.64844	0.00085955	0.634921	0.102126	0
3.64829	0.000841244	0.668338	0.104858	0
3.6484	0.000834729	0.551378	0.0952947	0
3.64832	0.000855185	0.802005	0.117154	0
3.6478	0.000851993	0.53467	0.0939285	0
3.64886	0.000842286	0.735171	0.112373	0
3.64892	0.00084639	0.601504	0.0993934	0
3.64809	0.000843393	0.551378	0.0952947	0
3.64763	0.000847823	0.568087	0.0966609	0
3.64851	0.0008417	0.467836	0.0877804	0
3.64848	0.00082867	0.53467	0.0939285	0
3.64732	0.000874794	0.685046	0.106225	0
3.64805	0.000851602	0.685046	0.106225	0
3.64839	0.000855771	0.517962	0.0925622	0
3.64703	0.000853817	0.517962	0.0925622	0
3.648	0.00084209	0.551378	0.0952947	0
3.64742	0.000835315	0.517962	0.0952947	0
3.64808	0.000842025	0.668338	0.104858	0
3.64795	0.000833621	0.501253	0.0908544	0
3.64798	0.000848149	0.651629	0.103492	0
3.64679	0.000819028	0.467836	0.0877804	0
3.64741	0.000835771	0.618212	0.10076	0
3.64872	0.000863133	0.601504	0.0993934	0
3.64729	0.000830364	0.451128	0.0864142	0
3.64684	0.00080424	0.53467	0.0939285	0
3.64776	0.000802937	0.451128	0.0864142	0
3.64827	0.000844631	0.685046	0.106225	0
3.64781	0.000851537	0.484545	0.0894882	0
3.64752	0.000833165	0.568087	0.0966609	0
3.64735	0.000854924	0.467836	0.0877804	0
3.64811	0.000821569	0.584795	0.0980272	0
3.64778	0.000803002	0.434419	0.0847064	0
3.64774	0.000827563	0.634921	0.102126	0
3.64823	0.000811015	0.551378	0.0952947	0
3.64736	0.000823654	0.484545	0.0925622	0
3.64671	0.000824175	0.434419	0.0847064	0
3.64854	0.000848084	0.701754	0.107249	0
3.64875	0.000823198	0.53467	0.0939285	0
3.64743	0.00083955	0.53467	0.0939285	0
3.64748	0.000817335	0.451128	0.0864142	0
3.64765	0.000828475	0.551378	0.0952947	0
3.64761	0.000799549	0.334169	0.0744596	0
3.64771	0.000821374	0.517962	0.0925622	0
3.64806	0.000827107	0.517962	0.0925622	0
3.6489	0.000822677	0.551378	0.0983687	0
3.64916	0.00086183	0.718463	0.111006	0
3.64867	0.000841634	0.467836	0.0877804	0
3.64817	0.000811862	0.501253	0.0939285	0
3.64774	0.000844761	0.517962	0.0925622	0
3.64788	0.000815771	0.417711	0.0829986	0
3.64867	0.000831276	0.484545	0.0894882	0
3.64753	0.000827823	0.584795	0.0980272	0
3.64752	0.000833882	0.601504	0.0993934	0
3.64724	0.000847302	0.401003	0.0812908	0
3.6474	0.000813426	0.434419	0.0847064	0
3.6487	0.000811471	0.467836	0.0877804	0
3.64828	0.000820592	0.601504	0.0993934	0
3.64761	0.000860266	0.53467	0.0939285	0
3.64743	0.000819615	0.568087	0.0966609	0
3.64742	0.000806455	0.367586	0.0778752	0
3.64852	0.000859941	0.685046	0.106225	0
3.64796	0.00081095	0.434419	0.0847064	0
3.64783	0.000834468	0.501253	0.0908544	0
3.64806	0.000827563	0.53467	0.0939285	0
3.64829	0.000818181	0.53467	0.0939285	0
3.64907	0.000855185	0.634921	0.102126	0
3.64809	0.000813947	0.417711	0.0829986	0
3.6482	0.000819094	0.685046	0.108615	0
3.64869	0.00082626	0.467836	0.091196	0
3.648	0.000815966	0.568087	0.0966609	0
3.64766	0.000816097	0.501253	0.0908544	0
3.64838	0.000822677	0.601504	0.102126	0
3.648	0.000843198	0.551378	0.0952947	0
3.6474	0.000825478	0.551378	0.0983687	0
3.64858	0.000832774	0.434419	0.0847064	0
3.64869	0.000830755	0.384294	0.0799246	0
3.64819	0.000830169	0.601504	0.0993934	0
3.64816	0.0008088	0.501253	0.0908544	0
3.64904	0.000823849	0.517962	0.0925622	0
3.64868	0.000831015	0.551378	0.0952947	0
3.64773	0.000809387	0.417711	0.0829986	0
3.64841	0.000829712	0.584795	0.101101	0
3.64953	0.000886065	0.668338	0.107591	0
3.64847	0.000822351	0.501253	0.0939285	0
3.64835	0.000835641	0.551378	0.0983687	0
3.64872	0.000825804	0.417711	0.0829986	0
3.64855	0.000847432	0.568087	0.0966609	0
3.64753	0.000790755	0.250627	0.0645545	0
3.64803	0.000816097	0.501253	0.0908544	0
3.64911	0.000813817	0.434419	0.0847064	0
3.64912	0.000840201	0.601504	0.0993934	0
3.64957	0.000844566	0.484545	0.0894882	0
3.64817	0.000824696	0.367586	0.0778752	0
3.64772	0.000837204	0.53467	0.0939285	0
3.64837	0.00080626	0.401003	0.0812908	0
3.64864	0.000821765	0.53467	0.0939285	0
3.64726	0.000816618	0.384294	0.0799246	0
3.64729	0.000789191	0.284043	0.0686532	0
3.6475	0.000782546	0.367586	0.0778752	0
3.64819	0.000816422	0.568087	0.0966609	0
3.64846	0.000813882	0.434419	0.0847064	0
3.64793	0.000789191	0.451128	0.0864142	0
3.64839	0.000816227	0.584795	0.0980272	0
3.65014	0.000810234	0.417711	0.0829986	0
3.64878	0.000794729	0.467836	0.0877804	0
3.6479	0.000815641	0.434419	0.0847064	0
3.64831	0.000815315	0.451128	0.0864142	0
3.64745	0.000799745	0.267335	0.0666038	0
3.64672	0.000787758	0.267335	0.0666038	0
3.64814	0.000808084	0.484545	0.0894882	0
3.64745	0.000818051	0.434419	0.0847064	0
3.64755	0.0008088	0.401003	0.0812908	0
3.64746	0.00077766	0.401003	0.0812908	0
3.64823	0.00080424	0.434419	0.0847064	0
3.64911	0.000774012	0.31746	0.0724103	0
3.64877	0.000821309	0.551378	0.0983687	0
3.64833	0.000808996	0.334169	0.0744596	0
3.64914	0.000793035	0.417711	0.0829986	0
3.64828	0.000789452	0.417711	0.0829986	0
3.64888	0.000817335	0.417711	0.0829986	0
3.64956	0.000781764	0.434419	0.088122	0
3.64969	0.000823589	0.668338	0.104858	0
3.65013	0.000806716	0.451128	0.0864142	0
3.64926	0.000805348	0.451128	0.0864142	0
3.64865	0.00081968	0.417711	0.0829986	0
3.64856	0.000814664	0.367586	0.0778752	0
3.64793	0.000753556	0.284043	0.0686532	0
3.64971	0.000799615	0.551378	0.0952947	0
3.64905	0.000789452	0.434419	0.0847064	0
3.64736	0.000791797	0.401003	0.0812908	0
3.64797	0.000787628	0.384294	0.0799246	0
3.64882	0.000792579	0.434419	0.0847064	0
3.6486	0.000795901	0.384294	0.0799246	0
3.64869	0.000812383	0.434419	0.0847064	0
3.64836	0.000821309	0.434419	0.0847064	0
3.64886	0.00081981	0.501253	0.0908544	0
3.64875	0.000792644	0.551378	0.0952947	0
3.64745	0.0007731	0.250627	0.0645545	0
3.64741	0.000794989	0.451128	0.0894882	0
3.64952	0.000803654	0.401003	0.0812908	0
3.6485	0.00079779	0.467836	0.0877804	0
3.64827	0.000802481	0.501253	0.0908544	0
3.64875	0.00081323	0.334169	0.0744596	0
3.64962	0.000772383	0.334169	0.0744596	0
3.64918	0.000782351	0.267335	0.0666038	0
3.6498	0.000790429	0.367586	0.0778752	0
3.65035	0.000826455	0.384294	0.0799246	0
3.65014	0.000830103	0.584795	0.0980272	0
3.64952	0.000798051	0.233918	0.0625051	0
3.64871	0.000814598	0.53467	0.0966609	0
3.65011	0.000811993	0.350877	0.0761674	0
3.65036	0.000782611	0.367586	0.0778752	0
3.6492	0.000794533	0.367586	0.0778752	0
3.65048	0.000778377	0.467836	0.0877804	0
3.65129	0.000782872	0.551378	0.0952947	0
3.64995	0.000804175	0.417711	0.0829986	0
3.64923	0.00077121	0.284043	0.0686532	0
3.6488	0.000751471	0.367586	0.0778752	0
3.64983	0.00079095	0.434419	0.088122	0
3.65016	0.000784044	0.384294	0.0799246	0
3.6497	0.000781439	0.284043	0.0686532	0
3.64976	0.000760461	0.484545	0.0894882	0
3.6505	0.000767367	0.434419	0.0847064	0
3.64978	0.000795771	0.467836	0.0877804	0
3.64938	0.000799289	0.350877	0.0761674	0
3.64945	0.000797595	0.467836	0.0877804	0
3.64978	0.000830299	0.384294	0.0799246	0
3.64892	0.000777725	0.367586	0.0778752	0
3.64883	0.000779484	0.350877	0.0761674	0
3.65063	0.000805738	0.53467	0.0939285	0
3.6512	0.000787628	0.334169	0.0744596	0
3.64977	0.00076678	0.250627	0.0645545	0
3.65039	0.000794794	0.501253	0.0908544	0
3.6508	0.000794403	0.401003	0.0812908	0
3.65056	0.000803328	0.434419	0.0847064	0
3.65028	0.000789256	0.267335	0.0707025	0
3.65105	0.000794207	0.31746	0.0724103	0
3.65067	0.000789256	0.267335	0.0666038	0
3.64866	0.000757855	0.250627	0.0645545	0
3.65026	0.000794207	0.467836	0.0877804	0
3.65048	0.000755575	0.284043	0.0686532	0
3.6486	0.000749386	0.31746	0.0724103	0
3.65048	0.000741894	0.250627	0.0645545	0
3.65232	0.000745543	0.267335	0.0666038	0
3.65017	0.000743328	0.300752	0.0707025	0
3.64951	0.000760722	0.334169	0.0744596	0
3.64986	0.000735966	0.233918	0.0625051	0
3.65037	0.00075564	0.350877	0.0761674	0
3.65064	0.000763328	0.350877	0.0761674	0
3.65033	0.000768279	0.401003	0.0812908	0
3.65092	0.000777399	0.434419	0.0847064	0
3.65098	0.000768539	0.31746	0.0724103	0
3.64978	0.000791601	0.367586	0.0778752	0
3.64999	0.000769712	0.334169	0.0744596	0
3.65072	0.000769582	0.401003	0.0812908	0
3.6503	0.00076652	0.350877	0.0799246	0
3.65004	0.00078411	0.31746	0.0724103	0
3.65002	0.000790038	0.350877	0.0761674	0
3.6506	0.000766194	0.284043	0.0686532	0
3.65177	0.000776357	0.484545	0.0894882	0
3.65172	0.0007931	0.401003	0.0812908	0
3.65076	0.000763849	0.267335	0.0666038	0
3.65147	0.000783198	0.384294	0.0799246	0
3.65144	0.000774794	0.21721	0.0601142	0
3.65143	0.000785869	0.501253	0.0908544	0
3.6522	0.000779875	0.300752	0.0707025	0
3.65063	0.000765999	0.484545	0.0894882	0
3.65054	0.000771145	0.250627	0.0645545	0
3.65041	0.000749321	0.284043	0.0686532	0
3.65105	0.000743002	0.300752	0.0707025	0
3.65172	0.000757595	0.367586	0.0778752	0
3.6524	0.000789908	0.501253	0.0908544	0
3.65167	0.000781308	0.384294	0.0799246	0
3.65163	0.000769973	0.300752	0.0707025	0
3.65196	0.000781895	0.300752	0.0707025	0
3.65309	0.000793426	0.384294	0.0799246	0
3.65184	0.00077753	0.267335	0.0666038	0
3.65129	0.00078665	0.467836	0.0877804	0
3.65235	0.000792058	0.367586	0.0778752	0
3.65183	0.000789517	0.300752	0.0707025	0
3.65164	0.000772448	0.451128	0.0894882	0
3.65118	0.000783328	0.334169	0.0744596	0
3.65207	0.000750885	0.284043	0.0686532	0
3.65296	0.000767302	0.284043	0.0686532	0
3.65297	0.00078652	0.401003	0.0812908	0
3.65216	0.000765673	0.300752	0.0707025	0
3.65248	0.000771406	0.401003	0.0812908	0
3.65313	0.00078665	0.31746	0.0724103	0
3.65293	0.000771732	0.31746	0.0724103	0
3.65221	0.000748865	0.300752	0.0707025	0
3.65216	0.00078867	0.401003	0.0812908	0
3.65237	0.000783719	0.384294	0.0799246	0
3.65234	0.000775575	0.417711	0.0894882	0
3.65352	0.000798312	0.401003	0.0812908	0
3.65225	0.000763719	0.384294	0.0799246	0
3.65212	0.000759549	0.367586	0.0816324	0
3.65205	0.000749647	0.267335	0.0666038	0
3.65269	0.000754663	0.434419	0.0847064	0
3.65288	0.000771601	0.267335	0.0666038	0
3.65364	0.000795901	0.434419	0.0847064	0
3.65337	0.0007731	0.434419	0.0847064	0
3.65294	0.000780852	0.31746	0.0724103	0
3.65344	0.000804957	0.384294	0.0799246	0
3.65252	0.000752644	0.183793	0.0553324	0
3.65228	0.000772448	0.417711	0.0829986	0
3.652	0.000743197	0.200501	0.0577233	0
3.65229	0.000755575	0.300752	0.0707025	0
3.65303	0.000795315	0.417711	0.0829986	0
3.65356	0.000799093	0.367586	0.0778752	0
3.65322	0.000786911	0.267335	0.0666038	0
3.65322	0.000778833	0.384294	0.0799246	0
3.65422	0.00075766	0.350877	0.0761674	0
3.65429	0.000752448	0.267335	0.0666038	0
3.65297	0.000760917	0.284043	0.0686532	0
3.65345	0.000790364	0.367586	0.0778752	0
3.65343	0.00074678	0.300752	0.0707025	0
3.65245	0.00075981	0.183793	0.0553324	0
3.65463	0.000775771	0.31746	0.0724103	0
3.65551	0.0007845	0.384294	0.0799246	0
3.65475	0.000765282	0.284043	0.0686532	0
3.65363	0.000767627	0.250627	0.0645545	0
3.65316	0.000773295	0.334169	0.0744596	0
3.65283	0.000741308	0.233918	0.0625051	0
3.65385	0.000768214	0.267335	0.0666038	0
3.65446	0.000762676	0.250627	0.0645545	0
3.65462	0.0007531	0.284043	0.0686532	0
3.65373	0.000763979	0.401003	0.0847064	0
3.6536	0.000776487	0.384294	0.0799246	0
3.6547	0.000812318	0.300752	0.0707025	0
3.65534	0.000775901	0.334169	0.0744596	0
3.65436	0.000771145	0.200501	0.0577233	0
3.65442	0.000762806	0.367586	0.0778752	0
3.65614	0.000766846	0.334169	0.0744596	0
3.65535	0.00073336	0.31746	0.0724103	0
3.65462	0.000736227	0.284043	0.0686532	0
3.65393	0.000763523	0.334169	0.0744596	0
3.6548	0.000745608	0.334169	0.0744596	0
3.65395	0.000732057	0.284043	0.0686532	0
3.65296	0.000747953	0.250627	0.0645545	0
3.6552	0.000764631	0.367586	0.0778752	0
3.65544	0.000788409	0.434419	0.088122	0
3.65352	0.000756748	0.21721	0.0601142	0
3.65422	0.000758442	0.350877	0.0761674	0
3.65467	0.000736748	0.167084	0.0525999	0
3.65497	0.000743393	0.334169	0.0744596	0
3.65514	0.000779093	0.267335	0.0666038	0
3.65391	0.00077766	0.284043	0.0686532	0
3.65432	0.000751536	0.233918	0.0625051	0
3.65529	0.000749712	0.267335	0.0666038	0
3.65498	0.000782546	0.350877	0.0761674	0
3.65483	0.000757986	0.250627	0.0645545	0
3.65508	0.000803263	0.451128	0.0894882	0
3.65592	0.000777139	0.267335	0.0666038	0
3.65506	0.000780005	0.300752	0.0707025	0
3.65568	0.000760461	0.384294	0.0799246	0
3.65611	0.000754533	0.31746	0.0724103	0
3.65583	0.000721634	0.116959	0.044061	0
3.65513	0.000759549	0.300752	0.0707025	0
3.65628	0.000769321	0.31746	0.0724103	0
3.65491	0.000748083	0.150376	0.050209	0
3.65477	0.000749973	0.31746	0.0724103	0
3.65578	0.000761634	0.200501	0.0577233	0
3.65542	0.000743979	0.284043	0.0686532	0
3.65465	0.000767171	0.300752	0.0707025	0
3.65536	0.000745152	0.300752	0.0707025	0
3.65562	0.000763458	0.367586	0.0778752	0
3.65607	0.000743914	0.267335	0.0666038	0
3.65585	0.000728344	0.250627	0.0645545	0
3.65644	0.000755705	0.367586	0.0778752	0
3.65686	0.00076678	0.401003	0.0812908	0
3.6562	0.000753947	0.200501	0.0577233	0
3.65513	0.000757464	0.284043	0.0686532	0
3.65621	0.00073994	0.183793	0.0553324	0
3.65617	0.000731666	0.350877	0.0761674	0
3.65697	0.000766976	0.401003	0.0812908	0
3.65725	0.000749712	0.250627	0.0645545	0
3.65672	0.000740135	0.167084	0.0525999	0
3.65673	0.000756357	0.401003	0.0812908	0
3.6565	0.000751862	0.21721	0.0601142	0
3.65686	0.00074235	0.233918	0.0625051	0
3.65645	0.000729842	0.233918	0.0625051	0
3.6565	0.000736292	0.267335	0.0666038	0
3.65697	0.000724435	0.233918	0.0625051	0
3.65768	0.000769517	0.300752	0.0707025	0
3.65749	0.000752188	0.250627	0.0645545	0
3.65782	0.000781243	0.367586	0.0778752	0
3.65738	0.000763523	0.300752	0.0707025	0
3.65758	0.000752383	0.233918	0.0625051	0
3.6575	0.000753621	0.367586	0.0778752	0
3.65726	0.000764435	0.183793	0.0553324	0
3.65747	0.00074893	0.350877	0.0761674	0
3.65754	0.000749191	0.300752	0.0707025	0
3.65819	0.000763458	0.267335	0.0666038	0
3.65837	0.000761048	0.284043	0.0686532	0
3.65716	0.000743914	0.250627	0.0645545	0
3.65711	0.000745217	0.267335	0.0666038	0
3.65822	0.000771471	0.417711	0.0829986	0
3.65785	0.00076235	0.233918	0.0625051	0
3.65671	0.000728409	0.284043	0.0686532	0
3.65825	0.00074007	0.284043	0.0686532	0
3.65872	0.000734468	0.200501	0.0577233	0
3.65798	0.000747953	0.250627	0.0645545	0
3.65828	0.000752253	0.350877	0.0761674	0
3.65875	0.000742676	0.284043	0.0686532	0
3.65806	0.000757725	0.31746	0.0724103	0
3.65868	0.000747041	0.300752	0.0707025	0
3.65907	0.000753425	0.401003	0.0812908	0
3.65881	0.000749647	0.200501	0.0577233	0
3.65818	0.000736487	0.250627	0.0645545	0
3.65852	0.000733751	0.233918	0.0625051	0
3.65947	0.000747432	0.250627	0.0645545	0
3.65856	0.000721178	0.133668	0.047135	0
3.65809	0.000738898	0.250627	0.0645545	0
3.65785	0.000732318	0.267335	0.0666038	0
3.65806	0.00074235	0.284043	0.0686532	0
3.65927	0.000747236	0.31746	0.0724103	0
3.65902	0.00073792	0.300752	0.0707025	0
3.65876	0.000744696	0.300752	0.0707025	0
3.65965	0.000741959	0.21721	0.0601142	0
3.66019	0.000767823	0.367586	0.0778752	0
3.65912	0.000763588	0.21721	0.0601142	0
3.65925	0.000787432	0.367586	0.0778752	0
3.66002	0.000750494	0.31746	0.0724103	0
3.65897	0.00076222	0.267335	0.0666038	0
3.65901	0.000742415	0.250627	0.0645545	0
3.66028	0.000759745	0.233918	0.0625051	0
3.66034	0.000739484	0.250627	0.0645545	0
3.65918	0.000710037	0.200501	0.0577233	0
3.65881	0.000750168	0.267335	0.0666038	0
3.65983	0.000755249	0.267335	0.0666038	0
3.65921	0.000738051	0.167084	0.0525999	0
3.65841	0.000714598	0.116959	0.044061	0
3.65946	0.000706129	0.183793	0.0553324	0
3.66065	0.000751927	0.267335	0.0666038	0
3.66081	0.000753881	0.401003	0.0812908	0
3.66194	0.000782155	0.384294	0.0799246	0
3.66139	0.000743002	0.21721	0.0601142	0
3.66109	0.000771797	0.401003	0.0812908	0
3.66132	0.000764826	0.401003	0.0847064	0
3.66066	0.000763002	0.267335	0.0666038	0
3.66072	0.000771862	0.284043	0.0686532	0
3.6614	0.000766585	0.367586	0.0778752	0
3.66162	0.000755575	0.334169	0.0744596	0
3.6609	0.000766194	0.250627	0.0645545	0
3.65995	0.000765803	0.434419	0.0847064	0
3.66089	0.000754142	0.150376	0.050209	0
3.66069	0.000746976	0.200501	0.0577233	0
3.66148	0.000763784	0.233918	0.0625051	0
3.66204	0.000731992	0.300752	0.0707025	0
3.66073	0.000750624	0.150376	0.050209	0
3.66122	0.0007488	0.200501	0.0577233	0
3.66064	0.000729972	0.21721	0.0601142	0
3.66126	0.000735966	0.233918	0.0625051	0
3.66125	0.000745282	0.233918	0.0625051	0
3.66153	0.000736422	0.133668	0.047135	0
3.66249	0.000761504	0.150376	0.050209	0
3.66306	0.000791471	0.367586	0.0778752	0
3.66249	0.000756096	0.267335	0.0666038	0
3.66189	0.000754663	0.284043	0.0686532	0
3.66184	0.000744696	0.167084	0.0525999	0
3.66182	0.000718572	0.183793	0.0553324	0
3.66217	0.000753947	0.21721	0.0601142	0
3.66274	0.000756552	0.21721	0.0601142	0
3.66221	0.000749517	0.300752	0.0707025	0
3.66279	0.000741503	0.233918	0.0625051	0
3.66268	0.000714207	0.150376	0.050209	0
3.66221	0.000700005	0.200501	0.0577233	0
3.66245	0.000724239	0.200501	0.0577233	0
3.66306	0.000709712	0.233918	0.0625051	0
3.66283	0.00071994	0.267335	0.0666038	0
3.66316	0.000727888	0.233918	0.0625051	0
3.66388	0.000789973	0.434419	0.0847064	0
3.66307	0.000760591	0.233918	0.0625051	0
3.66232	0.000744565	0.21721	0.0601142	0
3.66284	0.000732253	0.183793	0.0553324	0
3.66263	0.000728148	0.183793	0.0553324	0
3.6609	0.000717269	0.200501	0.0577233	0
3.66237	0.000737985	0.233918	0.0625051	0
3.66353	0.000706454	0.233918	0.0625051	0
3.66291	0.000736683	0.267335	0.0666038	0
3.66313	0.000752969	0.21721	0.0601142	0
3.66243	0.000733099	0.183793	0.0553324	0
3.66306	0.000729582	0.267335	0.0707025	0
3.6633	0.000724435	0.183793	0.0553324	0
3.66303	0.000729321	0.21721	0.0601142	0
3.66357	0.000723132	0.250627	0.0645545	0
3.66412	0.000757204	0.31746	0.0724103	0
3.66397	0.000744305	0.183793	0.0553324	0
3.66448	0.000751862	0.367586	0.0778752	0
3.66323	0.000711275	0.250627	0.0645545	0
3.66235	0.000727497	0.100251	0.040987	0
3.66336	0.000710949	0.233918	0.0625051	0
3.66493	0.000742481	0.233918	0.0625051	0
3.6651	0.000728669	0.167084	0.0525999	0
3.66449	0.000733881	0.21721	0.0601142	0
3.66517	0.000746324	0.233918	0.0625051	0
3.66435	0.000732187	0.233918	0.0625051	0
3.66524	0.000742481	0.284043	0.0686532	0
3.66441	0.000716487	0.183793	0.0553324	0
3.66494	0.000732057	0.267335	0.0666038	0
3.66581	0.000749582	0.233918	0.0625051	0
3.66506	0.000738572	0.233918	0.0625051	0
3.66455	0.000743262	0.183793	0.0553324	0
3.66416	0.000732253	0.167084	0.0525999	0
3.66447	0.000724239	0.267335	0.0666038	0
3.66553	0.000730884	0.233918	0.0625051	0
3.66486	0.000721373	0.267335	0.0666038	0
3.66546	0.000727497	0.133668	0.047135	0
3.66518	0.000738572	0.200501	0.0577233	0
3.6652	0.000728474	0.133668	0.047135	0
3.66521	0.000742806	0.150376	0.050209	0
3.66583	0.000699679	0.116959	0.044061	0
3.66543	0.000743458	0.267335	0.0666038	0
3.66612	0.000740331	0.334169	0.0744596	0
3.66585	0.000731536	0.267335	0.0666038	0
3.66492	0.000746194	0.167084	0.0525999	0
3.66577	0.000744305	0.200501	0.0577233	0
3.6654	0.000719809	0.150376	0.050209	0
3.66552	0.000718637	0.200501	0.0577233	0
3.66591	0.000742806	0.250627	0.0645545	0
3.66614	0.00072652	0.116959	0.044061	0
3.66562	0.000705542	0.21721	0.0601142	0
3.66637	0.000737139	0.233918	0.0625051	0
3.6658	0.000710298	0.21721	0.0601142	0
3.66677	0.000720526	0.250627	0.0645545	0
3.66744	0.000736096	0.267335	0.0666038	0
3.66684	0.000727171	0.267335	0.0666038	0
3.66581	0.00071994	0.167084	0.0525999	0
3.66448	0.000709842	0.116959	0.044061	0
3.66574	0.000717269	0.133668	0.047135	0
3.66667	0.00071779	0.183793	0.0553324	0
3.66603	0.000701699	0.133668	0.047135	0
3.66643	0.000686975	0.183793	0.0553324	0
3.66805	0.00071323	0.233918	0.0625051	0
3.66709	0.000696161	0.133668	0.047135	0
3.66661	0.000715966	0.21721	0.0601142	0
3.6682	0.000728995	0.300752	0.0707025	0
3.66769	0.000737269	0.133668	0.047135	0
3.66696	0.000739744	0.250627	0.0645545	0
3.6677	0.00073792	0.233918	0.0625051	0
3.66693	0.000702285	0.150376	0.050209	0
3.6672	0.000725542	0.200501	0.0577233	0
3.66803	0.000707041	0.150376	0.050209	0
3.66714	0.000721503	0.150376	0.050209	0
3.66684	0.000723718	0.167084	0.0525999	0
3.66768	0.000711015	0.200501	0.0577233	0
3.6689	0.000718311	0.284043	0.0686532	0
3.66874	0.000731797	0.150376	0.050209	0
3.66812	0.000743458	0.284043	0.0686532	0
3.66871	0.000742611	0.200501	0.0577233	0
3.66883	0.000752383	0.267335	0.0666038	0
3.66852	0.000751536	0.267335	0.0666038	0
3.66865	0.000745477	0.334169	0.0744596	0
3.66866	0.000733295	0.233918	0.0625051	0
3.66812	0.000741894	0.150376	0.050209	0
3.66814	0.000699614	0.150376	0.050209	0
3.66844	0.000707171	0.133668	0.047135	0
3.66892	0.000718767	0.250627	0.0645545	0
3.66922	0.000714207	0.150376	0.050209	0
3.66909	0.000726454	0.284043	0.0686532	0
3.66975	0.000718897	0.21721	0.0645545	0
3.67001	0.000731992	0.200501	0.0577233	0
3.66881	0.000724695	0.21721	0.0601142	0
3.66948	0.000725152	0.200501	0.0577233	0
3.66977	0.000754728	0.350877	0.0761674	0
3.66942	0.000711601	0.133668	0.047135	0
3.66864	0.000730363	0.284043	0.0686532	0
3.6695	0.000742611	0.233918	0.0625051	0
3.66856	0.000728474	0.200501	0.0577233	0
3.669	0.000761438	0.200501	0.0577233	0
3.67092	0.000719614	0.167084	0.0525999	0
3.67006	0.00072665	0.116959	0.044061	0
3.66979	0.000747888	0.284043	0.0686532	0
3.67104	0.00077525	0.334169	0.0744596	0
3.67011	0.000758898	0.267335	0.0666038	0
3.66993	0.000760135	0.21721	0.0601142	0
3.67117	0.000746259	0.183793	0.0553324	0
3.67073	0.000715119	0.116959	0.044061	0
3.66968	0.00071779	0.21721	0.0601142	0
3.67073	0.000729907	0.150376	0.050209	0
3.67026	0.000723262	0.133668	0.047135	0
3.66988	0.000721894	0.150376	0.050209	0
3.66982	0.000702155	0.133668	0.047135	0
3.66988	0.000727432	0.200501	0.0577233	0
3.67129	0.000726064	0.200501	0.0577233	0
3.67128	0.000705868	0.233918	0.0625051	0
3.67049	0.000703979	0.200501	0.0577233	0
3.67077	0.000698181	0.150376	0.050209	0
3.6716	0.000711275	0.183793	0.0553324	0
3.67181	0.000707236	0.183793	0.0553324	0
3.67126	0.000729972	0.233918	0.0625051	0
3.67204	0.000732122	0.267335	0.0666038	0
3.67149	0.000752774	0.167084	0.0525999	0
3.67111	0.000729842	0.116959	0.044061	0
3.67197	0.000751536	0.233918	0.0625051	0
3.6722	0.000704891	0.21721	0.0601142	0
3.67213	0.000736748	0.150376	0.050209	0
3.67224	0.000732513	0.200501	0.0577233	0
3.67207	0.000747432	0.200501	0.0577233	0
3.67269	0.000774533	0.284043	0.0686532	0
3.673	0.000729451	0.167084	0.0525999	0
3.67283	0.000732253	0.267335	0.0666038	0
3.6725	0.00071577	0.133668	0.0529415	0
3.67165	0.000720722	0.167084	0.0525999	0
3.67189	0.000713816	0.150376	0.050209	0
3.67258	0.000747497	0.250627	0.0645545	0
3.67344	0.000723002	0.183793	0.0553324	0
3.67307	0.000746259	0.284043	0.0686532	0
3.67235	0.000721634	0.200501	0.0577233	0
3.67266	0.000727692	0.133668	0.047135	0
3.67304	0.000710559	0.100251	0.040987	0
3.67307	0.000723783	0.133668	0.047135	0
3.67247	0.000710168	0.0835422	0.0372298	0
3.67263	0.00069564	0.0835422	0.0372298	0
3.67277	0.000717529	0.21721	0.0601142	0
3.67307	0.0007288	0.150376	0.050209	0
3.67343	0.000723393	0.150376	0.050209	0
3.67398	0.000722024	0.250627	0.0645545	0
3.67383	0.00074209	0.200501	0.0577233	0
3.67283	0.000735445	0.133668	0.047135	0
3.67341	0.000701438	0.183793	0.0553324	0
3.67418	0.000703588	0.21721	0.0601142	0
3.67435	0.000734728	0.167084	0.0525999	0
3.67386	0.000716031	0.116959	0.044061	0
3.67321	0.000738442	0.233918	0.0625051	0
3.67458	0.000724305	0.167084	0.0525999	0
3.67387	0.000700787	0.116959	0.044061	0
3.67379	0.000707497	0.167084	0.0525999	0
3.67359	0.000713555	0.100251	0.040987	0
3.67462	0.000727562	0.167084	0.0525999	0
3.67523	0.000709972	0.21721	0.0601142	0
3.67432	0.000710559	0.133668	0.047135	0
3.67458	0.00069577	0.233918	0.0625051	0
3.67446	0.000702546	0.116959	0.044061	0
3.675	0.000705477	0.183793	0.0553324	0
3.67543	0.000731797	0.183793	0.0553324	0
3.67578	0.000718441	0.250627	0.0645545	0
3.67469	0.000713164	0.200501	0.0577233	0
3.67562	0.000724565	0.284043	0.0686532	0
3.67494	0.000722806	0.150376	0.050209	0
3.67475	0.000717008	0.183793	0.0553324	0
3.6762	0.000718767	0.267335	0.0666038	0
3.67645	0.000727627	0.200501	0.0577233	0
3.67509	0.00070678	0.100251	0.040987	0
3.67537	0.000706194	0.200501	0.0577233	0
3.6758	0.000745868	0.250627	0.0645545	0
3.67524	0.000716357	0.167084	0.0525999	0
3.67611	0.000721699	0.267335	0.0666038	0
3.67655	0.000743132	0.200501	0.0625051	0
3.67588	0.000729647	0.133668	0.047135	0
3.67579	0.000709256	0.21721	0.0601142	0
3.67603	0.000711015	0.167084	0.0525999	0
3.67588	0.000721178	0.133668	0.047135	0
3.67554	0.000701503	0.100251	0.040987	0
3.67536	0.000683653	0.116959	0.044061	0
3.67631	0.000700591	0.21721	0.0601142	0
3.67632	0.000700526	0.133668	0.047135	0
3.67668	0.000719093	0.183793	0.0553324	0
3.67729	0.000715119	0.183793	0.0553324	0
3.67793	0.000732643	0.183793	0.0601142	0
3.67763	0.000732969	0.21721	0.0601142	0
3.67711	0.000712122	0.150376	0.050209	0
3.67577	0.000695184	0.183793	0.0553324	0
3.67702	0.000714142	0.133668	0.047135	0
3.67742	0.000704109	0.116959	0.044061	0
3.67703	0.000691145	0.100251	0.040987	0
3.67767	0.000676487	0.150376	0.050209	0
3.67777	0.000709451	0.21721	0.0601142	0
3.67758	0.00071551	0.133668	0.047135	0
3.67832	0.000733165	0.167084	0.0525999	0
3.67739	0.00070919	0.200501	0.0577233	0
3.67739	0.00071121	0.183793	0.0553324	0
3.67778	0.000734728	0.133668	0.047135	0
3.67847	0.000713751	0.167084	0.0525999	0
3.67816	0.000719809	0.200501	0.0577233	0
3.67851	0.000718441	0.167084	0.0525999	0
3.67797	0.000730428	0.21721	0.0601142	0
3.67849	0.000714402	0.133668	0.047135	0
3.67821	0.000716617	0.116959	0.044061	0
3.67764	0.000701373	0.133668	0.047135	0
3.67898	0.00071323	0.150376	0.050209	0
3.67908	0.000720722	0.167084	0.0525999	0
3.67908	0.000716943	0.200501	0.0577233	0
3.67907	0.000725282	0.200501	0.0577233	0
3.67923	0.000715445	0.167084	0.0525999	0
3.67941	0.000710233	0.0668338	0.0334727	0
3.67901	0.000714989	0.183793	0.0553324	0
3.67883	0.000698181	0.133668	0.047135	0
3.67944	0.000713034	0.21721	0.0601142	0
3.67953	0.000746129	0.21721	0.0601142	0
3.67953	0.000698246	0.100251	0.040987	0
3.67918	0.000721503	0.133668	0.047135	0
3.67966	0.000716422	0.150376	0.050209	0
3.67952	0.00069349	0.133668	0.047135	0
3.67954	0.000718897	0.233918	0.0625051	0
3.67995	0.000733425	0.133668	0.047135	0
3.68007	0.000696682	0.183793	0.0553324	0
3.67943	0.000739223	0.167084	0.0525999	0
3.67979	0.000725608	0.21721	0.0601142	0
3.68062	0.000725217	0.100251	0.040987	0
3.68029	0.000734598	0.233918	0.0625051	0
3.68005	0.000730689	0.167084	0.0525999	0
3.68033	0.000732839	0.21721	0.0601142	0
3.68107	0.000694207	0.150376	0.050209	0
3.68043	0.000724435	0.233918	0.0625051	0
3.67995	0.000707497	0.0668338	0.0334727	0
3.6794	0.000709647	0.200501	0.0577233	0
3.68042	0.000715835	0.150376	0.050209	0
3.67997	0.000697985	0.167084	0.0525999	0
3.68013	0.000681438	0.150376	0.050209	0
3.68031	0.000723849	0.200501	0.0577233	0
3.6807	0.000711992	0.183793	0.0553324	0
3.6816	0.000709451	0.250627	0.0645545	0
3.6814	0.000712774	0.0835422	0.0372298	0
3.68086	0.000700852	0.100251	0.040987	0
3.68177	0.000699353	0.116959	0.044061	0
3.68211	0.000713816	0.267335	0.0666038	0
3.68144	0.000712383	0.116959	0.044061	0
3.68144	0.000722937	0.167084	0.0525999	0
3.68181	0.000736943	0.233918	0.0625051	0
3.68154	0.000716031	0.150376	0.050209	0
3.6813	0.000704044	0.133668	0.047135	0
3.68221	0.000721047	0.183793	0.0553324	0
3.68169	0.000714533	0.116959	0.044061	0
3.68212	0.000700331	0.0835422	0.0372298	0
3.68217	0.000714793	0.250627	0.0645545	0
3.68278	0.000728735	0.150376	0.050209	0
3.68306	0.000711862	0.150376	0.050209	0
3.68358	0.000730428	0.21721	0.0601142	0
3.68391	0.000725673	0.200501	0.0577233	0
3.68275	0.000709321	0.183793	0.0553324	0
3.68456	0.000726194	0.150376	0.050209	0
3.68404	0.000714467	0.21721	0.0601142	0
3.68274	0.000708344	0.167084	0.0525999	0
3.68329	0.000698441	0.100251	0.040987	0
3.68315	0.000739354	0.183793	0.0553324	0
3.68348	0.000738507	0.167084	0.0525999	0
3.68353	0.000707236	0.21721	0.0601142	0
3.68394	0.000700591	0.133668	0.047135	0
3.68269	0.000675444	0.0501253	0.0290324	0
3.68278	0.000688343	0.133668	0.047135	0
3.68395	0.000681308	0.0501253	0.0290324	0
3.68387	0.000721959	0.200501	0.0577233	0
3.68468	0.000729191	0.200501	0.0577233	0
3.68445	0.000711666	0.116959	0.044061	0
3.68353	0.000698767	0.183793	0.0553324	0
3.68242	0.00070463	0.0835422	0.0372298	0
3.68345	0.000699809	0.133668	0.047135	0
3.68293	0.000694728	0.133668	0.047135	0
3.6839	0.000705477	0.183793	0.0553324	0
3.68364	0.000698181	0.133668	0.047135	0
3.68372	0.000702676	0.100251	0.040987	0
3.68429	0.000699158	0.150376	0.050209	0
3.68561	0.00073108	0.21721	0.0601142	0
3.6846	0.000721959	0.100251	0.040987	0
3.68433	0.000716878	0.150376	0.050209	0
3.68507	0.000703458	0.133668	0.047135	0
3.68546	0.00069551	0.0835422	0.0372298	0
3.68595	0.000704174	0.200501	0.0577233	0
3.68535	0.000693555	0.183793	0.0553324	0
3.68478	0.000724044	0.133668	0.047135	0
3.6852	0.000737464	0.116959	0.044061	0
3.68468	0.000700982	0.167084	0.0577233	0
3.68584	0.00069792	0.116959	0.044061	0
3.68459	0.000707497	0.233918	0.0625051	0
3.68387	0.000742806	0.133668	0.047135	0
3.68479	0.000701243	0.0835422	0.0372298	0
3.68461	0.000694402	0.116959	0.044061	0
3.68557	0.000708344	0.150376	0.050209	0
3.68585	0.000697399	0.100251	0.040987	0
3.68525	0.000738898	0.133668	0.047135	0
3.68538	0.000730233	0.200501	0.0577233	0
3.68673	0.000712643	0.100251	0.040987	0
3.68665	0.000705542	0.116959	0.044061	0
3.6867	0.00069121	0.100251	0.040987	0
3.68724	0.000718441	0.200501	0.0577233	0
3.68691	0.000734272	0.133668	0.047135	0
3.6864	0.000698637	0.150376	0.050209	0
3.68559	0.000714077	0.150376	0.050209	0
3.68677	0.000723458	0.200501	0.0625051	0
3.68721	0.000720722	0.100251	0.040987	0
3.68755	0.000701959	0.116959	0.044061	0
3.68736	0.000721308	0.133668	0.047135	0
3.68766	0.000731862	0.200501	0.0577233	0
3.68789	0.00069564	0.167084	0.0525999	0
3.68775	0.000705282	0.133668	0.0529415	0
3.68795	0.000691014	0.150376	0.050209	0
3.68814	0.000704695	0.133668	0.047135	0
3.68775	0.000682936	0.100251	0.040987	0
3.6879	0.000715445	0.116959	0.044061	0
3.68835	0.000706389	0.21721	0.0601142	0
3.68762	0.000707041	0.200501	0.0577233	0
3.68756	0.000716617	0.150376	0.050209	0
3.68824	0.000696878	0.200501	0.0577233	0
3.68916	0.000714142	0.116959	0.044061	0
3.68889	0.000714858	0.167084	0.0525999	0
3.688	0.000707432	0.133668	0.047135	0
3.68886	0.000705607	0.116959	0.044061	0
3.68893	0.00069792	0.116959	0.044061	0
0	0	0	0	0
0	0	0	0	0
0	0	0	0	0
0	0	0	0	0
0	0	0	0	0
0	0	0	0	0
0	0	0	0	0
0	0	0	0	0
0	0	0	0	0
0	0	0	0	0
0	0	0	0	0
0	0	0	0	0
0	0	0	0	0
0	0	0	0	0
0	0	0	0	0
0	0	0	0	0
0	0	0	0	0
0	0	0	0	0
0	0	0	0	0
0	0	0	0	0
0	0	0	0	0
0	0	0	0	0
0	0	0	0	0
0	0	0	0	0
0	0	0	0	0
0	0	0	0	0
0	0	0	0	0
0	0	0	0	0
0	0	0	0	0
0	0	0	0	0
0	0	0	0	0
0	0	0	0	0
0	0	0	0	0
0	0	0	0	0
0	0	0	0	0
0	0	0	0	0
0	0	0	0	0
0	0	0	0	0
0	0	0	0	0
0	0	0	0	0
0	0	0	0	0
0	0	0	0	0
0	0	0	0	0
0	0	0	0	0
0	0	0	0	0
0	0	0	0	0
0	0	0	0	0
0	0	0	0	0
0	0	0	0	0
0	0	0	0	0
0	0	0	0	0
0	0	0	0	0
0	0	0	0	0
0	0	0	0	0
0	0	0	0	0
0	0	0	0	0
0	0	0	0	0
0	0	0	0	0
0	0	0	0	0
0	0	0	0	0
0	0	0	0	0
0	0	0	0	0
0	0	0	0	0
0	0	0	0	0
0	0	0	0	0
0	0	0	0	0
0	0	0	0	0
0	0	0	0	0
0	0	0	0	0
0	0	0	0	0
0	0	0	0	0
0	0	0	0	0
0	0	0	0	0
0	0	0	0	0
0	0	0	0	0
0	0	0	0	0
0	0	0	0	0
0	0	0	0	0
0	0	0	0	0
0	0	0	0	0
0	0	0	0	0
0	0	0	0	0
0	0	0	0	0
0	0	0	0	0
0	0	0	0	0
0	0	0	0	0
0	0	0	0	0
0	0	0	0	0
0	0	0	0	0
0	0	0	0	0
0	0	0	0	0
0	0	0	0	0
0	0	0	0	0
0	0	0	0	0
0	0	0	0	0
0	0	0	0	0
0	0	0	0	0
0	0	0	0	0
0	0	0	0	0
0	0	0	0	0
0	0	0	0	0
0	0	0	0	0
0	0	0	0	0
0	0	0	0	0
0	0	0	0	0
0	0	0	0	0
0	0	0	0	0
0	0	0	0	0
0	0	0	0	0
0	0	0	0	0
0	0	0	0	0
0	0	0	0	0
0	0	0	0	0
0	0	0	0	0
0	0	0	0	0
0	0	0	0	0
0	0	0	0	0
0	0	0	0	0
0	0	0	0	0
0	0	0	0	0
0	0	0	0	0
0	0	0	0	0
0	0	0	0	0
0	0	0	0	0
0	0	0	0	0
0	0	0	0	0
0	0	0	0	0
0	0	0	0	0
0	0	0	0	0
0	0	0	0	0
0	0	0	0	0
0	0	0	0	0
0	0	0	0	0
0	0	0	0	0
0	0	0	0	0
0	0	0	0	0
0	0	0	0	0
0	0	0	0	0
0	0	0	0	0
0	0	0	0	0
0	0	0	0	0
0	0	0	0	0
0	0	0	0	0
0	0	0	0	0
0	0	0	0	0
0	0	0	0	0
0	0	0	0	0
0	0	0	0	0
0	0	0	0	0
0	0	0	0	0
0	0	0	0	0
0	0	0	0	0
0	0	0	0	0
0	0	0	0	0
0	0	0	0	0
0	0	0	0	0
0	0	0	0	0
0	0	0	0	0
0	0	0	0	0
0	0	0	0	0
0	0	0	0	0
0	0	0	0	0
0	0	0	0	0
0	0	0	0	0
0	0	0	0	0
0	0	0	0	0
0	0	0	0	0
0	0	0	0	0
0	0	0	0	0
0	0	0	0	0
0	0	0	0	0
0	0	0	0	0
0	0	0	0	0
0	0	0	0	0
0	0	0	0	0
0	0	0	0	0
0	0	0	0	0
0	0	0	0	0
0	0	0	0	0
0	0	0	0	0
0	0	0	0	0
0	0	0	0	0
0	0	0	0	0
0	0	0	0	0
0	0	0	0	0
0	0	0	0	0
0	0	0	0	0
0	0	0	0	0
0	0	0	0	0
0	0	0	0	0
0	0	0	0	0
0	0	0	0	0
0	0	0	0	0
0	0	0	0	0
0	0	0	0	0
0	0	0	0	0
0	0	0	0	0
0	0	0	0	0
0	0	0	0	0
0	0	0	0	0
0	0	0	0	0
0	0	0	0	0
0	0	0	0	0
0	0	0	0	0
0	0	0	0	0
0	0	0	0	0
0	0	0	0	0
0	0	0	0	0
0	0	0	0	0
0	0	0	0	0
0	0	0	0	0
0	0	0	0	0
0	0	0	0	0
0	0	0	0	0
0	0	0	0	0
0	0	0	0	0
0	0	0	0	0
0	0	0	0	0
0	0	0	0	0
0	0	0	0	0
0	0	0	0	0
0	0	0	0	0
0	0	0	0	0
0	0	0	0	0
0	0	0	0	0
0	0	0	0	0
0	0	0	0	0
0	0	0	0	0
0	0	0	0	0
0	0	0	0	0
0	0	0	0	0
0	0	0	0	0
0	0	0	0	0
0	0	0	0	0
0	0	0	0	0
0	0	0	0	0
0	0	0	0	0
0	0	0	0	0
0	0	0	0	0
0	0	0	0	0
0	0	0	0	0
0	0	0	0	0
0	0	0	0	0
0	0	0	0	0
0	0	0	0	0
0	0	0	0	0
0	0	0	0	0
0	0	0	0	0
0	0	0	0	0
0	0	0	0	0
0	0	0	0	0
0	0	0	0	0
0	0	0	0	0
0	0	0	0	0
0	0	0	0	0
0	0	0	0	0
0	0	0	0	0
0	0	0	0	0
0	0	0	0	0
0	0	0	0	0
0	0	0	0	0
0	0	0	0	0
0	0	0	0	0
0	0	0	0	0
0	0	0	0	0
0	0	0	0	0
0	0	0	0	0
0	0	0	0	0
0	0	0	0	0
0	0	0	0	0
0	0	0	0	0
0	0	0	0	0
0	0	0	0	0
0	0	0	0	0
0	0	0	0	0
0	0	0	0	0
0	0	0	0	0
0	0	0	0	0
0	0	0	0	0
0	0	0	0	0
0	0	0	0	0
0	0	0	0	0
0	0	0	0	0
0	0	0	0	0
0	0	0	0	0
0	0	0	0	0
0	0	0	0	0
0	0	0	0	0
0	0	0	0	0
0	0	0	0	0
0	0	0	0	0
0	0	0	0	0
0	0	0	0	0
0	0	0	0	0
0	0	0	0	0
0	0	0	0	0
0	0	0	0	0
0	0	0	0	0
0	0	0	0	0
0	0	0	0	0
0	0	0	0	0
0	0	0	0	0
0	0	0	0	0
0	0	0	0	0
0	0	0	0	0
0	0	0	0	0
0	0	0	0	0
0	0	0	0	0
0	0	0	0	0
0	0	0	0	0
0	0	0	0	0
0	0	0	0	0
0	0	0	0	0
0	0	0	0	0
0	0	0	0	0
0	0	0	0	0
0	0	0	0	0
0	0	0	0	0
0	0	0	0	0
0	0	0	0	0
0	0	0	0	0
0	0	0	0	0
0	0	0	0	0
0	0	0	0	0
0	0	0	0	0
0	0	0	0	0
0	0	0	0	0
0	0	0	0	0
0	0	0	0	0
0	0	0	0	0
0	0	0	0	0
0	0	0	0	0
0	0	0	0	0
0	0	0	0	0
0	0	0	0	0
0	0	0	0	0
0	0	0	0	0
0	0	0	0	0
0	0	0	0	0
0	0	0	0	0
0	0	0	0	0
0	0	0	0	0
0	0	0	0	0
0	0	0	0	0
0	0	0	0	0
0	0	0	0	0
0	0	0	0	0
0	0	0	0	0
0	0	0	0	0
0	0	0	0	0
0	0	0	0	0
0	0	0	0	0
0	0	0	0	0
0	0	0	0	0
0	0	0	0	0
0	0	0	0	0
0	0	0	0	0
0	0	0	0	0
0	0	0	0	0
0	0	0	0	0
0	0	0	0	0
0	0	0	0	0
0	0	0	0	0
0	0	0	0	0
0	0	0	0	0
0	0	0	0	0
0	0	0	0	0
0	0	0	0	0
0	0	0	0	0
0	0	0	0	0
0	0	0	0	0
0	0	0	0	0
0	0	0	0	0
0	0	0	0	0
0	0	0	0	0
0	0	0	0	0
0	0	0	0	0
0	0	0	0	0
0	0	0	0	0
0	0	0	0	0
0	0	0	0	0
0	0	0	0	0
0	0	0	0	0
0	0	0	0	0
0	0	0	0	0
0	0	0	0	0
0	0	0	0	0
0	0	0	0	0
0	0	0	0	0
0	0	0	0	0
0	0	0	0	0
0	0	0	0	0
0	0	0	0	0
0	0	0	0	0
0	0	0	0	0
0	0	0	0	0
0	0	0	0	0
0	0	0	0	0
0	0	0	0	0
0	0	0	0	0
