a2610703.050175
Narit-cm 07/01/2026 02:35:01 07/01/2026 03:05:01 0045 0013.384714 0052.542598 00.0 00.0
0002396 0010 0000000 0010 05 0000000 0010 0000000 0010
1 0 1 01600 1 0000 3.75 00000.o 0 0 01 000 16 002396 0.500 BT0
1 2 1 02000 1 0000 3.75 00000.o 0 0 01 000 16 002396 0.500 S2A0
1 1 1 01600 1 0000 3.75 00000.o 0 0 00 000 00 002396 3.1746 BC0
1 3 1 02000 1 0000 3.75 00000.o 0 0 00 000 00 002396 3.1746 S2P0
1 5 0 01600 0 0000 1.00 00000.o 0 0 00 000 00 000000 0.000 OF0
0.000 .o Analog 0 	0.000 .o Analog StErr 0 	0.000 .o Photon Counting 0 	0.000 .o PC StErr 0 	0.000 .o Overflow Info 0 
29.0596	0.167026	177.446	0.877729	0
68.1477	0.385629	194.107	0.888304	0
272.533	2.27064	115.409	1.3386	0
473.467	0.0638339	1.23539	0.145322	0
473.457	0	0	0	0
473.457	0	0.0500835	0.0289961	0
473.457	6.37642E-6	24.2237	0.645419	0
473.457	0	13.9065	0.539327	0
473.457	0	3.88982	0.293372	0
473.457	0	12.7379	0.468713	0
473.457	6.37642E-6	34.1736	0.724902	0
473.457	0	82.9215	1.01111	0
473.457	0	145.726	1.02373	0
473.457	0	110.785	1.05102	0
473.457	0	82.5376	0.910477	0
473.457	0	82.5209	0.882845	0
473.457	0	80.5509	0.859649	0
473.457	0	91.0017	0.890009	0
473.457	0	112.888	0.920711	0
473.457	0	122.805	0.925146	0
473.457	0	124.591	0.923099	0
473.457	0	141.452	0.944249	0
473.457	0	160.651	0.916959	0
473.457	0	177.078	0.916617	0
473.457	0	191.169	0.908771	0
473.457	0	198.047	0.89922	0
473.457	0	201.285	0.883187	0
473.457	0	204.474	0.8692	0
473.457	0	206.077	0.898196	0
473.457	0	203.523	0.886939	0
473.457	0	204.725	0.891715	0
473.457	0	200.785	0.89035	0
473.457	0	202.905	0.906383	0
473.774	0.0525463	202.988	0.887962	1
478.313	0.192745	203.589	0.893421	1
494.984	0.192362	201.219	0.885575	1
499.973	0.0143828	201.035	0.869541	1
500	0	202.621	0.891715	1
500	0	201.886	0.898537	1
499.925	0.0182701	200.918	0.895126	1
496.864	0.178904	201.185	0.873635	1
476.234	0.466948	201.886	0.883528	1
433.221	0.56966	203.506	0.893421	1
387.025	0.558237	201.87	0.864083	1
344.061	0.559604	203.823	0.875682	0
301.996	0.578748	201.152	0.895467	0
260.986	0.572251	202.02	0.90229	0
222.241	0.556493	201.97	0.864766	0
186.088	0.532292	202.972	0.896832	0
153.209	0.492557	202.588	0.885233	0
123.975	0.444417	203.255	0.870906	0
98.7735	0.38984	201.82	0.908771	0
77.5814	0.337624	199.566	0.877729	0
60.0538	0.286795	200.167	0.865107	0
46.1748	0.234301	198.447	0.847368	0
35.4933	0.188462	197.245	0.856578	0
27.3422	0.148413	194.207	0.889668	0
21.313	0.115098	194.09	0.865789	0
16.8688	0.0895977	192.204	0.874658	0
13.6783	0.0712163	191.92	0.874658	0
11.3976	0.0569325	188.698	0.858625	0
9.70304	0.0461019	189.098	0.861695	0
8.54943	0.0383351	186.427	0.854873	0
7.8121	0.032879	185.376	0.853849	0
7.2701	0.0303284	184.257	0.853508	0
6.90342	0.0281994	179.299	0.834746	0
6.68193	0.026247	178.381	0.871247	0
6.52467	0.0257942	178.331	0.84498	0
6.40572	0.025129	177.062	0.83884	0
6.38477	0.0251576	174.925	0.847368	0
6.46068	0.0247071	173.389	0.857943	0
6.553	0.0240144	172.187	0.85112	0
6.59446	0.023993	170.634	0.865107	0
6.62104	0.0236123	169.85	0.852144	0
6.68418	0.0236071	166.611	0.848732	0
6.70133	0.0235016	168.614	0.845662	0
6.71009	0.0225988	167.112	0.861013	0
6.74283	0.022717	164.691	0.834405	0
6.77642	0.0222816	166.194	0.847368	0
6.8149	0.0220437	164.274	0.836452	0
6.86644	0.0219286	163.823	0.837816	0
6.91343	0.0219284	163.756	0.845662	0
6.94928	0.0217244	162.821	0.860672	0
6.9972	0.0219559	162.454	0.855214	0
7.03042	0.0217115	162.17	0.833382	0
7.06968	0.0212804	160.167	0.854873	0
7.10735	0.0204691	159.8	0.854532	0
7.09882	0.0201032	161.202	0.862719	0
7.13012	0.0199309	159.115	0.837475	0
7.15839	0.0204458	159.082	0.818372	0
7.13778	0.0199199	157.713	0.839863	0
7.1419	0.0201106	156.477	0.837134	0
7.12551	0.0198009	156.077	0.844298	0
7.04114	0.0196487	155.058	0.835087	0
6.9813	0.0190573	154.908	0.860672	0
6.91314	0.0185245	153.389	0.852144	0
6.81562	0.0185584	152.671	0.856578	0
6.81323	0.0194201	151.886	0.840545	0
6.8261	0.0185435	152.154	0.853849	0
6.77509	0.0179995	150.518	0.857261	0
6.78467	0.0187646	149.599	0.842592	0
6.80794	0.0178683	148.681	0.846686	0
6.8008	0.0176063	149.366	0.827241	0
6.80883	0.0171431	147.947	0.847368	0
6.81606	0.0175025	147.813	0.866471	0
6.82055	0.017447	144.992	0.856237	0
6.85579	0.01709	147.529	0.861013	0
6.90252	0.016924	145.826	0.836111	0
6.91819	0.0165074	145.726	0.862719	0
6.94519	0.0169386	145.109	0.846345	0
7.00572	0.0166408	145.342	0.837816	0
7.02523	0.0165566	145.559	0.856578	0
7.0325	0.0168313	144.357	0.832017	0
7.08343	0.0166002	143.673	0.826218	0
7.1165	0.0163454	144.09	0.846003	0
7.12244	0.0163817	144.407	0.849074	0
7.13124	0.0164422	142.053	0.830994	0
7.12455	0.01603	143.072	0.834064	0
7.12559	0.0158399	142.07	0.858625	0
7.14314	0.0163931	142.738	0.847027	0
7.14347	0.0163469	141.836	0.850438	0
7.13452	0.0164875	140.217	0.844298	0
7.09198	0.0162846	140.868	0.834746	0
7.05239	0.016096	139.132	0.838499	0
7.05804	0.0157825	139.232	0.833723	0
7.05204	0.0153853	138.915	0.850438	0
7.03327	0.0153264	138.715	0.843274	0
6.99438	0.0152263	137.145	0.850779	0
6.93132	0.0147103	136.761	0.84805	0
6.90061	0.0146352	135.476	0.838499	0
6.8976	0.0148563	135.459	0.839181	0
6.8718	0.0143624	134.725	0.836793	0
6.84072	0.0142927	133.105	0.837816	0
6.82409	0.0143657	134.09	0.825536	0
6.83047	0.0139467	131.903	0.851461	0
6.82821	0.0143828	133.322	0.856237	0
6.79865	0.0139917	131.72	0.868859	0
6.79759	0.0137946	132.037	0.862378	0
6.80848	0.0137128	130.634	0.846686	0
6.78421	0.013723	130.935	0.833723	0
6.78795	0.0134937	130.334	0.839181	0
6.81937	0.0135684	129.933	0.834746	0
6.80981	0.0133176	128.548	0.846003	0
6.78351	0.013297	129.516	0.862378	0
6.78463	0.0133092	128.998	0.840545	0
6.79671	0.0136538	129.282	0.83884	0
6.80331	0.0131715	128.965	0.864424	0
6.79592	0.0133605	127.062	0.847027	0
6.77183	0.0133926	126.377	0.815643	0
6.74383	0.0130762	127.129	0.857261	0
6.74933	0.0130175	127.062	0.852826	0
6.75619	0.0129957	126.528	0.839522	0
6.73139	0.0130528	126.377	0.870565	0
6.7017	0.0125363	125.442	0.843615	0
6.66844	0.0131466	124.658	0.856578	0
6.64337	0.0126688	124.307	0.846686	0
6.6322	0.0124211	124.374	0.827923	0
6.61623	0.0124469	122.204	0.837816	0
6.59589	0.0126615	123.255	0.837816	0
6.57065	0.0124565	122.22	0.849074	0
6.54258	0.0124567	122.354	0.837134	0
6.52071	0.0121559	121.82	0.855214	0
6.49341	0.0118823	119.082	0.837134	0
6.46578	0.0122392	118.097	0.85999	0
6.43972	0.0121181	119.816	0.844298	0
6.39507	0.0119309	117.479	0.855555	0
6.35539	0.0121171	115.927	0.859307	0
6.34925	0.0118852	115.927	0.851461	0
6.33885	0.0117128	117.329	0.852485	0
6.29865	0.0118203	115.442	0.842592	0
6.26829	0.011459	115.71	0.844639	0
6.25155	0.0114049	113.639	0.850438	0
6.22467	0.0111749	113.389	0.838499	0
6.19137	0.0115127	111.319	0.853167	0
6.15945	0.0112578	110.534	0.852485	0
6.13929	0.0112995	111.052	0.841228	0
6.10678	0.0112169	110.467	0.877729	0
6.06163	0.0109432	108.264	0.819054	0
6.04566	0.0109698	107.98	0.835087	0
6.02469	0.0110033	107.513	0.814278	0
5.97841	0.0107886	107.396	0.826559	0
5.96087	0.0103043	106.644	0.829288	0
5.95012	0.0106622	104.441	0.830311	0
5.89915	0.0105851	103.406	0.83304	0
5.85388	0.0104067	103.556	0.822465	0
5.8271	0.0102314	101.185	0.807456	0
5.81716	0.0103062	100.017	0.840886	0
5.8038	0.0100248	100.367	0.854532	0
5.77437	0.00999854	99.6828	0.831676	0
5.76114	0.00992938	100.467	0.84805	0
5.74836	0.0100969	97.7963	0.859307	0
5.70636	0.0097418	98.4307	0.846003	0
5.67596	0.00994779	97.0451	0.833382	0
5.65032	0.00965096	95.9766	0.832699	0
5.61906	0.00974088	96.177	0.835769	0
5.60712	0.00950008	95.0417	0.821442	0
5.58847	0.00939838	94.3072	0.84805	0
5.55944	0.00922954	92.8214	0.842251	0
5.54307	0.00959703	91.9199	0.800292	0
5.52148	0.00947568	91.5025	0.839863	0
5.48997	0.00920858	91.5359	0.830311	0
5.4652	0.00920702	89.2654	0.826559	0
5.44349	0.00919492	88.4975	0.811549	0
5.41267	0.00933872	87.8631	0.849756	0
5.37973	0.00924261	86.5943	0.834405	0
5.36444	0.00900356	87.0952	0.836452	0
5.35591	0.00894767	85.3255	0.810185	0
5.33073	0.0086526	85.1753	0.817348	0
5.3103	0.00859424	81.8531	0.820077	0
5.29352	0.00839839	83.6728	0.834746	0
5.28009	0.00853984	82.0033	0.831676	0
5.27339	0.00862241	82.8047	0.830311	0
5.23407	0.00875169	79.4157	0.827582	0
5.20514	0.00851694	80.4341	0.825194	0
5.20407	0.00850881	79.4658	0.836452	0
5.18741	0.00854791	80.0668	0.853508	0
5.16256	0.00843235	77.2621	0.821442	0
5.1475	0.00827808	78.2638	0.829288	0
5.1376	0.00836189	75.4424	0.812231	0
5.1216	0.00810423	76.6778	0.827241	0
5.0964	0.00803942	76.227	0.819395	0
5.07101	0.00806168	73.5058	0.809161	0
5.06094	0.00808328	73.0551	0.822124	0
5.05284	0.00791788	73.5893	0.814961	0
5.03191	0.00774682	73.005	0.809161	0
5.01279	0.00779784	71.8865	0.816325	0
4.98832	0.00777435	70.1836	0.824853	0
4.97207	0.00760075	69.3322	0.784941	0
4.9704	0.00770726	70.3506	0.815984	0
4.95125	0.00730588	69.4825	0.800292	0
4.93197	0.00747947	68.4808	0.786306	0
4.92871	0.00753491	68.3139	0.808138	0
4.90577	0.00738187	66.6611	0.817007	0
4.87076	0.00747153	63.8898	0.779824	0
4.86673	0.00748585	66.0434	0.818031	0
4.86182	0.00725408	64.3573	0.80268	0
4.84437	0.00712564	65.4591	0.797222	0
4.83747	0.007095	62.621	0.801315	0
4.83218	0.0071909	63.0217	0.790058	0
4.81696	0.00725532	63.2053	0.787329	0
4.79189	0.00722357	61.3689	0.783235	0
4.7749	0.00691717	59.8331	0.76652	0
4.76787	0.00703839	60.1669	0.789376	0
4.75512	0.00684222	58.5977	0.762768	0
4.74378	0.00662809	59.2654	0.784941	0
4.73579	0.00672211	59.2654	0.795857	0
4.7225	0.006591	58.4307	0.786306	0
4.71874	0.00669023	56.9616	0.773343	0
4.70486	0.0066549	56.4942	0.782894	0
4.686	0.00675516	56.778	0.7846	0
4.6825	0.00656725	55.7596	0.771637	0
4.67714	0.0065709	57.5125	0.774707	0
4.65986	0.0065204	55.2254	0.77846	0
4.65856	0.00671352	55.3589	0.7846	0
4.66007	0.00635455	55.2087	0.783235	0
4.63436	0.00640491	53.2387	0.761744	0
4.61624	0.00631851	53.1886	0.766179	0
4.61186	0.00619378	52.7212	0.766861	0
4.60286	0.00611049	53.1886	0.760039	0
4.58258	0.00598576	51.0851	0.756968	0
4.57004	0.00611863	50.7012	0.754239	0
4.55411	0.00603079	49.7663	0.761744	0
4.53184	0.00590215	48.2137	0.755945	0
4.52185	0.00594347	49.2654	0.747417	0
4.51514	0.00583488	48.5476	0.736842	0
4.5059	0.00568763	47.1452	0.724561	0
4.48769	0.00568158	44.9583	0.729337	0
4.47854	0.00569505	46.8781	0.731725	0
4.4853	0.00573747	47.3289	0.722855	0
4.46518	0.00552126	44.1402	0.722855	0
4.43825	0.00558047	42.1369	0.725243	0
4.43894	0.00547552	44.374	0.707163	0
4.43653	0.00551183	42.7045	0.713986	0
4.42463	0.00551957	44.8247	0.73343	0
4.41805	0.00523406	40.9516	0.696929	0
4.40616	0.00528572	42.5042	0.718421	0
4.39503	0.00537662	40.8347	0.718421	0
4.38803	0.00529997	40.5342	0.704093	0
4.37665	0.00520192	39.7496	0.700682	0
4.35512	0.00501004	38.9149	0.698294	0
4.34619	0.0050565	38.3639	0.694883	0
4.34932	0.00503145	38.5977	0.695906	0
4.3366	0.00503477	37.4457	0.684649	0
4.32597	0.00492786	37.6127	0.686695	0
4.32238	0.00481998	36.3439	0.673391	0
4.30887	0.00487659	36.3773	0.680214	0
4.29672	0.00478101	35.1586	0.671345	0
4.28612	0.00475726	34.424	0.671003	0
4.27983	0.00460026	33.6561	0.646783	0
4.28087	0.00467411	34.8247	0.67305	0
4.2751	0.00469571	34.6244	0.668957	0
4.26195	0.00460501	32.8548	0.649171	0
4.25228	0.00473208	32.2204	0.660087	0
4.24171	0.00452511	32.3706	0.662816	0
4.23393	0.0044644	31.5192	0.651559	0
4.22681	0.00435978	31.3022	0.652582	0
4.22749	0.00441411	31.7863	0.639619	0
4.22127	0.00441293	30.9015	0.628021	0
4.20758	0.00437318	30.2003	0.632456	0
4.20746	0.004405	30.5008	0.636208	0
4.20517	0.00435255	29.4157	0.628703	0
4.1953	0.00431996	29.2154	0.631091	0
4.18813	0.0042219	29.2154	0.630068	0
4.18181	0.00417915	28.7145	0.623586	0
4.17619	0.00408845	27.8631	0.615058	0
4.18017	0.00414773	28.4307	0.615058	0
4.17368	0.00413842	28.1636	0.619152	0
4.1658	0.0041379	27.813	0.623927	0
4.16538	0.00411292	28.5309	0.612329	0
4.15292	0.00409177	26.4274	0.607553	0
4.14544	0.00408351	26.5275	0.604142	0
4.14513	0.00400582	26.7446	0.584015	0
4.14197	0.00397576	26.3272	0.605848	0
4.14041	0.00407941	26.6945	0.598684	0
4.13235	0.00395624	24.591	0.593567	0
4.12055	0.00376872	25.2087	0.590838	0
4.12083	0.00386404	24.5576	0.591861	0
4.11815	0.0037576	25.1586	0.590156	0
4.11733	0.0037764	24.8414	0.58231	0
4.11758	0.00378421	25.0417	0.595273	0
4.10665	0.00374224	23.2554	0.553996	0
4.09681	0.00376846	24.6077	0.59152	0
4.09822	0.00375929	24.8581	0.57344	0
4.09001	0.00378753	22.7045	0.572758	0
4.08449	0.00369669	23.4057	0.581286	0
4.08136	0.00357405	22.4207	0.550926	0
4.07434	0.00356617	22.3539	0.55843	0
4.0696	0.00353331	21.9533	0.545468	0
4.06537	0.00351815	21.3689	0.545126	0
4.06401	0.00357528	21.9699	0.564571	0
4.06185	0.00353696	20.7846	0.539668	0
4.05372	0.00348003	21.1686	0.541715	0
4.05165	0.00346877	20.8013	0.547855	0
4.0477	0.00338672	20.5008	0.548538	0
4.04485	0.00340136	21.3523	0.551949	0
4.03836	0.00335744	19.3155	0.530799	0
4.02857	0.0033957	19.5492	0.522953	0
4.02478	0.00343207	19.7162	0.541374	0
4.02237	0.00335204	18.5476	0.526023	0
4.01429	0.0033877	19.2154	0.533869	0
4.00997	0.00322829	18.0634	0.505214	0
4.01169	0.00329381	18.3139	0.518177	0
4.01257	0.00327774	18.4474	0.52193	0
4.01188	0.00323772	18.6811	0.518518	0
4.0082	0.00331242	19.015	0.53114	0
3.99956	0.00324032	17.7129	0.508284	0
3.9953	0.00317357	17.4624	0.507943	0
3.99589	0.00320363	16.9616	0.508967	0
3.9892	0.00318411	16.9115	0.500097	0
3.98576	0.00309913	16.7613	0.502485	0
3.98767	0.00315528	17.1619	0.505214	0
3.98288	0.0031629	16.2938	0.490204	0
3.97624	0.00310414	16.828	0.497027	0
3.97412	0.00310837	17.0618	0.500438	0
3.97248	0.00303433	16.3606	0.483723	0
3.97133	0.00302301	15.7262	0.480312	0
3.96834	0.00300902	15.5927	0.47997	0
3.96313	0.0029744	15.6427	0.486452	0
3.96527	0.00300785	16.3105	0.496004	0
3.96831	0.00302255	15.6594	0.482017	0
3.96087	0.00295222	16.0768	0.479288	0
3.95941	0.00286613	15.3756	0.474854	0
3.96273	0.00294265	14.9082	0.463937	0
3.95884	0.00299678	15.5426	0.488158	0
3.9549	0.0029286	16.177	0.489522	0
3.95217	0.00292281	15.2421	0.477924	0
3.94995	0.00298995	15.5593	0.472807	0
3.94932	0.00302541	16.01	0.487134	0
3.94475	0.00293354	15.0083	0.473489	0
3.93801	0.00295091	14.5576	0.471442	0
3.94201	0.00295794	15.1419	0.477924	0
3.94322	0.00293764	15.576	0.465643	0
3.93717	0.00287492	14.7746	0.468031	0
3.93425	0.00277296	13.8731	0.45575	0
3.9352	0.00278656	13.9065	0.454727	0
3.93532	0.00283698	14.6578	0.46462	0
3.93324	0.00284317	14.1903	0.465302	0
3.92721	0.00279059	13.5726	0.450292	0
3.92491	0.0027755	14.1736	0.46462	0
3.92307	0.00278565	13.9566	0.458479	0
3.91791	0.00271674	13.773	0.447222	0
3.91753	0.00274407	14.5409	0.469395	0
3.91612	0.0027552	13.2888	0.444834	0
3.90998	0.00272787	12.788	0.427436	0
3.90908	0.00273769	12.9215	0.434259	0
3.90748	0.00276801	13.4725	0.457115	0
3.90406	0.0026466	13.2721	0.453362	0
3.90413	0.0026615	12.8047	0.4346	0
3.90365	0.00263645	12.0367	0.425048	0
3.901	0.00266456	12.5376	0.444152	0
3.89641	0.00255265	11.6694	0.418226	0
3.89473	0.00256104	12.8881	0.432553	0
3.89482	0.00255564	12.1202	0.438694	0
3.89062	0.00257959	11.7362	0.431871	0
3.88685	0.00254465	11.4691	0.413791	0
3.88812	0.00254159	11.8364	0.418908	0
3.88713	0.00260223	11.3022	0.409698	0
3.8811	0.00250157	11.202	0.416179	0
3.88264	0.00249591	12.0534	0.429824	0
3.88676	0.00253085	11.9199	0.428119	0
3.88332	0.00251218	11.202	0.41959	0
3.8802	0.00245746	11.6194	0.417885	0
3.88325	0.00254731	11.8865	0.429142	0
3.8809	0.00247138	11.9199	0.431871	0
3.87716	0.00251582	11.4691	0.413109	0
3.87645	0.00246982	11.4524	0.418908	0
3.87556	0.00243351	10.8013	0.406969	0
3.87212	0.00244165	11.2855	0.412086	0
3.87002	0.00246019	10.7012	0.407651	0
3.86961	0.00245492	10.8514	0.402193	0
3.86819	0.00255037	10.985	0.418908	0
3.86352	0.00247301	11.0017	0.420955	0
3.85813	0.00242109	10.8848	0.417202	0
3.85755	0.00234164	10.1169	0.400146	0
3.85826	0.00231047	10.0668	0.401852	0
3.85848	0.00238862	10.1336	0.397076	0
3.85971	0.00238608	10.4174	0.402534	0
3.8606	0.00246305	11.1686	0.409698	0
3.85801	0.00241946	9.78297	0.393323	0
3.85535	0.00241477	10.9182	0.418226	0
3.85578	0.00235244	9.93322	0.388548	0
3.85113	0.00233117	9.64942	0.38616	0
3.8471	0.00230169	9.71619	0.402193	0
3.84826	0.00232622	9.93322	0.387183	0
3.84829	0.00224912	9.49917	0.370468	0
3.8451	0.00228302	9.98331	0.398099	0
3.84467	0.0022676	9.88314	0.385136	0
3.84321	0.00232433	9.74958	0.384454	0
3.84179	0.00228705	10.1836	0.398099	0
3.84391	0.0024095	9.88314	0.393664	0
3.84305	0.00236253	9.0985	0.378996	0
3.83927	0.00226656	9.43239	0.383772	0
3.83866	0.00224586	8.93155	0.378996	0
3.83762	0.00226148	9.0985	0.374561	0
3.83804	0.00231119	9.76628	0.390935	0
3.83712	0.00222225	9.49917	0.388548	0
3.83285	0.00229518	8.86477	0.372514	0
3.83031	0.00225439	9.21536	0.37729	0
3.83048	0.00226844	8.61436	0.366033	0
3.83221	0.0022568	9.51586	0.381725	0
3.82961	0.00219863	8.81469	0.377631	0
3.82633	0.00225894	9.3823	0.380019	0
3.82618	0.00222706	9.13189	0.383089	0
3.82631	0.0021767	9.54925	0.379678	0
3.82406	0.00213226	8.54758	0.362963	0
3.82331	0.00214963	8.798	0.369444	0
3.8253	0.00215276	9.03172	0.372173	0
3.8249	0.00214501	8.71452	0.361939	0
3.82381	0.00218314	9.26544	0.378655	0
3.82485	0.00224346	9.21536	0.384795	0
3.82267	0.00214729	8.41402	0.351023	0
3.81858	0.00215581	8.64775	0.361939	0
3.82013	0.0022158	8.7813	0.372856	0
3.81885	0.00216258	8.54758	0.356822	0
3.81348	0.00216297	8.1803	0.353411	0
3.81433	0.00225348	9.3823	0.375585	0
3.8166	0.00213324	8.36394	0.364327	0
3.81489	0.00218015	9.0818	0.37115	0
3.81693	0.00212452	8.86477	0.367056	0
3.81605	0.00219459	9.03172	0.382407	0
3.81219	0.00220351	8.1803	0.359551	0
3.81173	0.00217078	8.21369	0.35921	0
3.81383	0.00211339	8.14691	0.358528	0
3.81109	0.00218561	8.33055	0.365351	0
3.80931	0.00217611	8.71452	0.370468	0
3.80975	0.0021251	8.23038	0.351705	0
3.81011	0.0021523	8.29716	0.360575	0
3.8083	0.00212894	8.88147	0.373197	0
3.80562	0.00216421	8.06344	0.355799	0
3.80146	0.00201475	7.72955	0.34693	0
3.80093	0.00202282	8.36394	0.362963	0
3.80183	0.00204351	7.54591	0.345906	0
3.8002	0.00209459	8.09683	0.355458	0
3.80114	0.00210383	7.44574	0.343518	0
3.80088	0.00209953	8.33055	0.360916	0
3.7966	0.00199699	7.2621	0.339766	0
3.79591	0.00206394	7.34558	0.351364	0
3.80105	0.002078	8.44741	0.357846	0
3.80092	0.00210441	7.61269	0.341813	0
3.79768	0.00209673	7.59599	0.344201	0
3.79723	0.00208893	7.47913	0.350341	0
3.7969	0.0020888	8.1803	0.350341	0
3.79546	0.00206928	8.14691	0.364668	0
3.79317	0.00204032	7.44574	0.35	0
3.79413	0.00200668	7.84641	0.349318	0
3.79504	0.00205783	7.79633	0.355117	0
3.79368	0.00204598	7.51252	0.33806	0
3.79474	0.00204397	7.5793	0.341472	0
3.79638	0.00203225	7.8798	0.348976	0
3.79759	0.0021253	7.89649	0.356481	0
3.7982	0.00213109	8.19699	0.361257	0
3.798	0.00217006	8.39733	0.365692	0
3.79763	0.00216831	7.94658	0.356481	0
3.79513	0.00210506	8.13022	0.358869	0
3.79087	0.00205848	7.32888	0.332602	0
3.79013	0.00211547	7.61269	0.35	0
3.79314	0.00214716	7.61269	0.348294	0
3.79415	0.00204156	8.11352	0.351705	0
3.79341	0.00216382	8.06344	0.353411	0
3.79268	0.00214007	8.06344	0.355799	0
3.79075	0.00211014	7.99666	0.358528	0
3.79156	0.00217065	8.43072	0.362963	0
3.79299	0.00220552	7.66277	0.345224	0
3.78673	0.00204286	7.51252	0.343518	0
3.78672	0.00204475	8.04674	0.360234	0
3.78911	0.00215119	7.62938	0.347953	0
3.78537	0.00211352	7.69616	0.351023	0
3.78548	0.00209693	7.77963	0.35	0
3.78688	0.00204032	7.89649	0.357164	0
3.78557	0.00215614	7.72955	0.349318	0
3.78078	0.00210656	7.82972	0.35614	0
3.77504	0.00199901	6.61102	0.32578	0
3.76844	0.0019139	6.69449	0.315887	0
3.76999	0.00197903	6.59432	0.322027	0
3.77143	0.00198521	6.6778	0.328509	0
3.76583	0.00190037	6.27713	0.311793	0
3.76346	0.00186139	6.62771	0.326803	0
3.76456	0.00189874	5.59265	0.296783	0
3.76151	0.00187473	5.97663	0.316228	0
3.75962	0.00179932	5.55927	0.293372	0
3.757	0.0017878	5.09182	0.288255	0
3.75522	0.00173764	5.35893	0.290984	0
3.75379	0.00170016	5.04174	0.288255	0
3.75125	0.00172749	4.82471	0.284503	0
3.74545	0.00168695	4.72454	0.279045	0
3.74206	0.00157712	4.32387	0.257212	0
3.74229	0.00159339	3.97329	0.251072	0
3.74077	0.00154992	4.17362	0.2596	0
3.73906	0.00156092	4.17362	0.261988	0
3.73793	0.00151297	3.9399	0.252436	0
3.73742	0.00151492	4.10684	0.252436	0
3.73645	0.00151583	3.95659	0.24732	0
3.73404	0.00149599	3.53923	0.239132	0
3.73174	0.00148492	3.67279	0.242885	0
3.73246	0.00139572	3.42237	0.23231	0
3.73291	0.00142669	3.35559	0.239815	0
3.73109	0.00143014	2.90484	0.219688	0
3.73138	0.00140763	3.60601	0.241179	0
3.73048	0.00138388	3.27212	0.230263	0
3.72885	0.00140099	3.38898	0.236062	0
3.72867	0.00143847	3.18865	0.227534	0
3.7296	0.00148128	3.60601	0.248002	0
3.72962	0.00144745	3.55593	0.237427	0
3.72821	0.00145597	3.53923	0.235721	0
3.727	0.00145851	3.3222	0.234015	0
3.72568	0.0013639	3.00501	0.220711	0
3.72574	0.00137295	3.10518	0.221394	0
3.72953	0.00144484	3.70618	0.244932	0
3.72736	0.00141628	3.17195	0.224464	0
3.72291	0.00138258	2.82137	0.215936	0
3.72445	0.00139826	2.95492	0.22037	0
3.7261	0.00135141	2.98831	0.217641	0
3.72305	0.0013384	3.0384	0.221735	0
3.71967	0.00133156	2.57095	0.206043	0
3.71854	0.00131549	2.62104	0.210477	0
3.71963	0.00132337	2.77129	0.208772	0
3.71921	0.00136943	2.83806	0.221394	0
3.71691	0.00135928	2.82137	0.213206	0
3.7186	0.00137581	2.7379	0.210477	0
3.71663	0.00131699	2.52087	0.203996	0
3.71451	0.00131419	2.7379	0.213206	0
3.71569	0.00130821	2.45409	0.198879	0
3.71565	0.00129656	2.67112	0.20536	0
3.71533	0.00132916	2.52087	0.202631	0
3.71487	0.00128563	2.70451	0.20809	0
3.71201	0.00119382	2.08681	0.186257	0
3.71245	0.00123579	2.33723	0.197514	0
3.71369	0.00129571	2.87145	0.213548	0
3.71224	0.00126019	2.05342	0.180458	0
3.70999	0.00121835	2.28715	0.194103	0
3.70913	0.00123377	2.22037	0.188645	0
3.7089	0.0012311	1.93656	0.177047	0
3.70744	0.00120052	2.10351	0.183869	0
3.70915	0.001211	2.80467	0.215253	0
3.70964	0.00121087	2.25376	0.192739	0
3.70675	0.00119909	1.93656	0.178752	0
3.70678	0.00118699	2.03673	0.18114	0
3.70679	0.00116239	1.91987	0.177729	0
3.70432	0.00122232	1.83639	0.179093	0
3.70447	0.00114626	1.86978	0.175682	0
3.70527	0.0011704	2.13689	0.188304	0
3.70563	0.00117996	2.08681	0.187622	0
3.70305	0.00117528	1.70284	0.169883	0
3.70181	0.00114346	1.91987	0.179435	0
3.7017	0.00111607	1.46912	0.158967	0
3.69946	0.00108308	1.68614	0.167495	0
3.70083	0.0011283	1.80301	0.174318	0
3.70357	0.00114893	1.83639	0.172612	0
3.70271	0.00114567	2.00334	0.178411	0
3.70027	0.0011542	1.76962	0.176023	0
3.69957	0.00114906	1.53589	0.160672	0
3.69878	0.00109219	1.55259	0.161355	0
3.69851	0.00107293	1.40234	0.150439	0
3.69825	0.00108178	1.36895	0.148733	0
3.69936	0.00111542	2.07012	0.182505	0
3.69847	0.00111171	1.23539	0.141569	0
3.69615	0.0010767	1.46912	0.158967	0
3.6977	0.00114684	1.60267	0.162037	0
3.69776	0.00108685	1.60267	0.165448	0
3.69754	0.00111665	1.53589	0.158967	0
3.69697	0.00107033	1.45242	0.154873	0
3.69511	0.00111503	1.73623	0.168177	0
3.69477	0.00107332	1.28548	0.144298	0
3.69517	0.00107807	1.60267	0.160331	0
3.69542	0.00110273	1.5192	0.16306	0
3.69405	0.00107254	1.45242	0.154873	0
3.69535	0.0010754	1.5192	0.159649	0
3.69555	0.00108789	1.5025	0.158967	0
3.69442	0.00108419	1.56928	0.160331	0
3.69534	0.00108217	1.55259	0.159649	0
3.69432	0.00106844	1.46912	0.157261	0
3.69345	0.00105256	1.5025	0.158967	0
3.69381	0.00102934	1.41903	0.151121	0
3.69356	0.00108991	1.43573	0.15385	0
3.6939	0.00114398	1.53589	0.15692	0
3.6929	0.00104411	1.56928	0.160331	0
3.69206	0.00106616	1.33556	0.148733	0
3.69105	0.00104996	1.33556	0.148733	0
3.69138	0.00103135	1.66945	0.163401	0
3.6915	0.00103278	1.36895	0.148733	0
3.68953	0.00101879	1.25209	0.144298	0
3.69082	0.00103903	1.26878	0.147027	0
3.69373	0.00109264	1.5025	0.155555	0
3.69192	0.00110865	1.31886	0.149756	0
3.68997	0.0010538	1.202	0.141569	0
3.69043	0.0010309	1.2187	0.140546	0
3.69054	0.0010553	1.55259	0.161355	0
3.69	0.000995827	1.33556	0.146686	0
3.68939	0.000998039	1.202	0.141569	0
3.68985	0.0010471	1.33556	0.146686	0
3.68974	0.00103396	1.33556	0.146686	0
3.68925	0.00102205	1.55259	0.159649	0
3.68806	0.00104248	1.16861	0.137817	0
3.68711	0.00097904	1.202	0.141569	0
3.68827	0.00105523	1.33556	0.148733	0
3.6897	0.0010458	1.33556	0.148733	0
3.68839	0.00101352	1.5025	0.157261	0
3.68702	0.000994005	1.26878	0.145322	0
3.6886	0.00104749	1.31886	0.146004	0
3.68942	0.00103194	1.36895	0.150439	0
3.68836	0.00101144	1.2187	0.142593	0
3.68756	0.000985612	1.18531	0.140546	0
3.68847	0.00102823	1.46912	0.157261	0
3.68688	0.00100995	1.31886	0.147709	0
3.68566	0.0010212	1.23539	0.145322	0
3.68627	0.000990296	1.03506	0.132017	0
3.68699	0.00100637	1.18531	0.140546	0
3.68656	0.00102224	1.36895	0.152144	0
3.68668	0.0010225	1.15192	0.140546	0
3.68753	0.00101027	1.30217	0.14498	0
3.6873	0.00103409	1.55259	0.161355	0
3.68689	0.00103207	1.30217	0.147027	0
3.68797	0.00102686	1.38564	0.151462	0
3.6884	0.00108913	1.30217	0.14498	0
3.68681	0.00102829	1.30217	0.14498	0
3.68388	0.00100669	1.08514	0.1327	0
3.6848	0.000988149	1.23539	0.143275	0
3.68442	0.000957698	1.15192	0.136793	0
3.68326	0.0010035	1.16861	0.139522	0
3.68455	0.00101587	1.40234	0.150439	0
3.68581	0.00101971	1.33556	0.146686	0
3.68536	0.00104534	1.36895	0.148733	0
3.68457	0.00110071	1.45242	0.158285	0
3.68386	0.00102094	1.06845	0.136111	0
3.68264	0.000999145	1.28548	0.146004	0
3.68295	0.000981187	1.08514	0.13884	0
3.68278	0.000992769	1.25209	0.144298	0
3.68335	0.000998625	1.23539	0.145322	0
3.68284	0.0010063	0.934891	0.123489	0
3.68289	0.000992443	1.05175	0.130653	0
3.68408	0.00103773	1.33556	0.152485	0
3.68281	0.000971102	1.01836	0.130994	0
3.681	0.000948654	0.918197	0.122466	0
3.68194	0.000929265	1.05175	0.130653	0
3.68429	0.00101444	1.30217	0.14498	0
3.68281	0.000981903	0.934891	0.123489	0
3.68161	0.000997128	1.18531	0.138499	0
3.68239	0.000977934	1.18531	0.138499	0
3.68049	0.000942408	1.16861	0.137817	0
3.67972	0.000928809	0.767947	0.112232	0
3.68048	0.00092894	0.918197	0.122466	0
3.68192	0.00101873	1.03506	0.12963	0
3.6816	0.00102289	1.25209	0.144298	0
3.67985	0.000950997	0.801336	0.11462	0
3.6789	0.000958935	0.851419	0.118031	0
3.68027	0.000981317	1.13523	0.137817	0
3.68144	0.000991272	1.25209	0.142251	0
3.68016	0.000989255	1.10184	0.133723	0
3.6811	0.000997649	1.46912	0.155555	0
3.68071	0.000963945	0.884808	0.120078	0
3.67898	0.000950736	0.934891	0.123489	0
3.67886	0.000946117	0.801336	0.117008	0
3.67898	0.000945596	1.10184	0.13577	0
3.67939	0.000939285	1.05175	0.133041	0
3.67929	0.000964921	1.13523	0.13577	0
3.67983	0.000977478	1.03506	0.12963	0
3.67974	0.000997128	1.08514	0.134747	0
3.67852	0.000972208	1.01836	0.128606	0
3.67798	0.000939285	1.11853	0.134747	0
3.67709	0.000918919	0.717863	0.108479	0
3.67828	0.000945726	1.00167	0.129971	0
3.67955	0.000945271	0.96828	0.125536	0
3.67758	0.000947548	0.884808	0.122466	0
3.677	0.000935837	0.868114	0.121442	0
3.67766	0.000922888	0.851419	0.118031	0
3.67797	0.000939545	1.25209	0.142251	0
3.67843	0.000992834	1.03506	0.138158	0
3.67814	0.000980471	1.18531	0.140546	0
3.67717	0.000963489	1.2187	0.140546	0
3.67725	0.000984505	0.884808	0.124854	0
3.67723	0.000948785	1.00167	0.129971	0
3.67814	0.000932128	1.2187	0.140546	0
3.67771	0.000932713	0.851419	0.118031	0
3.67679	0.000917098	0.984975	0.126559	0
3.67749	0.000965832	0.934891	0.125877	0
3.67856	0.000952103	0.834725	0.116667	0
3.67736	0.000934665	0.984975	0.128947	0
3.67713	0.000939871	0.934891	0.125877	0
3.67798	0.000967068	1.03506	0.12963	0
3.67615	0.000928029	0.901503	0.121442	0
3.67576	0.000935967	0.96828	0.129971	0
3.67557	0.000916317	0.801336	0.119396	0
3.67492	0.000952754	0.951586	0.124513	0
3.67631	0.000973379	0.984975	0.126559	0
3.6761	0.000956592	1.05175	0.133041	0
3.67413	0.000927508	0.851419	0.118031	0
3.67501	0.000928094	0.784641	0.113255	0
3.67563	0.000916187	0.868114	0.119055	0
3.67494	0.000922563	0.96828	0.125536	0
3.67597	0.000907143	0.701169	0.107115	0
3.67518	0.000912348	0.918197	0.122466	0
3.6756	0.000925881	0.901503	0.123489	0
3.67564	0.000948459	0.901503	0.121442	0
3.67454	0.000923604	0.868114	0.119055	0
3.67429	0.000918985	1.03506	0.12963	0
3.67423	0.000933494	0.801336	0.11462	0
3.67357	0.000904865	0.734558	0.112232	0
3.67446	0.000899075	0.918197	0.122466	0
3.67687	0.000947418	1.10184	0.133723	0
3.67511	0.000894195	0.884808	0.120078	0
3.67382	0.000876041	0.834725	0.119055	0
3.67523	0.000904475	0.81803	0.115643	0
3.67549	0.000936552	0.868114	0.119055	0
3.67571	0.000960952	0.918197	0.124513	0
3.67507	0.000969215	0.934891	0.123489	0
3.67598	0.000960692	0.96828	0.127924	0
3.67505	0.0009644	0.884808	0.122466	0
3.6729	0.000941562	0.751252	0.113596	0
3.67093	0.000919961	0.767947	0.117008	0
3.67184	0.000932843	0.801336	0.11462	0
3.67305	0.000917944	0.701169	0.109844	0
3.67295	0.000903629	0.934891	0.127924	0
3.67279	0.000923734	0.851419	0.122466	0
3.67323	0.000886842	0.701169	0.107115	0
3.67229	0.000883003	0.717863	0.108479	0
3.67267	0.000851512	0.584307	0.0979044	0
3.67378	0.000887883	0.934891	0.127924	0
3.67328	0.000913324	0.48414	0.0893762	0
3.67211	0.000870771	0.767947	0.112232	0
3.67424	0.000926597	0.717863	0.111209	0
3.67354	0.000908834	0.851419	0.118031	0
3.67134	0.000870511	0.567613	0.0965399	0
3.67206	0.000876562	0.734558	0.109844	0
3.67232	0.000884175	0.734558	0.112232	0
3.67364	0.000913975	1.03506	0.12963	0
3.67378	0.000923474	0.784641	0.115643	0
3.67309	0.000910916	0.868114	0.119055	0
3.67264	0.000904605	0.651085	0.103363	0
3.67253	0.000873178	0.784641	0.113255	0
3.67232	0.000883264	0.717863	0.108479	0
3.6718	0.000904215	0.801336	0.11462	0
3.67131	0.000853073	0.684474	0.108479	0
3.67149	0.000896667	0.784641	0.118031	0
3.67307	0.000912933	0.851419	0.118031	0
3.67215	0.00092419	0.851419	0.118031	0
3.67192	0.000962188	0.951586	0.124513	0
3.67321	0.000955681	0.934891	0.125877	0
3.67301	0.000944881	0.884808	0.124854	0
3.67125	0.000945141	0.634391	0.104727	0
3.67177	0.000903304	0.868114	0.119055	0
3.67177	0.000928809	0.634391	0.101998	0
3.67156	0.000866347	0.634391	0.101998	0
3.67216	0.000870576	0.434057	0.0846003	0
3.67236	0.00090441	0.801336	0.11462	0
3.672	0.000903044	0.751252	0.113596	0
3.67148	0.000907013	0.684474	0.106092	0
3.67118	0.000878189	0.701169	0.107115	0
3.67185	0.000823989	0.534224	0.0938109	0
3.6728	0.000870706	0.884808	0.120078	0
3.67251	0.000930371	0.934891	0.125877	0
3.6704	0.000899595	0.801336	0.117008	0
3.67043	0.000891137	0.984975	0.126559	0
3.67045	0.000873504	0.734558	0.109844	0
3.66996	0.000877147	0.550918	0.0982456	0
3.67083	0.000922758	0.734558	0.112232	0
3.67068	0.000867062	0.66778	0.104727	0
3.67035	0.000891267	0.651085	0.103363	0
3.67063	0.000876692	0.584307	0.0979044	0
3.67089	0.000864655	0.851419	0.118031	0
3.67042	0.000864069	0.684474	0.106092	0
3.67066	0.000854375	0.684474	0.106092	0
3.67084	0.000878123	0.751252	0.110867	0
3.67027	0.000863419	0.617696	0.103363	0
3.67057	0.000891852	0.884808	0.120078	0
3.67047	0.000889445	0.651085	0.103363	0
3.66907	0.000855741	0.66778	0.104727	0
3.66901	0.000862768	0.684474	0.108479	0
3.66975	0.000892958	0.601002	0.0992689	0
3.66915	0.000880791	0.767947	0.112232	0
3.67007	0.000841036	0.651085	0.103363	0
3.67019	0.000843053	0.717863	0.108479	0
3.67081	0.000847282	0.684474	0.106092	0
3.6715	0.000892958	0.734558	0.109844	0
3.67159	0.000904475	0.951586	0.126901	0
3.67108	0.000877928	0.500835	0.0907407	0
3.67057	0.000852553	0.801336	0.11462	0
3.67017	0.000897578	0.784641	0.113255	0
3.6707	0.000892243	0.734558	0.109844	0
3.6705	0.000889054	0.701169	0.107115	0
3.67046	0.000891527	0.717863	0.108479	0
3.66985	0.000875716	0.550918	0.0951754	0
3.67061	0.000878123	0.801336	0.11462	0
3.67027	0.000907663	0.868114	0.121442	0
3.66852	0.000905126	0.734558	0.109844	0
3.66921	0.000860881	0.567613	0.0965399	0
3.67133	0.000887298	0.884808	0.120078	0
3.66965	0.000873048	0.550918	0.0951754	0
3.66908	0.000857107	0.684474	0.106092	0
3.66965	0.000875065	0.567613	0.0965399	0
3.66828	0.000827958	0.534224	0.0938109	0
3.66894	0.000850275	0.717863	0.108479	0
3.66895	0.000866412	0.550918	0.0982456	0
3.66855	0.000883394	0.717863	0.111209	0
3.66858	0.000867127	0.701169	0.107115	0
3.66823	0.000872463	0.567613	0.0965399	0
3.66806	0.000836351	0.567613	0.0965399	0
3.66971	0.0008899	0.934891	0.125877	0
3.67149	0.000887363	0.651085	0.103363	0
3.67022	0.000849885	0.634391	0.101998	0
3.66862	0.0008249	0.350584	0.0760721	0
3.67017	0.000845981	0.734558	0.109844	0
3.67043	0.000853854	0.734558	0.109844	0
3.66933	0.000864785	0.617696	0.100633	0
3.66966	0.000880661	0.617696	0.103363	0
3.66928	0.000853594	0.66778	0.104727	0
3.66904	0.000858994	0.500835	0.0907407	0
3.66941	0.000857368	0.634391	0.101998	0
3.66903	0.000869535	0.550918	0.0951754	0
3.66938	0.000845981	0.584307	0.0979044	0
3.6701	0.000850471	0.567613	0.0965399	0
3.66906	0.000853724	0.617696	0.103363	0
3.66814	0.00082529	0.651085	0.103363	0
3.66914	0.000872072	0.634391	0.101998	0
3.66955	0.000856977	0.567613	0.0965399	0
3.66894	0.000860686	0.601002	0.0992689	0
3.66852	0.000840581	0.48414	0.0893762	0
3.66917	0.000861337	0.550918	0.0982456	0
3.66948	0.000872593	0.884808	0.120078	0
3.66948	0.000888794	0.550918	0.0951754	0
3.66807	0.000854049	0.550918	0.0951754	0
3.66843	0.000891917	0.717863	0.108479	0
3.66797	0.000843053	0.651085	0.103363	0
3.66703	0.000823208	0.367279	0.0815302	0
3.66739	0.000804469	0.48414	0.0893762	0
3.66721	0.000852227	0.601002	0.0992689	0
3.6687	0.000837392	0.634391	0.104727	0
3.66979	0.000860491	0.684474	0.106092	0
3.6686	0.00083043	0.651085	0.103363	0
3.66757	0.000825355	0.367279	0.0781189	0
3.66836	0.000839995	0.601002	0.102339	0
3.66809	0.000810716	0.434057	0.0846003	0
3.66828	0.000817938	0.534224	0.0938109	0
3.66815	0.000806486	0.48414	0.0893762	0
3.66822	0.00082028	0.584307	0.0979044	0
3.66798	0.000832252	0.500835	0.0907407	0
3.6683	0.000811496	0.584307	0.0979044	0
3.6669	0.00080525	0.550918	0.0951754	0
3.66806	0.000839019	0.550918	0.0951754	0
3.66884	0.000831797	0.550918	0.0951754	0
3.66725	0.000825355	0.450751	0.086306	0
3.66717	0.000815921	0.434057	0.0846003	0
3.66822	0.000819955	0.534224	0.0938109	0
3.66732	0.000834269	0.66778	0.104727	0
3.66831	0.000816572	0.450751	0.0893762	0
3.66822	0.000842337	0.550918	0.0951754	0
3.66822	0.000826917	0.651085	0.106092	0
3.66849	0.000829194	0.48414	0.0893762	0
3.66818	0.000827047	0.450751	0.086306	0
3.66813	0.000811757	0.400668	0.0815302	0
3.66762	0.000822753	0.651085	0.103363	0
3.66791	0.000842533	0.584307	0.100975	0
3.66784	0.000831211	0.517529	0.0951754	0
3.66951	0.000834725	0.66778	0.104727	0
3.66887	0.000829324	0.417362	0.0828947	0
3.66867	0.000821647	0.584307	0.100975	0
3.66959	0.000833554	0.48414	0.0893762	0
3.66872	0.000833423	0.467446	0.0876705	0
3.66812	0.000860035	0.517529	0.0924463	0
3.66829	0.000806682	0.417362	0.0828947	0
3.66737	0.000806291	0.517529	0.0924463	0
3.66754	0.000819695	0.534224	0.0938109	0
3.66835	0.000845265	0.601002	0.0992689	0
3.66728	0.000817157	0.434057	0.0846003	0
3.66736	0.000774084	0.367279	0.0781189	0
3.66757	0.000815791	0.48414	0.0893762	0
3.66779	0.00082477	0.617696	0.100633	0
3.6683	0.000799069	0.450751	0.086306	0
3.66745	0.000828544	0.550918	0.0951754	0
3.66848	0.000826266	0.450751	0.086306	0
3.66862	0.000793538	0.534224	0.0938109	0
3.66845	0.0008249	0.584307	0.0979044	0
3.66748	0.000796336	0.300501	0.070614	0
3.66698	0.000800956	0.434057	0.0846003	0
3.66844	0.000844289	0.567613	0.0996101	0
3.6699	0.000865436	0.684474	0.106092	0
3.6689	0.000857498	0.534224	0.096881	0
3.66811	0.00085509	0.434057	0.0846003	0
3.66746	0.000816637	0.400668	0.0815302	0
3.66894	0.000848649	0.634391	0.101998	0
3.66845	0.000850991	0.634391	0.104727	0
3.66809	0.000839409	0.48414	0.0893762	0
3.66894	0.000830626	0.48414	0.0893762	0
3.66919	0.000841296	0.467446	0.0876705	0
3.66801	0.000821256	0.517529	0.0924463	0
3.66876	0.000838303	0.651085	0.106092	0
3.66795	0.000833098	0.450751	0.086306	0
3.66766	0.000806096	0.567613	0.0965399	0
3.66787	0.000806096	0.434057	0.0846003	0
3.66727	0.000821451	0.400668	0.0815302	0
3.66855	0.000832773	0.651085	0.103363	0
3.66792	0.000830105	0.48414	0.0893762	0
3.66794	0.000836677	0.517529	0.0924463	0
3.66941	0.000831862	0.584307	0.0979044	0
3.66918	0.00083531	0.450751	0.0893762	0
3.6689	0.000835961	0.467446	0.0876705	0
3.6685	0.000831276	0.500835	0.0907407	0
3.66821	0.000814164	0.300501	0.070614	0
3.66862	0.000799329	0.400668	0.0815302	0
3.66791	0.000817938	0.450751	0.086306	0
3.66811	0.00081039	0.400668	0.0815302	0
3.66941	0.000838434	0.567613	0.0965399	0
3.66878	0.000824705	0.550918	0.0951754	0
3.66876	0.000812082	0.400668	0.0815302	0
3.66859	0.000812733	0.300501	0.070614	0
3.6684	0.000812407	0.534224	0.0938109	0
3.66859	0.000804795	0.500835	0.0907407	0
3.668	0.000793994	0.367279	0.0781189	0
3.66835	0.00079497	0.367279	0.0815302	0
3.66928	0.000826722	0.584307	0.0979044	0
3.66962	0.000824835	0.500835	0.0907407	0
3.66915	0.000828999	0.500835	0.0907407	0
3.6684	0.00078983	0.400668	0.0815302	0
3.66743	0.000804534	0.367279	0.0781189	0
3.6687	0.000806291	0.500835	0.0907407	0
3.66864	0.00080499	0.383973	0.0798245	0
3.66808	0.000799654	0.33389	0.0743664	0
3.66792	0.000790155	0.33389	0.0743664	0
3.6676	0.000803168	0.617696	0.103363	0
3.66825	0.000799654	0.350584	0.0760721	0
3.66695	0.00079048	0.33389	0.0743664	0
3.66837	0.000819825	0.467446	0.0876705	0
3.66918	0.000837067	0.550918	0.0951754	0
3.6689	0.000785145	0.383973	0.0798245	0
3.66827	0.000756386	0.33389	0.0743664	0
3.66917	0.000814229	0.467446	0.0876705	0
3.66905	0.00081052	0.367279	0.0781189	0
3.66779	0.000797572	0.500835	0.0907407	0
3.66928	0.000822688	0.651085	0.103363	0
3.66923	0.000789114	0.33389	0.0743664	0
3.66814	0.000796336	0.467446	0.0876705	0
3.66879	0.000807592	0.450751	0.086306	0
3.66839	0.000789765	0.400668	0.0815302	0
3.66815	0.000797833	0.467446	0.0876705	0
3.66839	0.000777142	0.367279	0.0781189	0
3.66867	0.000772262	0.467446	0.0876705	0
3.66866	0.000784689	0.417362	0.0828947	0
3.66878	0.000791001	0.400668	0.0815302	0
3.66853	0.000757492	0.267112	0.0665204	0
3.66856	0.000774865	0.434057	0.0846003	0
3.66844	0.000764519	0.350584	0.0760721	0
3.66824	0.000775775	0.434057	0.0846003	0
3.66859	0.000817613	0.534224	0.0996101	0
3.6695	0.000797442	0.33389	0.0781189	0
3.66854	0.000778183	0.450751	0.086306	0
3.66734	0.000749554	0.233723	0.0624269	0
3.66762	0.000787487	0.417362	0.0828947	0
3.66923	0.000791847	0.617696	0.100633	0
3.671	0.000788919	0.434057	0.0846003	0
3.67029	0.000832187	0.550918	0.0951754	0
3.66882	0.000792497	0.434057	0.0846003	0
3.66909	0.000787943	0.434057	0.0846003	0
3.66978	0.000802257	0.400668	0.0815302	0
3.66929	0.000819955	0.550918	0.0951754	0
3.66936	0.000820931	0.450751	0.086306	0
3.66947	0.000786121	0.317195	0.0726608	0
3.66957	0.000781371	0.434057	0.0846003	0
3.66948	0.000793603	0.217028	0.0600389	0
3.66818	0.000759509	0.400668	0.0815302	0
3.66819	0.00078007	0.200334	0.057651	0
3.66923	0.000727367	0.400668	0.0815302	0
3.66951	0.000795881	0.48414	0.0893762	0
3.6692	0.000791521	0.283806	0.0685672	0
3.66905	0.000765755	0.450751	0.086306	0
3.66978	0.000774019	0.450751	0.086306	0
3.66923	0.000783909	0.300501	0.070614	0
3.66958	0.000761071	0.33389	0.0743664	0
3.66879	0.000755345	0.33389	0.0743664	0
3.6688	0.000769659	0.383973	0.0798245	0
3.67004	0.000763608	0.350584	0.0760721	0
3.66987	0.00078482	0.417362	0.0828947	0
3.6706	0.000794254	0.417362	0.0828947	0
3.66962	0.000767187	0.33389	0.0743664	0
3.66787	0.000780395	0.400668	0.0815302	0
3.66956	0.000806877	0.434057	0.0880116	0
3.67005	0.000780851	0.33389	0.0743664	0
3.66802	0.000742592	0.300501	0.070614	0
3.66885	0.000746366	0.300501	0.070614	0
3.66974	0.000766276	0.367279	0.0781189	0
3.66982	0.000763413	0.383973	0.0798245	0
3.67112	0.000786186	0.350584	0.0760721	0
3.67106	0.000774669	0.400668	0.0815302	0
3.67008	0.000799785	0.367279	0.0781189	0
3.67025	0.000770115	0.450751	0.086306	0
3.66939	0.000754694	0.267112	0.0665204	0
3.66939	0.00078059	0.434057	0.0846003	0
3.66909	0.000753653	0.300501	0.070614	0
3.66921	0.000766862	0.367279	0.0781189	0
3.67036	0.000832382	0.550918	0.0951754	0
3.6699	0.000791391	0.350584	0.0760721	0
3.66905	0.000792823	0.317195	0.0726608	0
3.66981	0.000767382	0.250417	0.0644736	0
3.67054	0.000787487	0.417362	0.0828947	0
3.67094	0.000771741	0.300501	0.070614	0
3.67062	0.000753653	0.283806	0.0685672	0
3.66979	0.000777207	0.33389	0.0743664	0
3.67005	0.000785665	0.383973	0.0798245	0
3.67039	0.000763803	0.300501	0.070614	0
3.66997	0.000814164	0.450751	0.086306	0
3.67092	0.000767382	0.283806	0.0685672	0
3.67011	0.000761786	0.233723	0.0624269	0
3.67043	0.000792888	0.434057	0.0846003	0
3.67158	0.000780395	0.33389	0.0743664	0
3.67072	0.000762372	0.300501	0.070614	0
3.6712	0.000788008	0.567613	0.0965399	0
3.67186	0.000778118	0.217028	0.0600389	0
3.67104	0.000756581	0.317195	0.0726608	0
3.67116	0.00076543	0.233723	0.0624269	0
3.67103	0.000791196	0.33389	0.0781189	0
3.67071	0.000771416	0.233723	0.0624269	0
3.67095	0.000782412	0.417362	0.0828947	0
3.67122	0.000781436	0.300501	0.070614	0
3.67113	0.000790025	0.48414	0.0893762	0
3.67	0.000744479	0.233723	0.0624269	0
3.67029	0.000744089	0.383973	0.0798245	0
3.6705	0.000775255	0.434057	0.0880116	0
3.67017	0.000768423	0.350584	0.0760721	0
3.67016	0.000801867	0.33389	0.0743664	0
3.67056	0.00077532	0.300501	0.070614	0
3.67018	0.000776361	0.350584	0.0760721	0
3.67105	0.000773173	0.400668	0.0815302	0
3.67128	0.000800956	0.434057	0.0846003	0
3.67192	0.000794384	0.33389	0.0743664	0
3.67162	0.000762632	0.283806	0.0685672	0
3.67113	0.000757687	0.233723	0.0624269	0
3.67199	0.000777207	0.33389	0.0743664	0
3.67227	0.000776817	0.267112	0.0665204	0
3.67195	0.00078534	0.467446	0.0876705	0
3.67172	0.000802778	0.417362	0.0828947	0
3.67153	0.000767903	0.350584	0.0760721	0
3.67266	0.00076491	0.383973	0.0798245	0
3.67164	0.000763934	0.48414	0.0924463	0
3.67152	0.000799329	0.450751	0.086306	0
3.67179	0.000779875	0.367279	0.0781189	0
3.67178	0.00077044	0.283806	0.0685672	0
3.67239	0.000755996	0.383973	0.0798245	0
3.67235	0.000777207	0.283806	0.0685672	0
3.6717	0.000742917	0.233723	0.0624269	0
3.67109	0.000775645	0.400668	0.0815302	0
3.67144	0.000753328	0.300501	0.070614	0
3.67035	0.000747537	0.250417	0.0644736	0
3.67086	0.000741031	0.317195	0.0726608	0
3.67174	0.000771937	0.300501	0.070614	0
3.67156	0.000778768	0.350584	0.0760721	0
3.67179	0.000764779	0.383973	0.0798245	0
3.67305	0.000769724	0.367279	0.0781189	0
3.67176	0.000772913	0.200334	0.057651	0
3.67164	0.000762177	0.417362	0.0828947	0
3.67264	0.000757817	0.33389	0.0743664	0
3.67257	0.000784624	0.434057	0.0846003	0
3.67356	0.000792497	0.367279	0.0781189	0
3.67339	0.000788203	0.317195	0.0726608	0
3.67322	0.000764975	0.267112	0.0665204	0
3.67284	0.000791196	0.350584	0.0760721	0
3.67342	0.00079484	0.48414	0.0893762	0
3.67318	0.000779875	0.183639	0.0552631	0
3.67251	0.000761266	0.233723	0.0624269	0
3.67351	0.000798288	0.350584	0.0760721	0
3.67335	0.000774214	0.267112	0.0665204	0
3.67211	0.000755085	0.283806	0.0685672	0
3.67217	0.000734199	0.217028	0.0600389	0
3.67455	0.000771351	0.300501	0.070614	0
3.67335	0.000767252	0.400668	0.0815302	0
3.67283	0.000774409	0.233723	0.0624269	0
3.6732	0.000773889	0.350584	0.0760721	0
3.67312	0.000779029	0.283806	0.0726608	0
3.67272	0.000751441	0.350584	0.0760721	0
3.67328	0.00075066	0.350584	0.0760721	0
3.67405	0.000759379	0.317195	0.0726608	0
3.67295	0.00077519	0.400668	0.0815302	0
3.67275	0.000756386	0.300501	0.070614	0
3.67345	0.000778573	0.467446	0.0876705	0
3.67344	0.000757297	0.317195	0.0726608	0
3.67304	0.000760355	0.33389	0.0743664	0
3.67313	0.000757882	0.267112	0.0665204	0
3.6738	0.000748513	0.434057	0.0846003	0
3.6733	0.000736541	0.200334	0.057651	0
3.67383	0.000774799	0.434057	0.0846003	0
3.67367	0.000748903	0.267112	0.0665204	0
3.67425	0.000773173	0.367279	0.0815302	0
3.67419	0.000809479	0.450751	0.086306	0
3.67359	0.000783453	0.233723	0.0624269	0
3.67397	0.000759054	0.33389	0.0743664	0
3.6735	0.000800045	0.450751	0.0893762	0
3.67367	0.000810976	0.367279	0.0781189	0
3.67381	0.000757882	0.267112	0.0665204	0
3.67367	0.00076068	0.317195	0.0726608	0
3.67451	0.000768813	0.283806	0.0685672	0
3.67465	0.000771676	0.300501	0.070614	0
3.67402	0.000759054	0.350584	0.0760721	0
3.67441	0.00075541	0.233723	0.0624269	0
3.67406	0.000739469	0.233723	0.0624269	0
3.67537	0.000771221	0.434057	0.0846003	0
3.67496	0.00077558	0.317195	0.0726608	0
3.67501	0.000782998	0.250417	0.0644736	0
3.67546	0.000743633	0.233723	0.0624269	0
3.6751	0.000797442	0.250417	0.0644736	0
3.67493	0.000763934	0.283806	0.0685672	0
3.67444	0.000801672	0.33389	0.0743664	0
3.67334	0.000735825	0.233723	0.0624269	0
3.67342	0.000747927	0.267112	0.0665204	0
3.67535	0.000748578	0.250417	0.0644736	0
3.67492	0.000763283	0.267112	0.0665204	0
3.67508	0.000730815	0.217028	0.0600389	0
3.6745	0.000745975	0.166945	0.0525341	0
3.67493	0.000744934	0.300501	0.070614	0
3.67545	0.000734719	0.250417	0.0644736	0
3.67554	0.000743893	0.283806	0.0685672	0
3.67561	0.000739469	0.283806	0.0685672	0
3.6763	0.000740575	0.267112	0.0665204	0
3.67566	0.00075014	0.283806	0.0685672	0
3.67557	0.000746821	0.267112	0.0665204	0
3.67571	0.000742592	0.183639	0.0552631	0
3.67601	0.000745195	0.233723	0.0624269	0
3.67553	0.000751051	0.350584	0.0798245	0
3.67579	0.000755345	0.283806	0.0685672	0
3.67601	0.000776882	0.33389	0.0743664	0
3.67552	0.000748188	0.250417	0.0644736	0
3.67546	0.000729969	0.166945	0.0525341	0
3.67576	0.000762827	0.367279	0.0781189	0
3.67611	0.000769724	0.400668	0.0815302	0
3.67605	0.000751636	0.300501	0.070614	0
3.67602	0.000767512	0.283806	0.0685672	0
3.67619	0.000765105	0.300501	0.070614	0
3.67593	0.000747797	0.367279	0.0781189	0
3.67555	0.000763413	0.350584	0.0760721	0
3.67651	0.000757427	0.233723	0.0624269	0
3.67529	0.000726846	0.200334	0.057651	0
3.67536	0.000737647	0.233723	0.0624269	0
3.67583	0.000729709	0.217028	0.0600389	0
3.67572	0.000738753	0.300501	0.070614	0
3.67552	0.000758924	0.317195	0.0726608	0
3.67545	0.000732572	0.100167	0.0409356	0
3.67624	0.000730425	0.283806	0.0685672	0
3.6757	0.000741356	0.233723	0.0624269	0
3.67641	0.000753393	0.267112	0.0665204	0
3.67772	0.000742527	0.267112	0.070614	0
3.67672	0.000772587	0.300501	0.070614	0
3.67666	0.000750075	0.200334	0.057651	0
3.67643	0.000706936	0.166945	0.0525341	0
3.67611	0.00070557	0.183639	0.0552631	0
3.67762	0.000757948	0.350584	0.0760721	0
3.67775	0.000751506	0.267112	0.0665204	0
3.67723	0.000738883	0.15025	0.0501462	0
3.67684	0.000730165	0.233723	0.0624269	0
3.6777	0.000750205	0.250417	0.0644736	0
3.67855	0.000766211	0.300501	0.070614	0
3.6781	0.000751571	0.250417	0.0644736	0
3.67769	0.000719103	0.233723	0.0624269	0
3.67743	0.000742397	0.250417	0.0644736	0
3.67722	0.000763153	0.367279	0.0781189	0
3.67752	0.000763413	0.400668	0.0815302	0
3.67876	0.000764194	0.283806	0.0685672	0
3.67867	0.000756776	0.283806	0.0685672	0
3.67744	0.000759444	0.217028	0.0600389	0
3.67698	0.000746821	0.200334	0.057651	0
3.67751	0.000721576	0.267112	0.0665204	0
3.67884	0.000743828	0.217028	0.0600389	0
3.67867	0.000737712	0.183639	0.0552631	0
3.67653	0.000744609	0.233723	0.0624269	0
3.67753	0.000752482	0.217028	0.0600389	0
3.67757	0.000725024	0.166945	0.0525341	0
3.67683	0.000718843	0.15025	0.0501462	0
3.67785	0.000728148	0.15025	0.0501462	0
3.67871	0.000769594	0.33389	0.0743664	0
3.67875	0.000762632	0.350584	0.0760721	0
3.67806	0.000743438	0.250417	0.0644736	0
3.67751	0.000732962	0.283806	0.0685672	0
3.67807	0.000731206	0.267112	0.0665204	0
3.67787	0.000745325	0.33389	0.0743664	0
3.67798	0.000733483	0.267112	0.0665204	0
3.67842	0.000723463	0.217028	0.0600389	0
3.67965	0.000730165	0.300501	0.070614	0
3.67871	0.000739404	0.217028	0.0600389	0
3.67929	0.000726586	0.300501	0.070614	0
3.68075	0.000743438	0.33389	0.0743664	0
3.68005	0.000774344	0.267112	0.0665204	0
3.67888	0.000764324	0.283806	0.0685672	0
3.67989	0.000744284	0.267112	0.0665204	0
3.67951	0.000747667	0.267112	0.0665204	0
3.67953	0.000713117	0.183639	0.0552631	0
3.67937	0.000727302	0.183639	0.0552631	0
3.67962	0.000741551	0.300501	0.070614	0
3.68026	0.000749164	0.250417	0.0644736	0
3.67986	0.000732767	0.250417	0.0685672	0
3.67956	0.000757232	0.217028	0.0644736	0
3.67961	0.00074578	0.33389	0.0743664	0
3.67934	0.000739729	0.200334	0.057651	0
3.67928	0.000713378	0.166945	0.0525341	0
3.68013	0.000766146	0.317195	0.0726608	0
3.68087	0.000746561	0.133556	0.047076	0
3.68038	0.000758273	0.283806	0.0685672	0
3.68099	0.000744544	0.267112	0.0665204	0
3.68072	0.000771481	0.417362	0.0828947	0
3.68097	0.000753133	0.33389	0.0743664	0
3.68041	0.000767187	0.33389	0.0743664	0
3.6816	0.000743373	0.400668	0.0815302	0
3.6821	0.000756776	0.217028	0.0600389	0
3.68051	0.000743958	0.283806	0.0685672	0
3.68035	0.000711881	0.166945	0.0525341	0
3.68134	0.000719299	0.267112	0.0665204	0
3.68149	0.000719234	0.200334	0.057651	0
3.68235	0.000734394	0.283806	0.0685672	0
3.68083	0.000744414	0.200334	0.057651	0
3.68013	0.000724309	0.250417	0.0644736	0
3.68062	0.000715395	0.233723	0.0624269	0
3.68168	0.000713638	0.183639	0.0552631	0
3.68123	0.000731726	0.166945	0.0525341	0
3.68159	0.000762112	0.383973	0.0832358	0
3.68083	0.000749294	0.283806	0.0685672	0
3.68057	0.000754369	0.183639	0.0552631	0
3.68208	0.000756646	0.283806	0.0685672	0
3.68142	0.000715785	0.217028	0.0600389	0
3.67972	0.000714028	0.15025	0.0501462	0
3.68061	0.000717282	0.217028	0.0600389	0
3.68131	0.000726716	0.166945	0.0525341	0
3.68099	0.000704724	0.183639	0.0552631	0
3.68125	0.000747602	0.116861	0.0440058	0
3.68282	0.000749814	0.250417	0.0644736	0
3.68176	0.000726326	0.250417	0.0644736	0
3.68182	0.000734134	0.317195	0.0726608	0
3.68219	0.000745455	0.233723	0.0624269	0
3.682	0.00071058	0.166945	0.0525341	0
3.68301	0.000726911	0.317195	0.0726608	0
3.6825	0.000761526	0.233723	0.0665204	0
3.68215	0.000745585	0.166945	0.0525341	0
3.68228	0.00074513	0.200334	0.057651	0
3.68336	0.000767512	0.283806	0.0685672	0
3.68271	0.000750335	0.200334	0.057651	0
3.683	0.000715915	0.233723	0.0624269	0
3.68437	0.00074526	0.233723	0.0624269	0
3.68391	0.000751571	0.283806	0.0685672	0
3.68312	0.000719689	0.183639	0.0552631	0
3.68287	0.000717151	0.267112	0.0665204	0
3.6839	0.000761982	0.33389	0.0743664	0
3.68317	0.000754369	0.217028	0.0600389	0
3.68192	0.00073524	0.200334	0.057651	0
3.68255	0.00070095	0.166945	0.0525341	0
3.68367	0.000709474	0.183639	0.0552631	0
3.68306	0.000717867	0.233723	0.0624269	0
3.6828	0.000738493	0.383973	0.0798245	0
3.68405	0.000747472	0.200334	0.057651	0
3.68364	0.000719819	0.183639	0.0552631	0
3.68366	0.000724504	0.200334	0.057651	0
3.68345	0.000704919	0.133556	0.047076	0
3.68387	0.000724894	0.317195	0.0726608	0
3.68357	0.000748058	0.217028	0.0600389	0
3.68362	0.000741291	0.250417	0.0644736	0
3.68439	0.000693663	0.183639	0.0552631	0
3.68456	0.000714289	0.233723	0.0624269	0
3.68406	0.000723853	0.15025	0.0501462	0
3.68382	0.000718778	0.166945	0.0525341	0
3.68411	0.000719103	0.15025	0.0501462	0
3.68546	0.000747342	0.250417	0.0644736	0
3.68519	0.000746236	0.15025	0.0501462	0
3.68514	0.000748318	0.267112	0.0665204	0
3.68424	0.000748448	0.133556	0.047076	0
3.6844	0.000747537	0.217028	0.0600389	0
3.68538	0.000710385	0.233723	0.0624269	0
3.68544	0.000753393	0.233723	0.0624269	0
3.68536	0.000738103	0.283806	0.0685672	0
3.68464	0.000744674	0.233723	0.0624269	0
3.68425	0.000718713	0.100167	0.0409356	0
3.68451	0.00072021	0.217028	0.0600389	0
3.68459	0.000728343	0.100167	0.0409356	0
3.68326	0.000714158	0.217028	0.0600389	0
3.68436	0.000717021	0.233723	0.0624269	0
3.68516	0.000729384	0.217028	0.0600389	0
3.68553	0.000735565	0.200334	0.057651	0
3.68469	0.000713508	0.100167	0.0409356	0
3.68529	0.000703813	0.033389	0.023538	0
3.68601	0.000741096	0.300501	0.070614	0
3.68524	0.000749684	0.200334	0.057651	0
3.6852	0.000716566	0.100167	0.0409356	0
3.68507	0.000713638	0.183639	0.0552631	0
3.6859	0.000738948	0.217028	0.0600389	0
3.68655	0.000731336	0.15025	0.0501462	0
3.6856	0.000721381	0.217028	0.0600389	0
3.68578	0.000718648	0.183639	0.0552631	0
3.68538	0.000717412	0.15025	0.0501462	0
3.68569	0.000732832	0.217028	0.0600389	0
3.68596	0.000712141	0.200334	0.057651	0
3.68719	0.000756191	0.166945	0.0525341	0
3.687	0.000744739	0.233723	0.0624269	0
3.68618	0.000760941	0.33389	0.0743664	0
3.68764	0.000762112	0.283806	0.0685672	0
3.6877	0.000756256	0.350584	0.0760721	0
3.68641	0.000737062	0.166945	0.0525341	0
3.68644	0.000719559	0.200334	0.057651	0
3.68626	0.000719949	0.183639	0.0552631	0
3.68759	0.000734069	0.200334	0.057651	0
3.68716	0.000719299	0.15025	0.0501462	0
3.68672	0.000736996	0.200334	0.057651	0
3.68791	0.000732832	0.15025	0.0501462	0
3.68648	0.00071032	0.233723	0.0624269	0
3.68723	0.000719364	0.15025	0.0501462	0
3.68776	0.000732767	0.233723	0.0624269	0
3.68757	0.00071585	0.166945	0.0525341	0
3.68716	0.000700104	0.100167	0.0409356	0
3.68785	0.000744154	0.283806	0.0685672	0
3.68759	0.000737192	0.183639	0.0552631	0
3.68764	0.000751246	0.283806	0.0685672	0
3.68829	0.000742137	0.200334	0.057651	0
3.68811	0.000751376	0.250417	0.0685672	0
3.68823	0.000733613	0.15025	0.0501462	0
3.68868	0.00074552	0.217028	0.0600389	0
3.68798	0.000747862	0.267112	0.0665204	0
3.68638	0.000729839	0.15025	0.0501462	0
3.6873	0.000709539	0.0834725	0.0371832	0
3.68805	0.000717217	0.183639	0.0552631	0
3.68699	0.00071533	0.0834725	0.0371832	0
3.68842	0.000673948	0.133556	0.047076	0
3.68909	0.000703162	0.15025	0.0501462	0
3.68769	0.00072086	0.283806	0.0685672	0
3.68917	0.000734329	0.233723	0.0624269	0
3.68984	0.000746691	0.417362	0.0828947	0
3.68922	0.000738883	0.15025	0.0501462	0
3.68915	0.000707327	0.217028	0.0600389	0
3.68935	0.000707392	0.15025	0.0501462	0
3.68838	0.000729319	0.200334	0.057651	0
3.68795	0.000691841	0.066778	0.0334308	0
3.68888	0.000714744	0.233723	0.0624269	0
3.68999	0.000733288	0.233723	0.0624269	0
3.6897	0.000713378	0.250417	0.0685672	0
3.68949	0.000733938	0.166945	0.0525341	0
3.68961	0.000706611	0.166945	0.0525341	0
3.68987	0.000722292	0.133556	0.047076	0
3.6886	0.000718583	0.183639	0.0552631	0
3.68923	0.000736736	0.200334	0.057651	0
3.69007	0.000734069	0.233723	0.0624269	0
3.68927	0.000743048	0.200334	0.057651	0
3.68943	0.00072574	0.166945	0.0525341	0
3.6901	0.000728603	0.233723	0.0624269	0
3.69047	0.000716826	0.250417	0.0644736	0
3.69092	0.000702382	0.15025	0.0501462	0
3.68954	0.000712857	0.250417	0.0644736	0
3.68948	0.000692296	0.0500835	0.0289961	0
3.68938	0.000707066	0.116861	0.0440058	0
3.6911	0.000727237	0.200334	0.057651	0
3.6912	0.00073537	0.133556	0.047076	0
3.69097	0.000722096	0.200334	0.057651	0
3.69103	0.000719103	0.133556	0.047076	0
3.6893	0.000706806	0.116861	0.0440058	0
3.69039	0.000693207	0.15025	0.0501462	0
3.69023	0.000702056	0.116861	0.0440058	0
3.69006	0.000690149	0.116861	0.0440058	0
3.69095	0.000711491	0.166945	0.0525341	0
3.69073	0.000707066	0.166945	0.0525341	0
3.69032	0.000687026	0.100167	0.0409356	0
3.69148	0.000729969	0.283806	0.0685672	0
3.69211	0.000739079	0.200334	0.057651	0
3.69105	0.000683383	0.0834725	0.0371832	0
3.69178	0.000719429	0.200334	0.057651	0
3.69214	0.000726065	0.233723	0.0624269	0
3.69119	0.000731141	0.183639	0.0552631	0
3.6918	0.000705505	0.166945	0.0525341	0
3.69227	0.000704594	0.200334	0.057651	0
3.69168	0.000726716	0.166945	0.0525341	0
3.69172	0.000720145	0.183639	0.0552631	0
3.6927	0.00074077	0.267112	0.0665204	0
3.69183	0.000743633	0.183639	0.0552631	0
3.69178	0.000708238	0.166945	0.0525341	0
3.69191	0.000717997	0.0500835	0.0289961	0
3.69081	0.000717737	0.200334	0.057651	0
3.69323	0.000731076	0.250417	0.0644736	0
3.69201	0.000727887	0.133556	0.047076	0
3.69087	0.000702121	0.200334	0.057651	0
3.69206	0.000714289	0.100167	0.0409356	0
3.69206	0.00071071	0.217028	0.0600389	0
3.69223	0.000714939	0.133556	0.047076	0
3.69222	0.000704529	0.166945	0.0525341	0
3.69347	0.000706871	0.133556	0.047076	0
3.69448	0.000721186	0.200334	0.057651	0
3.69392	0.00071572	0.267112	0.0665204	0
3.69271	0.000704399	0.183639	0.0552631	0
3.69252	0.000710124	0.200334	0.057651	0
3.69368	0.00071058	0.15025	0.0501462	0
3.69353	0.000732897	0.183639	0.0552631	0
3.69364	0.000716891	0.133556	0.047076	0
3.69367	0.000717282	0.200334	0.057651	0
3.69397	0.000723072	0.166945	0.0525341	0
3.69423	0.000704399	0.250417	0.0644736	0
3.69483	0.000732897	0.300501	0.070614	0
3.69473	0.000743373	0.217028	0.0600389	0
3.69421	0.000721186	0.15025	0.0501462	0
3.69342	0.000749034	0.233723	0.0624269	0
3.69425	0.000719169	0.166945	0.0525341	0
3.69346	0.000714939	0.116861	0.0440058	0
3.69324	0.000725415	0.217028	0.0600389	0
3.69302	0.000727237	0.15025	0.0501462	0
3.69403	0.00071084	0.15025	0.0501462	0
3.69434	0.000690214	0.066778	0.0334308	0
3.69334	0.000721381	0.166945	0.0525341	0
3.69353	0.000724569	0.15025	0.0501462	0
3.69597	0.000731141	0.116861	0.0440058	0
3.69616	0.000734459	0.183639	0.0552631	0
3.69589	0.000731401	0.183639	0.0552631	0
3.69637	0.000713313	0.200334	0.057651	0
3.69505	0.000714809	0.217028	0.0600389	0
3.69518	0.000722162	0.166945	0.0525341	0
3.69575	0.000718648	0.183639	0.0552631	0
3.69582	0.000713248	0.183639	0.0552631	0
3.6956	0.000703813	0.100167	0.0409356	0
3.69511	0.000697567	0.200334	0.057651	0
3.69604	0.000691255	0.166945	0.0525341	0
3.6968	0.000728473	0.233723	0.0624269	0
3.6953	0.000734914	0.200334	0.057651	0
3.69559	0.000744089	0.267112	0.070614	0
3.69584	0.000714939	0.183639	0.0552631	0
3.69555	0.000697697	0.183639	0.0552631	0
3.69681	0.000705375	0.133556	0.047076	0
3.69531	0.000709799	0.0834725	0.0371832	0
3.69636	0.000714939	0.250417	0.0644736	0
3.69569	0.000715915	0.217028	0.0600389	0
3.69467	0.00070544	0.0834725	0.0371832	0
3.69482	0.000706416	0.183639	0.0552631	0
3.69631	0.00072587	0.200334	0.057651	0
3.69705	0.000697372	0.0834725	0.0371832	0
3.69635	0.000716371	0.200334	0.057651	0
3.69637	0.00072574	0.166945	0.0525341	0
3.69661	0.000712922	0.116861	0.0440058	0
3.69673	0.000714679	0.166945	0.0525341	0
3.69713	0.000700755	0.15025	0.0501462	0
3.69728	0.000690865	0.066778	0.0334308	0
3.69708	0.000691321	0.133556	0.047076	0
3.69685	0.000708042	0.133556	0.047076	0
3.6973	0.0007111	0.15025	0.0501462	0
3.69735	0.000707782	0.233723	0.0624269	0
3.69768	0.000726196	0.100167	0.0409356	0
3.69791	0.000726651	0.166945	0.0525341	0
3.69806	0.000728863	0.233723	0.0624269	0
3.69696	0.000703358	0.133556	0.047076	0
3.69703	0.000714874	0.116861	0.0440058	0
3.6977	0.000721251	0.116861	0.0440058	0
3.69832	0.000738818	0.15025	0.0501462	0
3.69886	0.0007504	0.133556	0.047076	0
3.69793	0.000733873	0.283806	0.0685672	0
3.69841	0.000705179	0.066778	0.0334308	0
3.69816	0.000721251	0.15025	0.0501462	0
3.69785	0.000687286	0.066778	0.0334308	0
3.69839	0.000707522	0.200334	0.057651	0
3.69838	0.000707847	0.15025	0.0501462	0
3.69909	0.000733158	0.183639	0.0552631	0
3.69933	0.000728603	0.217028	0.0600389	0
3.69877	0.000702447	0.166945	0.0525341	0
3.69933	0.000708953	0.166945	0.0525341	0
3.69963	0.000712597	0.133556	0.047076	0
3.69909	0.000691125	0.133556	0.047076	0
3.69954	0.000714484	0.233723	0.0624269	0
3.70043	0.000716306	0.166945	0.0525341	0
3.70024	0.000730555	0.15025	0.0501462	0
3.6995	0.000691776	0.116861	0.0440058	0
3.69924	0.000692622	0.217028	0.0600389	0
3.69944	0.000725024	0.15025	0.0501462	0
3.69901	0.000723268	0.217028	0.0600389	0
3.69896	0.000696851	0.166945	0.0525341	0
3.6996	0.000708172	0.0834725	0.0371832	0
3.69964	0.00070056	0.100167	0.0409356	0
3.70099	0.000717217	0.217028	0.0600389	0
3.70023	0.000708823	0.100167	0.0409356	0
3.69981	0.00069542	0.183639	0.0552631	0
3.69985	0.000696135	0.100167	0.0409356	0
3.70039	0.000737972	0.217028	0.0600389	0
3.70068	0.000725024	0.15025	0.0501462	0
3.70054	0.00070108	0.200334	0.057651	0
3.70047	0.000692231	0.100167	0.0409356	0
3.70057	0.000690735	0.116861	0.0440058	0
3.7009	0.000704073	0.116861	0.0440058	0
3.69995	0.000727237	0.15025	0.0501462	0
3.70037	0.00071097	0.267112	0.070614	0
3.70176	0.000732247	0.183639	0.0552631	0
3.70179	0.000699324	0.116861	0.0440058	0
3.70104	0.000704724	0.116861	0.0440058	0
3.70123	0.00068618	0.133556	0.047076	0
3.70162	0.000713052	0.200334	0.057651	0
3.70213	0.000722812	0.267112	0.0665204	0
3.70171	0.00071546	0.183639	0.0552631	0
3.70172	0.000696981	0.133556	0.047076	0
3.70084	0.0006854	0.0834725	0.0371832	0
3.70104	0.00071546	0.133556	0.047076	0
3.70147	0.000704854	0.183639	0.0552631	0
3.70193	0.000714224	0.183639	0.0552631	0
3.70141	0.000690019	0.100167	0.0409356	0
3.70093	0.000697372	0.133556	0.047076	0
3.70145	0.000692296	0.15025	0.0501462	0
3.70204	0.000710124	0.133556	0.047076	0
3.70253	0.000699779	0.200334	0.0624269	0
3.7016	0.000724829	0.233723	0.0624269	0
3.7025	0.000690605	0.133556	0.047076	0
3.70321	0.000699324	0.166945	0.0525341	0
3.7021	0.000710124	0.15025	0.0501462	0
3.70169	0.00069093	0.100167	0.0409356	0
3.70301	0.000720145	0.200334	0.057651	0
3.70319	0.000708172	0.0834725	0.0371832	0
3.70347	0.000697632	0.233723	0.0624269	0
3.7036	0.00071032	0.066778	0.0334308	0
3.70358	0.000699128	0.15025	0.0501462	0
3.70314	0.000696916	0.133556	0.047076	0
3.70293	0.000717932	0.166945	0.0525341	0
3.70359	0.000736736	0.183639	0.0552631	0
3.7043	0.000717607	0.15025	0.0501462	0
3.70397	0.000709734	0.133556	0.047076	0
3.7034	0.000701796	0.116861	0.0440058	0
3.70445	0.000699519	0.166945	0.0525341	0
3.70394	0.000690475	0.100167	0.0409356	0
3.70436	0.000712076	0.15025	0.0501462	0
3.70455	0.000728473	0.283806	0.0685672	0
3.70453	0.000699844	0.183639	0.0552631	0
3.70468	0.000723333	0.217028	0.0600389	0
3.70519	0.000724244	0.233723	0.0624269	0
3.70485	0.000701276	0.133556	0.047076	0
3.70476	0.000706025	0.100167	0.0409356	0
3.7044	0.000717607	0.166945	0.0525341	0
3.70548	0.00070609	0.100167	0.0409356	0
3.70468	0.000697502	0.116861	0.0440058	0
3.70434	0.000687026	0.15025	0.0501462	0
3.70489	0.000674794	0.0834725	0.0371832	0
3.7052	0.000695745	0.066778	0.0334308	0
3.70492	0.000689369	0.166945	0.0525341	0
3.70539	0.000714679	0.267112	0.0665204	0
3.70611	0.000720275	0.166945	0.0525341	0
3.70526	0.000719754	0.200334	0.057651	0
3.70621	0.000715069	0.183639	0.0552631	0
3.70584	0.000713117	0.217028	0.0600389	0
3.70466	0.000690214	0.15025	0.0501462	0
3.70492	0.000714744	0.15025	0.0501462	0
3.70533	0.00073511	0.217028	0.0600389	0
3.70528	0.000721836	0.166945	0.0525341	0
3.70476	0.000705765	0.116861	0.0440058	0
3.70571	0.000703293	0.166945	0.0525341	0
3.70644	0.000696786	0.0834725	0.0371832	0
3.70594	0.00069555	0.066778	0.0334308	0
3.70609	0.000711231	0.116861	0.0440058	0
3.70636	0.000709083	0.0834725	0.0371832	0
3.70688	0.000723658	0.250417	0.0644736	0
3.70621	0.00072561	0.15025	0.0501462	0
3.70593	0.000712597	0.133556	0.047076	0
3.70621	0.000714809	0.15025	0.0501462	0
3.70666	0.000698868	0.133556	0.047076	0
3.70644	0.000705179	0.15025	0.0501462	0
3.70617	0.000703097	0.133556	0.047076	0
3.70645	0.00071097	0.116861	0.0440058	0
3.70672	0.000708823	0.166945	0.0525341	0
3.70798	0.000697241	0.133556	0.047076	0
3.70795	0.000687156	0.100167	0.0409356	0
3.70867	0.000715134	0.183639	0.0552631	0
3.70825	0.000694704	0.133556	0.047076	0
3.70712	0.000675054	0.15025	0.0501462	0
3.70736	0.000684814	0.200334	0.057651	0
3.70834	0.000741096	0.116861	0.0440058	0
3.70835	0.000719949	0.166945	0.0525341	0
3.70823	0.000702252	0.15025	0.0501462	0
3.70798	0.000698022	0.183639	0.0552631	0
3.70737	0.000696526	0.133556	0.047076	0
3.70832	0.000688262	0.15025	0.0501462	0
3.70937	0.000697176	0.100167	0.0409356	0
3.70843	0.000700169	0.166945	0.0525341	0
3.70847	0.00072034	0.166945	0.0525341	0
3.70749	0.000699909	0.0834725	0.0371832	0
3.70892	0.000700755	0.100167	0.0409356	0
3.71007	0.000710905	0.183639	0.0552631	0
0	0	0	0	0
0	0	0	0	0
0	0	0	0	0
0	0	0	0	0
0	0	0	0	0
0	0	0	0	0
0	0	0	0	0
0	0	0	0	0
0	0	0	0	0
0	0	0	0	0
0	0	0	0	0
0	0	0	0	0
0	0	0	0	0
0	0	0	0	0
0	0	0	0	0
0	0	0	0	0
0	0	0	0	0
0	0	0	0	0
0	0	0	0	0
0	0	0	0	0
0	0	0	0	0
0	0	0	0	0
0	0	0	0	0
0	0	0	0	0
0	0	0	0	0
0	0	0	0	0
0	0	0	0	0
0	0	0	0	0
0	0	0	0	0
0	0	0	0	0
0	0	0	0	0
0	0	0	0	0
0	0	0	0	0
0	0	0	0	0
0	0	0	0	0
0	0	0	0	0
0	0	0	0	0
0	0	0	0	0
0	0	0	0	0
0	0	0	0	0
0	0	0	0	0
0	0	0	0	0
0	0	0	0	0
0	0	0	0	0
0	0	0	0	0
0	0	0	0	0
0	0	0	0	0
0	0	0	0	0
0	0	0	0	0
0	0	0	0	0
0	0	0	0	0
0	0	0	0	0
0	0	0	0	0
0	0	0	0	0
0	0	0	0	0
0	0	0	0	0
0	0	0	0	0
0	0	0	0	0
0	0	0	0	0
0	0	0	0	0
0	0	0	0	0
0	0	0	0	0
0	0	0	0	0
0	0	0	0	0
0	0	0	0	0
0	0	0	0	0
0	0	0	0	0
0	0	0	0	0
0	0	0	0	0
0	0	0	0	0
0	0	0	0	0
0	0	0	0	0
0	0	0	0	0
0	0	0	0	0
0	0	0	0	0
0	0	0	0	0
0	0	0	0	0
0	0	0	0	0
0	0	0	0	0
0	0	0	0	0
0	0	0	0	0
0	0	0	0	0
0	0	0	0	0
0	0	0	0	0
0	0	0	0	0
0	0	0	0	0
0	0	0	0	0
0	0	0	0	0
0	0	0	0	0
0	0	0	0	0
0	0	0	0	0
0	0	0	0	0
0	0	0	0	0
0	0	0	0	0
0	0	0	0	0
0	0	0	0	0
0	0	0	0	0
0	0	0	0	0
0	0	0	0	0
0	0	0	0	0
0	0	0	0	0
0	0	0	0	0
0	0	0	0	0
0	0	0	0	0
0	0	0	0	0
0	0	0	0	0
0	0	0	0	0
0	0	0	0	0
0	0	0	0	0
0	0	0	0	0
0	0	0	0	0
0	0	0	0	0
0	0	0	0	0
0	0	0	0	0
0	0	0	0	0
0	0	0	0	0
0	0	0	0	0
0	0	0	0	0
0	0	0	0	0
0	0	0	0	0
0	0	0	0	0
0	0	0	0	0
0	0	0	0	0
0	0	0	0	0
0	0	0	0	0
0	0	0	0	0
0	0	0	0	0
0	0	0	0	0
0	0	0	0	0
0	0	0	0	0
0	0	0	0	0
0	0	0	0	0
0	0	0	0	0
0	0	0	0	0
0	0	0	0	0
0	0	0	0	0
0	0	0	0	0
0	0	0	0	0
0	0	0	0	0
0	0	0	0	0
0	0	0	0	0
0	0	0	0	0
0	0	0	0	0
0	0	0	0	0
0	0	0	0	0
0	0	0	0	0
0	0	0	0	0
0	0	0	0	0
0	0	0	0	0
0	0	0	0	0
0	0	0	0	0
0	0	0	0	0
0	0	0	0	0
0	0	0	0	0
0	0	0	0	0
0	0	0	0	0
0	0	0	0	0
0	0	0	0	0
0	0	0	0	0
0	0	0	0	0
0	0	0	0	0
0	0	0	0	0
0	0	0	0	0
0	0	0	0	0
0	0	0	0	0
0	0	0	0	0
0	0	0	0	0
0	0	0	0	0
0	0	0	0	0
0	0	0	0	0
0	0	0	0	0
0	0	0	0	0
0	0	0	0	0
0	0	0	0	0
0	0	0	0	0
0	0	0	0	0
0	0	0	0	0
0	0	0	0	0
0	0	0	0	0
0	0	0	0	0
0	0	0	0	0
0	0	0	0	0
0	0	0	0	0
0	0	0	0	0
0	0	0	0	0
0	0	0	0	0
0	0	0	0	0
0	0	0	0	0
0	0	0	0	0
0	0	0	0	0
0	0	0	0	0
0	0	0	0	0
0	0	0	0	0
0	0	0	0	0
0	0	0	0	0
0	0	0	0	0
0	0	0	0	0
0	0	0	0	0
0	0	0	0	0
0	0	0	0	0
0	0	0	0	0
0	0	0	0	0
0	0	0	0	0
0	0	0	0	0
0	0	0	0	0
0	0	0	0	0
0	0	0	0	0
0	0	0	0	0
0	0	0	0	0
0	0	0	0	0
0	0	0	0	0
0	0	0	0	0
0	0	0	0	0
0	0	0	0	0
0	0	0	0	0
0	0	0	0	0
0	0	0	0	0
0	0	0	0	0
0	0	0	0	0
0	0	0	0	0
0	0	0	0	0
0	0	0	0	0
0	0	0	0	0
0	0	0	0	0
0	0	0	0	0
0	0	0	0	0
0	0	0	0	0
0	0	0	0	0
0	0	0	0	0
0	0	0	0	0
0	0	0	0	0
0	0	0	0	0
0	0	0	0	0
0	0	0	0	0
0	0	0	0	0
0	0	0	0	0
0	0	0	0	0
0	0	0	0	0
0	0	0	0	0
0	0	0	0	0
0	0	0	0	0
0	0	0	0	0
0	0	0	0	0
0	0	0	0	0
0	0	0	0	0
0	0	0	0	0
0	0	0	0	0
0	0	0	0	0
0	0	0	0	0
0	0	0	0	0
0	0	0	0	0
0	0	0	0	0
0	0	0	0	0
0	0	0	0	0
0	0	0	0	0
0	0	0	0	0
0	0	0	0	0
0	0	0	0	0
0	0	0	0	0
0	0	0	0	0
0	0	0	0	0
0	0	0	0	0
0	0	0	0	0
0	0	0	0	0
0	0	0	0	0
0	0	0	0	0
0	0	0	0	0
0	0	0	0	0
0	0	0	0	0
0	0	0	0	0
0	0	0	0	0
0	0	0	0	0
0	0	0	0	0
0	0	0	0	0
0	0	0	0	0
0	0	0	0	0
0	0	0	0	0
0	0	0	0	0
0	0	0	0	0
0	0	0	0	0
0	0	0	0	0
0	0	0	0	0
0	0	0	0	0
0	0	0	0	0
0	0	0	0	0
0	0	0	0	0
0	0	0	0	0
0	0	0	0	0
0	0	0	0	0
0	0	0	0	0
0	0	0	0	0
0	0	0	0	0
0	0	0	0	0
0	0	0	0	0
0	0	0	0	0
0	0	0	0	0
0	0	0	0	0
0	0	0	0	0
0	0	0	0	0
0	0	0	0	0
0	0	0	0	0
0	0	0	0	0
0	0	0	0	0
0	0	0	0	0
0	0	0	0	0
0	0	0	0	0
0	0	0	0	0
0	0	0	0	0
0	0	0	0	0
0	0	0	0	0
0	0	0	0	0
0	0	0	0	0
0	0	0	0	0
0	0	0	0	0
0	0	0	0	0
0	0	0	0	0
0	0	0	0	0
0	0	0	0	0
0	0	0	0	0
0	0	0	0	0
0	0	0	0	0
0	0	0	0	0
0	0	0	0	0
0	0	0	0	0
0	0	0	0	0
0	0	0	0	0
0	0	0	0	0
0	0	0	0	0
0	0	0	0	0
0	0	0	0	0
0	0	0	0	0
0	0	0	0	0
0	0	0	0	0
0	0	0	0	0
0	0	0	0	0
0	0	0	0	0
0	0	0	0	0
0	0	0	0	0
0	0	0	0	0
0	0	0	0	0
0	0	0	0	0
0	0	0	0	0
0	0	0	0	0
0	0	0	0	0
0	0	0	0	0
0	0	0	0	0
0	0	0	0	0
0	0	0	0	0
0	0	0	0	0
0	0	0	0	0
0	0	0	0	0
0	0	0	0	0
0	0	0	0	0
0	0	0	0	0
0	0	0	0	0
0	0	0	0	0
0	0	0	0	0
0	0	0	0	0
0	0	0	0	0
0	0	0	0	0
0	0	0	0	0
0	0	0	0	0
0	0	0	0	0
0	0	0	0	0
0	0	0	0	0
0	0	0	0	0
0	0	0	0	0
0	0	0	0	0
0	0	0	0	0
0	0	0	0	0
0	0	0	0	0
0	0	0	0	0
0	0	0	0	0
0	0	0	0	0
0	0	0	0	0
0	0	0	0	0
0	0	0	0	0
0	0	0	0	0
0	0	0	0	0
0	0	0	0	0
0	0	0	0	0
0	0	0	0	0
0	0	0	0	0
0	0	0	0	0
0	0	0	0	0
0	0	0	0	0
0	0	0	0	0
0	0	0	0	0
0	0	0	0	0
0	0	0	0	0
0	0	0	0	0
0	0	0	0	0
0	0	0	0	0
0	0	0	0	0
0	0	0	0	0
0	0	0	0	0
0	0	0	0	0
0	0	0	0	0
0	0	0	0	0
0	0	0	0	0
