a2610705.350164
Narit-cm 07/01/2026 05:05:02 07/01/2026 05:35:01 0045 0013.384714 0052.542598 00.0 00.0
0002389 0010 0000000 0010 05 0000000 0010 0000000 0010
1 0 1 01600 1 0000 3.75 00000.o 0 0 01 000 16 002389 0.500 BT0
1 2 1 02000 1 0000 3.75 00000.o 0 0 01 000 16 002389 0.500 S2A0
1 1 1 01600 1 0000 3.75 00000.o 0 0 00 000 00 002389 3.1746 BC0
1 3 1 02000 1 0000 3.75 00000.o 0 0 00 000 00 002389 3.1746 S2P0
1 5 0 01600 0 0000 1.00 00000.o 0 0 00 000 00 000000 0.000 OF0
0.000 .o Analog 0 	0.000 .o Analog StErr 0 	0.000 .o Photon Counting 0 	0.000 .o PC StErr 0 	0.000 .o Overflow Info 0 
27.4127	0.157894	177.715	0.859661	0
64.2258	0.382269	194.642	0.886044	0
265.419	2.30637	114.977	1.36127	0
472.982	0.087675	1.07158	0.132256	0
473.457	0	0	0	0
473.457	0	0	0	0
473.457	6.40446E-6	19.6233	0.603716	0
473.457	6.40446E-6	14.3324	0.547182	0
473.457	0	2.6622	0.241898	0
473.457	0	11.419	0.463922	0
473.457	0	37.4885	0.769207	0
473.457	0	94.3658	1.0368	0
473.457	0	147.811	1.04057	0
473.457	0	127.334	1.07346	0
473.457	0	86.5969	0.914482	0
473.457	0	78.9954	0.88159	0
473.457	0	79.3805	0.899064	0
473.457	0	85.2407	0.891869	0
473.457	0	100.745	0.951486	0
473.457	0	114.877	0.958682	0
473.457	6.40446E-6	117.304	0.940865	0
473.457	0	127.568	0.947032	0
473.457	0	151.879	0.935383	0
473.457	0	174.952	0.945319	0
473.457	0	188.514	0.86994	0
473.457	0	198.61	0.881932	0
473.457	0	202.98	0.867199	0
473.457	0	206.647	0.898036	0
473.457	0	207.585	0.892896	0
473.457	0	205.81	0.891869	0
473.457	0	203.667	0.860689	0
473.457	0	204.722	0.898379	0
473.457	0	203.55	0.873366	0
473.489	0.0142841	201.725	0.883645	1
476.727	0.16567	201.055	0.899406	1
485.014	0.261298	203.081	0.85555	1
495.984	0.18092	203.499	0.903861	1
499.989	0.0111104	202.679	0.885701	1
500	0	202.98	0.890155	1
499.987	0.00770019	202.177	0.87645	1
497.957	0.131375	202.964	0.906944	1
485.504	0.440581	201.792	0.877478	1
458.532	0.77677	202.177	0.883645	1
417.15	0.886021	202.897	0.904546	1
374.024	0.870878	201.808	0.874737	0
332.707	0.881443	203.114	0.889813	0
292.292	0.88705	203.282	0.885016	0
253.699	0.871023	201.992	0.87645	0
217.318	0.844205	202.779	0.884331	0
183.264	0.805081	202.562	0.880562	0
152.24	0.749477	204.085	0.884673	0
124.448	0.679197	203.047	0.877135	0
100.146	0.597423	201.306	0.8881	0
80.0491	0.511659	200.117	0.893239	0
63.7614	0.432365	199.012	0.862402	0
50.5124	0.364691	199.682	0.859319	0
39.7846	0.304662	196.132	0.865829	0
31.15	0.243454	195.463	0.880562	0
24.3977	0.188349	194.609	0.859661	0
19.4368	0.148008	193.47	0.839789	0
15.8108	0.114173	191.243	0.87645	0
13.0008	0.0879322	192.047	0.854864	0
10.9958	0.0709743	186.069	0.848697	0
9.55038	0.0559263	187.677	0.865143	0
8.41334	0.0454619	184.177	0.866856	0
7.60998	0.0378865	183.391	0.877135	0
7.03069	0.0319823	180.979	0.856235	0
6.56297	0.0283027	179.188	0.851438	0
6.20631	0.0264512	177.413	0.85692	0
5.93739	0.0247134	174.215	0.853151	0
5.69299	0.0227368	172.256	0.864115	0
5.52527	0.0217673	170.264	0.880904	0
5.43834	0.0217414	169.259	0.848354	0
5.35461	0.020978	167.267	0.848354	0
5.2638	0.0198973	166.496	0.845613	0
5.20412	0.0202469	164.136	0.840131	0
5.18653	0.019653	163.416	0.831565	0
5.1907	0.0192735	161.725	0.841844	0
5.21049	0.0195659	160.402	0.834307	0
5.2246	0.0191586	158.962	0.855892	0
5.23222	0.0191937	158.075	0.825055	0
5.29861	0.0191982	156.852	0.848012	0
5.36345	0.019132	156.015	0.855892	0
5.40144	0.0187638	154.023	0.84904	0
5.46166	0.0185146	154.441	0.853494	0
5.51742	0.0179232	153.37	0.86994	0
5.55742	0.0184892	153.319	0.828482	0
5.6239	0.0184214	153.386	0.830195	0
5.69462	0.0180225	152.767	0.83739	0
5.73158	0.0179637	151.578	0.853494	0
5.7844	0.0177127	150.707	0.845613	0
5.81298	0.0178295	149.468	0.851438	0
5.84808	0.0176902	149.535	0.841502	0
5.92227	0.017127	149.284	0.8439	0
5.95045	0.0167581	148.949	0.851438	0
5.96227	0.0170968	147.828	0.814777	0
6.03119	0.0168775	147.794	0.828482	0
6.09125	0.0165425	148.179	0.858633	0
6.13374	0.016787	146.388	0.842872	0
6.19326	0.0165703	146.455	0.852466	0
6.19346	0.0161841	144.897	0.839446	0
6.124	0.0160946	146.789	0.839103	0
6.19198	0.0161119	143.591	0.839789	0
6.39773	0.0161543	146.84	0.851438	0
6.4813	0.0161654	144.78	0.820601	0
6.47157	0.0162072	143.96	0.827454	0
6.53384	0.0160017	144.713	0.850753	0
6.5896	0.0163299	144.747	0.858633	0
6.61983	0.0158306	144.931	0.848697	0
6.67905	0.0153637	144.01	0.838075	0
6.70271	0.0156248	142.855	0.831908	0
6.7021	0.01621	141.432	0.864458	0
6.70822	0.0158443	142.838	0.848697	0
6.6749	0.0151136	140.226	0.848354	0
6.64025	0.0152676	141.097	0.854864	0
6.66881	0.0150742	139.791	0.833621	0
6.69442	0.0148069	141.164	0.849725	0
6.67972	0.015347	138.887	0.852123	0
6.66451	0.014534	138.485	0.870968	0
6.68507	0.0144251	137.999	0.834992	0
6.6993	0.0148144	137.648	0.846299	0
6.69111	0.0146814	137.949	0.855892	0
6.69274	0.0145968	136.208	0.840817	0
6.67134	0.0146893	136.559	0.861374	0
6.62404	0.0145366	135.136	0.835677	0
6.62055	0.0141735	134.316	0.837048	0
6.65253	0.0137046	135.22	0.856578	0
6.66372	0.013947	135.153	0.846641	0
6.65724	0.0142026	133.663	0.814091	0
6.66356	0.0142365	132.708	0.818546	0
6.67916	0.0143965	131.888	0.823342	0
6.66227	0.0141435	131.335	0.861032	0
6.62638	0.013973	128.405	0.850753	0
6.61105	0.0141817	132.206	0.861374	0
6.56018	0.0140802	130.08	0.857605	0
6.48853	0.0136194	129.527	0.881247	0
6.44936	0.0134276	127.082	0.834992	0
6.39197	0.0132023	125.726	0.855207	0
6.35335	0.0123436	125.14	0.839789	0
6.35481	0.0125776	123.901	0.867884	0
6.33643	0.012565	123.148	0.846641	0
6.32255	0.0126331	123.751	0.827797	0
6.34468	0.012313	122.813	0.834307	0
6.36325	0.0123802	121.992	0.84904	0
6.35365	0.0126825	120.737	0.853837	0
6.36196	0.0124575	123.282	0.862745	0
6.3953	0.0122356	123.566	0.837048	0
6.40137	0.0119665	121.842	0.838418	0
6.39066	0.0124942	121.323	0.844585	0
6.3862	0.0124571	122.026	0.856235	0
6.39718	0.0123203	122.712	0.826769	0
6.41026	0.0120847	120.117	0.856578	0
6.38966	0.012149	120.184	0.85692	0
6.36793	0.0120124	118.728	0.827111	0
6.34535	0.0119122	118.075	0.826083	0
6.33454	0.0117528	118.845	0.840474	0
6.34805	0.0116215	118.828	0.848697	0
6.33159	0.0115393	117.639	0.846984	0
6.30431	0.0117217	117.79	0.855892	0
6.31892	0.0114279	118.309	0.839103	0
6.31202	0.0119777	117.974	0.838075	0
6.27272	0.0118003	115.747	0.852466	0
6.25935	0.0115399	115.613	0.840474	0
6.23934	0.0114102	116.049	0.825055	0
6.22134	0.0110638	115.63	0.841844	0
6.21231	0.0112421	114.877	0.833621	0
6.1899	0.011217	112.918	0.846299	0
6.18307	0.0112496	114.374	0.807581	0
6.15941	0.0109162	114.19	0.831565	0
6.11793	0.0108509	110.674	0.8439	0
6.11055	0.0111985	110.557	0.839789	0
6.11432	0.0107811	111.561	0.83739	0
6.0855	0.0109577	110.272	0.843215	0
6.05614	0.0111419	111.076	0.839103	0
6.04761	0.0108775	108.966	0.840474	0
6.02427	0.0108981	107.861	0.839103	0
6.00717	0.0106998	108.33	0.825055	0
5.98876	0.0106454	105.835	0.838418	0
5.95035	0.0103899	107.643	0.859661	0
5.94744	0.0106647	105.869	0.8439	0
5.9347	0.010555	105.517	0.839789	0
5.88652	0.0103974	103.491	0.829167	0
5.85843	0.0104237	102.101	0.828824	0
5.85928	0.0102991	102.754	0.846299	0
5.83309	0.00999306	102.403	0.834307	0
5.81208	0.0102664	101.984	0.85041	0
5.81	0.0102299	100.929	0.861374	0
5.78668	0.0100721	99.3386	0.850068	0
5.76546	0.0098238	98.7694	0.847669	0
5.75254	0.0101549	98.2168	0.837733	0
5.72525	0.00988248	98.2503	0.823342	0
5.70728	0.0100033	98.9033	0.865829	0
5.69356	0.00986268	97.4131	0.813406	0
5.66822	0.00993679	96.0904	0.857263	0
5.65228	0.00997299	94.031	0.84253	0
5.64017	0.010084	95.5379	0.856578	0
5.61194	0.00966466	93.7296	0.842872	0
5.58263	0.00969924	94.7175	0.858633	0
5.57084	0.00971054	92.1222	0.833621	0
5.55526	0.00952429	92.5743	0.842872	0
5.54542	0.00955657	92.2394	0.829852	0
5.52912	0.00951089	91.2516	0.841502	0
5.50059	0.00951579	90.2135	0.858976	0
5.48519	0.00960925	91.0172	0.84904	0
5.47214	0.00946763	90.0628	0.86206	0
5.4663	0.00958363	89.7781	0.839103	0
5.4505	0.00933176	86.7643	0.831223	0
5.41996	0.00938012	86.4462	0.814777	0
5.40284	0.00939574	86.6639	0.831565	0
5.39046	0.00922236	86.262	0.838075	0
5.36633	0.00913649	85.09	0.832593	0
5.35105	0.00910297	85.5588	0.845271	0
5.34127	0.00884123	86.3625	0.840817	0
5.32703	0.00925465	84.0686	0.853494	0
5.29754	0.00913545	81.7078	0.833279	0
5.26618	0.00915231	81.6911	0.825398	0
5.26001	0.00889606	81.9087	0.834307	0
5.25389	0.00871582	80.8874	0.828482	0
5.22851	0.00875569	79.8326	0.821287	0
5.21459	0.00878843	78.4596	0.834992	0
5.21423	0.00879176	80.6028	0.834992	0
5.20117	0.00883444	78.0578	0.846984	0
5.17531	0.00864211	78.7108	0.821972	0
5.15093	0.0084322	77.0364	0.807239	0
5.13193	0.00844311	76.869	0.81135	0
5.12364	0.00862538	77.6392	0.823342	0
5.11264	0.0083441	75.8979	0.808609	0
5.08652	0.00835417	73.3026	0.797302	0
5.06521	0.00830947	73.4198	0.829852	0
5.06083	0.00842991	74.6589	0.814091	0
5.04912	0.00850644	72.8338	0.854179	0
5.03141	0.00815615	73.5203	0.811693	0
5.01652	0.00820922	71.7288	0.823342	0
4.99661	0.00820307	70.9753	0.826083	0
4.98083	0.00797846	69.9372	0.802099	0
4.97582	0.00810407	71.4776	0.825398	0
4.96473	0.00798937	69.2842	0.815804	0
4.95363	0.00786945	69.8368	0.817175	0
4.94512	0.00795735	68.5308	0.804498	0
4.9236	0.0078805	67.4592	0.824713	0
4.90648	0.00786664	66.5383	0.819573	0
4.9034	0.00781319	66.4044	0.805183	0
4.89795	0.00781711	66.036	0.804155	0
4.88893	0.00789363	66.8564	0.815119	0
4.87625	0.00760674	65.969	0.800386	0
4.86569	0.0076483	64.5458	0.7788	0
4.85545	0.00764	64.7802	0.820259	0
4.83753	0.00746715	64.2947	0.800043	0
4.82674	0.00755034	63.3905	0.802442	0
4.82295	0.0073337	63.8928	0.779486	0
4.80799	0.00751891	62.6706	0.786681	0
4.79483	0.00744428	62.5701	0.810322	0
4.78265	0.00722946	62.3524	0.816147	0
4.77855	0.00723012	60.7618	0.800729	0
4.78034	0.00734246	61.5153	0.788737	0
4.76575	0.00744042	60.2595	0.802784	0
4.73712	0.00716437	60.0251	0.806211	0
4.73183	0.00727606	58.5684	0.780513	0
4.7313	0.00727416	58.4345	0.793876	0
4.71289	0.00724665	57.9322	0.789079	0
4.69549	0.00696551	58.0996	0.787366	0
4.68113	0.00680553	56.7602	0.774003	0
4.65807	0.00684958	54.4496	0.789765	0
4.63911	0.00684114	54.8849	0.772633	0
4.62259	0.00669162	52.2729	0.782227	0
4.59878	0.00657105	52.9594	0.757215	0
4.58371	0.00636277	51.4357	0.769892	0
4.57332	0.00655856	50.4981	0.751047	0
4.55886	0.00636447	50.4814	0.765095	0
4.55151	0.00634597	49.9288	0.759956	0
4.54083	0.00617985	48.9075	0.771605	0
4.52661	0.00624546	47.4341	0.751732	0
4.523	0.00613025	48.0201	0.747621	0
4.51238	0.00624311	47.6685	0.748991	0
4.49794	0.00610496	47.5848	0.759613	0
4.49264	0.00611195	46.2285	0.705135	0
4.48846	0.00602778	45.6258	0.741454	0
4.47697	0.00620129	46.0109	0.743852	0
4.4709	0.00600177	45.9774	0.758242	0
4.45807	0.00588675	44.1859	0.729804	0
4.45135	0.00593452	45.0398	0.739398	0
4.45728	0.00592936	45.3914	0.720553	0
4.44862	0.00574422	44.5207	0.734601	0
4.43336	0.00576853	44.1356	0.722266	0
4.42089	0.00573566	42.9468	0.722609	0
4.42155	0.00575075	43.717	0.746593	0
4.42051	0.00568723	41.892	0.710959	0
4.40428	0.0056756	42.7292	0.709931	0
4.39018	0.00571906	41.5571	0.725007	0
4.38332	0.00572343	41.5571	0.728091	0
4.37798	0.00562691	39.6819	0.709931	0
4.37418	0.00558404	41.3227	0.716441	0
4.36832	0.00548294	40.7702	0.727406	0
4.35704	0.00545386	39.4642	0.704792	0
4.34947	0.00542569	39.7656	0.70719	0
4.34103	0.00540439	39.1796	0.70582	0
4.32803	0.0052831	37.8066	0.688346	0
4.31971	0.00514736	38.4596	0.698625	0
4.3137	0.00521101	36.6346	0.684919	0
4.30439	0.00513736	37.8736	0.697939	0
4.29501	0.00511612	36.3667	0.682521	0
4.28639	0.00517723	35.0105	0.684577	0
4.27613	0.00498163	33.8887	0.66676	0
4.27053	0.00502058	34.6756	0.677039	0
4.2609	0.00495673	34.3407	0.67464	0
4.24392	0.00492399	32.1139	0.666417	0
4.23464	0.00499182	32.1641	0.665389	0
4.22994	0.00484132	31.6116	0.66025	0
4.21158	0.0046401	30.5567	0.641748	0
4.20231	0.00453776	30.5735	0.653055	0
4.20294	0.00464853	30.4395	0.651684	0
4.19602	0.00465905	29.8033	0.648943	0
4.19147	0.00454671	29.9205	0.635238	0
4.18878	0.00445071	30.2051	0.652369	0
4.1827	0.00452979	28.8489	0.623588	0
4.17434	0.00443431	28.1457	0.612967	0
4.16996	0.00449169	28.4973	0.628385	0
4.16856	0.00437837	28.6312	0.615708	0
4.16403	0.00417107	28.9828	0.616393	0
4.15883	0.00413741	27.9782	0.611596	0
4.14959	0.0042291	26.8229	0.612624	0
4.13576	0.00409755	27.0741	0.61331	0
4.1307	0.00404553	26.1532	0.609883	0
4.13133	0.00410925	26.4211	0.613995	0
4.12586	0.00410441	25.6844	0.595493	0
4.11648	0.00408886	24.7133	0.605086	0
4.11959	0.00406755	26.4044	0.607827	0
4.11941	0.00419885	25.2658	0.595493	0
4.10801	0.00405207	23.9096	0.595493	0
4.10276	0.00400991	24.4956	0.586584	0
4.10104	0.00402952	24.4119	0.584529	0
4.09511	0.00394776	23.8091	0.597549	0
4.09272	0.00391796	23.8091	0.588297	0
4.09094	0.00385144	23.8259	0.584871	0
4.0837	0.00371276	22.6706	0.568082	0
4.07756	0.00374419	23.2566	0.558146	0
4.07714	0.00380451	23.3905	0.580074	0
4.07442	0.00376713	22.8213	0.550608	0
4.06985	0.00381981	22.3692	0.575963	0
4.06564	0.00386189	22.0343	0.577333	0
4.05886	0.00382745	22.0008	0.583843	0
4.05702	0.00374883	21.532	0.558831	0
4.05813	0.00380092	22.6371	0.575963	0
4.05975	0.00383908	22.7878	0.565684	0
4.05603	0.0038217	22.6036	0.585214	0
4.04758	0.00370191	20.9962	0.549923	0
4.04453	0.00361512	21.4985	0.556433	0
4.04747	0.00361767	21.3981	0.557461	0
4.04416	0.00359643	21.2139	0.547182	0
4.03603	0.0034622	21.6995	0.568767	0
4.03419	0.00350461	20.2763	0.535532	0
4.03271	0.00360526	20.7786	0.554034	0
4.025	0.00359774	20.5442	0.555062	0
4.02178	0.00359454	20.36	0.556775	0
4.02393	0.00357186	19.9414	0.544441	0
4.02279	0.00365734	20.4102	0.540329	0
4.01464	0.00359094	19.8912	0.534504	0
4.01403	0.00340816	19.6902	0.532449	0
4.01812	0.00349449	20.7786	0.558489	0
4.00963	0.00338378	19.4391	0.52868	0
4.00349	0.00331758	19.1042	0.525253	0
4.00543	0.00339894	18.987	0.532791	0
3.99801	0.00332418	18.1331	0.52217	0
3.99526	0.0033398	18.8196	0.522855	0
3.99489	0.00337064	18.4512	0.524225	0
3.9859	0.00335705	18.0494	0.527994	0
3.98098	0.00325432	17.6978	0.509492	0
3.98082	0.00317498	17.5471	0.516345	0
3.9822	0.00321249	18.2503	0.520114	0
3.98302	0.003257	18.7694	0.529365	0
3.98071	0.00327013	17.5806	0.51566	0
3.9733	0.00316995	17.3462	0.50915	0
3.97043	0.00316165	16.6429	0.512576	0
3.97218	0.00312329	16.5927	0.496815	0
3.9735	0.00315296	17.3294	0.499213	0
3.97304	0.00320713	17.3127	0.511548	0
3.96655	0.00320498	17.0448	0.505381	0
3.96411	0.00316995	16.4085	0.503668	0
3.95999	0.00316185	16.6932	0.499213	0
3.9534	0.00310133	16.3081	0.505038	0
3.95213	0.00307003	16.0067	0.482767	0
3.95026	0.00309858	16.1574	0.497158	0
3.94403	0.00309492	15.5714	0.487564	0
3.94025	0.00304232	15.5379	0.481739	0
3.94183	0.00301886	15.789	0.496472	0
3.942	0.00299938	15.0356	0.478656	0
3.94056	0.00304558	16.0904	0.493046	0
3.9395	0.0030265	16.0569	0.492703	0
3.93902	0.00296853	14.9519	0.481739	0
3.93717	0.00303336	15.4374	0.484138	0
3.93913	0.0030431	15.789	0.490648	0
3.93543	0.00291331	15.7388	0.480026	0
3.92954	0.00297507	15.4877	0.494074	0
3.92781	0.00291161	14.7509	0.471803	0
3.92262	0.0029535	14.483	0.471118	0
3.92049	0.00285358	14.1314	0.459126	0
3.92107	0.00292691	14.0979	0.457755	0
3.91823	0.00287312	14.9184	0.483795	0
3.9161	0.00293547	14.3156	0.472831	0
3.91337	0.00289227	14.483	0.461181	0
3.91245	0.00285044	14.031	0.466663	0
3.91429	0.00291593	14.2654	0.472488	0
3.90937	0.0028179	13.5622	0.450902	0
3.90744	0.00276516	13.7463	0.45844	0
3.90909	0.00280842	13.9807	0.465636	0
3.90508	0.00272314	13.2775	0.449875	0
3.90338	0.00275529	13.6124	0.460496	0
3.90637	0.00278281	14.1147	0.464608	0
3.90159	0.00271223	13.5454	0.454671	0
3.89716	0.00273445	13.2105	0.454329	0
3.89644	0.00288279	13.7296	0.458098	0
3.89386	0.00276255	13.7129	0.452616	0
3.89224	0.00280326	12.9594	0.450217	0
3.89084	0.00273098	13.4952	0.443022	0
3.89277	0.0027053	13.8803	0.456042	0
3.89421	0.00274843	13.1771	0.443707	0
3.8885	0.00265668	13.1938	0.445763	0
3.88763	0.002634	12.9594	0.448504	0
3.88831	0.00275523	12.8757	0.449875	0
3.88635	0.00261224	13.3612	0.444735	0
3.88665	0.00255041	12.6915	0.438568	0
3.88537	0.00276268	12.2394	0.437197	0
3.88032	0.00269576	12.9259	0.434799	0
3.87548	0.00264158	12.0385	0.435484	0
3.8732	0.00264256	12.0218	0.434799	0
3.87262	0.00265811	12.3064	0.44542	0
3.87458	0.00257793	12.1222	0.419723	0
3.87015	0.00261119	11.9883	0.431372	0
3.86951	0.00262995	11.9046	0.423492	0
3.86892	0.00260211	11.5697	0.424862	0
3.86694	0.00258995	11.7204	0.43891	0
3.87118	0.00254662	11.7539	0.415611	0
3.8752	0.00269406	12.2227	0.438225	0
3.87195	0.00266458	11.9883	0.437882	0
3.86931	0.0025812	11.7371	0.427946	0
3.87322	0.0026355	12.2394	0.440966	0
3.87379	0.00266073	12.1557	0.439596	0
3.86827	0.0026404	12.9594	0.449875	0
3.86336	0.00259139	11.6199	0.419723	0
3.85975	0.00256335	11.2348	0.407731	0
3.85911	0.00256989	11.9715	0.437197	0
3.8591	0.00260211	11.4357	0.421436	0
3.85608	0.00250153	10.5651	0.413898	0
3.85493	0.00258152	11.9046	0.438568	0
3.8569	0.00253754	11.5864	0.426233	0
3.8583	0.00250617	11.8543	0.434799	0
3.85731	0.00250186	11.4023	0.412528	0
3.85641	0.00254943	12.3399	0.441651	0
3.85208	0.00252336	10.4981	0.394368	0
3.84584	0.00238128	10.3474	0.400536	0
3.84678	0.00242187	11.1846	0.422807	0
3.84753	0.00252878	11.0674	0.419723	0
3.84556	0.00253238	10.5818	0.414584	0
3.84273	0.00244951	11.0339	0.409787	0
3.84266	0.00250029	11.0506	0.412185	0
3.84088	0.00242729	10.5483	0.41287	0
3.84008	0.00247382	10.5316	0.403277	0
3.84095	0.00254087	11.0674	0.42452	0
3.84058	0.00246925	10.6823	0.410815	0
3.83943	0.00240501	10.2972	0.407046	0
3.84209	0.00242938	11.0841	0.407046	0
3.84384	0.00248147	10.766	0.409444	0
3.84086	0.00249611	11.0674	0.42452	0
3.84138	0.00249604	11.4023	0.422121	0
3.83902	0.00251127	10.6823	0.406018	0
3.83446	0.00250584	10.0963	0.387858	0
3.83301	0.00248447	10.0963	0.396424	0
3.82722	0.00242187	9.84512	0.392655	0
3.82296	0.00235495	9.19213	0.379978	0
3.82571	0.00236612	10.2805	0.401221	0
3.82718	0.00242644	9.47677	0.39334	0
3.82449	0.00240729	10.1298	0.39197	0
3.82267	0.00233266	9.89535	0.390942	0
3.82374	0.00229763	9.61072	0.391285	0
3.82427	0.00239422	9.86187	0.395396	0
3.8231	0.0023739	10.3642	0.412528	0
3.82008	0.00233776	9.66095	0.395396	0
3.81846	0.00242108	9.17539	0.381348	0
3.81938	0.00228169	9.05818	0.378265	0
3.81939	0.00243736	9.77815	0.410472	0
3.81772	0.00241965	9.17539	0.392998	0
3.81774	0.00247252	9.35956	0.384089	0
3.82317	0.00280692	9.67769	0.397795	0
3.82577	0.00282345	9.97907	0.403619	0
3.82075	0.00262171	10.113	0.395396	0
3.81994	0.00316132	8.95772	0.371755	0
3.85035	0.00862446	11.3018	0.489962	0
3.88701	0.0141677	10.5986	0.466321	0
3.84589	0.00711608	9.57723	0.396767	0
3.81459	0.0046665	11.1679	0.43103	0
3.88372	0.0110579	11.1511	0.500927	0
4.06217	0.0367272	12.8422	0.615023	0
4.24158	0.0582644	13.7296	0.613995	0
4.12371	0.0420581	13.1268	0.568082	0
3.97883	0.0238362	14.3826	0.611254	1
3.99896	0.025174	13.7296	0.575963	0
3.95474	0.0173737	13.7129	0.608855	1
4.00788	0.0242857	15.136	0.658537	0
4.28835	0.0448469	18.6856	0.818546	0
4.81619	0.0968978	18.8028	0.879876	0
5.39799	0.154933	18.7024	0.912084	0
5.53112	0.168208	19.4893	0.914825	0
5.17763	0.124194	19.2717	0.877821	0
4.83825	0.100884	20.1423	0.90249	0
5.02169	0.129428	19.8577	0.92716	0
5.18665	0.119717	19.6233	0.917566	0
5.01219	0.107966	19.5228	0.924761	0
4.75036	0.0842652	17.9824	0.814777	0
4.20616	0.038405	16.3081	0.73323	1
3.88655	0.0192831	13.3947	0.630784	1
3.98951	0.0233771	12.7752	0.645517	0
3.97541	0.0219466	12.3901	0.583843	0
3.86257	0.012712	12.005	0.545126	0
3.90815	0.0189808	12.4236	0.581102	0
4.07011	0.039224	14.617	0.703421	0
4.20864	0.056372	15.0021	0.741111	0
4.14137	0.0416581	13.2775	0.685605	0
3.92876	0.0220892	10.766	0.497843	1
3.78356	0.00753812	7.26664	0.35428	0
3.76637	0.00526512	7.06572	0.335436	0
3.77953	0.00409788	6.24529	0.322416	0
3.76975	0.00276712	6.52993	0.325842	0
3.76556	0.00241259	6.02763	0.308711	0
3.76769	0.00227345	6.44621	0.320703	0
3.76488	0.00209446	6.17832	0.323101	0
3.76304	0.00189958	5.50858	0.304942	0
3.76466	0.00196055	5.99414	0.318647	0
3.76522	0.00197545	6.41272	0.323786	0
3.7611	0.00190579	5.72625	0.304599	0
3.75853	0.00187318	6.0946	0.313507	0
3.75904	0.0019099	5.5923	0.305627	0
3.75775	0.00182325	5.69276	0.300487	0
3.75661	0.00179247	5.69276	0.304942	0
3.75392	0.00181312	5.57555	0.298089	0
3.74746	0.00167333	5.02302	0.291236	0
3.74356	0.00162869	4.28631	0.266224	0
3.74405	0.00167941	4.77187	0.280615	0
3.74142	0.00160072	4.25283	0.270679	0
3.73682	0.00161726	4.21934	0.266567	0
3.73394	0.00152799	3.70029	0.250806	0
3.73456	0.00158295	4.23608	0.271021	0
3.73374	0.00158857	3.90121	0.250806	0
3.72878	0.00151139	3.41566	0.238471	0
3.72617	0.00142885	3.28171	0.230933	0
3.72833	0.00148237	3.36542	0.23573	0
3.72698	0.00143375	3.26496	0.230248	0
3.72419	0.0014761	3.33194	0.234702	0
3.72525	0.00142565	3.24822	0.228535	0
3.72618	0.00138892	3.36542	0.238129	0
3.72482	0.0013618	2.94684	0.217571	0
3.72647	0.00147028	3.38217	0.235045	0
3.72542	0.00142192	2.94684	0.221682	0
3.72263	0.00136742	2.61197	0.207634	0
3.72251	0.00136938	3.03056	0.224081	0
3.72332	0.00143924	2.99707	0.224423	0
3.72073	0.00136036	2.42779	0.201124	0
3.7193	0.00138761	3.13102	0.229905	0
3.7188	0.00135036	2.36082	0.195642	0
3.71661	0.0012971	2.31059	0.192559	0
3.71827	0.00136409	2.81289	0.217228	0
3.71993	0.00132115	2.86312	0.2162	0
3.7183	0.00132324	2.82964	0.212431	0
3.7184	0.00133148	2.96358	0.222025	0
3.71744	0.00131605	2.19339	0.187762	0
3.71657	0.00129442	2.71243	0.211061	0
3.71776	0.00132455	2.79615	0.210033	0
3.71632	0.00132775	2.64546	0.212774	0
3.7141	0.00130507	2.36082	0.194272	0
3.71676	0.00136748	3.01381	0.232304	0
3.71725	0.00133984	2.79615	0.214144	0
3.71368	0.00130533	2.49477	0.203523	0
3.71262	0.00127187	2.61197	0.204893	0
3.71156	0.00126652	2.46128	0.202152	0
3.71082	0.00128965	2.36082	0.197355	0
3.71238	0.00131429	2.6622	0.210718	0
3.71352	0.00132174	2.74592	0.211061	0
3.70997	0.00126201	2.10967	0.189132	0
3.70987	0.0012294	2.22687	0.189132	0
3.71085	0.00130167	2.61197	0.204893	0
3.70974	0.00129109	2.21013	0.192901	0
3.70836	0.00124789	2.34408	0.19667	0
3.7106	0.00126253	2.6622	0.203865	0
3.71159	0.00125305	2.26036	0.191873	0
3.70889	0.00126037	2.32733	0.195985	0
3.70755	0.00127279	2.2771	0.193929	0
3.70747	0.00118084	2.26036	0.191873	0
3.70727	0.00123103	2.10967	0.184335	0
3.7058	0.00122515	2.07618	0.193587	0
3.70725	0.00125965	2.61197	0.204893	0
3.70888	0.00130096	2.52825	0.204893	0
3.7054	0.00125103	2.00921	0.181937	0
3.7027	0.00120201	2.19339	0.187762	0
3.70533	0.00121561	2.1599	0.188104	0
3.70535	0.00119476	1.79154	0.172686	0
3.70318	0.00123645	2.26036	0.193244	0
3.70529	0.00122985	2.24362	0.191188	0
3.70468	0.00122155	1.7748	0.170288	0
3.70369	0.00118548	2.41105	0.199069	0
3.70433	0.0012228	1.69108	0.164806	0
3.70159	0.00121443	1.67434	0.168917	0
3.70069	0.00120639	1.80829	0.176455	0
3.69997	0.0011762	1.79154	0.16926	0
3.69878	0.00115797	1.69108	0.166519	0
3.7004	0.00118934	1.74131	0.172001	0
3.70042	0.00118339	1.99247	0.179539	0
3.69991	0.00117587	1.80829	0.171658	0
3.70019	0.00117064	2.22687	0.189132	0
3.70085	0.00117979	1.74131	0.168574	0
3.70107	0.00120018	2.00921	0.181937	0
3.7006	0.00116502	1.90875	0.177825	0
3.70025	0.00117711	1.87526	0.177825	0
3.69961	0.00117836	1.92549	0.178511	0
3.6998	0.00114326	1.75806	0.169602	0
3.70014	0.00116672	1.95898	0.178168	0
3.69865	0.00112059	1.80829	0.171658	0
3.69696	0.00117189	1.74131	0.168574	0
3.6967	0.00117313	1.92549	0.176798	0
3.69654	0.00114705	1.70783	0.165491	0
3.69604	0.00114372	1.72457	0.166176	0
3.69585	0.00115208	1.50691	0.15761	0
3.69386	0.00113464	1.72457	0.167889	0
3.6936	0.00114718	1.42319	0.155212	0
3.69663	0.00118502	2.12641	0.189818	0
3.69768	0.00121776	1.99247	0.179539	0
3.69469	0.00113581	1.72457	0.169602	0
3.69268	0.00110823	1.57388	0.161037	0
3.69455	0.00115731	1.72457	0.171316	0
3.69483	0.00115359	1.54039	0.159323	0
3.69301	0.00114908	1.67434	0.165491	0
3.69244	0.00113529	1.50691	0.164463	0
3.69253	0.001077	1.57388	0.161037	0
3.69301	0.00111993	1.69108	0.166519	0
3.69418	0.00115999	1.47342	0.159666	0
3.69488	0.00116202	2.1599	0.185021	0
3.69305	0.00118287	1.42319	0.153499	0
3.69123	0.00110797	1.52365	0.160351	0
3.69221	0.00110222	1.55714	0.160009	0
3.6939	0.00117659	1.74131	0.172001	0
3.69199	0.00113071	1.47342	0.15761	0
3.69055	0.0011332	1.28924	0.146646	0
3.691	0.00109621	1.28924	0.148359	0
3.69009	0.00113006	1.55714	0.160009	0
3.69046	0.00111052	1.45668	0.155212	0
3.69148	0.00113085	1.75806	0.170973	0
3.69069	0.00113006	1.72457	0.167889	0
3.68968	0.00110856	1.6576	0.166519	0
3.69016	0.00115359	1.82503	0.174057	0
3.6915	0.00113973	1.69108	0.166519	0
3.68942	0.00110078	1.50691	0.15761	0
3.68976	0.00112692	1.75806	0.169602	0
3.6902	0.00111699	1.50691	0.159323	0
3.68876	0.00110882	1.72457	0.171316	0
3.68917	0.00109889	1.57388	0.158981	0
3.68989	0.00109876	1.47342	0.155897	0
3.6893	0.00111647	1.52365	0.158296	0
3.68892	0.00113542	1.55714	0.160009	0
3.68978	0.00112614	1.47342	0.15761	0
3.68944	0.00109725	1.57388	0.16275	0
3.68759	0.00105465	1.50691	0.155897	0
3.68929	0.00109268	1.55714	0.160009	0
3.68851	0.00110497	1.42319	0.153499	0
3.68781	0.00108026	1.52365	0.158296	0
3.6885	0.00106314	1.42319	0.151786	0
3.68686	0.00108432	1.42319	0.151786	0
3.68501	0.00107196	1.33947	0.149044	0
3.68605	0.0010934	1.40645	0.157953	0
3.68717	0.00106641	1.2725	0.145618	0
3.68594	0.00107321	1.10506	0.134311	0
3.68592	0.00109477	1.33947	0.147331	0
3.68563	0.00107451	1.33947	0.1511	0
3.68525	0.00108131	1.28924	0.146646	0
3.68537	0.00108948	1.2725	0.145618	0
3.68594	0.00107621	1.52365	0.160351	0
3.6855	0.00110732	1.49016	0.158638	0
3.6858	0.00110203	1.37296	0.150758	0
3.68483	0.00107974	1.42319	0.151786	0
3.68616	0.00108066	1.28924	0.146646	0
3.68668	0.00108784	1.50691	0.15761	0
3.68377	0.00104765	1.3897	0.151786	0
3.6833	0.00104373	1.18878	0.141164	0
3.68372	0.00104432	1.33947	0.1511	0
3.68332	0.00108052	1.3897	0.153499	0
3.68393	0.0010687	1.25576	0.148359	0
3.68449	0.00106059	1.28924	0.14459	0
3.68304	0.00102602	1.25576	0.14459	0
3.68351	0.0010434	1.49016	0.154869	0
3.68321	0.00103622	1.28924	0.146646	0
3.68301	0.00104053	1.22227	0.142877	0
3.6819	0.00105014	1.08832	0.133283	0
3.68327	0.00108569	1.47342	0.155897	0
3.68265	0.00105229	1.07158	0.132256	0
3.68115	0.0010455	1.17204	0.13808	0
3.68022	0.00105229	0.987861	0.127116	0
3.68206	0.00107085	1.43993	0.157953	0
3.68299	0.001037	1.22227	0.140821	0
3.68227	0.00103497	1.18878	0.141164	0
3.68334	0.00104478	1.54039	0.159323	0
3.68237	0.00103994	1.2725	0.145618	0
3.68009	0.00104399	1.23901	0.141849	0
3.68127	0.00102217	1.22227	0.140821	0
3.68346	0.00107347	1.37296	0.150758	0
3.68305	0.00107863	1.52365	0.160351	0
3.68124	0.00103092	1.32273	0.148359	0
3.67921	0.00100446	0.820427	0.11855	0
3.67887	0.00101275	1.18878	0.141164	0
3.67951	0.00102079	1.17204	0.143905	0
3.68067	0.00106602	1.25576	0.142877	0
3.68174	0.00108111	1.2725	0.145618	0
3.6802	0.00105752	1.18878	0.141164	0
3.67926	0.00105053	1.13855	0.136025	0
3.68043	0.00102092	1.12181	0.139108	0
3.68084	0.0010485	1.33947	0.149044	0
3.68099	0.00102805	1.10506	0.136367	0
3.68091	0.00107562	1.23901	0.143905	0
3.67894	0.00100831	0.904144	0.124032	0
3.67887	0.00103007	1.08832	0.133283	0
3.67923	0.00105242	1.23901	0.143905	0
3.67929	0.0010668	1.02135	0.133283	0
3.67761	0.00103726	1.03809	0.132256	0
3.67732	0.00101001	0.920887	0.12506	0
3.67707	0.000996221	0.870657	0.121634	0
3.67749	0.000988313	1.07158	0.134311	0
3.67784	0.00100086	0.820427	0.116152	0
3.67763	0.0010138	1.08832	0.135339	0
3.6781	0.00101347	1.07158	0.132256	0
3.67761	0.00100883	1.20553	0.139793	0
3.67906	0.00100256	0.870657	0.119578	0
3.67828	0.00102844	1.08832	0.133283	0
3.67852	0.00100008	1.23901	0.141849	0
3.67936	0.00104184	1.22227	0.140821	0
3.6797	0.00106098	1.30599	0.149387	0
3.67888	0.00101785	1.02135	0.129172	0
3.67731	0.00100178	1.05483	0.131228	0
3.67673	0.00105752	1.20553	0.141849	0
3.67713	0.00101458	0.904144	0.124032	0
3.67731	0.00102236	1.10506	0.136367	0
3.67767	0.00104968	1.35622	0.153841	0
3.6774	0.00103524	0.954374	0.127116	0
3.67473	0.00101687	1.05483	0.131228	0
3.67591	0.000985569	1.07158	0.134311	0
3.67695	0.00100838	0.937631	0.12369	0
3.67715	0.00102864	1.20553	0.143905	0
3.67653	0.000999815	0.937631	0.12369	0
3.67522	0.000955638	0.83717	0.11718	0
3.67734	0.00104883	1.13855	0.136025	0
3.67756	0.00102576	1.07158	0.132256	0
3.67514	0.00100825	1.18878	0.139108	0
3.67549	0.000999554	0.971118	0.126088	0
3.67564	0.00103654	1.05483	0.135339	0
3.67578	0.00101583	0.619506	0.101076	0
3.67476	0.00101851	1.23901	0.143905	0
3.67512	0.00101988	1.1553	0.141164	0
3.675	0.000961127	0.652993	0.103817	0
3.67556	0.000978837	1.02135	0.131228	0
3.67687	0.0010006	0.937631	0.12369	0
3.67478	0.000954331	0.770197	0.112383	0
3.67407	0.000963611	0.853914	0.118208	0
3.67566	0.00101275	1.03809	0.134311	0
3.67567	0.00101236	1.1553	0.137052	0
3.67554	0.00100066	0.887401	0.120606	0
3.6756	0.00104367	1.17204	0.13808	0
3.67477	0.00100478	0.937631	0.12369	0
3.67295	0.000992365	0.904144	0.121634	0
3.67226	0.000994457	0.920887	0.122662	0
3.67249	0.000972564	0.904144	0.121634	0
3.6722	0.000970799	0.904144	0.121634	0
3.67228	0.000944397	0.870657	0.119578	0
3.67402	0.000964264	1.02135	0.129172	0
3.67492	0.0010136	0.937631	0.12369	0
3.67351	0.000986418	0.954374	0.12506	0
3.67303	0.000959101	0.853914	0.118208	0
3.67391	0.000952566	1.05483	0.133283	0
3.67497	0.000968251	1.12181	0.134997	0
3.67361	0.000977726	0.820427	0.11855	0
3.67298	0.000954265	0.78694	0.116152	0
3.67376	0.000984719	0.820427	0.116152	0
3.67318	0.000979426	0.920887	0.122662	0
3.67351	0.00101504	0.870657	0.121634	0
3.67455	0.00101831	1.05483	0.131228	0
3.67217	0.000977923	0.83717	0.11718	0
3.67123	0.000947011	0.569276	0.0969646	0
3.67238	0.000997267	0.920887	0.12506	0
3.67317	0.00101367	0.753453	0.113753	0
3.67323	0.000959755	0.920887	0.12506	0
3.67416	0.000974916	0.971118	0.126088	0
3.67426	0.00098949	0.820427	0.116152	0
3.67388	0.000982432	1.03809	0.132256	0
3.67363	0.000985765	0.904144	0.121634	0
3.67224	0.000956814	0.870657	0.119578	0
3.67108	0.000959885	0.904144	0.121634	0
3.67291	0.000972172	0.904144	0.121634	0
3.67177	0.000938189	0.887401	0.120606	0
3.67166	0.000954788	0.937631	0.126088	0
3.67363	0.000989882	1.1553	0.139108	0
3.67247	0.000959755	0.870657	0.119578	0
3.67077	0.000957206	0.669736	0.107586	0
3.67349	0.000954657	0.887401	0.120606	0
3.67406	0.000975047	1.02135	0.131228	0
3.6726	0.000986222	1.03809	0.136367	0
3.67237	0.000982759	0.753453	0.113753	0
3.67208	0.000967205	0.803684	0.114781	0
3.67224	0.000969035	0.870657	0.119578	0
3.67075	0.000947991	0.703223	0.107586	0
3.66935	0.000923942	0.502302	0.0942235	0
3.66906	0.000920348	0.519046	0.0925104	0
3.67009	0.000923354	0.803684	0.114781	0
3.67169	0.00101008	0.83717	0.11718	0
3.67101	0.00095616	0.68648	0.108957	0
3.67116	0.000967924	0.719967	0.108957	0
3.67135	0.000932961	0.870657	0.119578	0
3.67145	0.000927144	0.619506	0.101076	0
3.67279	0.000986549	0.987861	0.127116	0
3.67391	0.000973021	1.0046	0.128144	0
3.67251	0.00098949	0.820427	0.116152	0
3.6717	0.000947861	0.753453	0.113753	0
3.67123	0.000916688	0.73671	0.109985	0
3.67056	0.000935379	0.803684	0.114781	0
3.67031	0.000924203	0.552532	0.0955941	0
3.67078	0.000922439	0.820427	0.11855	0
3.67069	0.000968839	0.83717	0.119578	0
3.66928	0.000932046	0.652993	0.103817	0
3.67074	0.00096629	0.904144	0.124032	0
3.6716	0.000973544	0.803684	0.114781	0
3.6706	0.000940999	0.770197	0.112383	0
3.66933	0.000944201	0.636249	0.102447	0
3.67139	0.000963284	0.870657	0.119578	0
3.67244	0.000989686	1.0046	0.128144	0
3.67099	0.000958513	0.78694	0.113753	0
3.67013	0.000922962	0.719967	0.108957	0
3.67092	0.000904206	0.636249	0.102447	0
3.66994	0.000922439	0.703223	0.107586	0
3.67046	0.0009393	0.652993	0.103817	0
3.67035	0.000949887	0.719967	0.108957	0
3.66995	0.000940215	0.753453	0.111355	0
3.66917	0.000948841	0.703223	0.107586	0
3.66984	0.000929954	0.68648	0.106216	0
3.67086	0.000971257	0.73671	0.109985	0
3.67035	0.000929562	0.703223	0.107586	0
3.67043	0.000935509	0.83717	0.11718	0
3.6706	0.0009244	0.719967	0.111355	0
3.67053	0.000932568	0.719967	0.108957	0
3.67043	0.000920609	0.73671	0.109985	0
3.6698	0.000969296	0.703223	0.107586	0
3.66936	0.000905317	0.636249	0.102447	0
3.67038	0.000941326	0.719967	0.108957	0
3.66929	0.000932568	0.652993	0.103817	0
3.66983	0.000931654	0.803684	0.114781	0
3.67087	0.000946554	0.887401	0.123005	0
3.66952	0.000915446	0.703223	0.109985	0
3.66786	0.000892508	0.401842	0.0815462	0
3.66918	0.000948645	0.820427	0.11855	0
3.67113	0.000975831	0.719967	0.108957	0
3.67067	0.000955507	0.770197	0.112383	0
3.66919	0.000944201	0.703223	0.109985	0
3.66968	0.000957075	0.770197	0.112383	0
3.67138	0.00097655	0.73671	0.109985	0
3.67025	0.000928059	0.719967	0.108957	0
3.66887	0.000904402	0.602763	0.0997056	0
3.67062	0.000931915	0.770197	0.112383	0
3.67054	0.000955964	0.73671	0.109985	0
3.66862	0.000916035	0.502302	0.0911399	0
3.66979	0.000929039	0.719967	0.108957	0
3.66969	0.000948188	0.569276	0.0969646	0
3.66908	0.000925249	0.602763	0.0997056	0
3.66945	0.000939038	0.820427	0.11855	0
3.67031	0.000933026	0.73671	0.112726	0
3.66888	0.000921655	0.669736	0.105188	0
3.66869	0.000929628	0.636249	0.102447	0
3.66913	0.000912767	0.636249	0.102447	0
3.66792	0.000905578	0.485559	0.092853	0
3.66992	0.000911917	0.719967	0.108957	0
3.6703	0.000923158	0.669736	0.105188	0
3.66927	0.000905055	0.619506	0.103817	0
3.66887	0.00091793	0.73671	0.109985	0
3.6692	0.000914074	0.703223	0.107586	0
3.66941	0.000927144	0.719967	0.108957	0
3.66872	0.000880483	0.435329	0.0849725	0
3.66781	0.000885385	0.452072	0.0866856	0
3.6682	0.000907996	0.535789	0.0942235	0
3.66987	0.000904075	0.535789	0.0942235	0
3.66912	0.000928909	0.703223	0.107586	0
3.66978	0.000920152	0.83717	0.119578	0
3.66891	0.000919106	0.602763	0.102447	0
3.66896	0.000897736	0.586019	0.0983351	0
3.6691	0.000903291	0.703223	0.107586	0
3.66882	0.000882967	0.535789	0.0942235	0
3.66865	0.000894534	0.519046	0.0925104	0
3.66864	0.000860682	0.452072	0.0866856	0
3.66906	0.000909695	0.719967	0.111355	0
3.66939	0.000946684	0.569276	0.0969646	0
3.66931	0.000925968	0.870657	0.121634	0
3.66888	0.000921589	0.73671	0.109985	0
3.66916	0.000900742	0.535789	0.0969646	0
3.66856	0.000923419	0.703223	0.107586	0
3.66893	0.000925184	0.519046	0.0925104	0
3.66903	0.000873229	0.401842	0.0815462	0
3.66851	0.000894142	0.351612	0.0764067	0
3.66863	0.000896102	0.703223	0.107586	0
3.6702	0.000911395	0.703223	0.107586	0
3.66922	0.000897409	0.652993	0.103817	0
3.66848	0.000906951	0.703223	0.107586	0
3.66745	0.000871073	0.418585	0.0866856	0
3.66777	0.000908062	0.719967	0.113753	0
3.66945	0.000922374	0.669736	0.105188	0
3.66874	0.000918322	0.586019	0.0983351	0
3.66843	0.000922635	0.636249	0.102447	0
3.66895	0.000919433	0.619506	0.101076	0
3.66913	0.000899174	0.535789	0.0942235	0
3.66933	0.000885319	0.519046	0.0925104	0
3.66964	0.000897017	0.586019	0.0983351	0
3.6709	0.000923485	0.636249	0.102447	0
3.66941	0.000884208	0.485559	0.0897693	0
3.66822	0.000895972	0.535789	0.0942235	0
3.66864	0.000920478	0.652993	0.103817	0
3.66824	0.000907147	0.401842	0.0815462	0
3.66843	0.000920936	0.602763	0.102447	0
3.6693	0.000934529	0.636249	0.102447	0
3.6699	0.000910872	0.719967	0.108957	0
3.66886	0.000889959	0.586019	0.101076	0
3.66706	0.000880418	0.318125	0.0726378	0
3.66716	0.000872968	0.502302	0.0911399	0
3.66884	0.000900546	0.586019	0.0983351	0
3.66828	0.000909369	0.636249	0.102447	0
3.6685	0.000884078	0.485559	0.0897693	0
3.66941	0.000900023	0.502302	0.0942235	0
3.66879	0.000907931	0.485559	0.092853	0
3.66863	0.000861989	0.519046	0.0925104	0
3.66912	0.000887803	0.569276	0.0969646	0
3.66924	0.000889306	0.385098	0.079833	0
3.66931	0.000924007	0.502302	0.0911399	0
3.67042	0.000920478	0.569276	0.0969646	0
3.66857	0.000896168	0.519046	0.0925104	0
3.66855	0.000911264	0.652993	0.103817	0
3.67003	0.00087898	0.502302	0.0911399	0
3.66865	0.000908977	0.502302	0.0911399	0
3.669	0.000876235	0.652993	0.103817	0
3.66943	0.000886822	0.435329	0.0880562	0
3.66986	0.000905513	0.602763	0.102447	0
3.66904	0.000884992	0.502302	0.0942235	0
3.66782	0.000864929	0.435329	0.0880562	0
3.66765	0.000888848	0.619506	0.101076	0
3.66793	0.000879568	0.485559	0.092853	0
3.66692	0.000853232	0.485559	0.0897693	0
3.66893	0.000880287	0.569276	0.0969646	0
3.66974	0.000891266	0.502302	0.0911399	0
3.66861	0.000881333	0.586019	0.0983351	0
3.66801	0.000846435	0.418585	0.0832593	0
3.66892	0.00086591	0.586019	0.0983351	0
3.66984	0.000909369	0.619506	0.101076	0
3.66947	0.000873164	0.418585	0.0832593	0
3.66902	0.000897932	0.569276	0.0997056	0
3.66989	0.000897148	0.385098	0.079833	0
3.66915	0.000902964	0.468815	0.0880562	0
3.66975	0.000902049	0.485559	0.0897693	0
3.66926	0.000896952	0.468815	0.0880562	0
3.66877	0.00090316	0.535789	0.0942235	0
3.6696	0.000875124	0.552532	0.0955941	0
3.66934	0.000915773	0.552532	0.0955941	0
3.67021	0.000927798	0.586019	0.101076	0
3.66937	0.0008929	0.602763	0.0997056	0
3.66882	0.000880941	0.519046	0.0925104	0
3.66839	0.000864733	0.468815	0.0911399	0
3.66863	0.000852317	0.452072	0.0866856	0
3.66982	0.000861008	0.552532	0.0955941	0
3.66921	0.000847415	0.468815	0.0880562	0
3.66821	0.000879503	0.452072	0.0866856	0
3.66857	0.000866171	0.485559	0.0897693	0
3.66946	0.000862577	0.535789	0.0942235	0
3.66937	0.00088264	0.452072	0.0866856	0
3.67026	0.000893031	0.485559	0.0897693	0
3.67036	0.000876301	0.502302	0.0911399	0
3.66984	0.000851206	0.452072	0.0866856	0
3.67011	0.000903291	0.552532	0.0955941	0
3.66931	0.000900285	0.485559	0.0897693	0
3.66888	0.00086323	0.368355	0.0781199	0
3.66932	0.00088826	0.452072	0.0866856	0
3.66816	0.000881594	0.368355	0.0781199	0
3.66925	0.000872184	0.502302	0.0911399	0
3.66959	0.000849964	0.334868	0.0746936	0
3.66961	0.000856564	0.418585	0.0832593	0
3.67005	0.000840227	0.318125	0.0726378	0
3.66977	0.000837351	0.418585	0.0832593	0
3.66969	0.000853166	0.334868	0.0746936	0
3.6691	0.000861597	0.435329	0.0849725	0
3.66881	0.000851925	0.368355	0.0781199	0
3.66892	0.000863361	0.502302	0.0911399	0
3.67	0.000888914	0.586019	0.0983351	0
3.67006	0.000887084	0.669736	0.105188	0
3.67067	0.00090499	0.68648	0.106216	0
3.66959	0.000872184	0.401842	0.0815462	0
3.66911	0.000861335	0.452072	0.0866856	0
3.67	0.000874405	0.452072	0.0866856	0
3.66961	0.000850879	0.535789	0.0942235	0
3.66877	0.000865518	0.435329	0.0849725	0
3.66862	0.00085101	0.452072	0.0866856	0
3.66909	0.00087068	0.368355	0.0781199	0
3.6694	0.000865583	0.318125	0.0726378	0
3.66963	0.000854996	0.418585	0.0832593	0
3.66944	0.000858329	0.401842	0.0815462	0
3.66881	0.00089009	0.418585	0.0832593	0
3.66949	0.000849637	0.301381	0.0709246	0
3.66944	0.000850095	0.334868	0.0746936	0
3.66956	0.000840423	0.435329	0.0880562	0
3.67176	0.000865452	0.418585	0.0832593	0
3.6709	0.000869047	0.385098	0.079833	0
3.67	0.000838658	0.418585	0.0832593	0
3.67031	0.000837547	0.301381	0.0709246	0
3.66986	0.000829313	0.368355	0.0781199	0
3.66997	0.000827679	0.401842	0.0815462	0
3.67047	0.000873295	0.485559	0.0897693	0
3.67027	0.000875386	0.435329	0.0849725	0
3.66991	0.000865191	0.452072	0.0897693	0
3.66925	0.000836698	0.401842	0.0815462	0
3.67028	0.000878784	0.519046	0.0925104	0
3.67071	0.000861466	0.385098	0.079833	0
3.66973	0.000867217	0.385098	0.079833	0
3.67117	0.000879503	0.368355	0.0781199	0
3.67002	0.000848461	0.401842	0.0815462	0
3.66998	0.00087519	0.401842	0.0815462	0
3.67103	0.000859832	0.452072	0.0866856	0
3.6695	0.000851925	0.418585	0.0832593	0
3.66932	0.000849245	0.401842	0.0815462	0
3.66977	0.000844017	0.334868	0.0746936	0
3.66973	0.000867674	0.502302	0.0911399	0
3.67083	0.000897671	0.435329	0.0849725	0
3.67005	0.000853754	0.435329	0.0880562	0
3.67068	0.000859636	0.468815	0.0911399	0
3.67081	0.000850748	0.385098	0.079833	0
3.67066	0.000858917	0.435329	0.0849725	0
3.67045	0.000863165	0.401842	0.0815462	0
3.67063	0.0008548	0.351612	0.0764067	0
3.67018	0.000855911	0.318125	0.0726378	0
3.67109	0.000831012	0.452072	0.0866856	0
3.671	0.000839116	0.401842	0.0815462	0
3.67114	0.000864799	0.502302	0.0911399	0
3.67207	0.00084552	0.351612	0.0764067	0
3.67103	0.000839965	0.385098	0.079833	0
3.67076	0.000848069	0.435329	0.0849725	0
3.66982	0.000841534	0.418585	0.0832593	0
3.67012	0.000832384	0.318125	0.0726378	0
3.67027	0.00082415	0.385098	0.079833	0
3.66988	0.000849768	0.401842	0.0815462	0
3.67053	0.000863165	0.468815	0.0880562	0
3.67115	0.000856891	0.468815	0.0880562	0
3.67132	0.000859309	0.368355	0.0781199	0
3.67127	0.000874928	0.334868	0.0746936	0
3.67023	0.000854016	0.368355	0.0781199	0
3.671	0.000860093	0.334868	0.0781199	0
3.67175	0.000832907	0.284638	0.0688688	0
3.6711	0.00087702	0.519046	0.0925104	0
3.67147	0.00088545	0.485559	0.0897693	0
3.6716	0.000875778	0.485559	0.0897693	0
3.67067	0.000859767	0.318125	0.0726378	0
3.66988	0.00085101	0.368355	0.0781199	0
3.67197	0.0008548	0.385098	0.079833	0
3.67174	0.000859571	0.385098	0.079833	0
3.66984	0.000844997	0.334868	0.0746936	0
3.67135	0.000857087	0.318125	0.0726378	0
3.67192	0.000848199	0.418585	0.0832593	0
3.67093	0.000844082	0.267895	0.066813	0
3.67175	0.000860486	0.401842	0.0815462	0
3.67214	0.000868393	0.468815	0.0880562	0
3.67151	0.000852251	0.452072	0.0866856	0
3.67168	0.000853689	0.351612	0.0764067	0
3.67121	0.000864407	0.418585	0.0832593	0
3.6729	0.000876235	0.368355	0.0781199	0
3.67255	0.000864407	0.485559	0.0897693	0
3.6713	0.00085297	0.351612	0.0764067	0
3.67119	0.00083807	0.385098	0.079833	0
3.67109	0.000845847	0.351612	0.0764067	0
3.67047	0.000840292	0.351612	0.0764067	0
3.672	0.000845455	0.435329	0.0849725	0
3.67328	0.00087617	0.351612	0.0764067	0
3.67374	0.000877738	0.485559	0.0897693	0
3.67286	0.000850029	0.401842	0.0815462	0
3.67287	0.000833234	0.284638	0.0688688	0
3.67291	0.000840031	0.385098	0.079833	0
3.67193	0.000839442	0.234408	0.0623588	0
3.67195	0.000834672	0.334868	0.0746936	0
3.67229	0.000846043	0.351612	0.0764067	0
3.6725	0.00084833	0.334868	0.0746936	0
3.67397	0.00086042	0.418585	0.0832593	0
3.67303	0.000862773	0.385098	0.079833	0
3.67161	0.000836828	0.385098	0.079833	0
3.67205	0.000835456	0.368355	0.0815462	0
3.67224	0.000841207	0.318125	0.0726378	0
3.6729	0.000859505	0.334868	0.0746936	0
3.67305	0.000823758	0.284638	0.0688688	0
3.67254	0.000847088	0.385098	0.079833	0
3.67197	0.00082964	0.267895	0.066813	0
3.67277	0.000859767	0.435329	0.0849725	0
3.67162	0.000850814	0.217664	0.0603031	0
3.67189	0.000810688	0.368355	0.0781199	0
3.67358	0.000826633	0.385098	0.079833	0
3.67246	0.000845128	0.318125	0.0726378	0
3.67202	0.000861008	0.334868	0.0746936	0
3.6726	0.000848526	0.334868	0.0746936	0
3.67282	0.000847873	0.334868	0.0746936	0
3.67351	0.000868981	0.334868	0.0746936	0
3.6739	0.000850944	0.334868	0.0746936	0
3.6734	0.000834802	0.351612	0.0764067	0
3.67348	0.000843102	0.318125	0.0726378	0
3.67306	0.000851271	0.351612	0.0764067	0
3.67399	0.000834149	0.351612	0.0764067	0
3.67466	0.000840423	0.284638	0.0726378	0
3.67235	0.000818399	0.301381	0.0746936	0
3.67346	0.000846566	0.301381	0.0709246	0
3.67394	0.000869308	0.284638	0.0688688	0
3.67311	0.000816831	0.301381	0.0709246	0
3.67373	0.00084186	0.318125	0.0726378	0
3.6749	0.00083343	0.418585	0.0832593	0
3.67465	0.000848265	0.334868	0.0746936	0
3.67354	0.000858852	0.284638	0.0688688	0
3.67308	0.000815066	0.217664	0.0603031	0
3.67292	0.000810884	0.234408	0.0623588	0
3.67356	0.000806636	0.418585	0.0832593	0
3.67396	0.000833365	0.217664	0.0603031	0
3.67281	0.000829574	0.418585	0.0832593	0
3.674	0.000830489	0.318125	0.0726378	0
3.67517	0.000820621	0.435329	0.0849725	0
3.67467	0.000838266	0.435329	0.0849725	0
3.67459	0.00083245	0.334868	0.0746936	0
3.67458	0.000812125	0.385098	0.079833	0
3.6748	0.000829836	0.334868	0.0746936	0
3.6743	0.000828137	0.251151	0.0647573	0
3.67342	0.000819379	0.301381	0.0709246	0
3.67448	0.000858068	0.452072	0.0897693	0
3.67496	0.000843233	0.251151	0.0647573	0
3.67427	0.000840553	0.251151	0.0647573	0
3.67415	0.000832254	0.284638	0.0688688	0
3.67504	0.000841468	0.334868	0.0746936	0
3.67527	0.000849507	0.351612	0.0764067	0
3.67446	0.000821993	0.452072	0.0866856	0
3.67393	0.000842645	0.385098	0.079833	0
3.67334	0.00079899	0.284638	0.0688688	0
3.67457	0.000824542	0.267895	0.066813	0
3.675	0.000840619	0.301381	0.0709246	0
3.67441	0.000835783	0.234408	0.0623588	0
3.67483	0.000831077	0.251151	0.0647573	0
3.67606	0.000836698	0.569276	0.0969646	0
3.67522	0.00082415	0.217664	0.0603031	0
3.67526	0.00084088	0.401842	0.0815462	0
3.67628	0.000862773	0.334868	0.0746936	0
3.67583	0.000823823	0.267895	0.066813	0
3.67522	0.000819183	0.368355	0.0781199	0
3.67605	0.000836828	0.452072	0.0866856	0
3.67591	0.000849768	0.284638	0.0688688	0
3.67603	0.000820425	0.200921	0.0579046	0
3.6765	0.000825261	0.385098	0.079833	0
3.67549	0.000833626	0.167434	0.0527652	0
3.67477	0.000852643	0.318125	0.0726378	0
3.67532	0.000826699	0.267895	0.066813	0
3.67458	0.000814674	0.318125	0.0726378	0
3.67471	0.000833757	0.251151	0.0647573	0
3.6767	0.000824869	0.284638	0.0688688	0
3.6761	0.000825196	0.435329	0.0849725	0
3.6762	0.000857937	0.418585	0.0832593	0
3.67692	0.000855323	0.301381	0.0709246	0
3.67592	0.000835587	0.217664	0.0603031	0
3.67584	0.000826895	0.234408	0.0623588	0
3.67624	0.000842056	0.368355	0.0781199	0
3.67538	0.000819837	0.234408	0.0623588	0
3.67557	0.000817746	0.200921	0.0579046	0
3.67504	0.000818661	0.301381	0.0709246	0
3.67603	0.000808466	0.284638	0.0688688	0
3.67629	0.000818007	0.301381	0.0709246	0
3.67597	0.000832711	0.267895	0.066813	0
3.67602	0.000813302	0.133947	0.0472831	0
3.67634	0.000835456	0.318125	0.0726378	0
3.67693	0.000847807	0.418585	0.0832593	0
3.67632	0.000819118	0.301381	0.0709246	0
3.67636	0.000834868	0.284638	0.0688688	0
3.677	0.000835521	0.234408	0.0623588	0
3.67703	0.000825261	0.251151	0.0647573	0
3.67586	0.000807028	0.284638	0.0688688	0
3.67678	0.000835652	0.301381	0.0709246	0
3.67689	0.000831469	0.385098	0.079833	0
3.67771	0.000840815	0.200921	0.0579046	0
3.67797	0.000850291	0.351612	0.0764067	0
3.67797	0.000842449	0.401842	0.0815462	0
3.67723	0.000807028	0.200921	0.0579046	0
3.67814	0.000841011	0.435329	0.0849725	0
3.6779	0.000838397	0.334868	0.0746936	0
3.67683	0.000805982	0.334868	0.0746936	0
3.67735	0.000809054	0.301381	0.0709246	0
3.67895	0.000846174	0.200921	0.0579046	0
3.67765	0.00081304	0.284638	0.0688688	0
3.67794	0.000792324	0.251151	0.0647573	0
3.67911	0.000835064	0.368355	0.0781199	0
3.67834	0.000847481	0.351612	0.0764067	0
3.67857	0.000851467	0.468815	0.0880562	0
3.67959	0.000846043	0.351612	0.0764067	0
3.67864	0.000853297	0.301381	0.0709246	0
3.67698	0.00082977	0.251151	0.0647573	0
3.67721	0.000794415	0.301381	0.0709246	0
3.67931	0.000831143	0.368355	0.0781199	0
3.67942	0.00084931	0.351612	0.0764067	0
3.67777	0.000833953	0.284638	0.0688688	0
3.67776	0.000831469	0.368355	0.0781199	0
3.6782	0.00082781	0.284638	0.0688688	0
3.67946	0.000846566	0.351612	0.0764067	0
3.67995	0.00084918	0.301381	0.0709246	0
3.67871	0.000824738	0.318125	0.0726378	0
3.67745	0.000801081	0.217664	0.0603031	0
3.67806	0.000826633	0.284638	0.0726378	0
3.67922	0.000835391	0.334868	0.0746936	0
3.68039	0.000841076	0.284638	0.0688688	0
3.67872	0.000811668	0.284638	0.0688688	0
3.67879	0.000816177	0.251151	0.0647573	0
3.67887	0.000818072	0.133947	0.0472831	0
3.67881	0.000815589	0.217664	0.0603031	0
3.67953	0.000827091	0.234408	0.0623588	0
3.68032	0.000830751	0.468815	0.0880562	0
3.67926	0.000813694	0.251151	0.0647573	0
3.67924	0.000832058	0.234408	0.0623588	0
3.67945	0.000788991	0.217664	0.0603031	0
3.6805	0.000814739	0.284638	0.0688688	0
3.68015	0.00082964	0.418585	0.0832593	0
3.6788	0.00083709	0.251151	0.0647573	0
3.67918	0.000857218	0.251151	0.0647573	0
3.67952	0.000822516	0.284638	0.0688688	0
3.67997	0.000818922	0.284638	0.0688688	0
3.67997	0.000807551	0.184177	0.0555062	0
3.68054	0.000820948	0.217664	0.0603031	0
3.68036	0.000833887	0.318125	0.0726378	0
3.68027	0.000820621	0.385098	0.079833	0
3.67971	0.00083245	0.200921	0.0579046	0
3.68059	0.00081389	0.284638	0.0688688	0
3.6809	0.000811472	0.301381	0.0709246	0
3.68112	0.000832973	0.385098	0.079833	0
3.68094	0.000832842	0.318125	0.0726378	0
3.68078	0.000823823	0.184177	0.0555062	0
3.68015	0.000826699	0.234408	0.0623588	0
3.6798	0.00082134	0.234408	0.0623588	0
3.67984	0.000809185	0.301381	0.0709246	0
3.67997	0.000804152	0.301381	0.0709246	0
3.68019	0.000807159	0.251151	0.0647573	0
3.67987	0.000822386	0.267895	0.066813	0
3.68084	0.000820098	0.318125	0.0726378	0
3.68129	0.000814347	0.267895	0.066813	0
3.68126	0.000814543	0.200921	0.0579046	0
3.68095	0.000807355	0.267895	0.066813	0
3.68213	0.000817484	0.385098	0.079833	0
3.68152	0.000826568	0.234408	0.0623588	0
3.68083	0.000810818	0.251151	0.0647573	0
3.68078	0.000794023	0.284638	0.0688688	0
3.68156	0.000832319	0.284638	0.0688688	0
3.68269	0.000826307	0.217664	0.0603031	0
3.6817	0.00081108	0.334868	0.0746936	0
3.68246	0.000813563	0.284638	0.0688688	0
3.68134	0.000778861	0.217664	0.0603031	0
3.68145	0.000799905	0.217664	0.0603031	0
3.68289	0.000831273	0.318125	0.0726378	0
3.68205	0.000833103	0.284638	0.0688688	0
3.68228	0.000841207	0.167434	0.0527652	0
3.68287	0.000827287	0.184177	0.0555062	0
3.68224	0.000823431	0.368355	0.0781199	0
3.68266	0.000825522	0.217664	0.0603031	0
3.68248	0.000799905	0.267895	0.066813	0
3.68183	0.000814478	0.200921	0.0579046	0
3.68205	0.000829509	0.217664	0.0603031	0
3.68245	0.000844736	0.318125	0.0726378	0
3.68214	0.000801538	0.234408	0.0623588	0
3.68152	0.000802976	0.217664	0.0603031	0
3.68146	0.000796506	0.217664	0.0603031	0
3.68199	0.000795069	0.167434	0.0527652	0
3.68278	0.000804675	0.200921	0.0579046	0
3.68303	0.000818857	0.334868	0.0746936	0
3.68355	0.000818203	0.284638	0.0688688	0
3.68253	0.000818138	0.301381	0.0709246	0
3.68225	0.000822189	0.251151	0.0647573	0
3.68258	0.000798532	0.267895	0.066813	0
3.68225	0.000821013	0.217664	0.0603031	0
3.68267	0.000811733	0.234408	0.0623588	0
3.68334	0.000809838	0.284638	0.0688688	0
3.68333	0.000806636	0.0502302	0.0291236	0
3.68247	0.000799447	0.200921	0.0579046	0
3.68327	0.000791605	0.267895	0.066813	0
3.68369	0.000804806	0.267895	0.066813	0
3.68425	0.000816308	0.184177	0.0555062	0
3.68409	0.000819575	0.251151	0.0647573	0
3.68469	0.00083624	0.318125	0.0726378	0
3.68394	0.000802519	0.251151	0.0647573	0
3.68396	0.000844344	0.351612	0.0764067	0
3.68361	0.000827483	0.200921	0.0579046	0
3.68449	0.000809838	0.284638	0.0688688	0
3.68432	0.000792389	0.217664	0.0603031	0
3.68367	0.0007935	0.234408	0.0623588	0
3.68304	0.000802192	0.150691	0.0500241	0
3.68375	0.000816308	0.334868	0.0746936	0
3.68437	0.000820621	0.217664	0.0603031	0
3.68323	0.00079618	0.167434	0.0527652	0
3.6846	0.000787096	0.234408	0.0623588	0
3.6843	0.000775594	0.133947	0.0472831	0
3.68385	0.000798728	0.133947	0.0472831	0
3.68427	0.000831927	0.301381	0.0746936	0
3.68468	0.000812387	0.167434	0.0527652	0
3.68463	0.000808858	0.267895	0.066813	0
3.68469	0.000802715	0.200921	0.0579046	0
3.68592	0.000823627	0.234408	0.0623588	0
3.68527	0.000826764	0.334868	0.0746936	0
3.68506	0.000831208	0.184177	0.0555062	0
3.68456	0.00081755	0.217664	0.0603031	0
3.68507	0.000818595	0.184177	0.0555062	0
3.68562	0.000811864	0.267895	0.066813	0
3.68654	0.000815393	0.267895	0.066813	0
3.68539	0.00079167	0.200921	0.0579046	0
3.68554	0.000815262	0.251151	0.0647573	0
3.68659	0.000814805	0.267895	0.066813	0
3.68593	0.000786507	0.217664	0.0603031	0
3.68542	0.000806832	0.184177	0.0555062	0
3.68622	0.000813106	0.267895	0.066813	0
3.68603	0.000808727	0.284638	0.0688688	0
3.68502	0.000790429	0.184177	0.0555062	0
3.68582	0.000803368	0.217664	0.0603031	0
3.68622	0.000807028	0.267895	0.066813	0
3.68655	0.000833234	0.284638	0.0688688	0
3.68621	0.000801734	0.167434	0.0527652	0
3.68566	0.000803368	0.184177	0.0555062	0
3.68615	0.000821797	0.334868	0.0746936	0
3.68723	0.000821863	0.318125	0.0726378	0
3.68716	0.000828202	0.200921	0.0579046	0
3.68591	0.00081206	0.200921	0.0579046	0
3.68622	0.000808204	0.217664	0.0603031	0
3.68638	0.000804545	0.234408	0.0623588	0
3.6861	0.000797421	0.167434	0.0527652	0
3.68631	0.000799251	0.217664	0.0603031	0
3.68643	0.000813628	0.200921	0.0579046	0
3.68661	0.000810492	0.234408	0.0623588	0
3.68708	0.000817223	0.284638	0.0688688	0
3.68695	0.000809446	0.184177	0.0555062	0
3.68649	0.000814935	0.234408	0.0623588	0
3.68735	0.000823693	0.301381	0.0709246	0
3.68794	0.000810034	0.133947	0.0472831	0
3.68693	0.000782325	0.234408	0.0623588	0
3.68777	0.000789579	0.184177	0.0603031	0
3.68936	0.000828463	0.385098	0.079833	0
3.68985	0.000809381	0.167434	0.0527652	0
3.68844	0.000827287	0.334868	0.0746936	0
3.68758	0.000799709	0.133947	0.0472831	0
3.68735	0.000843429	0.301381	0.0709246	0
3.68822	0.000835717	0.217664	0.0603031	0
3.68846	0.000836436	0.385098	0.079833	0
3.6889	0.000853035	0.284638	0.0688688	0
3.68756	0.000806309	0.150691	0.0500241	0
3.6878	0.000801865	0.251151	0.0647573	0
3.68864	0.000815066	0.267895	0.066813	0
3.6879	0.000794742	0.117204	0.0441994	0
3.68842	0.000814217	0.217664	0.0603031	0
3.68858	0.000798859	0.150691	0.0500241	0
3.68834	0.000795134	0.10046	0.0411157	0
3.68906	0.000794219	0.167434	0.0527652	0
3.68899	0.000802453	0.234408	0.0623588	0
3.68877	0.000813563	0.251151	0.0647573	0
3.68931	0.000808074	0.200921	0.0579046	0
3.6899	0.000806767	0.267895	0.066813	0
3.6893	0.000786181	0.133947	0.0472831	0
3.68818	0.000765334	0.083717	0.0373468	0
3.68859	0.000788141	0.217664	0.0603031	0
3.68864	0.000792324	0.117204	0.0441994	0
3.68892	0.000800623	0.234408	0.0623588	0
3.68908	0.000784939	0.200921	0.0579046	0
3.68908	0.000769647	0.133947	0.0472831	0
3.68899	0.000777685	0.184177	0.0555062	0
3.68971	0.000814478	0.234408	0.0623588	0
3.68836	0.000779449	0.133947	0.0472831	0
3.68838	0.000779776	0.184177	0.0555062	0
3.68906	0.000778469	0.150691	0.0500241	0
3.68906	0.000768078	0.251151	0.0647573	0
3.68946	0.000809577	0.301381	0.0746936	0
3.69016	0.000805525	0.234408	0.0623588	0
3.68993	0.000817876	0.200921	0.0579046	0
3.68931	0.000795526	0.150691	0.0500241	0
3.69026	0.000786704	0.184177	0.0555062	0
3.69015	0.000798532	0.200921	0.0579046	0
3.68973	0.000801016	0.083717	0.0373468	0
3.69001	0.000811276	0.301381	0.0709246	0
3.69112	0.000808923	0.217664	0.0603031	0
3.69006	0.000810818	0.167434	0.0527652	0
3.69059	0.000816112	0.267895	0.066813	0
3.69157	0.000835194	0.334868	0.0746936	0
3.69096	0.000819575	0.184177	0.0555062	0
3.69115	0.000811341	0.267895	0.066813	0
3.69103	0.000811145	0.133947	0.0472831	0
3.69008	0.00078605	0.251151	0.0647573	0
3.69098	0.000810426	0.234408	0.0623588	0
3.69114	0.000816439	0.234408	0.0623588	0
3.69075	0.000800362	0.234408	0.0623588	0
3.69157	0.000800101	0.133947	0.0472831	0
3.69144	0.000797748	0.234408	0.0623588	0
3.69083	0.000823627	0.267895	0.066813	0
3.69109	0.000801734	0.0669736	0.0335778	0
3.68994	0.000769059	0.117204	0.0441994	0
3.69053	0.000777946	0.184177	0.0555062	0
3.69146	0.000790755	0.10046	0.0411157	0
3.69005	0.0008018	0.217664	0.0603031	0
3.69051	0.000790494	0.251151	0.0647573	0
3.6915	0.000820686	0.200921	0.0579046	0
3.69199	0.000790821	0.117204	0.0441994	0
3.69204	0.000763112	0.117204	0.0441994	0
3.69209	0.000792977	0.200921	0.0579046	0
3.69193	0.000792324	0.10046	0.0411157	0
3.69247	0.000805394	0.117204	0.0441994	0
3.69283	0.000806636	0.184177	0.0555062	0
3.69285	0.000801996	0.284638	0.0688688	0
3.69205	0.000804806	0.284638	0.0688688	0
3.69261	0.000771477	0.0669736	0.0335778	0
3.69199	0.000782978	0.150691	0.0500241	0
3.69265	0.000775855	0.150691	0.0500241	0
3.69341	0.000801734	0.217664	0.0603031	0
3.6927	0.000780364	0.150691	0.0500241	0
3.69257	0.000793631	0.184177	0.0555062	0
3.69286	0.00079618	0.234408	0.0623588	0
3.69254	0.000801669	0.167434	0.0527652	0
3.69181	0.00077213	0.251151	0.0647573	0
3.69298	0.00081023	0.234408	0.0623588	0
3.69272	0.000810426	0.200921	0.0579046	0
3.69265	0.000796572	0.10046	0.0411157	0
3.69248	0.000768013	0.117204	0.0441994	0
3.6931	0.000772195	0.167434	0.0527652	0
3.69393	0.00079167	0.284638	0.0726378	0
3.69416	0.000818138	0.167434	0.0527652	0
3.69369	0.000789056	0.167434	0.0527652	0
3.69399	0.000787684	0.184177	0.0555062	0
3.69457	0.0007852	0.200921	0.0579046	0
3.69413	0.000808662	0.234408	0.0623588	0
3.69474	0.000803956	0.184177	0.0555062	0
3.69481	0.000778927	0.167434	0.0527652	0
3.69421	0.00078507	0.150691	0.0500241	0
3.69432	0.000800427	0.200921	0.0579046	0
3.69553	0.000794807	0.167434	0.0527652	0
3.69553	0.000802911	0.167434	0.0527652	0
3.69492	0.000788076	0.301381	0.0709246	0
3.69528	0.000784874	0.117204	0.0441994	0
3.69516	0.000816765	0.234408	0.0623588	0
3.69577	0.000799512	0.200921	0.0579046	0
3.69525	0.00081108	0.234408	0.0623588	0
3.69473	0.000812256	0.234408	0.0623588	0
3.69518	0.000812583	0.167434	0.0527652	0
3.69465	0.000779907	0.117204	0.0441994	0
3.69536	0.00078886	0.234408	0.0623588	0
3.69626	0.000808727	0.150691	0.0500241	0
3.69546	0.000790363	0.200921	0.0579046	0
3.69538	0.000769712	0.0669736	0.0335778	0
3.69617	0.000774548	0.083717	0.0373468	0
3.69565	0.000790625	0.10046	0.0411157	0
3.69522	0.00077762	0.184177	0.0555062	0
3.69664	0.000796506	0.251151	0.0647573	0
3.69648	0.000789383	0.234408	0.0623588	0
3.69536	0.000804937	0.184177	0.0555062	0
3.69591	0.000782521	0.150691	0.0500241	0
3.69591	0.000780234	0.167434	0.0527652	0
3.69676	0.000778731	0.150691	0.0500241	0
3.69601	0.000758276	0.133947	0.0472831	0
3.69623	0.000791278	0.133947	0.0472831	0
3.69685	0.000792324	0.167434	0.0527652	0
3.69672	0.000800297	0.083717	0.0373468	0
3.69732	0.000801538	0.150691	0.0500241	0
3.69671	0.000806701	0.217664	0.0603031	0
3.69626	0.000781802	0.133947	0.0472831	0
3.69686	0.000785854	0.200921	0.0579046	0
3.69813	0.000772392	0.150691	0.0500241	0
3.69709	0.000780038	0.267895	0.066813	0
3.69635	0.000805002	0.234408	0.0623588	0
3.69741	0.000808531	0.251151	0.0647573	0
3.69699	0.000785397	0.133947	0.0472831	0
3.69728	0.000830097	0.267895	0.066813	0
3.69765	0.000808008	0.234408	0.0623588	0
3.69782	0.000804545	0.184177	0.0555062	0
3.69718	0.000775528	0.10046	0.0411157	0
3.69716	0.000805721	0.251151	0.0647573	0
3.69798	0.000800689	0.234408	0.0623588	0
3.69807	0.000784874	0.0669736	0.0335778	0
3.69874	0.000814217	0.251151	0.0647573	0
3.69898	0.00078703	0.184177	0.0555062	0
3.69808	0.000795003	0.167434	0.0527652	0
3.69886	0.000797225	0.200921	0.0579046	0
3.69892	0.000766379	0.133947	0.0472831	0
3.69936	0.00079716	0.167434	0.0527652	0
3.69835	0.000795265	0.150691	0.0500241	0
3.69773	0.000774091	0.133947	0.0472831	0
3.69918	0.000809119	0.251151	0.0647573	0
3.69955	0.000817288	0.200921	0.0579046	0
3.6987	0.000774679	0.167434	0.0527652	0
3.69893	0.000791474	0.251151	0.0647573	0
3.69907	0.000783044	0.200921	0.0579046	0
3.69922	0.00079435	0.184177	0.0555062	0
3.69871	0.000784416	0.234408	0.0623588	0
3.69916	0.000791409	0.117204	0.0441994	0
3.69973	0.000778077	0.10046	0.0411157	0
3.69914	0.000766052	0.184177	0.0555062	0
3.69843	0.000778339	0.217664	0.0647573	0
3.69854	0.000797421	0.133947	0.0472831	0
3.69892	0.000797094	0.150691	0.0500241	0
3.69941	0.000771607	0.200921	0.0579046	0
3.69962	0.000804022	0.10046	0.0411157	0
3.69928	0.00079899	0.200921	0.0579046	0
3.69959	0.000784351	0.184177	0.0555062	0
3.70022	0.000785658	0.200921	0.0579046	0
3.69977	0.000793565	0.217664	0.0603031	0
3.69996	0.000809838	0.167434	0.0527652	0
3.70017	0.000778992	0.167434	0.0527652	0
3.70104	0.000786638	0.200921	0.0579046	0
3.70131	0.000826503	0.267895	0.066813	0
3.7019	0.000828463	0.184177	0.0555062	0
3.70014	0.000789318	0.117204	0.0441994	0
3.70083	0.000775463	0.200921	0.0579046	0
3.70111	0.000785527	0.10046	0.0411157	0
3.7004	0.000796506	0.133947	0.0472831	0
3.70073	0.000808792	0.133947	0.0472831	0
3.70099	0.000779972	0.200921	0.0579046	0
3.70221	0.000786573	0.167434	0.0527652	0
3.70081	0.000795983	0.117204	0.0441994	0
3.70032	0.000784547	0.184177	0.0555062	0
3.7007	0.000765856	0.150691	0.0500241	0
3.70077	0.000763112	0.133947	0.0472831	0
3.70193	0.000794023	0.184177	0.0555062	0
3.70227	0.000792258	0.184177	0.0555062	0
3.70171	0.000777424	0.117204	0.0441994	0
3.70194	0.000789383	0.234408	0.0623588	0
3.70311	0.00080644	0.251151	0.0647573	0
3.70204	0.000778992	0.200921	0.0579046	0
3.70168	0.000790821	0.217664	0.0603031	0
3.70235	0.000809642	0.200921	0.0579046	0
3.70166	0.000803172	0.133947	0.0472831	0
3.70244	0.000781606	0.117204	0.0441994	0
3.70287	0.00077958	0.150691	0.0500241	0
3.70301	0.000788729	0.117204	0.0441994	0
3.70235	0.000782325	0.217664	0.0603031	0
3.70244	0.000777097	0.184177	0.0555062	0
3.704	0.000782456	0.251151	0.0647573	0
3.70386	0.000805656	0.167434	0.0527652	0
3.70333	0.000776966	0.117204	0.0441994	0
3.70276	0.000773045	0.133947	0.0527652	0
3.70353	0.000797879	0.217664	0.0603031	0
3.70263	0.000775398	0.10046	0.0411157	0
3.70288	0.000752002	0.133947	0.0472831	0
3.7037	0.000756838	0.133947	0.0472831	0
3.70258	0.00078226	0.133947	0.0472831	0
3.70302	0.000784351	0.10046	0.0411157	0
3.70279	0.00077677	0.083717	0.0373468	0
3.70334	0.000820164	0.184177	0.0603031	0
3.70341	0.00082134	0.184177	0.0555062	0
3.70401	0.000798532	0.301381	0.0709246	0
3.70408	0.000788664	0.184177	0.0555062	0
3.70228	0.000795134	0.117204	0.0441994	0
3.70375	0.000803956	0.251151	0.0647573	0
3.70401	0.000798598	0.133947	0.0472831	0
3.7026	0.000767359	0.117204	0.0441994	0
3.70292	0.000788011	0.117204	0.0441994	0
3.70434	0.000788011	0.167434	0.0527652	0
3.70419	0.000789644	0.150691	0.0500241	0
3.70337	0.000785331	0.0669736	0.0335778	0
3.70449	0.000795722	0.200921	0.0579046	0
3.70471	0.00078141	0.234408	0.0623588	0
3.70491	0.000755073	0.133947	0.0472831	0
3.70476	0.000754354	0.0669736	0.0335778	0
3.70414	0.000759975	0.133947	0.0472831	0
3.70438	0.000772261	0.133947	0.0472831	0
3.70543	0.000779515	0.150691	0.0500241	0
3.70514	0.000769712	0.217664	0.0603031	0
3.70491	0.000748996	0.10046	0.0411157	0
3.70522	0.00074697	0.117204	0.0441994	0
3.70476	0.000781802	0.133947	0.0472831	0
3.70561	0.00076187	0.083717	0.0373468	0
3.70513	0.000777685	0.200921	0.0623588	0
3.70568	0.000789971	0.10046	0.0411157	0
3.70569	0.000770039	0.117204	0.0441994	0
3.70575	0.000764745	0.0334868	0.0236415	0
3.70631	0.000767294	0.133947	0.0472831	0
3.70615	0.000761412	0.133947	0.0472831	0
3.70623	0.000782717	0.200921	0.0579046	0
3.70659	0.00077775	0.117204	0.0441994	0
3.70686	0.000796833	0.267895	0.066813	0
3.70695	0.000790167	0.217664	0.0603031	0
3.70587	0.000773764	0.0167434	0.0167889	0
3.70599	0.000775855	0.200921	0.0579046	0
3.706	0.000748407	0.0334868	0.0236415	0
3.70664	0.000766641	0.150691	0.0500241	0
3.70697	0.000794611	0.200921	0.0579046	0
3.70699	0.0007935	0.0502302	0.0291236	0
3.70681	0.000770627	0.133947	0.0472831	0
3.70692	0.000769451	0.150691	0.0500241	0
3.70695	0.000779319	0.133947	0.0472831	0
3.70717	0.000765072	0.150691	0.0500241	0
3.70803	0.000785527	0.150691	0.0500241	0
3.70804	0.000776509	0.133947	0.0472831	0
3.70715	0.000752459	0.150691	0.0500241	0
3.70667	0.000768993	0.150691	0.0500241	0
3.70662	0.000787815	0.10046	0.0411157	0
3.70778	0.000781802	0.200921	0.0579046	0
3.70806	0.000746512	0.117204	0.0441994	0
3.70729	0.000795787	0.200921	0.0579046	0
3.70749	0.00078886	0.200921	0.0579046	0
3.70813	0.000773306	0.133947	0.0472831	0
3.70803	0.000790559	0.251151	0.0647573	0
3.70758	0.000782913	0.184177	0.0555062	0
3.70869	0.000771934	0.0669736	0.0335778	0
3.7086	0.000775202	0.117204	0.0441994	0
3.70895	0.000806309	0.284638	0.0688688	0
0	0	0	0	0
0	0	0	0	0
0	0	0	0	0
0	0	0	0	0
0	0	0	0	0
0	0	0	0	0
0	0	0	0	0
0	0	0	0	0
0	0	0	0	0
0	0	0	0	0
0	0	0	0	0
0	0	0	0	0
0	0	0	0	0
0	0	0	0	0
0	0	0	0	0
0	0	0	0	0
0	0	0	0	0
0	0	0	0	0
0	0	0	0	0
0	0	0	0	0
0	0	0	0	0
0	0	0	0	0
0	0	0	0	0
0	0	0	0	0
0	0	0	0	0
0	0	0	0	0
0	0	0	0	0
0	0	0	0	0
0	0	0	0	0
0	0	0	0	0
0	0	0	0	0
0	0	0	0	0
0	0	0	0	0
0	0	0	0	0
0	0	0	0	0
0	0	0	0	0
0	0	0	0	0
0	0	0	0	0
0	0	0	0	0
0	0	0	0	0
0	0	0	0	0
0	0	0	0	0
0	0	0	0	0
0	0	0	0	0
0	0	0	0	0
0	0	0	0	0
0	0	0	0	0
0	0	0	0	0
0	0	0	0	0
0	0	0	0	0
0	0	0	0	0
0	0	0	0	0
0	0	0	0	0
0	0	0	0	0
0	0	0	0	0
0	0	0	0	0
0	0	0	0	0
0	0	0	0	0
0	0	0	0	0
0	0	0	0	0
0	0	0	0	0
0	0	0	0	0
0	0	0	0	0
0	0	0	0	0
0	0	0	0	0
0	0	0	0	0
0	0	0	0	0
0	0	0	0	0
0	0	0	0	0
0	0	0	0	0
0	0	0	0	0
0	0	0	0	0
0	0	0	0	0
0	0	0	0	0
0	0	0	0	0
0	0	0	0	0
0	0	0	0	0
0	0	0	0	0
0	0	0	0	0
0	0	0	0	0
0	0	0	0	0
0	0	0	0	0
0	0	0	0	0
0	0	0	0	0
0	0	0	0	0
0	0	0	0	0
0	0	0	0	0
0	0	0	0	0
0	0	0	0	0
0	0	0	0	0
0	0	0	0	0
0	0	0	0	0
0	0	0	0	0
0	0	0	0	0
0	0	0	0	0
0	0	0	0	0
0	0	0	0	0
0	0	0	0	0
0	0	0	0	0
0	0	0	0	0
0	0	0	0	0
0	0	0	0	0
0	0	0	0	0
0	0	0	0	0
0	0	0	0	0
0	0	0	0	0
0	0	0	0	0
0	0	0	0	0
0	0	0	0	0
0	0	0	0	0
0	0	0	0	0
0	0	0	0	0
0	0	0	0	0
0	0	0	0	0
0	0	0	0	0
0	0	0	0	0
0	0	0	0	0
0	0	0	0	0
0	0	0	0	0
0	0	0	0	0
0	0	0	0	0
0	0	0	0	0
0	0	0	0	0
0	0	0	0	0
0	0	0	0	0
0	0	0	0	0
0	0	0	0	0
0	0	0	0	0
0	0	0	0	0
0	0	0	0	0
0	0	0	0	0
0	0	0	0	0
0	0	0	0	0
0	0	0	0	0
0	0	0	0	0
0	0	0	0	0
0	0	0	0	0
0	0	0	0	0
0	0	0	0	0
0	0	0	0	0
0	0	0	0	0
0	0	0	0	0
0	0	0	0	0
0	0	0	0	0
0	0	0	0	0
0	0	0	0	0
0	0	0	0	0
0	0	0	0	0
0	0	0	0	0
0	0	0	0	0
0	0	0	0	0
0	0	0	0	0
0	0	0	0	0
0	0	0	0	0
0	0	0	0	0
0	0	0	0	0
0	0	0	0	0
0	0	0	0	0
0	0	0	0	0
0	0	0	0	0
0	0	0	0	0
0	0	0	0	0
0	0	0	0	0
0	0	0	0	0
0	0	0	0	0
0	0	0	0	0
0	0	0	0	0
0	0	0	0	0
0	0	0	0	0
0	0	0	0	0
0	0	0	0	0
0	0	0	0	0
0	0	0	0	0
0	0	0	0	0
0	0	0	0	0
0	0	0	0	0
0	0	0	0	0
0	0	0	0	0
0	0	0	0	0
0	0	0	0	0
0	0	0	0	0
0	0	0	0	0
0	0	0	0	0
0	0	0	0	0
0	0	0	0	0
0	0	0	0	0
0	0	0	0	0
0	0	0	0	0
0	0	0	0	0
0	0	0	0	0
0	0	0	0	0
0	0	0	0	0
0	0	0	0	0
0	0	0	0	0
0	0	0	0	0
0	0	0	0	0
0	0	0	0	0
0	0	0	0	0
0	0	0	0	0
0	0	0	0	0
0	0	0	0	0
0	0	0	0	0
0	0	0	0	0
0	0	0	0	0
0	0	0	0	0
0	0	0	0	0
0	0	0	0	0
0	0	0	0	0
0	0	0	0	0
0	0	0	0	0
0	0	0	0	0
0	0	0	0	0
0	0	0	0	0
0	0	0	0	0
0	0	0	0	0
0	0	0	0	0
0	0	0	0	0
0	0	0	0	0
0	0	0	0	0
0	0	0	0	0
0	0	0	0	0
0	0	0	0	0
0	0	0	0	0
0	0	0	0	0
0	0	0	0	0
0	0	0	0	0
0	0	0	0	0
0	0	0	0	0
0	0	0	0	0
0	0	0	0	0
0	0	0	0	0
0	0	0	0	0
0	0	0	0	0
0	0	0	0	0
0	0	0	0	0
0	0	0	0	0
0	0	0	0	0
0	0	0	0	0
0	0	0	0	0
0	0	0	0	0
0	0	0	0	0
0	0	0	0	0
0	0	0	0	0
0	0	0	0	0
0	0	0	0	0
0	0	0	0	0
0	0	0	0	0
0	0	0	0	0
0	0	0	0	0
0	0	0	0	0
0	0	0	0	0
0	0	0	0	0
0	0	0	0	0
0	0	0	0	0
0	0	0	0	0
0	0	0	0	0
0	0	0	0	0
0	0	0	0	0
0	0	0	0	0
0	0	0	0	0
0	0	0	0	0
0	0	0	0	0
0	0	0	0	0
0	0	0	0	0
0	0	0	0	0
0	0	0	0	0
0	0	0	0	0
0	0	0	0	0
0	0	0	0	0
0	0	0	0	0
0	0	0	0	0
0	0	0	0	0
0	0	0	0	0
0	0	0	0	0
0	0	0	0	0
0	0	0	0	0
0	0	0	0	0
0	0	0	0	0
0	0	0	0	0
0	0	0	0	0
0	0	0	0	0
0	0	0	0	0
0	0	0	0	0
0	0	0	0	0
0	0	0	0	0
0	0	0	0	0
0	0	0	0	0
0	0	0	0	0
0	0	0	0	0
0	0	0	0	0
0	0	0	0	0
0	0	0	0	0
0	0	0	0	0
0	0	0	0	0
0	0	0	0	0
0	0	0	0	0
0	0	0	0	0
0	0	0	0	0
0	0	0	0	0
0	0	0	0	0
0	0	0	0	0
0	0	0	0	0
0	0	0	0	0
0	0	0	0	0
0	0	0	0	0
0	0	0	0	0
0	0	0	0	0
0	0	0	0	0
0	0	0	0	0
0	0	0	0	0
0	0	0	0	0
0	0	0	0	0
0	0	0	0	0
0	0	0	0	0
0	0	0	0	0
0	0	0	0	0
0	0	0	0	0
0	0	0	0	0
0	0	0	0	0
0	0	0	0	0
0	0	0	0	0
0	0	0	0	0
0	0	0	0	0
0	0	0	0	0
0	0	0	0	0
0	0	0	0	0
0	0	0	0	0
0	0	0	0	0
0	0	0	0	0
0	0	0	0	0
0	0	0	0	0
0	0	0	0	0
0	0	0	0	0
0	0	0	0	0
0	0	0	0	0
0	0	0	0	0
0	0	0	0	0
0	0	0	0	0
0	0	0	0	0
0	0	0	0	0
0	0	0	0	0
0	0	0	0	0
0	0	0	0	0
0	0	0	0	0
0	0	0	0	0
0	0	0	0	0
0	0	0	0	0
0	0	0	0	0
0	0	0	0	0
0	0	0	0	0
0	0	0	0	0
0	0	0	0	0
0	0	0	0	0
0	0	0	0	0
0	0	0	0	0
0	0	0	0	0
0	0	0	0	0
0	0	0	0	0
0	0	0	0	0
0	0	0	0	0
0	0	0	0	0
0	0	0	0	0
0	0	0	0	0
0	0	0	0	0
0	0	0	0	0
0	0	0	0	0
0	0	0	0	0
0	0	0	0	0
0	0	0	0	0
0	0	0	0	0
0	0	0	0	0
0	0	0	0	0
0	0	0	0	0
0	0	0	0	0
0	0	0	0	0
0	0	0	0	0
0	0	0	0	0
0	0	0	0	0
0	0	0	0	0
0	0	0	0	0
0	0	0	0	0
0	0	0	0	0
0	0	0	0	0
0	0	0	0	0
0	0	0	0	0
0	0	0	0	0
0	0	0	0	0
0	0	0	0	0
0	0	0	0	0
0	0	0	0	0
0	0	0	0	0
0	0	0	0	0
0	0	0	0	0
0	0	0	0	0
0	0	0	0	0
0	0	0	0	0
0	0	0	0	0
0	0	0	0	0
0	0	0	0	0
0	0	0	0	0
