a2610706.050180
Narit-cm 07/01/2026 05:35:02 07/01/2026 06:05:01 0045 0013.384714 0052.542598 00.0 00.0
0002387 0010 0000000 0010 05 0000000 0010 0000000 0010
1 0 1 01600 1 0000 3.75 00000.o 0 0 01 000 16 002387 0.500 BT0
1 2 1 02000 1 0000 3.75 00000.o 0 0 01 000 16 002387 0.500 S2A0
1 1 1 01600 1 0000 3.75 00000.o 0 0 00 000 00 002387 3.1746 BC0
1 3 1 02000 1 0000 3.75 00000.o 0 0 00 000 00 002387 3.1746 S2P0
1 5 0 01600 0 0000 1.00 00000.o 0 0 00 000 00 000000 0.000 OF0
0.000 .o Analog 0 	0.000 .o Analog StErr 0 	0.000 .o Photon Counting 0 	0.000 .o PC StErr 0 	0.000 .o Overflow Info 0 
30.0861	0.178862	176.406	0.864516	0
72.6181	0.432448	194.219	0.891275	0
285.638	2.30113	112.677	1.35098	0
473.724	0.0524713	1.24005	0.14786	0
473.457	0	0	0	0
473.457	0	0.117302	0.055576	0
473.457	0	26.2421	0.655248	0
473.457	0	15.3833	0.571198	0
473.457	0	1.17302	0.174275	0
473.457	0	7.74194	0.382514	0
473.457	6.41252E-6	27.7671	0.689554	0
473.457	0	80.0503	1.02473	0
473.457	0	152.342	1.03879	0
473.457	0	142.505	1.07275	0
473.457	6.41252E-6	100.796	0.972237	0
473.457	0	90.8421	0.911515	0
473.457	0	91.1102	0.913917	0
473.457	0	97.6456	0.918719	0
473.457	0	110.432	0.9345	0
473.457	0	122.614	0.942048	0
473.457	0	123.77	0.920435	0
473.457	0	136.037	0.94788	0
473.457	0	158.006	0.920092	0
473.457	0	175.836	0.890245	0
473.457	0	189.811	0.890588	0
473.457	0	196.246	0.894705	0
473.457	6.41252E-6	201.14	0.880983	0
473.457	0	202.53	0.897793	0
473.457	9.02987E-6	205.044	0.883384	0
473.457	0	204.223	0.906026	0
473.457	0	203.888	0.890588	0
473.457	0	203.301	0.900537	0
473.457	0	203.837	0.876866	0
473.457	0	203.62	0.898822	0
473.575	0.0308034	202.044	0.875494	1
476.273	0.157149	203.251	0.909114	1
487.686	0.26007	201.575	0.891618	1
498.609	0.111559	203.083	0.885099	1
499.999	0.00109948	203.067	0.885442	1
500	0	201.391	0.874465	1
499.963	0.0123817	201.491	0.878581	1
497.245	0.163291	203.301	0.883384	1
482.316	0.487347	203.033	0.884413	1
450.952	0.792271	203.787	0.881326	1
407.738	0.866654	202.329	0.882012	1
365.042	0.868827	202.798	0.89299	0
324.023	0.895411	203.335	0.88407	0
283.646	0.9057	203.1	0.864173	0
245.205	0.893907	202.614	0.903968	0
209.098	0.872304	203.385	0.849764	0
175.425	0.830865	201.558	0.870348	0
144.823	0.768777	203.301	0.899508	0
117.867	0.697786	203.117	0.88064	0
94.8608	0.619664	201.374	0.888873	0
75.5186	0.532502	200.955	0.866574	0
59.4325	0.447707	198.274	0.872406	0
46.4476	0.366815	197.604	0.866917	0
36.201	0.292571	197.52	0.864516	0
28.3059	0.230319	193.682	0.883041	0
22.4472	0.181075	193.599	0.853881	0
18.0497	0.139568	193.984	0.845647	0
14.6966	0.107086	191.889	0.874465	0
12.2738	0.0820904	191.42	0.860056	0
10.5129	0.0643509	188.689	0.864173	0
9.1182	0.0507201	186.812	0.866574	0
8.09025	0.0390864	183.997	0.857654	0
7.34061	0.03241	181.885	0.869319	0
6.74969	0.0290229	181.433	0.848392	0
6.34205	0.0257126	177.444	0.871034	0
6.01608	0.0241327	176.238	0.846333	0
5.72538	0.0225388	173.155	0.8628	0
5.55036	0.0226893	172.149	0.859027	0
5.39431	0.0220577	169.619	0.824377	0
5.20463	0.021808	166.703	0.838443	0
5.12131	0.0214649	166.686	0.851136	0
5.1085	0.0212745	165.027	0.856968	0
5.06076	0.0214344	163.687	0.858684	0
5.04189	0.0212801	162.011	0.862457	0
5.06586	0.0211884	161.207	0.863487	0
5.08728	0.0211098	158.324	0.861428	0
5.1091	0.0208481	158.106	0.82918	0
5.17055	0.0201436	157.47	0.824721	0
5.2483	0.0199258	156.565	0.838443	0
5.29009	0.0200718	154.52	0.834326	0
5.34853	0.0196932	152.727	0.842903	0
5.45091	0.019821	155.442	0.840501	0
5.52361	0.0191384	154.034	0.833297	0
5.56212	0.019576	152.325	0.853881	0
5.61826	0.0190583	151.722	0.847363	0
5.72096	0.0198198	151.169	0.832268	0
5.77161	0.0192173	151.956	0.846333	0
5.7783	0.019241	150.867	0.849421	0
5.8425	0.0188282	150.214	0.848392	0
5.89773	0.0188356	149.895	0.836385	0
5.91818	0.0185054	149.393	0.868976	0
5.93705	0.0180279	149.108	0.848735	0
5.95699	0.0179484	147.465	0.857311	0
6.02043	0.0182758	147.901	0.845304	0
6.06592	0.0177642	147.281	0.860742	0
6.11691	0.018125	146.862	0.859713	0
6.17954	0.017357	146.561	0.844618	0
6.23074	0.0175725	145.119	0.840501	0
6.27607	0.0173404	145.253	0.849421	0
6.29076	0.0170347	144.55	0.845304	0
6.3313	0.0171638	145.371	0.858341	0
6.3918	0.0168064	143.31	0.85045	0
6.42265	0.017004	144.214	0.850793	0
6.45057	0.0169302	142.405	0.831239	0
6.47434	0.0165317	142.338	0.835355	0
6.4899	0.0168729	141.919	0.864173	0
6.51554	0.0170328	142.907	0.85045	0
6.53377	0.0166867	140.411	0.843932	0
6.54857	0.0160946	141.399	0.855253	0
6.56992	0.015891	142.639	0.827465	0
6.60271	0.0161225	140.377	0.856282	0
6.60803	0.0161867	141.148	0.845647	0
6.56588	0.0158989	137.947	0.842217	0
6.54048	0.0158593	138.869	0.862457	0
6.60265	0.0159733	138.4	0.831582	0
6.67016	0.0161162	137.394	0.85491	0
6.71739	0.015617	138.383	0.846677	0
6.83559	0.0158184	139.539	0.826436	0
6.92759	0.0158217	139.137	0.842903	0
6.93324	0.0161111	139.254	0.832268	0
6.94652	0.016111	138.098	0.868289	0
6.96313	0.0157979	137.377	0.880297	0
6.95113	0.0158373	137.964	0.87618	0
6.94947	0.0156658	137.16	0.852852	0
6.93345	0.0155677	136.204	0.838443	0
6.91269	0.0154978	137.796	0.845304	0
6.90855	0.0153971	135.249	0.873778	0
6.87773	0.0153389	133.959	0.860056	0
6.85023	0.0150813	134.68	0.826093	0
6.86138	0.015011	132.35	0.839129	0
6.85611	0.0148826	133.574	0.859027	0
6.8469	0.0144973	134.059	0.831582	0
6.8326	0.0145832	133.506	0.852165	0
6.81406	0.0145979	132.216	0.868976	0
6.82156	0.0145131	133.088	0.852165	0
6.8171	0.014187	131.797	0.834669	0
6.79052	0.0142324	129.954	0.863143	0
6.74916	0.013983	131.295	0.854224	0
6.69681	0.0136837	127.474	0.849421	0
6.63772	0.0136508	128.63	0.837071	0
6.57307	0.0137173	125.329	0.831239	0
6.5214	0.0131559	124.943	0.831239	0
6.48957	0.0129558	125.362	0.866231	0
6.46601	0.0127052	122.061	0.840844	0
6.44038	0.0130657	124.441	0.851136	0
6.43417	0.0128067	122.581	0.849764	0
6.43125	0.0126186	122.38	0.868289	0
6.43022	0.0128315	121.709	0.849421	0
6.4311	0.0123824	120.084	0.831925	0
6.41815	0.0123442	122.262	0.850107	0
6.40725	0.0125092	122.463	0.848392	0
6.38991	0.0121442	120.117	0.834326	0
6.37785	0.0121447	120.469	0.840158	0
6.37462	0.0118588	118.71	0.847706	0
6.36795	0.0118225	119.313	0.835699	0
6.36344	0.0119749	118.525	0.833297	0
6.36764	0.0118513	119.062	0.826779	0
6.37924	0.0116814	118.408	0.814772	0
6.37405	0.0114646	117.352	0.8381	0
6.34728	0.01201	118.14	0.846333	0
6.33407	0.0118024	116.028	0.853538	0
6.33205	0.0115949	118.391	0.835012	0
6.30607	0.0115826	115.124	0.835699	0
6.2888	0.0116608	115.576	0.843932	0
6.29993	0.0115147	116.112	0.840844	0
6.28116	0.0113736	114.571	0.853195	0
6.25017	0.0113206	115.157	0.85045	0
6.23248	0.0109911	115.593	0.840844	0
6.21528	0.0111991	112.241	0.856625	0
6.2232	0.0112706	113.951	0.866574	0
6.21555	0.010754	112.057	0.825064	0
6.18519	0.0109948	112.761	0.851479	0
6.16976	0.010936	111.956	0.825407	0
6.15243	0.0108356	111.236	0.855939	0
6.11732	0.0109454	110.465	0.848735	0
6.09106	0.0106532	109.627	0.839129	0
6.07874	0.0103902	108.622	0.835699	0
6.04451	0.0107974	108.588	0.844275	0
6.00598	0.0105484	106.795	0.844618	0
6.00183	0.0108544	106.862	0.857654	0
5.99262	0.0106456	106.577	0.82575	0
5.9633	0.0106266	106.142	0.847363	0
5.95496	0.0106872	105.455	0.872749	0
5.94512	0.010472	104.684	0.848735	0
5.92729	0.0100456	104.784	0.858341	0
5.90792	0.0101693	103.427	0.847706	0
5.88913	0.0101032	103.594	0.864859	0
5.86359	0.0102258	102.623	0.838443	0
5.82953	0.0103032	103.142	0.832954	0
5.81328	0.00981082	101.332	0.841531	0
5.78714	0.00988359	100.578	0.82575	0
5.7578	0.00993423	100.846	0.844961	0
5.75087	0.0100227	100.226	0.832611	0
5.72694	0.00991565	98.7348	0.818545	0
5.70831	0.00965319	99.3213	0.843246	0
5.70155	0.00960019	98.651	0.861771	0
5.67999	0.00964488	96.3385	0.836042	0
5.65889	0.0094917	96.8412	0.839815	0
5.64359	0.00986559	96.7239	0.837414	0
5.63288	0.00962362	94.9979	0.817173	0
5.61983	0.00994935	93.473	0.84702	0
5.5958	0.00966438	95.199	0.836728	0
5.57438	0.00976299	94.3109	0.864859	0
5.56465	0.00990734	94.1433	0.856625	0
5.54501	0.00946599	93.054	0.831925	0
5.50929	0.00949373	91.7972	0.850793	0
5.49792	0.00951258	92.0654	0.855253	0
5.49533	0.00959672	90.4734	0.831925	0
5.46873	0.009384	90.2723	0.848735	0
5.44981	0.00920785	89.1831	0.82575	0
5.43461	0.00951513	89.0825	0.84256	0
5.41238	0.00948522	88.2949	0.83364	0
5.4029	0.00948614	87.5241	0.848049	0
5.38757	0.00944655	86.5186	0.843246	0
5.37369	0.00947652	86.284	0.853538	0
5.37035	0.00917592	87.1219	0.832611	0
5.3407	0.00919882	86.4684	0.832268	0
5.3221	0.0090249	86.217	0.840158	0
5.31704	0.00900376	84.6251	0.849764	0
5.29893	0.00935854	83.318	0.831582	0
5.27289	0.00907358	83.0163	0.843589	0
5.25468	0.00892812	81.2401	0.820604	0
5.24902	0.00860455	82.3963	0.83021	0
5.23407	0.00870277	82.1282	0.834669	0
5.21213	0.00899728	80.9552	0.823348	0
5.19444	0.0088299	79.5811	0.829866	0
5.17755	0.00881675	79.8995	0.818202	0
5.15675	0.00873084	77.8886	0.841874	0
5.13516	0.00880511	77.6875	0.836728	0
5.12214	0.00858414	77.4696	0.812027	0
5.10628	0.00847846	76.7658	0.831239	0
5.08478	0.00837167	75.0063	0.81683	0
5.07113	0.00861561	75.3582	0.825064	0
5.0539	0.00848572	74.9895	0.823348	0
5.02909	0.00842179	73.9673	0.814429	0
5.00459	0.00835963	72.7775	0.814086	0
4.98798	0.00826521	71.8894	0.81683	0
4.97344	0.00814494	70.6494	0.803108	0
4.96016	0.00810608	71.3867	0.837757	0
4.93041	0.00826292	69.225	0.820947	0
4.90366	0.00795486	68.9736	0.819232	0
4.89958	0.00793824	68.6049	0.823005	0
4.89226	0.00803678	67.1303	0.808597	0
4.86855	0.00774665	66.9962	0.809969	0
4.84563	0.00767801	66.46	0.823691	0
4.83537	0.00770667	65.6389	0.813056	0
4.81534	0.00760367	63.9129	0.80002	0
4.7942	0.00755885	63.6783	0.804137	0
4.78634	0.00758575	62.9744	0.793845	0
4.76893	0.00787078	62.3712	0.812713	0
4.7483	0.00749322	61.1646	0.807567	0
4.74587	0.0073865	62.0025	0.794531	0
4.7382	0.00732552	60.3268	0.802765	0
4.72382	0.00742655	59.4386	0.798648	0
4.70654	0.00717116	59.2878	0.790071	0
4.67869	0.0071775	56.9418	0.789042	0
4.65991	0.00709035	56.9585	0.789385	0
4.654	0.00697113	57.1261	0.802078	0
4.6541	0.00704336	56.5061	0.784582	0
4.64629	0.00689817	55.819	0.781495	0
4.63568	0.00714125	55.8693	0.7911	0
4.62157	0.00702269	53.3054	0.756108	0
4.60002	0.00689162	54.3276	0.777035	0
4.5919	0.00674185	54.3779	0.770517	0
4.58101	0.00673334	54.0762	0.779436	0
4.56239	0.00663839	51.7134	0.774977	0
4.56536	0.006723	53.7579	0.789042	0
4.56451	0.00676606	51.2442	0.769145	0
4.53795	0.00674721	51.194	0.765028	0
4.52549	0.00648253	50.0042	0.768458	0
4.52651	0.00638765	50.2891	0.750962	0
4.51237	0.00656393	49.7193	0.769831	0
4.48185	0.00635906	47.0046	0.751305	0
4.46769	0.00617453	47.6079	0.747189	0
4.47407	0.00617035	48.5128	0.765371	0
4.46145	0.00614862	47.7252	0.747532	0
4.44751	0.00611662	47.0214	0.743415	0
4.43925	0.005927	45.9992	0.752335	0
4.41731	0.00577434	44.6586	0.732094	0
4.41127	0.00585201	44.4407	0.739984	0
4.40826	0.0059995	43.1504	0.725576	0
4.389	0.00582989	42.0109	0.725919	0
4.3787	0.00576996	42.6477	0.704306	0
4.37339	0.00551175	41.793	0.718714	0
4.36268	0.00579279	42.4969	0.73278	0
4.3597	0.00574548	42.1114	0.740327	0
4.35882	0.0057373	41.6925	0.723517	0
4.34796	0.00565231	40.5362	0.718028	0
4.33766	0.00560762	41.0222	0.72043	0
4.33	0.0053998	40.8379	0.721802	0
4.32743	0.00569903	39.8659	0.725233	0
4.32025	0.00562927	39.1286	0.705678	0
4.31323	0.00552229	39.6984	0.713569	0
4.30553	0.00537801	37.8215	0.700532	0
4.29394	0.00521881	38.5589	0.695386	0
4.2919	0.00537722	36.6988	0.702934	0
4.29127	0.0053945	36.8328	0.706021	0
4.28632	0.00519132	38.6929	0.714255	0
4.2759	0.00531774	36.8999	0.69127	0
4.26461	0.00518903	35.2241	0.66554	0
4.2623	0.00517438	36.3636	0.678919	0
4.25792	0.0051573	35.7269	0.678233	0
4.25189	0.00515311	36.2631	0.688182	0
4.2472	0.00505921	35.509	0.671715	0
4.24211	0.00497435	34.5203	0.678233	0
4.23469	0.00506674	34.6209	0.69024	0
4.22465	0.00498207	34.1181	0.670686	0
4.22076	0.00494673	35.2744	0.686467	0
4.21816	0.00497304	34.0679	0.674459	0
4.21078	0.00487705	33.7495	0.677547	0
4.20169	0.00487731	32.4424	0.655248	0
4.19854	0.00481717	32.4759	0.66554	0
4.19607	0.00478256	33.4311	0.678576	0
4.1928	0.00482234	32.2078	0.65662	0
4.19075	0.00484603	32.6602	0.650788	0
4.18017	0.00468637	31.3364	0.647358	0
4.17307	0.00462931	31.5878	0.649759	0
4.16834	0.00466111	30.3645	0.643927	0
4.15906	0.00471183	30.8002	0.64873	0
4.15855	0.00470005	30.3812	0.640496	0
4.15523	0.00450604	30.2639	0.638095	0
4.14821	0.00454248	30.465	0.633635	0
4.1409	0.00453529	29.4763	0.640153	0
4.1404	0.0044461	31.0683	0.642555	0
4.13527	0.00454929	28.5379	0.63638	0
4.12029	0.00438904	27.0465	0.605847	0
4.11944	0.00439774	27.8341	0.624716	0
4.12399	0.00442307	28.7222	0.613738	0
4.11497	0.00438786	27.7503	0.623	0
4.10501	0.00427263	28.2363	0.633292	0
4.10406	0.00426818	27.2643	0.626088	0
4.09816	0.00422519	27.0968	0.614424	0
4.09075	0.00412135	27.9514	0.629175	0
4.08832	0.0042339	26.6946	0.612708	0
4.08665	0.00438027	26.5438	0.621971	0
4.07983	0.00419928	25.1362	0.595898	0
4.0745	0.00411304	26.0913	0.605161	0
4.0696	0.00416598	25.0691	0.612708	0
4.06562	0.00407149	25.421	0.588008	0
4.06899	0.00403131	25.4378	0.606876	0
4.06476	0.00400435	24.5329	0.605847	0
4.05744	0.00400193	25.4713	0.598643	0
4.06008	0.00409334	24.3821	0.593154	0
4.06031	0.00397033	24.868	0.607562	0
4.05185	0.00394416	25.0356	0.597957	0
4.04564	0.00389207	24.1307	0.569826	0
4.04574	0.0040446	23.7788	0.582519	0
4.04288	0.00400396	24.2313	0.586979	0
4.03522	0.00396725	24.2983	0.592468	0
4.02737	0.00390496	22.522	0.57703	0
4.0227	0.00394991	23.0917	0.579774	0
4.02755	0.00385477	23.0582	0.576001	0
4.02422	0.00387545	23.008	0.582519	0
4.02042	0.00387813	22.9744	0.568796	0
4.02572	0.00391026	22.8236	0.563307	0
4.02407	0.00387604	23.561	0.591439	0
4.01797	0.00395351	22.5052	0.570855	0
4.01279	0.00383096	22.455	0.573256	0
4.01371	0.00392583	21.7512	0.560906	0
4.01136	0.0038129	22.8739	0.57257	0
4.0046	0.00374053	21.5501	0.552673	0
4.00268	0.00374314	22.2539	0.563651	0
4.00113	0.00379516	21.7847	0.569826	0
3.99525	0.00386321	21.5501	0.569826	0
3.9916	0.00381316	21.0138	0.56811	0
3.98671	0.00372443	21.1311	0.557475	0
3.9838	0.00373516	21.0976	0.566738	0
3.98318	0.00364807	19.9413	0.539636	0
3.97793	0.00365657	19.9078	0.547527	0
3.97373	0.00355947	20.1257	0.545811	0
3.97502	0.00362281	20.3603	0.553359	0
3.97553	0.00354697	20.2095	0.544782	0
3.97126	0.00360599	20.5446	0.549242	0
3.96492	0.00355116	20.2765	0.558162	0
3.96021	0.0035948	19.5559	0.556446	0
3.95997	0.003425	19.6062	0.529001	0
3.96164	0.00344117	19.6732	0.538607	0
3.95778	0.00355005	19.6732	0.545468	0
3.94846	0.003443	19.6397	0.530717	0
3.94553	0.00330402	18.7683	0.538607	0
3.94712	0.00343495	18.9359	0.542381	0
3.94464	0.00342729	18.8186	0.533461	0
3.94018	0.0034004	18.6008	0.534147	0
3.9365	0.00340014	18.7851	0.53003	0
3.93496	0.00329355	18.4835	0.524541	0
3.9339	0.00326417	18.1651	0.504301	0
3.93235	0.00335597	17.5953	0.521111	0
3.93407	0.00340727	18.2321	0.514936	0
3.93226	0.00337953	17.8969	0.523169	0
3.92753	0.00332286	18.3159	0.506702	0
3.9234	0.00326829	17.2769	0.507731	0
3.91959	0.00322726	17.4277	0.511848	0
3.91487	0.00317393	17.0256	0.498812	0
3.9141	0.00320796	17.1931	0.51425	0
3.91373	0.00317406	16.9083	0.501213	0
3.91009	0.0031492	16.4893	0.498469	0
3.90835	0.00316281	16.3217	0.50087	0
3.90593	0.00311753	16.3385	0.502586	0
3.90324	0.0031242	16.0034	0.486462	0
3.90043	0.00307735	15.7855	0.494009	0
3.90095	0.0030835	15.7352	0.49298	0
3.9036	0.00309738	16.4726	0.509104	0
3.90124	0.0030716	15.5677	0.477885	0
3.89679	0.00305884	16.3385	0.500184	0
3.89601	0.0030924	16.2212	0.499155	0
3.89362	0.0031299	15.752	0.486805	0
3.88842	0.00296867	15.5006	0.475484	0
3.88662	0.00298921	15.7855	0.482345	0
3.88563	0.00300734	14.9811	0.474454	0
3.88455	0.00295866	15.5006	0.478914	0
3.88631	0.00310667	15.8023	0.487491	0
3.88506	0.00299471	15.2493	0.482688	0
3.88059	0.00304457	15.5006	0.487834	0
3.88079	0.00295041	15.2325	0.469995	0
3.88144	0.00295283	15.7352	0.480973	0
3.8813	0.00307186	14.646	0.486805	0
3.87423	0.00291972	14.8136	0.477885	0
3.86742	0.00287202	14.0092	0.464163	0
3.86724	0.0029671	14.1768	0.46382	0
3.86729	0.00295074	14.8974	0.480973	0
3.86745	0.00293111	14.7633	0.482345	0
3.86693	0.00290029	14.7298	0.475484	0
3.86074	0.00285894	13.9422	0.461418	0
3.86084	0.00289676	14.4114	0.466907	0
3.86318	0.00292522	14.2271	0.461761	0
3.85852	0.00291567	14.1935	0.462104	0
3.85559	0.00288439	13.8081	0.461761	0
3.85726	0.00282347	13.6406	0.454214	0
3.85432	0.00277152	13.3054	0.455243	0
3.85284	0.00279193	13.9087	0.458674	0
3.85406	0.00283741	13.3724	0.45936	0
3.85245	0.00280829	13.5233	0.458331	0
3.84981	0.00280927	12.7524	0.462104	0
3.84797	0.00279874	13.4562	0.46279	0
3.8443	0.00279887	12.5513	0.437747	0
3.84394	0.00271531	13.473	0.466221	0
3.84114	0.00277368	12.5681	0.446666	0
3.83516	0.00269136	13.1546	0.441864	0
3.83898	0.00264477	12.5681	0.431915	0
3.84473	0.00273657	13.3557	0.455586	0
3.83835	0.00268475	12.5346	0.44598	0
3.83522	0.00266434	13.3389	0.444265	0
3.84069	0.00279704	13.473	0.457987	0
3.84171	0.00271956	12.7524	0.440491	0
3.83753	0.00274286	13.2719	0.452499	0
3.83578	0.00273958	12.5513	0.436375	0
3.83391	0.00277898	13.4227	0.449754	0
3.83269	0.00273821	12.8865	0.44701	0
3.83114	0.00272728	12.0989	0.443236	0
3.83167	0.00267343	13.4897	0.445294	0
3.82937	0.00269352	12.0989	0.437747	0
3.82591	0.00273029	12.1994	0.439462	0
3.8276	0.00276622	12.5848	0.446323	0
3.82547	0.00273389	12.3	0.433973	0
3.82243	0.00268266	12.4173	0.450783	0
3.82331	0.00259694	11.8307	0.428484	0
3.82367	0.00261375	11.9983	0.431572	0
3.82905	0.00270903	13.1546	0.443579	0
3.83179	0.00274521	12.5848	0.443579	0
3.82438	0.00264523	12.4005	0.436032	0
3.81862	0.0025934	11.4621	0.420594	0
3.81892	0.00257031	11.3448	0.420251	0
3.82252	0.00270916	12.7524	0.45044	0
3.82498	0.0026731	12.9367	0.442207	0
3.82322	0.00269332	12.8865	0.446323	0
3.82667	0.00275738	13.2049	0.441521	0
3.8238	0.0027193	12.6686	0.441177	0
3.81942	0.00269954	12.8194	0.445294	0
3.82222	0.00276307	11.7805	0.433973	0
3.8211	0.00268979	12.0821	0.436718	0
3.82125	0.00273402	12.92	0.456615	0
3.8254	0.00276281	13.054	0.444265	0
3.82828	0.00279677	13.1211	0.451812	0
3.82628	0.00274397	13.0876	0.449068	0
3.82692	0.00279468	13.0708	0.451812	0
3.83107	0.00281058	13.2384	0.45044	0
3.83275	0.00291423	13.8416	0.460389	0
3.83104	0.00294629	13.7243	0.465535	0
3.82831	0.00297109	13.473	0.462447	0
3.83215	0.00288393	14.0092	0.472739	0
3.83313	0.00294845	13.3054	0.460732	0
3.83047	0.00295493	14.6628	0.476513	0
3.83308	0.00300695	14.3611	0.468965	0
3.83676	0.00308167	14.5119	0.486805	0
3.8365	0.00303849	14.5455	0.471367	0
3.83397	0.00305589	13.7746	0.469652	0
3.82983	0.00304411	13.6741	0.460046	0
3.82672	0.00310137	12.8362	0.454214	0
3.8241	0.00321791	13.1378	0.461761	0
3.81796	0.00317537	12.8362	0.460389	0
3.8094	0.00315332	11.8307	0.453871	0
3.80199	0.00299307	11.0599	0.424367	0
3.81844	0.00487593	11.7805	0.452842	0
3.96589	0.0200703	15.199	0.640153	0
4.33448	0.0472502	17.964	0.768115	0
4.55499	0.069008	16.7574	0.708423	0
4.1892	0.053778	11.7805	0.508418	1
3.73401	0.0164081	8.84793	0.385601	1
3.73252	0.0113067	7.70842	0.344777	1
3.79833	0.00875034	7.39003	0.348894	0
3.73063	0.00512111	7.323	0.33723	0
3.73909	0.00410355	7.22245	0.338945	0
3.75724	0.00338286	6.58567	0.320077	0
3.73333	0.00243538	6.77	0.330712	0
3.73605	0.00218752	6.38458	0.320763	0
3.74045	0.00205907	6.46837	0.325566	0
3.72923	0.00189889	5.52995	0.293318	0
3.72457	0.00183058	5.14453	0.29023	0
3.72473	0.0018243	5.76456	0.308413	0
3.72168	0.00171783	4.79263	0.280281	0
3.72141	0.00172595	5.5132	0.297778	0
3.72223	0.0017374	5.14453	0.294004	0
3.71865	0.00169048	5.16129	0.286457	0
3.71701	0.0016984	4.9602	0.283026	0
3.72189	0.00175075	5.31211	0.298464	0
3.72122	0.00172065	4.85966	0.281997	0
3.71843	0.00166438	5.14453	0.292975	0
3.71908	0.00170756	4.7256	0.275822	0
3.71718	0.00164704	4.92669	0.28234	0
3.71357	0.00164265	4.79263	0.279252	0
3.71447	0.00167511	4.75911	0.277537	0
3.7157	0.0016225	4.65857	0.278223	0
3.71265	0.0016473	4.47424	0.268617	0
3.71127	0.00163271	4.77587	0.279938	0
3.71065	0.00164043	4.45748	0.264158	0
3.71031	0.00157316	4.59154	0.276851	0
3.71057	0.00162996	4.80938	0.275822	0
3.71247	0.00166065	5.24508	0.295033	0
3.71244	0.00166542	4.64181	0.271705	0
3.70818	0.00165417	4.50775	0.276851	0
3.70657	0.00156609	4.25639	0.267588	0
3.70738	0.00160614	4.37369	0.268274	0
3.70687	0.00156714	4.15584	0.265187	0
3.70633	0.00163958	4.34018	0.269647	0
3.70267	0.00153233	4.10557	0.257296	0
3.69962	0.00148345	3.98827	0.25661	0
3.70533	0.00158186	4.62505	0.278566	0
3.70353	0.00153279	3.80394	0.249406	0
3.69832	0.00152808	3.97151	0.257296	0
3.69667	0.00151388	3.77042	0.250778	0
3.69554	0.00148849	3.63636	0.242545	0
3.6962	0.00152337	3.75367	0.247004	0
3.69699	0.00152376	3.56933	0.241859	0
3.69744	0.00150648	3.83745	0.244603	0
3.69561	0.00148509	3.18391	0.230194	0
3.69538	0.00151172	3.92124	0.248034	0
3.69555	0.00148273	3.68664	0.244946	0
3.69459	0.00147252	3.48555	0.240486	0
3.69296	0.00148273	3.55258	0.240143	0
3.69145	0.00142678	3.16716	0.231224	0
3.68948	0.00143392	3.35149	0.234311	0
3.68945	0.00138628	3.46879	0.240143	0
3.68872	0.00138347	3.41852	0.233625	0
3.68754	0.0014881	3.31797	0.23191	0
3.68653	0.00137391	3.10013	0.225392	0
3.68553	0.00138118	2.79849	0.215443	0
3.68539	0.00138177	3.13364	0.228822	0
3.68805	0.00145649	3.31797	0.234311	0
3.68591	0.0013728	3.0331	0.226764	0
3.68304	0.0013766	3.13364	0.225049	0
3.68485	0.00138648	2.89904	0.216129	0
3.68282	0.00135808	2.5974	0.204465	0
3.68255	0.00132589	2.98282	0.222647	0
3.68368	0.00134467	2.94931	0.221618	0
3.68266	0.00135952	2.54713	0.205494	0
3.68375	0.00136122	2.89904	0.220246	0
3.68211	0.0013037	2.7147	0.207209	0
3.67995	0.0013285	2.96607	0.21853	0
3.68033	0.00133367	2.81525	0.216129	0
3.68035	0.00134185	2.83201	0.215443	0
3.67885	0.00136888	2.7147	0.211326	0
3.6765	0.00125829	2.54713	0.20275	0
3.67813	0.00130554	2.76498	0.218187	0
3.68102	0.00134925	3.01634	0.222647	0
3.68078	0.00136135	2.81525	0.221275	0
3.67954	0.0013709	2.96607	0.226078	0
3.67746	0.00129651	2.5974	0.205837	0
3.67667	0.00131692	2.81525	0.212012	0
3.6776	0.00132229	2.89904	0.217501	0
3.67751	0.00129919	2.69795	0.209268	0
3.67515	0.00128656	2.39631	0.198633	0
3.67448	0.00128146	2.63092	0.209954	0
3.67302	0.00130442	2.32928	0.198976	0
3.67176	0.0012488	2.79849	0.216815	0
3.67165	0.00127216	2.29577	0.194859	0
3.67056	0.00126778	2.17847	0.190399	0
3.67139	0.00125051	2.53037	0.202063	0
3.67294	0.00125672	2.12819	0.185253	0
3.67113	0.0012365	2.07792	0.18491	0
3.6707	0.00124691	2.37956	0.202063	0
3.67201	0.00126667	2.46334	0.202406	0
3.67152	0.00127046	2.29577	0.193487	0
3.67058	0.0012261	2.4801	0.198976	0
3.67057	0.00120248	1.92711	0.17702	0
3.66952	0.00120575	2.16171	0.185253	0
3.67092	0.00122806	2.29577	0.193487	0
3.66973	0.00123958	2.04441	0.181823	0
3.66814	0.00122204	2.16171	0.187998	0
3.67003	0.00120202	2.49686	0.199662	0
3.67035	0.00125227	2.58065	0.209268	0
3.66684	0.00123022	2.29577	0.193487	0
3.66647	0.00124187	1.89359	0.183195	0
3.66796	0.00123205	2.3628	0.20172	0
3.66831	0.00121923	2.2455	0.190056	0
3.66923	0.00126582	2.22874	0.187998	0
3.66711	0.00125319	1.99413	0.18148	0
3.66523	0.00123304	2.19522	0.18937	0
3.665	0.00116407	1.79305	0.171188	0
3.66642	0.00120254	2.2455	0.191428	0
3.66627	0.00119122	2.02765	0.182852	0
3.66441	0.0011979	2.01089	0.186626	0
3.66478	0.00119607	2.26225	0.190742	0
3.66535	0.00121367	2.31253	0.192458	0
3.6633	0.00117859	1.84332	0.171531	0
3.66253	0.00120346	2.22874	0.19383	0
3.66392	0.0012242	2.17847	0.187312	0
3.66486	0.0012757	2.09468	0.188341	0
3.66367	0.00122924	2.17847	0.193144	0
3.66238	0.00120287	1.96062	0.176677	0
3.66288	0.00118867	2.04441	0.183538	0
3.66399	0.00122806	2.29577	0.191772	0
3.66389	0.0012153	2.01089	0.180451	0
3.66152	0.0011606	2.07792	0.186283	0
3.66222	0.00121288	2.2455	0.188341	0
3.66102	0.00116943	1.87683	0.174618	0
3.66007	0.00119181	2.11144	0.189027	0
3.66173	0.00118887	1.87683	0.173246	0
3.65961	0.00115674	1.86008	0.175648	0
3.65931	0.0011748	1.87683	0.176334	0
3.66041	0.00119181	1.87683	0.173246	0
3.6588	0.00116518	1.89359	0.175648	0
3.65897	0.00119319	1.75953	0.171188	0
3.66064	0.0012013	1.97738	0.179078	0
3.65929	0.0011604	1.89359	0.178735	0
3.65867	0.00114529	1.65899	0.166728	0
3.65835	0.00114692	1.84332	0.176677	0
3.65922	0.00115465	2.02765	0.185939	0
3.65918	0.0012244	2.04441	0.183538	0
3.65793	0.00116106	1.8098	0.171874	0
3.65765	0.0011131	1.87683	0.176334	0
3.6576	0.00110976	1.72602	0.1681	0
3.65682	0.00112684	1.70926	0.169129	0
3.6574	0.00115491	1.92711	0.17702	0
3.65751	0.00115968	1.82656	0.175648	0
3.65768	0.00115687	1.6925	0.169816	0
3.65668	0.00111388	1.6925	0.1681	0
3.65633	0.00111741	1.72602	0.166385	0
3.65779	0.00115844	2.01089	0.185253	0
3.65645	0.00115949	1.72602	0.166385	0
3.655	0.00112913	1.86008	0.175648	0
3.65534	0.00112042	1.52493	0.16021	0
3.6543	0.00113371	1.44114	0.154378	0
3.65407	0.0011356	1.6925	0.165013	0
3.65626	0.0011449	1.97738	0.182166	0
3.6563	0.00110629	1.70926	0.170502	0
3.65598	0.00117277	1.96062	0.180107	0
3.65601	0.00115955	1.72602	0.169816	0
3.65498	0.00117264	1.87683	0.176334	0
3.65445	0.00112212	1.62547	0.163297	0
3.6545	0.00117055	1.91035	0.179421	0
3.6531	0.00114005	1.79305	0.171188	0
3.65335	0.00107096	1.52493	0.156779	0
3.6549	0.00111434	1.77629	0.171874	0
3.65338	0.00110302	1.94386	0.177706	0
3.65323	0.00111578	1.5752	0.160896	0
3.65228	0.00110642	1.74277	0.172217	0
3.65162	0.00110335	1.70926	0.165699	0
3.65226	0.00110832	1.39087	0.151976	0
3.65258	0.00114064	1.79305	0.169473	0
3.65266	0.00110622	1.70926	0.167414	0
3.65057	0.00108653	1.39087	0.151976	0
3.65098	0.00109988	1.22329	0.140998	0
3.65053	0.00108764	1.44114	0.154378	0
3.65033	0.00108679	1.67574	0.163984	0
3.6491	0.00108051	1.40762	0.154721	0
3.64957	0.00110433	1.44114	0.156093	0
3.65112	0.00112304	2.01089	0.182166	0
3.65119	0.0011076	1.4579	0.157122	0
3.64969	0.00107495	1.47465	0.156093	0
3.65034	0.00110433	1.67574	0.169129	0
3.65137	0.0011021	1.79305	0.171188	0
3.65031	0.00109163	1.49141	0.158838	0
3.64951	0.00110649	1.47465	0.157808	0
3.64981	0.00108594	1.42438	0.151633	0
3.64907	0.00107069	1.4579	0.155407	0
3.64794	0.00105564	1.34059	0.15129	0
3.64753	0.00105833	1.50817	0.156093	0
3.64889	0.00105741	1.62547	0.161582	0
3.64985	0.00108934	1.62547	0.165013	0
3.64873	0.00107678	1.40762	0.152662	0
3.6485	0.00108862	1.52493	0.158495	0
3.64851	0.00105021	1.52493	0.158495	0
3.64689	0.00103156	1.27357	0.143743	0
3.64733	0.0010489	1.37411	0.149232	0
3.64892	0.0010705	1.4579	0.153349	0
3.64856	0.00109922	1.5752	0.162611	0
3.64841	0.00109314	1.55844	0.16021	0
3.64719	0.00107069	1.35735	0.150261	0
3.64581	0.00107037	1.49141	0.163984	0
3.64692	0.00108856	1.35735	0.150261	0
3.64672	0.0010156	1.35735	0.150261	0
3.64845	0.00110066	1.70926	0.170502	0
3.64827	0.0010987	1.39087	0.151976	0
3.64609	0.00107429	1.37411	0.149232	0
3.64692	0.00105761	1.47465	0.154378	0
3.64741	0.0011095	1.52493	0.158495	0
3.64612	0.00104419	1.25681	0.142714	0
3.6463	0.00106081	1.39087	0.149918	0
3.64599	0.00106121	1.27357	0.145801	0
3.64639	0.00105342	1.39087	0.153692	0
3.64539	0.00106238	1.18978	0.145115	0
3.6439	0.00102875	0.955174	0.127276	0
3.64491	0.001079	1.35735	0.150261	0
3.6449	0.0010315	1.17302	0.140312	0
3.64358	0.000999371	1.39087	0.149918	0
3.64404	0.00107253	1.39087	0.151976	0
3.64468	0.00102502	1.17302	0.140312	0
3.64274	0.00104432	1.34059	0.149232	0
3.6422	0.00102731	1.17302	0.138254	0
3.64331	0.00102993	1.42438	0.153692	0
3.64281	0.00104001	1.07248	0.13448	0
3.64334	0.001051	1.32384	0.146487	0
3.64471	0.00105682	1.4579	0.153349	0
3.64527	0.00103071	1.18978	0.139283	0
3.64273	0.000991388	1.35735	0.150261	0
3.64415	0.00101894	1.35735	0.151976	0
3.6461	0.00102083	1.4579	0.157122	0
3.64396	0.00107475	1.4579	0.157122	0
3.64228	0.00102777	1.0222	0.131393	0
3.6427	0.0010228	1.20654	0.142028	0
3.64483	0.00107344	1.47465	0.159524	0
3.64412	0.00106356	1.37411	0.150947	0
3.64291	0.00104059	1.27357	0.143743	0
3.64371	0.00104557	1.40762	0.152662	0
3.64332	0.00104537	1.39087	0.149918	0
3.64311	0.00103981	1.10599	0.136196	0
3.64461	0.00108051	1.42438	0.153692	0
3.64439	0.0011021	1.5752	0.159181	0
3.64265	0.00103019	1.27357	0.143743	0
3.64204	0.00100382	1.39087	0.151976	0
3.64167	0.0010421	1.27357	0.147517	0
3.64039	0.000974572	0.921659	0.122816	0
3.64096	0.00101573	1.0222	0.129334	0
3.64246	0.000996427	1.35735	0.148203	0
3.64108	0.00100624	1.22329	0.143057	0
3.64043	0.000998978	1.15626	0.137225	0
3.64057	0.00100683	1.29032	0.146487	0
3.63921	0.00100467	1.0222	0.131393	0
3.63881	0.000977582	0.971931	0.128305	0
3.64203	0.000992501	1.25681	0.14683	0
3.64257	0.00102339	1.20654	0.142028	0
3.6424	0.00101148	1.24005	0.142028	0
3.64202	0.00103137	1.27357	0.147517	0
3.63995	0.000993089	0.955174	0.129334	0
3.64001	0.000986546	1.13951	0.140312	0
3.6407	0.000970777	0.938416	0.126247	0
3.63913	0.000958868	0.837872	0.117327	0
3.64041	0.00100755	1.25681	0.144772	0
3.64184	0.00103287	1.32384	0.148546	0
3.64048	0.00100467	1.17302	0.138254	0
3.64049	0.000988444	1.18978	0.140998	0
3.6402	0.00100389	1.20654	0.139969	0
3.64008	0.00102293	1.25681	0.142714	0
3.6388	0.000999829	0.938416	0.123845	0
3.63753	0.000916205	0.904902	0.121787	0
3.63901	0.000979676	1.03896	0.130363	0
3.6407	0.00104733	1.08923	0.135509	0
3.63979	0.00100127	1.12275	0.145115	0
3.63949	0.000974637	0.988689	0.129334	0
3.63904	0.00101095	0.988689	0.127276	0
3.63928	0.000997474	1.08923	0.135509	0
3.63972	0.00100729	1.13951	0.136196	0
3.63963	0.00102862	1.35735	0.150261	0
3.63796	0.000988902	1.00545	0.128305	0
3.63752	0.00094192	1.00545	0.130363	0
3.63792	0.000959326	0.955174	0.127276	0
3.63883	0.000991781	1.18978	0.143057	0
3.63858	0.000955007	0.971931	0.126247	0
3.63889	0.000982424	1.10599	0.134137	0
3.63972	0.0010067	0.938416	0.123845	0
3.63846	0.000988116	0.988689	0.127276	0
3.63848	0.000981311	1.00545	0.130363	0
3.64021	0.00101102	1.32384	0.146487	0
3.63916	0.00101403	1.05572	0.135509	0
3.63722	0.000942771	0.804357	0.117327	0
3.63729	0.000983994	1.00545	0.128305	0
3.63845	0.000969141	1.00545	0.130363	0
3.63696	0.000978171	0.837872	0.119729	0
3.63496	0.000950688	1.00545	0.128305	0
3.63806	0.000980722	1.15626	0.137225	0
3.63906	0.000972151	1.10599	0.138254	0
3.63736	0.000955072	0.854629	0.118356	0
3.63838	0.00100225	1.03896	0.132422	0
3.63872	0.000994725	1.15626	0.141341	0
3.63899	0.00102417	1.15626	0.137225	0
3.63801	0.000935508	0.787599	0.113897	0
3.63773	0.000956708	1.07248	0.13448	0
3.63931	0.000994398	1.18978	0.140998	0
3.63873	0.000990996	0.854629	0.118356	0
3.63699	0.000987724	1.03896	0.130363	0
3.63737	0.000979872	1.0222	0.129334	0
3.63806	0.000974114	1.0222	0.129334	0
3.63748	0.000958148	0.938416	0.123845	0
3.63658	0.000930862	0.804357	0.114926	0
3.63639	0.000913195	0.871387	0.121787	0
3.63644	0.000915485	0.703812	0.110123	0
3.63665	0.000943818	0.787599	0.113897	0
3.63669	0.000903445	0.703812	0.107721	0
3.63608	0.000909988	0.754085	0.111495	0
3.6387	0.000956905	1.10599	0.136196	0
3.63893	0.000981508	0.971931	0.126247	0
3.6366	0.000976469	1.05572	0.131393	0
3.63639	0.000944407	0.754085	0.113897	0
3.63618	0.000951343	1.05572	0.133451	0
3.63601	0.0009713	1.15626	0.139283	0
3.63612	0.000956839	1.05572	0.131393	0
3.63592	0.000975291	0.871387	0.119386	0
3.63596	0.000969926	0.955174	0.127276	0
3.63593	0.000950034	0.938416	0.126247	0
3.6351	0.000959129	0.754085	0.111495	0
3.63508	0.000932432	0.837872	0.117327	0
3.63632	0.000928572	0.921659	0.122816	0
3.63581	0.000964953	1.0222	0.129334	0
3.63493	0.000899126	0.804357	0.114926	0
3.63478	0.000926216	0.871387	0.121787	0
3.63555	0.000935573	0.770842	0.112524	0
3.63582	0.000948267	0.787599	0.116298	0
3.63686	0.000960634	0.871387	0.121787	0
3.63606	0.000926216	0.72057	0.111495	0
3.63437	0.000941266	0.938416	0.123845	0
3.6356	0.000975095	0.754085	0.113897	0
3.63529	0.000962728	1.00545	0.128305	0
3.63426	0.000946108	0.854629	0.120758	0
3.63496	0.000953698	0.804357	0.114926	0
3.63615	0.00097274	0.904902	0.124188	0
3.63463	0.000931582	0.65354	0.103948	0
3.63455	0.000924384	0.804357	0.114926	0
3.63679	0.000925954	0.871387	0.119386	0
3.63603	0.000942705	0.821114	0.118356	0
3.63623	0.000939695	0.871387	0.119386	0
3.63563	0.00095625	0.904902	0.124188	0
3.63431	0.000922225	0.72057	0.108751	0
3.63336	0.000882048	0.687055	0.106349	0
3.63424	0.000873018	0.687055	0.106349	0
3.63514	0.000892518	0.72057	0.108751	0
3.63444	0.000917121	0.670297	0.107721	0
3.63443	0.000915485	0.921659	0.122816	0
3.63458	0.00092229	0.620025	0.101203	0
3.63468	0.000905408	0.703812	0.107721	0
3.63495	0.000929815	0.837872	0.117327	0
3.63521	0.000914896	0.904902	0.121787	0
3.63595	0.00095023	0.804357	0.114926	0
3.63404	0.000955792	0.955174	0.135852	0
3.63417	0.000948987	0.888144	0.120758	0
3.63457	0.000917513	0.787599	0.113897	0
3.6349	0.000932498	0.837872	0.117327	0
3.63506	0.000941135	0.955174	0.124874	0
3.63385	0.000892649	0.737327	0.110123	0
3.63366	0.000913326	0.938416	0.123845	0
3.63512	0.000948464	0.854629	0.118356	0
3.63418	0.000927394	0.687055	0.106349	0
3.63426	0.00094421	0.921659	0.122816	0
3.63485	0.000932367	0.787599	0.113897	0
3.63415	0.000915027	0.737327	0.110123	0
3.63485	0.000903511	0.888144	0.122816	0
3.63588	0.000921112	0.854629	0.118356	0
3.63656	0.000944799	0.854629	0.118356	0
3.63576	0.000946566	1.03896	0.130363	0
3.63359	0.000910316	0.754085	0.111495	0
3.63275	0.000922421	0.804357	0.114926	0
3.63383	0.000925627	0.754085	0.113897	0
3.63259	0.000893695	0.65354	0.103948	0
3.63408	0.000924515	1.05572	0.135509	0
3.63577	0.000897687	0.770842	0.114926	0
3.63451	0.00090868	0.72057	0.108751	0
3.6335	0.000894481	0.620025	0.101203	0
3.63362	0.000881656	0.703812	0.107721	0
3.63466	0.000914634	0.787599	0.113897	0
3.63369	0.000922879	0.502723	0.094342	0
3.63295	0.000911166	0.58651	0.101203	0
3.63446	0.000889966	0.804357	0.114926	0
3.63441	0.000908876	0.821114	0.115955	0
3.63318	0.000899584	0.854629	0.118356	0
3.63426	0.000901548	0.72057	0.108751	0
3.63323	0.000938125	0.72057	0.113897	0
3.63279	0.00088604	0.519481	0.0926267	0
3.6341	0.000911035	1.0222	0.129334	0
3.63472	0.000911166	0.620025	0.101203	0
3.63468	0.000933283	0.804357	0.114926	0
3.63448	0.000912017	0.620025	0.101203	0
3.63448	0.000878842	0.72057	0.108751	0
3.63433	0.000918429	0.636783	0.10532	0
3.63509	0.000912671	0.754085	0.111495	0
3.63563	0.000922028	0.837872	0.117327	0
3.6331	0.000881067	0.536238	0.094342	0
3.63348	0.000884469	0.703812	0.107721	0
3.63466	0.000892845	0.72057	0.111495	0
3.63351	0.000877664	0.670297	0.104977	0
3.63306	0.0009306	0.65354	0.109094	0
3.63425	0.000946762	0.804357	0.119729	0
3.63323	0.000889966	0.569753	0.0970865	0
3.63317	0.000883488	0.804357	0.114926	0
3.63434	0.000884208	0.620025	0.103948	0
3.63405	0.000872822	0.670297	0.104977	0
3.6352	0.000901089	0.821114	0.120758	0
3.63477	0.000936293	0.754085	0.111495	0
3.63556	0.000914961	0.971931	0.128305	0
3.63506	0.000928637	0.854629	0.118356	0
3.63373	0.000886236	0.636783	0.102575	0
3.63293	0.000877206	0.636783	0.102575	0
3.6338	0.000884993	0.552995	0.0957142	0
3.63317	0.000865559	0.603268	0.099831	0
3.6322	0.000840956	0.485966	0.0895391	0
3.63401	0.000908745	0.65354	0.103948	0
3.63536	0.000912148	0.921659	0.122816	0
3.63441	0.000924384	0.703812	0.110123	0
3.63306	0.000888134	0.569753	0.0970865	0
3.63322	0.000880216	0.65354	0.103948	0
3.63447	0.000906193	0.770842	0.112524	0
3.63368	0.00086353	0.552995	0.0957142	0
3.63199	0.000882637	0.72057	0.111495	0
3.63284	0.000881001	0.485966	0.0895391	0
3.63315	0.000871513	0.569753	0.099831	0
3.63285	0.000871186	0.603268	0.099831	0
3.63339	0.000886105	0.452451	0.0864516	0
3.63327	0.00087629	0.569753	0.099831	0
3.63273	0.000857314	0.485966	0.0895391	0
3.63278	0.000886825	0.670297	0.104977	0
3.6341	0.000890882	0.636783	0.102575	0
3.63415	0.000884273	0.485966	0.0895391	0
3.63319	0.00086052	0.569753	0.0970865	0
3.63472	0.00085823	0.519481	0.0926267	0
3.63508	0.000867587	0.737327	0.110123	0
3.63299	0.000883488	0.58651	0.0984587	0
3.63323	0.000854304	0.452451	0.0864516	0
3.63405	0.000861502	0.703812	0.110123	0
3.63272	0.000883161	0.552995	0.0957142	0
3.6324	0.00086654	0.502723	0.0912544	0
3.63353	0.000885778	0.536238	0.094342	0
3.63382	0.000875701	0.636783	0.102575	0
3.63335	0.000904099	0.737327	0.110123	0
3.63342	0.000879104	0.65354	0.103948	0
3.63273	0.000867587	0.502723	0.094342	0
3.63226	0.000870336	0.552995	0.0957142	0
3.63364	0.00088087	0.418936	0.083364	0
3.63429	0.000903641	0.603268	0.099831	0
3.6347	0.000870401	0.670297	0.104977	0
3.63505	0.000894873	0.804357	0.114926	0
3.63448	0.000924711	0.65354	0.106349	0
3.63354	0.000863661	0.58651	0.0984587	0
3.63308	0.000848415	0.435693	0.0850793	0
3.63476	0.000883619	0.65354	0.103948	0
3.63488	0.000922748	0.536238	0.094342	0
3.63334	0.000899584	0.603268	0.099831	0
3.63472	0.000903641	0.854629	0.118356	0
3.63422	0.000877337	0.485966	0.0895391	0
3.63326	0.000838862	0.519481	0.0926267	0
3.63482	0.000865297	0.569753	0.0970865	0
3.63453	0.00085895	0.536238	0.094342	0
3.63442	0.000867522	0.687055	0.106349	0
3.63367	0.000879562	0.603268	0.099831	0
3.63245	0.000817465	0.502723	0.0912544	0
3.63394	0.0008439	0.435693	0.0850793	0
3.63566	0.000904099	0.804357	0.119729	0
3.63476	0.000880936	0.536238	0.094342	0
3.63361	0.00084763	0.620025	0.101203	0
3.63322	0.000861567	0.603268	0.099831	0
3.6332	0.000870466	0.469208	0.0881669	0
3.63459	0.000889246	0.552995	0.0957142	0
3.63536	0.000876617	0.65354	0.103948	0
3.63461	0.000894873	0.687055	0.106349	0
3.63398	0.000856071	0.620025	0.101203	0
3.63356	0.000836964	0.502723	0.0912544	0
3.63365	0.000861698	0.65354	0.106349	0
3.63429	0.000848481	0.519481	0.0957142	0
3.63466	0.000866737	0.569753	0.0970865	0
3.63397	0.000856529	0.636783	0.102575	0
3.63425	0.000879954	0.687055	0.106349	0
3.63395	0.000877272	0.502723	0.0912544	0
3.63457	0.000882703	0.552995	0.0957142	0
3.63449	0.000912213	0.737327	0.112524	0
3.63453	0.000861306	0.552995	0.0957142	0
3.63436	0.000881132	0.418936	0.083364	0
3.63292	0.000800452	0.485966	0.0895391	0
3.63403	0.000874523	0.569753	0.0970865	0
3.63459	0.000836506	0.452451	0.0864516	0
3.63394	0.000798358	0.452451	0.0864516	0
3.63453	0.000825121	0.536238	0.094342	0
3.63411	0.000837422	0.536238	0.094342	0
3.63339	0.000838862	0.485966	0.0895391	0
3.63308	0.000837226	0.536238	0.0970865	0
3.6339	0.0008386	0.368664	0.0782181	0
3.63309	0.000849004	0.569753	0.0970865	0
3.63331	0.000828851	0.469208	0.0881669	0
3.63423	0.000853977	0.536238	0.094342	0
3.6353	0.000857118	0.552995	0.0984587	0
3.6345	0.000864054	0.502723	0.094342	0
3.63419	0.000884731	0.58651	0.0984587	0
3.63573	0.000859604	0.65354	0.106349	0
3.63503	0.000867587	0.418936	0.083364	0
3.63454	0.000848873	0.469208	0.0881669	0
3.63451	0.000832057	0.502723	0.0912544	0
3.63466	0.000855024	0.502723	0.0912544	0
3.63451	0.000815437	0.435693	0.0850793	0
3.63508	0.000839974	0.519481	0.0926267	0
3.6349	0.000882637	0.536238	0.0970865	0
3.63392	0.000837815	0.469208	0.0881669	0
3.63379	0.000859081	0.552995	0.0984587	0
3.63524	0.000847826	0.552995	0.0957142	0
3.63495	0.00088388	0.620025	0.101203	0
3.63433	0.000858492	0.435693	0.0850793	0
3.6342	0.000869616	0.552995	0.0957142	0
3.63419	0.000894939	0.485966	0.0895391	0
3.63507	0.000877337	0.485966	0.0895391	0
3.63541	0.000866737	0.469208	0.0881669	0
3.63497	0.000821391	0.469208	0.0881669	0
3.63471	0.000843704	0.452451	0.0864516	0
3.63476	0.000854566	0.552995	0.0957142	0
3.63466	0.000809286	0.301634	0.0706707	0
3.63486	0.000848415	0.469208	0.0881669	0
3.63498	0.000848219	0.569753	0.0970865	0
3.63395	0.000840171	0.418936	0.083364	0
3.63471	0.000844424	0.502723	0.0912544	0
3.63527	0.000857118	0.552995	0.0957142	0
3.6353	0.00089062	0.670297	0.104977	0
3.63449	0.000858819	0.435693	0.0850793	0
3.63407	0.000836048	0.284876	0.0689554	0
3.63512	0.000859081	0.58651	0.101203	0
3.63655	0.000841545	0.469208	0.0881669	0
3.63606	0.000878777	0.72057	0.111495	0
3.63547	0.000839516	0.485966	0.0895391	0
3.63491	0.000815371	0.402178	0.0816487	0
3.63471	0.000836245	0.351906	0.0765028	0
3.63605	0.000833823	0.452451	0.0864516	0
3.63607	0.000835656	0.536238	0.094342	0
3.63552	0.000825579	0.368664	0.0816487	0
3.63481	0.000826102	0.402178	0.0816487	0
3.63561	0.000837488	0.603268	0.099831	0
3.63553	0.000842657	0.452451	0.0864516	0
3.6353	0.000781018	0.217847	0.0603789	0
3.63607	0.000827869	0.351906	0.0799334	0
3.63589	0.000819624	0.536238	0.0970865	0
3.63534	0.000833038	0.402178	0.0816487	0
3.63664	0.000838993	0.469208	0.0881669	0
3.63542	0.000808566	0.351906	0.0765028	0
3.635	0.00081596	0.58651	0.0984587	0
3.63513	0.000834543	0.318391	0.0727291	0
3.63465	0.000843115	0.402178	0.0816487	0
3.63556	0.00082355	0.335149	0.0747875	0
3.63568	0.000813997	0.469208	0.0881669	0
3.63552	0.000835263	0.368664	0.0782181	0
3.63586	0.000836179	0.502723	0.0912544	0
3.635	0.000832907	0.318391	0.0727291	0
3.63559	0.00083402	0.452451	0.0864516	0
3.63537	0.00081668	0.418936	0.083364	0
3.63544	0.000793254	0.385421	0.0799334	0
3.63714	0.000808697	0.469208	0.0881669	0
3.63684	0.000821784	0.418936	0.083364	0
3.63601	0.00086425	0.536238	0.094342	0
3.63637	0.000833758	0.418936	0.0867946	0
3.63636	0.000828	0.385421	0.0799334	0
3.63609	0.000830814	0.519481	0.0926267	0
3.63621	0.000848023	0.469208	0.0881669	0
3.63615	0.000847303	0.452451	0.0864516	0
3.63543	0.000826495	0.368664	0.0782181	0
3.63604	0.000815437	0.536238	0.094342	0
3.63582	0.000819363	0.385421	0.0799334	0
3.6356	0.000829505	0.552995	0.0957142	0
3.6366	0.000808108	0.418936	0.083364	0
3.63744	0.000807912	0.402178	0.0816487	0
3.63725	0.000834085	0.485966	0.0895391	0
3.63667	0.000830355	0.385421	0.0799334	0
3.63692	0.000829439	0.435693	0.0881669	0
3.6375	0.000854435	0.502723	0.0912544	0
3.63692	0.000823289	0.469208	0.0881669	0
3.63635	0.000830879	0.435693	0.0850793	0
3.63628	0.00082054	0.318391	0.0727291	0
3.63744	0.000834347	0.552995	0.0984587	0
3.63765	0.000835198	0.368664	0.0782181	0
3.63618	0.000820213	0.485966	0.0895391	0
3.63673	0.000818774	0.351906	0.0765028	0
3.63714	0.000816091	0.435693	0.0850793	0
3.63664	0.000810464	0.351906	0.0765028	0
3.63648	0.00081066	0.368664	0.0782181	0
3.63743	0.000822961	0.418936	0.083364	0
3.63653	0.000794563	0.284876	0.0689554	0
3.63672	0.000796134	0.351906	0.0765028	0
3.6381	0.00082355	0.519481	0.0926267	0
3.63672	0.000814979	0.301634	0.0706707	0
3.6363	0.000816353	0.402178	0.0816487	0
3.63793	0.000802612	0.385421	0.0799334	0
3.63806	0.000802481	0.452451	0.0864516	0
3.63741	0.000848219	0.536238	0.099831	0
3.6379	0.000829112	0.402178	0.0816487	0
3.6373	0.00085208	0.485966	0.0895391	0
3.63815	0.000840759	0.485966	0.0895391	0
3.63776	0.000863988	0.385421	0.0799334	0
3.63715	0.000816091	0.368664	0.0782181	0
3.63786	0.000778924	0.284876	0.0689554	0
3.63747	0.000789525	0.301634	0.0706707	0
3.63781	0.000819428	0.368664	0.0782181	0
3.63948	0.000822307	0.402178	0.0816487	0
3.64006	0.000830486	0.502723	0.0912544	0
3.63941	0.000814128	0.284876	0.0689554	0
3.63802	0.000862025	0.335149	0.0747875	0
3.63796	0.000823158	0.351906	0.0765028	0
3.63826	0.000798424	0.402178	0.0816487	0
3.6382	0.000800779	0.335149	0.0747875	0
3.63844	0.000798162	0.385421	0.0799334	0
3.63984	0.000838796	0.58651	0.0984587	0
3.63897	0.000806276	0.335149	0.0747875	0
3.63866	0.000810202	0.351906	0.0765028	0
3.6397	0.00086654	0.452451	0.0864516	0
3.63924	0.000822961	0.435693	0.0850793	0
3.63848	0.000839909	0.402178	0.0816487	0
3.63908	0.00081969	0.301634	0.0706707	0
3.63842	0.000823223	0.485966	0.0895391	0
3.63949	0.000827476	0.569753	0.099831	0
3.63927	0.00081367	0.301634	0.0706707	0
3.63825	0.000796788	0.318391	0.0727291	0
3.63902	0.000804836	0.351906	0.0765028	0
3.63952	0.000828523	0.402178	0.0816487	0
3.63982	0.000804705	0.335149	0.0782181	0
3.63922	0.000812165	0.552995	0.0957142	0
3.63897	0.00083487	0.385421	0.0799334	0
3.64022	0.000810464	0.385421	0.0799334	0
3.63946	0.000800452	0.217847	0.0603789	0
3.63958	0.000828785	0.418936	0.083364	0
3.64106	0.000866868	0.519481	0.0926267	0
3.63965	0.000830617	0.268119	0.066897	0
3.64007	0.000818512	0.485966	0.0926267	0
3.64115	0.000827476	0.351906	0.0765028	0
3.63938	0.000832318	0.385421	0.0799334	0
3.63898	0.000814848	0.452451	0.0864516	0
3.64055	0.000844227	0.536238	0.094342	0
3.63962	0.000843639	0.452451	0.0864516	0
3.63946	0.000837815	0.402178	0.0816487	0
3.63914	0.000782981	0.385421	0.0799334	0
3.63971	0.00082126	0.335149	0.0747875	0
3.64008	0.000795218	0.335149	0.0747875	0
3.63895	0.000786384	0.201089	0.0579774	0
3.63976	0.000819101	0.402178	0.0816487	0
3.64088	0.000837815	0.452451	0.0864516	0
3.64044	0.000844293	0.368664	0.0782181	0
3.63955	0.000803986	0.485966	0.0895391	0
3.63928	0.000809875	0.217847	0.0603789	0
3.6408	0.000812623	0.385421	0.0799334	0
3.64151	0.000817792	0.251362	0.0648387	0
3.63963	0.000797966	0.368664	0.0782181	0
3.64009	0.000798947	0.402178	0.0816487	0
3.64089	0.000816942	0.402178	0.0816487	0
3.64082	0.000816942	0.318391	0.0727291	0
3.64149	0.000812754	0.318391	0.0765028	0
3.64082	0.000813146	0.301634	0.0706707	0
3.64066	0.000820998	0.418936	0.083364	0
3.64128	0.000829636	0.385421	0.0799334	0
3.64167	0.000823354	0.217847	0.0603789	0
3.64159	0.000816549	0.603268	0.099831	0
3.64076	0.000827934	0.318391	0.0765028	0
3.64029	0.00081825	0.335149	0.0747875	0
3.64043	0.00081367	0.301634	0.0706707	0
3.64122	0.000819232	0.335149	0.0747875	0
3.64003	0.000806865	0.385421	0.0799334	0
3.641	0.000823092	0.284876	0.0689554	0
3.64102	0.000787365	0.418936	0.083364	0
3.64082	0.000802939	0.435693	0.0850793	0
3.6413	0.000799798	0.385421	0.0799334	0
3.64107	0.000825644	0.402178	0.0816487	0
3.64045	0.000786842	0.351906	0.0765028	0
3.64098	0.000812819	0.485966	0.0895391	0
3.64168	0.000820606	0.318391	0.0727291	0
3.64138	0.000794171	0.335149	0.0747875	0
3.64198	0.000805425	0.452451	0.0864516	0
3.64262	0.000825252	0.351906	0.0765028	0
3.64121	0.000827738	0.418936	0.083364	0
3.64112	0.000818839	0.351906	0.0765028	0
3.6428	0.000824139	0.335149	0.0747875	0
3.64266	0.000807061	0.368664	0.0782181	0
3.64281	0.00084992	0.418936	0.083364	0
3.64348	0.000820998	0.268119	0.066897	0
3.64324	0.000817661	0.335149	0.0747875	0
3.6426	0.000823027	0.402178	0.0816487	0
3.6436	0.000792208	0.301634	0.0706707	0
3.64232	0.000796919	0.217847	0.0603789	0
3.64193	0.000832057	0.418936	0.083364	0
3.64313	0.000813604	0.318391	0.0727291	0
3.64152	0.000785664	0.385421	0.0799334	0
3.64152	0.000793974	0.268119	0.066897	0
3.64161	0.000794629	0.284876	0.0689554	0
3.64195	0.000815437	0.268119	0.066897	0
3.64223	0.000796264	0.402178	0.0816487	0
3.64249	0.000795872	0.385421	0.0799334	0
3.6423	0.000807781	0.385421	0.0799334	0
3.64217	0.000786122	0.268119	0.066897	0
3.64222	0.000804705	0.234604	0.0624372	0
3.64393	0.000825906	0.385421	0.0799334	0
3.6432	0.000798947	0.351906	0.0765028	0
3.64268	0.000796134	0.268119	0.066897	0
3.64313	0.000824139	0.335149	0.0747875	0
3.64431	0.000806865	0.418936	0.083364	0
3.64451	0.000775391	0.368664	0.0782181	0
3.64435	0.000816222	0.335149	0.0747875	0
3.64323	0.000802742	0.335149	0.0747875	0
3.64373	0.00079103	0.301634	0.0706707	0
3.64343	0.000800845	0.284876	0.0689554	0
3.64297	0.000784159	0.234604	0.0624372	0
3.64375	0.000796788	0.368664	0.0816487	0
3.64334	0.000819559	0.402178	0.0816487	0
3.64347	0.000796984	0.318391	0.0727291	0
3.64442	0.00079332	0.234604	0.0624372	0
3.64407	0.000812427	0.335149	0.0782181	0
3.64355	0.000796984	0.335149	0.0747875	0
3.64266	0.000790703	0.335149	0.0747875	0
3.64417	0.0007873	0.351906	0.0765028	0
3.64404	0.000794563	0.284876	0.0689554	0
3.64404	0.000789263	0.418936	0.083364	0
3.64408	0.000779252	0.318391	0.0727291	0
3.64327	0.000787496	0.268119	0.066897	0
3.64367	0.000796657	0.351906	0.0765028	0
3.64452	0.000810006	0.301634	0.0706707	0
3.64564	0.000770811	0.318391	0.0727291	0
3.64504	0.000791619	0.301634	0.0706707	0
3.64533	0.000808566	0.485966	0.0895391	0
3.64501	0.000840629	0.351906	0.0765028	0
3.64449	0.000793254	0.318391	0.0727291	0
3.64474	0.000820148	0.368664	0.0782181	0
3.64547	0.000835198	0.552995	0.0984587	0
3.64568	0.000824336	0.301634	0.0706707	0
3.64459	0.000772577	0.268119	0.066897	0
3.645	0.000793058	0.268119	0.066897	0
3.64563	0.000783243	0.284876	0.0689554	0
3.64482	0.000789656	0.284876	0.0689554	0
3.64629	0.000790114	0.385421	0.0799334	0
3.64538	0.000777812	0.201089	0.0579774	0
3.64477	0.00078573	0.301634	0.0706707	0
3.64678	0.000795806	0.251362	0.0648387	0
3.64661	0.000784814	0.351906	0.0765028	0
3.6457	0.000773428	0.217847	0.0603789	0
3.64574	0.000789459	0.385421	0.0799334	0
3.64698	0.000795806	0.318391	0.0727291	0
3.64694	0.000820148	0.402178	0.0816487	0
3.64683	0.000818381	0.368664	0.0782181	0
3.64587	0.000794432	0.251362	0.0648387	0
3.64544	0.000778205	0.301634	0.0706707	0
3.645	0.000796199	0.268119	0.066897	0
3.64628	0.000792208	0.335149	0.0747875	0
3.64672	0.000788609	0.217847	0.0603789	0
3.64667	0.000767081	0.301634	0.0706707	0
3.64701	0.00079862	0.351906	0.0765028	0
3.64581	0.000789198	0.251362	0.0648387	0
3.64633	0.000778336	0.284876	0.0689554	0
3.64615	0.00077441	0.217847	0.0603789	0
3.64648	0.000798424	0.268119	0.066897	0
3.64702	0.00077827	0.335149	0.0747875	0
3.64647	0.000788347	0.335149	0.0747875	0
3.64672	0.000772054	0.184332	0.055576	0
3.64666	0.000777747	0.301634	0.0706707	0
3.64765	0.000799536	0.318391	0.0727291	0
3.64706	0.000796264	0.318391	0.0727291	0
3.64625	0.00082126	0.351906	0.0765028	0
3.64598	0.000802415	0.284876	0.0689554	0
3.64596	0.000794759	0.301634	0.0706707	0
3.64765	0.0007979	0.335149	0.0747875	0
3.64745	0.000821064	0.301634	0.0706707	0
3.64696	0.000791161	0.234604	0.0624372	0
3.64747	0.000796134	0.335149	0.0782181	0
3.64794	0.000805752	0.385421	0.0799334	0
3.64776	0.000757724	0.134059	0.0473425	0
3.64745	0.000754845	0.301634	0.0706707	0
3.64754	0.000766296	0.201089	0.0579774	0
3.64727	0.000752816	0.251362	0.0648387	0
3.64752	0.000780037	0.201089	0.0579774	0
3.6486	0.000795414	0.485966	0.0895391	0
3.64862	0.00080608	0.402178	0.0816487	0
3.64888	0.000795348	0.385421	0.0799334	0
3.64783	0.000798162	0.318391	0.0727291	0
3.64771	0.000758247	0.201089	0.0579774	0
3.64859	0.000779186	0.184332	0.055576	0
3.64903	0.000768782	0.184332	0.055576	0
3.64821	0.000778466	0.385421	0.0799334	0
3.64815	0.000813408	0.268119	0.066897	0
3.64768	0.000831468	0.335149	0.0747875	0
3.64713	0.000811445	0.268119	0.066897	0
3.64767	0.000785795	0.234604	0.0624372	0
3.64789	0.000764398	0.268119	0.066897	0
3.6484	0.000799471	0.469208	0.0881669	0
3.64821	0.000766034	0.134059	0.0473425	0
3.64822	0.000790114	0.335149	0.0747875	0
3.64977	0.000763875	0.268119	0.066897	0
3.64912	0.000773166	0.351906	0.0765028	0
3.64999	0.000790048	0.368664	0.0782181	0
3.64896	0.000775849	0.201089	0.0579774	0
3.64861	0.000775784	0.201089	0.0579774	0
3.64946	0.000783505	0.318391	0.0727291	0
3.64997	0.000758705	0.234604	0.0624372	0
3.64975	0.00076767	0.284876	0.0689554	0
3.64892	0.000775195	0.251362	0.0648387	0
3.64848	0.000782065	0.268119	0.066897	0
3.64933	0.000789263	0.184332	0.055576	0
3.65034	0.000779448	0.251362	0.0648387	0
3.6499	0.000764071	0.284876	0.0689554	0
3.65026	0.000777485	0.284876	0.0689554	0
3.65115	0.000778663	0.301634	0.0706707	0
3.65075	0.000786842	0.234604	0.0624372	0
3.65048	0.000773493	0.351906	0.0765028	0
3.65017	0.000797246	0.251362	0.0648387	0
3.6502	0.000805818	0.284876	0.0689554	0
3.64999	0.000771203	0.268119	0.066897	0
3.64871	0.000752555	0.184332	0.055576	0
3.65007	0.000773363	0.268119	0.066897	0
3.65043	0.000793385	0.335149	0.0747875	0
3.65002	0.000804509	0.301634	0.0706707	0
3.65034	0.000809875	0.201089	0.0579774	0
3.65025	0.000757135	0.301634	0.0706707	0
3.65071	0.000768717	0.251362	0.0648387	0
3.6513	0.000768782	0.234604	0.0624372	0
3.65123	0.000766688	0.318391	0.0727291	0
3.65056	0.000774606	0.167574	0.0528315	0
3.65142	0.000801172	0.335149	0.0747875	0
3.65109	0.00082054	0.217847	0.0603789	0
3.65164	0.000798751	0.351906	0.0765028	0
3.65172	0.000800256	0.284876	0.0689554	0
3.65248	0.000833823	0.469208	0.0881669	0
3.65216	0.000799536	0.301634	0.0706707	0
3.65162	0.000767081	0.268119	0.066897	0
3.65198	0.000772054	0.201089	0.0579774	0
3.65207	0.000783309	0.351906	0.0765028	0
3.65207	0.000768128	0.251362	0.0648387	0
3.65228	0.000770156	0.234604	0.0624372	0
3.65224	0.000785272	0.251362	0.0648387	0
3.65273	0.000766688	0.368664	0.0782181	0
3.65224	0.000769764	0.268119	0.066897	0
3.65152	0.000779448	0.301634	0.0706707	0
3.65127	0.000784944	0.251362	0.0648387	0
3.65256	0.000792011	0.251362	0.0648387	0
3.65284	0.000770745	0.251362	0.0648387	0
3.65246	0.000776438	0.201089	0.0579774	0
3.65164	0.000765511	0.184332	0.055576	0
3.6527	0.000780691	0.335149	0.0747875	0
3.65168	0.000760145	0.150817	0.050087	0
3.65088	0.000767801	0.268119	0.066897	0
3.65205	0.000760668	0.167574	0.0528315	0
3.65316	0.000750003	0.201089	0.0579774	0
3.65347	0.000765511	0.284876	0.0689554	0
3.653	0.000771334	0.217847	0.0603789	0
3.65263	0.000757266	0.150817	0.050087	0
3.65401	0.000779448	0.335149	0.0747875	0
3.65415	0.000789198	0.284876	0.0689554	0
3.65357	0.000796984	0.184332	0.055576	0
3.65412	0.000802219	0.268119	0.066897	0
3.65351	0.000787235	0.167574	0.0528315	0
3.65365	0.000797769	0.284876	0.0689554	0
3.65323	0.000775587	0.234604	0.0624372	0
3.65282	0.000755957	0.217847	0.0603789	0
3.65336	0.000770942	0.217847	0.0603789	0
3.65429	0.000777289	0.234604	0.0624372	0
3.65383	0.000785926	0.335149	0.0747875	0
3.65373	0.000765969	0.134059	0.0473425	0
3.65349	0.000760538	0.251362	0.0648387	0
3.6537	0.000771923	0.251362	0.0648387	0
3.65242	0.000756612	0.117302	0.044255	0
3.65314	0.000737767	0.150817	0.050087	0
3.65466	0.000768651	0.217847	0.0603789	0
3.65424	0.0008032	0.268119	0.066897	0
3.65401	0.0007714	0.217847	0.0603789	0
3.65426	0.000761257	0.268119	0.066897	0
3.65349	0.000746208	0.234604	0.0624372	0
3.65575	0.000779055	0.284876	0.0689554	0
3.65423	0.000759883	0.134059	0.0473425	0
3.65397	0.000773624	0.268119	0.066897	0
3.65461	0.000810136	0.268119	0.066897	0
3.65478	0.00077827	0.201089	0.0579774	0
3.65408	0.000747189	0.201089	0.0579774	0
3.65516	0.000781149	0.234604	0.0624372	0
3.65619	0.000800387	0.301634	0.0706707	0
3.65545	0.000775391	0.335149	0.0747875	0
3.65531	0.000761977	0.184332	0.055576	0
3.65538	0.000769175	0.284876	0.0689554	0
3.65528	0.000770745	0.217847	0.0603789	0
3.65544	0.000743721	0.184332	0.055576	0
3.65507	0.000742151	0.217847	0.0603789	0
3.65531	0.000769764	0.268119	0.066897	0
3.65604	0.000781084	0.217847	0.0603789	0
3.65426	0.000764594	0.251362	0.0648387	0
3.65637	0.000780168	0.201089	0.0579774	0
3.65592	0.000775849	0.268119	0.066897	0
3.65575	0.00077827	0.268119	0.066897	0
3.65516	0.00076695	0.167574	0.0528315	0
3.65565	0.000770222	0.251362	0.0648387	0
3.65604	0.000761977	0.167574	0.0528315	0
3.65581	0.000774933	0.234604	0.0624372	0
3.65554	0.000778794	0.201089	0.0579774	0
3.6567	0.000761388	0.184332	0.055576	0
3.65733	0.00079103	0.234604	0.0624372	0
3.65654	0.000749806	0.167574	0.0528315	0
3.65654	0.000744114	0.251362	0.0648387	0
3.65687	0.000758836	0.150817	0.050087	0
3.65775	0.000781869	0.284876	0.0689554	0
3.6579	0.000775653	0.251362	0.0648387	0
3.65823	0.000798489	0.318391	0.0727291	0
3.65791	0.000763875	0.201089	0.0579774	0
3.65658	0.000764267	0.268119	0.066897	0
3.65792	0.000774737	0.217847	0.0603789	0
3.65814	0.000798882	0.351906	0.0765028	0
3.65747	0.00074732	0.150817	0.050087	0
3.65731	0.000754583	0.217847	0.0603789	0
3.65697	0.000772577	0.217847	0.0603789	0
3.65722	0.000781934	0.251362	0.0648387	0
3.65759	0.000777878	0.134059	0.0473425	0
3.65734	0.000759556	0.184332	0.055576	0
3.65754	0.000777616	0.217847	0.0603789	0
3.65825	0.000779317	0.268119	0.066897	0
3.65825	0.000745226	0.217847	0.0603789	0
3.6581	0.000738879	0.134059	0.0473425	0
3.65754	0.000740253	0.201089	0.0579774	0
3.65799	0.000770418	0.184332	0.055576	0
3.65863	0.000754452	0.268119	0.066897	0
3.65818	0.000762828	0.201089	0.0579774	0
3.6592	0.000781738	0.385421	0.083364	0
3.65883	0.000762893	0.217847	0.0603789	0
3.65809	0.000766688	0.234604	0.0624372	0
3.65824	0.000785795	0.217847	0.0603789	0
3.65831	0.000774148	0.217847	0.0603789	0
3.65908	0.000761323	0.0837872	0.0373937	0
3.65863	0.000764267	0.251362	0.0648387	0
3.65838	0.000744114	0.301634	0.0706707	0
3.65918	0.000759883	0.150817	0.050087	0
3.65959	0.000747974	0.217847	0.0603789	0
3.65886	0.000743721	0.150817	0.050087	0
3.66101	0.000741758	0.167574	0.0528315	0
3.66132	0.000773232	0.318391	0.0727291	0
3.66009	0.00075406	0.134059	0.0528315	0
3.65898	0.00076093	0.184332	0.055576	0
3.65958	0.000759491	0.167574	0.0528315	0
3.66025	0.000766492	0.268119	0.066897	0
3.65928	0.000771858	0.150817	0.050087	0
3.65957	0.000776831	0.201089	0.0579774	0
3.65968	0.000774475	0.217847	0.0603789	0
3.65991	0.000770942	0.234604	0.0624372	0
3.6604	0.000775129	0.234604	0.066897	0
3.65935	0.00076165	0.117302	0.044255	0
3.65993	0.000758575	0.234604	0.0624372	0
3.66023	0.000768848	0.217847	0.0603789	0
3.66003	0.000752097	0.201089	0.0579774	0
3.65982	0.000765576	0.201089	0.0579774	0
3.66064	0.000751769	0.117302	0.044255	0
3.66068	0.000754583	0.217847	0.0603789	0
3.66073	0.000755826	0.301634	0.0706707	0
3.66113	0.000771923	0.184332	0.055576	0
3.66007	0.000763351	0.117302	0.044255	0
3.6606	0.000746666	0.217847	0.0603789	0
3.66065	0.0007466	0.150817	0.050087	0
3.65979	0.000751181	0.150817	0.050087	0
3.66114	0.000756612	0.301634	0.0706707	0
3.66169	0.000770353	0.201089	0.0579774	0
3.66213	0.000768651	0.268119	0.066897	0
3.66159	0.000772643	0.184332	0.055576	0
3.66131	0.00075707	0.217847	0.0603789	0
3.66064	0.000728279	0.0837872	0.0373937	0
3.66119	0.000761977	0.234604	0.0624372	0
3.66171	0.000776111	0.217847	0.0603789	0
3.66234	0.000755695	0.217847	0.0603789	0
3.66182	0.00075406	0.184332	0.055576	0
3.66218	0.000763351	0.167574	0.0528315	0
3.66236	0.000793254	0.217847	0.0603789	0
3.66157	0.00077755	0.201089	0.0579774	0
3.66264	0.000766885	0.251362	0.0648387	0
3.66274	0.000779971	0.150817	0.050087	0
3.6628	0.000745357	0.134059	0.0473425	0
3.66293	0.000767081	0.201089	0.0624372	0
3.66335	0.000772577	0.284876	0.0689554	0
3.66314	0.000741038	0.251362	0.0648387	0
3.6624	0.000741496	0.201089	0.0579774	0
3.66221	0.000746208	0.150817	0.050087	0
3.66334	0.000761977	0.251362	0.0648387	0
3.66371	0.000748759	0.134059	0.0473425	0
3.66251	0.000736916	0.268119	0.066897	0
3.66335	0.000765772	0.150817	0.050087	0
3.66436	0.000786842	0.234604	0.0624372	0
3.66348	0.000768717	0.217847	0.0603789	0
3.6628	0.000726905	0.134059	0.0473425	0
3.66343	0.000751508	0.150817	0.050087	0
3.6651	0.000765707	0.234604	0.0624372	0
3.66418	0.000766165	0.150817	0.050087	0
3.66336	0.000740711	0.217847	0.0603789	0
3.66341	0.000750003	0.134059	0.0473425	0
3.66453	0.000784814	0.234604	0.0624372	0
3.66415	0.000759949	0.201089	0.0579774	0
3.66366	0.000752751	0.134059	0.0473425	0
3.66431	0.000761715	0.167574	0.0528315	0
3.66354	0.000765969	0.217847	0.0603789	0
3.66301	0.000751704	0.150817	0.050087	0
3.66339	0.00073456	0.117302	0.044255	0
3.66473	0.000758967	0.167574	0.0528315	0
3.66481	0.00076839	0.301634	0.0706707	0
3.66419	0.000773821	0.201089	0.0579774	0
3.66521	0.000746796	0.117302	0.044255	0
3.66519	0.000765641	0.268119	0.066897	0
3.66587	0.00076767	0.234604	0.0624372	0
3.66713	0.000762501	0.335149	0.0782181	0
3.66583	0.000751573	0.201089	0.0579774	0
3.66537	0.000750003	0.167574	0.0528315	0
3.66551	0.000750853	0.150817	0.050087	0
3.66476	0.000752358	0.335149	0.0747875	0
3.66518	0.000754845	0.201089	0.0579774	0
3.66535	0.000737701	0.217847	0.0603789	0
3.66488	0.000761519	0.117302	0.044255	0
3.66403	0.000739599	0.117302	0.044255	0
3.66529	0.000753929	0.217847	0.0603789	0
3.66603	0.000773101	0.217847	0.0603789	0
3.66579	0.000754321	0.100545	0.0411674	0
3.66495	0.000741104	0.117302	0.044255	0
3.6663	0.000747582	0.134059	0.0473425	0
3.66661	0.000746535	0.134059	0.0473425	0
3.66489	0.000741562	0.117302	0.044255	0
3.66502	0.000752816	0.100545	0.0411674	0
3.66633	0.000738028	0.217847	0.0603789	0
3.66561	0.000765641	0.184332	0.055576	0
3.66673	0.000770876	0.318391	0.0727291	0
3.66744	0.000744506	0.134059	0.0473425	0
3.66645	0.000743525	0.167574	0.0528315	0
3.66787	0.000737439	0.100545	0.0411674	0
3.66725	0.000742282	0.150817	0.050087	0
3.66702	0.000754976	0.184332	0.055576	0
3.66694	0.000747124	0.150817	0.050087	0
3.66751	0.000764529	0.184332	0.055576	0
3.6671	0.000780822	0.268119	0.066897	0
3.66744	0.000766885	0.184332	0.055576	0
3.66723	0.000739533	0.117302	0.044255	0
3.66769	0.000733906	0.0837872	0.0373937	0
3.66832	0.000743001	0.201089	0.0579774	0
3.6689	0.00075105	0.251362	0.0648387	0
3.66796	0.000748825	0.201089	0.0579774	0
3.66823	0.000738879	0.150817	0.050087	0
3.66762	0.00073227	0.117302	0.044255	0
3.66718	0.000737047	0.134059	0.0473425	0
3.66835	0.00074804	0.167574	0.0528315	0
3.66909	0.000790375	0.217847	0.0603789	0
3.66818	0.000796788	0.167574	0.0528315	0
3.66832	0.00076093	0.201089	0.0579774	0
3.66834	0.000720427	0.201089	0.0579774	0
3.66773	0.000755499	0.117302	0.044255	0
3.6687	0.000755892	0.167574	0.0528315	0
3.66956	0.000752293	0.201089	0.0579774	0
3.66891	0.000763613	0.201089	0.0579774	0
3.6691	0.000768062	0.217847	0.0603789	0
3.66953	0.000784748	0.268119	0.066897	0
3.66899	0.000749806	0.100545	0.0411674	0
3.66859	0.000738355	0.201089	0.0579774	0
3.66899	0.00074274	0.117302	0.044255	0
3.66922	0.000737047	0.167574	0.0528315	0
3.66995	0.000742936	0.134059	0.0473425	0
3.66949	0.000775456	0.201089	0.0579774	0
3.66957	0.000772054	0.251362	0.0648387	0
3.66976	0.000740122	0.150817	0.050087	0
3.66974	0.000759818	0.134059	0.0473425	0
3.66916	0.000773232	0.201089	0.0579774	0
3.6708	0.000739795	0.201089	0.0579774	0
3.66995	0.000758313	0.217847	0.0603789	0
3.66833	0.000735149	0.134059	0.0473425	0
3.66975	0.000747909	0.0837872	0.0373937	0
3.67021	0.000757528	0.268119	0.066897	0
3.66942	0.00073371	0.0837872	0.0373937	0
3.66937	0.000719969	0.0670297	0.0336201	0
3.66959	0.000729522	0.117302	0.044255	0
3.6701	0.000734429	0.117302	0.044255	0
3.66996	0.000724222	0.117302	0.044255	0
3.67068	0.000774998	0.201089	0.0579774	0
3.67231	0.000767146	0.184332	0.055576	0
3.67181	0.000760734	0.184332	0.055576	0
3.67143	0.000761846	0.184332	0.055576	0
3.67215	0.000744506	0.0837872	0.0373937	0
3.67157	0.00075033	0.201089	0.0579774	0
3.67144	0.000745488	0.117302	0.044255	0
3.67221	0.000758836	0.184332	0.055576	0
3.67284	0.000763155	0.184332	0.055576	0
3.67163	0.000767801	0.167574	0.0528315	0
3.67155	0.000745226	0.0670297	0.0336201	0
3.67082	0.000699357	0.150817	0.050087	0
3.67111	0.000705115	0.0837872	0.0373937	0
3.67202	0.000731747	0.201089	0.0579774	0
3.67217	0.000745946	0.184332	0.055576	0
3.67233	0.000749021	0.184332	0.055576	0
3.67202	0.00073142	0.150817	0.050087	0
3.67161	0.000736851	0.117302	0.044255	0
3.67094	0.00073757	0.184332	0.055576	0
3.67045	0.00072468	0.184332	0.055576	0
3.67275	0.000750199	0.117302	0.044255	0
3.67329	0.000732663	0.201089	0.0579774	0
3.67188	0.00074359	0.117302	0.044255	0
3.67219	0.000737636	0.184332	0.055576	0
3.67443	0.000756481	0.184332	0.055576	0
3.6735	0.0007466	0.184332	0.055576	0
3.67288	0.00076466	0.134059	0.0473425	0
3.67291	0.000740253	0.134059	0.0473425	0
3.67299	0.000728148	0.117302	0.044255	0
0	0	0	0	0
0	0	0	0	0
0	0	0	0	0
0	0	0	0	0
0	0	0	0	0
0	0	0	0	0
0	0	0	0	0
0	0	0	0	0
0	0	0	0	0
0	0	0	0	0
0	0	0	0	0
0	0	0	0	0
0	0	0	0	0
0	0	0	0	0
0	0	0	0	0
0	0	0	0	0
0	0	0	0	0
0	0	0	0	0
0	0	0	0	0
0	0	0	0	0
0	0	0	0	0
0	0	0	0	0
0	0	0	0	0
0	0	0	0	0
0	0	0	0	0
0	0	0	0	0
0	0	0	0	0
0	0	0	0	0
0	0	0	0	0
0	0	0	0	0
0	0	0	0	0
0	0	0	0	0
0	0	0	0	0
0	0	0	0	0
0	0	0	0	0
0	0	0	0	0
0	0	0	0	0
0	0	0	0	0
0	0	0	0	0
0	0	0	0	0
0	0	0	0	0
0	0	0	0	0
0	0	0	0	0
0	0	0	0	0
0	0	0	0	0
0	0	0	0	0
0	0	0	0	0
0	0	0	0	0
0	0	0	0	0
0	0	0	0	0
0	0	0	0	0
0	0	0	0	0
0	0	0	0	0
0	0	0	0	0
0	0	0	0	0
0	0	0	0	0
0	0	0	0	0
0	0	0	0	0
0	0	0	0	0
0	0	0	0	0
0	0	0	0	0
0	0	0	0	0
0	0	0	0	0
0	0	0	0	0
0	0	0	0	0
0	0	0	0	0
0	0	0	0	0
0	0	0	0	0
0	0	0	0	0
0	0	0	0	0
0	0	0	0	0
0	0	0	0	0
0	0	0	0	0
0	0	0	0	0
0	0	0	0	0
0	0	0	0	0
0	0	0	0	0
0	0	0	0	0
0	0	0	0	0
0	0	0	0	0
0	0	0	0	0
0	0	0	0	0
0	0	0	0	0
0	0	0	0	0
0	0	0	0	0
0	0	0	0	0
0	0	0	0	0
0	0	0	0	0
0	0	0	0	0
0	0	0	0	0
0	0	0	0	0
0	0	0	0	0
0	0	0	0	0
0	0	0	0	0
0	0	0	0	0
0	0	0	0	0
0	0	0	0	0
0	0	0	0	0
0	0	0	0	0
0	0	0	0	0
0	0	0	0	0
0	0	0	0	0
0	0	0	0	0
0	0	0	0	0
0	0	0	0	0
0	0	0	0	0
0	0	0	0	0
0	0	0	0	0
0	0	0	0	0
0	0	0	0	0
0	0	0	0	0
0	0	0	0	0
0	0	0	0	0
0	0	0	0	0
0	0	0	0	0
0	0	0	0	0
0	0	0	0	0
0	0	0	0	0
0	0	0	0	0
0	0	0	0	0
0	0	0	0	0
0	0	0	0	0
0	0	0	0	0
0	0	0	0	0
0	0	0	0	0
0	0	0	0	0
0	0	0	0	0
0	0	0	0	0
0	0	0	0	0
0	0	0	0	0
0	0	0	0	0
0	0	0	0	0
0	0	0	0	0
0	0	0	0	0
0	0	0	0	0
0	0	0	0	0
0	0	0	0	0
0	0	0	0	0
0	0	0	0	0
0	0	0	0	0
0	0	0	0	0
0	0	0	0	0
0	0	0	0	0
0	0	0	0	0
0	0	0	0	0
0	0	0	0	0
0	0	0	0	0
0	0	0	0	0
0	0	0	0	0
0	0	0	0	0
0	0	0	0	0
0	0	0	0	0
0	0	0	0	0
0	0	0	0	0
0	0	0	0	0
0	0	0	0	0
0	0	0	0	0
0	0	0	0	0
0	0	0	0	0
0	0	0	0	0
0	0	0	0	0
0	0	0	0	0
0	0	0	0	0
0	0	0	0	0
0	0	0	0	0
0	0	0	0	0
0	0	0	0	0
0	0	0	0	0
0	0	0	0	0
0	0	0	0	0
0	0	0	0	0
0	0	0	0	0
0	0	0	0	0
0	0	0	0	0
0	0	0	0	0
0	0	0	0	0
0	0	0	0	0
0	0	0	0	0
0	0	0	0	0
0	0	0	0	0
0	0	0	0	0
0	0	0	0	0
0	0	0	0	0
0	0	0	0	0
0	0	0	0	0
0	0	0	0	0
0	0	0	0	0
0	0	0	0	0
0	0	0	0	0
0	0	0	0	0
0	0	0	0	0
0	0	0	0	0
0	0	0	0	0
0	0	0	0	0
0	0	0	0	0
0	0	0	0	0
0	0	0	0	0
0	0	0	0	0
0	0	0	0	0
0	0	0	0	0
0	0	0	0	0
0	0	0	0	0
0	0	0	0	0
0	0	0	0	0
0	0	0	0	0
0	0	0	0	0
0	0	0	0	0
0	0	0	0	0
0	0	0	0	0
0	0	0	0	0
0	0	0	0	0
0	0	0	0	0
0	0	0	0	0
0	0	0	0	0
0	0	0	0	0
0	0	0	0	0
0	0	0	0	0
0	0	0	0	0
0	0	0	0	0
0	0	0	0	0
0	0	0	0	0
0	0	0	0	0
0	0	0	0	0
0	0	0	0	0
0	0	0	0	0
0	0	0	0	0
0	0	0	0	0
0	0	0	0	0
0	0	0	0	0
0	0	0	0	0
0	0	0	0	0
0	0	0	0	0
0	0	0	0	0
0	0	0	0	0
0	0	0	0	0
0	0	0	0	0
0	0	0	0	0
0	0	0	0	0
0	0	0	0	0
0	0	0	0	0
0	0	0	0	0
0	0	0	0	0
0	0	0	0	0
0	0	0	0	0
0	0	0	0	0
0	0	0	0	0
0	0	0	0	0
0	0	0	0	0
0	0	0	0	0
0	0	0	0	0
0	0	0	0	0
0	0	0	0	0
0	0	0	0	0
0	0	0	0	0
0	0	0	0	0
0	0	0	0	0
0	0	0	0	0
0	0	0	0	0
0	0	0	0	0
0	0	0	0	0
0	0	0	0	0
0	0	0	0	0
0	0	0	0	0
0	0	0	0	0
0	0	0	0	0
0	0	0	0	0
0	0	0	0	0
0	0	0	0	0
0	0	0	0	0
0	0	0	0	0
0	0	0	0	0
0	0	0	0	0
0	0	0	0	0
0	0	0	0	0
0	0	0	0	0
0	0	0	0	0
0	0	0	0	0
0	0	0	0	0
0	0	0	0	0
0	0	0	0	0
0	0	0	0	0
0	0	0	0	0
0	0	0	0	0
0	0	0	0	0
0	0	0	0	0
0	0	0	0	0
0	0	0	0	0
0	0	0	0	0
0	0	0	0	0
0	0	0	0	0
0	0	0	0	0
0	0	0	0	0
0	0	0	0	0
0	0	0	0	0
0	0	0	0	0
0	0	0	0	0
0	0	0	0	0
0	0	0	0	0
0	0	0	0	0
0	0	0	0	0
0	0	0	0	0
0	0	0	0	0
0	0	0	0	0
0	0	0	0	0
0	0	0	0	0
0	0	0	0	0
0	0	0	0	0
0	0	0	0	0
0	0	0	0	0
0	0	0	0	0
0	0	0	0	0
0	0	0	0	0
0	0	0	0	0
0	0	0	0	0
0	0	0	0	0
0	0	0	0	0
0	0	0	0	0
0	0	0	0	0
0	0	0	0	0
0	0	0	0	0
0	0	0	0	0
0	0	0	0	0
0	0	0	0	0
0	0	0	0	0
0	0	0	0	0
0	0	0	0	0
0	0	0	0	0
0	0	0	0	0
0	0	0	0	0
0	0	0	0	0
0	0	0	0	0
0	0	0	0	0
0	0	0	0	0
0	0	0	0	0
0	0	0	0	0
0	0	0	0	0
0	0	0	0	0
0	0	0	0	0
0	0	0	0	0
0	0	0	0	0
0	0	0	0	0
0	0	0	0	0
0	0	0	0	0
0	0	0	0	0
0	0	0	0	0
0	0	0	0	0
0	0	0	0	0
0	0	0	0	0
0	0	0	0	0
0	0	0	0	0
0	0	0	0	0
0	0	0	0	0
0	0	0	0	0
0	0	0	0	0
0	0	0	0	0
0	0	0	0	0
0	0	0	0	0
0	0	0	0	0
0	0	0	0	0
0	0	0	0	0
0	0	0	0	0
0	0	0	0	0
0	0	0	0	0
0	0	0	0	0
0	0	0	0	0
0	0	0	0	0
0	0	0	0	0
0	0	0	0	0
0	0	0	0	0
0	0	0	0	0
0	0	0	0	0
0	0	0	0	0
0	0	0	0	0
0	0	0	0	0
0	0	0	0	0
0	0	0	0	0
0	0	0	0	0
0	0	0	0	0
0	0	0	0	0
0	0	0	0	0
0	0	0	0	0
0	0	0	0	0
0	0	0	0	0
0	0	0	0	0
0	0	0	0	0
0	0	0	0	0
0	0	0	0	0
0	0	0	0	0
0	0	0	0	0
0	0	0	0	0
0	0	0	0	0
0	0	0	0	0
0	0	0	0	0
0	0	0	0	0
0	0	0	0	0
0	0	0	0	0
0	0	0	0	0
0	0	0	0	0
0	0	0	0	0
0	0	0	0	0
