a2610707.350162
Narit-cm 07/01/2026 07:05:01 07/01/2026 07:35:01 0045 0013.384714 0052.542598 00.0 00.0
0002383 0010 0000000 0010 05 0000000 0010 0000000 0010
1 0 1 01600 1 0000 3.75 00000.o 0 0 01 000 16 002383 0.500 BT0
1 2 1 02000 1 0000 3.75 00000.o 0 0 01 000 16 002383 0.500 S2A0
1 1 1 01600 1 0000 3.75 00000.o 0 0 00 000 00 002383 3.1746 BC0
1 3 1 02000 1 0000 3.75 00000.o 0 0 00 000 00 002383 3.1746 S2P0
1 5 0 01600 0 0000 1.00 00000.o 0 0 00 000 00 000000 0.000 OF0
0.000 .o Analog 0 	0.000 .o Analog StErr 0 	0.000 .o Photon Counting 0 	0.000 .o PC StErr 0 	0.000 .o Overflow Info 0 
37.1752	0.218939	169.484	0.884578	0
86.5541	0.476064	192.883	0.868069	0
304.197	2.25393	112.463	1.36814	0
474.289	0.0382967	1.10785	0.134475	0
473.457	0	0	0	0
473.457	0	0.15107	0.0502132	0
473.457	0	27.243	0.69026	0
473.457	6.42867E-6	9.66849	0.460517	0
473.457	6.42867E-6	1.79606	0.222864	0
473.457	0	6.09316	0.361466	0
473.457	6.42867E-6	26.0344	0.693355	0
473.457	6.42867E-6	82.2661	0.993602	0
473.457	6.42867E-6	145.178	1.03625	0
473.457	0	117.415	1.07614	0
473.457	0	72.329	0.900742	0
473.457	0	66.5212	0.861879	0
473.457	6.42867E-6	84.4817	0.908997	0
473.457	0	104.809	0.935479	0
473.457	6.42867E-6	116.811	0.942357	0
473.457	0	110.818	0.903494	0
473.457	0	118.674	0.925505	0
473.457	0	140.076	0.930664	0
473.457	0	163.021	0.922754	0
473.457	6.42867E-6	180.26	0.906933	0
473.457	0	191.809	0.870133	0
473.457	0	199.664	0.907621	0
473.457	6.42867E-6	202.283	0.88217	0
473.457	0	203.81	0.83918	0
473.457	0	203.223	0.885266	0
473.457	0	203.407	0.885954	0
473.457	0	203.559	0.899711	0
473.457	0	202.619	0.86635	0
473.471	0.00689363	199.597	0.88389	0
475.011	0.120527	199.228	0.900742	1
481.546	0.233451	198.12	0.882514	1
498.068	0.127357	198.842	0.881482	1
500	0	199.765	0.879075	1
500	0	199.564	0.881482	1
500	0	200.336	0.892488	1
499.418	0.0670155	202.031	0.890768	1
494.768	0.276488	200.688	0.883202	1
474.446	0.554059	200.571	0.870477	1
432.723	0.615996	198.64	0.889049	1
389.791	0.580283	200.52	0.870477	0
349.417	0.580525	202.232	0.876324	0
309.716	0.581364	201.091	0.878043	0
271.178	0.575188	198.741	0.869101	0
233.686	0.571661	200.47	0.889049	0
197.351	0.552218	199.312	0.860159	0
163.474	0.513319	200.453	0.847434	0
133.157	0.464048	200.269	0.895583	0
106.902	0.409942	201.611	0.900054	0
84.6907	0.354257	200.05	0.882514	0
66.4503	0.29726	200.185	0.888705	0
51.9855	0.245652	198.254	0.892144	0
40.8294	0.201056	195.669	0.855	0
32.3832	0.162943	195.535	0.870477	0
25.9334	0.13053	194.209	0.887673	0
21.1014	0.104744	193.151	0.857752	0
17.5511	0.0829892	191.758	0.855	0
14.9665	0.0665203	190.382	0.861879	0
13.145	0.0540067	188.67	0.846058	0
11.826	0.0452635	187.243	0.863942	0
10.8742	0.0388795	185.296	0.847434	0
10.2107	0.0359354	183.013	0.853624	0
9.72099	0.0325119	184.49	0.840211	0
9.34429	0.0306295	181.922	0.868069	0
9.08246	0.0292953	179.706	0.850185	0
8.87617	0.0283834	177.742	0.850185	0
8.78106	0.0268132	177.809	0.838492	0
8.82962	0.025132	178.044	0.833333	0
8.86255	0.0257779	174.755	0.847434	0
8.84719	0.0260533	174.57	0.84537	0
8.82404	0.0262304	173.747	0.844682	0
8.76967	0.0258481	172.707	0.839867	0
8.68839	0.0250819	170.457	0.874604	0
8.57907	0.0243561	171.465	0.846058	0
8.49584	0.0243887	169.92	0.87598	0
8.44551	0.0247743	169.685	0.822327	0
8.40931	0.0244335	166.362	0.83574	0
8.37098	0.0236455	168.896	0.82783	0
8.47355	0.0240337	166.345	0.855	0
8.63112	0.0236873	166.58	0.858439	0
8.63676	0.0233907	165.522	0.853968	0
8.67407	0.0233896	166.664	0.825766	0
8.76965	0.0231414	163.978	0.855688	0
8.79203	0.0231373	166.076	0.844682	0
8.83561	0.0231205	164.582	0.861879	0
8.87276	0.0221374	165.539	0.854312	0
8.85	0.022474	163.189	0.864286	0
8.8529	0.0223123	163.777	0.855	0
8.89926	0.0225897	162.518	0.831269	0
8.9318	0.0221799	162.384	0.836772	0
8.92997	0.0219693	162.149	0.825423	0
8.96275	0.0224085	162.719	0.841243	0
9.02475	0.0217747	161.863	0.851561	0
9.0294	0.0214811	161.259	0.841243	0
9.03282	0.0213997	160.47	0.838492	0
9.11524	0.0212353	160.974	0.853281	0
9.13465	0.0215206	160.235	0.850185	0
9.11228	0.0215347	159.178	0.834021	0
9.1724	0.0214802	159.194	0.855344	0
9.25011	0.0208196	160.168	0.853624	0
9.31987	0.020583	161.057	0.876324	0
9.38008	0.0210829	159.648	0.842963	0
9.41	0.0208645	159.866	0.840211	0
9.44298	0.0206878	159.194	0.863942	0
9.45442	0.0204983	158.691	0.849841	0
9.40476	0.0202138	160.403	0.857408	0
9.38082	0.0201212	158.355	0.834709	0
9.3458	0.0200717	158.439	0.843307	0
9.2708	0.0200416	158.355	0.859815	0
9.25246	0.0197763	156.542	0.855344	0
9.26062	0.0197289	157.818	0.854656	0
9.23818	0.0196596	156.123	0.844682	0
9.24049	0.0197334	157.549	0.809258	0
9.28441	0.0190782	156.928	0.831957	0
9.2995	0.0187751	157.13	0.858439	0
9.31022	0.0187354	156.559	0.826798	0
9.34581	0.0194089	155.955	0.874604	0
9.3745	0.0193496	156.24	0.848809	0
9.38485	0.0196833	157.449	0.850873	0
9.37252	0.0196587	154.175	0.859471	0
9.36088	0.01885	155.199	0.848466	0
9.36795	0.0191337	153.907	0.859815	0
9.35913	0.018608	155.031	0.836084	0
9.36574	0.0185716	153.437	0.857064	0
9.41722	0.0187013	154.763	0.860159	0
9.50058	0.0195272	154.729	0.848122	0
9.54754	0.0198595	156.005	0.850185	0
9.61015	0.0193996	155.888	0.823703	0
9.58152	0.0192387	153.957	0.851905	0
9.46104	0.0187124	152.53	0.849497	0
9.42013	0.0187724	153.101	0.847778	0
9.41346	0.0181222	154.108	0.838148	0
9.42473	0.018602	152.379	0.845714	0
9.47297	0.018403	154.31	0.834365	0
9.50152	0.0183297	151.943	0.833677	0
9.52173	0.0184569	152.312	0.876667	0
9.53299	0.0185334	153.823	0.838492	0
9.52827	0.0181681	152.396	0.82611	0
9.53946	0.0179735	153.286	0.854312	0
9.54004	0.0180054	152.967	0.862223	0
9.49318	0.0177287	152.53	0.847778	0
9.44599	0.0183167	151.037	0.850873	0
9.43044	0.0181392	150.835	0.838148	0
9.41737	0.0181879	152.279	0.846402	0
9.40703	0.0178449	151.238	0.854656	0
9.38436	0.0185477	150.567	0.841931	0
9.35435	0.0179307	151.708	0.845714	0
9.30624	0.0178401	150.499	0.865662	0
9.27668	0.0174859	150.969	0.862567	0
9.24177	0.0178188	149.694	0.857408	0
9.11209	0.0174466	147.008	0.832989	0
8.98316	0.0172964	148.133	0.844338	0
8.91548	0.0174914	149.492	0.845714	0
8.84541	0.0173884	146.387	0.853281	0
8.80175	0.0167509	146.337	0.857408	0
8.77458	0.0167685	146.001	0.844338	0
8.70398	0.0168299	145.078	0.855688	0
8.6789	0.0165947	144.49	0.843307	0
8.69475	0.0162458	146.32	0.847434	0
8.64142	0.0157169	143.869	0.850873	0
8.57384	0.0161705	143.433	0.827142	0
8.54627	0.0161931	143.886	0.836428	0
8.52364	0.0160184	144.188	0.853624	0
8.52415	0.0160233	145.01	0.849497	0
8.52107	0.016368	142.963	0.838836	0
8.48552	0.0161715	142.543	0.849841	0
8.45876	0.0160223	143.214	0.831613	0
8.43324	0.0156635	143.819	0.84537	0
8.39918	0.0153027	141.737	0.852593	0
8.37252	0.0156162	141.972	0.813729	0
8.34775	0.0155465	140.529	0.859471	0
8.32098	0.0155605	139.152	0.857752	0
8.28735	0.0155666	140.311	0.85672	0
8.24628	0.0153263	140.932	0.830237	0
8.22695	0.0154913	140.646	0.849497	0
8.20745	0.0149501	139.387	0.841243	0
8.16469	0.0151625	138.363	0.841243	0
8.12947	0.0151566	137.927	0.841931	0
8.10071	0.0154617	137.843	0.855344	0
8.076	0.0153328	137.306	0.849153	0
8.07119	0.0149026	137.692	0.825079	0
8.04073	0.0147791	136.316	0.860503	0
8.02373	0.0149377	137.037	0.827486	0
8.01192	0.0150706	136.299	0.859127	0
7.96466	0.0147521	137.071	0.843995	0
7.93673	0.014458	135.141	0.866694	0
7.90651	0.0145512	136.064	0.853968	0
7.86703	0.0141353	134.553	0.83918	0
7.83358	0.0139019	135.04	0.842619	0
7.81851	0.0144188	135.862	0.850873	0
7.80833	0.0144465	134.637	0.83746	0
7.76386	0.0143018	135.258	0.839867	0
7.73486	0.0142713	133.848	0.839867	0
7.74935	0.0142153	136.047	0.847778	0
7.72726	0.0143218	133.294	0.838492	0
7.67606	0.0140716	133.042	0.841931	0
7.66816	0.0141365	133.193	0.841243	0
7.64773	0.0143066	133.512	0.836084	0
7.61586	0.0142039	130.81	0.861879	0
7.58361	0.0138909	132.035	0.847434	0
7.5438	0.0141893	131.263	0.838148	0
7.53623	0.0136358	131.481	0.843307	0
7.52666	0.0137449	129.87	0.831957	0
7.49852	0.0138336	129.618	0.834709	0
7.49041	0.0134206	130.692	0.833677	0
7.48707	0.013613	130.306	0.830237	0
7.45392	0.0133964	129.887	0.832301	0
7.42437	0.0134431	128.309	0.832645	0
7.3874	0.0132621	128.309	0.83746	0
7.36444	0.0133356	129.601	0.869445	0
7.3745	0.0134186	128.141	0.851905	0
7.33948	0.0136913	129.182	0.850185	0
7.31455	0.0135004	127.016	0.835396	0
7.31459	0.0131188	127.134	0.841243	0
7.27614	0.0131584	126.714	0.823015	0
7.24701	0.0131214	125.321	0.841931	0
7.24013	0.0129685	126.093	0.83746	0
7.21602	0.0128572	125.959	0.843995	0
7.18812	0.0131454	127.134	0.844682	0
7.17188	0.0131399	126.379	0.850873	0
7.15166	0.0129457	125.136	0.855	0
7.13366	0.0127886	124.415	0.841243	0
7.1191	0.0127723	125.455	0.832989	0
7.12578	0.0128094	125.69	0.834365	0
7.12965	0.0125787	125.59	0.82783	0
7.0968	0.0130795	123.525	0.884234	0
7.06133	0.0127578	123.592	0.845026	0
7.04005	0.0122511	122.652	0.82611	0
7.01973	0.0125254	124.163	0.840555	0
7.00286	0.012324	123.34	0.84709	0
6.9855	0.0129111	123.072	0.848466	0
6.98077	0.0125875	123.794	0.856032	0
6.96147	0.0122945	121.192	0.82783	0
6.93428	0.0121986	122.635	0.849497	0
6.92558	0.0124551	121.914	0.833677	0
6.9216	0.0125379	122.568	0.848122	0
6.8993	0.0127591	120.067	0.84537	0
6.86943	0.0119359	121.544	0.838148	0
6.86607	0.0123045	120.084	0.854312	0
6.85326	0.0123873	120.336	0.83918	0
6.83662	0.0121512	120.705	0.847434	0
6.83176	0.0116731	121.057	0.840211	0
6.83853	0.0118269	121.108	0.848122	0
6.82681	0.0119901	121.057	0.860847	0
6.79898	0.0119092	120.504	0.856032	0
6.77895	0.0118044	119.429	0.850185	0
6.77318	0.0119618	120.218	0.848122	0
6.76022	0.0118482	118.456	0.841931	0
6.72874	0.0118076	118.338	0.838836	0
6.70687	0.0116558	118.791	0.83574	0
6.70104	0.0117829	117.784	0.851217	0
6.70061	0.0115161	118.556	0.830581	0
6.68981	0.0117502	117.768	0.832989	0
6.67572	0.0118022	117.902	0.832301	0
6.65938	0.011995	117.197	0.841931	0
6.62966	0.0118185	115.619	0.841931	0
6.60871	0.011461	118.12	0.832645	0
6.60736	0.0115333	117.197	0.83574	0
6.59521	0.011428	116.475	0.82783	0
6.59726	0.0115736	117.046	0.848466	0
6.59191	0.0112485	117.146	0.848466	0
6.57155	0.0113294	117.046	0.838148	0
6.55352	0.0114614	114.31	0.846746	0
6.53544	0.0113425	116.509	0.836772	0
6.52644	0.011533	113.907	0.840211	0
6.52128	0.0116981	115.166	0.839523	0
6.54098	0.0112388	115.888	0.83746	0
6.52646	0.0114633	114.024	0.839523	0
6.49564	0.0115166	114.343	0.855	0
6.50074	0.0113305	113.907	0.82955	0
6.4937	0.0112626	113.47	0.843307	0
6.46868	0.0111207	114.36	0.833677	0
6.43713	0.0112165	112.43	0.859127	0
6.41033	0.0108527	112.765	0.832301	0
6.42607	0.0111392	112.984	0.832301	0
6.43575	0.0113346	113.705	0.870133	0
6.42356	0.0112414	112.9	0.835052	0
6.41682	0.0110979	113.689	0.850873	0
6.40831	0.0110112	112.43	0.847778	0
6.40443	0.0111242	110.835	0.835396	0
6.40875	0.0111953	113.722	0.837804	0
6.41938	0.0111299	114.511	0.848809	0
6.40523	0.0111635	113.084	0.848466	0
6.38399	0.0111605	113.37	0.857408	0
6.38911	0.011074	112.346	0.850529	0
6.37226	0.01106	112.346	0.818544	0
6.34296	0.0110893	110.785	0.850873	0
6.3397	0.0109672	110.768	0.857408	0
6.33425	0.010774	110.415	0.842275	0
6.34065	0.0108021	112.312	0.833677	0
6.32516	0.0109446	111.053	0.841587	0
6.29048	0.0106175	112.883	0.865318	0
6.30123	0.0108086	110.567	0.845714	0
6.30354	0.0108675	111.423	0.823359	0
6.27492	0.0107603	110.634	0.853624	0
6.25637	0.0107503	110.332	0.84709	0
6.26293	0.0105998	111.355	0.851217	0
6.27034	0.0107719	110.214	0.855	0
6.25711	0.0109387	110.701	0.836772	0
6.23288	0.010494	109.912	0.8182	0
6.23766	0.0107272	111.02	0.837804	0
6.2362	0.0107424	109.509	0.843995	0
6.21129	0.0108438	108.821	0.8182	0
6.2191	0.0105998	108.804	0.839523	0
6.22574	0.0107302	108.619	0.831269	0
6.20974	0.0105952	109.14	0.837116	0
6.20816	0.0107605	109.291	0.851217	0
6.19859	0.011035	108.217	0.83746	0
6.16624	0.0104905	108.3	0.818544	0
6.16222	0.0103204	108.72	0.858439	0
6.1612	0.0105541	107.898	0.843651	0
6.15208	0.010759	108.552	0.838836	0
6.16615	0.0105791	108.687	0.86463	0
6.14978	0.0104885	108.77	0.842275	0
6.12685	0.0101988	108.116	0.82783	0
6.1239	0.010142	107.092	0.828862	0
6.12225	0.0103374	107.864	0.844338	0
6.12243	0.0105428	108.149	0.82611	0
6.12536	0.0103204	108.166	0.825079	0
6.11655	0.0101072	106.236	0.832301	0
6.10562	0.0104953	105.43	0.849153	0
6.10503	0.0105015	109.308	0.852593	0
6.09349	0.0105395	106.42	0.845026	0
6.08392	0.0100786	108.065	0.846402	0
6.09015	0.0102627	107.344	0.840899	0
6.08284	0.0100392	106.169	0.840899	0
6.08441	0.0101721	108.166	0.849841	0
6.08594	0.0103433	105.799	0.835396	0
6.06418	0.0102868	106.42	0.820264	0
6.05629	0.00994876	107.075	0.842963	0
6.05967	0.0102453	104.507	0.818544	0
6.06835	0.0102286	106.001	0.850185	0
6.0643	0.0103757	107.125	0.820264	0
6.04978	0.0103874	105.934	0.817856	0
6.04325	0.010264	106.655	0.844338	0
6.02845	0.00998937	106.521	0.829894	0
6.01936	0.0100809	104.893	0.814761	0
6.01853	0.0104065	105.766	0.853624	0
6.0264	0.0102964	105.145	0.836428	0
6.03228	0.0101603	105.548	0.866694	0
6.01527	0.0100251	107.444	0.850529	0
6.00491	0.0101533	104.876	0.841587	0
6.00732	0.0101042	106.521	0.830581	0
6.01247	0.0100874	105.665	0.83574	0
6.01858	0.0103529	105.531	0.817168	0
6.01325	0.0102102	105.632	0.842963	0
6.00207	0.0101896	106.102	0.851561	0
6.00887	0.0101223	106.286	0.846746	0
6.01418	0.0102581	105.094	0.844682	0
6.00143	0.0103241	105.397	0.838836	0
5.9832	0.0101254	105.766	0.860503	0
5.99134	0.0103318	105.078	0.843651	0
6.00983	0.0104858	105.346	0.821983	0
6.00795	0.0103193	106.454	0.861191	0
6.00126	0.0102695	104.725	0.846058	0
5.9855	0.0100525	105.732	0.825079	0
5.97868	0.0102759	105.296	0.884234	0
5.9894	0.0104205	106.588	0.854312	0
5.98325	0.00984446	105.447	0.833677	0
5.95878	0.00981612	104.406	0.821983	0
5.96691	0.0101109	106.118	0.826454	0
5.98582	0.0102559	104.423	0.859127	0
5.95769	0.00997743	104.222	0.820951	0
5.94422	0.010095	104.608	0.823359	0
5.96332	0.0100311	103.936	0.84709	0
5.95985	0.0103895	105.799	0.827486	0
5.9528	0.00991504	104.238	0.837116	0
5.97248	0.0102232	105.078	0.847778	0
5.9714	0.0101258	103.684	0.838148	0
5.95921	0.0103813	106.32	0.823015	0
5.95516	0.0103326	104.373	0.835052	0
5.95598	0.0101108	104.658	0.844682	0
5.96307	0.0100735	105.397	0.848466	0
5.95196	0.0102234	104.457	0.851905	0
5.94391	0.00988566	104.927	0.821639	0
5.95455	0.0100415	104.205	0.845714	0
5.95056	0.0100774	105.447	0.844682	0
5.93436	0.0100808	104.188	0.840899	0
5.92158	0.00994863	104.524	0.836428	0
5.91867	0.00988382	103.97	0.82955	0
5.93138	0.01031	103.752	0.837116	0
5.92703	0.0102483	103.617	0.834365	0
5.92069	0.00976456	105.128	0.829206	0
5.92273	0.0101595	104.591	0.857752	0
5.91885	0.0100506	103.131	0.841587	0
5.92399	0.00986283	105.128	0.821295	0
5.93406	0.0100336	102.61	0.823359	0
5.93296	0.0100586	105.548	0.836428	0
5.92635	0.0100111	104.406	0.835396	0
5.92189	0.0101356	104.641	0.832301	0
5.93607	0.0100127	105.229	0.838492	0
5.93162	0.0101677	104.843	0.857408	0
5.91041	0.00972232	103.5	0.837116	0
5.90272	0.010051	103.584	0.830581	0
5.90434	0.00979966	102.442	0.817168	0
5.89625	0.00986473	103.131	0.838492	0
5.89367	0.00994286	103.517	0.857752	0
5.89628	0.0100154	103.399	0.824391	0
5.89157	0.0100598	104.222	0.841243	0
5.89828	0.010128	103.668	0.851905	0
5.90435	0.00994758	103.634	0.83574	0
5.90559	0.00994148	103.349	0.851905	0
5.90909	0.00994561	104.859	0.838148	0
5.90583	0.0100105	103.651	0.842275	0
5.88651	0.00996693	102.493	0.834365	0
5.87509	0.0101721	103.366	0.828518	0
5.88429	0.00989379	102.946	0.833677	0
5.89472	0.0103338	104.557	0.819232	0
5.88425	0.0102131	102.627	0.839867	0
5.86917	0.00989136	102.325	0.84537	0
5.87414	0.00988152	103.063	0.821983	0
5.87351	0.00995782	103.282	0.835396	0
5.87041	0.00988697	101.972	0.844338	0
5.86762	0.00984256	103.903	0.836428	0
5.87142	0.0100225	103.903	0.826454	0
5.87778	0.00970093	103.634	0.827486	0
5.87168	0.00977847	103.332	0.852249	0
5.86962	0.0101214	103.634	0.809946	0
5.88615	0.0101119	103.651	0.853281	0
5.88829	0.00996556	104.843	0.856032	0
5.86969	0.00996057	103.114	0.851561	0
5.86771	0.00982931	104.54	0.827142	0
5.87486	0.00990009	103.802	0.83746	0
5.87306	0.00993702	104.658	0.857752	0
5.86385	0.00994411	103.735	0.833333	0
5.85643	0.0100048	103.298	0.833677	0
5.85848	0.0100079	102.476	0.830925	0
5.86553	0.00990081	104.725	0.830237	0
5.87547	0.0100719	104.104	0.829206	0
5.8631	0.0101976	103.601	0.832989	0
5.85558	0.0100731	102.392	0.851561	0
5.87276	0.0100863	102.526	0.826798	0
5.8629	0.00988106	102.342	0.820264	0
5.84587	0.00997087	102.929	0.844338	0
5.84888	0.00992574	102.274	0.838492	0
5.83977	0.00989622	101.402	0.815105	0
5.84504	0.00978306	103.517	0.814073	0
5.84194	0.0099979	103.214	0.816137	0
5.81465	0.00973045	102.761	0.828862	0
5.81939	0.00986749	102.493	0.848122	0
5.8467	0.00976227	106.169	0.842619	0
5.84468	0.00980412	101.418	0.851905	0
5.83133	0.00973485	103.248	0.807194	0
5.85238	0.00960024	103.601	0.822671	0
5.86556	0.00984931	102.459	0.843307	0
5.84292	0.00984118	104.574	0.832645	0
5.83781	0.00997599	102.526	0.812009	0
5.84779	0.00986427	102.174	0.82783	0
5.84544	0.00968027	102.157	0.848809	0
5.837	0.00960916	104.305	0.817168	0
5.85461	0.00993427	105.38	0.835396	0
5.85637	0.0100297	102.845	0.825079	0
5.82053	0.00993361	102.191	0.825766	0
5.81253	0.0097725	103.282	0.824047	0
5.84353	0.00990711	102.996	0.835052	0
5.84565	0.00983337	102.896	0.847434	0
5.8228	0.00995447	102.912	0.841243	0
5.83092	0.00969529	103.214	0.845026	0
5.85059	0.00986283	103.987	0.824047	0
5.85009	0.00989281	102.761	0.837804	0
5.82743	0.00976345	102.812	0.842963	0
5.83667	0.00985856	104.473	0.852593	0
5.85546	0.0100707	104.792	0.850873	0
5.83339	0.0100714	102.442	0.838148	0
5.82972	0.0100452	102.711	0.84537	0
5.84423	0.00972133	102.006	0.834021	0
5.83876	0.00987437	104.087	0.830925	0
5.83498	0.00984518	102.946	0.831957	0
5.82689	0.0101139	103.282	0.819576	0
5.81561	0.00995126	102.56	0.820608	0
5.83482	0.0098032	103.047	0.812697	0
5.83288	0.00981271	102.694	0.83574	0
5.82043	0.00973183	102.929	0.821295	0
5.83215	0.00976338	103.097	0.841931	0
5.82152	0.00973347	102.979	0.836084	0
5.81486	0.00977263	103.013	0.841931	0
5.82865	0.00970408	102.677	0.833677	0
5.82018	0.0100139	102.325	0.84537	0
5.80721	0.00988664	101.385	0.832301	0
5.8091	0.00970782	102.493	0.830581	0
5.81932	0.00966925	102.711	0.828518	0
5.81319	0.00984722	101.435	0.841587	0
5.80184	0.00988566	102.979	0.83918	0
5.80099	0.0100886	100.915	0.834365	0
5.79879	0.00981927	101.418	0.81992	0
5.79349	0.00972835	103.164	0.838148	0
5.78521	0.00985089	101.62	0.854312	0
5.77374	0.00956422	102.207	0.827486	0
5.78989	0.00987982	101.083	0.832645	0
5.79436	0.00973006	102.191	0.820608	0
5.78635	0.00983738	101.838	0.850873	0
5.78923	0.00981861	102.006	0.817168	0
5.78406	0.0097416	101.62	0.848809	0
5.78109	0.0096804	102.996	0.846058	0
5.77471	0.00979533	101.368	0.826454	0
5.76572	0.0097906	103.114	0.828862	0
5.77331	0.0098747	102.509	0.838492	0
5.7772	0.00979644	101.469	0.824735	0
5.77395	0.00967666	102.14	0.827486	0
5.78153	0.00984899	103.802	0.858439	0
5.77922	0.00979539	100.797	0.819232	0
5.76305	0.00968105	101.905	0.831269	0
5.77365	0.00983009	102.375	0.859127	0
5.77268	0.010011	101.771	0.824391	0
5.75843	0.00985548	101.183	0.850873	0
5.76269	0.00965698	101.099	0.801692	0
5.76413	0.00984853	101.385	0.842619	0
5.76585	0.00980005	100.781	0.844682	0
5.76889	0.00990435	102.224	0.860847	0
5.75656	0.00982741	102.627	0.832989	0
5.75691	0.00971228	101.418	0.825766	0
5.768	0.00988146	99.5888	0.838492	0
5.75796	0.00983082	102.409	0.849841	0
5.74292	0.00979631	100.344	0.845026	0
5.74668	0.00948491	101.385	0.834365	0
5.75969	0.00990566	100.864	0.857064	0
5.75236	0.00979585	102.09	0.840211	0
5.75985	0.00989943	101.284	0.811665	0
5.7844	0.00996969	102.593	0.814073	0
5.76462	0.00975531	101.435	0.84537	0
5.7461	0.00960437	100.143	0.853624	0
5.76451	0.00977407	102.509	0.847434	0
5.75689	0.00982563	101.049	0.850185	0
5.74272	0.00962936	101.217	0.827486	0
5.75949	0.0097315	101.704	0.852593	0
5.75376	0.009762	102.744	0.815105	0
5.74339	0.00971562	100.512	0.829206	0
5.75253	0.00963887	101.049	0.848466	0
5.75771	0.0098055	102.14	0.835396	0
5.73248	0.00971123	100.193	0.832989	0
5.72884	0.00963658	101.452	0.828174	0
5.74952	0.00965429	100.159	0.820608	0
5.74989	0.00969555	102.006	0.825423	0
5.75836	0.00975452	103.617	0.837116	0
5.7522	0.00972009	100.21	0.841931	0
5.74596	0.00962451	102.14	0.836772	0
5.75486	0.00961191	102.392	0.833333	0
5.7445	0.00974206	100.025	0.824047	0
5.73133	0.00967568	100.999	0.849153	0
5.73791	0.00984466	101.486	0.820608	0
5.74508	0.00982019	100.663	0.843995	0
5.74058	0.00955471	101.385	0.836428	0
5.73827	0.0096003	100.361	0.834365	0
5.73127	0.00975039	101.972	0.842963	0
5.74303	0.0097439	101.049	0.81648	0
5.75969	0.00967751	100.562	0.836428	0
5.74186	0.00960653	100.982	0.849153	0
5.73726	0.00963691	101.939	0.849153	0
5.74439	0.00969155	101.234	0.845714	0
5.73182	0.00976266	101.536	0.839867	0
5.73202	0.0097193	100.73	0.840555	0
5.73102	0.0097256	102.509	0.847434	0
5.73474	0.00993728	100.378	0.839867	0
5.73564	0.00968952	101.687	0.858095	0
5.74357	0.00977768	101.267	0.830237	0
5.75799	0.00970788	102.123	0.821639	0
5.74972	0.00959781	103.131	0.83918	0
5.73298	0.00963343	100.613	0.810634	0
5.71571	0.00973799	101.569	0.859471	0
5.72143	0.00968709	101.116	0.837804	0
5.73125	0.00983843	101.653	0.841587	0
5.74053	0.00987162	101.603	0.834365	0
5.74421	0.00986683	100.579	0.811322	0
5.73441	0.00984945	100.848	0.813729	0
5.71505	0.0098423	97.7088	0.835396	0
5.71872	0.00950794	102.912	0.864974	0
5.731	0.00964799	100.327	0.828862	0
5.72986	0.00978096	101.402	0.843651	0
5.74464	0.00964491	101.385	0.825423	0
5.75058	0.00988166	102.862	0.843651	0
5.73636	0.00972815	100.982	0.837804	0
5.72634	0.00975492	101.016	0.844682	0
5.73571	0.00939373	100.311	0.853281	0
5.72784	0.0097784	100.932	0.814073	0
5.71778	0.00969411	101.251	0.834709	0
5.7381	0.00952454	102.006	0.848466	0
5.73994	0.00975367	102.056	0.824047	0
5.72716	0.00937287	101.267	0.82611	0
5.74561	0.00974639	101.469	0.834709	0
5.74525	0.00962766	99.5048	0.834365	0
5.72345	0.00981809	101.754	0.829206	0
5.73441	0.00966452	100.797	0.835396	0
5.75798	0.00960024	100.764	0.840555	0
5.74324	0.00979487	100.713	0.851905	0
5.71989	0.0094142	101.704	0.858783	0
5.73444	0.00960247	102.644	0.834021	0
5.74065	0.0096272	100.781	0.837804	0
5.72714	0.00950866	101.452	0.849841	0
5.71096	0.00956836	99.2866	0.82955	0
5.72342	0.00981245	102.358	0.854656	0
5.74364	0.0096146	102.459	0.846746	0
5.72708	0.00995913	99.8238	0.815793	0
5.71407	0.00988225	100.495	0.842619	0
5.71445	0.00979185	99.6895	0.844338	0
5.72374	0.00979106	100.881	0.824391	0
5.74083	0.00985469	103.349	0.833333	0
5.72249	0.00963966	99.8909	0.849153	0
5.71655	0.0095757	100.982	0.832301	0
5.74444	0.0097235	101.586	0.828518	0
5.72989	0.00967344	100.764	0.837116	0
5.71622	0.00952217	101.502	0.837804	0
5.74434	0.0100674	100.881	0.834021	0
5.73595	0.00979618	102.56	0.841243	0
5.70505	0.00966065	101.939	0.810978	0
5.71407	0.00955097	101.049	0.825766	0
5.72828	0.0093526	101.486	0.851905	0
5.73707	0.0100467	102.879	0.83574	0
5.72571	0.00983941	100.445	0.840211	0
5.72224	0.00994561	102.023	0.832301	0
5.74116	0.00972842	102.677	0.862567	0
5.73676	0.00970959	99.8238	0.853968	0
5.72315	0.00968552	102.056	0.848466	0
5.71998	0.00969844	101.116	0.855688	0
5.70903	0.00973202	101.234	0.813385	0
5.70901	0.00964484	100.982	0.840899	0
5.72039	0.0096682	100.495	0.856376	0
5.72531	0.00983606	101.956	0.846746	0
5.72603	0.00967738	101.049	0.828174	0
5.7221	0.00990429	99.572	0.827486	0
5.70678	0.00961854	100.881	0.83918	0
5.70853	0.00988074	101.905	0.838148	0
5.7166	0.0097214	99.8238	0.832989	0
5.70783	0.00974377	99.253	0.829894	0
5.71054	0.00974613	101.939	0.842619	0
5.72721	0.0096802	101.452	0.840555	0
5.72267	0.00958685	100.495	0.842963	0
5.71187	0.00957826	100.277	0.819232	0
5.71478	0.0096045	102.291	0.839523	0
5.72403	0.00963074	101.603	0.862223	0
5.71828	0.00946261	101.133	0.834365	0
5.70502	0.00963737	100.394	0.820608	0
5.70086	0.00962077	98.9005	0.835396	0
5.70293	0.00980267	101.116	0.843651	0
5.70948	0.00965449	100.596	0.843651	0
5.72158	0.00969234	102.224	0.832301	0
5.71566	0.00963986	100.579	0.83746	0
5.70526	0.00980031	101.553	0.85672	0
5.71257	0.00966728	101.687	0.836428	0
5.70234	0.00950722	99.9413	0.841243	0
5.69625	0.00965022	101.586	0.827142	0
5.72	0.0097681	102.526	0.825423	0
5.71399	0.00992397	100.999	0.846746	0
5.69176	0.00960234	100.378	0.833333	0
5.70736	0.00990481	101.939	0.844682	0
5.7144	0.0097477	100.999	0.843307	0
5.7085	0.0097662	100.294	0.838836	0
5.71447	0.00972927	101.603	0.842963	0
5.71204	0.00963743	100.697	0.827486	0
5.71211	0.00974501	101.083	0.846402	0
5.71886	0.00981986	101.704	0.819232	0
5.70571	0.00956586	98.7159	0.837116	0
5.70079	0.00945113	100.227	0.830237	0
5.71438	0.00971175	99.5888	0.830581	0
5.69712	0.00942469	100.428	0.841243	0
5.68573	0.00973222	100.361	0.842963	0
5.71589	0.00962746	101.754	0.825766	0
5.72455	0.00971451	101.804	0.832989	0
5.70452	0.00957157	100.512	0.819576	0
5.71398	0.00992292	101.67	0.839867	0
5.70264	0.00978017	99.6391	0.832301	0
5.69561	0.00977407	101.486	0.865662	0
5.71953	0.00954021	101.569	0.844682	0
5.70775	0.00961303	101.099	0.826798	0
5.682	0.00939649	100.613	0.834021	0
5.68387	0.00967574	99.337	0.843307	0
5.6985	0.00979579	101.435	0.824047	0
5.71552	0.0095288	102.006	0.842275	0
5.71396	0.00981363	100.814	0.840899	0
5.70799	0.00983757	100.277	0.835052	0
5.71758	0.00979926	100.646	0.821295	0
5.72456	0.00957846	103.248	0.848466	0
5.72273	0.00961224	99.2195	0.837116	0
5.70958	0.00979041	100.764	0.834365	0
5.71644	0.0096211	100.915	0.845714	0
5.7052	0.00967725	100.378	0.832989	0
5.69353	0.00979808	101.334	0.842619	0
5.72155	0.009791	100.126	0.823359	0
5.72655	0.00979644	101.318	0.848466	0
5.7114	0.00967515	100.411	0.833677	0
5.7142	0.00959656	101.469	0.815449	0
5.71207	0.00977073	101.788	0.836428	0
5.71145	0.00986053	99.9748	0.827142	0
5.71984	0.00973097	102.56	0.822327	0
5.70507	0.00970126	100.411	0.818544	0
5.69933	0.00970959	101.15	0.840211	0
5.71553	0.0097313	101.402	0.836084	0
5.71891	0.00959282	101.972	0.829894	0
5.70616	0.00975098	100.26	0.836428	0
5.70667	0.00963986	102.409	0.840899	0
5.717	0.00960168	102.09	0.855	0
5.70224	0.009922	99.723	0.819232	0
5.69938	0.00963015	101.167	0.831957	0
5.71458	0.00997717	100.982	0.835052	0
5.71545	0.00966833	101.754	0.84709	0
5.7088	0.00972724	100.344	0.830237	0
5.68813	0.00966046	99.3034	0.829206	0
5.69264	0.00974941	100.311	0.839523	0
5.72234	0.00968676	101.385	0.847778	0
5.72377	0.00971772	101.737	0.848466	0
5.7141	0.00972901	100.361	0.841587	0
5.70696	0.00995722	100.747	0.843651	0
5.69728	0.00980412	100.26	0.833333	0
5.70759	0.0097624	100.915	0.870133	0
5.71869	0.00987063	100.814	0.821295	0
5.71372	0.00992259	101.737	0.834021	0
5.70036	0.00983685	100.378	0.836772	0
5.6975	0.00972343	100.428	0.846402	0
5.7054	0.00957846	101.368	0.840899	0
5.70039	0.00964694	101.502	0.844682	0
5.69762	0.00977565	101.385	0.844682	0
5.70644	0.00960581	100.478	0.826798	0
5.71581	0.00967148	101.855	0.83918	0
5.72101	0.00990304	101.418	0.821983	0
5.72952	0.00963782	102.627	0.84709	0
5.70988	0.00989832	100.546	0.845714	0
5.69207	0.00992548	98.9173	0.848809	0
5.7041	0.00966295	102.039	0.848809	0
5.70238	0.010099	100.898	0.842275	0
5.70429	0.00980779	100.932	0.834709	0
5.71292	0.00980477	100.126	0.818888	0
5.70533	0.00977427	102.258	0.82783	0
5.69111	0.00970756	100.495	0.834365	0
5.69202	0.00960699	100.948	0.853624	0
5.71075	0.00964701	103.114	0.840899	0
5.71352	0.00961119	100.394	0.811322	0
5.70967	0.00956107	101.167	0.85672	0
5.7122	0.00957164	101.083	0.855688	0
5.70036	0.0100043	101.435	0.849497	0
5.70007	0.00953569	101.301	0.839523	0
5.70964	0.00969949	100.126	0.849841	0
5.69785	0.00990055	100.797	0.830925	0
5.69682	0.00984636	100.764	0.83918	0
5.70198	0.00978969	100.076	0.83918	0
5.70692	0.00987155	101.116	0.838492	0
5.71885	0.00967148	101.653	0.820608	0
5.7145	0.00935739	101.804	0.831269	0
5.70322	0.0094016	101.385	0.832989	0
5.69681	0.00968433	100.361	0.849841	0
5.69308	0.00973931	101.536	0.82955	0
5.69632	0.00935188	101.217	0.844682	0
5.70543	0.00956941	100.462	0.821983	0
5.70507	0.00953215	100.781	0.848122	0
5.69151	0.00970926	100.411	0.833677	0
5.68595	0.00978955	100.663	0.823359	0
5.69875	0.0098789	100.361	0.812353	0
5.711	0.00959086	101.2	0.823703	0
5.70918	0.00984144	99.2363	0.829894	0
5.70045	0.0100695	102.812	0.822671	0
5.70146	0.0096375	101.351	0.838492	0
5.7063	0.00989701	100.109	0.822327	0
5.70153	0.00975177	101.586	0.839523	0
5.70256	0.00966544	100.327	0.82955	0
5.7167	0.00965462	102.325	0.82611	0
5.72172	0.0098053	103.097	0.839867	0
5.7088	0.00981625	101.016	0.808226	0
5.70148	0.00954645	100.143	0.837116	0
5.69446	0.00999665	100.512	0.854312	0
5.68821	0.00974751	100.227	0.853624	0
5.69688	0.00962077	99.8405	0.84537	0
5.70101	0.00979953	99.3202	0.811665	0
5.69639	0.00953772	100.915	0.83574	0
5.69293	0.00965809	101.855	0.831613	0
5.69214	0.00971366	101.771	0.829894	0
5.71509	0.00969863	103.332	0.850873	0
5.70647	0.00957701	100.73	0.83918	0
5.68038	0.00991504	99.8238	0.841587	0
5.68772	0.00968584	100.932	0.829206	0
5.68926	0.00965685	101.334	0.813729	0
5.69054	0.0095286	100.747	0.835052	0
5.70332	0.0095963	100.965	0.843995	0
5.7052	0.00948806	100.478	0.851905	0
5.69249	0.00962064	100.646	0.82611	0
5.70003	0.00954192	101.855	0.837116	0
5.7054	0.00963225	100.68	0.831957	0
5.68679	0.00970815	99.9077	0.837804	0
5.68827	0.00956245	100.713	0.851217	0
5.69483	0.0099016	99.7902	0.830925	0
5.69786	0.00973944	100.948	0.835396	0
5.70764	0.00979592	100.378	0.830581	0
5.69681	0.00991885	99.6391	0.829894	0
5.69687	0.0097702	101.318	0.833677	0
5.70099	0.00984991	100.613	0.852937	0
5.70337	0.00961034	102.09	0.812009	0
5.71003	0.00986184	101.402	0.844338	0
5.69763	0.00938015	100.21	0.814417	0
5.69794	0.00958935	102.375	0.843307	0
5.70649	0.00982399	99.4545	0.852593	0
5.68014	0.00965488	100.831	0.82783	0
5.67667	0.00987628	101.016	0.831269	0
5.70229	0.00978818	101.62	0.872196	0
5.68326	0.00959407	100.092	0.848466	0
5.6714	0.00945225	101.788	0.825079	0
5.69564	0.00954303	100.311	0.816137	0
5.69143	0.00946523	101.402	0.81992	0
5.69514	0.00946779	101.603	0.840899	0
5.72148	0.009627	101.368	0.805131	0
5.70856	0.00962313	99.7734	0.829206	0
5.68862	0.00968178	100.193	0.830237	0
5.69801	0.00945323	99.4041	0.838148	0
5.68764	0.00952132	101.099	0.846746	0
5.68096	0.00950597	100.008	0.832989	0
5.69283	0.00976207	101.385	0.843307	0
5.69965	0.00959827	101.267	0.833677	0
5.69706	0.00972979	100.227	0.845026	0
5.69612	0.00974757	100.478	0.82955	0
5.71115	0.0098562	100.881	0.845026	0
5.71735	0.00957918	100.546	0.851905	0
5.70352	0.00938389	102.107	0.845026	0
5.70219	0.00953182	100.21	0.839523	0
5.71763	0.00952224	103.886	0.832989	0
5.72008	0.00978562	100.579	0.825079	0
5.70191	0.00962759	100.764	0.851905	0
5.69414	0.00954782	99.9413	0.824735	0
5.69737	0.00943427	101.754	0.850873	0
5.689	0.0098566	100.092	0.830581	0
5.6825	0.00960306	100.898	0.839867	0
5.69407	0.00980838	100.394	0.855688	0
5.70398	0.00981914	101.519	0.826798	0
5.70461	0.00968453	100.999	0.820264	0
5.69259	0.009914	101.486	0.850873	0
5.69432	0.00968624	101.116	0.846746	0
5.70706	0.00964845	101.754	0.82611	0
5.69989	0.00973412	100.864	0.849153	0
5.69458	0.00982741	101.922	0.831957	0
5.70069	0.00967843	101.251	0.83918	0
5.70175	0.00957846	101.066	0.838148	0
5.70115	0.00961939	100.999	0.830925	0
5.7069	0.00980477	102.442	0.852249	0
5.71695	0.00984636	102.375	0.869101	0
5.70038	0.00997421	101.804	0.846058	0
5.68211	0.00944608	100.059	0.850873	0
5.6937	0.00972264	100.311	0.819232	0
5.70597	0.00963776	102.409	0.847778	0
5.70671	0.00997185	101.301	0.820951	0
5.69687	0.00951857	100.26	0.834021	0
5.69296	0.009717	101.351	0.852593	0
5.69738	0.00966879	101.603	0.835396	0
5.70078	0.00956252	101.737	0.826798	0
5.70652	0.00977965	102.526	0.858439	0
5.69764	0.00988598	99.3705	0.815449	0
5.68839	0.00978949	101.737	0.865318	0
5.69518	0.0098095	100.495	0.813729	0
5.69448	0.00971438	101.066	0.835396	0
5.69805	0.00977919	100.495	0.832989	0
5.69451	0.00959696	101.318	0.846402	0
5.70003	0.00961637	102.375	0.829206	0
5.7077	0.00987096	101.67	0.822327	0
5.69023	0.00962602	100.579	0.8182	0
5.68609	0.00954303	101.016	0.858095	0
5.70052	0.00966597	101.351	0.836084	0
5.6995	0.00945198	101.318	0.828862	0
5.68278	0.00955445	100.109	0.853624	0
5.69668	0.00990986	100.277	0.83746	0
5.70611	0.00964432	99.8573	0.8182	0
5.68554	0.00978641	100.915	0.851905	0
5.68335	0.00971274	98.5145	0.838492	0
5.68405	0.00961618	98.2459	0.82955	0
5.68099	0.00986735	101.066	0.843995	0
5.68087	0.00952841	99.4545	0.819232	0
5.68663	0.00981271	101.032	0.842963	0
5.70973	0.00998727	101.788	0.827142	0
5.70482	0.00961618	100.982	0.850185	0
5.68733	0.00973038	101.032	0.838836	0
5.69107	0.00947658	100.327	0.832989	0
5.69854	0.00961382	100.814	0.822327	0
5.69656	0.00973471	100.529	0.849497	0
5.69512	0.00976292	99.9916	0.843307	0
5.6931	0.00983068	101.754	0.842619	0
5.70122	0.00960876	101.402	0.824391	0
5.71053	0.00958384	100.243	0.806163	0
5.69521	0.00955681	101.116	0.835396	0
5.68338	0.00954422	102.174	0.823015	0
5.68809	0.00962051	99.807	0.847778	0
5.68844	0.00956002	101.049	0.828518	0
5.69869	0.00967791	100.512	0.825766	0
5.69932	0.00954828	101.687	0.815449	0
5.68438	0.00979342	100.294	0.846058	0
5.69837	0.00976587	101.788	0.838836	0
5.70651	0.00963802	100.613	0.834365	0
5.6824	0.00966433	99.7902	0.852249	0
5.68263	0.0095679	101.334	0.840211	0
5.71096	0.00967718	101.183	0.842619	0
5.70621	0.00957583	101.788	0.837116	0
5.68551	0.00990619	99.807	0.846746	0
5.67232	0.00968565	100.848	0.816824	0
5.67676	0.00964976	100.848	0.839523	0
5.70209	0.00945428	99.8405	0.842275	0
5.71622	0.00954868	102.09	0.845714	0
5.69571	0.00954415	101.318	0.836428	0
5.67632	0.0094651	100.059	0.850873	0
5.68317	0.00976968	99.8909	0.842275	0
5.68576	0.00976942	100.697	0.831613	0
5.69343	0.00980051	101.234	0.842619	0
5.70542	0.00963599	102.207	0.805819	0
5.70681	0.009754	100.311	0.846402	0
5.68454	0.00969214	99.337	0.823359	0
5.67847	0.00978877	100.781	0.830237	0
5.70215	0.00967935	99.4377	0.83574	0
5.70569	0.00974147	101.771	0.815793	0
5.68623	0.00973439	99.7734	0.846746	0
5.68517	0.00973032	100.092	0.848122	0
5.68678	0.00955353	100.999	0.855	0
5.68813	0.00963737	100.781	0.830237	0
5.69389	0.00942824	101.016	0.821295	0
5.69074	0.0095408	100.478	0.849153	0
5.6845	0.00957045	100.68	0.852593	0
5.69628	0.00951089	100.982	0.832301	0
5.70198	0.00975249	100.68	0.830925	0
5.68692	0.00978293	99.6559	0.833333	0
5.68933	0.00978857	101.687	0.833333	0
5.70123	0.00969863	101.502	0.837116	0
5.68188	0.00960647	99.4545	0.834021	0
5.68968	0.00965501	100.814	0.830237	0
5.70219	0.00956127	100.663	0.830237	0
5.69629	0.00960096	101.771	0.821983	0
5.69808	0.00962418	101.049	0.849153	0
5.69318	0.00970172	100.881	0.840555	0
5.70466	0.00954959	100.562	0.829894	0
5.71096	0.00985758	99.3538	0.817856	0
5.68266	0.00978818	99.6727	0.817168	0
5.66819	0.00948052	101.2	0.840211	0
5.69588	0.00957551	99.4209	0.841587	0
5.70735	0.00972789	100.344	0.856032	0
5.6903	0.00965173	101.486	0.840211	0
5.67401	0.00970493	100.092	0.831269	0
5.69429	0.00982931	101.116	0.843995	0
5.71499	0.00978791	100.596	0.814761	0
5.68995	0.00951522	100.529	0.838492	0
5.68562	0.00974154	101.586	0.83574	0
5.6928	0.00950938	100.176	0.838148	0
5.68231	0.00982517	100.948	0.845714	0
5.69339	0.00985115	100.68	0.820608	0
5.69728	0.00971608	101.653	0.820951	0
5.67651	0.00964307	101.351	0.831269	0
5.679	0.00958502	100.26	0.828518	0
5.68924	0.00954776	100.311	0.840899	0
5.6784	0.00976987	100.159	0.849497	0
5.68766	0.009496	100.361	0.825079	0
5.70579	0.00952795	101.486	0.83746	0
5.71275	0.00989215	101.536	0.840899	0
5.69459	0.00970808	100.277	0.822671	0
5.68424	0.00945881	100.546	0.824047	0
5.70443	0.00955104	101.066	0.842619	0
5.71976	0.00979848	102.308	0.823015	0
5.70266	0.00973799	101.637	0.835396	0
5.69012	0.00965816	101.167	0.833677	0
5.69496	0.00936835	101.888	0.846402	0
5.70095	0.00964229	100.076	0.837116	0
5.69838	0.00984669	99.8573	0.827142	0
5.68497	0.0097723	100.546	0.858095	0
5.67383	0.0098074	100.948	0.841587	0
5.68814	0.0101018	99.3538	0.848809	0
5.70382	0.00992128	102.039	0.825423	0
5.70333	0.00979749	99.4209	0.838836	0
5.69311	0.00972304	100.462	0.875636	0
5.69031	0.00975092	100.445	0.835396	0
5.70129	0.00972691	101.788	0.86291	0
5.70218	0.00974606	100.076	0.840211	0
5.6929	0.0095864	101.385	0.836084	0
5.68892	0.00963776	101.284	0.85672	0
5.68901	0.00971805	99.9916	0.830237	0
5.70205	0.0094508	101.788	0.846058	0
5.70813	0.0096232	100.999	0.820608	0
5.69617	0.00989602	100.613	0.825423	0
5.69083	0.00936854	100.814	0.824735	0
5.69963	0.00973281	101.553	0.86463	0
5.70268	0.00962785	100.26	0.835052	0
5.70375	0.00971353	100.176	0.815793	0
5.69878	0.00968971	99.7566	0.827142	0
5.68561	0.00966603	101.217	0.838492	0
5.68632	0.00971687	100.864	0.841587	0
5.6932	0.00946458	101.318	0.837804	0
5.70418	0.00981488	101.452	0.842619	0
5.70791	0.00971635	101.217	0.836084	0
5.68494	0.00974193	100.378	0.828862	0
5.68975	0.00970165	100.881	0.852249	0
5.70784	0.00946202	101.318	0.831957	0
5.69195	0.00943368	100.042	0.847778	0
5.68957	0.00983534	100.663	0.827486	0
5.69466	0.00973931	99.958	0.839867	0
5.68783	0.00966675	101.939	0.830237	0
5.70097	0.00957019	99.7902	0.817512	0
5.70733	0.00960804	100.243	0.844682	0
5.69457	0.00952303	101.032	0.852593	0
5.67752	0.00946333	99.6895	0.821983	0
5.6815	0.00963907	99.8238	0.82955	0
5.70414	0.00953969	99.5384	0.83574	0
5.70818	0.00984125	101.687	0.828862	0
5.70027	0.0097008	100.546	0.843995	0
5.69793	0.00972212	99.0516	0.832645	0
5.68727	0.00966295	101.301	0.844338	0
5.68483	0.00964261	101.603	0.830581	0
5.70109	0.00956652	100.462	0.845026	0
5.69618	0.00963507	101.251	0.847434	0
5.68371	0.00940908	101.284	0.847434	0
5.69439	0.0098421	101.116	0.836428	0
5.71063	0.00956954	102.392	0.821639	0
5.70316	0.00962799	98.4809	0.821639	0
5.68998	0.00965586	100.378	0.822327	0
5.70062	0.00955228	101.234	0.843307	0
5.70576	0.00991131	100.159	0.827486	0
5.69397	0.00967541	100.529	0.822671	0
5.68923	0.00952447	101.402	0.83918	0
5.7037	0.00956678	101.334	0.843651	0
5.71588	0.00967817	99.9748	0.824735	0
5.69406	0.00959925	100.629	0.823359	0
5.68818	0.00988736	100.562	0.838148	0
5.71248	0.00963599	101.569	0.855	0
5.70042	0.00974272	99.8573	0.841587	0
5.67852	0.00959833	100.227	0.833677	0
5.68772	0.00960457	98.5816	0.830581	0
5.69366	0.00985312	99.3202	0.823015	0
5.68822	0.00966183	100.159	0.835396	0
5.69002	0.00961067	99.7734	0.817856	0
5.69062	0.00966708	100.495	0.825079	0
5.69847	0.0099138	100.042	0.853624	0
5.70165	0.00962621	99.958	0.83746	0
5.69871	0.00985266	100.546	0.815793	0
5.69062	0.0095393	98.2627	0.828862	0
5.67347	0.00928759	100.948	0.831613	0
5.68035	0.00952991	101.469	0.838836	0
5.69801	0.00987011	100.428	0.825766	0
5.69121	0.00958882	99.9748	0.835052	0
5.68626	0.00968151	99.7063	0.835052	0
5.69829	0.00940941	101.536	0.828174	0
5.69925	0.00971116	99.6559	0.861879	0
5.69986	0.0096703	100.697	0.839867	0
5.70152	0.00973288	100.814	0.836428	0
5.68608	0.00958928	99.5888	0.832989	0
5.68674	0.00958423	100.68	0.85672	0
5.7075	0.00973609	101.402	0.854656	0
5.69771	0.00958712	100.965	0.843995	0
5.69392	0.00974127	100.462	0.852937	0
5.69559	0.00966616	100.663	0.853281	0
5.67714	0.00971195	101.234	0.83918	0
5.68147	0.00951247	101.167	0.839867	0
5.69768	0.00961126	99.7063	0.821639	0
5.68928	0.0093795	100.797	0.833333	0
5.6821	0.00948924	99.7398	0.83918	0
5.68991	0.00962995	100.193	0.856032	0
5.70389	0.00986329	101.167	0.823703	0
5.69666	0.00960194	101.301	0.830925	0
5.67664	0.00965941	100.898	0.840211	0
5.68422	0.00980431	99.6223	0.827486	0
5.6944	0.00976161	101.368	0.843995	0
5.68537	0.00962877	100.428	0.834709	0
5.69727	0.00972848	101.318	0.833677	0
5.71486	0.00982032	100.529	0.838148	0
5.70333	0.00979972	100.982	0.84709	0
5.699	0.00980195	102.493	0.834365	0
5.70069	0.00977742	101.049	0.844682	0
5.69182	0.00981586	99.2195	0.835052	0
5.68919	0.00971005	100.948	0.817856	0
5.69387	0.00951496	100.948	0.823015	0
5.69384	0.00949764	100.277	0.839867	0
5.68942	0.00952618	98.4305	0.836084	0
5.69764	0.00965895	100.193	0.841587	0
5.70222	0.00980392	100.512	0.848122	0
5.70146	0.00966315	100.277	0.837804	0
5.69841	0.00978076	100.227	0.841243	0
5.68937	0.00948242	101.502	0.834709	0
5.68636	0.00947685	100.764	0.835396	0
5.69225	0.0095904	100.311	0.83574	0
5.68652	0.009488	99.6895	0.840555	0
5.67603	0.00965954	98.5984	0.831613	0
5.68634	0.00944923	100.478	0.818888	0
5.69492	0.00979402	100.932	0.829206	0
5.68644	0.00943952	99.5888	0.841587	0
5.69542	0.00992239	100.462	0.841587	0
5.70282	0.00964786	100.159	0.835396	0
5.69903	0.00951233	100.008	0.825423	0
5.70346	0.00973399	99.8238	0.830237	0
5.68624	0.00974816	98.6488	0.835052	0
5.68052	0.0097336	100.445	0.836084	0
5.70244	0.0097971	100.361	0.84709	0
5.69536	0.00980714	99.9748	0.851217	0
5.6832	0.00963002	99.5216	0.843307	0
5.68872	0.00976961	100.411	0.832645	0
5.69056	0.00950223	101.016	0.828174	0
5.69351	0.00987634	100.227	0.859471	0
5.69391	0.00948163	100.193	0.823015	0
5.68403	0.00961375	100.646	0.8182	0
5.68542	0.00949423	101.234	0.843995	0
5.69178	0.00967587	100.411	0.848122	0
5.68065	0.00967587	99.8573	0.852593	0
5.68405	0.00967646	101.301	0.851217	0
5.68916	0.00964202	100.243	0.842619	0
5.69609	0.00979644	101.922	0.814761	0
5.71492	0.0099119	100.193	0.830581	0
5.69604	0.00957393	100.294	0.834365	0
5.67455	0.00926995	99.6727	0.859471	0
5.6776	0.00948957	98.9005	0.850529	0
5.69248	0.00964524	100.646	0.838836	0
5.70515	0.00970041	101.67	0.832645	0
5.6967	0.0096476	100.512	0.835396	0
5.69724	0.00985568	99.8741	0.842963	0
5.70165	0.00986749	100.193	0.840211	0
5.69604	0.00976791	100.881	0.843651	0
5.69036	0.00956088	99.8909	0.812697	0
5.69619	0.00979625	100.881	0.821639	0
5.70618	0.0098991	100.227	0.859471	0
5.69782	0.00985286	101.486	0.835052	0
5.69395	0.00975728	100.344	0.837804	0
5.69771	0.00967653	101.099	0.835396	0
5.69904	0.00943401	99.6727	0.840211	0
5.69873	0.0097456	102.207	0.826798	0
5.68684	0.00963041	99.7398	0.843651	0
5.68903	0.00979369	101.788	0.858439	0
5.70318	0.00974783	99.3034	0.82955	0
5.69015	0.00953352	101.083	0.843307	0
5.68241	0.00980451	99.1188	0.838148	0
5.70156	0.0099012	99.4377	0.83574	0
5.70367	0.00956029	101.267	0.859815	0
5.69336	0.00982609	100.428	0.82783	0
5.70213	0.00971982	100.327	0.8182	0
5.7062	0.00954015	100.109	0.836084	0
5.69802	0.00951798	101.116	0.831613	0
5.70052	0.00971385	101.586	0.83574	0
5.69718	0.00954107	99.6391	0.83574	0
5.6828	0.00952598	100.546	0.859127	0
5.68663	0.00959013	99.9916	0.813385	0
5.70522	0.00978208	101.536	0.832989	0
5.71034	0.00956868	100.311	0.854312	0
5.70946	0.00970907	101.486	0.838836	0
5.71131	0.00969437	100.881	0.844682	0
5.70203	0.00999265	98.7495	0.825766	0
5.69424	0.00974744	100.546	0.824391	0
5.70591	0.0096703	102.627	0.858783	0
5.69686	0.00971294	99.8405	0.849841	0
5.68306	0.00990619	100.076	0.833333	0
5.70045	0.00961014	101.066	0.837116	0
5.70517	0.00964143	99.102	0.828518	0
5.70573	0.00966439	101.418	0.853624	0
5.70582	0.00986257	99.8909	0.841243	0
5.67794	0.00959243	98.9341	0.841587	0
5.68909	0.00978398	100.076	0.83918	0
5.70861	0.00964124	100.68	0.831269	0
5.69655	0.00961775	100.327	0.82783	0
5.69954	0.00954553	99.3202	0.842275	0
5.70105	0.00978129	101.2	0.843307	0
5.69924	0.00966111	100.445	0.846746	0
5.70578	0.00984689	101.62	0.817168	0
5.69255	0.0095654	100.411	0.848466	0
5.69025	0.00966164	100.797	0.813041	0
5.70566	0.00972756	100.73	0.825079	0
5.70856	0.00983501	99.2698	0.840555	0
5.70386	0.00995139	101.099	0.857752	0
5.70766	0.00978739	100.797	0.848809	0
5.70911	0.00966183	100.848	0.815793	0
5.70048	0.00974285	99.3705	0.831613	0
5.68809	0.00955242	99.0852	0.845714	0
5.67903	0.00953969	99.5552	0.821639	0
5.68034	0.00983764	99.5888	0.820951	0
5.68891	0.00967476	100.176	0.854312	0
5.69017	0.00959932	100.596	0.851217	0
5.69936	0.00947153	101.267	0.830925	0
5.71403	0.00982885	102.107	0.855688	0
5.7046	0.00969345	99.9916	0.826798	0
5.68372	0.00952316	99.9916	0.828862	0
5.68682	0.00971103	101.771	0.857408	0
5.70058	0.00971202	101.687	0.841243	0
5.6987	0.00974587	101.318	0.831269	0
5.70691	0.00970428	100.713	0.824391	0
5.70806	0.00933358	100.596	0.84537	0
5.69749	0.00958069	100.478	0.841587	0
5.69274	0.00945389	100.562	0.828518	0
5.68794	0.00947698	101.267	0.832301	0
5.69718	0.00954513	100.915	0.832645	0
5.70201	0.00978398	101.301	0.836084	0
5.68897	0.00976633	100.411	0.83746	0
5.68924	0.00949069	100.076	0.853968	0
5.70847	0.00974947	99.8741	0.858439	0
5.71295	0.0097992	100.948	0.835396	0
5.69907	0.0095925	99.3538	0.831957	0
5.68702	0.00952067	100.143	0.845026	0
5.68602	0.00956626	101.2	0.848809	0
5.69212	0.00965908	100.529	0.835396	0
5.69994	0.00933981	100.529	0.849153	0
5.69766	0.00959368	99.337	0.828174	0
5.68714	0.00957301	101.502	0.832989	0
5.69139	0.00963002	100.008	0.836428	0
5.7076	0.00949397	101.15	0.849841	0
5.69015	0.00978778	99.488	0.843307	0
5.67155	0.0094918	99.0684	0.80857	0
5.69717	0.00955983	98.4138	0.849841	0
5.71541	0.00959256	101.905	0.831957	0
5.7009	0.00945566	100.21	0.850529	0
5.7011	0.00939734	101.418	0.839867	0
5.70904	0.0096104	100.327	0.853281	0
5.69323	0.0096106	100.126	0.844682	0
5.69473	0.00966059	100.596	0.830237	0
5.70057	0.00962995	100.529	0.834021	0
5.6958	0.00948564	100.008	0.851217	0
5.70502	0.00967804	101.2	0.839523	0
5.69639	0.00975387	99.6727	0.840899	0
5.69594	0.00964616	99.6055	0.822671	0
5.7162	0.00963172	101.821	0.821295	0
5.70316	0.00975452	100.294	0.846058	0
5.69841	0.00994935	101.251	0.858783	0
5.70452	0.0097418	100.529	0.83918	0
5.69322	0.00951673	100.747	0.853624	0
5.68515	0.0097624	100.159	0.830237	0
5.68279	0.00968256	99.9077	0.848122	0
5.6847	0.00965737	100.948	0.836428	0
5.69652	0.00961027	100.713	0.847778	0
5.69988	0.00946989	99.5552	0.823703	0
5.70587	0.0098213	101.301	0.842619	0
5.71461	0.00982275	100.344	0.833677	0
5.70364	0.00963297	100.965	0.838836	0
5.68216	0.00971569	100.629	0.848466	0
5.68157	0.00958646	99.8238	0.836772	0
5.68897	0.00961578	101.066	0.824391	0
5.69275	0.00959617	101.586	0.830925	0
5.70311	0.00948498	99.6559	0.827142	0
5.70462	0.00950518	99.6727	0.81992	0
5.70108	0.00954395	100.781	0.828518	0
5.70142	0.00963835	100.797	0.830237	0
5.71263	0.0098524	100.932	0.846746	0
5.70554	0.00958679	101.637	0.847434	0
5.69071	0.00975105	100.797	0.829206	0
5.69213	0.00964557	100.21	0.810978	0
5.68324	0.00936159	100.176	0.833677	0
5.68263	0.00965344	98.8838	0.83746	0
5.69777	0.00967128	101.284	0.839867	0
5.69429	0.00966846	101.872	0.835052	0
5.69155	0.00956488	100.898	0.82783	0
5.69948	0.00933843	100.344	0.858439	0
5.69681	0.00957852	99.6391	0.82955	0
5.70641	0.00956048	100.864	0.821295	0
5.72135	0.00961086	101.284	0.81992	0
5.7051	0.0094859	99.3873	0.840211	0
5.69465	0.00965652	100.042	0.831957	0
5.70264	0.00968794	100.076	0.836772	0
5.70111	0.00936375	99.9916	0.830925	0
5.69736	0.00973655	99.807	0.849497	0
5.69438	0.00968289	100.327	0.834365	0
5.69477	0.00962759	100.193	0.834365	0
5.70323	0.00946346	100.428	0.832989	0
5.70475	0.00952126	100.781	0.851905	0
5.69989	0.00970447	99.9916	0.846402	0
5.70091	0.00966183	101.284	0.82783	0
5.70995	0.00948846	101.536	0.830237	0
5.71091	0.00971602	101.183	0.849497	0
5.69895	0.00949954	100.596	0.838148	0
5.69394	0.00949239	100.411	0.832645	0
5.69896	0.00954126	101.133	0.832645	0
5.69711	0.00963999	99.3034	0.817856	0
5.69627	0.00959086	100.881	0.838148	0
5.69861	0.0097538	99.1691	0.83918	0
5.69256	0.00961637	100.73	0.85672	0
5.70164	0.00967987	98.5816	0.829206	0
5.70622	0.00961526	101.62	0.823359	0
5.68806	0.009676	100.008	0.852249	0
5.68967	0.00951194	100.881	0.830581	0
5.71173	0.00973649	102.274	0.828862	0
5.71159	0.00961106	100.68	0.832301	0
5.70749	0.00943132	101.116	0.843995	0
5.70546	0.00976004	100.126	0.830581	0
5.69876	0.00955005	99.4713	0.828862	0
5.70805	0.009549	101.217	0.837116	0
5.71147	0.00979067	100.193	0.831957	0
5.68945	0.00945631	100.831	0.833677	0
5.7016	0.00977663	101.754	0.850529	0
5.7184	0.0096146	100.277	0.83574	0
5.69758	0.00974895	100.378	0.819232	0
5.70243	0.00973708	99.2363	0.841587	0
5.71431	0.0096289	100.512	0.849497	0
5.70288	0.00964012	100.26	0.841587	0
5.69679	0.00974108	101.435	0.84709	0
5.70567	0.00959433	100.781	0.844682	0
5.7118	0.00966662	100.663	0.840211	0
5.70342	0.00970244	100.176	0.829894	0
5.69117	0.00980195	98.2963	0.84709	0
5.68603	0.00966078	99.958	0.841931	0
5.69381	0.00966505	99.8238	0.831269	0
5.7109	0.00956967	101.2	0.838492	0
5.71978	0.00972107	101.183	0.837116	0
5.7109	0.00939117	101.334	0.832989	0
5.70532	0.0093343	98.9677	0.823015	0
5.70938	0.00945402	100.344	0.827142	0
5.71261	0.00977184	100.512	0.850185	0
5.71297	0.00969719	100.646	0.833677	0
5.71964	0.00981041	100.915	0.831957	0
5.71429	0.00982386	100.294	0.808226	0
5.69093	0.00961467	100.663	0.843995	0
5.68652	0.00962753	98.9341	0.835396	0
5.70742	0.00953818	100.495	0.841931	0
5.70383	0.00953228	101.217	0.83574	0
5.68825	0.00972691	99.5048	0.828518	0
5.69656	0.00955642	99.958	0.821295	0
5.71609	0.00942522	99.572	0.843307	0
5.71228	0.0096167	100.529	0.845026	0
5.69574	0.00989504	100.495	0.86463	0
5.68527	0.00967128	98.6991	0.82611	0
5.70151	0.00944221	100.982	0.844682	0
5.71638	0.00945513	100.126	0.82955	0
5.70815	0.00981743	100.764	0.832645	0
5.70953	0.00973202	100.311	0.813385	0
5.7079	0.0096207	101.804	0.847778	0
5.69275	0.00969234	99.7063	0.817512	0
5.70505	0.00965252	101.251	0.841931	0
5.71543	0.00967909	100.999	0.833677	0
5.71345	0.00996451	101.653	0.850185	0
5.71079	0.0097212	100.059	0.836084	0
5.69318	0.00966689	100.344	0.830581	0
5.70244	0.00944864	101.804	0.854656	0
5.7199	0.00948931	99.7566	0.827142	0
5.70598	0.0096682	99.9916	0.841587	0
5.70245	0.00979093	101.251	0.852937	0
5.70803	0.00956731	100.663	0.821639	0
5.70215	0.00966826	99.3034	0.839523	0
5.70767	0.00967961	100.68	0.838492	0
5.70297	0.00970454	99.5216	0.824735	0
5.69601	0.00960358	100.629	0.827142	0
5.71662	0.00984	99.6391	0.834365	0
5.72506	0.00980635	100.21	0.844682	0
5.70766	0.00960444	100.881	0.812353	0
5.69763	0.00942535	99.723	0.820264	0
5.70739	0.00950072	100.327	0.843307	0
5.70754	0.00973307	100.613	0.83918	0
5.6986	0.00937727	100.159	0.830925	0
5.70927	0.00938645	101.15	0.838836	0
5.7074	0.00964393	100.327	0.831957	0
5.69601	0.00973419	100.478	0.81029	0
5.69178	0.00946248	99.4209	0.840899	0
5.68775	0.00963907	99.5552	0.819576	0
5.69292	0.00948308	99.8238	0.848809	0
5.70117	0.00948072	100.562	0.81992	0
5.70456	0.00961939	99.2027	0.842275	0
5.70001	0.00971294	100.378	0.829894	0
5.69279	0.00956357	99.1355	0.813385	0
5.70965	0.00964491	101.301	0.829206	0
5.71179	0.00970244	100.478	0.831269	0
5.69373	0.00954507	100.059	0.825423	0
5.70146	0.0095244	99.9413	0.82783	0
5.71441	0.00967384	100.814	0.836428	0
5.70603	0.00983574	98.8334	0.804443	0
5.67919	0.00973832	100.462	0.82955	0
5.68052	0.00963126	100.697	0.819232	0
5.71923	0.00963454	101.771	0.834709	0
5.71789	0.0101564	100.713	0.842275	0
5.69039	0.00981691	99.2027	0.821639	0
5.69275	0.00938415	99.3202	0.839523	0
5.69893	0.00945756	100.764	0.831957	0
5.69536	0.00974186	100.932	0.849153	0
5.70978	0.00960817	100.378	0.835396	0
5.7181	0.00962195	101.318	0.841931	0
5.71361	0.00962057	100.881	0.831613	0
5.70652	0.0098972	98.7663	0.825079	0
5.70541	0.00975531	99.572	0.836084	0
5.71009	0.00977703	100.344	0.838148	0
5.69416	0.00960148	98.8838	0.842619	0
5.69656	0.00954855	100.193	0.829894	0
5.72061	0.0095084	100.982	0.817168	0
5.70915	0.00946996	100.411	0.816137	0
5.69409	0.00968571	100.327	0.842275	0
5.6986	0.00975144	100.059	0.829206	0
5.69779	0.00969437	100.428	0.830925	0
5.69279	0.00950623	99.7902	0.839523	0
5.70603	0.00964924	100.394	0.847778	0
5.72058	0.00967594	100.042	0.834021	0
5.71586	0.00967548	101.402	0.858095	0
5.71384	0.00969667	99.1355	0.825423	0
5.69157	0.00945999	99.2698	0.840899	0
5.67421	0.00945172	99.1859	0.842275	0
5.70268	0.00963566	100.126	0.851217	0
5.71313	0.00999986	100.596	0.857408	0
5.69604	0.00920022	101.519	0.808226	0
5.70477	0.00954566	100.21	0.842963	0
5.71297	0.00965455	99.488	0.841243	0
5.6996	0.00972966	99.9748	0.823359	0
5.70252	0.00962674	101.368	0.841243	0
5.70972	0.00979218	100.176	0.833333	0
5.70733	0.00946615	98.4473	0.819576	0
5.70794	0.0097416	100.663	0.838836	0
5.69679	0.00952939	99.1859	0.856376	0
5.69613	0.00981055	101.721	0.850185	0
5.71292	0.00975157	101.754	0.841587	0
5.71415	0.00959551	100.797	0.827486	0
5.70313	0.00982865	101.318	0.827142	0
5.69924	0.00955386	101.066	0.843307	0
5.69608	0.00948997	100.294	0.837804	0
5.69814	0.00953018	101.032	0.836428	0
5.7124	0.00968735	100.915	0.828174	0
5.71538	0.00981068	100.243	0.84537	0
5.71351	0.00968768	100.478	0.855688	0
5.70729	0.00951758	100.059	0.830925	0
5.70528	0.00954172	100.73	0.832301	0
5.7277	0.00947921	101.066	0.812353	0
5.72435	0.00952998	100.982	0.835052	0
5.70187	0.00959656	100.193	0.82611	0
5.71517	0.0097931	100.109	0.846746	0
5.71118	0.00945651	100.193	0.831613	0
5.70471	0.00975328	101.301	0.838836	0
5.70974	0.00970926	100.562	0.830237	0
5.69081	0.00949521	99.958	0.833677	0
5.70125	0.00970152	100.965	0.857752	0
5.73168	0.0097809	99.3034	0.813041	0
5.72994	0.00965363	100.781	0.835052	0
5.72664	0.00995244	102.56	0.843995	0
5.72505	0.0098812	100.227	0.853624	0
5.70606	0.0097481	101.016	0.82611	0
5.69741	0.0093587	100.344	0.832989	0
5.70846	0.00953674	100.73	0.825766	0
5.70393	0.00966833	100.025	0.847434	0
5.70142	0.00979939	101.083	0.82611	0
5.71591	0.00947035	99.488	0.814417	0
5.72513	0.00948354	100.713	0.827486	0
5.72776	0.00985168	101.284	0.832645	0
5.72413	0.00991924	99.9245	0.836772	0
5.72413	0.00965481	101.536	0.82955	0
5.71819	0.00972684	100.243	0.820608	0
5.70956	0.00968998	98.7998	0.851561	0
5.71289	0.00957459	99.3873	0.823359	0
5.7129	0.00952683	101.704	0.812009	0
5.70593	0.00967344	101.016	0.836772	0
5.69933	0.00969608	100.042	0.840555	0
5.70884	0.00976305	99.5384	0.83918	0
5.71183	0.00978339	98.9845	0.813385	0
5.70716	0.00963048	99.2866	0.814761	0
5.70864	0.00963317	98.548	0.828862	0
5.71299	0.00984072	100.68	0.839523	0
5.72096	0.00986329	102.291	0.857408	0
5.71463	0.0097828	99.337	0.842963	0
5.70068	0.0097889	100.948	0.831269	0
5.69918	0.00957131	100.394	0.816137	0
5.71113	0.00982786	100.965	0.834365	0
5.71813	0.00977506	99.6055	0.830581	0
5.71185	0.0095494	100.546	0.834365	0
5.71941	0.00975013	100.109	0.795501	0
5.71793	0.00956632	99.5888	0.83574	0
5.70932	0.00979224	101.469	0.848466	0
5.71285	0.00974528	100.663	0.838836	0
5.70551	0.00981533	99.7902	0.828518	0
5.71557	0.00986296	100.327	0.840555	0
5.72334	0.00981251	100.797	0.820951	0
5.72	0.00973727	101.788	0.841243	0
5.72682	0.0097641	98.783	0.826454	0
5.72261	0.00966597	99.6559	0.838836	0
5.72208	0.00936329	102.123	0.82783	0
5.73155	0.00968374	100.344	0.837804	0
5.72086	0.00948393	99.253	0.853968	0
5.70747	0.00963159	99.8741	0.838492	0
5.71396	0.00951732	100.663	0.834365	0
5.73194	0.00995795	102.358	0.844338	0
5.73274	0.00957196	101.066	0.8182	0
5.72023	0.009619	100.26	0.841931	0
5.70624	0.00959656	99.8573	0.836772	0
5.71127	0.00966229	101.267	0.850529	0
5.72602	0.0096678	101.016	0.846058	0
5.71434	0.00951411	100.294	0.836084	0
5.73034	0.00982432	102.526	0.82783	0
5.7412	0.0097727	99.8238	0.860847	0
5.70374	0.0097727	100.713	0.840211	0
5.70806	0.009877	99.102	0.853624	0
5.72314	0.00999501	102.123	0.860159	0
5.71524	0.00993158	100.915	0.810978	0
5.7134	0.0097582	100.629	0.848809	0
5.703	0.00978719	98.9845	0.83746	0
5.70144	0.00957977	100.294	0.836428	0
5.72266	0.00968807	101.049	0.844682	0
5.70668	0.0095778	99.2866	0.833677	0
5.68868	0.00992705	99.2195	0.822671	0
5.70358	0.00971805	101.049	0.840211	0
5.71113	0.00966957	99.4209	0.836084	0
5.72185	0.00964871	101.116	0.831613	0
5.73079	0.00966315	101.838	0.847434	0
5.73255	0.00972527	99.8741	0.827486	0
5.72395	0.00983429	100.562	0.825423	0
5.69069	0.00951634	98.8838	0.839523	0
5.69022	0.00963776	98.162	0.833677	0
5.70841	0.00947383	99.6055	0.829894	0
5.71472	0.00953772	99.5216	0.819576	0
5.71625	0.00973701	99.1859	0.833677	0
5.71239	0.00965331	100.562	0.836772	0
5.71252	0.00990422	99.2195	0.847434	0
5.70527	0.00975321	99.9748	0.867038	0
5.71735	0.00973281	100.881	0.840555	0
5.72731	0.00973813	100.059	0.812009	0
5.72005	0.00962648	101.066	0.860503	0
5.72231	0.00976633	99.8741	0.815793	0
5.72086	0.00999022	100.495	0.843651	0
5.71471	0.00973517	102.107	0.816137	0
5.72096	0.00951299	101.2	0.83574	0
5.72511	0.00964839	100.428	0.83574	0
5.71769	0.00971038	101.318	0.849841	0
5.71219	0.00956147	99.8909	0.82611	0
5.72437	0.00961073	100.361	0.839523	0
5.72759	0.00936848	100.243	0.831613	0
5.71917	0.00969181	102.09	0.849841	0
5.71744	0.00964458	99.4545	0.836428	0
5.70912	0.00975065	99.2195	0.834709	0
5.71263	0.00966807	101.653	0.826798	0
5.72218	0.00972881	100.512	0.836772	0
5.71921	0.00965219	99.5384	0.845026	0
5.71809	0.00969542	99.807	0.83918	0
5.71183	0.00962949	100.579	0.842619	0
5.69955	0.00955038	99.253	0.829206	0
5.7082	0.00951397	100.713	0.825423	0
5.73418	0.00960778	100.932	0.855344	0
5.72792	0.0094901	100.411	0.827486	0
5.70994	0.00968394	100.478	0.846746	0
5.70379	0.00937517	98.0613	0.824391	0
5.70788	0.00935772	101.2	0.856376	0
5.73338	0.00972481	101.318	0.822327	0
5.7342	0.00970474	100.059	0.845026	0
5.72164	0.0097479	100.445	0.828174	0
5.72451	0.00981507	99.9077	0.817512	0
5.72142	0.0097296	100.512	0.843307	0
5.71731	0.00980477	99.7063	0.835396	0
5.72364	0.00970487	100.713	0.839523	0
5.72753	0.00952532	100.982	0.843651	0
5.72874	0.00979441	101.016	0.83574	0
5.73449	0.00968906	99.5216	0.819576	0
5.72967	0.00970802	100.948	0.838148	0
5.71715	0.00975151	99.5216	0.833333	0
5.70534	0.00983803	99.4377	0.842963	0
5.70653	0.00950289	101.032	0.834365	0
5.71868	0.00952276	101.099	0.813385	0
5.72053	0.0094308	101.553	0.84537	0
5.72301	0.00983843	100.864	0.814073	0
5.72203	0.00964504	101.016	0.861879	0
5.72139	0.00966039	100.361	0.840555	0
5.73654	0.00958561	101.15	0.823359	0
5.73145	0.00964294	101.2	0.839867	0
5.71112	0.00955838	100.864	0.831269	0
5.72476	0.00984531	99.5552	0.837804	0
5.73075	0.00964215	100.831	0.856376	0
5.71978	0.00957583	99.9413	0.838492	0
5.72104	0.00964268	100.764	0.840555	0
5.72238	0.0095698	101.469	0.841243	0
5.72613	0.00948544	99.8238	0.831957	0
5.73875	0.00974068	101.67	0.842619	0
5.72855	0.00977952	101.133	0.852249	0
5.71497	0.00956363	100.713	0.846746	0
5.71739	0.00964058	100.713	0.850873	0
5.72303	0.00967121	100.646	0.847778	0
5.73038	0.00979001	98.9005	0.813729	0
5.7216	0.00948439	100.378	0.823703	0
5.71017	0.00950669	101.099	0.852937	0
5.72391	0.00961349	100.378	0.844682	0
5.73353	0.00987155	101.032	0.830925	0
5.72972	0.00979277	102.09	0.834021	0
5.72704	0.00958784	101.133	0.841931	0
5.72109	0.00956212	102.056	0.838148	0
5.72698	0.0093978	101.049	0.832301	0
5.72691	0.00946412	99.3538	0.823015	0
5.71829	0.00950814	100.596	0.830581	0
5.71938	0.00939163	99.7063	0.851905	0
5.72067	0.00960883	100.629	0.824735	0
5.70922	0.00962097	99.0348	0.82955	0
5.70529	0.00965239	100.294	0.836084	0
5.71996	0.0096207	100.915	0.833333	0
5.72834	0.00941846	100.764	0.836428	0
5.73589	0.00945789	101.972	0.850873	0
5.74099	0.00997126	100.193	0.852937	0
5.73353	0.0097128	101.418	0.833677	0
5.72262	0.0094941	101.452	0.812697	0
5.71511	0.00961585	100.26	0.840555	0
5.72493	0.00978142	101.267	0.828174	0
5.7339	0.00975006	99.8238	0.838492	0
5.71412	0.00955294	99.253	0.834709	0
5.70731	0.00961441	100.445	0.857408	0
5.71787	0.00964281	100.059	0.830581	0
5.70817	0.0094634	100.294	0.858095	0
5.72024	0.00974429	102.157	0.839523	0
5.73927	0.00959945	99.9748	0.816824	0
5.7224	0.00958469	100.814	0.838492	0
5.7162	0.0096171	100.579	0.83574	0
5.72291	0.00949908	100.378	0.850185	0
5.70996	0.00944339	99.4209	0.849497	0
5.71133	0.00975433	99.4041	0.822327	0
5.72128	0.00959984	100.864	0.855344	0
5.72118	0.00988067	100.193	0.83574	0
5.72722	0.00956514	100.596	0.8182	0
5.73124	0.00954323	100.243	0.839867	0
5.72751	0.00979447	100.143	0.823359	0
5.71212	0.00984171	100.797	0.830581	0
5.72196	0.00961939	100.311	0.815449	0
5.73478	0.00973511	100.361	0.850185	0
5.72821	0.00970979	101.334	0.842619	0
5.72055	0.00981173	99.9245	0.840211	0
5.70917	0.00961408	99.1691	0.845026	0
5.70412	0.00969037	99.4377	0.842963	0
5.71691	0.00964347	101.804	0.817168	0
5.7357	0.0098337	102.677	0.86463	0
5.73832	0.00960844	101.049	0.841243	0
5.73168	0.00960148	101.385	0.835052	0
5.72126	0.00946766	99.9916	0.829206	0
5.72016	0.00949062	101.402	0.830925	0
5.71607	0.00957387	100.982	0.849841	0
5.7035	0.00976673	100.411	0.840211	0
5.72641	0.00956468	99.7734	0.815793	0
5.74049	0.00932026	100.176	0.833333	0
5.71689	0.0097067	99.337	0.848466	0
5.71431	0.00925558	100.864	0.82611	0
5.72524	0.00976089	101.133	0.821639	0
0	0	0	0	0
0	0	0	0	0
0	0	0	0	0
0	0	0	0	0
0	0	0	0	0
0	0	0	0	0
0	0	0	0	0
0	0	0	0	0
0	0	0	0	0
0	0	0	0	0
0	0	0	0	0
0	0	0	0	0
0	0	0	0	0
0	0	0	0	0
0	0	0	0	0
0	0	0	0	0
0	0	0	0	0
0	0	0	0	0
0	0	0	0	0
0	0	0	0	0
0	0	0	0	0
0	0	0	0	0
0	0	0	0	0
0	0	0	0	0
0	0	0	0	0
0	0	0	0	0
0	0	0	0	0
0	0	0	0	0
0	0	0	0	0
0	0	0	0	0
0	0	0	0	0
0	0	0	0	0
0	0	0	0	0
0	0	0	0	0
0	0	0	0	0
0	0	0	0	0
0	0	0	0	0
0	0	0	0	0
0	0	0	0	0
0	0	0	0	0
0	0	0	0	0
0	0	0	0	0
0	0	0	0	0
0	0	0	0	0
0	0	0	0	0
0	0	0	0	0
0	0	0	0	0
0	0	0	0	0
0	0	0	0	0
0	0	0	0	0
0	0	0	0	0
0	0	0	0	0
0	0	0	0	0
0	0	0	0	0
0	0	0	0	0
0	0	0	0	0
0	0	0	0	0
0	0	0	0	0
0	0	0	0	0
0	0	0	0	0
0	0	0	0	0
0	0	0	0	0
0	0	0	0	0
0	0	0	0	0
0	0	0	0	0
0	0	0	0	0
0	0	0	0	0
0	0	0	0	0
0	0	0	0	0
0	0	0	0	0
0	0	0	0	0
0	0	0	0	0
0	0	0	0	0
0	0	0	0	0
0	0	0	0	0
0	0	0	0	0
0	0	0	0	0
0	0	0	0	0
0	0	0	0	0
0	0	0	0	0
0	0	0	0	0
0	0	0	0	0
0	0	0	0	0
0	0	0	0	0
0	0	0	0	0
0	0	0	0	0
0	0	0	0	0
0	0	0	0	0
0	0	0	0	0
0	0	0	0	0
0	0	0	0	0
0	0	0	0	0
0	0	0	0	0
0	0	0	0	0
0	0	0	0	0
0	0	0	0	0
0	0	0	0	0
0	0	0	0	0
0	0	0	0	0
0	0	0	0	0
0	0	0	0	0
0	0	0	0	0
0	0	0	0	0
0	0	0	0	0
0	0	0	0	0
0	0	0	0	0
0	0	0	0	0
0	0	0	0	0
0	0	0	0	0
0	0	0	0	0
0	0	0	0	0
0	0	0	0	0
0	0	0	0	0
0	0	0	0	0
0	0	0	0	0
0	0	0	0	0
0	0	0	0	0
0	0	0	0	0
0	0	0	0	0
0	0	0	0	0
0	0	0	0	0
0	0	0	0	0
0	0	0	0	0
0	0	0	0	0
0	0	0	0	0
0	0	0	0	0
0	0	0	0	0
0	0	0	0	0
0	0	0	0	0
0	0	0	0	0
0	0	0	0	0
0	0	0	0	0
0	0	0	0	0
0	0	0	0	0
0	0	0	0	0
0	0	0	0	0
0	0	0	0	0
0	0	0	0	0
0	0	0	0	0
0	0	0	0	0
0	0	0	0	0
0	0	0	0	0
0	0	0	0	0
0	0	0	0	0
0	0	0	0	0
0	0	0	0	0
0	0	0	0	0
0	0	0	0	0
0	0	0	0	0
0	0	0	0	0
0	0	0	0	0
0	0	0	0	0
0	0	0	0	0
0	0	0	0	0
0	0	0	0	0
0	0	0	0	0
0	0	0	0	0
0	0	0	0	0
0	0	0	0	0
0	0	0	0	0
0	0	0	0	0
0	0	0	0	0
0	0	0	0	0
0	0	0	0	0
0	0	0	0	0
0	0	0	0	0
0	0	0	0	0
0	0	0	0	0
0	0	0	0	0
0	0	0	0	0
0	0	0	0	0
0	0	0	0	0
0	0	0	0	0
0	0	0	0	0
0	0	0	0	0
0	0	0	0	0
0	0	0	0	0
0	0	0	0	0
0	0	0	0	0
0	0	0	0	0
0	0	0	0	0
0	0	0	0	0
0	0	0	0	0
0	0	0	0	0
0	0	0	0	0
0	0	0	0	0
0	0	0	0	0
0	0	0	0	0
0	0	0	0	0
0	0	0	0	0
0	0	0	0	0
0	0	0	0	0
0	0	0	0	0
0	0	0	0	0
0	0	0	0	0
0	0	0	0	0
0	0	0	0	0
0	0	0	0	0
0	0	0	0	0
0	0	0	0	0
0	0	0	0	0
0	0	0	0	0
0	0	0	0	0
0	0	0	0	0
0	0	0	0	0
0	0	0	0	0
0	0	0	0	0
0	0	0	0	0
0	0	0	0	0
0	0	0	0	0
0	0	0	0	0
0	0	0	0	0
0	0	0	0	0
0	0	0	0	0
0	0	0	0	0
0	0	0	0	0
0	0	0	0	0
0	0	0	0	0
0	0	0	0	0
0	0	0	0	0
0	0	0	0	0
0	0	0	0	0
0	0	0	0	0
0	0	0	0	0
0	0	0	0	0
0	0	0	0	0
0	0	0	0	0
0	0	0	0	0
0	0	0	0	0
0	0	0	0	0
0	0	0	0	0
0	0	0	0	0
0	0	0	0	0
0	0	0	0	0
0	0	0	0	0
0	0	0	0	0
0	0	0	0	0
0	0	0	0	0
0	0	0	0	0
0	0	0	0	0
0	0	0	0	0
0	0	0	0	0
0	0	0	0	0
0	0	0	0	0
0	0	0	0	0
0	0	0	0	0
0	0	0	0	0
0	0	0	0	0
0	0	0	0	0
0	0	0	0	0
0	0	0	0	0
0	0	0	0	0
0	0	0	0	0
0	0	0	0	0
0	0	0	0	0
0	0	0	0	0
0	0	0	0	0
0	0	0	0	0
0	0	0	0	0
0	0	0	0	0
0	0	0	0	0
0	0	0	0	0
0	0	0	0	0
0	0	0	0	0
0	0	0	0	0
0	0	0	0	0
0	0	0	0	0
0	0	0	0	0
0	0	0	0	0
0	0	0	0	0
0	0	0	0	0
0	0	0	0	0
0	0	0	0	0
0	0	0	0	0
0	0	0	0	0
0	0	0	0	0
0	0	0	0	0
0	0	0	0	0
0	0	0	0	0
0	0	0	0	0
0	0	0	0	0
0	0	0	0	0
0	0	0	0	0
0	0	0	0	0
0	0	0	0	0
0	0	0	0	0
0	0	0	0	0
0	0	0	0	0
0	0	0	0	0
0	0	0	0	0
0	0	0	0	0
0	0	0	0	0
0	0	0	0	0
0	0	0	0	0
0	0	0	0	0
0	0	0	0	0
0	0	0	0	0
0	0	0	0	0
0	0	0	0	0
0	0	0	0	0
0	0	0	0	0
0	0	0	0	0
0	0	0	0	0
0	0	0	0	0
0	0	0	0	0
0	0	0	0	0
0	0	0	0	0
0	0	0	0	0
0	0	0	0	0
0	0	0	0	0
0	0	0	0	0
0	0	0	0	0
0	0	0	0	0
0	0	0	0	0
0	0	0	0	0
0	0	0	0	0
0	0	0	0	0
0	0	0	0	0
0	0	0	0	0
0	0	0	0	0
0	0	0	0	0
0	0	0	0	0
0	0	0	0	0
0	0	0	0	0
0	0	0	0	0
0	0	0	0	0
0	0	0	0	0
0	0	0	0	0
0	0	0	0	0
0	0	0	0	0
0	0	0	0	0
0	0	0	0	0
0	0	0	0	0
0	0	0	0	0
0	0	0	0	0
0	0	0	0	0
0	0	0	0	0
0	0	0	0	0
0	0	0	0	0
0	0	0	0	0
0	0	0	0	0
0	0	0	0	0
0	0	0	0	0
0	0	0	0	0
0	0	0	0	0
0	0	0	0	0
0	0	0	0	0
0	0	0	0	0
0	0	0	0	0
0	0	0	0	0
0	0	0	0	0
0	0	0	0	0
0	0	0	0	0
0	0	0	0	0
0	0	0	0	0
0	0	0	0	0
0	0	0	0	0
0	0	0	0	0
0	0	0	0	0
0	0	0	0	0
0	0	0	0	0
0	0	0	0	0
0	0	0	0	0
0	0	0	0	0
0	0	0	0	0
0	0	0	0	0
0	0	0	0	0
0	0	0	0	0
0	0	0	0	0
0	0	0	0	0
0	0	0	0	0
0	0	0	0	0
0	0	0	0	0
0	0	0	0	0
0	0	0	0	0
0	0	0	0	0
0	0	0	0	0
0	0	0	0	0
0	0	0	0	0
0	0	0	0	0
0	0	0	0	0
0	0	0	0	0
0	0	0	0	0
0	0	0	0	0
0	0	0	0	0
0	0	0	0	0
0	0	0	0	0
0	0	0	0	0
0	0	0	0	0
0	0	0	0	0
0	0	0	0	0
0	0	0	0	0
0	0	0	0	0
0	0	0	0	0
0	0	0	0	0
0	0	0	0	0
0	0	0	0	0
0	0	0	0	0
0	0	0	0	0
0	0	0	0	0
