a2610712.350160
Narit-cm 07/01/2026 12:05:00 07/01/2026 12:35:01 0045 0013.384714 0052.542598 00.0 00.0
0002393 0010 0000000 0010 05 0000000 0010 0000000 0010
1 0 1 01600 1 0000 3.75 00000.o 0 0 01 000 16 002393 0.500 BT0
1 2 1 02000 1 0000 3.75 00000.o 0 0 01 000 16 002393 0.500 S2A0
1 1 1 01600 1 0000 3.75 00000.o 0 0 00 000 00 002393 3.1746 BC0
1 3 1 02000 1 0000 3.75 00000.o 0 0 00 000 00 002393 3.1746 S2P0
1 5 0 01600 0 0000 1.00 00000.o 0 0 00 000 00 000000 0.000 OF0
0.000 .o Analog 0 	0.000 .o Analog StErr 0 	0.000 .o Photon Counting 0 	0.000 .o PC StErr 0 	0.000 .o Overflow Info 0 
29.7178	0.111841	154.584	0.85238	0
50.8167	0.181727	161.822	0.839051	0
119.75	0.784391	79.5988	1.20475	0
320.323	1.57719	0.384455	0.114494	1
494.584	0.257767	27.5804	0.75976	1
499.989	0.00732836	147.931	1.27105	1
496.966	0.158038	128.692	1.30728	1
496.733	0.163907	25.0564	0.665089	1
499.954	0.0201801	18.1195	0.540342	1
499.992	0.00801837	37.7936	0.732418	1
500	0	82.9252	0.998317	1
500	0	138.153	1.05847	1
500	0	161.036	1.03352	1
500	0	132.236	1.03762	1
500	0	113.464	1.00139	1
500	0	105.658	0.948418	1
500	0	108.433	0.95457	1
500	0	110.957	0.970633	1
500	0	114.25	0.938165	1
496.463	0.135799	124.597	0.937823	1
463.883	0.333561	144.338	0.982253	1
423.07	0.314067	167.89	0.943291	0
386.809	0.287535	184.288	0.924836	0
354.471	0.262646	193.397	0.928595	0
325.863	0.239988	195.453	0.903646	0
300.578	0.22185	196.055	0.911848	0
278.002	0.203227	195.821	0.912532	0
257.891	0.18738	194.35	0.919709	0
239.95	0.174013	195.27	0.903304	0
223.782	0.163163	191.475	0.874595	0
208.984	0.152328	189.57	0.911506	0
195.367	0.142249	188.048	0.884848	0
182.736	0.135155	186.711	0.883823	0
170.693	0.130156	183.535	0.884848	0
159.198	0.125507	181.58	0.881089	0
148.422	0.120888	180.861	0.867418	0
138.323	0.115731	179.473	0.871861	0
128.731	0.112235	178.337	0.850329	0
119.601	0.109727	174.024	0.878354	0
110.96	0.106125	175.127	0.853063	0
102.765	0.102709	171.116	0.862975	0
94.8957	0.100438	170.798	0.849987	0
87.387	0.0997387	168.725	0.871177	0
80.2416	0.0982187	167.472	0.886899	0
73.3719	0.0941348	168.074	0.853063	0
66.8158	0.0906808	166.001	0.853063	0
60.637	0.0880848	164.513	0.845886	0
54.9142	0.085678	162.424	0.836317	0
49.637	0.082834	163.159	0.826063	0
44.8378	0.0784061	158.496	0.825038	0
40.6433	0.0727868	158.679	0.842127	0
37.0101	0.0668853	156.189	0.843152	0
33.8539	0.0616842	154.15	0.838709	0
31.2105	0.0557851	152.16	0.844861	0
29.0247	0.049247	150.338	0.837342	0
27.36	0.0441236	150.054	0.826747	0
26.0784	0.0400018	149.269	0.836658	0
25.0259	0.0367012	146.193	0.795987	0
24.2215	0.0341765	144.856	0.805899	0
23.5374	0.0313026	146.193	0.82538	0
22.9787	0.0293175	144.806	0.804873	0
22.5584	0.0280854	144.221	0.814101	0
22.19	0.0274822	143.134	0.808633	0
21.8301	0.0269594	142.349	0.842468	0
21.515	0.026039	139.958	0.800089	0
21.2417	0.0250254	139.908	0.799747	0
20.9825	0.0250972	138.905	0.816152	0
20.7756	0.024869	138.504	0.824696	0
20.6308	0.0240893	138.905	0.82743	0
20.4682	0.023509	136.398	0.81376	0
20.304	0.0240075	136.498	0.810684	0
20.1096	0.0236033	134.994	0.799747	0
19.9516	0.023914	136.749	0.790519	0
19.8866	0.0234033	136.565	0.817177	0
19.8052	0.0235643	135.328	0.825722	0
19.7118	0.0238704	136.214	0.798038	0
19.6187	0.0235261	136.298	0.806924	0
19.5238	0.0233804	135.629	0.788468	0
19.4241	0.0229168	134.308	0.83119	0
19.3083	0.0233335	135.395	0.825722	0
19.1854	0.023199	133.974	0.807949	0
19.1083	0.0227518	133.79	0.81	0
19.0937	0.0234964	134.609	0.811367	0
18.9981	0.0234359	133.356	0.810684	0
18.8823	0.0223704	133.941	0.803848	0
18.8931	0.0233133	134.609	0.803848	0
18.8581	0.0227244	134.292	0.800772	0
18.7307	0.0227332	135.662	0.806241	0
18.6443	0.0225783	130.865	0.805899	0
18.5965	0.0226969	132.537	0.800772	0
18.5622	0.0224588	132.269	0.805899	0
18.5287	0.0224551	133.339	0.808291	0
18.4938	0.0228622	133.188	0.788127	0
18.4495	0.0222673	131.885	0.786076	0
18.3899	0.0221079	133.539	0.798038	0
18.3428	0.0220971	133.122	0.802481	0
18.3242	0.0220587	132.704	0.821962	0
18.2888	0.0229095	133.105	0.799063	0
18.2445	0.0228802	132.002	0.801456	0
18.2049	0.0224899	132.871	0.804873	0
18.146	0.0222713	132.353	0.803848	0
18.1439	0.0222751	132.052	0.832557	0
18.1686	0.0221567	132.018	0.803506	0
18.1082	0.0215917	132.67	0.776165	0
18.0252	0.0220743	131.617	0.802823	0
17.9938	0.0226045	131.183	0.807949	0
17.9579	0.0217545	131.784	0.803506	0
17.9265	0.021549	131.35	0.779924	0
17.9006	0.021581	131.935	0.78676	0
17.8641	0.0218392	130.598	0.810684	0
17.8428	0.0221347	130.982	0.794962	0
17.8172	0.0218945	130.715	0.809658	0
17.8099	0.0212591	132.369	0.799063	0
17.8085	0.0219122	129.561	0.792228	0
17.7333	0.0217263	130.865	0.795646	0
17.6774	0.0215935	131.534	0.79462	0
17.6422	0.02159	131.183	0.806241	0
17.5941	0.021559	130.063	0.820253	0
17.5388	0.0214252	131.417	0.789494	0
17.461	0.0215939	130.163	0.820253	0
17.401	0.0215485	129.946	0.793595	0
17.3733	0.0211584	130.949	0.819911	0
17.3097	0.0215324	130.18	0.804532	0
17.2468	0.0211732	130.464	0.785051	0
17.1737	0.0212072	130.798	0.805557	0
17.0955	0.020844	129.812	0.81	0
17.0608	0.0207596	131.851	0.796671	0
17.0163	0.0213966	129.21	0.799747	0
16.9593	0.0211321	130.447	0.803165	0
16.8953	0.0209859	128.909	0.76557	0
16.7975	0.0210121	127.99	0.78881	0
16.7296	0.0209273	129.511	0.793937	0
16.7022	0.0206757	129.01	0.806582	0
16.6475	0.020518	129.946	0.781633	0
16.5526	0.0204552	128.157	0.800772	0
16.474	0.0208879	129.394	0.797354	0
16.4329	0.0206634	128.659	0.802139	0
16.3637	0.0204393	125.967	0.812051	0
16.252	0.0203613	128.575	0.813076	0
16.1705	0.0205414	125.834	0.799747	0
16.1044	0.0206451	127.071	0.782658	0
16.0151	0.0207621	126.068	0.802139	0
15.9726	0.0212851	127.572	0.789494	0
15.9392	0.020723	129.076	0.812392	0
15.8218	0.0202372	128.074	0.794279	0
15.7537	0.0198261	127.405	0.809658	0
15.7376	0.0200958	126.402	0.776848	0
15.6938	0.0204582	126.853	0.768646	0
15.6566	0.0201459	125.098	0.790861	0
15.6247	0.0199404	125.7	0.76557	0
15.5744	0.019731	125.416	0.79462	0
15.5301	0.0201782	126.302	0.81376	0
15.4959	0.0195932	125.784	0.783342	0
15.4529	0.0192611	125.817	0.815468	0
15.3812	0.019306	127.238	0.774456	0
15.3491	0.0196429	126.118	0.818544	0
15.3292	0.0197506	125.616	0.815127	0
15.268	0.0196798	125.232	0.779582	0
15.2247	0.0195045	124.981	0.787785	0
15.2155	0.0197227	124.58	0.806924	0
15.2146	0.0196102	125.265	0.816152	0
15.1551	0.0197387	124.914	0.811367	0
15.0651	0.0196257	124.43	0.763861	0
15.0027	0.018786	123.443	0.788127	0
14.9789	0.0191676	125.115	0.793595	0
14.9583	0.0193959	123.828	0.794962	0
14.8964	0.01924	124.262	0.768304	0
14.8699	0.0193124	123.527	0.798722	0
14.86	0.0190475	124.012	0.788127	0
14.8371	0.018847	124.68	0.777873	0
14.8207	0.019291	123.661	0.781291	0
14.7661	0.0190799	123.36	0.792911	0
14.7136	0.0184767	124.212	0.796329	0
14.7109	0.0192497	123.911	0.799405	0
14.6957	0.0192265	121.922	0.792911	0
14.6153	0.0185506	123.393	0.804532	0
14.5759	0.018916	122.825	0.79257	0
14.5448	0.0189305	122.34	0.815468	0
14.5017	0.0192212	121.939	0.788127	0
14.4929	0.0188708	122.691	0.785392	0
14.458	0.0186984	121.906	0.787785	0
14.4205	0.0186774	122.123	0.784025	0
14.4161	0.018589	121.454	0.787443	0
14.4007	0.0184454	121.638	0.802139	0
14.3751	0.0187467	121.471	0.778215	0
14.3413	0.0182663	122.19	0.780608	0
14.3167	0.0185121	122.641	0.795646	0
14.313	0.0184866	120.702	0.807949	0
14.2917	0.0185893	121.387	0.794279	0
14.2433	0.0181501	122.407	0.793595	0
14.2353	0.018168	120.435	0.782317	0
14.233	0.0182656	121.304	0.795304	0
14.2042	0.018148	121.939	0.797354	0
14.1965	0.0184849	122.674	0.786076	0
14.1725	0.0181638	121.488	0.790177	0
14.1612	0.0180762	120.334	0.784709	0
14.177	0.0180885	121.588	0.797696	0
14.1523	0.0178565	119.883	0.774798	0
14.1332	0.0181474	122.374	0.793595	0
14.1357	0.0178888	121.287	0.797354	0
14.0987	0.0182614	120.334	0.800772	0
14.0819	0.0178721	120.485	0.792228	0
14.0981	0.0179809	120.852	0.792911	0
14.0726	0.0183866	120.819	0.795304	0
14.0319	0.0177087	120.418	0.783342	0
14.0652	0.0176743	121.906	0.792228	0
14.062	0.0176067	121.087	0.782658	0
14.0265	0.0181031	120.234	0.77343	0
14.0173	0.0177764	118.73	0.792911	0
14.0043	0.0176323	122.206	0.793937	0
13.9873	0.01767	120.552	0.784709	0
13.9778	0.0176437	120.802	0.803506	0
13.9888	0.0178486	119.448	0.782658	0
14.0034	0.0175304	120.318	0.781975	0
13.9858	0.01766	119.565	0.805215	0
13.9569	0.0176407	121.521	0.802139	0
13.929	0.0183401	119.866	0.799405	0
13.931	0.0177272	120.535	0.785734	0
13.9444	0.0178074	119.766	0.790177	0
13.9316	0.017461	119.632	0.777873	0
13.9038	0.0176363	119.733	0.776848	0
13.8928	0.0175466	120.535	0.774456	0
13.9135	0.0172534	122.14	0.800089	0
13.9053	0.0180437	119.883	0.794962	0
13.902	0.0182955	119.816	0.784025	0
13.9285	0.0177535	118.88	0.776506	0
13.891	0.018295	118.73	0.804532	0
13.8906	0.0176595	119.9	0.79462	0
13.8882	0.0184693	118.546	0.787101	0
13.8575	0.017863	120.786	0.801456	0
13.8803	0.0176097	120.134	0.79462	0
13.8912	0.0174778	120.836	0.802481	0
13.8708	0.0177144	121.404	0.775139	0
13.8334	0.0175044	119.866	0.778215	0
13.8159	0.0181676	120.953	0.776506	0
13.8279	0.0176026	119.916	0.810684	0
13.8344	0.0174371	119.833	0.783684	0
13.8349	0.0179537	121.655	0.813076	0
13.8581	0.0174938	120.251	0.807949	0
13.8513	0.0173882	120.368	0.796329	0
13.8081	0.0179309	120.702	0.782317	0
13.8207	0.0175874	119.365	0.816152	0
13.8401	0.0174314	119.365	0.793937	0
13.8052	0.0178732	120.134	0.77719	0
13.8063	0.0181132	121.688	0.79838	0
13.8421	0.0180527	119.398	0.79257	0
13.8209	0.0175378	119.549	0.781291	0
13.7873	0.0173305	121.304	0.789152	0
13.7808	0.0168686	120	0.780266	0
13.7941	0.0178	120.267	0.791203	0
13.808	0.0175744	119.95	0.793253	0
13.7987	0.0176844	120.167	0.787785	0
13.7909	0.0177638	119.716	0.801114	0
13.7951	0.0180834	119.047	0.772747	0
13.7751	0.0180722	118.395	0.778899	0
13.759	0.0175342	120.033	0.790861	0
13.785	0.0173032	120.084	0.789836	0
13.7957	0.0169834	118.663	0.769671	0
13.7771	0.0175056	120.184	0.775139	0
13.7695	0.0173464	119.749	0.797354	0
13.7833	0.0180344	119.582	0.776848	0
13.7743	0.0177389	119.432	0.799063	0
13.7557	0.0176758	119.95	0.796329	0
13.7641	0.0176653	119.933	0.793937	0
13.7868	0.0177814	121.354	0.799747	0
13.7791	0.0178648	118.211	0.776848	0
13.7484	0.0173035	119.164	0.793595	0
13.7381	0.0175924	120.251	0.77719	0
13.7231	0.0170809	120.568	0.787101	0
13.7322	0.0174125	119.95	0.80043	0
13.7751	0.017738	119.883	0.785392	0
13.7684	0.0178682	120.819	0.781975	0
13.7468	0.0178113	119.432	0.760785	0
13.7444	0.016912	118.897	0.782658	0
13.7359	0.0173705	120.318	0.789152	0
13.7403	0.0180001	118.913	0.775481	0
13.7586	0.017401	120.936	0.784025	0
13.7297	0.0174378	119.85	0.793253	0
13.6991	0.0175108	119.281	0.781633	0
13.7118	0.0173439	119.632	0.79257	0
13.7272	0.0170941	119.833	0.795304	0
13.7257	0.0172436	117.125	0.780266	0
13.721	0.0174098	119.766	0.767962	0
13.7329	0.017387	121.053	0.770013	0
13.7396	0.0176258	118.78	0.779582	0
13.7295	0.017492	119.198	0.790519	0
13.7003	0.0175112	120.468	0.79838	0
13.693	0.0170494	119.448	0.777873	0
13.7111	0.0176962	119.064	0.789152	0
13.7092	0.0176707	120.1	0.774456	0
13.7102	0.0172748	120.184	0.789494	0
13.7114	0.017198	120.217	0.777532	0
13.7144	0.0174672	118.88	0.775139	0
13.727	0.0176668	119.214	0.799063	0
13.7348	0.017337	119.733	0.782317	0
13.7274	0.0178448	119.499	0.781633	0
13.7131	0.0173686	121.956	0.785051	0
13.7132	0.0173366	119.599	0.808975	0
13.691	0.0178104	119.281	0.76181	0
13.684	0.0172078	121.003	0.776165	0
13.716	0.0174904	119.415	0.79462	0
13.7071	0.0178906	119.95	0.782317	0
13.7013	0.0172608	119.181	0.791203	0
13.705	0.0170091	120.318	0.805899	0
13.6911	0.0175359	120.134	0.809317	0
13.7086	0.017891	118.094	0.790861	0
13.7251	0.0182102	119.833	0.799063	0
13.6968	0.0179101	120.167	0.809317	0
13.6871	0.0174618	118.98	0.78881	0
13.706	0.0180041	118.295	0.79838	0
13.6955	0.0178597	119.95	0.798038	0
13.6993	0.0175812	119.716	0.797354	0
13.6961	0.0174181	120.117	0.782658	0
13.6856	0.0176386	119.181	0.784709	0
13.6991	0.017826	119.181	0.786418	0
13.6973	0.0173486	118.145	0.781975	0
13.6944	0.0178276	119.031	0.785392	0
13.7226	0.0177428	119.214	0.778215	0
13.7028	0.0179369	120.251	0.810342	0
13.6844	0.0172046	119.265	0.792911	0
13.6885	0.0175961	119.95	0.79257	0
13.698	0.0173941	120.468	0.770354	0
13.7155	0.0168277	119.967	0.772063	0
13.6751	0.0176757	119.031	0.779582	0
13.6365	0.0175028	120.384	0.802823	0
13.6743	0.0173352	120.485	0.799063	0
13.6875	0.0170841	119.448	0.793595	0
13.6745	0.0173001	119.248	0.786076	0
13.6842	0.0173893	120	0.792228	0
13.6946	0.0179046	118.312	0.794962	0
13.6644	0.0176767	119.148	0.801456	0
13.6482	0.017616	120.568	0.795987	0
13.6864	0.0171325	119.097	0.791886	0
13.6925	0.0175061	119.549	0.78881	0
13.6571	0.0175021	118.663	0.794279	0
13.6598	0.0175632	118.496	0.774114	0
13.7148	0.017777	121.22	0.77343	0
13.7233	0.0178399	119.9	0.776506	0
13.6795	0.0177149	119.799	0.780949	0
13.6704	0.0173849	117.543	0.780949	0
13.6747	0.0174325	119.582	0.796671	0
13.6592	0.0177029	119.097	0.791886	0
13.6752	0.0174466	119.415	0.789836	0
13.704	0.017976	119.916	0.814785	0
13.678	0.0179804	119.148	0.775823	0
13.6611	0.0175207	119.85	0.783342	0
13.6731	0.0177561	119.95	0.81376	0
13.6667	0.0177396	119.85	0.816152	0
13.6473	0.0176317	119.248	0.80043	0
13.6605	0.0175398	119.766	0.792911	0
13.6872	0.0173708	119.833	0.766595	0
13.6727	0.0172719	119.181	0.793253	0
13.6442	0.0175809	119.248	0.769329	0
13.6372	0.0178424	119.9	0.795987	0
13.638	0.0174178	118.679	0.777532	0
13.6415	0.0169874	119.348	0.785734	0
13.6608	0.017869	119.482	0.788127	0
13.6637	0.0173992	119.666	0.779582	0
13.6615	0.0173471	118.479	0.779924	0
13.6562	0.0175971	120.451	0.803165	0
13.6464	0.0180704	119.866	0.793595	0
13.6584	0.0178113	118.78	0.779924	0
13.6619	0.0179065	118.696	0.782658	0
13.6306	0.01757	119.214	0.796671	0
13.6425	0.0175488	119.649	0.801798	0
13.6792	0.0175848	120.05	0.796329	0
13.661	0.0178196	118.362	0.801798	0
13.6326	0.017308	120.969	0.806582	0
13.6591	0.0172925	119.398	0.798038	0
13.6787	0.0174465	120.117	0.794962	0
13.654	0.0175481	120.585	0.776506	0
13.6395	0.0176265	117.376	0.784709	0
13.6404	0.0173243	118.161	0.793595	0
13.6354	0.0175048	118.412	0.790519	0
13.6438	0.0174484	117.944	0.782658	0
13.6586	0.0179214	119.816	0.774456	0
13.6568	0.0172413	120.251	0.780608	0
13.6547	0.0175662	118.145	0.78881	0
13.6324	0.0173913	119.198	0.786076	0
13.6411	0.0177476	119.382	0.773089	0
13.6492	0.0174149	118.78	0.797696	0
13.6456	0.0169248	118.529	0.791203	0
13.6494	0.0178191	117.827	0.79462	0
13.6328	0.0171684	119.799	0.78881	0
13.6286	0.0172866	119.85	0.789836	0
13.6455	0.0176108	119.365	0.781975	0
13.6266	0.0174756	119.749	0.79257	0
13.6111	0.0174812	119.833	0.805899	0
13.6265	0.0171814	118.947	0.795646	0
13.6319	0.0171626	118.195	0.788127	0
13.641	0.017581	118.763	0.779924	0
13.6625	0.0174482	119.515	0.774456	0
13.6625	0.0173842	120.167	0.783684	0
13.667	0.0177748	120.251	0.796671	0
13.6648	0.0176986	118.362	0.807949	0
13.6268	0.017337	119.248	0.787443	0
13.6312	0.0172762	119.682	0.788127	0
13.6615	0.0169075	120.552	0.776165	0
13.659	0.0174511	118.412	0.786418	0
13.6497	0.0174662	120.886	0.779241	0
13.6401	0.0175332	118.412	0.776506	0
13.6567	0.0176441	119.081	0.785734	0
13.666	0.0177354	119.599	0.786418	0
13.6469	0.0172503	119.382	0.796329	0
13.6443	0.0171426	117.81	0.781633	0
13.6271	0.0172847	119.047	0.792228	0
13.6222	0.0174057	118.245	0.763177	0
13.6705	0.0176294	119.682	0.788468	0
13.6905	0.0177809	119.799	0.793937	0
13.6501	0.0178306	119.014	0.791203	0
13.6389	0.0176235	118.813	0.795646	0
13.6466	0.0172691	119.482	0.794962	0
13.619	0.0176306	122.173	0.785734	0
13.6179	0.0179736	120	0.789494	0
13.6458	0.0176111	120.719	0.794962	0
13.6306	0.0175765	118.646	0.786418	0
13.6263	0.017325	119.148	0.772405	0
13.6589	0.0172255	118.562	0.77138	0
13.6418	0.0170305	118.663	0.784367	0
13.6149	0.0179703	119.181	0.78676	0
13.6295	0.0173773	118.863	0.785734	0
13.6478	0.0178128	120.251	0.78881	0
13.6653	0.0178041	119.716	0.815468	0
13.6586	0.0177675	120.15	0.775139	0
13.6243	0.0174876	119.131	0.793595	0
13.6226	0.0178318	119.281	0.790177	0
13.6383	0.0170182	118.897	0.803165	0
13.6333	0.0177746	118.763	0.788127	0
13.6235	0.0173905	120.635	0.798722	0
13.6372	0.0177516	117.794	0.797013	0
13.6533	0.0174813	119.164	0.799063	0
13.6362	0.0175497	118.997	0.796671	0
13.6235	0.0177936	119.181	0.791544	0
13.6347	0.0174229	118.679	0.779241	0
13.6338	0.0172949	118.663	0.783342	0
13.6045	0.0176577	119.181	0.793937	0
13.6078	0.0175589	119.398	0.774114	0
13.6378	0.0171924	118.262	0.787101	0
13.6198	0.0176355	119.031	0.784025	0
13.6236	0.0175198	120.334	0.789494	0
13.6547	0.0173415	118.663	0.780608	0
13.6367	0.0173645	118.679	0.774114	0
13.6205	0.017001	119.532	0.787785	0
13.6208	0.017313	119.499	0.789152	0
13.6292	0.0174909	119.699	0.775139	0
13.6504	0.0177578	118.546	0.807949	0
13.6237	0.0169047	119.699	0.787101	0
13.6192	0.0176638	118.93	0.787443	0
13.6452	0.0174878	117.142	0.792228	0
13.6109	0.017275	118.696	0.799747	0
13.5938	0.0173782	119.465	0.790177	0
13.6088	0.0179035	118.613	0.78676	0
13.6126	0.0176774	118.98	0.791544	0
13.6172	0.0175119	118.562	0.779241	0
13.6422	0.0171334	119.666	0.786418	0
13.6533	0.0174509	119.448	0.785051	0
13.6515	0.0178252	118.178	0.792911	0
13.6307	0.0173008	120.1	0.79257	0
13.5899	0.0172157	119.465	0.785051	0
13.5826	0.0171943	119.749	0.790861	0
13.5959	0.0176694	118.496	0.777532	0
13.6075	0.0173344	121.521	0.775481	0
13.6131	0.0173086	118.913	0.790861	0
13.6129	0.0172247	118.88	0.781975	0
13.5979	0.0178359	118.278	0.796671	0
13.6158	0.0179151	119.365	0.790177	0
13.6565	0.0177097	119.148	0.802139	0
13.6485	0.0172932	118.295	0.799063	0
13.6069	0.0174527	119.749	0.781291	0
13.6028	0.0176517	119.047	0.793595	0
13.6277	0.0173803	119.231	0.783342	0
13.605	0.0169097	118.93	0.789836	0
13.5839	0.017117	119.148	0.794962	0
13.62	0.0172421	119.766	0.79257	0
13.6422	0.0176788	119.265	0.775139	0
13.6205	0.0173749	118.863	0.799747	0
13.5878	0.0171739	119.331	0.778557	0
13.6022	0.017863	118.78	0.784025	0
13.6419	0.0175799	119.549	0.787443	0
13.6301	0.0174717	118.98	0.787785	0
13.606	0.0174031	119.649	0.798722	0
13.6222	0.0173427	119.482	0.794962	0
13.6271	0.0173313	118.496	0.775481	0
13.587	0.0172401	118.596	0.780608	0
13.5894	0.0177615	120.251	0.77719	0
13.599	0.0180181	118.278	0.770696	0
13.5959	0.0175576	119.549	0.791203	0
13.6463	0.0178786	120.351	0.766937	0
13.635	0.0170118	118.061	0.785392	0
13.5985	0.0172239	118.93	0.783684	0
13.6265	0.0173808	119.432	0.788127	0
13.6334	0.0173616	118.395	0.797013	0
13.6055	0.0173795	118.596	0.782317	0
13.5953	0.0170568	117.543	0.780949	0
13.6026	0.0174917	119.315	0.777873	0
13.5847	0.0179174	120.184	0.776506	0
13.5828	0.0173077	119.733	0.75976	0
13.6133	0.0171807	119.031	0.78881	0
13.6156	0.0177683	119.331	0.785392	0
13.6139	0.0173146	119.131	0.797696	0
13.6198	0.0177739	119.348	0.785051	0
13.5932	0.0171744	118.295	0.811025	0
13.5961	0.0174703	120.201	0.787101	0
13.6178	0.0175386	118.947	0.780608	0
13.6271	0.0170205	119.265	0.785392	0
13.6215	0.0175825	118.562	0.778557	0
13.5897	0.0170346	119.097	0.779924	0
13.5919	0.0174224	119.131	0.781975	0
13.6055	0.0174593	119.382	0.807266	0
13.5781	0.0176641	118.011	0.783342	0
13.5917	0.0172923	119.632	0.794279	0
13.6447	0.0170632	118.73	0.782658	0
13.6438	0.0171785	120.485	0.798722	0
13.6182	0.0173942	120.184	0.800089	0
13.612	0.0173637	119.616	0.790177	0
13.6104	0.0168966	118.379	0.776848	0
13.6275	0.0173107	119.398	0.782317	0
13.6419	0.0176691	119.081	0.78881	0
13.6152	0.0180175	118.596	0.812051	0
13.5814	0.0173859	118.445	0.775823	0
13.6021	0.0175691	119.248	0.787443	0
13.639	0.0174784	119.248	0.776848	0
13.6215	0.0174876	118.512	0.781975	0
13.5878	0.0177094	119.699	0.797696	0
13.6106	0.0177137	120.05	0.785734	0
13.6363	0.0172974	119.331	0.789836	0
13.6256	0.0174852	118.529	0.80419	0
13.6185	0.0174595	118.412	0.777532	0
13.6058	0.0175283	120.752	0.80043	0
13.5809	0.017607	119.198	0.809658	0
13.5908	0.017578	119.348	0.779582	0
13.6238	0.0174297	119.733	0.787443	0
13.6317	0.0177793	119.632	0.761468	0
13.603	0.0173244	118.629	0.780266	0
13.5844	0.0170018	119.666	0.792228	0
13.6083	0.0179125	119.515	0.787443	0
13.6124	0.0174206	117.927	0.775823	0
13.6014	0.0175477	120.585	0.813418	0
13.6011	0.0179293	119.398	0.790519	0
13.5955	0.017197	118.211	0.783342	0
13.5967	0.0175256	119.265	0.781975	0
13.5949	0.017784	119.883	0.783342	0
13.5674	0.0176627	119.164	0.784709	0
13.5723	0.0175971	121.103	0.762835	0
13.6247	0.0171097	118.88	0.786418	0
13.6281	0.0177245	118.646	0.791203	0
13.5948	0.0173068	118.546	0.778215	0
13.5943	0.0174156	119.131	0.782658	0
13.6155	0.0166043	120.602	0.794962	0
13.6281	0.0171723	120.033	0.789152	0
13.626	0.017308	119.783	0.778215	0
13.6137	0.0171983	119.031	0.786418	0
13.5778	0.0174769	118.763	0.784025	0
13.5717	0.0176387	119.315	0.787443	0
13.5918	0.0175363	120.284	0.786418	0
13.602	0.0173091	119.699	0.777873	0
13.6079	0.0176861	119.315	0.793937	0
13.6099	0.0181102	120.919	0.783	0
13.6169	0.0174389	119.632	0.803506	0
13.6257	0.0174625	119.198	0.807608	0
13.604	0.0174653	118.663	0.807608	0
13.5711	0.0178371	119.799	0.800772	0
13.5682	0.0171458	118.78	0.772405	0
13.602	0.01758	119.248	0.775481	0
13.6289	0.0173854	118.947	0.789152	0
13.6172	0.0175922	118.362	0.787443	0
13.6083	0.017172	120.134	0.799063	0
13.613	0.0172753	119.866	0.791544	0
13.6048	0.0172703	119.265	0.80419	0
13.6041	0.0176183	119.248	0.772405	0
13.6205	0.0172979	119.432	0.779241	0
13.6203	0.0174469	118.813	0.774456	0
13.6215	0.0176336	118.88	0.785392	0
13.6322	0.017487	119.064	0.796329	0
13.6172	0.017673	119.649	0.801798	0
13.5878	0.0175675	119.382	0.803848	0
13.5885	0.0177474	118.245	0.807608	0
13.5952	0.0173654	120.585	0.810684	0
13.5983	0.0171286	119.666	0.795987	0
13.6072	0.0171372	118.847	0.805215	0
13.6082	0.0179065	119.181	0.783684	0
13.6102	0.0177633	119.749	0.782658	0
13.6048	0.0175112	117.777	0.812051	0
13.5713	0.0175384	118.462	0.791886	0
13.5742	0.0171265	118.328	0.762152	0
13.614	0.017729	117.86	0.805557	0
13.6152	0.0177418	119.649	0.782317	0
13.5873	0.0173705	118.863	0.78881	0
13.5798	0.0172951	119.164	0.785051	0
13.5987	0.0173106	118.679	0.797354	0
13.6062	0.0175709	120.167	0.800089	0
13.6066	0.0173248	120.284	0.786076	0
13.6093	0.0172278	118.596	0.797354	0
13.6083	0.0173872	119.582	0.783	0
13.5989	0.0178531	119.031	0.784367	0
13.5725	0.0178528	118.629	0.809658	0
13.5772	0.0171674	118.746	0.801456	0
13.5815	0.0173737	117.877	0.773772	0
13.5842	0.0171164	119.181	0.785734	0
13.6002	0.0168216	119.131	0.793253	0
13.59	0.0172057	119.248	0.789152	0
13.6063	0.0173227	119.632	0.786076	0
13.6135	0.0173996	119.382	0.778557	0
13.5859	0.017105	118.93	0.795987	0
13.5911	0.0173606	119.181	0.785051	0
13.5926	0.0173173	117.56	0.798038	0
13.5805	0.0174711	118.512	0.792911	0
13.6049	0.017558	119.482	0.799405	0
13.5893	0.0172605	118.629	0.777532	0
13.571	0.0170919	118.512	0.797013	0
13.5971	0.0174383	118.997	0.771722	0
13.5971	0.0172184	119.131	0.776165	0
13.6022	0.0174922	120	0.785734	0
13.6082	0.0179611	119.499	0.806241	0
13.5878	0.0175977	118.546	0.793253	0
13.5795	0.0175492	119.616	0.784709	0
13.5976	0.0174614	119.382	0.79838	0
13.5836	0.0176207	118.245	0.777532	0
13.5866	0.0173791	118.479	0.801114	0
13.5845	0.0172645	119.214	0.784367	0
13.5864	0.0172917	119.231	0.774456	0
13.6017	0.0175982	119.198	0.782658	0
13.6103	0.0174012	120.167	0.791203	0
13.5932	0.0177282	119.181	0.805557	0
13.5891	0.0174584	119.933	0.802139	0
13.6113	0.0176162	118.245	0.781291	0
13.5895	0.0172803	118.328	0.805215	0
13.5606	0.0171857	119.281	0.795304	0
13.5983	0.0177338	119.315	0.777532	0
13.6278	0.0175522	119.733	0.788468	0
13.606	0.0176312	119.114	0.778215	0
13.6102	0.0175758	120.652	0.795646	0
13.6185	0.0175703	119.532	0.786418	0
13.5858	0.0173707	119.85	0.77719	0
13.5604	0.01705	118.044	0.785734	0
13.5857	0.0174733	119.749	0.785734	0
13.611	0.0177992	119.532	0.780266	0
13.6015	0.017628	120.084	0.788127	0
13.6173	0.0175391	118.713	0.791544	0
13.5775	0.0173465	118.445	0.773772	0
13.5638	0.0172041	118.83	0.804532	0
13.6071	0.0171223	119.549	0.789152	0
13.6068	0.0178115	120.15	0.808291	0
13.5967	0.0173454	120	0.803848	0
13.5928	0.0178396	119.482	0.801114	0
13.5993	0.0176085	120.201	0.786076	0
13.6158	0.0175746	119.331	0.785734	0
13.6137	0.0169923	118.011	0.806924	0
13.6152	0.0171993	119.499	0.789494	0
13.5735	0.017599	119.766	0.794962	0
13.5524	0.0174648	119.616	0.781633	0
13.5684	0.0174561	118.596	0.797013	0
13.5742	0.0178344	119.398	0.78881	0
13.6093	0.0177861	119.499	0.776506	0
13.6074	0.0176256	119.398	0.807608	0
13.5718	0.0174657	118.195	0.787443	0
13.5909	0.0173939	119.616	0.791886	0
13.6265	0.0175955	119.014	0.779924	0
13.5909	0.0178359	117.994	0.763177	0
13.5572	0.0177016	117.777	0.803848	0
13.5644	0.0171203	117.944	0.791886	0
13.5729	0.0171581	119.281	0.774456	0
13.6026	0.0176584	118.813	0.796329	0
13.6367	0.01736	120.652	0.788468	0
13.6157	0.0176042	119.131	0.771038	0
13.5912	0.0172897	119.047	0.788468	0
13.6062	0.0177752	119.298	0.787443	0
13.5963	0.0177801	117.777	0.783684	0
13.5966	0.0175244	118.997	0.777532	0
13.6047	0.0176462	119.164	0.793595	0
13.5805	0.01744	119.064	0.772063	0
13.5876	0.0174207	118.98	0.788468	0
13.5626	0.0175012	118.161	0.785392	0
13.5429	0.0173094	119.181	0.813418	0
13.5757	0.0173215	118.679	0.781975	0
13.5838	0.0172464	119.95	0.786076	0
13.5946	0.0175187	119.733	0.787443	0
13.6135	0.0176595	119.181	0.791544	0
13.6122	0.0175713	120.084	0.801798	0
13.5997	0.0172293	118.796	0.798722	0
13.5921	0.0173909	120.501	0.796329	0
13.588	0.0174189	117.911	0.801456	0
13.5756	0.0176898	117.242	0.782658	0
13.5844	0.0174099	117.509	0.762152	0
13.5881	0.0173739	119.365	0.769671	0
13.5873	0.0176147	118.379	0.791203	0
13.6162	0.0177525	119.181	0.776506	0
13.6122	0.0177278	118.847	0.793595	0
13.5868	0.0178655	119.281	0.799405	0
13.5782	0.0176016	120.017	0.784025	0
13.5927	0.0172224	119.716	0.805557	0
13.6151	0.0178119	120.267	0.779241	0
13.6256	0.0175507	118.663	0.791886	0
13.6175	0.0172431	119.365	0.81376	0
13.5935	0.0172842	118.429	0.804532	0
13.5789	0.0176698	118.713	0.776848	0
13.5868	0.017457	120.167	0.790519	0
13.6165	0.0176179	119.315	0.801114	0
13.6282	0.017537	120.334	0.810342	0
13.6078	0.0173993	117.56	0.775139	0
13.5968	0.0171795	120.719	0.78676	0
13.6025	0.0171226	118.529	0.776165	0
13.5977	0.0179185	118.195	0.789152	0
13.5841	0.0179698	119.9	0.797013	0
13.5782	0.0177752	118.997	0.795987	0
13.5537	0.0171122	120.15	0.792911	0
13.5437	0.0176078	118.646	0.797354	0
13.5887	0.0172762	119.666	0.78881	0
13.6216	0.0173492	119.164	0.786076	0
13.6161	0.0171325	118.947	0.776848	0
13.5865	0.0175945	120.318	0.797013	0
13.5691	0.0174631	117.911	0.782317	0
13.598	0.0173047	119.582	0.795646	0
13.5983	0.0174337	119.047	0.782317	0
13.596	0.0174295	120.435	0.79462	0
13.6055	0.0176355	119.031	0.801798	0
13.5803	0.0175285	119.265	0.790177	0
13.5902	0.0176569	118.613	0.794962	0
13.5948	0.0176722	118.897	0.789152	0
13.5673	0.0174078	117.911	0.793937	0
13.6001	0.0172837	120.084	0.787443	0
13.6296	0.0170994	120.15	0.797013	0
13.5795	0.0175647	117.71	0.775823	0
13.5647	0.0174568	118.044	0.793253	0
13.6085	0.0175694	120.602	0.788127	0
13.5946	0.0173142	119.131	0.795987	0
13.5654	0.0176701	117.894	0.783342	0
13.579	0.0181463	119.599	0.776506	0
13.5764	0.0172258	120.184	0.791544	0
13.5852	0.0172951	118.763	0.782658	0
13.6126	0.017619	119.064	0.767962	0
13.5952	0.0177018	118.98	0.784025	0
13.5766	0.0173602	119.682	0.790519	0
13.5874	0.0180134	119.081	0.808633	0
13.5651	0.0176862	120.017	0.777873	0
13.5737	0.0173279	119.114	0.788468	0
13.6164	0.0175575	119.198	0.777873	0
13.5844	0.0175941	119.967	0.789152	0
13.5814	0.0174366	119.916	0.805557	0
13.6016	0.0177158	118.863	0.787785	0
13.5893	0.017621	117.977	0.785051	0
13.5971	0.0170696	118.496	0.788468	0
13.5999	0.0174169	119.933	0.79462	0
13.586	0.0174737	118.512	0.786418	0
13.5784	0.0172389	118.496	0.79462	0
13.5794	0.0169456	118.997	0.777532	0
13.6089	0.0176151	119.733	0.792228	0
13.6033	0.0170071	118.646	0.791203	0
13.5609	0.0175621	119.549	0.802139	0
13.5783	0.0173417	117.727	0.786076	0
13.5931	0.0171659	119.599	0.799063	0
13.5647	0.0177207	117.61	0.774456	0
13.571	0.0175233	119.331	0.772405	0
13.5857	0.017238	118.128	0.799405	0
13.5814	0.0177307	119.014	0.780949	0
13.5868	0.0180447	120.15	0.800772	0
13.588	0.017897	119.365	0.799747	0
13.5836	0.0177554	119.415	0.807608	0
13.5943	0.0172411	119.666	0.753266	0
13.5845	0.017438	119.081	0.783	0
13.5733	0.017341	119.933	0.781975	0
13.5723	0.0173374	118.863	0.80043	0
13.5634	0.0173164	120.501	0.813076	0
13.5759	0.0172908	117.643	0.768987	0
13.5925	0.0169568	118.379	0.781633	0
13.6087	0.0175722	118.562	0.787443	0
13.5811	0.0176874	119.265	0.793595	0
13.5548	0.0167841	118.262	0.783	0
13.5735	0.0173417	119.097	0.804873	0
13.6003	0.0176296	120.301	0.797696	0
13.611	0.0176625	119.616	0.788468	0
13.608	0.0172821	120.284	0.782317	0
13.5916	0.0172765	117.693	0.792228	0
13.56	0.0176808	119.499	0.779924	0
13.5551	0.0173739	118.395	0.77719	0
13.5719	0.0174683	118.947	0.798038	0
13.5791	0.0176804	118.629	0.784025	0
13.591	0.0176377	119.415	0.780608	0
13.6153	0.0177797	119.214	0.799405	0
13.607	0.0178823	117.426	0.794962	0
13.6024	0.0176878	120.05	0.799747	0
13.6073	0.0177248	119.064	0.774798	0
13.5864	0.0174008	118.462	0.796671	0
13.5733	0.0172518	118.847	0.781975	0
13.5643	0.0172479	119.214	0.787443	0
13.5694	0.0176417	119.014	0.769671	0
13.5874	0.0177607	118.195	0.792228	0
13.5791	0.0175525	119.181	0.81	0
13.599	0.0174762	120.535	0.797696	0
13.6074	0.0174046	119.298	0.782317	0
13.5651	0.0172782	117.576	0.791886	0
13.5942	0.0172204	118.997	0.779582	0
13.6313	0.0173217	119.047	0.794962	0
13.5634	0.0174973	119.816	0.787443	0
13.5461	0.0172947	118.947	0.806241	0
13.5919	0.0176862	118.913	0.79257	0
13.5684	0.0174301	117.827	0.793937	0
13.5551	0.0172486	117.743	0.793253	0
13.5759	0.0174981	119.164	0.80043	0
13.5827	0.01743	118.813	0.790177	0
13.5859	0.0179124	119.866	0.81	0
13.5774	0.0171242	118.863	0.782658	0
13.5714	0.0177788	120.1	0.770013	0
13.5795	0.0173319	120.15	0.780949	0
13.6027	0.0175619	119.148	0.791886	0
13.6228	0.0179278	119.799	0.811025	0
13.6058	0.0178542	119.081	0.784367	0
13.5801	0.0170448	118.679	0.800772	0
13.5653	0.0176135	119.682	0.792911	0
13.5682	0.0174032	120.535	0.794962	0
13.5994	0.0172487	118.195	0.784709	0
13.6169	0.0176024	118.78	0.789836	0
13.6007	0.0173705	117.86	0.787101	0
13.616	0.0178198	119.415	0.786076	0
13.6327	0.0178151	118.228	0.792911	0
13.59	0.0172836	119.214	0.801114	0
13.5672	0.0173104	118.512	0.778557	0
13.5809	0.0174765	120.435	0.802823	0
13.5917	0.0168395	118.863	0.79257	0
13.5946	0.0174523	118.529	0.785734	0
13.5778	0.0173983	118.964	0.769671	0
13.5735	0.0176535	118.479	0.799063	0
13.6016	0.0176119	118.997	0.799063	0
13.6019	0.0169462	120.201	0.797696	0
13.5687	0.0174552	119.064	0.813076	0
13.564	0.0173009	118.713	0.778215	0
13.5825	0.0174243	118.379	0.785734	0
13.6075	0.0171445	119.097	0.793253	0
13.6125	0.0173348	118.262	0.774798	0
13.597	0.0171447	118.479	0.801456	0
13.5967	0.0172208	119.465	0.79462	0
13.6119	0.017566	119.9	0.789152	0
13.6246	0.0170548	119.716	0.791886	0
13.6003	0.0171774	120.702	0.761468	0
13.5861	0.0175854	119.582	0.781975	0
13.5749	0.0176783	120.201	0.802481	0
13.5557	0.0170557	117.593	0.787101	0
13.5874	0.0172629	118.345	0.772063	0
13.6142	0.0174218	118.746	0.786418	0
13.5791	0.0175054	120.635	0.787785	0
13.5668	0.0173305	120.267	0.781633	0
13.588	0.0175167	118.98	0.783684	0
13.5734	0.0174934	118.011	0.810684	0
13.5688	0.0174112	119.799	0.782317	0
13.5823	0.0176123	118.529	0.778557	0
13.6073	0.0175814	119.616	0.789494	0
13.643	0.0173353	121.153	0.771038	0
13.5908	0.0174552	119.214	0.791544	0
13.5682	0.0173563	119.733	0.788468	0
13.6083	0.0174994	119.382	0.785392	0
13.6171	0.0174082	119.916	0.768987	0
13.6123	0.0177058	119.599	0.784025	0
13.5666	0.0171248	118.98	0.789836	0
13.5781	0.0174229	117.409	0.778215	0
13.6115	0.017854	119.482	0.775139	0
13.5872	0.0176349	119.214	0.76557	0
13.6005	0.0171788	119.883	0.778215	0
13.6056	0.0175623	119.164	0.781633	0
13.591	0.0171659	118.028	0.777532	0
13.607	0.0177918	119.298	0.797354	0
13.6025	0.0172826	120.618	0.807266	0
13.577	0.0173702	119.331	0.803165	0
13.5844	0.017096	119.967	0.797013	0
13.6028	0.0175396	118.679	0.780266	0
13.5904	0.0171192	118.429	0.795987	0
13.5772	0.0175111	119.565	0.768646	0
13.58	0.0176409	118.228	0.781975	0
13.5944	0.0176412	119.348	0.785734	0
13.6168	0.017545	117.777	0.803165	0
13.5995	0.0175196	120.117	0.799747	0
13.5893	0.0173076	119.348	0.789494	0
13.5949	0.0175279	118.546	0.798722	0
13.5688	0.0176008	118.094	0.780266	0
13.5727	0.0171476	119.565	0.780266	0
13.5817	0.016959	120.134	0.800772	0
13.5841	0.0172345	119.883	0.792228	0
13.5796	0.0174301	118.696	0.774114	0
13.5746	0.017226	118.328	0.758392	0
13.6129	0.0174698	119.064	0.776506	0
13.6011	0.0178176	118.562	0.784709	0
13.5742	0.0174645	118.362	0.797696	0
13.6123	0.0176043	119.9	0.788468	0
13.6013	0.017017	118.83	0.782658	0
13.5718	0.0174233	119.9	0.780266	0
13.5986	0.0175467	120.435	0.786418	0
13.5992	0.0178051	118.696	0.791544	0
13.5768	0.0173067	118.78	0.786418	0
13.6038	0.0175646	119.733	0.799063	0
13.6321	0.0175363	120.033	0.794962	0
13.6061	0.0176842	120.852	0.786418	0
13.5913	0.017429	117.927	0.792911	0
13.5929	0.0176933	118.345	0.778215	0
13.5956	0.0176654	118.913	0.763861	0
13.58	0.0178287	118.278	0.789494	0
13.5817	0.0174086	118.161	0.770696	0
13.6053	0.017546	118.629	0.806582	0
13.5912	0.0177069	119.281	0.789494	0
13.5755	0.0175495	118.295	0.78676	0
13.5817	0.0173272	118.613	0.79462	0
13.589	0.0172694	119.064	0.806582	0
13.5934	0.0170845	118.93	0.777873	0
13.5882	0.0172014	118.897	0.774114	0
13.5729	0.0170791	119.265	0.804873	0
13.5724	0.0166857	118.863	0.777873	0
13.5956	0.0175643	119.398	0.79838	0
13.5858	0.0174471	118.178	0.794962	0
13.5612	0.017678	119.281	0.801456	0
13.5579	0.0174406	119.448	0.784025	0
13.5674	0.0173676	119.248	0.794279	0
13.5865	0.0170391	119.883	0.790177	0
13.5833	0.0174202	119.582	0.822987	0
13.5462	0.0174478	116.958	0.795304	0
13.5402	0.0174999	119.014	0.784709	0
13.5854	0.0175291	118.997	0.787785	0
13.6019	0.0173003	119.833	0.772405	0
13.5787	0.01752	119.365	0.780608	0
13.6072	0.0172232	119.231	0.769329	0
13.6249	0.0175471	119.331	0.798038	0
13.5934	0.0175293	118.395	0.806582	0
13.5944	0.0173299	119.315	0.771722	0
13.5893	0.0176848	118.813	0.798038	0
13.5695	0.0174304	120.384	0.784367	0
13.5883	0.0175104	119.799	0.785392	0
13.6042	0.0172823	119.833	0.786076	0
13.5768	0.017173	118.98	0.796329	0
13.5633	0.0171885	119.181	0.795646	0
13.5983	0.0174179	119.649	0.797354	0
13.6138	0.0173417	118.93	0.778215	0
13.6009	0.0174406	120.234	0.796329	0
13.5829	0.0176902	118.796	0.812051	0
13.5636	0.0177927	118.562	0.800772	0
13.5667	0.0174014	118.579	0.801456	0
13.6002	0.0170631	117.743	0.791544	0
13.6297	0.0172876	117.643	0.778215	0
13.6063	0.0175821	119.198	0.791203	0
13.5842	0.0172473	118.98	0.78881	0
13.5998	0.0170783	119.348	0.795646	0
13.5888	0.0172942	119.031	0.790519	0
13.5547	0.0173517	119.315	0.777532	0
13.5725	0.0175442	119.783	0.806241	0
13.5809	0.0172995	118.713	0.793595	0
13.5637	0.0171421	119.231	0.777873	0
13.5803	0.0174331	118.913	0.78676	0
13.5949	0.0174108	119.515	0.791203	0
13.5616	0.0168003	117.994	0.805215	0
13.5574	0.0175753	118.429	0.801114	0
13.5889	0.0174213	119.231	0.785392	0
13.5826	0.0169048	119.666	0.797013	0
13.5667	0.0172571	119.499	0.790177	0
13.6094	0.0170601	118.863	0.80419	0
13.5997	0.0177256	119.515	0.801456	0
13.5525	0.0169848	119.599	0.769671	0
13.5732	0.0171018	120.368	0.782658	0
13.5919	0.0175737	118.93	0.790519	0
13.5671	0.017208	119.315	0.800772	0
13.5539	0.0169296	118.947	0.801114	0
13.5907	0.0177498	118.93	0.793937	0
13.6231	0.0175986	117.61	0.796671	0
13.6069	0.0173197	119.649	0.788468	0
13.5676	0.0173818	118.161	0.779582	0
13.5841	0.0174027	119.967	0.807949	0
13.6194	0.0175391	118.696	0.786076	0
13.6084	0.017483	119.131	0.795987	0
13.6031	0.0171499	120.117	0.800772	0
13.599	0.0179812	119.097	0.804873	0
13.5566	0.0176815	118.512	0.803165	0
13.5561	0.0175211	119.365	0.792228	0
13.5856	0.01702	117.994	0.812734	0
13.5944	0.0174445	120.1	0.788468	0
13.5969	0.0175144	118.813	0.800089	0
13.5727	0.0174417	117.844	0.787785	0
13.5716	0.0173801	120.635	0.795304	0
13.5839	0.0175692	120.033	0.803506	0
13.5751	0.0175666	120.568	0.793937	0
13.579	0.0177911	118.178	0.780949	0
13.5854	0.0180051	119.482	0.792228	0
13.5796	0.0177855	119.114	0.802823	0
13.5916	0.01789	118.044	0.813418	0
13.6156	0.0174685	119.616	0.803506	0
13.6015	0.0171874	120.836	0.788468	0
13.5709	0.017405	118.93	0.781633	0
13.5696	0.0172626	119.866	0.77719	0
13.5919	0.0177417	117.977	0.764203	0
13.6074	0.0172755	118.78	0.785051	0
13.6016	0.0173464	118.696	0.803848	0
13.6059	0.0171951	118.629	0.784709	0
13.5878	0.0174799	118.579	0.768987	0
13.5673	0.0171809	118.629	0.777532	0
13.5663	0.0171962	119.047	0.804532	0
13.586	0.0174284	119.031	0.806924	0
13.6056	0.0177365	119.031	0.769671	0
13.589	0.0177836	119.248	0.791886	0
13.5793	0.0178546	118.429	0.791886	0
13.5856	0.0173657	118.997	0.788127	0
13.568	0.0173046	119.315	0.768646	0
13.5661	0.0172131	119.482	0.789494	0
13.5963	0.0176574	119.499	0.790861	0
13.6252	0.0169621	118.93	0.796671	0
13.6056	0.0171442	118.278	0.769671	0
13.5703	0.017236	119.565	0.780608	0
13.593	0.0168926	119.616	0.788127	0
13.6121	0.0175072	118.997	0.785051	0
13.5898	0.017397	119.649	0.785392	0
13.5841	0.0173615	119.198	0.786076	0
13.582	0.0173257	119.599	0.784025	0
13.5935	0.0174686	119.733	0.774456	0
13.6163	0.0176214	118.913	0.785051	0
13.5883	0.0173659	118.262	0.808975	0
13.5756	0.0177524	121.438	0.777873	0
13.5985	0.0176132	119.448	0.791544	0
13.5802	0.0172934	118.278	0.799747	0
13.5574	0.0172739	120.117	0.786418	0
13.5807	0.0172748	117.844	0.788468	0
13.5876	0.0175249	118.496	0.769329	0
13.5677	0.0176153	119.031	0.792228	0
13.5686	0.0173822	118.73	0.783	0
13.5998	0.0174172	118.947	0.786076	0
13.5952	0.0180878	118.429	0.807608	0
13.5768	0.0176576	118.746	0.80043	0
13.596	0.0174033	119.916	0.759418	0
13.6042	0.0174991	118.245	0.778557	0
13.6009	0.0170017	119.331	0.78676	0
13.5969	0.0169653	119.265	0.781291	0
13.587	0.0171438	118.78	0.780608	0
13.5879	0.0171396	119.081	0.774798	0
13.5873	0.0175891	119.265	0.79838	0
13.5783	0.0172948	118.83	0.796329	0
13.5648	0.0173509	118.964	0.797354	0
13.5631	0.0173183	118.479	0.792911	0
13.5675	0.0171846	117.877	0.789152	0
13.5796	0.0174354	119.114	0.786076	0
13.5924	0.0175937	119.482	0.795646	0
13.5962	0.0172953	120.351	0.773089	0
13.5845	0.0170563	117.977	0.76762	0
13.563	0.0175682	118.746	0.805215	0
13.5948	0.0172683	118.679	0.77138	0
13.602	0.0174001	118.663	0.781975	0
13.5726	0.0177281	119.766	0.776848	0
13.5829	0.0170962	119.398	0.787785	0
13.5852	0.0171297	117.894	0.781633	0
13.5546	0.0174072	119.883	0.786076	0
13.5647	0.0174009	118.713	0.778215	0
13.5964	0.0167969	119.9	0.779582	0
13.5972	0.0174518	117.86	0.793937	0
13.5828	0.0179537	118.88	0.795304	0
13.5859	0.0174091	118.629	0.775139	0
13.5905	0.0173294	118.445	0.788127	0
13.6089	0.0171679	120.518	0.800772	0
13.6193	0.0171597	118.713	0.789836	0
13.595	0.017321	118.847	0.779924	0
13.5658	0.0175413	118.98	0.822646	0
13.5694	0.017332	117.86	0.801114	0
13.5916	0.0172363	121.17	0.787785	0
13.5699	0.017343	119.499	0.811709	0
13.5637	0.0172933	119.599	0.796329	0
13.6156	0.0176315	119.047	0.789836	0
13.5983	0.0172931	119.315	0.774798	0
13.5593	0.0178264	119.699	0.778215	0
13.5676	0.0175758	119.448	0.778215	0
13.5513	0.0175261	118.295	0.78676	0
13.5472	0.0173964	119.649	0.791544	0
13.5663	0.0174126	117.961	0.811709	0
13.5813	0.0172903	118.947	0.784709	0
13.581	0.0172581	119.398	0.783342	0
13.5894	0.0174924	118.964	0.79462	0
13.5848	0.0177451	120.15	0.793595	0
13.5599	0.0178117	118.964	0.813418	0
13.5596	0.0174915	118.496	0.790519	0
13.584	0.0173144	118.111	0.79462	0
13.5976	0.017208	119.716	0.791203	0
13.597	0.0179222	120.618	0.781975	0
13.5871	0.0172254	120.284	0.785734	0
13.573	0.017457	119.114	0.806241	0
13.5859	0.0171475	120.167	0.784367	0
13.6019	0.017765	119.148	0.797696	0
13.5754	0.0171799	119.565	0.791544	0
13.5919	0.0174091	119.047	0.782317	0
13.6101	0.0168268	118.379	0.801456	0
13.5779	0.0172977	118.897	0.779241	0
13.5632	0.0176306	119.866	0.807266	0
13.5727	0.0173906	119.047	0.800089	0
13.5865	0.0174059	117.977	0.796671	0
13.5967	0.0174486	119.097	0.785051	0
13.5998	0.0172892	118.897	0.790861	0
13.5983	0.0177904	118.512	0.784709	0
13.6015	0.0176466	117.543	0.772747	0
13.612	0.0172401	118.629	0.80419	0
13.5966	0.0173911	119.031	0.772747	0
13.5798	0.0176488	119.382	0.792228	0
13.5959	0.017326	119.281	0.809658	0
13.601	0.017419	118.863	0.797696	0
13.5926	0.0175134	119.883	0.814785	0
13.5805	0.0174306	118.796	0.801456	0
13.5733	0.0174569	118.73	0.784709	0
13.5875	0.0176383	120.267	0.797696	0
13.5934	0.0172456	119.398	0.806582	0
13.5717	0.0178039	119.382	0.787443	0
13.5572	0.0173308	118.897	0.782317	0
13.5783	0.017823	119.783	0.813076	0
13.5866	0.0174587	119.382	0.774456	0
13.5494	0.017568	118.579	0.793595	0
13.556	0.0174101	118.847	0.785392	0
13.5889	0.0169093	119.432	0.799405	0
13.5853	0.0172805	117.409	0.788468	0
13.5842	0.0173521	118.579	0.778215	0
13.5925	0.0173179	119.198	0.783684	0
13.6008	0.0170406	119.415	0.772405	0
13.5831	0.0168717	118.863	0.782658	0
13.5724	0.0173439	119.733	0.805557	0
13.5958	0.0173496	119.031	0.785734	0
13.5932	0.0174514	121.087	0.786076	0
13.5815	0.0176034	118.663	0.795646	0
13.5857	0.0176836	118.262	0.768304	0
13.584	0.017301	119.148	0.775823	0
13.5945	0.0172211	120.501	0.803506	0
13.6032	0.017346	118.913	0.793253	0
13.5948	0.0172873	118.646	0.780949	0
13.5924	0.0172384	118.613	0.793253	0
13.5749	0.0173129	120.334	0.80419	0
13.5446	0.0177666	119.031	0.79257	0
13.5598	0.0170831	119.164	0.804873	0
13.589	0.0170062	119.248	0.791886	0
13.5835	0.0174402	120.251	0.791886	0
13.5601	0.0172985	117.961	0.796671	0
13.5641	0.0176569	119.549	0.786076	0
13.5899	0.0177499	118.73	0.788127	0
13.568	0.0169075	116.74	0.769329	0
13.5519	0.0175141	119.883	0.768304	0
13.5757	0.0176642	118.312	0.794279	0
13.5779	0.017543	119.231	0.785392	0
13.5582	0.0171153	119.181	0.789494	0
13.5605	0.0177151	120.067	0.800772	0
13.5735	0.0175047	118.345	0.796329	0
13.5683	0.0176112	118.044	0.783684	0
13.561	0.0169388	118.93	0.774798	0
13.579	0.0173425	119.281	0.808633	0
13.6043	0.0170524	119.114	0.791886	0
13.5923	0.0173027	119.632	0.788468	0
13.5836	0.01712	118.094	0.788127	0
13.58	0.0172142	118.98	0.776165	0
13.5732	0.0170891	119.616	0.792911	0
13.5748	0.017469	117.66	0.802823	0
13.5862	0.0179683	118.913	0.795987	0
13.5891	0.017397	118.663	0.775481	0
13.575	0.0175399	117.593	0.784025	0
13.5683	0.0175557	119.448	0.792228	0
13.5773	0.0177968	119.365	0.80043	0
13.5746	0.0174638	119.281	0.810342	0
13.5713	0.0177289	120.435	0.793253	0
13.5919	0.0176746	120.251	0.808633	0
13.5987	0.0177067	118.997	0.803506	0
13.5532	0.0172868	119.582	0.793595	0
13.5535	0.0174868	119.799	0.785734	0
13.6056	0.0173498	119.331	0.798038	0
13.594	0.0176792	120.167	0.785734	0
13.5731	0.0170261	119.649	0.775139	0
13.59	0.0181092	119.298	0.797354	0
13.5649	0.0178589	117.476	0.794962	0
13.5633	0.0174959	118.078	0.786418	0
13.5893	0.0178757	119.816	0.793937	0
13.5898	0.0173018	118.947	0.788468	0
13.5749	0.0174406	120.618	0.786076	0
13.5657	0.0165416	119.783	0.802823	0
13.5784	0.0170716	119.164	0.791544	0
13.5854	0.0175787	120.802	0.799405	0
13.5722	0.0173793	119.298	0.797013	0
13.5737	0.017392	119.131	0.780608	0
13.5858	0.0172172	118.145	0.824013	0
13.6024	0.0175775	120.067	0.816494	0
13.5813	0.0174316	118.345	0.782317	0
13.5529	0.0175058	119.866	0.811709	0
13.5819	0.0174633	119.582	0.783	0
13.6021	0.0174453	119.499	0.781291	0
13.5834	0.0175522	118.93	0.778215	0
13.561	0.0173451	118.863	0.771722	0
13.5816	0.0177787	119.365	0.779241	0
13.5879	0.0178147	118.445	0.790861	0
13.5826	0.0172129	118.328	0.798038	0
13.5987	0.0169692	118.429	0.781975	0
13.5867	0.0172746	121.053	0.795646	0
13.5695	0.0172694	117.576	0.780949	0
13.5554	0.0173972	119.214	0.79838	0
13.5563	0.0169198	117.56	0.766937	0
13.5839	0.0176021	120.251	0.776165	0
13.5885	0.0174512	117.376	0.802139	0
13.5834	0.0176486	119.816	0.793937	0
13.5837	0.0176123	119.097	0.795304	0
13.5726	0.0172812	117.86	0.775481	0
13.5806	0.0174782	119.549	0.778557	0
13.5764	0.0173155	119.649	0.804532	0
13.5655	0.017265	119.415	0.803165	0
13.5756	0.0178341	118.546	0.786418	0
13.5746	0.0172364	120.435	0.792228	0
13.5916	0.01733	119.482	0.79257	0
13.6126	0.0173041	118.161	0.780949	0
13.5895	0.0177559	117.994	0.779582	0
13.5455	0.0172835	118.863	0.775823	0
13.5724	0.0172314	119.883	0.788127	0
13.5906	0.0175666	116.807	0.781975	0
13.5493	0.0174567	119.85	0.804873	0
13.568	0.0172456	118.847	0.77719	0
13.5868	0.0175343	119.097	0.779241	0
13.5592	0.0169239	118.044	0.780266	0
13.5829	0.0174915	119.582	0.795646	0
13.602	0.0174816	118.579	0.792228	0
13.5719	0.0168136	119.833	0.779582	0
13.5614	0.0173733	119.933	0.79257	0
13.5596	0.0172886	118.796	0.795646	0
13.573	0.0176177	118.763	0.801798	0
13.5989	0.0170974	118.679	0.761127	0
13.6005	0.0172267	119.532	0.795987	0
13.5938	0.017642	118.746	0.775139	0
13.5792	0.0178151	119.415	0.793253	0
13.5799	0.0178153	118.379	0.783	0
13.5891	0.0171932	119.699	0.778557	0
13.5965	0.0169837	120.351	0.79257	0
13.611	0.0174439	118.897	0.804873	0
13.6019	0.0174276	119.733	0.782317	0
13.5704	0.0177855	117.86	0.792911	0
13.5743	0.0173743	119.833	0.799063	0
13.6033	0.0176877	118.629	0.798722	0
13.606	0.017905	118.512	0.788127	0
13.5844	0.0176627	118.462	0.793595	0
13.5709	0.0170825	119.047	0.789152	0
13.5628	0.0175643	118.713	0.801456	0
13.5679	0.0179538	118.73	0.803506	0
13.5903	0.0179788	118.161	0.80043	0
13.5993	0.0174765	119.733	0.800772	0
13.5971	0.0177539	120.284	0.775823	0
13.5815	0.0173296	117.526	0.779924	0
13.5833	0.0175966	120.368	0.796329	0
13.5963	0.017253	119.666	0.77343	0
13.571	0.0174469	119.214	0.794962	0
13.5711	0.0174415	119.114	0.778215	0
13.5849	0.0173423	118.278	0.808291	0
13.5665	0.0176682	119.432	0.791203	0
13.5691	0.0174773	119.398	0.792228	0
13.6089	0.0176284	118.847	0.795304	0
13.6015	0.0169978	119.148	0.799405	0
13.5737	0.0173476	119.131	0.794279	0
13.5817	0.0177481	118.195	0.789152	0
13.6063	0.0175673	118.496	0.797696	0
13.6089	0.0171325	117.827	0.75976	0
13.6034	0.0174101	120.568	0.790519	0
13.6033	0.0168848	119.047	0.780266	0
13.5833	0.0175652	118.379	0.789494	0
13.5896	0.0174971	120.067	0.80043	0
13.5939	0.0172117	118.094	0.796671	0
13.5793	0.01721	119.448	0.793937	0
13.5849	0.0171114	119.181	0.774114	0
13.5939	0.0175149	120.552	0.787101	0
13.5885	0.0173353	119.682	0.784367	0
13.5597	0.017517	119.064	0.808975	0
13.5411	0.0172078	120.067	0.783342	0
13.5775	0.017548	119.616	0.790519	0
13.5792	0.0177776	119.281	0.776506	0
13.5486	0.0173336	120.134	0.793937	0
13.5764	0.0173125	119.315	0.791203	0
13.5984	0.0171462	118.646	0.785734	0
13.5852	0.0174993	118.663	0.790519	0
13.563	0.0175077	119.164	0.786076	0
13.5633	0.0175267	119.365	0.799063	0
13.5845	0.0171789	118.412	0.798038	0
13.5837	0.0171289	118.278	0.78676	0
13.5534	0.0172213	118.913	0.78881	0
13.5675	0.0176451	119.315	0.780266	0
13.591	0.0178215	118.328	0.784709	0
13.5681	0.0178872	119.131	0.783	0
13.5742	0.0174602	119.599	0.787785	0
13.5935	0.0171378	118.011	0.798038	0
13.5641	0.0176896	118.345	0.781633	0
13.5791	0.0172147	118.312	0.783	0
13.6231	0.0176997	119.565	0.770696	0
13.5854	0.0169359	119.348	0.790177	0
13.5513	0.0174284	119.816	0.808975	0
13.5855	0.0174956	119.599	0.793253	0
13.6009	0.0174257	119.131	0.791544	0
13.5713	0.0174865	118.445	0.796329	0
13.581	0.0176906	119.164	0.799063	0
13.5947	0.0175185	119.348	0.782658	0
13.5616	0.0171386	118.161	0.803506	0
13.5573	0.0168418	119.214	0.798038	0
13.5762	0.01707	118.713	0.789494	0
13.5736	0.0172219	119.833	0.775823	0
13.5543	0.0172035	119.515	0.785734	0
13.5738	0.0174769	119.749	0.796329	0
13.5735	0.0173079	118.646	0.81	0
13.5451	0.0171235	120.033	0.78881	0
13.5817	0.0173486	119.181	0.778557	0
13.5735	0.0170275	119.432	0.789836	0
13.5304	0.0174654	118.512	0.782317	0
13.5775	0.0173315	118.211	0.775481	0
13.5961	0.0169711	119.064	0.784367	0
13.5665	0.0174256	119.599	0.797354	0
13.5829	0.0178778	118.796	0.794962	0
13.5907	0.017497	118.496	0.781633	0
13.5706	0.0170058	118.663	0.792228	0
13.5771	0.0169867	120.769	0.803165	0
13.5639	0.0176851	116.824	0.765228	0
13.5495	0.0177499	119.031	0.781291	0
13.5792	0.017392	119.064	0.776165	0
13.5719	0.0174084	119.85	0.79838	0
13.5731	0.0175999	118.094	0.794962	0
13.6002	0.0175318	119.799	0.791203	0
13.5877	0.0173843	118.094	0.786076	0
13.5759	0.0174902	120.017	0.791544	0
13.5791	0.0175228	118.78	0.794279	0
13.5803	0.0174661	118.328	0.786418	0
13.5966	0.0173994	118.362	0.78881	0
13.5983	0.017306	117.509	0.777532	0
13.578	0.0174132	119.967	0.785051	0
13.6092	0.0170947	119.916	0.765911	0
13.6263	0.0177184	119.047	0.785051	0
13.5766	0.0177524	120.217	0.80043	0
13.5778	0.01771	117.376	0.789152	0
13.6191	0.0176341	118.964	0.783342	0
13.5966	0.017813	118.93	0.768987	0
13.58	0.0171331	121.488	0.772405	0
13.5977	0.016977	118.345	0.794279	0
13.5759	0.0175391	118.496	0.806241	0
13.5653	0.0176544	118.78	0.774798	0
13.5864	0.0177494	118.663	0.795646	0
13.5735	0.017716	117.727	0.789152	0
13.5698	0.0179623	119.298	0.784709	0
13.5851	0.0173275	118.629	0.783684	0
13.5728	0.0172047	119.666	0.78676	0
13.5915	0.0173934	119.415	0.802139	0
13.6083	0.0174134	119.014	0.787785	0
13.5934	0.0176668	119.014	0.799405	0
13.5881	0.0176119	118.796	0.791203	0
13.5735	0.0171133	117.626	0.783684	0
13.572	0.0173104	119.833	0.800772	0
13.5805	0.0172365	118.663	0.808975	0
13.5869	0.0175359	117.76	0.787785	0
13.5953	0.0176055	120.167	0.780949	0
13.5546	0.0169601	118.78	0.793937	0
13.5665	0.0171376	119.214	0.790861	0
13.6276	0.0175949	117.877	0.805215	0
13.5985	0.0173328	118.73	0.77719	0
13.5685	0.0174616	116.707	0.787101	0
13.56	0.0175564	119.883	0.776848	0
13.5569	0.0176865	118.646	0.786076	0
13.5654	0.0173998	119.616	0.778557	0
13.5799	0.0171882	120	0.793253	0
13.5644	0.0171811	120	0.776506	0
13.5635	0.0172722	119.198	0.77719	0
13.5971	0.0173225	118.796	0.775481	0
13.6072	0.017936	119.198	0.795987	0
13.5869	0.0169173	119.933	0.802823	0
13.5574	0.0173764	118.964	0.803506	0
13.5858	0.0174469	117.81	0.776165	0
13.6124	0.0171898	119.833	0.793595	0
13.5972	0.0173919	118.863	0.799747	0
13.5806	0.0172359	119.448	0.804532	0
13.5766	0.0175942	120.735	0.792911	0
13.574	0.017328	117.225	0.792911	0
13.5782	0.0176659	119.097	0.794279	0
13.5987	0.017446	120.401	0.79257	0
13.6215	0.0171697	119.248	0.799747	0
13.6066	0.0171318	118.98	0.791203	0
13.5857	0.0175563	119.515	0.790861	0
13.5801	0.0174505	119.181	0.798722	0
13.5733	0.0175625	117.994	0.781633	0
13.5667	0.0177104	119.482	0.787785	0
13.5778	0.0172936	118.83	0.797696	0
13.5752	0.0172986	119.181	0.799405	0
13.5601	0.0175295	118.679	0.809658	0
13.5672	0.0173713	119.214	0.782317	0
13.5884	0.0177198	119.415	0.775823	0
13.625	0.0173214	119.064	0.79838	0
13.6302	0.0176186	119.766	0.803848	0
13.5961	0.0174409	118.496	0.794279	0
13.5873	0.0170458	117.626	0.799405	0
13.5909	0.017414	118.379	0.803506	0
13.5585	0.0178667	117.476	0.784367	0
13.5187	0.0173934	119.365	0.781291	0
13.5218	0.0171244	118.629	0.78676	0
13.5508	0.0176725	118.094	0.793937	0
13.568	0.017415	118.596	0.776506	0
13.571	0.01698	117.911	0.788127	0
13.5814	0.0173728	120.451	0.794962	0
13.6089	0.0174591	119.148	0.791544	0
13.5959	0.0172564	118.629	0.800772	0
13.5696	0.0172912	119.031	0.779582	0
13.5795	0.0172595	119.448	0.793595	0
13.5695	0.0175574	118.679	0.789836	0
13.5533	0.0173137	119.131	0.783684	0
13.5649	0.0171195	119.699	0.784367	0
13.5662	0.0177449	119.682	0.77719	0
13.5655	0.0177139	119.148	0.800089	0
13.5857	0.0171979	119.348	0.778899	0
13.5869	0.0173396	119.097	0.787443	0
13.5862	0.0172259	120.084	0.793253	0
13.5739	0.0172319	118.345	0.808975	0
13.5645	0.0176662	119.733	0.79838	0
13.5989	0.0173582	119.532	0.785392	0
13.5957	0.0172069	118.195	0.782317	0
13.5566	0.0175121	120.334	0.775481	0
13.5575	0.0170961	119.348	0.767279	0
13.5709	0.0176082	119.482	0.799747	0
13.5702	0.0175795	120.669	0.782658	0
13.5771	0.0173679	119.348	0.785392	0
13.5708	0.0180042	118.93	0.810684	0
13.5566	0.0178092	118.562	0.786418	0
13.5607	0.0174726	118.98	0.804873	0
13.5708	0.0173336	119.666	0.793595	0
13.5774	0.0174062	118.546	0.779924	0
13.5881	0.0175516	121.237	0.785392	0
13.5833	0.0172308	117.142	0.779582	0
13.5672	0.0172627	120.435	0.786418	0
13.5873	0.0172301	117.476	0.800089	0
13.585	0.018008	119.599	0.812051	0
13.5693	0.0180346	120.033	0.777873	0
13.6053	0.0172681	120.284	0.765911	0
13.599	0.0172429	118.262	0.788468	0
13.5622	0.0172691	118.98	0.791544	0
13.5638	0.0172129	118.295	0.790861	0
13.5679	0.0175352	119.198	0.782658	0
13.5793	0.0175977	119.448	0.773089	0
13.5606	0.017763	119.248	0.774114	0
13.5501	0.017164	117.175	0.769671	0
13.5808	0.0177846	118.663	0.790177	0
13.5728	0.0172171	117.693	0.789152	0
13.5788	0.0171686	120.067	0.786076	0
13.6071	0.0177323	118.078	0.788127	0
13.5818	0.0172797	120.802	0.793595	0
13.5664	0.0174094	120.234	0.812392	0
13.5749	0.0176155	119.549	0.79462	0
13.5762	0.0171092	119.164	0.774798	0
13.5884	0.0174239	119.983	0.784367	0
13.5901	0.0176163	118.88	0.82162	0
13.5867	0.0172183	119.064	0.79462	0
13.5902	0.0173312	118.412	0.81376	0
13.5939	0.0172877	119.081	0.791203	0
13.6239	0.0175652	117.894	0.773089	0
13.6091	0.0173885	119.833	0.80419	0
13.5683	0.0175384	118.395	0.791544	0
13.5934	0.0173816	119.164	0.790861	0
13.5973	0.0173721	118.73	0.803506	0
13.5727	0.0176494	118.88	0.791544	0
13.6018	0.0176562	118.629	0.772063	0
13.6007	0.0175413	119.749	0.788468	0
13.5746	0.0172986	120.468	0.781291	0
13.5956	0.0173753	118.395	0.795987	0
13.6023	0.0176172	118.696	0.770354	0
13.603	0.0169227	118.596	0.762835	0
13.6214	0.017652	119.916	0.788468	0
13.5978	0.0175222	118.763	0.787101	0
13.556	0.0172041	118.93	0.799063	0
13.5653	0.0181068	117.593	0.789494	0
13.5584	0.0173902	117.827	0.787101	0
13.5496	0.0175683	119.666	0.790861	0
13.5792	0.0178266	118.964	0.790177	0
13.5841	0.0175608	119.465	0.793937	0
13.5567	0.0175276	118.395	0.786418	0
13.5758	0.0178256	120.368	0.776506	0
13.602	0.0174608	118.228	0.79462	0
13.5798	0.0174743	120.184	0.788468	0
13.5839	0.0177238	118.763	0.780949	0
13.5819	0.0173964	118.813	0.798722	0
13.5418	0.0173825	118.913	0.792228	0
13.545	0.0170111	119.047	0.790177	0
13.5717	0.0170195	119.298	0.77719	0
13.5863	0.0170648	119.582	0.796671	0
13.5842	0.0173943	119.081	0.79462	0
13.5693	0.0175928	119.198	0.791544	0
13.5636	0.0175031	120.017	0.785734	0
13.5657	0.0172519	118.713	0.793595	0
13.5959	0.0168789	120.15	0.787101	0
13.613	0.0172896	118.98	0.791886	0
13.576	0.0174301	120.201	0.785051	0
13.5773	0.0174155	119.014	0.803848	0
13.6031	0.0172132	118.496	0.76557	0
13.5778	0.0177058	118.796	0.79462	0
13.5411	0.0173674	119.616	0.776848	0
13.5675	0.0176302	118.278	0.803165	0
13.5818	0.0178578	118.83	0.80419	0
13.5738	0.0172504	118.496	0.789836	0
13.5791	0.0172745	119.014	0.809658	0
13.5588	0.01742	118.228	0.786076	0
13.5533	0.0175104	118.028	0.785051	0
13.5703	0.0175206	119.967	0.777532	0
13.5668	0.017214	118.312	0.784367	0
13.5542	0.0176626	118.596	0.80043	0
13.5681	0.0177364	118.262	0.784709	0
13.5795	0.0173317	119.783	0.798722	0
13.577	0.017475	119.365	0.80419	0
13.5776	0.0173111	119.565	0.785392	0
13.6039	0.0173754	118.813	0.786076	0
13.5932	0.0171819	118.696	0.765911	0
13.5502	0.017425	119.933	0.783342	0
13.5494	0.0171	119.231	0.794279	0
13.5827	0.0177409	118.479	0.808633	0
13.5838	0.0173259	119.9	0.808975	0
13.5674	0.0172846	118.796	0.794279	0
13.5899	0.017408	119.699	0.797354	0
13.5787	0.0173327	118.395	0.78881	0
13.5564	0.0174355	117.543	0.780608	0
13.5828	0.0170839	120.535	0.79838	0
13.5916	0.0171391	119.382	0.804873	0
13.5714	0.0173239	119.081	0.795304	0
13.593	0.0169031	118.947	0.77719	0
13.6145	0.0173993	118.997	0.799063	0
13.5842	0.0173249	118.629	0.77138	0
13.5626	0.0173306	118.613	0.781633	0
13.5817	0.0176013	118.529	0.791886	0
13.5867	0.0168803	117.911	0.786076	0
13.5939	0.0180188	118.88	0.805899	0
13.5941	0.0178619	119.047	0.791544	0
13.5865	0.017643	119.114	0.793253	0
13.5913	0.0176131	119.649	0.77719	0
13.5807	0.0179713	118.412	0.789836	0
13.5846	0.0175136	120.1	0.816494	0
13.6002	0.0177557	119.265	0.807266	0
13.5896	0.0175801	119.298	0.787101	0
13.5945	0.0170927	118.228	0.782317	0
13.5962	0.0170412	118.278	0.788468	0
13.5687	0.0171891	119.164	0.781633	0
13.558	0.0173336	119.064	0.811367	0
13.5532	0.0170724	118.496	0.781633	0
13.5558	0.0171226	118.128	0.765911	0
13.596	0.0173459	119.047	0.803848	0
13.5993	0.0176975	118.913	0.809317	0
13.5663	0.0175164	119.064	0.795646	0
13.5707	0.01725	118.512	0.801798	0
13.5975	0.0174706	118.629	0.777873	0
13.5863	0.0176799	118.562	0.790861	0
13.5752	0.0170539	118.746	0.777873	0
13.589	0.0175423	119.85	0.802823	0
13.5744	0.0175714	119.783	0.778557	0
13.5686	0.0174471	121.103	0.784709	0
13.5826	0.0181602	118.262	0.792228	0
13.5886	0.0176475	120.033	0.816836	0
13.5925	0.0176722	119.315	0.787101	0
13.5823	0.0175291	119.097	0.772405	0
13.5679	0.0174063	117.593	0.778899	0
13.5618	0.0175753	119.532	0.77719	0
13.5749	0.0174078	118.813	0.808291	0
13.5777	0.0175263	118.93	0.790177	0
13.5753	0.0174318	118.863	0.772747	0
13.5862	0.0177312	119.114	0.796329	0
13.6057	0.0175638	118.88	0.800772	0
13.5906	0.0171808	120.167	0.796329	0
13.5836	0.0174348	118.379	0.795987	0
13.5779	0.017159	119.85	0.785734	0
13.5537	0.0171401	118.379	0.798722	0
13.5659	0.017555	119.198	0.784709	0
13.5806	0.0169377	117.86	0.785392	0
13.5856	0.0172365	119.95	0.799405	0
13.5966	0.0174579	118.512	0.772405	0
13.5603	0.0175012	118.211	0.757709	0
13.538	0.0171116	117.66	0.792911	0
13.5548	0.0171625	119.532	0.787101	0
13.5438	0.0172067	118.345	0.774456	0
13.5396	0.0171838	118.312	0.777873	0
13.5741	0.0170687	119.081	0.79838	0
13.5858	0.0177785	119.749	0.772405	0
13.5658	0.0177158	118.111	0.760443	0
13.5565	0.0172443	117.844	0.772405	0
13.5789	0.0173185	119.047	0.803848	0
13.5972	0.0176953	119.916	0.777873	0
13.5909	0.0174349	119.95	0.803165	0
13.5783	0.0171713	119.415	0.801798	0
13.5727	0.0171048	118.78	0.784367	0
13.5723	0.0178795	118.897	0.787785	0
13.5692	0.0178734	119.382	0.795646	0
13.5725	0.017134	118.696	0.783684	0
13.5839	0.017602	119.448	0.770013	0
13.5975	0.017524	120.15	0.785734	0
13.5926	0.0172243	117.777	0.798038	0
13.5472	0.0173546	118.83	0.785734	0
13.517	0.0172485	119.081	0.800772	0
13.5431	0.0170404	120.501	0.79462	0
13.5849	0.0174258	118.345	0.788127	0
13.5855	0.0171852	120.1	0.793937	0
13.5744	0.0172696	118.245	0.781291	0
13.5869	0.0171176	119.031	0.796671	0
13.5941	0.0175918	119.231	0.771722	0
13.5784	0.0173785	118.83	0.801798	0
13.5856	0.0175624	119.565	0.789836	0
13.5948	0.0176595	119.916	0.780949	0
13.5621	0.0175719	119.632	0.783	0
13.5505	0.0177639	119.181	0.786076	0
13.5665	0.0176881	120.401	0.806582	0
13.5424	0.0172553	118.863	0.778899	0
13.5392	0.0174998	119.398	0.809317	0
13.584	0.0174239	119.967	0.816494	0
13.6004	0.0176507	117.476	0.762152	0
13.5757	0.0171963	119.866	0.790861	0
13.5848	0.0174829	118.913	0.79462	0
13.6094	0.017008	120.167	0.779241	0
13.5884	0.0171136	119.081	0.780608	0
13.563	0.0174774	119.014	0.798038	0
13.5796	0.0173259	120.033	0.801456	0
13.5897	0.017111	119.766	0.791886	0
13.5836	0.0174351	118.964	0.783	0
13.5895	0.0175319	119.164	0.777532	0
13.5931	0.0173629	118.646	0.774798	0
13.5772	0.0175245	118.73	0.79838	0
13.5495	0.0170387	118.078	0.782658	0
0	0	0	0	0
0	0	0	0	0
0	0	0	0	0
0	0	0	0	0
0	0	0	0	0
0	0	0	0	0
0	0	0	0	0
0	0	0	0	0
0	0	0	0	0
0	0	0	0	0
0	0	0	0	0
0	0	0	0	0
0	0	0	0	0
0	0	0	0	0
0	0	0	0	0
0	0	0	0	0
0	0	0	0	0
0	0	0	0	0
0	0	0	0	0
0	0	0	0	0
0	0	0	0	0
0	0	0	0	0
0	0	0	0	0
0	0	0	0	0
0	0	0	0	0
0	0	0	0	0
0	0	0	0	0
0	0	0	0	0
0	0	0	0	0
0	0	0	0	0
0	0	0	0	0
0	0	0	0	0
0	0	0	0	0
0	0	0	0	0
0	0	0	0	0
0	0	0	0	0
0	0	0	0	0
0	0	0	0	0
0	0	0	0	0
0	0	0	0	0
0	0	0	0	0
0	0	0	0	0
0	0	0	0	0
0	0	0	0	0
0	0	0	0	0
0	0	0	0	0
0	0	0	0	0
0	0	0	0	0
0	0	0	0	0
0	0	0	0	0
0	0	0	0	0
0	0	0	0	0
0	0	0	0	0
0	0	0	0	0
0	0	0	0	0
0	0	0	0	0
0	0	0	0	0
0	0	0	0	0
0	0	0	0	0
0	0	0	0	0
0	0	0	0	0
0	0	0	0	0
0	0	0	0	0
0	0	0	0	0
0	0	0	0	0
0	0	0	0	0
0	0	0	0	0
0	0	0	0	0
0	0	0	0	0
0	0	0	0	0
0	0	0	0	0
0	0	0	0	0
0	0	0	0	0
0	0	0	0	0
0	0	0	0	0
0	0	0	0	0
0	0	0	0	0
0	0	0	0	0
0	0	0	0	0
0	0	0	0	0
0	0	0	0	0
0	0	0	0	0
0	0	0	0	0
0	0	0	0	0
0	0	0	0	0
0	0	0	0	0
0	0	0	0	0
0	0	0	0	0
0	0	0	0	0
0	0	0	0	0
0	0	0	0	0
0	0	0	0	0
0	0	0	0	0
0	0	0	0	0
0	0	0	0	0
0	0	0	0	0
0	0	0	0	0
0	0	0	0	0
0	0	0	0	0
0	0	0	0	0
0	0	0	0	0
0	0	0	0	0
0	0	0	0	0
0	0	0	0	0
0	0	0	0	0
0	0	0	0	0
0	0	0	0	0
0	0	0	0	0
0	0	0	0	0
0	0	0	0	0
0	0	0	0	0
0	0	0	0	0
0	0	0	0	0
0	0	0	0	0
0	0	0	0	0
0	0	0	0	0
0	0	0	0	0
0	0	0	0	0
0	0	0	0	0
0	0	0	0	0
0	0	0	0	0
0	0	0	0	0
0	0	0	0	0
0	0	0	0	0
0	0	0	0	0
0	0	0	0	0
0	0	0	0	0
0	0	0	0	0
0	0	0	0	0
0	0	0	0	0
0	0	0	0	0
0	0	0	0	0
0	0	0	0	0
0	0	0	0	0
0	0	0	0	0
0	0	0	0	0
0	0	0	0	0
0	0	0	0	0
0	0	0	0	0
0	0	0	0	0
0	0	0	0	0
0	0	0	0	0
0	0	0	0	0
0	0	0	0	0
0	0	0	0	0
0	0	0	0	0
0	0	0	0	0
0	0	0	0	0
0	0	0	0	0
0	0	0	0	0
0	0	0	0	0
0	0	0	0	0
0	0	0	0	0
0	0	0	0	0
0	0	0	0	0
0	0	0	0	0
0	0	0	0	0
0	0	0	0	0
0	0	0	0	0
0	0	0	0	0
0	0	0	0	0
0	0	0	0	0
0	0	0	0	0
0	0	0	0	0
0	0	0	0	0
0	0	0	0	0
0	0	0	0	0
0	0	0	0	0
0	0	0	0	0
0	0	0	0	0
0	0	0	0	0
0	0	0	0	0
0	0	0	0	0
0	0	0	0	0
0	0	0	0	0
0	0	0	0	0
0	0	0	0	0
0	0	0	0	0
0	0	0	0	0
0	0	0	0	0
0	0	0	0	0
0	0	0	0	0
0	0	0	0	0
0	0	0	0	0
0	0	0	0	0
0	0	0	0	0
0	0	0	0	0
0	0	0	0	0
0	0	0	0	0
0	0	0	0	0
0	0	0	0	0
0	0	0	0	0
0	0	0	0	0
0	0	0	0	0
0	0	0	0	0
0	0	0	0	0
0	0	0	0	0
0	0	0	0	0
0	0	0	0	0
0	0	0	0	0
0	0	0	0	0
0	0	0	0	0
0	0	0	0	0
0	0	0	0	0
0	0	0	0	0
0	0	0	0	0
0	0	0	0	0
0	0	0	0	0
0	0	0	0	0
0	0	0	0	0
0	0	0	0	0
0	0	0	0	0
0	0	0	0	0
0	0	0	0	0
0	0	0	0	0
0	0	0	0	0
0	0	0	0	0
0	0	0	0	0
0	0	0	0	0
0	0	0	0	0
0	0	0	0	0
0	0	0	0	0
0	0	0	0	0
0	0	0	0	0
0	0	0	0	0
0	0	0	0	0
0	0	0	0	0
0	0	0	0	0
0	0	0	0	0
0	0	0	0	0
0	0	0	0	0
0	0	0	0	0
0	0	0	0	0
0	0	0	0	0
0	0	0	0	0
0	0	0	0	0
0	0	0	0	0
0	0	0	0	0
0	0	0	0	0
0	0	0	0	0
0	0	0	0	0
0	0	0	0	0
0	0	0	0	0
0	0	0	0	0
0	0	0	0	0
0	0	0	0	0
0	0	0	0	0
0	0	0	0	0
0	0	0	0	0
0	0	0	0	0
0	0	0	0	0
0	0	0	0	0
0	0	0	0	0
0	0	0	0	0
0	0	0	0	0
0	0	0	0	0
0	0	0	0	0
0	0	0	0	0
0	0	0	0	0
0	0	0	0	0
0	0	0	0	0
0	0	0	0	0
0	0	0	0	0
0	0	0	0	0
0	0	0	0	0
0	0	0	0	0
0	0	0	0	0
0	0	0	0	0
0	0	0	0	0
0	0	0	0	0
0	0	0	0	0
0	0	0	0	0
0	0	0	0	0
0	0	0	0	0
0	0	0	0	0
0	0	0	0	0
0	0	0	0	0
0	0	0	0	0
0	0	0	0	0
0	0	0	0	0
0	0	0	0	0
0	0	0	0	0
0	0	0	0	0
0	0	0	0	0
0	0	0	0	0
0	0	0	0	0
0	0	0	0	0
0	0	0	0	0
0	0	0	0	0
0	0	0	0	0
0	0	0	0	0
0	0	0	0	0
0	0	0	0	0
0	0	0	0	0
0	0	0	0	0
0	0	0	0	0
0	0	0	0	0
0	0	0	0	0
0	0	0	0	0
0	0	0	0	0
0	0	0	0	0
0	0	0	0	0
0	0	0	0	0
0	0	0	0	0
0	0	0	0	0
0	0	0	0	0
0	0	0	0	0
0	0	0	0	0
0	0	0	0	0
0	0	0	0	0
0	0	0	0	0
0	0	0	0	0
0	0	0	0	0
0	0	0	0	0
0	0	0	0	0
0	0	0	0	0
0	0	0	0	0
0	0	0	0	0
0	0	0	0	0
0	0	0	0	0
0	0	0	0	0
0	0	0	0	0
0	0	0	0	0
0	0	0	0	0
0	0	0	0	0
0	0	0	0	0
0	0	0	0	0
0	0	0	0	0
0	0	0	0	0
0	0	0	0	0
0	0	0	0	0
0	0	0	0	0
0	0	0	0	0
0	0	0	0	0
0	0	0	0	0
0	0	0	0	0
0	0	0	0	0
0	0	0	0	0
0	0	0	0	0
0	0	0	0	0
0	0	0	0	0
0	0	0	0	0
0	0	0	0	0
0	0	0	0	0
0	0	0	0	0
0	0	0	0	0
0	0	0	0	0
0	0	0	0	0
0	0	0	0	0
0	0	0	0	0
0	0	0	0	0
0	0	0	0	0
0	0	0	0	0
0	0	0	0	0
0	0	0	0	0
0	0	0	0	0
0	0	0	0	0
0	0	0	0	0
0	0	0	0	0
0	0	0	0	0
0	0	0	0	0
0	0	0	0	0
0	0	0	0	0
0	0	0	0	0
0	0	0	0	0
0	0	0	0	0
0	0	0	0	0
0	0	0	0	0
0	0	0	0	0
0	0	0	0	0
0	0	0	0	0
0	0	0	0	0
0	0	0	0	0
0	0	0	0	0
0	0	0	0	0
0	0	0	0	0
0	0	0	0	0
0	0	0	0	0
0	0	0	0	0
0	0	0	0	0
0	0	0	0	0
0	0	0	0	0
0	0	0	0	0
0	0	0	0	0
0	0	0	0	0
0	0	0	0	0
0	0	0	0	0
0	0	0	0	0
0	0	0	0	0
0	0	0	0	0
0	0	0	0	0
0	0	0	0	0
0	0	0	0	0
0	0	0	0	0
0	0	0	0	0
0	0	0	0	0
0	0	0	0	0
0	0	0	0	0
0	0	0	0	0
0	0	0	0	0
