a2610717.050052
Narit-cm 07/01/2026 16:35:02 07/01/2026 17:05:00 0045 0013.384714 0052.542598 00.0 00.0
0002401 0010 0000000 0010 05 0000000 0010 0000000 0010
1 0 1 01600 1 0000 3.75 00000.o 0 0 01 000 16 002401 0.500 BT0
1 2 1 02000 1 0000 3.75 00000.o 0 0 01 000 16 002401 0.500 S2A0
1 1 1 01600 1 0000 3.75 00000.o 0 0 00 000 00 002401 3.1746 BC0
1 3 1 02000 1 0000 3.75 00000.o 0 0 00 000 00 002401 3.1746 S2P0
1 5 0 01600 0 0000 1.00 00000.o 0 0 00 000 00 000000 0.000 OF0
0.000 .o Analog 0 	0.000 .o Analog StErr 0 	0.000 .o Photon Counting 0 	0.000 .o PC StErr 0 	0.000 .o Overflow Info 0 
31.4642	0.155719	184.473	0.879409	0
65.5279	0.390658	193.986	0.873968	0
259.956	2.26477	113.07	1.38237	0
472.495	0.106874	1.26614	0.146908	0
473.457	0	0	0	0
473.457	0	0.133278	0.0622319	0
473.457	0	28.5548	0.721958	0
473.457	6.3565E-6	20.3915	0.67877	0
473.457	0	2.16576	0.2088	0
473.457	0	7.59683	0.376792	0
473.457	0	37.7676	0.790312	0
473.457	0	103.574	1.05896	0
473.457	0	156.751	1.04604	0
473.457	6.3565E-6	121.333	1.04808	0
473.457	0	86.8805	0.897432	0
473.457	0	92.4948	0.9379	0
473.457	0	100.242	0.918856	0
473.457	6.3565E-6	101.491	0.909674	0
473.457	0	105.689	0.912055	0
473.457	0	108.688	0.903553	0
473.457	0	120.317	0.914435	0
473.457	0	141.991	0.929738	0
473.457	0	164.748	0.935859	0
473.457	0	180.875	0.896072	0
473.457	0	192.87	0.897772	0
473.457	0	200.25	0.88859	0
473.457	0	200	0.889271	0
473.457	0	201.816	0.881109	0
473.457	0	200.383	0.88757	0
473.457	0	200.55	0.88451	0
473.457	6.3565E-6	200.133	0.889951	0
473.837	0.0561305	198.284	0.88451	1
477.612	0.188829	197.384	0.903213	1
485.34	0.261553	197.918	0.876008	1
496.544	0.170935	197.634	0.878729	1
499.997	0.00321574	197.934	0.88587	1
500	0	196.868	0.902533	1
499.998	0.00144714	198.384	0.879749	1
498.62	0.105618	198.084	0.889611	1
490.829	0.368658	198.134	0.871587	1
472.751	0.68295	198.034	0.871247	1
443.064	0.889176	198.117	0.870227	1
406.347	0.919632	196.701	0.859345	0
369.289	0.939255	199.817	0.860365	0
332.285	0.947577	199.467	0.864786	0
296.689	0.955326	199.417	0.896752	0
262.427	0.973906	197.384	0.877368	0
228.84	0.986429	199.817	0.868186	0
196.499	0.983001	199.467	0.859685	0
166.221	0.954398	198.967	0.882809	0
138.142	0.891524	201.449	0.874988	0
112.911	0.800951	199.067	0.877368	0
91.1808	0.694484	198.551	0.874988	0
72.8893	0.581445	198.267	0.862065	0
58.12	0.47644	197.118	0.870227	0
46.5845	0.379294	195.569	0.896412	0
37.4375	0.291785	195.135	0.854924	0
30.4892	0.22351	193.136	0.850843	0
25.3877	0.169435	192.97	0.862405	0
21.454	0.1262	191.47	0.846082	0
18.6081	0.0938323	189.921	0.854584	0
16.6176	0.0717365	187.972	0.842001	0
15.0713	0.055535	187.622	0.865466	0
13.9566	0.0440071	184.99	0.854924	0
13.0997	0.0371305	185.073	0.869887	0
12.3708	0.0326632	183.307	0.850163	0
11.8655	0.0293446	181.208	0.843022	0
11.516	0.0281354	180.025	0.851523	0
11.2423	0.0280426	180.058	0.8369	0
11.0405	0.027613	178.709	0.848463	0
10.8955	0.0278179	176.293	0.845742	0
10.7475	0.0269123	173.978	0.825678	0
10.6027	0.0274628	174.894	0.83418	0
10.5347	0.0272409	173.861	0.838941	0
10.5232	0.027075	172.112	0.837921	0
10.4954	0.0263135	171.745	0.839961	0
10.4772	0.0264174	171.212	0.829419	0
10.4775	0.0262169	171.012	0.854244	0
10.4458	0.0267084	171.445	0.874648	0
10.4271	0.0257413	169.563	0.868186	0
10.4545	0.0253976	169.08	0.844042	0
10.4553	0.0254376	168.23	0.848123	0
10.4484	0.0245199	167.43	0.829419	0
10.4823	0.0247924	168.297	0.844042	0
10.473	0.0248192	166.381	0.846422	0
10.4369	0.0246245	168.213	0.857644	0
10.4993	0.0244985	167.663	0.858325	0
10.5881	0.0243332	166.164	0.839281	0
10.5747	0.0237068	164.865	0.848803	0
10.5531	0.0243981	165.648	0.824658	0
10.588	0.0241048	165.331	0.851523	0
10.634	0.0234799	164.698	0.823978	0
10.6461	0.0236926	165.898	0.83248	0
10.6787	0.0233486	165.914	0.843022	0
10.6796	0.0230531	164.415	0.838941	0
10.6562	0.0232293	163.149	0.854924	0
10.6872	0.0231105	165.065	0.83316	0
10.6871	0.0225756	165.214	0.840301	0
10.6846	0.0221189	165.581	0.841661	0
10.7325	0.0226785	164.265	0.863426	0
10.7366	0.0225817	162.532	0.820577	0
10.7594	0.0217473	162.532	0.83282	0
10.7729	0.022457	161.449	0.826358	0
10.7272	0.0223683	162.782	0.845402	0
10.7703	0.0216975	163.032	0.847102	0
10.8243	0.0216738	162.449	0.83486	0
10.8143	0.0214727	163.049	0.847102	0
10.8284	0.022028	163.332	0.838941	0
10.845	0.0218488	162.482	0.853904	0
10.8563	0.0219197	161.583	0.864786	0
10.8689	0.0222135	161.299	0.837581	0
10.8673	0.0220127	161.766	0.847102	0
10.873	0.0217306	160.317	0.860705	0
10.8843	0.0214848	159.967	0.815476	0
10.917	0.0219403	162.149	0.876008	0
10.9303	0.0211175	161.433	0.8352	0
10.9219	0.0211106	161.966	0.841321	0
10.9325	0.0212388	159.95	0.825678	0
10.9312	0.0209516	159.434	0.872947	0
10.9225	0.0211139	160.35	0.859005	0
10.9485	0.0215993	158.234	0.837581	0
10.9446	0.0214328	159.633	0.838941	0
10.9051	0.0208843	160.317	0.838601	0
10.9114	0.0215337	157.718	0.83656	0
10.9272	0.0209845	159.434	0.849483	0
10.9367	0.0211965	158.217	0.830099	0
10.9437	0.0215164	158.367	0.83282	0
10.9478	0.0213504	159.434	0.847783	0
10.9363	0.0204354	157.268	0.856284	0
10.9429	0.020509	158.301	0.854584	0
10.9546	0.021071	159.034	0.83486	0
10.9186	0.0206735	158.834	0.814796	0
10.9098	0.0200218	159.617	0.861045	0
10.9404	0.0200951	157.718	0.845402	0
10.9297	0.0206785	158.8	0.827379	0
10.9035	0.0200738	158.884	0.842682	0
10.8741	0.0195664	158.167	0.829079	0
10.8695	0.0198337	156.668	0.845742	0
10.8736	0.0204829	159.15	0.83622	0
10.856	0.0198294	158.434	0.846082	0
10.8389	0.0200642	156.318	0.854584	0
10.8155	0.0198058	156.801	0.811056	0
10.7988	0.0195587	157.501	0.830439	0
10.7737	0.0196932	156.118	0.862405	0
10.7583	0.0192524	156.451	0.827039	0
10.765	0.0196022	156.368	0.839961	0
10.7499	0.0196968	156.202	0.842001	0
10.7163	0.0191746	155.285	0.837581	0
10.7095	0.0194085	155.952	0.827039	0
10.7032	0.0196805	154.586	0.852884	0
10.6886	0.0190295	155.652	0.843362	0
10.6707	0.0192566	154.902	0.8318	0
10.6398	0.0190486	155.818	0.823638	0
10.5965	0.0189049	154.769	0.831459	0
10.5763	0.0190181	154.885	0.839961	0
10.5454	0.0186096	154.136	0.830099	0
10.4905	0.0181738	153.903	0.842001	0
10.4875	0.0185637	155.469	0.852884	0
10.4847	0.0183119	154.186	0.846082	0
10.4594	0.0184354	153.453	0.841661	0
10.4252	0.0191531	154.352	0.852203	0
10.3778	0.0184182	153.886	0.840301	0
10.3668	0.0184605	153.286	0.851863	0
10.3692	0.0185837	153.086	0.869207	0
10.3418	0.0187259	153.586	0.83622	0
10.3023	0.0185755	153.436	0.8352	0
10.2559	0.0186966	153.653	0.847102	0
10.2163	0.0182928	152.753	0.811736	0
10.1937	0.0183949	151.637	0.860705	0
10.1764	0.0179713	153.503	0.843022	0
10.1585	0.0179855	151.803	0.863086	0
10.1377	0.0183657	150.687	0.865806	0
10.0938	0.0189686	150.887	0.823298	0
10.0492	0.0190792	151.12	0.851183	0
10.0274	0.0185142	149.638	0.827719	0
9.97473	0.0179422	150.254	0.874988	0
9.93943	0.0182556	150.371	0.841321	0
9.95462	0.0178869	150.537	0.839961	0
9.92642	0.0180798	150.221	0.860365	0
9.88425	0.017867	150.587	0.843362	0
9.8454	0.0177799	149.488	0.83316	0
9.80558	0.0179095	148.555	0.842342	0
9.77379	0.017738	149.238	0.837921	0
9.75933	0.0179564	148.055	0.852203	0
9.74092	0.0179554	148.605	0.837581	0
9.7118	0.017865	148.355	0.848803	0
9.66216	0.0181038	147.539	0.828059	0
9.62363	0.0181783	148.438	0.847102	0
9.6182	0.0182014	149.071	0.83656	0
9.58648	0.0184703	147.922	0.828059	0
9.54326	0.0177719	147.222	0.8352	0
9.50358	0.0175536	147.222	0.845402	0
9.46116	0.0172449	146.439	0.858665	0
9.43833	0.0179316	146.989	0.844042	0
9.4369	0.0181089	145.623	0.845742	0
9.40806	0.0179418	145.873	0.8369	0
9.37566	0.0178222	146.439	0.83588	0
9.33987	0.0172616	145.373	0.847443	0
9.30754	0.0176267	145.839	0.855264	0
9.30269	0.01715	145.889	0.83418	0
9.26703	0.0173135	146.356	0.853564	0
9.23236	0.0177754	146.905	0.83622	0
9.23967	0.0175912	144.906	0.824318	0
9.19721	0.0175429	144.54	0.817517	0
9.14125	0.0173983	143.807	0.837921	0
9.15313	0.0174	144.19	0.849483	0
9.13592	0.0171511	145.006	0.857985	0
9.08952	0.0168254	142.974	0.853564	0
9.06556	0.0170552	143.623	0.860705	0
9.03831	0.0171917	143.374	0.865466	0
9.013	0.0173565	142.374	0.857985	0
8.99699	0.0176474	142.391	0.843702	0
8.97125	0.0173609	141.891	0.857644	0
8.94427	0.0167578	142.924	0.830439	0
8.91458	0.0170183	140.975	0.851523	0
8.86965	0.0169617	141.824	0.83588	0
8.8625	0.0168842	142.174	0.845062	0
8.85545	0.0169415	141.474	0.848463	0
8.81098	0.0166799	141.241	0.828399	0
8.79209	0.0165508	141.274	0.847443	0
8.7769	0.0163201	142.157	0.822278	0
8.74803	0.0164798	139.875	0.827039	0
8.72396	0.0163579	140.292	0.842001	0
8.69474	0.0164859	139.409	0.83214	0
8.67804	0.0164399	139.275	0.845742	0
8.67377	0.016238	139.159	0.824998	0
8.65265	0.0159845	140.275	0.837241	0
8.62866	0.0158562	139.059	0.83248	0
8.60923	0.0162874	138.492	0.837581	0
8.59719	0.0163376	138.875	0.865126	0
8.59814	0.0163642	139.375	0.857985	0
8.5516	0.0159967	138.592	0.838601	0
8.49812	0.0159273	137.959	0.830439	0
8.5234	0.0157504	138.942	0.8335	0
8.51704	0.0157191	138.309	0.850843	0
8.47039	0.0152915	137.759	0.824658	0
8.46281	0.0153737	138.692	0.853904	0
8.44681	0.0154946	136.976	0.867166	0
8.44251	0.0156428	137.309	0.827039	0
8.44289	0.0153591	139.192	0.840641	0
8.39528	0.0153428	137.043	0.846422	0
8.35922	0.0155025	137.093	0.848803	0
8.35886	0.0153045	136.493	0.841661	0
8.35481	0.0151593	137.843	0.852543	0
8.33371	0.0150449	136.46	0.83282	0
8.30628	0.0154195	138.742	0.83384	0
8.30866	0.0154706	136.443	0.843022	0
8.29894	0.0153432	135.577	0.821938	0
8.27042	0.0152638	135.677	0.812076	0
8.27412	0.015078	135.81	0.827039	0
8.26289	0.0151662	136.11	0.850503	0
8.23846	0.0150025	136.51	0.849143	0
8.24197	0.0150544	135.927	0.837581	0
8.21438	0.0149507	133.844	0.846762	0
8.18306	0.0147384	135.693	0.853904	0
8.19419	0.0145744	136.643	0.840301	0
8.18055	0.0150436	135.344	0.828739	0
8.14451	0.0148185	136.077	0.841321	0
8.14486	0.0148417	134.611	0.839281	0
8.16174	0.0146335	135.194	0.853564	0
8.12588	0.0146161	134.111	0.848803	0
8.1047	0.0142835	135.643	0.83282	0
8.13885	0.0146903	136.593	0.846082	0
8.11481	0.0147891	134.311	0.870567	0
8.05651	0.014772	133.195	0.83316	0
8.07161	0.0147139	134.711	0.820917	0
8.07852	0.0144357	133.145	0.825678	0
8.05967	0.0144943	132.845	0.840301	0
8.03691	0.0144556	133.095	0.83384	0
8.00901	0.0142183	133.711	0.839961	0
8.00967	0.0143002	132.278	0.83486	0
7.99974	0.0144544	133.361	0.840641	0
8.00145	0.0140485	132.961	0.83384	0
8.00657	0.0139799	132.228	0.841321	0
7.98816	0.014291	131.828	0.845742	0
7.97421	0.014075	131.795	0.845062	0
7.96665	0.014016	133.128	0.83486	0
7.9503	0.0140758	132.911	0.828059	0
7.92243	0.014071	133.011	0.851183	0
7.92429	0.0138323	132.911	0.853564	0
7.92263	0.0140503	132.961	0.822618	0
7.89268	0.0138777	130.379	0.83486	0
7.89886	0.0133928	133.678	0.824658	0
7.89576	0.0139046	131.745	0.838941	0
7.84657	0.0137968	130.246	0.828739	0
7.84733	0.0136095	132.045	0.8369	0
7.88158	0.0138498	132.395	0.823978	0
7.86447	0.0139541	131.345	0.83554	0
7.84253	0.0140987	132.711	0.843702	0
7.84311	0.0139392	131.595	0.842682	0
7.83126	0.0135901	130.912	0.860705	0
7.81845	0.0138793	131.862	0.847783	0
7.8272	0.0139298	131.245	0.848463	0
7.8382	0.0137468	130.962	0.83282	0
7.79955	0.0135048	131.062	0.847443	0
7.7697	0.0133286	131.778	0.844382	0
7.78991	0.0137215	131.362	0.819557	0
7.79354	0.0137082	131.079	0.840981	0
7.76637	0.0136027	131.312	0.840641	0
7.78331	0.0133988	131.295	0.843362	0
7.80041	0.0136143	130.046	0.849143	0
7.76675	0.0136348	130.779	0.83486	0
7.74287	0.0136108	131.245	0.847443	0
7.73653	0.0137373	130.462	0.852203	0
7.73142	0.013563	131.245	0.854244	0
7.71664	0.0135358	130.562	0.847443	0
7.70376	0.0132599	128.863	0.83452	0
7.7105	0.0134009	129.363	0.840981	0
7.73533	0.0135254	129.879	0.83486	0
7.73102	0.0131702	130.079	0.83316	0
7.70039	0.01307	130.746	0.820917	0
7.70056	0.0132803	130.362	0.83282	0
7.71795	0.0138275	128.98	0.817857	0
7.69726	0.0132975	129.379	0.83554	0
7.68193	0.0131606	129.096	0.829759	0
7.68185	0.0131501	129.013	0.843022	0
7.65112	0.0129607	129.979	0.83656	0
7.63404	0.0135419	129.329	0.838941	0
7.64761	0.0133221	129.146	0.837581	0
7.65247	0.0133796	130.379	0.843362	0
7.6525	0.0131816	130.262	0.838941	0
7.64323	0.0131879	129.213	0.845062	0
7.628	0.0131712	129.196	0.843362	0
7.62365	0.0128785	129.946	0.83384	0
7.62344	0.0133163	128.413	0.817857	0
7.6372	0.0130611	129.596	0.838941	0
7.62888	0.0131062	129.879	0.827039	0
7.59724	0.0130829	130.479	0.843022	0
7.59345	0.0129559	128.013	0.83248	0
7.59412	0.0132179	129.363	0.817857	0
7.58377	0.0129693	127.63	0.83588	0
7.59418	0.0133266	127.73	0.828059	0
7.61242	0.0132309	128.43	0.839961	0
7.59485	0.0132905	130.079	0.850843	0
7.56048	0.0130204	128.763	0.845402	0
7.56061	0.0133531	128.946	0.837241	0
7.56269	0.013118	128.13	0.842682	0
7.55551	0.0128669	130.995	0.829759	0
7.56276	0.0129992	128.646	0.846762	0
7.54734	0.0130726	126.581	0.837581	0
7.53977	0.0129855	128.23	0.826018	0
7.55419	0.0129994	128.98	0.83282	0
7.54305	0.0128966	128.313	0.828059	0
7.53086	0.0130039	128.63	0.820917	0
7.53228	0.012928	128.113	0.824998	0
7.5218	0.0127718	128.013	0.850503	0
7.52361	0.0130257	128.58	0.852203	0
7.52657	0.0128879	129.163	0.844042	0
7.51425	0.0129711	127.13	0.826358	0
7.50321	0.0125173	127.43	0.830779	0
7.48158	0.0127043	127.38	0.8318	0
7.47988	0.012981	128.646	0.859685	0
7.49327	0.0127267	127.597	0.823638	0
7.49236	0.0128486	128.963	0.815476	0
7.49221	0.0131682	127.93	0.817517	0
7.48519	0.0131205	127.264	0.825678	0
7.48783	0.0128702	127.863	0.820237	0
7.50443	0.012917	128.763	0.828399	0
7.5022	0.0128672	126.764	0.83316	0
7.48957	0.0126566	128.463	0.821257	0
7.48599	0.0127759	126.781	0.831119	0
7.47745	0.0131235	126.597	0.852884	0
7.45581	0.0124929	127.597	0.862405	0
7.46763	0.0126471	126.83	0.83622	0
7.46929	0.0125614	125.681	0.83486	0
7.46077	0.0127663	126.747	0.810375	0
7.46928	0.0124716	127.514	0.840981	0
7.46584	0.0132172	127.713	0.846762	0
7.45286	0.0129187	127.863	0.853564	0
7.44256	0.0131853	126.664	0.844042	0
7.4376	0.012602	126.98	0.839961	0
7.43125	0.0127686	127.047	0.823298	0
7.44388	0.0126286	127.23	0.829759	0
7.45196	0.0127652	128.313	0.840641	0
7.43372	0.0125274	126.747	0.841321	0
7.42411	0.0127611	127.797	0.856284	0
7.42946	0.0124363	125.881	0.83282	0
7.41563	0.0128331	127.064	0.831459	0
7.40983	0.0125398	127.347	0.8369	0
7.43199	0.0124506	126.714	0.816157	0
7.43141	0.0128594	128.613	0.823298	0
7.41396	0.0127543	125.348	0.840301	0
7.40888	0.0127579	126.914	0.83316	0
7.42903	0.0127797	127.68	0.815816	0
7.42746	0.012731	125.364	0.842342	0
7.38686	0.0126605	126.93	0.829759	0
7.38641	0.0128091	127.264	0.826358	0
7.41152	0.0125138	126.164	0.852543	0
7.40179	0.0125606	127.014	0.842682	0
7.3981	0.0122436	127.43	0.855264	0
7.41208	0.0125312	127.48	0.824998	0
7.405	0.012762	126.414	0.8352	0
7.38907	0.0125584	126.047	0.839281	0
7.3771	0.0124964	125.614	0.863426	0
7.37123	0.0126773	124.748	0.820577	0
7.37934	0.0126277	126.347	0.820237	0
7.38505	0.0128593	125.398	0.839621	0
7.38413	0.0126744	127.147	0.818877	0
7.37744	0.0127775	126.88	0.839281	0
7.37423	0.0123054	125.581	0.842342	0
7.37515	0.0127218	125.898	0.845742	0
7.36833	0.0125335	127.097	0.844722	0
7.38429	0.0123626	126.864	0.842001	0
7.39188	0.0125489	127.164	0.840301	0
7.35184	0.0127194	125.731	0.844042	0
7.33897	0.0125661	124.998	0.845742	0
7.35996	0.0124995	126.897	0.828399	0
7.3671	0.012787	127.197	0.823638	0
7.34218	0.0125573	126.447	0.83248	0
7.33974	0.0124467	126.564	0.825338	0
7.35776	0.0126262	125.681	0.812076	0
7.35459	0.0126867	125.065	0.839621	0
7.35233	0.0128246	125.798	0.831459	0
7.36216	0.0126647	126.481	0.8335	0
7.36238	0.0124867	126.681	0.857304	0
7.35222	0.0129452	126.081	0.83452	0
7.34885	0.0127478	124.681	0.843022	0
7.35832	0.0127665	126.414	0.827719	0
7.35733	0.0127106	126.281	0.850843	0
7.33937	0.0124253	125.431	0.830439	0
7.33052	0.0125795	125.598	0.818197	0
7.32329	0.0125581	126.014	0.827379	0
7.33387	0.0128622	125.998	0.83418	0
7.33604	0.012708	125.548	0.842682	0
7.31641	0.0128015	126.531	0.827719	0
7.32017	0.0127212	125.814	0.844042	0
7.30544	0.0121617	125.381	0.839621	0
7.28404	0.0125273	125.931	0.871247	0
7.29817	0.012711	125.498	0.83588	0
7.29576	0.01269	125.848	0.83622	0
7.27736	0.0121178	126.097	0.83452	0
7.28192	0.0126073	125.898	0.816157	0
7.28939	0.0127192	126.147	0.839621	0
7.26326	0.0127626	124.581	0.822958	0
7.23883	0.0124445	125.381	0.847102	0
7.24783	0.0124122	124.998	0.825338	0
7.26047	0.0126262	125.281	0.849823	0
7.25733	0.0120359	124.915	0.829079	0
7.26371	0.0124416	126.131	0.830439	0
7.26591	0.0123378	124.415	0.840981	0
7.24036	0.0124296	124.182	0.844042	0
7.21585	0.0122011	123.798	0.826358	0
7.22872	0.0123229	125.814	0.824658	0
7.23497	0.0120473	125.848	0.846422	0
7.2195	0.0122681	124.848	0.805614	0
7.21327	0.0124637	124.398	0.83622	0
7.22431	0.0122056	125.764	0.842001	0
7.22387	0.0126358	123.898	0.849823	0
7.21453	0.0126171	124.898	0.844042	0
7.21886	0.012616	124.215	0.8369	0
7.22009	0.0125597	123.798	0.839621	0
7.22228	0.0123886	125.998	0.844042	0
7.22468	0.0122516	124.215	0.849143	0
7.21027	0.0123641	125.464	0.838261	0
7.19326	0.0121431	124.332	0.827379	0
7.19306	0.0124693	124.898	0.839961	0
7.20054	0.0123172	124.981	0.849823	0
7.19107	0.0122699	123.532	0.8335	0
7.16709	0.0123587	124.398	0.831119	0
7.18137	0.0121577	124.265	0.826358	0
7.19887	0.0121209	125.464	0.838601	0
7.19131	0.0121756	125.314	0.824318	0
7.19273	0.0122778	125.214	0.821938	0
7.19345	0.0119068	124.648	0.822618	0
7.2018	0.0119419	124.165	0.807655	0
7.19859	0.0123673	124.481	0.840981	0
7.17718	0.012333	125.065	0.825338	0
7.18813	0.0122671	124.282	0.825678	0
7.17751	0.0123188	124.215	0.83316	0
7.16335	0.011964	123.698	0.83418	0
7.18322	0.0123186	124.731	0.847102	0
7.16911	0.0127085	123.599	0.845742	0
7.16387	0.0122088	124.265	0.850503	0
7.18442	0.0123011	123.765	0.856964	0
7.18487	0.0123683	124.382	0.828059	0
7.18594	0.012194	125.048	0.841661	0
7.17804	0.0120697	123.315	0.851523	0
7.16752	0.0122012	125.914	0.824998	0
7.16929	0.012298	123.648	0.830439	0
7.1682	0.0120942	122.932	0.83384	0
7.1896	0.0123236	124.481	0.831119	0
7.18954	0.0123144	125.331	0.844042	0
7.1737	0.0120463	124.681	0.840981	0
7.18258	0.0120493	124.015	0.828059	0
7.17342	0.0123137	123.648	0.83316	0
7.14912	0.0121847	126.297	0.83282	0
7.17428	0.0120698	124.065	0.837921	0
7.17964	0.0122714	125.514	0.838601	0
7.14224	0.0122928	122.532	0.814456	0
7.1595	0.0126078	124.348	0.837581	0
7.18735	0.0126153	124.465	0.839281	0
7.1436	0.0120931	122.666	0.863426	0
7.13101	0.0124076	123.165	0.838941	0
7.16128	0.0123316	124.148	0.830439	0
7.14861	0.0124501	123.249	0.841321	0
7.14205	0.0119319	124.065	0.845062	0
7.15371	0.0120718	123.865	0.83554	0
7.14495	0.0123274	123.265	0.83554	0
7.14943	0.012365	125.314	0.859345	0
7.18332	0.0125005	124.465	0.838941	0
7.17221	0.0122053	123.632	0.83656	0
7.14908	0.0124475	124.398	0.822278	0
7.15312	0.012092	122.965	0.869887	0
7.16151	0.0123005	124.298	0.837581	0
7.16383	0.0120977	123.765	0.844722	0
7.14304	0.0124597	122.999	0.83384	0
7.14818	0.0122566	124.415	0.824658	0
7.16308	0.0125732	123.998	0.83656	0
7.15375	0.0122817	123.415	0.83282	0
7.14227	0.0121588	124.048	0.837241	0
7.13297	0.0119982	123.215	0.840641	0
7.12784	0.0123868	123.415	0.853564	0
7.14048	0.012146	123.599	0.829079	0
7.13992	0.0121548	124.315	0.850503	0
7.14188	0.0124092	123.748	0.845402	0
7.15621	0.0122107	123.515	0.803574	0
7.14852	0.011881	124.382	0.828059	0
7.1429	0.0120224	122.899	0.827039	0
7.13526	0.0123006	123.032	0.839961	0
7.12234	0.012153	124.348	0.837921	0
7.14892	0.0121462	124.132	0.828399	0
7.15679	0.0124004	123.682	0.83214	0
7.13208	0.0121933	122.849	0.819897	0
7.13746	0.0123242	125.165	0.860025	0
7.1542	0.0126316	123.615	0.83622	0
7.1514	0.01234	124.431	0.824318	0
7.15076	0.0125543	124.765	0.824998	0
7.13611	0.012137	123.115	0.837921	0
7.12103	0.0121466	123.982	0.845062	0
7.13079	0.0123487	122.965	0.851863	0
7.13406	0.0123421	123.765	0.847102	0
7.12716	0.0122345	123.532	0.817857	0
7.14467	0.0123493	125.748	0.839961	0
7.14838	0.0125064	124.265	0.8369	0
7.11491	0.0123797	122.399	0.847102	0
7.11391	0.0120384	123.549	0.83316	0
7.12518	0.0120767	122.832	0.839961	0
7.12257	0.0120693	124.431	0.8335	0
7.14048	0.0121311	122.932	0.843362	0
7.13994	0.0123883	123.315	0.83554	0
7.12231	0.012268	124.765	0.830439	0
7.12668	0.0122967	123.998	0.843702	0
7.11697	0.0121016	125.248	0.829419	0
7.1254	0.0120929	124.065	0.83622	0
7.14425	0.0125112	123.932	0.821257	0
7.12847	0.0123335	123.332	0.849823	0
7.12477	0.0125366	123.149	0.814116	0
7.12835	0.0123221	124.548	0.817177	0
7.12628	0.0123671	123.249	0.826358	0
7.12578	0.0125243	124.332	0.83656	0
7.11919	0.0119978	122.216	0.83588	0
7.12864	0.0119186	124.015	0.839961	0
7.1376	0.0120161	124.398	0.825678	0
7.13078	0.0125208	124.565	0.815476	0
7.1371	0.0124312	123.815	0.840641	0
7.1217	0.0122095	124.148	0.823638	0
7.09924	0.0120822	123.665	0.83248	0
7.09657	0.0118866	122.016	0.839961	0
7.12192	0.0123713	123.299	0.852543	0
7.14132	0.0121058	124.815	0.841661	0
7.13049	0.0124268	123.432	0.828739	0
7.12438	0.0122234	124.365	0.827719	0
7.14028	0.012361	123.765	0.856624	0
7.13517	0.0124045	123.798	0.83452	0
7.10685	0.0120011	123.882	0.83282	0
7.11237	0.0122216	123.549	0.840641	0
7.11926	0.0121897	124.032	0.829759	0
7.09916	0.0122878	123.932	0.850163	0
7.10475	0.0122335	123.682	0.820577	0
7.11072	0.0120634	124.881	0.847102	0
7.10605	0.0123025	124.515	0.829079	0
7.10974	0.0123744	123.682	0.83554	0
7.11398	0.0123602	123.599	0.820917	0
7.11868	0.0126199	124.915	0.846762	0
7.13223	0.0125767	123.798	0.852884	0
7.12048	0.0124473	123.549	0.830779	0
7.0983	0.012124	124.465	0.846422	0
7.10367	0.0121653	123.365	0.840981	0
7.09888	0.0123601	124.165	0.83282	0
7.08099	0.0124626	122.732	0.851183	0
7.1067	0.0121262	123.765	0.812076	0
7.13118	0.012375	124.098	0.842682	0
7.10214	0.0122433	121.583	0.842682	0
7.08509	0.012118	122.915	0.8352	0
7.1065	0.0119828	122.432	0.816497	0
7.13022	0.0120012	125.015	0.821938	0
7.12295	0.0123203	123.099	0.856964	0
7.08903	0.0121869	122.932	0.83214	0
7.08971	0.0122921	122.366	0.839621	0
7.1088	0.0122814	122.549	0.843362	0
7.08765	0.0122749	123.532	0.837921	0
7.0727	0.0121878	123.748	0.809695	0
7.09559	0.0122093	123.865	0.860705	0
7.09547	0.0120922	123.182	0.850843	0
7.08104	0.0122938	124.881	0.827039	0
7.08226	0.0122333	123.732	0.845062	0
7.09274	0.0124939	123.698	0.83452	0
7.09551	0.0122442	123.482	0.830099	0
7.08662	0.0119764	123.998	0.823298	0
7.09227	0.0122195	123.132	0.813096	0
7.10251	0.0123583	123.349	0.83316	0
7.10654	0.012132	123.648	0.865126	0
7.09495	0.0121374	123.832	0.849143	0
7.09013	0.0124819	124.748	0.803234	0
7.1089	0.012259	123.798	0.824998	0
7.1158	0.012288	123.965	0.860025	0
7.10459	0.0120406	124.182	0.842342	0
7.09183	0.0122645	123.549	0.840981	0
7.08379	0.0118683	123.482	0.830779	0
7.07934	0.0120348	123.499	0.823978	0
7.08846	0.011828	123.998	0.841661	0
7.0952	0.0121905	123.165	0.843022	0
7.07371	0.0120268	123.265	0.842682	0
7.06688	0.0124751	122.432	0.847443	0
7.07999	0.0123218	123.632	0.83248	0
7.08791	0.0119614	123.165	0.816497	0
7.07912	0.0123053	121.816	0.811056	0
7.07095	0.012166	123.315	0.840981	0
7.07684	0.0119607	124.448	0.839621	0
7.08824	0.012051	123.282	0.83656	0
7.07281	0.0124632	123.165	0.838941	0
7.05699	0.0121847	122.732	0.83384	0
7.0606	0.0126003	123.082	0.829759	0
7.0581	0.0123253	122.149	0.830099	0
7.0781	0.0124976	123.265	0.817517	0
7.08659	0.0119312	122.849	0.821938	0
7.06279	0.0124349	123.765	0.850163	0
7.07364	0.0122644	123.449	0.850503	0
7.08156	0.0124255	123.215	0.847443	0
7.08272	0.0120862	123.482	0.83316	0
7.08532	0.0121571	124.481	0.839961	0
7.07935	0.0120248	123.482	0.819217	0
7.0777	0.0123511	124.198	0.829419	0
7.0801	0.0123799	121.666	0.846762	0
7.07903	0.0121471	122.716	0.83622	0
7.09265	0.0123467	124.032	0.830439	0
7.11055	0.0122813	124.148	0.818197	0
7.09908	0.0124466	122.582	0.831119	0
7.09524	0.0122412	122.982	0.819897	0
7.07696	0.0123838	122.965	0.83384	0
7.06824	0.0123342	123.665	0.865806	0
7.08921	0.012198	123.549	0.848803	0
7.0748	0.0123033	123.182	0.838941	0
7.05337	0.0121251	123.082	0.83452	0
7.07214	0.0123454	123.332	0.837921	0
7.08349	0.0122921	124.398	0.860705	0
7.0783	0.012038	121.15	0.83486	0
7.07968	0.0120487	122.266	0.827379	0
7.05932	0.0121908	122.532	0.827719	0
7.05325	0.0122751	122.282	0.816837	0
7.07235	0.012317	122.299	0.840301	0
7.06132	0.0121656	121.983	0.816837	0
7.04883	0.0121804	121.933	0.844722	0
7.06428	0.01235	123.582	0.841661	0
7.06364	0.0119836	123.232	0.847443	0
7.04797	0.0117988	123.648	0.824998	0
7.04931	0.0119828	122.982	0.842001	0
7.07931	0.0122544	123.199	0.854244	0
7.06956	0.0123903	123.065	0.858325	0
7.06274	0.012322	123.948	0.821257	0
7.09498	0.0122107	123.549	0.820917	0
7.07263	0.0120686	124.198	0.852203	0
7.05521	0.0121612	123.282	0.838601	0
7.0722	0.0123122	123.315	0.851523	0
7.06092	0.012272	122.316	0.844042	0
7.0596	0.0124704	123.232	0.843362	0
7.06422	0.0121636	121.749	0.83588	0
7.0455	0.0119356	123.149	0.826358	0
7.04713	0.0121111	123.182	0.837581	0
7.07072	0.011986	124.348	0.845402	0
7.06607	0.0121907	124.048	0.851183	0
7.05635	0.0122395	124.032	0.838261	0
7.06579	0.0120583	123.698	0.821938	0
7.06222	0.0125007	123.732	0.843022	0
7.07014	0.0124222	124.332	0.830439	0
7.09212	0.0122636	123.332	0.849143	0
7.08797	0.0120297	123.215	0.83316	0
7.07783	0.0121174	123.532	0.838941	0
7.07066	0.0122615	122.849	0.862065	0
7.0682	0.0121625	123.865	0.826358	0
7.04466	0.0123252	121.666	0.818537	0
7.02394	0.0120519	122.382	0.825338	0
7.05699	0.012142	122.216	0.816497	0
7.07565	0.0120955	122.532	0.83554	0
7.0629	0.0119303	123.732	0.844042	0
7.05661	0.0123423	123.182	0.847102	0
7.04716	0.012015	122.782	0.83316	0
7.05362	0.0120509	121.749	0.838261	0
7.06959	0.0122673	123.748	0.819557	0
7.05306	0.0123095	122.716	0.838941	0
7.03964	0.012081	123.965	0.850503	0
7.05368	0.0121688	122.965	0.831459	0
7.06737	0.0123581	123.299	0.828059	0
7.05768	0.012261	121.616	0.837921	0
7.05316	0.0123619	122.032	0.843362	0
7.05453	0.0122931	121.849	0.830439	0
7.04985	0.0121784	122.266	0.846422	0
7.0613	0.0122127	124.032	0.850503	0
7.07308	0.0124142	124.048	0.837921	0
7.06134	0.0124702	122.316	0.848463	0
7.05057	0.0124276	123.349	0.844382	0
7.06535	0.0122616	121.449	0.844722	0
7.05946	0.0122649	124.398	0.820917	0
7.05477	0.0118078	124.032	0.840981	0
7.06356	0.0121281	121.449	0.846082	0
7.06127	0.0121446	123.265	0.8318	0
7.03385	0.0121465	122.849	0.83248	0
7.03366	0.0119967	122.516	0.859005	0
7.06385	0.0122632	123.798	0.815816	0
7.06986	0.0122849	122.999	0.852203	0
7.05434	0.0125429	122.865	0.852543	0
7.05553	0.0120089	121.749	0.838261	0
7.06767	0.0124702	123.299	0.828399	0
7.05505	0.012028	123.315	0.826358	0
7.04903	0.0122498	122.899	0.848803	0
7.05052	0.0122653	122.699	0.83248	0
7.05371	0.01236	123.815	0.852543	0
7.06255	0.0123789	122.915	0.837921	0
7.04966	0.0116934	122.432	0.831119	0
7.03208	0.0121988	122.282	0.83418	0
7.03375	0.0121383	122.682	0.843022	0
7.06131	0.012465	124.248	0.822958	0
7.07488	0.0122321	122.899	0.8352	0
7.06385	0.012045	122.666	0.83316	0
7.0548	0.0122261	124.182	0.846762	0
7.0485	0.0122146	122.599	0.83248	0
7.05672	0.0123009	122.832	0.819217	0
7.06336	0.0121374	124.282	0.856284	0
7.06696	0.0123361	123.399	0.864106	0
7.05678	0.0122048	122.366	0.83452	0
7.0487	0.0120669	122.782	0.839621	0
7.05187	0.011977	123.748	0.827719	0
7.0574	0.0120101	122.599	0.839961	0
7.05471	0.0122937	122.399	0.852543	0
7.05034	0.0124285	123.432	0.842001	0
7.05638	0.0120519	122.299	0.823298	0
7.05661	0.0119989	122.099	0.830779	0
7.05209	0.0119645	123.499	0.828399	0
7.04381	0.0122765	123.099	0.845062	0
7.04704	0.012343	122.832	0.83316	0
7.05947	0.0120485	123.432	0.842001	0
7.05782	0.0125518	121.916	0.83452	0
7.05239	0.0122073	123.099	0.837581	0
7.0437	0.0120245	122.382	0.83554	0
7.04647	0.0122083	125.314	0.828059	0
7.05498	0.0124839	120.916	0.838601	0
7.03906	0.0119644	123.149	0.83248	0
7.04052	0.0118328	121.883	0.821938	0
7.04601	0.0124566	122.832	0.818537	0
7.04352	0.0122485	123.415	0.843022	0
7.06401	0.011976	122.116	0.822278	0
7.07977	0.0120258	124.498	0.83452	0
7.05508	0.0120803	123.515	0.821257	0
7.02798	0.0119402	122.566	0.854924	0
7.03381	0.0120324	123.149	0.83622	0
7.05358	0.0120069	123.382	0.855604	0
7.04691	0.0123133	122.566	0.840301	0
7.05057	0.0120859	123.165	0.847102	0
7.07234	0.012417	123.282	0.824318	0
7.06397	0.0120988	122.782	0.83248	0
7.0642	0.0121173	121.866	0.809015	0
7.07024	0.0123739	123.748	0.825338	0
7.0455	0.0121697	122.999	0.859005	0
7.05407	0.0124041	122.699	0.83214	0
7.06672	0.012025	124.115	0.855604	0
7.03463	0.0120132	122.632	0.824658	0
7.0423	0.0123147	123.399	0.83248	0
7.07146	0.0123868	123.499	0.838941	0
7.08889	0.0119624	123.332	0.822958	0
7.07454	0.0121878	122.066	0.843022	0
7.04252	0.0118967	124.581	0.8335	0
7.04224	0.0121929	122.882	0.842001	0
7.06748	0.012044	123.349	0.83656	0
7.06539	0.0120827	123.049	0.826018	0
7.05381	0.0123081	123.149	0.814796	0
7.04075	0.0120473	122.632	0.827719	0
7.04107	0.0121252	124.232	0.840301	0
7.05008	0.0119395	122.432	0.822958	0
7.05701	0.0119675	122.899	0.842682	0
7.05619	0.0119402	123.449	0.840641	0
7.05434	0.0122445	124.431	0.855264	0
7.05805	0.0118055	122.482	0.826699	0
7.03757	0.0121215	122.349	0.842682	0
7.02607	0.0121855	123.532	0.846082	0
7.04517	0.0121424	123.698	0.823298	0
7.05764	0.0125324	122.532	0.830439	0
7.04932	0.0124357	123.982	0.825338	0
7.04399	0.0123131	123.465	0.827719	0
7.03597	0.0120541	121.933	0.844722	0
7.02145	0.0124179	123.282	0.83214	0
7.01923	0.0123213	122.082	0.83418	0
7.02721	0.0124859	122.882	0.83316	0
7.0454	0.0123324	122.082	0.831119	0
7.04359	0.0119864	122.865	0.843022	0
7.04116	0.0124982	123.648	0.844722	0
7.04392	0.0119688	122.432	0.83656	0
7.04311	0.0122057	123.915	0.839621	0
7.05485	0.0125117	122.299	0.840981	0
7.06738	0.0122398	122.932	0.819217	0
7.06304	0.0123473	121.833	0.83214	0
7.05163	0.0123041	123.049	0.837241	0
7.05728	0.0119908	123.582	0.837241	0
7.05422	0.0120993	122.582	0.820577	0
7.0464	0.0116652	122.466	0.847102	0
7.05474	0.0119461	123.015	0.849483	0
7.05393	0.012034	123.449	0.829079	0
7.0559	0.0123329	123.549	0.845402	0
7.06035	0.0118814	124.598	0.83554	0
7.05551	0.0122766	121.516	0.852884	0
7.0442	0.0123098	123.865	0.824998	0
7.03596	0.0121984	123.115	0.843022	0
7.04612	0.0122973	121.699	0.828059	0
7.04189	0.0121161	123.399	0.826699	0
7.01743	0.0122614	121.716	0.822958	0
7.02814	0.0124359	124.182	0.824318	0
7.0454	0.0120255	123.499	0.83418	0
7.03759	0.0120202	122.849	0.839961	0
7.03074	0.011689	122.915	0.839281	0
7.04782	0.0122715	121.816	0.816157	0
7.05071	0.0124531	121.833	0.83282	0
7.04709	0.0121934	123.182	0.855264	0
7.05198	0.0122038	123.049	0.822958	0
7.05878	0.0121747	123.748	0.8369	0
7.05763	0.012401	122.932	0.8318	0
7.03786	0.0119793	122.999	0.8335	0
7.02617	0.0119986	122.932	0.820917	0
7.04983	0.0123629	122.965	0.83248	0
7.06014	0.0121481	123.365	0.817177	0
7.04386	0.0119229	122.299	0.821257	0
7.04136	0.0119524	123.815	0.853224	0
7.04816	0.0122754	121.383	0.850163	0
7.04584	0.0124912	124.865	0.8318	0
7.04136	0.0121363	123.832	0.850163	0
7.03239	0.012068	122.732	0.821598	0
7.04202	0.0124691	121.566	0.828059	0
7.04327	0.0120489	122.366	0.869207	0
7.04354	0.0125015	122.149	0.830439	0
7.06514	0.0124344	124.315	0.820577	0
7.04824	0.0122326	122.799	0.824658	0
7.02137	0.012043	122.699	0.842001	0
7.04144	0.0120259	122.332	0.8369	0
7.04385	0.0121623	123.665	0.827719	0
7.0395	0.0119129	121.383	0.839961	0
7.04031	0.0121121	123.349	0.841661	0
7.02975	0.0122527	123.732	0.816837	0
7.04069	0.0121357	123.665	0.823638	0
7.0434	0.0121894	121.933	0.83282	0
7.03315	0.0118479	123.115	0.83656	0
7.03529	0.0121132	121.683	0.813776	0
7.04651	0.0122475	122.582	0.827719	0
7.04484	0.0123862	123.332	0.839621	0
7.02559	0.0122642	122.799	0.830439	0
7.0368	0.012329	123.032	0.856284	0
7.05091	0.0125955	121.683	0.83554	0
7.05057	0.0125994	123.915	0.850163	0
7.04413	0.0119495	122.399	0.847102	0
7.03328	0.0121306	123.665	0.839961	0
7.05152	0.012002	122.199	0.857304	0
7.05428	0.012061	123.282	0.830779	0
7.03393	0.0124423	122.216	0.837921	0
7.03066	0.0119304	124.715	0.837581	0
7.0354	0.0120995	121.266	0.823978	0
7.03467	0.0119949	122.882	0.847102	0
7.04412	0.0121974	123.149	0.850163	0
7.04254	0.0122547	123.715	0.827379	0
7.03542	0.0121162	121.249	0.83554	0
7.03988	0.012367	122.132	0.851183	0
7.03626	0.0122558	122.782	0.826018	0
7.03332	0.0123382	122.349	0.850163	0
7.04981	0.0124221	122.532	0.826358	0
7.05399	0.0120941	124.431	0.820917	0
7.05564	0.0121136	122.282	0.839281	0
7.05375	0.0123245	123.032	0.823978	0
7.03924	0.0123124	123.065	0.845742	0
7.03727	0.0121525	124.715	0.839281	0
7.04082	0.0120419	123.365	0.809355	0
7.02561	0.0119214	123.615	0.826699	0
7.02476	0.0121683	123.865	0.829759	0
7.0544	0.0121358	124.082	0.838941	0
7.04408	0.0119804	121.666	0.848123	0
7.03033	0.0116571	123.249	0.839621	0
7.05946	0.0124276	124.265	0.830439	0
7.06504	0.0122012	123.265	0.863766	0
7.04556	0.0121761	123.515	0.844382	0
7.04722	0.0121646	122.782	0.838941	0
7.04948	0.0119922	123.798	0.845742	0
7.03939	0.0122802	123.449	0.838601	0
7.02625	0.0120389	122.599	0.841321	0
7.02322	0.0121201	122.799	0.83656	0
7.02462	0.0122571	120.633	0.83452	0
7.02465	0.012213	122.982	0.83452	0
7.02693	0.0121274	122.532	0.83248	0
7.03839	0.0125119	122.199	0.849143	0
7.05681	0.0124279	122.516	0.847783	0
7.037	0.0125473	121.383	0.837581	0
7.019	0.0122814	123.215	0.830439	0
7.05089	0.0123587	123.515	0.844042	0
7.07101	0.0120923	123.698	0.845742	0
7.05963	0.0121724	123.315	0.845062	0
7.04583	0.011914	121.733	0.83622	0
7.03546	0.0122402	123.565	0.840981	0
7.04735	0.0123857	122.732	0.846082	0
7.06065	0.011945	123.748	0.841661	0
7.05004	0.0121946	123.798	0.820577	0
7.0354	0.0121224	122.149	0.838941	0
7.02489	0.0122762	122.849	0.837921	0
7.02621	0.0122254	121.566	0.813436	0
7.03776	0.012316	123.365	0.853564	0
7.04965	0.0123823	123.099	0.850163	0
7.06311	0.0120567	122.632	0.851183	0
7.04986	0.0122249	122.682	0.818537	0
7.02241	0.0125966	122.332	0.830439	0
7.04056	0.0121429	122.199	0.850503	0
7.05619	0.0121166	122.216	0.83554	0
7.03771	0.0121013	122.482	0.848463	0
7.03426	0.0120643	122.632	0.83282	0
7.04561	0.01201	122.099	0.8335	0
7.04475	0.0120773	122.316	0.850503	0
7.0486	0.012301	124.048	0.838261	0
7.03986	0.0123105	122.732	0.815816	0
7.02395	0.0119556	123.365	0.838601	0
7.03866	0.0121357	123.265	0.8335	0
7.03656	0.0121457	122.266	0.850843	0
7.02755	0.0120809	123.365	0.828059	0
7.03256	0.0119365	122.366	0.840641	0
7.03713	0.0123677	122.232	0.843022	0
7.03781	0.0123429	123.915	0.848463	0
7.03817	0.0121268	122.832	0.852203	0
7.04477	0.0122129	123.382	0.83248	0
7.04383	0.0123259	120.816	0.817517	0
7.02466	0.0120022	122.532	0.823978	0
7.02402	0.0119904	123.299	0.825338	0
7.03974	0.0120722	122.799	0.813096	0
7.02783	0.0123084	123.165	0.865466	0
7.03275	0.0121831	122.449	0.8352	0
7.03807	0.0119913	121.966	0.821257	0
7.03585	0.0121318	123.599	0.829079	0
7.0396	0.0121333	123.898	0.837241	0
7.02723	0.0117806	121.799	0.851523	0
7.02395	0.0123686	122.099	0.823978	0
7.03104	0.0123081	122.032	0.83282	0
7.03943	0.0120825	123.165	0.838601	0
7.05374	0.0124429	123.465	0.853564	0
7.03344	0.0126158	121.366	0.846422	0
7.02355	0.0121141	121.516	0.814116	0
7.03394	0.0121115	123.532	0.843022	0
7.0307	0.0122218	122.616	0.839621	0
7.03969	0.0121853	123.632	0.850503	0
7.0436	0.0121257	123.365	0.830439	0
7.0254	0.0120637	122.616	0.844722	0
7.03037	0.0124396	123.998	0.857304	0
7.04783	0.0122867	122.716	0.845062	0
7.04747	0.0125341	121.633	0.83282	0
7.03206	0.0121735	123.532	0.827719	0
7.02588	0.0123167	121.366	0.828399	0
7.0371	0.0120325	121.966	0.826018	0
7.0456	0.0124265	122.865	0.860705	0
7.05231	0.0121219	125.031	0.852543	0
7.04098	0.0122575	122.149	0.83384	0
7.02696	0.0119715	122.766	0.837581	0
7.0447	0.0119694	124.198	0.829759	0
7.05558	0.0121045	123.099	0.83316	0
7.03316	0.0122459	122.766	0.848803	0
7.03762	0.0121294	122.832	0.821257	0
7.05667	0.011877	124.182	0.839961	0
7.04305	0.0120822	123.265	0.838941	0
7.03347	0.0121446	123.099	0.842682	0
7.03066	0.0120212	121.633	0.838601	0
7.03709	0.0122756	122.766	0.825678	0
7.04959	0.0122048	122.249	0.837921	0
7.02344	0.0123846	122.532	0.848123	0
7.01871	0.0122547	122.949	0.821938	0
7.03479	0.0118456	123.432	0.837921	0
7.0359	0.0117997	124.948	0.845742	0
7.05371	0.0124048	121.433	0.83656	0
7.05758	0.0122785	122.282	0.827039	0
7.05034	0.0120788	124.165	0.824998	0
7.03694	0.0121218	122.749	0.810715	0
7.03177	0.0121877	124.282	0.839621	0
7.04492	0.0124409	122.432	0.852543	0
7.03909	0.0119018	124.648	0.855264	0
7.04094	0.0121968	123.149	0.83656	0
7.05954	0.0123243	123.698	0.827719	0
7.03637	0.0119381	122.032	0.840641	0
7.01523	0.0121078	122.182	0.842001	0
7.04691	0.0123533	122.932	0.850163	0
7.05684	0.0124211	123.099	0.865126	0
7.03524	0.0121757	122.865	0.860705	0
7.03156	0.0122742	121.849	0.823298	0
7.0524	0.0120103	124.115	0.839281	0
7.05014	0.0121339	121.599	0.824318	0
7.03972	0.0121787	123.149	0.840641	0
7.04909	0.0122814	123.032	0.842342	0
7.03724	0.0122705	123.249	0.830779	0
7.02967	0.012168	122.366	0.8352	0
7.05628	0.0122801	123.832	0.828739	0
7.05005	0.0119684	122.965	0.83214	0
7.02189	0.0121635	122.716	0.823638	0
7.02517	0.0123443	121.949	0.818877	0
7.03054	0.0122618	121.633	0.862745	0
7.02255	0.0119061	123.998	0.83554	0
7.02748	0.0119692	122.982	0.822278	0
7.02739	0.012281	121.649	0.854244	0
7.0225	0.0121095	122.699	0.823298	0
7.04719	0.0118228	122.249	0.83282	0
7.07285	0.0120812	123.715	0.847443	0
7.0648	0.0124143	123.282	0.839961	0
7.0302	0.0120927	121.366	0.853224	0
7.02933	0.0122051	122.432	0.83554	0
7.05537	0.0123342	122.432	0.824658	0
7.06366	0.0125265	123.732	0.842342	0
7.05539	0.0123266	123.848	0.848123	0
7.04847	0.0119659	123.682	0.845402	0
7.04221	0.0121891	123.698	0.841321	0
7.0238	0.0120346	121.883	0.848803	0
7.03844	0.0120931	124.531	0.847443	0
7.05156	0.0118332	121.833	0.8352	0
7.03883	0.0121796	124.065	0.829079	0
7.0449	0.0119636	123.865	0.854584	0
7.04948	0.0124364	124.048	0.847783	0
7.047	0.0122302	123.265	0.854924	0
7.03412	0.012218	123.615	0.848803	0
7.01448	0.0119377	122.865	0.839961	0
7.02576	0.0118756	123.215	0.840301	0
7.04113	0.0121702	122.932	0.860025	0
7.04755	0.0123809	122.282	0.839621	0
7.06844	0.0122267	124.598	0.83418	0
7.05252	0.0123652	122.099	0.817517	0
7.01764	0.0119936	122.766	0.848803	0
7.03063	0.0121287	121.549	0.83554	0
7.04165	0.0120357	123.665	0.838941	0
7.02695	0.012029	123.049	0.850503	0
7.04263	0.011956	122.566	0.851523	0
7.04299	0.0121438	122.216	0.829419	0
7.04412	0.0119188	125.398	0.825338	0
7.04281	0.0120825	121.283	0.848463	0
7.03742	0.012242	122.432	0.862745	0
7.05785	0.0122693	123.032	0.826699	0
7.04788	0.0123845	122.382	0.841661	0
7.03122	0.0121138	122.449	0.845742	0
7.03762	0.0121224	123.515	0.838601	0
7.03164	0.0121124	123.848	0.83316	0
7.03973	0.0119432	124.332	0.830439	0
7.04309	0.0120134	123.049	0.827379	0
7.03584	0.0121654	123.715	0.818877	0
7.05091	0.0123641	122.299	0.83316	0
7.05069	0.0121918	122.366	0.829419	0
7.02726	0.0120101	123.332	0.843022	0
7.01394	0.0123472	122.499	0.822618	0
7.02429	0.0123123	123.265	0.826699	0
7.05676	0.0122218	123.349	0.869887	0
7.0647	0.012214	121.833	0.820577	0
7.04679	0.0123899	124.631	0.828059	0
7.05184	0.0121032	122.549	0.8352	0
7.04227	0.012123	121.683	0.83248	0
7.03853	0.0122786	122.132	0.818197	0
7.04827	0.0121643	123.898	0.83384	0
7.02764	0.0122029	122.882	0.826358	0
7.03294	0.0121027	124.065	0.830439	0
7.06822	0.0121658	122.082	0.843022	0
7.06737	0.0122561	122.382	0.829759	0
7.04121	0.0121859	122.832	0.83214	0
7.0269	0.0121541	124.382	0.839621	0
7.04839	0.0121391	123.365	0.840981	0
7.04942	0.0123357	123.032	0.842682	0
7.03083	0.0122813	122.399	0.821938	0
7.04101	0.0120296	123.382	0.841661	0
7.0403	0.0119428	123.715	0.8369	0
7.04413	0.0123375	122.849	0.840641	0
7.06563	0.0120545	122.932	0.843362	0
7.0732	0.0121999	123.632	0.83384	0
7.06308	0.0122496	121.999	0.840301	0
7.04023	0.012124	123.265	0.821257	0
7.03697	0.0124007	121.816	0.838601	0
7.05682	0.0120553	123.948	0.847443	0
7.05848	0.0123436	121.999	0.845402	0
7.02956	0.012075	123.465	0.846762	0
7.02757	0.0117692	123.415	0.841321	0
7.04475	0.0123205	122.582	0.826018	0
7.03405	0.0123076	123.782	0.827379	0
7.02617	0.0122231	121.416	0.8335	0
7.03156	0.0120422	121.983	0.827379	0
7.02269	0.0119679	122.732	0.83554	0
7.01971	0.0121371	123.065	0.821598	0
7.04786	0.0119077	123.648	0.8318	0
7.04388	0.0122695	122.815	0.851183	0
7.02875	0.0121508	123.299	0.808335	0
7.03504	0.01194	123.748	0.847443	0
7.03348	0.0124573	121.849	0.83316	0
7.04087	0.0121036	123.182	0.83248	0
7.04255	0.0122018	123.199	0.841321	0
7.02967	0.0119298	123.399	0.818197	0
7.03981	0.0117471	123.282	0.849483	0
7.05322	0.0119906	123.432	0.837241	0
7.05152	0.0120048	123.065	0.825338	0
7.05298	0.0124296	124.398	0.838941	0
7.04184	0.012187	122.032	0.844382	0
7.04087	0.0121253	123.182	0.822958	0
7.04162	0.0119592	123.282	0.837241	0
7.0323	0.0122461	122.449	0.863426	0
7.03672	0.0124221	122.932	0.857985	0
7.02498	0.0124625	122.882	0.842342	0
7.01784	0.0122479	121.733	0.855944	0
7.02983	0.0120726	123.349	0.83622	0
7.02621	0.0122929	121.699	0.847443	0
7.03388	0.0122308	123.065	0.837241	0
7.04269	0.0120294	121.866	0.826699	0
7.03203	0.0124495	123.282	0.847102	0
7.03631	0.0122826	122.932	0.826018	0
7.0378	0.012221	121.966	0.819557	0
7.0186	0.0123603	122.632	0.826358	0
7.02121	0.0118819	121.633	0.853224	0
7.03577	0.0120279	122.965	0.840301	0
7.0444	0.0121498	123.049	0.829079	0
7.04919	0.0120021	122.899	0.822618	0
7.04358	0.0120712	121.783	0.811736	0
7.02679	0.0119187	121.316	0.837581	0
7.03119	0.0123235	122.915	0.844382	0
7.04796	0.0126583	122.915	0.83486	0
7.03789	0.0123395	121.999	0.838941	0
7.03165	0.0122932	123.415	0.842342	0
7.05117	0.0121311	123.599	0.839621	0
7.04287	0.0121592	121.433	0.845062	0
7.03538	0.0123401	122.249	0.852543	0
7.06562	0.0120109	123.865	0.870227	0
7.06289	0.0120916	122.199	0.843022	0
7.03535	0.0121558	124.382	0.838601	0
7.04645	0.0125726	122.216	0.847443	0
7.05446	0.0121394	123.682	0.83214	0
7.04015	0.0120919	123.232	0.823298	0
7.04052	0.0121957	124.165	0.856964	0
7.04524	0.0124223	122.149	0.859685	0
7.04104	0.0121873	122.516	0.83282	0
7.03117	0.0119493	124.481	0.843702	0
7.03966	0.0119006	121.566	0.824998	0
7.04791	0.0123033	122.266	0.837921	0
7.04082	0.0122941	122.382	0.838941	0
7.03572	0.0122177	123.748	0.83418	0
7.0288	0.0120509	121.949	0.847102	0
7.04	0.0120676	122.049	0.83622	0
7.057	0.0123543	122.432	0.825678	0
7.04463	0.012332	122.799	0.850843	0
7.01913	0.0121854	122.099	0.8369	0
7.02984	0.012151	122.499	0.841321	0
7.04906	0.0122873	123.565	0.827719	0
7.03174	0.0120929	122.682	0.813096	0
7.032	0.0124098	122.332	0.840981	0
7.04506	0.0120283	122.516	0.837241	0
7.03917	0.0120504	122.716	0.83214	0
7.04619	0.0122804	122.266	0.839621	0
7.04949	0.0121248	123.432	0.861385	0
7.03905	0.0121045	122.899	0.852203	0
7.03861	0.0122074	123.815	0.83316	0
7.04701	0.0118072	123.132	0.840981	0
7.03962	0.0117748	121	0.83622	0
7.04013	0.0119306	123.432	0.83486	0
7.03102	0.0121468	121.516	0.825678	0
7.01708	0.0119874	121.233	0.83554	0
7.01794	0.0120682	123.549	0.839281	0
7.02975	0.0122182	122.849	0.849483	0
7.04476	0.0123408	121.999	0.822278	0
7.04827	0.0122267	123.132	0.848463	0
7.04	0.0120238	123.648	0.842342	0
7.02248	0.012222	121.216	0.846762	0
7.03798	0.0125213	124.165	0.83452	0
7.06779	0.0123578	122.299	0.822278	0
7.04542	0.0121383	123.499	0.806975	0
7.04176	0.0123441	123.549	0.842682	0
7.05797	0.0122118	123.249	0.840981	0
7.05791	0.0121761	123.698	0.844382	0
7.03663	0.0123235	122.299	0.841661	0
7.02229	0.0124115	122.432	0.851863	0
7.04309	0.012422	122.766	0.846762	0
7.05399	0.0123807	122.815	0.83384	0
7.03607	0.0121778	123.615	0.83316	0
7.03799	0.0124157	122.282	0.825678	0
7.043	0.0120907	121.333	0.843022	0
7.02579	0.0123123	122.932	0.837581	0
7.02777	0.0123554	122.116	0.839621	0
7.0431	0.0120969	123.848	0.83554	0
7.04988	0.0119722	122.899	0.861045	0
7.03351	0.0122378	122.865	0.847443	0
7.03891	0.0118818	123.265	0.830779	0
7.05487	0.0120233	123.149	0.847443	0
7.05076	0.0124066	123.499	0.825678	0
7.04634	0.012225	123.049	0.841661	0
7.05045	0.0121558	122.882	0.846082	0
7.04748	0.0121281	122.066	0.845742	0
7.03446	0.0123026	123.632	0.843702	0
7.03365	0.0121348	123.165	0.817517	0
7.0457	0.0119746	123.515	0.83248	0
7.03447	0.0123046	123.848	0.844382	0
7.03153	0.0124364	123.432	0.826699	0
7.04785	0.0122613	124.365	0.838261	0
7.03099	0.0120737	121.549	0.838941	0
7.03755	0.0121226	122.616	0.830439	0
7.05349	0.0124482	124.715	0.830099	0
7.04715	0.012425	123.215	0.847102	0
7.05238	0.0120583	125.048	0.842682	0
7.043	0.0119694	121.266	0.830439	0
7.03416	0.0118571	123.615	0.855944	0
7.0453	0.0119532	123.965	0.845742	0
7.04035	0.0120822	123.065	0.850503	0
7.04695	0.0123375	123.082	0.842682	0
7.04782	0.0123148	121.916	0.83656	0
7.03706	0.0120108	122.266	0.843362	0
7.02964	0.0119635	122.865	0.840301	0
7.03885	0.0123495	122.666	0.840301	0
7.04435	0.0120935	121.366	0.841661	0
7.02831	0.0121296	123.215	0.827039	0
7.0262	0.0119311	122.282	0.858325	0
7.03641	0.0120912	122.232	0.857985	0
7.05203	0.0121103	121.966	0.816497	0
7.04768	0.012001	121.966	0.831459	0
7.04181	0.0120927	122.449	0.826699	0
7.04873	0.012235	121.699	0.826018	0
7.05652	0.0119428	124.048	0.83622	0
7.04956	0.0122469	123.299	0.8352	0
7.04742	0.0121637	122.732	0.841661	0
7.03905	0.0121493	122.682	0.851523	0
7.01835	0.0124015	122.666	0.825338	0
7.04369	0.0121178	123.965	0.824998	0
7.0682	0.012331	123.415	0.856964	0
7.06102	0.0121789	124.065	0.826699	0
7.05412	0.0122754	123.882	0.828399	0
7.04387	0.0120846	123.349	0.83248	0
7.04532	0.0120916	122.249	0.828399	0
7.04327	0.0119926	123.482	0.844722	0
7.02069	0.0122173	121.983	0.818537	0
7.01885	0.0120947	122.949	0.843022	0
7.03859	0.012116	121.183	0.824658	0
7.03082	0.0123779	122.915	0.851523	0
7.02481	0.0125321	123.682	0.83452	0
7.03642	0.0124912	123.732	0.847102	0
7.03275	0.0119138	121.833	0.839621	0
7.01681	0.0124868	121.249	0.840301	0
7.02159	0.0122616	123.315	0.838261	0
7.0458	0.0120227	122.349	0.823638	0
7.05985	0.0121938	123.332	0.83486	0
7.04847	0.0125138	123.215	0.827379	0
7.04803	0.0122823	124.015	0.831459	0
7.04239	0.0125708	122.599	0.847102	0
7.03822	0.0125422	124.232	0.859345	0
7.06659	0.0120284	123.182	0.856624	0
7.06142	0.0119202	122.249	0.838261	0
7.03286	0.0121718	122.649	0.813776	0
7.03327	0.0117934	123.332	0.83588	0
7.04565	0.0120336	122.582	0.819897	0
7.04314	0.011994	122.915	0.83214	0
7.03459	0.0121692	122.799	0.843702	0
7.0473	0.0122456	123.565	0.83554	0
7.05554	0.0123338	121.483	0.838941	0
7.04409	0.012101	122.249	0.829079	0
7.04467	0.0121569	123.382	0.817517	0
7.05176	0.011914	123.065	0.83588	0
7.0525	0.0123217	122.116	0.825678	0
7.05304	0.0120715	123.099	0.838941	0
7.05631	0.0124606	122.299	0.840301	0
7.05766	0.0122585	123.182	0.838601	0
7.04817	0.0120342	122.432	0.845062	0
7.05851	0.0121435	123.015	0.841321	0
7.06826	0.0121525	122.766	0.851183	0
7.04645	0.0120885	123.082	0.840301	0
7.03263	0.0123997	122.499	0.837921	0
7.03162	0.0119496	121.299	0.828399	0
7.0352	0.0125309	123.998	0.867166	0
7.04726	0.0123196	122.749	0.822958	0
7.0376	0.0123122	121.683	0.854924	0
7.0301	0.012077	122.216	0.837581	0
7.03063	0.0120115	123.099	0.829759	0
7.03724	0.0120905	122.749	0.839281	0
7.06139	0.0119761	123.232	0.847783	0
7.0533	0.0121446	122.116	0.846082	0
7.03083	0.0121686	123.915	0.8369	0
7.05052	0.0120849	121.399	0.8318	0
7.05916	0.0120057	124.498	0.842001	0
7.05567	0.0121613	122.882	0.822958	0
7.05494	0.0121585	122.332	0.837241	0
7.04114	0.0122782	122.849	0.830099	0
7.03577	0.0123803	122.149	0.820917	0
7.04989	0.0118749	122.865	0.851183	0
7.05227	0.0122869	122.532	0.831119	0
7.04264	0.0120861	122.566	0.839961	0
7.04096	0.0121659	121.916	0.8352	0
7.04408	0.0123696	121.366	0.848123	0
7.03332	0.0123951	123.199	0.840641	0
7.03955	0.0121448	122.832	0.847443	0
7.04468	0.0122288	122.782	0.844382	0
7.03356	0.0123096	122.632	0.820237	0
7.03546	0.0120111	123.099	0.837921	0
7.05373	0.0122376	123.365	0.856624	0
7.05197	0.0120913	123.282	0.862745	0
7.05349	0.0120197	123.698	0.855944	0
7.06877	0.0123413	124.198	0.856624	0
7.04293	0.0121429	122.799	0.844722	0
7.02495	0.0120072	121.366	0.824998	0
7.04158	0.0120428	122.899	0.843022	0
7.05124	0.0120063	123.149	0.844382	0
7.04538	0.012605	123.282	0.857304	0
7.05118	0.0120685	123.282	0.824318	0
7.05703	0.0123164	122.599	0.842342	0
7.0462	0.011982	121.266	0.823638	0
7.03978	0.0121621	123.149	0.857644	0
7.06626	0.0123696	124.182	0.844042	0
7.0792	0.0124709	123.449	0.860705	0
7.04248	0.0122059	121.549	0.839621	0
7.02003	0.0120811	122.266	0.83486	0
7.04619	0.0118576	124.065	0.837581	0
7.07	0.0124259	122.382	0.850843	0
7.03961	0.012537	122.799	0.823298	0
7.02531	0.0121703	122.932	0.826699	0
7.05831	0.0120833	122.232	0.83452	0
7.06787	0.0122165	122.832	0.829419	0
7.0515	0.012348	122.699	0.844042	0
7.04934	0.0119662	122.182	0.83248	0
7.06009	0.0122564	121.833	0.851523	0
7.05919	0.0122561	123.415	0.847102	0
7.04902	0.0123419	122.366	0.816837	0
7.04038	0.0119965	123.482	0.837921	0
7.03845	0.0120743	123.632	0.841321	0
7.02891	0.0118086	122.716	0.838261	0
7.03621	0.0121943	121.683	0.8335	0
7.04432	0.0122055	122.466	0.823298	0
7.05261	0.0121857	122.832	0.857304	0
7.06923	0.0124785	123.232	0.857304	0
7.07418	0.0125675	123.432	0.850503	0
7.06154	0.0123198	122.032	0.845742	0
7.04683	0.0121615	123.332	0.8369	0
7.06051	0.0122871	124.165	0.83316	0
7.06278	0.0119467	122.549	0.862745	0
7.04509	0.0121017	122.749	0.826699	0
7.03246	0.0119441	123.265	0.8352	0
7.02332	0.0120568	122.349	0.849483	0
7.03461	0.0122631	121.566	0.853564	0
7.06598	0.0123332	122.782	0.847443	0
7.07182	0.0120584	121.433	0.829759	0
7.05199	0.012291	122.932	0.830099	0
7.03647	0.012229	122.349	0.805274	0
7.03259	0.0122473	124.015	0.844722	0
7.02792	0.011891	121.516	0.857304	0
7.04451	0.0122136	122.116	0.83588	0
7.06821	0.011977	122.832	0.838601	0
7.05646	0.0120525	123.032	0.828399	0
7.03703	0.011953	123.115	0.831459	0
7.04139	0.0122913	122.049	0.830099	0
7.03733	0.0122211	122.649	0.851863	0
7.03324	0.0121155	124.498	0.862745	0
7.05075	0.0122985	121.499	0.83214	0
7.04421	0.0120297	123.898	0.831459	0
7.04368	0.0119504	123.532	0.819557	0
7.05061	0.0121067	122.799	0.822958	0
7.03699	0.0119434	122.099	0.845402	0
7.03907	0.0119365	122.732	0.824318	0
7.05063	0.0121027	123.832	0.838261	0
7.05183	0.0122963	122.999	0.862405	0
7.04541	0.0121237	122.182	0.846422	0
7.04679	0.0123842	123.399	0.841661	0
7.04652	0.0123799	121.816	0.850163	0
7.02722	0.0122817	122.882	0.839281	0
7.05032	0.0121978	122.049	0.846422	0
7.06939	0.0121708	121.566	0.814456	0
7.04547	0.0122699	123.199	0.846762	0
7.03294	0.0121316	123.349	0.840981	0
7.03478	0.0121143	123.532	0.840301	0
7.05517	0.0124235	124.265	0.857985	0
7.07075	0.0123194	122.249	0.831459	0
7.05679	0.0122274	122.449	0.83214	0
7.05799	0.0123546	124.115	0.849143	0
7.06117	0.0121348	123.382	0.829079	0
7.05004	0.0124828	122.032	0.839621	0
7.03314	0.011929	123.582	0.83554	0
7.03413	0.0120801	122.949	0.827719	0
7.04955	0.0118532	122.182	0.817177	0
7.05047	0.012633	122.699	0.8335	0
7.05241	0.0122031	123.549	0.823978	0
7.05541	0.0120798	121.649	0.822958	0
7.04932	0.0122671	122.599	0.816157	0
7.03219	0.0120506	121.466	0.851863	0
7.0335	0.0119206	123.948	0.841321	0
7.05549	0.0120816	122.549	0.840301	0
7.05743	0.012241	123.499	0.868867	0
7.05019	0.0120396	122.716	0.861725	0
7.05154	0.0120247	123.265	0.843022	0
7.04489	0.0120305	123.332	0.845402	0
7.03164	0.011885	121.766	0.829759	0
7.0398	0.0121873	123.582	0.848803	0
7.0588	0.0124735	121.616	0.853904	0
7.0497	0.012149	122.332	0.822958	0
7.04857	0.0119962	122.116	0.852203	0
7.04711	0.0122302	121.899	0.841661	0
7.03213	0.0120669	122.649	0.849143	0
7.03744	0.0120828	122.516	0.83384	0
7.03267	0.0121034	121.2	0.844042	0
7.02224	0.0119223	121.383	0.855944	0
7.04759	0.0122372	122.716	0.83486	0
7.06846	0.0121181	123.015	0.851523	0
7.06171	0.0120461	123.032	0.848803	0
7.05485	0.0122452	122.766	0.840641	0
7.05889	0.0123079	121.583	0.852543	0
7.05884	0.0123475	123.065	0.845062	0
7.05809	0.0122871	122.349	0.844722	0
7.05298	0.0123784	121.1	0.844042	0
7.04757	0.0120277	124.048	0.827719	0
7.06313	0.0120466	124.248	0.831119	0
7.06685	0.0120437	122.166	0.845742	0
7.07182	0.0125562	122.982	0.8352	0
7.09168	0.0123419	122.932	0.838941	0
7.07378	0.0123236	121.716	0.847783	0
7.04868	0.0123474	123.299	0.83248	0
7.04902	0.0120731	122.182	0.824998	0
7.04735	0.0122871	122.149	0.830099	0
7.05068	0.0120396	123.199	0.83282	0
7.05543	0.0119383	121.083	0.826699	0
7.04338	0.0120982	121.766	0.848803	0
7.04448	0.0118057	123.232	0.83554	0
7.03835	0.0119369	122.932	0.848123	0
7.03981	0.0120117	124.315	0.846082	0
7.05574	0.0124752	123.865	0.844722	0
7.05577	0.0123694	123.732	0.843702	0
7.04381	0.0120676	122.232	0.853224	0
7.04426	0.012057	121.166	0.83588	0
7.07162	0.0119631	123.049	0.831119	0
7.07444	0.0122204	123.882	0.823298	0
7.05367	0.012533	122.432	0.83554	0
7.05432	0.0123185	123.865	0.841661	0
7.05603	0.0121259	121.899	0.8318	0
7.05466	0.0118531	123.782	0.840301	0
7.06625	0.0121858	124.648	0.845742	0
7.06656	0.0122319	122.366	0.842001	0
7.05204	0.0120535	122.999	0.846422	0
7.03791	0.0121262	122.199	0.850163	0
7.04011	0.0120328	123.215	0.830099	0
7.05078	0.0121437	123.082	0.821257	0
7.04331	0.0119578	123.832	0.820577	0
7.04373	0.0119065	123.182	0.842342	0
7.05534	0.0121018	123.449	0.845402	0
7.05898	0.0120872	122.749	0.859005	0
7.05493	0.0121542	122.965	0.863766	0
7.0621	0.0124914	123.432	0.849483	0
7.06571	0.0125523	122.082	0.829759	0
7.05292	0.0121302	122.166	0.829759	0
7.05092	0.0124442	122.132	0.846762	0
7.05996	0.0122733	123.632	0.842342	0
7.05332	0.0121802	122.249	0.844382	0
7.04561	0.0125304	121.583	0.83486	0
7.06996	0.0123058	122.932	0.83486	0
7.07984	0.0121324	123.282	0.839961	0
7.05553	0.0124455	122.099	0.826358	0
7.03921	0.0120314	122.416	0.831119	0
7.04845	0.0124877	122.666	0.826358	0
7.07036	0.0125806	122.149	0.862405	0
7.07562	0.0125316	121.999	0.840301	0
7.05868	0.0124597	122.516	0.843022	0
7.06021	0.0123085	122.016	0.820917	0
7.06291	0.012477	121.599	0.829759	0
7.04443	0.0122141	121.916	0.83656	0
7.05844	0.012111	122.865	0.851523	0
7.07546	0.0124176	122.532	0.829419	0
7.04908	0.0120297	122.965	0.847102	0
7.04774	0.0122992	122.815	0.844382	0
7.06572	0.0121308	121.983	0.8318	0
7.04563	0.0121385	122.766	0.842001	0
7.05314	0.012448	123.015	0.831119	0
7.07832	0.0123197	123.415	0.840301	0
7.07004	0.01244	122.082	0.827039	0
7.04933	0.0121663	122.999	0.842682	0
7.05157	0.012285	122.566	0.846082	0
7.06052	0.0122493	123.132	0.848463	0
7.0553	0.0123295	121.833	0.8369	0
7.05481	0.0121064	122.049	0.823638	0
7.06146	0.0119832	122.749	0.827039	0
7.05424	0.0122658	122.849	0.837921	0
7.04422	0.0119254	123.665	0.840641	0
7.05126	0.0123532	121.616	0.814456	0
7.05558	0.0119238	122.865	0.819217	0
7.05583	0.0125228	122.449	0.860705	0
7.05552	0.0122766	122.932	0.83248	0
7.05884	0.0118858	123.015	0.848803	0
7.05493	0.0120714	122.032	0.839621	0
7.05872	0.0121675	121.533	0.838941	0
7.07025	0.0123223	122.632	0.837921	0
7.06437	0.0123323	122.699	0.848123	0
7.05823	0.0120949	122.616	0.829079	0
7.04785	0.0120657	122.016	0.831459	0
7.04817	0.0123101	122.516	0.846082	0
7.06603	0.0122703	124.365	0.83588	0
7.08588	0.0123335	122.182	0.838261	0
7.07128	0.0123552	123.349	0.861045	0
7.05979	0.0121338	122.266	0.850843	0
7.0644	0.0124324	121.633	0.826358	0
7.05397	0.0120019	121.783	0.824318	0
7.04106	0.0122108	123.232	0.825678	0
7.0451	0.0123355	122.366	0.8335	0
7.05557	0.0118917	123.132	0.829759	0
7.06364	0.0121155	123.282	0.826358	0
7.06767	0.0122915	121.783	0.830779	0
7.05393	0.0120333	121.733	0.846082	0
7.04645	0.0121248	123.232	0.849823	0
7.04849	0.0122822	122.799	0.846422	0
7.04946	0.0122468	122.782	0.849143	0
7.06031	0.0121279	122.815	0.830779	0
7.06188	0.0122156	122.982	0.853564	0
7.05769	0.0121792	121.583	0.844722	0
7.06037	0.0122138	122.999	0.851183	0
7.06253	0.0121998	122.066	0.848123	0
7.0577	0.0118808	122.299	0.838261	0
7.06222	0.0120475	124.565	0.855604	0
7.0871	0.0123534	123.948	0.840301	0
7.08551	0.0123826	122.616	0.841321	0
7.07164	0.0122472	124.082	0.824318	0
7.05796	0.0120848	123.049	0.818877	0
7.05394	0.012466	122.532	0.83248	0
7.06962	0.0122549	122.582	0.83214	0
7.07101	0.0123156	122.499	0.83384	0
7.06971	0.0123199	123.049	0.837241	0
7.0848	0.0122203	125.431	0.844042	0
7.06633	0.011902	122.166	0.837241	0
7.05252	0.0119799	122.616	0.83452	0
7.0752	0.0120415	122.482	0.820917	0
7.07341	0.0124953	123.465	0.859685	0
7.04997	0.0122179	121.033	0.817177	0
7.04851	0.0121936	122.716	0.8369	0
7.07268	0.0122893	124.182	0.815136	0
7.08386	0.0120432	123.782	0.828059	0
7.07543	0.0120667	123.998	0.857304	0
7.06676	0.0122776	121.999	0.821598	0
7.05486	0.0119965	122.799	0.803574	0
7.05794	0.0119243	122.865	0.8318	0
7.05596	0.0122045	122.999	0.813776	0
7.04451	0.0119473	121.399	0.850163	0
7.06458	0.0119563	122.899	0.846422	0
7.07352	0.0120844	122.566	0.850163	0
7.05424	0.0125821	122.716	0.860025	0
7.04953	0.0122847	122.166	0.863426	0
7.05495	0.0121766	121.833	0.83622	0
7.03789	0.0121241	121.483	0.845062	0
7.04534	0.0120753	123.682	0.821257	0
7.07042	0.0121785	121.649	0.830779	0
7.05277	0.012077	122.032	0.845742	0
7.05071	0.0120291	123.099	0.822618	0
7.06575	0.0123432	123.932	0.846422	0
7.0581	0.0119088	123.665	0.8352	0
7.05085	0.0122092	122.332	0.839281	0
7.06423	0.011935	123.265	0.847443	0
7.06484	0.0118882	120.217	0.845402	0
7.04038	0.0118494	122.399	0.837921	0
7.04153	0.0121738	122.349	0.844042	0
7.07202	0.0120054	122.382	0.850163	0
7.08379	0.0121682	122.399	0.825678	0
7.06498	0.0122308	123.149	0.822278	0
7.0664	0.0120909	123.265	0.839961	0
7.08245	0.0122687	122.865	0.822958	0
7.06446	0.0122404	120.833	0.828399	0
7.05419	0.0123436	122.432	0.818877	0
7.06272	0.0121341	122.266	0.829079	0
7.06103	0.012398	122.466	0.843022	0
7.05853	0.0120817	124.082	0.839621	0
7.05146	0.0121319	120.516	0.841661	0
7.04933	0.0122383	123.648	0.858665	0
7.05644	0.0125033	123.099	0.847443	0
7.06198	0.0121928	122.782	0.840301	0
7.05785	0.0121979	123.065	0.840641	0
7.05142	0.0120934	123.815	0.838941	0
7.06419	0.0121113	122.632	0.843362	0
7.08081	0.012124	123.915	0.83452	0
7.08135	0.0122167	122.532	0.843022	0
7.07082	0.0120554	124.215	0.826358	0
7.07351	0.0121508	122.582	0.831119	0
7.05936	0.0122042	123.882	0.837241	0
7.04741	0.0124263	122.149	0.827379	0
7.06538	0.0119121	122.832	0.855604	0
7.07298	0.0123351	122.349	0.844382	0
7.05899	0.0122129	121.699	0.829079	0
7.0644	0.0122711	123.982	0.837241	0
7.064	0.0121691	121.133	0.821598	0
7.05912	0.0122065	124.032	0.83622	0
7.06066	0.0121435	123.049	0.829759	0
7.06283	0.0123095	123.415	0.839961	0
7.05388	0.0124405	122.549	0.839961	0
7.05936	0.0124928	122.699	0.83486	0
7.07002	0.0122224	122.932	0.847783	0
7.05815	0.0123491	120.6	0.83656	0
7.03949	0.0120561	122.899	0.816497	0
7.04522	0.0120372	121.483	0.843362	0
7.06194	0.012068	123.032	0.845742	0
7.07115	0.0120154	123.132	0.831119	0
7.06971	0.0121611	122.132	0.840981	0
7.06808	0.012346	123.499	0.822278	0
7.06609	0.0122097	122.582	0.842001	0
7.06241	0.0123301	123.415	0.847443	0
7.07375	0.0119208	122.199	0.827379	0
7.08254	0.0122963	124.115	0.831459	0
7.05076	0.0122538	121.666	0.838941	0
7.04332	0.0121226	122.449	0.838941	0
7.06656	0.0119008	123.582	0.849483	0
7.06277	0.0121704	123.532	0.839621	0
7.07254	0.0123332	122.316	0.853904	0
7.07783	0.0120904	123.932	0.8335	0
7.06599	0.0122151	122.865	0.8318	0
7.07354	0.0120608	123.299	0.844722	0
0	0	0	0	0
0	0	0	0	0
0	0	0	0	0
0	0	0	0	0
0	0	0	0	0
0	0	0	0	0
0	0	0	0	0
0	0	0	0	0
0	0	0	0	0
0	0	0	0	0
0	0	0	0	0
0	0	0	0	0
0	0	0	0	0
0	0	0	0	0
0	0	0	0	0
0	0	0	0	0
0	0	0	0	0
0	0	0	0	0
0	0	0	0	0
0	0	0	0	0
0	0	0	0	0
0	0	0	0	0
0	0	0	0	0
0	0	0	0	0
0	0	0	0	0
0	0	0	0	0
0	0	0	0	0
0	0	0	0	0
0	0	0	0	0
0	0	0	0	0
0	0	0	0	0
0	0	0	0	0
0	0	0	0	0
0	0	0	0	0
0	0	0	0	0
0	0	0	0	0
0	0	0	0	0
0	0	0	0	0
0	0	0	0	0
0	0	0	0	0
0	0	0	0	0
0	0	0	0	0
0	0	0	0	0
0	0	0	0	0
0	0	0	0	0
0	0	0	0	0
0	0	0	0	0
0	0	0	0	0
0	0	0	0	0
0	0	0	0	0
0	0	0	0	0
0	0	0	0	0
0	0	0	0	0
0	0	0	0	0
0	0	0	0	0
0	0	0	0	0
0	0	0	0	0
0	0	0	0	0
0	0	0	0	0
0	0	0	0	0
0	0	0	0	0
0	0	0	0	0
0	0	0	0	0
0	0	0	0	0
0	0	0	0	0
0	0	0	0	0
0	0	0	0	0
0	0	0	0	0
0	0	0	0	0
0	0	0	0	0
0	0	0	0	0
0	0	0	0	0
0	0	0	0	0
0	0	0	0	0
0	0	0	0	0
0	0	0	0	0
0	0	0	0	0
0	0	0	0	0
0	0	0	0	0
0	0	0	0	0
0	0	0	0	0
0	0	0	0	0
0	0	0	0	0
0	0	0	0	0
0	0	0	0	0
0	0	0	0	0
0	0	0	0	0
0	0	0	0	0
0	0	0	0	0
0	0	0	0	0
0	0	0	0	0
0	0	0	0	0
0	0	0	0	0
0	0	0	0	0
0	0	0	0	0
0	0	0	0	0
0	0	0	0	0
0	0	0	0	0
0	0	0	0	0
0	0	0	0	0
0	0	0	0	0
0	0	0	0	0
0	0	0	0	0
0	0	0	0	0
0	0	0	0	0
0	0	0	0	0
0	0	0	0	0
0	0	0	0	0
0	0	0	0	0
0	0	0	0	0
0	0	0	0	0
0	0	0	0	0
0	0	0	0	0
0	0	0	0	0
0	0	0	0	0
0	0	0	0	0
0	0	0	0	0
0	0	0	0	0
0	0	0	0	0
0	0	0	0	0
0	0	0	0	0
0	0	0	0	0
0	0	0	0	0
0	0	0	0	0
0	0	0	0	0
0	0	0	0	0
0	0	0	0	0
0	0	0	0	0
0	0	0	0	0
0	0	0	0	0
0	0	0	0	0
0	0	0	0	0
0	0	0	0	0
0	0	0	0	0
0	0	0	0	0
0	0	0	0	0
0	0	0	0	0
0	0	0	0	0
0	0	0	0	0
0	0	0	0	0
0	0	0	0	0
0	0	0	0	0
0	0	0	0	0
0	0	0	0	0
0	0	0	0	0
0	0	0	0	0
0	0	0	0	0
0	0	0	0	0
0	0	0	0	0
0	0	0	0	0
0	0	0	0	0
0	0	0	0	0
0	0	0	0	0
0	0	0	0	0
0	0	0	0	0
0	0	0	0	0
0	0	0	0	0
0	0	0	0	0
0	0	0	0	0
0	0	0	0	0
0	0	0	0	0
0	0	0	0	0
0	0	0	0	0
0	0	0	0	0
0	0	0	0	0
0	0	0	0	0
0	0	0	0	0
0	0	0	0	0
0	0	0	0	0
0	0	0	0	0
0	0	0	0	0
0	0	0	0	0
0	0	0	0	0
0	0	0	0	0
0	0	0	0	0
0	0	0	0	0
0	0	0	0	0
0	0	0	0	0
0	0	0	0	0
0	0	0	0	0
0	0	0	0	0
0	0	0	0	0
0	0	0	0	0
0	0	0	0	0
0	0	0	0	0
0	0	0	0	0
0	0	0	0	0
0	0	0	0	0
0	0	0	0	0
0	0	0	0	0
0	0	0	0	0
0	0	0	0	0
0	0	0	0	0
0	0	0	0	0
0	0	0	0	0
0	0	0	0	0
0	0	0	0	0
0	0	0	0	0
0	0	0	0	0
0	0	0	0	0
0	0	0	0	0
0	0	0	0	0
0	0	0	0	0
0	0	0	0	0
0	0	0	0	0
0	0	0	0	0
0	0	0	0	0
0	0	0	0	0
0	0	0	0	0
0	0	0	0	0
0	0	0	0	0
0	0	0	0	0
0	0	0	0	0
0	0	0	0	0
0	0	0	0	0
0	0	0	0	0
0	0	0	0	0
0	0	0	0	0
0	0	0	0	0
0	0	0	0	0
0	0	0	0	0
0	0	0	0	0
0	0	0	0	0
0	0	0	0	0
0	0	0	0	0
0	0	0	0	0
0	0	0	0	0
0	0	0	0	0
0	0	0	0	0
0	0	0	0	0
0	0	0	0	0
0	0	0	0	0
0	0	0	0	0
0	0	0	0	0
0	0	0	0	0
0	0	0	0	0
0	0	0	0	0
0	0	0	0	0
0	0	0	0	0
0	0	0	0	0
0	0	0	0	0
0	0	0	0	0
0	0	0	0	0
0	0	0	0	0
0	0	0	0	0
0	0	0	0	0
0	0	0	0	0
0	0	0	0	0
0	0	0	0	0
0	0	0	0	0
0	0	0	0	0
0	0	0	0	0
0	0	0	0	0
0	0	0	0	0
0	0	0	0	0
0	0	0	0	0
0	0	0	0	0
0	0	0	0	0
0	0	0	0	0
0	0	0	0	0
0	0	0	0	0
0	0	0	0	0
0	0	0	0	0
0	0	0	0	0
0	0	0	0	0
0	0	0	0	0
0	0	0	0	0
0	0	0	0	0
0	0	0	0	0
0	0	0	0	0
0	0	0	0	0
0	0	0	0	0
0	0	0	0	0
0	0	0	0	0
0	0	0	0	0
0	0	0	0	0
0	0	0	0	0
0	0	0	0	0
0	0	0	0	0
0	0	0	0	0
0	0	0	0	0
0	0	0	0	0
0	0	0	0	0
0	0	0	0	0
0	0	0	0	0
0	0	0	0	0
0	0	0	0	0
0	0	0	0	0
0	0	0	0	0
0	0	0	0	0
0	0	0	0	0
0	0	0	0	0
0	0	0	0	0
0	0	0	0	0
0	0	0	0	0
0	0	0	0	0
0	0	0	0	0
0	0	0	0	0
0	0	0	0	0
0	0	0	0	0
0	0	0	0	0
0	0	0	0	0
0	0	0	0	0
0	0	0	0	0
0	0	0	0	0
0	0	0	0	0
0	0	0	0	0
0	0	0	0	0
0	0	0	0	0
0	0	0	0	0
0	0	0	0	0
0	0	0	0	0
0	0	0	0	0
0	0	0	0	0
0	0	0	0	0
0	0	0	0	0
0	0	0	0	0
0	0	0	0	0
0	0	0	0	0
0	0	0	0	0
0	0	0	0	0
0	0	0	0	0
0	0	0	0	0
0	0	0	0	0
0	0	0	0	0
0	0	0	0	0
0	0	0	0	0
0	0	0	0	0
0	0	0	0	0
0	0	0	0	0
0	0	0	0	0
0	0	0	0	0
0	0	0	0	0
0	0	0	0	0
0	0	0	0	0
0	0	0	0	0
0	0	0	0	0
0	0	0	0	0
0	0	0	0	0
0	0	0	0	0
0	0	0	0	0
0	0	0	0	0
0	0	0	0	0
0	0	0	0	0
0	0	0	0	0
0	0	0	0	0
0	0	0	0	0
0	0	0	0	0
0	0	0	0	0
0	0	0	0	0
0	0	0	0	0
0	0	0	0	0
0	0	0	0	0
0	0	0	0	0
0	0	0	0	0
0	0	0	0	0
0	0	0	0	0
0	0	0	0	0
0	0	0	0	0
0	0	0	0	0
0	0	0	0	0
0	0	0	0	0
0	0	0	0	0
0	0	0	0	0
0	0	0	0	0
0	0	0	0	0
0	0	0	0	0
0	0	0	0	0
0	0	0	0	0
0	0	0	0	0
0	0	0	0	0
0	0	0	0	0
0	0	0	0	0
0	0	0	0	0
0	0	0	0	0
0	0	0	0	0
0	0	0	0	0
0	0	0	0	0
0	0	0	0	0
0	0	0	0	0
0	0	0	0	0
0	0	0	0	0
0	0	0	0	0
0	0	0	0	0
0	0	0	0	0
0	0	0	0	0
0	0	0	0	0
0	0	0	0	0
0	0	0	0	0
0	0	0	0	0
0	0	0	0	0
0	0	0	0	0
0	0	0	0	0
0	0	0	0	0
0	0	0	0	0
0	0	0	0	0
0	0	0	0	0
0	0	0	0	0
0	0	0	0	0
0	0	0	0	0
