a2610723.350154
Narit-cm 07/01/2026 23:05:00 07/01/2026 23:35:01 0045 0013.384714 0052.542598 00.0 00.0
0002397 0010 0000000 0010 05 0000000 0010 0000000 0010
1 0 1 01600 1 0000 3.75 00000.o 0 0 01 000 16 002397 0.500 BT0
1 2 1 02000 1 0000 3.75 00000.o 0 0 01 000 16 002397 0.500 S2A0
1 1 1 01600 1 0000 3.75 00000.o 0 0 00 000 00 002397 3.1746 BC0
1 3 1 02000 1 0000 3.75 00000.o 0 0 00 000 00 002397 3.1746 S2P0
1 5 0 01600 0 0000 1.00 00000.o 0 0 00 000 00 000000 0.000 OF0
0.000 .o Analog 0 	0.000 .o Analog StErr 0 	0.000 .o Photon Counting 0 	0.000 .o PC StErr 0 	0.000 .o Overflow Info 0 
29.7764	0.171216	174.001	0.893202	0
69.8455	0.40554	195.194	0.896271	0
281.041	2.32137	113.375	1.38037	0
473.402	0.0651693	1.28494	0.147958	0
473.457	0	0	0	0
473.457	0	0.100125	0.0470465	0
473.457	6.37242E-6	23.4293	0.662402	0
473.457	1.27448E-5	13.7672	0.535921	0
473.457	0	6.12432	0.352849	0
473.457	6.37242E-6	18.8569	0.574104	0
473.457	0	49.9124	0.849906	0
473.457	0	108.319	1.04457	0
473.457	0	148.803	1.02718	0
473.457	8.97341E-6	111.489	1.06741	0
473.457	0	69.7872	0.893884	0
473.457	0	63.3125	0.845474	0
473.457	6.37242E-6	63.9299	0.830815	0
473.457	0	68.569	0.824678	0
473.457	8.97341E-6	80.4172	0.876497	0
473.457	0	98.4898	0.92218	0
473.457	6.37242E-6	116.128	0.934112	0
473.457	0	137.205	0.953545	0
473.457	0	160.734	0.950135	0
473.457	0	173.634	0.94059	0
473.457	0	185.966	0.907521	0
473.457	0	192.574	0.910248	0
473.457	0	196.796	0.889452	0
473.457	0	202.086	0.912635	0
473.457	0	204.022	0.896271	0
473.457	0	201.986	0.869338	0
473.457	0	203.805	0.910248	0
473.457	0	205.69	0.901043	0
473.457	0	199.282	0.899339	0
473.457	0	197.514	0.922521	0
473.692	0.048249	189.003	0.951499	1
478.054	0.200434	186.466	0.953545	1
486.409	0.263722	194.059	0.89252	1
499.506	0.0670222	197.063	0.878884	1
500	0	200.584	0.903089	1
498.752	0.125658	198.765	0.895248	1
488.412	0.526465	200	0.87752	1
464.49	0.923646	203.254	0.893202	1
420.378	1.07541	201.168	0.914339	1
365.547	1.04553	202.72	0.883657	0
312.12	0.916773	200.684	0.901384	0
264.769	0.791587	203.371	0.896611	0
221.131	0.681343	202.637	0.918089	0
181.822	0.579637	202.587	0.881611	0
147.697	0.507481	201.719	0.887748	0
117.994	0.446601	202.019	0.887407	0
92.5911	0.382163	200.734	0.882634	0
71.6158	0.31795	199.433	0.903771	0
54.6904	0.260827	198.815	0.863202	0
41.384	0.211869	196.863	0.879225	0
31.3452	0.170197	194.293	0.886043	0
23.8687	0.135034	194.81	0.845815	0
18.3786	0.108152	193.275	0.868656	0
14.4347	0.0866437	190.989	0.866611	0
11.5468	0.0685644	190.722	0.840701	0
9.48295	0.0550674	187.668	0.849224	0
8.02778	0.0464413	186.233	0.843088	0
7.00276	0.0387733	185.198	0.882293	0
6.29743	0.0342072	185.999	0.856724	0
5.7799	0.031322	181.377	0.844792	0
5.43877	0.0277128	180.492	0.871043	0
5.19804	0.0258985	179.508	0.844451	0
4.98602	0.0246959	176.754	0.868997	0
4.89871	0.0240502	174.151	0.85127	0
4.87397	0.0230489	172.632	0.86252	0
4.78414	0.0231287	171.014	0.845474	0
4.74017	0.0227466	169.145	0.84036	0
4.76116	0.0225786	168.31	0.836269	0
4.77797	0.0218849	167.142	0.845474	0
4.81111	0.0209177	164.873	0.869679	0
4.81348	0.0211219	162.003	0.826383	0
4.78657	0.020645	161.352	0.839678	0
4.78161	0.0201863	161.285	0.831155	0
4.83627	0.0201934	158.732	0.857065	0
4.88506	0.020291	159.499	0.846497	0
4.90744	0.0198258	159.249	0.859111	0
4.98304	0.0196294	156.112	0.861156	0
5.03983	0.0196312	157.413	0.864565	0
5.06772	0.0192534	155.878	0.859452	0
5.14995	0.0192888	156.462	0.852633	0
5.21098	0.0191434	154.159	0.821269	0
5.24682	0.0186693	154.176	0.848542	0
5.3257	0.0189574	153.926	0.844451	0
5.39788	0.018844	153.358	0.849565	0
5.42	0.0189506	150.872	0.846497	0
5.45865	0.0189256	151.089	0.85877	0
5.50189	0.01781	150.588	0.834224	0
5.53178	0.0179871	151.339	0.831155	0
5.59947	0.0178494	150.405	0.857065	0
5.64017	0.0179462	148.052	0.838997	0
5.65324	0.0176786	146.166	0.844792	0
5.6918	0.017021	147.601	0.838315	0
5.7826	0.0166097	147.718	0.84036	0
5.8208	0.016535	146.249	0.832178	0
5.81248	0.0169306	144.948	0.826724	0
5.87245	0.0167697	144.497	0.849565	0
5.92381	0.0167026	146.216	0.850247	0
5.95562	0.0161337	142.445	0.843769	0
6.00557	0.0163548	144.464	0.837292	0
6.04549	0.0162246	143.513	0.833201	0
6.09833	0.0160681	142.461	0.861838	0
6.14055	0.0162988	143.279	0.845133	0
6.15646	0.01604	141.677	0.85502	0
6.17935	0.016212	142.128	0.846838	0
6.23165	0.0159553	139.791	0.831837	0
6.24926	0.0161702	141.51	0.865247	0
6.26708	0.0159196	140.192	0.848201	0
6.3292	0.0159121	140.559	0.830474	0
6.35246	0.0154278	138.924	0.866952	0
6.3598	0.0153138	139.942	0.842747	0
6.41247	0.0156764	138.29	0.828769	0
6.43738	0.0150497	139.174	0.866952	0
6.46653	0.0155506	139.191	0.857065	0
6.50152	0.0154417	138.54	0.831155	0
6.49686	0.0151928	138.373	0.847179	0
6.50909	0.015306	137.789	0.845133	0
6.54701	0.0152149	137.739	0.839337	0
6.57495	0.0149414	136.788	0.847519	0
6.57538	0.0149883	136.904	0.853656	0
6.57811	0.0149837	136.437	0.832519	0
6.60793	0.0151512	135.169	0.863883	0
6.63837	0.0151362	136.287	0.836951	0
6.63449	0.0148459	134.735	0.850929	0
6.64062	0.0150186	135.386	0.837633	0
6.65895	0.0148795	135.419	0.846156	0
6.66357	0.0148372	133.984	0.858429	0
6.66052	0.0147723	132.365	0.831496	0
6.68008	0.014694	134.051	0.847519	0
6.70971	0.014235	132.649	0.87377	0
6.70067	0.014394	133.317	0.840701	0
6.69648	0.0140093	130.78	0.848201	0
6.69239	0.0141922	132.315	0.850588	0
6.68005	0.014295	132.115	0.849565	0
6.68444	0.0140544	130.547	0.868997	0
6.68	0.014158	132.365	0.85161	0
6.6728	0.0140375	130.613	0.837633	0
6.66086	0.0140427	129.045	0.846838	0
6.64133	0.0139513	128.394	0.836951	0
6.65113	0.0143968	129.395	0.845474	0
6.65226	0.0141516	128.778	0.842406	0
6.63776	0.014301	128.711	0.863543	0
6.61594	0.0136055	127.86	0.850929	0
6.58363	0.0136699	126.475	0.833883	0
6.57668	0.0132897	126.525	0.850588	0
6.58334	0.0137975	125.657	0.826724	0
6.55262	0.0134476	124.689	0.850929	0
6.52101	0.0134086	124.506	0.858429	0
6.52616	0.0132854	125.957	0.843428	0
6.52029	0.0133818	123.972	0.852292	0
6.47618	0.0134138	121.135	0.848201	0
6.44155	0.0131862	122.069	0.842406	0
6.4219	0.0130715	121.151	0.85161	0
6.40886	0.0129445	122.67	0.859792	0
6.40741	0.0130933	120.267	0.843428	0
6.37054	0.0127703	121.719	0.847519	0
6.33242	0.0126474	120.2	0.860815	0
6.31053	0.0128082	118.798	0.859792	0
6.29262	0.0149658	117.297	0.825701	0
6.29652	0.0454411	117.597	0.848201	0
6.26123	0.0392662	115.378	0.848201	0
6.19363	0.012441	114.793	0.846156	1
6.15908	0.0121308	114.777	0.847519	1
6.14666	0.0144931	113.258	0.850247	0
6.09488	0.0123547	112.841	0.846497	1
6.05282	0.0120947	111.706	0.834565	0
6.02978	0.011995	111.439	0.817519	0
6.00279	0.0118965	108.335	0.850588	0
5.96493	0.0118794	109.086	0.86627	0
5.94231	0.011672	108.936	0.856042	0
5.91541	0.0110951	106.917	0.860133	0
5.86327	0.0112989	107.518	0.842406	0
5.83346	0.0108061	106.967	0.833883	0
5.82839	0.0108611	104.23	0.843428	0
5.78695	0.0111562	103.062	0.855361	0
5.75424	0.0110325	101.677	0.849565	0
5.7319	0.0109788	102.261	0.840019	0
5.6896	0.0108247	98.9737	0.857065	0
5.65866	0.0107898	99.7914	0.838656	0
5.63541	0.0109496	99.0238	0.852292	0
5.60667	0.0107839	98.3229	0.853656	0
5.58714	0.0106479	96.7209	0.861838	0
5.57427	0.0106475	96.3037	0.845815	0
5.54332	0.0107117	94.7351	0.846838	0
5.50707	0.0103773	93.5002	0.829451	0
5.4851	0.0100593	93.2332	0.858429	0
5.45968	0.0101926	92.1819	0.835246	0
5.44355	0.0101292	91.8815	0.838656	0
5.42499	0.0102783	90.3129	0.852633	0
5.37202	0.00983811	88.6441	0.857747	0
5.33076	0.00952073	87.5928	0.849224	0
5.32937	0.00964141	87.4093	0.839337	0
5.31856	0.00968862	85.9741	0.845133	0
5.27453	0.00952404	84.4556	0.850929	0
5.24097	0.00940193	84.9395	0.837633	0
5.22431	0.00910964	82.9036	0.834224	0
5.20428	0.00892692	82.67	0.853997	0
5.18509	0.00901366	81.8523	0.841042	0
5.16473	0.00882659	80.5841	0.840019	0
5.13931	0.00881918	79.6996	0.821951	0
5.12232	0.00889792	78.9987	0.842406	0
5.10318	0.00850842	78.0642	0.829451	0
5.08223	0.00864185	77.0296	0.812746	0
5.06195	0.00835893	76.1952	0.826383	0
5.0308	0.00856994	74.1594	0.81786	0
5.01443	0.00826243	74.2929	0.824678	0
5.00871	0.00816314	74.1093	0.82161	0
4.98535	0.0080435	72.2403	0.823314	0
4.95436	0.00788048	70.7718	0.827064	0
4.92779	0.00802477	70.171	0.801496	0
4.91516	0.00777449	70.2545	0.826042	0
4.89861	0.00772071	69.6704	0.789564	0
4.86883	0.00753942	66.8669	0.813769	0
4.85369	0.00751608	67.1506	0.801155	0
4.84481	0.00759209	66.383	0.799109	0
4.81975	0.00723628	65.7322	0.822292	0
4.807	0.00730696	64.3304	0.811041	0
4.79659	0.00736795	62.912	0.804564	0
4.76874	0.00704381	62.5115	0.801496	0
4.74775	0.00702956	62.3446	0.786154	0
4.73058	0.0068051	60.3087	0.77354	0
4.7015	0.00679782	59.3909	0.791609	0
4.68761	0.00680725	58.4898	0.786154	0
4.68384	0.00685803	58.6066	0.790927	0
4.67445	0.00663408	57.2382	0.7732	0
4.65712	0.00653876	57.355	0.774222	0
4.63388	0.00645631	55.4193	0.762631	0
4.62034	0.00641762	53.8506	0.735358	0
4.61201	0.00628568	54.6516	0.762631	0
4.59294	0.00629205	53.35	0.766722	0
4.56797	0.00622521	52.3488	0.759222	0
4.5577	0.00597213	51.8481	0.750017	0
4.5477	0.00581692	51.3475	0.743199	0
4.52987	0.00605998	51.1139	0.75854	0
4.51694	0.00587798	49.295	0.752063	0
4.50686	0.00582023	49.0113	0.743881	0
4.49601	0.00579761	48.5607	0.753085	0
4.48134	0.00567302	46.5582	0.735699	0
4.46741	0.00561424	47.476	0.729562	0
4.45159	0.00532052	45.0229	0.713539	0
4.43748	0.00536298	45.5736	0.719335	0
4.43393	0.00531025	45.4234	0.714562	0
4.42088	0.00530973	43.9383	0.71013	0
4.40228	0.0052882	43.2874	0.712857	0
4.39814	0.00526408	42.136	0.726153	0
4.38641	0.0053979	40.9512	0.693766	0
4.36843	0.00516446	40.6508	0.692061	0
4.35973	0.0051244	40.6675	0.690016	0
4.35744	0.00514255	41.4351	0.701266	0
4.3465	0.00504885	39.5828	0.68047	0
4.32	0.00491522	38.1644	0.685925	0
4.30805	0.00490469	36.9295	0.699902	0
4.31361	0.00496665	37.2132	0.674675	0
4.3117	0.00488758	37.5803	0.690357	0
4.29934	0.00493258	36.262	0.668197	0
4.29661	0.00497459	37.063	0.690698	0
4.28922	0.00484935	36.5123	0.685243	0
4.27254	0.00480383	34.9937	0.667174	0
4.2691	0.00470545	35.0104	0.656606	0
4.2735	0.00468445	34.6433	0.660015	0
4.26833	0.00469544	35.2941	0.680129	0
4.2648	0.00474408	35.0271	0.667856	0
4.25425	0.00462287	33.7922	0.65422	0
4.23851	0.00458054	33.6921	0.664788	0
4.23049	0.00436108	31.8565	0.634446	0
4.23015	0.00453912	33.5252	0.658651	0
4.23116	0.00442552	32.3571	0.640583	0
4.22258	0.00449841	32.0901	0.642287	0
4.21178	0.00438598	32.2403	0.64706	0
4.209	0.00448619	31.4393	0.654901	0
4.20451	0.00431745	31.723	0.636151	0
4.20079	0.00434021	30.8719	0.638196	0
4.1895	0.00427752	29.7705	0.627969	0
4.18044	0.00427876	30.6717	0.641265	0
4.18095	0.00437805	29.5202	0.631378	0
4.17491	0.00430178	30.2044	0.62831	0
4.16991	0.00421796	28.836	0.626946	0
4.16817	0.00415085	29.37	0.630355	0
4.16498	0.00428721	29.6871	0.63206	0
4.15949	0.00425749	28.4355	0.620128	0
4.15014	0.00402952	28.6024	0.610582	0
4.1429	0.00401814	27.1005	0.610923	0
4.14395	0.00409643	27.6345	0.618082	0
4.14032	0.00403596	27.6012	0.610582	0
4.13424	0.00404857	28.7526	0.61331	0
4.13038	0.00402471	26.917	0.608537	0
4.12442	0.00402685	27.7847	0.621151	0
4.11787	0.00390825	26.433	0.599673	0
4.10952	0.00391579	25.899	0.591491	0
4.10002	0.0037862	24.8811	0.590809	0
4.09823	0.00383678	25.9491	0.5949	0
4.09945	0.00384439	25.4985	0.584332	0
4.08867	0.00380206	24.8477	0.5874	0
4.08145	0.0037689	24.1969	0.590468	0
4.08295	0.0037438	24.5307	0.580582	0
4.07726	0.00373541	24.5474	0.588764	0
4.07179	0.00372527	23.3959	0.565581	0
4.06874	0.00368885	24.0968	0.584332	0
4.06577	0.0037185	23.2791	0.580922	0
4.06343	0.00378249	23.7463	0.581263	0
4.05887	0.00365491	22.4948	0.560126	0
4.05364	0.00352207	22.2778	0.562854	0
4.04888	0.00350704	21.4602	0.549899	0
4.04262	0.00349892	22.1944	0.563195	0
4.03491	0.00346179	21.6938	0.546831	0
4.03031	0.00351426	21.3267	0.552626	0
4.02795	0.00350652	21.0597	0.545467	0
4.02089	0.00340912	21.1431	0.537967	0
4.01757	0.00339858	20.7259	0.557058	0
4.02038	0.0034073	21.043	0.557058	0
4.01427	0.00339221	20.4756	0.537626	0
4.00615	0.00334429	20.6091	0.542058	0
4.00771	0.00337634	20.242	0.541717	0
4.00386	0.00346543	20.6925	0.554672	0
3.998	0.00335385	20.3087	0.532853	0
3.99179	0.00318153	18.4564	0.516489	0
3.99026	0.00332094	19.758	0.536603	0
3.99146	0.00331191	18.7568	0.527058	0
3.98366	0.00325644	19.174	0.536262	0
3.97934	0.00318049	19.1239	0.516148	0
3.98039	0.00326723	18.6733	0.527058	0
3.97016	0.00318199	18.0225	0.51308	0
3.96486	0.00321404	18.4397	0.507284	0
3.96919	0.00317691	18.2728	0.517512	0
3.96485	0.00311072	17.839	0.516148	0
3.96082	0.00311859	17.8557	0.504557	0
3.96072	0.00312067	17.4218	0.51308	0
3.9544	0.00313465	17.3884	0.493648	0
3.9472	0.00307652	16.1702	0.484102	0
3.94423	0.00308159	16.0367	0.47217	0
3.94287	0.00295303	16.3705	0.491602	0
3.94062	0.00302508	16.6708	0.500466	0
3.93416	0.00294907	15.7196	0.47967	0
3.93029	0.00295277	15.1356	0.481375	0
3.92505	0.002883	15.2691	0.486488	0
3.92055	0.00285225	15.4693	0.482738	0
3.91758	0.00283866	15.0188	0.472852	0
3.91758	0.00285283	14.8686	0.461942	0
3.91609	0.00287767	15.5027	0.48342	0
3.91147	0.00285251	14.9186	0.477966	0
3.90725	0.00287806	14.7184	0.47592	0
3.90327	0.0028211	13.9841	0.469443	0
3.90035	0.00275308	13.9007	0.451374	0
3.89485	0.00268988	13.5836	0.445237	0
3.89317	0.00273761	13.3333	0.454783	0
3.89557	0.00271953	13.9341	0.458874	0
3.8909	0.00270132	13.0663	0.44251	0
3.88393	0.00262687	13.2833	0.452738	0
3.88352	0.0026759	13.1331	0.441828	0
3.88253	0.00276173	13.9174	0.461942	0
3.87735	0.00266829	12.8661	0.443874	0
3.87231	0.00264722	13.083	0.443874	0
3.8697	0.00262414	12.1986	0.42376	0
3.86681	0.00257791	12.1986	0.428192	0
3.86707	0.00262498	12.499	0.430237	0
3.86761	0.00256113	12.0484	0.421714	0
3.86365	0.00251373	11.9483	0.421032	0
3.86049	0.00257407	11.4643	0.418987	0
3.85686	0.0024647	11.1306	0.407396	0
3.85491	0.00245904	11.2808	0.406714	0
3.85483	0.00249994	11.5311	0.418987	0
3.85063	0.00245989	11.2474	0.415919	0
3.84768	0.00252348	11.0305	0.419328	0
3.84524	0.00240813	11.1306	0.414896	0
3.84566	0.00246268	11.5144	0.4166	0
3.84896	0.00248167	11.9483	0.436033	0
3.84396	0.0024948	11.5811	0.430919	0
3.83611	0.00240566	11.1473	0.409441	0
3.83507	0.00242822	9.79558	0.387623	0
3.83424	0.0024595	10.68	0.396145	0
3.83436	0.00241118	10.897	0.400236	0
3.83405	0.00236378	10.5131	0.404327	0
3.83203	0.0023444	10.3129	0.393759	0
3.83162	0.00232652	10.2461	0.395805	0
3.83102	0.00240104	10.3796	0.398532	0
3.82597	0.00230409	9.64539	0.384554	0
3.82474	0.00237152	10.1961	0.397509	0
3.82374	0.00241671	10.3296	0.398191	0
3.81674	0.00228354	9.57864	0.384554	0
3.81221	0.00230071	9.34501	0.382509	0
3.81684	0.00230942	10.7468	0.405009	0
3.81701	0.00234408	10.0793	0.39785	0
3.81004	0.00229037	9.4952	0.382168	0
3.81182	0.00228464	9.87902	0.396145	0
3.81471	0.00236326	9.39508	0.378759	0
3.81264	0.00233907	10.0125	0.390009	0
3.81213	0.00227925	9.59533	0.39035	0
3.80841	0.00226572	9.42845	0.384213	0
3.80877	0.00228204	9.3617	0.384895	0
3.81053	0.00225317	9.81227	0.393418	0
3.80528	0.00227222	8.99458	0.381145	0
3.79979	0.00221793	9.12808	0.377736	0
3.80169	0.0022377	9.44514	0.380804	0
3.80174	0.00225532	9.3617	0.379781	0
3.79905	0.00222372	9.0947	0.374327	0
3.79539	0.00224901	9.19483	0.377054	0
3.79363	0.00217982	8.57739	0.362395	0
3.79494	0.00217495	8.71089	0.369554	0
3.79528	0.00220141	8.89445	0.365122	0
3.79477	0.00222528	9.34501	0.39035	0
3.79284	0.00221006	8.67751	0.367508	0
3.79196	0.00219348	8.89445	0.378759	0
3.79054	0.00216279	8.61076	0.365122	0
3.78713	0.00215986	8.41051	0.364781	0
3.78382	0.00213756	8.39383	0.365463	0
3.78203	0.00213327	7.69295	0.344667	0
3.78168	0.00211337	8.71089	0.369554	0
3.78002	0.00215128	8.01001	0.354895	0
3.77493	0.00205699	7.79307	0.347735	0
3.77568	0.00209347	8.6942	0.358645	0
3.77719	0.00216045	8.09345	0.349781	0
3.77429	0.00208274	8.36045	0.359667	0
3.77553	0.00213496	7.70964	0.354554	0
3.77323	0.00204919	7.84314	0.344326	0
3.77081	0.0020462	7.4927	0.343985	0
3.7746	0.00211454	7.99332	0.349099	0
3.77551	0.00205641	7.85982	0.351826	0
3.77532	0.00210901	8.34376	0.361031	0
3.77417	0.00208951	7.72632	0.350804	0
3.7704	0.00210901	7.99332	0.354554	0
3.76899	0.00209731	7.3592	0.339553	0
3.76882	0.00212553	8.22695	0.369213	0
3.76798	0.00214478	8.27701	0.36069	0
3.76924	0.0020832	8.37714	0.357622	0
3.76483	0.0020527	7.87651	0.353531	0
3.76359	0.00208794	7.80976	0.350463	0
3.76434	0.00214335	7.50939	0.340917	0
3.76369	0.00208073	8.06008	0.359326	0
3.76295	0.00205608	7.90989	0.347735	0
3.76718	0.00210557	8.51064	0.367168	0
3.76797	0.00206421	8.06008	0.35319	0
3.764	0.00210739	8.44389	0.366827	0
3.76411	0.00207188	7.94326	0.352167	0
3.7611	0.00207663	7.42595	0.342962	0
3.75682	0.00208294	7.52607	0.347735	0
3.75905	0.0021044	8.5607	0.364781	0
3.75374	0.00201895	6.97539	0.331712	0
3.74793	0.00205673	7.07551	0.333417	0
3.74831	0.00203378	7.10889	0.331371	0
3.74451	0.00196193	6.50814	0.321144	0
3.74335	0.00199054	7.12557	0.339894	0
3.74553	0.00195009	6.4247	0.317053	0
3.74125	0.00192044	6.25782	0.311598	0
3.74182	0.00193592	6.89195	0.335462	0
3.74528	0.00195276	6.49145	0.325235	0
3.74271	0.00195659	6.75845	0.322166	0
3.74041	0.00186706	6.2912	0.314666	0
3.73726	0.00188292	6.07426	0.306143	0
3.7346	0.00187908	5.85732	0.309553	0
3.73469	0.00189346	6.62495	0.331712	0
3.73168	0.00189541	5.70713	0.30478	0
3.72601	0.00187128	6.19107	0.311939	0
3.72338	0.00180333	5.13976	0.28637	0
3.72207	0.00175131	5.30663	0.29387	0
3.71971	0.00171145	5.3567	0.292848	0
3.71832	0.0017067	5.15645	0.289779	0
3.72059	0.00176419	5.2232	0.292848	0
3.72223	0.0017361	5.25657	0.287052	0
3.72179	0.0017675	5.27326	0.295916	0
3.71875	0.00174344	4.88945	0.282961	0
3.71693	0.00176198	5.4902	0.29387	0
3.71877	0.00175937	5.25657	0.288075	0
3.71657	0.00171633	4.9562	0.282279	0
3.71111	0.00170319	4.70588	0.275802	0
3.7093	0.00165052	4.48894	0.269665	0
3.70857	0.0016766	5.05632	0.279552	0
3.70745	0.00164103	4.55569	0.274097	0
3.70623	0.00166119	4.98957	0.282961	0
3.70714	0.00163973	4.02169	0.255688	0
3.70858	0.00169747	4.9562	0.283302	0
3.70698	0.00167692	4.30538	0.257733	0
3.70305	0.00152542	3.88819	0.24546	0
3.7037	0.00163011	3.82144	0.248188	0
3.70673	0.00159265	4.50563	0.265915	0
3.70652	0.0016342	4.73926	0.281597	0
3.70438	0.00164734	4.28869	0.265574	0
3.70115	0.00156547	4.22194	0.259779	0
3.70112	0.00158803	4.57238	0.267279	0
3.70151	0.00160123	4.45557	0.265574	0
3.69709	0.00154785	4.10513	0.255688	0
3.69601	0.00162399	4.38882	0.27137	0
3.69712	0.00160741	3.98832	0.250574	0
3.69319	0.00154349	3.57113	0.241369	0
3.69217	0.00153744	3.75469	0.245119	0
3.69381	0.0015695	4.48894	0.270688	0
3.69183	0.00157197	3.83813	0.249892	0
3.68833	0.00154518	3.57113	0.237619	0
3.69108	0.00152366	3.83813	0.25296	0
3.69107	0.00147879	3.67126	0.24171	0
3.68843	0.0014721	3.65457	0.240006	0
3.68857	0.00148978	3.55444	0.234892	0
3.68743	0.00145766	3.65457	0.23796	0
3.68409	0.00144713	3.10388	0.222278	0
3.68517	0.00148315	3.45432	0.240346	0
3.68362	0.00140675	3.15394	0.223982	0
3.68152	0.0014336	3.42094	0.235574	0
3.6827	0.00145616	3.18732	0.223641	0
3.68152	0.00145733	3.02044	0.217164	0
3.6804	0.00146949	3.35419	0.234892	0
3.68234	0.00148087	3.45432	0.233187	0
3.67877	0.00140772	2.90363	0.214778	0
3.67833	0.00140226	3.12057	0.229096	0
3.68214	0.00144127	3.20401	0.224323	0
3.6805	0.00139198	2.92032	0.22296	0
3.68006	0.00144036	3.60451	0.243415	0
3.68084	0.00141279	2.98707	0.221255	0
3.67931	0.0014351	3.0705	0.225005	0
3.67644	0.00145668	3.18732	0.235915	0
3.67559	0.00144095	3.35419	0.232505	0
3.67427	0.00142567	3.13725	0.224664	0
3.67203	0.0013912	2.68669	0.211368	0
3.67267	0.00139101	3.13725	0.223301	0
3.6738	0.00141877	3.47101	0.240687	0
3.67226	0.0014351	3.25407	0.231824	0
3.67154	0.00138022	3.15394	0.226369	0
3.67186	0.00136539	3.08719	0.22671	0
3.67146	0.00133879	2.51982	0.205573	0
3.67182	0.00138626	3.12057	0.229096	0
3.67418	0.00142047	3.05382	0.224664	0
3.67267	0.00142001	2.8035	0.213755	0
3.67288	0.00140824	3.30413	0.228755	0
3.67397	0.00142944	3.22069	0.227392	0
3.66865	0.0013466	2.55319	0.206596	0
3.66615	0.00130472	2.58657	0.202505	0
3.66815	0.00129601	2.937	0.213073	0
3.6674	0.00137729	2.61994	0.213073	0
3.66733	0.00139478	2.87025	0.21205	0
3.66668	0.00131376	2.85357	0.211709	0
3.66577	0.00134972	2.77013	0.214096	0
3.66762	0.00137267	2.51982	0.202846	0
3.66517	0.00128547	2.70338	0.206596	0
3.66388	0.00130869	2.65332	0.210005	0
3.66749	0.00135362	3.03713	0.220232	0
3.66718	0.00136793	2.58657	0.203868	0
3.66616	0.0013741	3.00375	0.221596	0
3.66773	0.00139042	3.10388	0.223641	0
3.66683	0.00144225	2.92032	0.223982	0
3.66592	0.00146013	2.8035	0.216482	0
3.6656	0.00142112	2.95369	0.221255	0
3.66154	0.00132943	2.55319	0.209323	0
3.66149	0.00134283	3.03713	0.221596	0
3.66428	0.00136383	2.92032	0.213755	0
3.66298	0.00133509	2.58657	0.207618	0
3.66362	0.0014193	3.20401	0.229096	0
3.66415	0.00141702	2.82019	0.214437	0
3.66244	0.00137209	2.88694	0.216823	0
3.66067	0.00128925	2.30288	0.1933	0
3.66131	0.00138496	2.87025	0.221255	0
3.66281	0.0013927	2.60325	0.2083	0
3.65981	0.00134068	2.77013	0.211368	0
3.65874	0.00135453	2.403	0.195686	0
3.65789	0.00128938	2.55319	0.203868	0
3.65802	0.00134133	2.46975	0.208982	0
3.6603	0.00134504	2.83688	0.217505	0
3.66013	0.00135154	2.78682	0.213414	0
3.65688	0.00133002	2.65332	0.212732	0
3.65736	0.0013241	2.63663	0.204209	0
3.65785	0.00133275	2.35294	0.2008	0
3.65732	0.00136584	2.50313	0.202164	0
3.65703	0.00131896	2.28619	0.192618	0
3.65849	0.00136506	2.92032	0.21921	0
3.65852	0.00129926	2.58657	0.208982	0
3.65407	0.00130947	2.28619	0.191254	0
3.65419	0.00127663	2.03588	0.182731	0
3.65331	0.00125322	2.10263	0.188527	0
3.65405	0.001312	2.38632	0.193641	0
3.65636	0.00132234	2.8035	0.212732	0
3.65514	0.00133151	2.55319	0.205232	0
3.65299	0.00134536	2.51982	0.199777	0
3.65171	0.00124561	2.18607	0.188868	0
3.65113	0.00127585	2.35294	0.198073	0
3.65109	0.00127208	2.136	0.186822	0
3.65119	0.00126987	2.31957	0.195345	0
3.65277	0.00132924	2.5365	0.20455	0
3.65185	0.00133671	2.46975	0.2008	0
3.65043	0.00130232	2.43638	0.196709	0
3.65032	0.00128593	2.18607	0.188868	0
3.64996	0.00126681	2.403	0.195686	0
3.64928	0.0012514	2.30288	0.1933	0
3.64834	0.0012648	1.98582	0.180686	0
3.64859	0.00124724	2.08594	0.183072	0
3.65043	0.00129172	2.2695	0.196368	0
3.65012	0.0013083	2.20275	0.190913	0
3.64755	0.00126382	2.2695	0.191936	0
3.64706	0.00125491	2.16938	0.186482	0
3.64773	0.00125595	2.31957	0.195345	0
3.64795	0.00129945	2.58657	0.203868	0
3.64585	0.00126597	1.85232	0.177959	0
3.64344	0.00118748	1.93575	0.175231	0
3.64352	0.00123014	1.90238	0.175572	0
3.64455	0.00121778	2.01919	0.18205	0
3.64225	0.00121869	1.61869	0.164322	0
3.64288	0.00120419	1.88569	0.17489	0
3.64284	0.00117636	1.56863	0.16364	0
3.63961	0.00116362	1.61869	0.164322	0
3.64092	0.00116817	1.61869	0.166027	0
3.64101	0.001151	1.81894	0.171822	0
3.63809	0.00115673	1.55194	0.159549	0
3.63585	0.00109112	1.43513	0.153754	0
3.63607	0.00111615	1.56863	0.160231	0
3.6364	0.00111836	1.71882	0.16739	0
3.6366	0.00112675	1.38506	0.151367	0
3.63566	0.00110516	1.40175	0.150344	0
3.63537	0.00110087	1.45181	0.152731	0
3.63439	0.00107779	1.40175	0.152049	0
3.6343	0.00108045	1.21819	0.144208	0
3.63415	0.00103428	1.11806	0.134662	0
3.63528	0.00109326	1.28494	0.144208	0
3.63615	0.00106602	1.21819	0.144208	0
3.63373	0.0010997	1.38506	0.149322	0
3.63206	0.00105756	1.05131	0.135003	0
3.63298	0.00106959	1.40175	0.152049	0
3.63449	0.0010982	1.41844	0.154776	0
3.63298	0.00106205	1.28494	0.144208	0
3.63179	0.00112148	1.335	0.14864	0
3.6311	0.00104527	1.23488	0.141481	0
3.63198	0.00110236	1.30163	0.146935	0
3.63299	0.00112265	1.75219	0.170458	0
3.63339	0.00116095	1.31831	0.147617	0
3.63139	0.00112805	1.10138	0.13773	0
3.63188	0.00109515	1.35169	0.151367	0
3.63287	0.00107544	1.28494	0.147958	0
3.63115	0.00111277	1.38506	0.153072	0
3.62996	0.00107687	1.11806	0.138753	0
3.63005	0.00103832	1.23488	0.141481	0
3.63006	0.00105698	1.23488	0.141481	0
3.63064	0.00104592	0.984564	0.130912	0
3.63093	0.00104345	1.61869	0.162617	0
3.63049	0.00104339	1.21819	0.140458	0
3.62923	0.00106042	1.25156	0.144208	0
3.63092	0.00109859	1.38506	0.149322	0
3.63134	0.00110458	1.26825	0.143185	0
3.62945	0.00107687	1.2015	0.139435	0
3.62946	0.00104956	1.30163	0.14489	0
3.63008	0.00103532	1.2015	0.139435	0
3.62842	0.0010653	1.2015	0.139435	0
3.62819	0.00105925	1.40175	0.154094	0
3.62883	0.00103975	1.10138	0.133639	0
3.62747	0.00107128	1.335	0.146935	0
3.62734	0.00103981	0.984564	0.12648	0
3.62622	0.00103396	1.068	0.131594	0
3.62604	0.00105178	1.13475	0.135685	0
3.62687	0.0010311	1.03463	0.129548	0
3.62692	0.00105002	0.917814	0.124776	0
3.62766	0.0010601	1.45181	0.156481	0
3.62753	0.00104911	1.11806	0.136708	0
3.6255	0.00102668	1.068	0.131594	0
3.62531	0.00105321	1.21819	0.142503	0
3.62626	0.00101315	0.917814	0.124776	0
3.62568	0.000991172	1.11806	0.134662	0
3.62542	0.000978102	1.05131	0.130571	0
3.62505	0.00102746	1.08469	0.132617	0
3.62588	0.0010391	1.10138	0.135685	0
3.62593	0.00101939	1.15144	0.138753	0
3.62676	0.00107317	1.31831	0.149663	0
3.62666	0.00105021	1.15144	0.136708	0
3.62521	0.00102323	1.13475	0.13773	0
3.62539	0.00106205	1.13475	0.135685	0
3.62496	0.00104274	1.15144	0.142503	0
3.62428	0.00102752	1.10138	0.133639	0
3.62445	0.000996894	1.05131	0.130571	0
3.62465	0.0010404	1.10138	0.133639	0
3.62501	0.00102498	1.2015	0.139435	0
3.62484	0.00106511	1.15144	0.138753	0
3.62308	0.0010482	0.951189	0.124435	0
3.62278	0.000982524	0.984564	0.12648	0
3.62382	0.0010376	1.068	0.131594	0
3.62274	0.00101601	1.08469	0.132617	0
3.62118	0.000976412	0.817689	0.117957	0
3.62284	0.000997219	1.068	0.131594	0
3.62445	0.00103506	1.16813	0.143526	0
3.62346	0.00108721	1.21819	0.142503	0
3.62217	0.00101978	1.01794	0.130912	0
3.62216	0.00102219	1.11806	0.134662	0
3.6219	0.00101907	1.25156	0.142162	0
3.62231	0.00103747	1.03463	0.129548	0
3.62237	0.00101666	0.967877	0.127844	0
3.62105	0.00100567	0.834376	0.116935	0
3.6213	0.00102017	1.15144	0.138753	0
3.6215	0.00097238	0.684189	0.106025	0
3.6186	0.000971665	0.750939	0.115912	0
3.62071	0.000974201	1.05131	0.132958	0
3.62185	0.000995529	1.03463	0.129548	0
3.62077	0.000988896	0.817689	0.115571	0
3.62202	0.00103805	1.00125	0.127503	0
3.62093	0.00103305	1.068	0.131594	0
3.62012	0.00102648	1.01794	0.130912	0
3.6205	0.000983044	0.784314	0.113184	0
3.61949	0.0010257	1.23488	0.141481	0
3.62093	0.00101939	1.01794	0.128526	0
3.62075	0.00104813	1.05131	0.130571	0
3.62062	0.00110425	1.2015	0.147276	0
3.62037	0.00102525	0.884439	0.122389	0
3.61948	0.00101751	0.917814	0.122389	0
3.62014	0.00101621	0.884439	0.120003	0
3.61906	0.000959375	0.801001	0.114548	0
3.61935	0.0010242	1.068	0.13398	0
3.6207	0.000995594	1.03463	0.129548	0
3.61989	0.000979273	0.901126	0.121366	0
3.61941	0.000980833	0.951189	0.124435	0
3.61992	0.000992798	1.01794	0.128526	0
3.61914	0.00100905	1.03463	0.131935	0
3.61779	0.000997089	0.801001	0.116935	0
3.61734	0.00102505	1.01794	0.132958	0
3.61803	0.00100671	0.867751	0.121366	0
3.61803	0.000977322	0.801001	0.114548	0
3.61721	0.00097342	0.884439	0.120003	0
3.61872	0.00100086	1.21819	0.144208	0
3.61971	0.00101354	0.951189	0.124435	0
3.61743	0.000966333	0.917814	0.122389	0
3.61701	0.000969324	0.867751	0.121366	0
3.61777	0.000979923	0.851064	0.117957	0
3.6185	0.00098662	0.917814	0.124776	0
3.61874	0.00102297	0.917814	0.122389	0
3.6189	0.000997349	1.00125	0.127503	0
3.61664	0.000968478	0.817689	0.117957	0
3.61735	0.00100561	0.817689	0.115571	0
3.61738	0.000967698	0.984564	0.12648	0
3.61786	0.00101315	0.901126	0.121366	0
3.617	0.00100125	0.934501	0.123412	0
3.61687	0.000963407	0.750939	0.110798	0
3.61634	0.000987531	0.967877	0.127844	0
3.61626	0.000993383	0.784314	0.115571	0
3.6174	0.001006	0.801001	0.114548	0
3.617	0.00096048	0.834376	0.116935	0
3.61593	0.000930894	0.750939	0.110798	0
3.61644	0.000953848	0.967877	0.125457	0
3.61607	0.000983694	1.00125	0.127503	0
3.61592	0.000979403	0.834376	0.116935	0
3.61554	0.000951767	0.717564	0.108412	0
3.61585	0.000957034	1.068	0.13398	0
3.61505	0.000976412	0.700876	0.109775	0
3.61472	0.000967763	0.867751	0.11898	0
3.61435	0.000944809	0.700876	0.107048	0
3.61501	0.00098532	0.967877	0.127844	0
3.61558	0.000976151	0.700876	0.107048	0
3.61519	0.000926407	0.650814	0.103298	0
3.6151	0.0009584	0.817689	0.117957	0
3.61558	0.000987921	0.767626	0.112162	0
3.61561	0.000937332	0.817689	0.115571	0
3.61598	0.000990782	0.984564	0.130912	0
3.61527	0.000956059	0.667501	0.104661	0
3.61481	0.000937462	0.734251	0.112162	0
3.61371	0.000952482	0.617438	0.10057	0
3.61396	0.000927253	0.851064	0.120344	0
3.61443	0.000978752	0.967877	0.125457	0
3.61517	0.00101692	0.834376	0.116935	0
3.61391	0.000957229	0.634126	0.104661	0
3.61369	0.000964382	1.01794	0.130912	0
3.61409	0.000937722	0.801001	0.114548	0
3.61297	0.000977777	0.834376	0.116935	0
3.615	0.00098454	0.784314	0.113184	0
3.61566	0.000968023	0.884439	0.120003	0
3.61417	0.000967958	0.817689	0.115571	0
3.61434	0.000979728	0.951189	0.124435	0
3.61543	0.000969194	0.834376	0.116935	0
3.61417	0.000938632	0.684189	0.106025	0
3.61294	0.000948581	0.750939	0.110798	0
3.61307	0.000963146	0.801001	0.114548	0
3.61274	0.000976542	0.917814	0.124776	0
3.61277	0.000989156	0.884439	0.120003	0
3.61387	0.00101055	0.851064	0.117957	0
3.61335	0.000970104	0.750939	0.113525	0
3.61245	0.000954238	0.584063	0.0981841	0
3.61317	0.000942599	0.884439	0.122389	0
3.6124	0.000918019	0.650814	0.103298	0
3.6122	0.000904689	0.634126	0.101934	0
3.6144	0.000923741	0.767626	0.112162	0
3.61485	0.000978947	0.817689	0.115571	0
3.6132	0.000954368	0.734251	0.112162	0
3.61191	0.000875623	0.667501	0.104661	0
3.61235	0.000949946	0.667501	0.107389	0
3.61363	0.000936226	0.784314	0.113184	0
3.6125	0.000926017	0.884439	0.120003	0
3.61194	0.000942013	0.734251	0.112162	0
3.61256	0.000953978	0.784314	0.113184	0
3.61346	0.0010047	0.867751	0.123753	0
3.61316	0.000910086	0.634126	0.101934	0
3.6118	0.000929139	0.584063	0.0981841	0
3.61095	0.000901763	0.550688	0.0981841	0
3.61288	0.000927123	0.750939	0.110798	0
3.61432	0.000943574	0.867751	0.11898	0
3.6132	0.000924197	0.684189	0.106025	0
3.61178	0.000945265	0.684189	0.106025	0
3.61185	0.000924977	0.734251	0.109775	0
3.61081	0.000912752	0.550688	0.0951158	0
3.61029	0.000881996	0.617438	0.10057	0
3.61177	0.000924457	0.650814	0.103298	0
3.61137	0.000946955	0.717564	0.108412	0
3.6112	0.000942143	0.700876	0.112162	0
3.61217	0.000947085	0.700876	0.109775	0
3.61178	0.000932	0.834376	0.116935	0
3.61079	0.000922181	0.784314	0.115571	0
3.61006	0.00091893	0.467251	0.0879566	0
3.61081	0.000915353	0.517313	0.0923885	0
3.61135	0.000901048	0.667501	0.104661	0
3.61113	0.000915223	0.817689	0.117957	0
3.61138	0.000932455	0.684189	0.106025	0
3.61183	0.000935251	0.734251	0.109775	0
3.61221	0.000971665	0.650814	0.108752	0
3.61063	0.000926798	0.767626	0.114548	0
3.61092	0.000936421	0.634126	0.101934	0
3.61052	0.000901308	0.517313	0.0923885	0
3.61004	0.000918409	0.717564	0.108412	0
3.61054	0.000897211	0.567376	0.0964795	0
3.61131	0.000946955	0.667501	0.107389	0
3.61217	0.000966398	0.851064	0.117957	0
3.61244	0.000949491	0.650814	0.106025	0
3.61053	0.000935446	0.567376	0.0964795	0
3.611	0.0009056	0.517313	0.0923885	0
3.61071	0.000917239	0.550688	0.0951158	0
3.61025	0.000908786	0.534001	0.0937522	0
3.61108	0.000937332	0.834376	0.116935	0
3.61162	0.00098584	0.784314	0.113184	0
3.61078	0.000928423	0.650814	0.103298	0
3.60997	0.000889603	0.517313	0.0923885	0
3.60972	0.000918474	0.534001	0.0937522	0
3.61066	0.00094702	0.700876	0.107048	0
3.61053	0.000894025	0.700876	0.107048	0
3.61061	0.000905079	0.534001	0.0937522	0
3.6106	0.000909371	0.667501	0.104661	0
3.61136	0.000900203	0.584063	0.0981841	0
3.61303	0.000919905	0.867751	0.11898	0
3.61165	0.000937852	0.700876	0.107048	0
3.60932	0.000890774	0.467251	0.0879566	0
3.61068	0.000896626	0.600751	0.0995477	0
3.60933	0.000878484	0.383813	0.0797746	0
3.61004	0.0009201	0.634126	0.101934	0
3.60944	0.000884987	0.567376	0.0964795	0
3.6096	0.000896431	0.650814	0.103298	0
3.6111	0.000922051	0.767626	0.112162	0
3.60997	0.000896496	0.400501	0.0814791	0
3.60862	0.000927188	0.534001	0.0937522	0
3.61045	0.000897276	0.534001	0.0937522	0
3.61032	0.000921726	0.700876	0.109775	0
3.61072	0.000890774	0.400501	0.0814791	0
3.61071	0.00089435	0.667501	0.107389	0
3.60972	0.000871722	0.417188	0.0831837	0
3.61096	0.000905274	0.767626	0.112162	0
3.61063	0.00089253	0.550688	0.0951158	0
3.60993	0.000917759	0.634126	0.101934	0
3.60975	0.000912817	0.700876	0.107048	0
3.60988	0.00091984	0.684189	0.106025	0
3.60832	0.000874583	0.383813	0.0797746	0
3.60852	0.0008673	0.567376	0.0964795	0
3.60981	0.000908981	0.534001	0.0937522	0
3.60914	0.000888498	0.667501	0.104661	0
3.61041	0.000923351	0.550688	0.0981841	0
3.61105	0.000899422	0.567376	0.0995477	0
3.61008	0.000925042	0.550688	0.0981841	0
3.61029	0.000905665	0.650814	0.103298	0
3.60926	0.000904624	0.433876	0.0845474	0
3.6085	0.000905535	0.684189	0.108412	0
3.60959	0.000901893	0.567376	0.0964795	0
3.60923	0.000849938	0.483938	0.0893202	0
3.6094	0.000872697	0.483938	0.0893202	0
3.60993	0.000940193	0.851064	0.120344	0
3.60996	0.000904624	0.450563	0.086252	0
3.60907	0.000914638	0.500626	0.0906839	0
3.60952	0.000902673	0.567376	0.0964795	0
3.6092	0.000894675	0.517313	0.0923885	0
3.60836	0.000902153	0.567376	0.0964795	0
3.60928	0.000882646	0.634126	0.101934	0
3.60973	0.000873933	0.517313	0.0954567	0
3.6089	0.000897081	0.550688	0.0951158	0
3.60889	0.000902543	0.467251	0.0879566	0
3.60986	0.00088024	0.483938	0.0893202	0
3.60993	0.000901048	0.667501	0.104661	0
3.60906	0.000889799	0.567376	0.0964795	0
3.60853	0.00089461	0.534001	0.0937522	0
3.6092	0.000917759	0.567376	0.0964795	0
3.60967	0.000890319	0.567376	0.0964795	0
3.60973	0.000936746	0.734251	0.114548	0
3.60929	0.000956124	0.801001	0.114548	0
3.60848	0.00090586	0.433876	0.0845474	0
3.60798	0.000884011	0.367126	0.07807	0
3.60961	0.000877834	0.550688	0.0951158	0
3.61007	0.000867365	0.483938	0.0893202	0
3.60916	0.000898252	0.600751	0.0995477	0
3.60787	0.000864374	0.350438	0.0760245	0
3.60828	0.000887653	0.450563	0.086252	0
3.60926	0.000876729	0.550688	0.0951158	0
3.60863	0.000903064	0.534001	0.0937522	0
3.60896	0.000910411	0.534001	0.0937522	0
3.60923	0.000892335	0.517313	0.0923885	0
3.60873	0.000906185	0.450563	0.086252	0
3.60823	0.000889018	0.567376	0.0964795	0
3.60975	0.000876794	0.433876	0.0845474	0
3.60905	0.000878354	0.433876	0.0845474	0
3.60963	0.000885182	0.550688	0.0981841	0
3.61037	0.000888498	0.600751	0.0995477	0
3.60891	0.000891749	0.517313	0.0923885	0
3.60992	0.000882971	0.534001	0.0937522	0
3.61058	0.000885507	0.517313	0.0923885	0
3.61004	0.000922116	0.700876	0.107048	0
3.61003	0.000906835	0.517313	0.0923885	0
3.61031	0.000897537	0.517313	0.0923885	0
3.60997	0.000888628	0.433876	0.0845474	0
3.60911	0.000902153	0.584063	0.0981841	0
3.60882	0.000902283	0.433876	0.0845474	0
3.60906	0.000884011	0.500626	0.0906839	0
3.60855	0.000909631	0.650814	0.103298	0
3.60841	0.000880045	0.534001	0.0937522	0
3.60908	0.000885897	0.333751	0.0743199	0
3.6104	0.000897667	0.634126	0.101934	0
3.60952	0.000903454	0.500626	0.0906839	0
3.60847	0.000864309	0.367126	0.07807	0
3.60766	0.000879004	0.417188	0.0831837	0
3.60911	0.000871722	0.417188	0.0831837	0
3.60916	0.000881996	0.634126	0.104661	0
3.60873	0.000873282	0.317063	0.0726153	0
3.60842	0.000879915	0.534001	0.0937522	0
3.6097	0.000871071	0.517313	0.0923885	0
3.60948	0.000857741	0.300375	0.0705698	0
3.60845	0.0008686	0.433876	0.0845474	0
3.60809	0.000864049	0.450563	0.086252	0
3.60936	0.000850264	0.400501	0.0814791	0
3.60875	0.000850784	0.567376	0.0964795	0
3.60877	0.000855465	0.433876	0.0845474	0
3.6094	0.000888888	0.450563	0.086252	0
3.61005	0.000873802	0.584063	0.0981841	0
3.60988	0.000887198	0.450563	0.086252	0
3.60845	0.000849093	0.333751	0.0743199	0
3.60787	0.000835568	0.333751	0.0743199	0
3.60964	0.00085293	0.450563	0.086252	0
3.61002	0.00088167	0.584063	0.100911	0
3.61012	0.00089396	0.417188	0.0831837	0
3.60988	0.000884662	0.684189	0.106025	0
3.61	0.000881866	0.433876	0.0879566	0
3.60929	0.000844671	0.433876	0.0845474	0
3.60838	0.000876729	0.483938	0.0923885	0
3.60912	0.000861968	0.600751	0.0995477	0
3.60942	0.000876729	0.367126	0.07807	0
3.60983	0.000886937	0.417188	0.0831837	0
3.61081	0.000867885	0.433876	0.0879566	0
3.6101	0.000875103	0.417188	0.086252	0
3.60882	0.000884271	0.450563	0.086252	0
3.60843	0.000874713	0.400501	0.0814791	0
3.6087	0.000835958	0.333751	0.0743199	0
3.60878	0.000859302	0.433876	0.0845474	0
3.60995	0.000867105	0.517313	0.0923885	0
3.61023	0.000882321	0.450563	0.086252	0
3.60946	0.000859757	0.383813	0.0797746	0
3.6086	0.00088076	0.467251	0.0879566	0
3.6096	0.000880305	0.517313	0.0923885	0
3.60853	0.000852344	0.283688	0.0685243	0
3.6088	0.000848183	0.333751	0.0743199	0
3.61008	0.00086795	0.534001	0.0937522	0
3.60941	0.000837974	0.350438	0.0760245	0
3.6092	0.000846362	0.333751	0.0743199	0
3.6097	0.000873152	0.433876	0.0845474	0
3.6097	0.000863008	0.450563	0.086252	0
3.60956	0.000864569	0.400501	0.0814791	0
3.60908	0.000850589	0.383813	0.0797746	0
3.60788	0.000836153	0.333751	0.0743199	0
3.60907	0.000843046	0.500626	0.0906839	0
3.6103	0.00086808	0.550688	0.0981841	0
3.60958	0.000883036	0.450563	0.086252	0
3.60909	0.000868796	0.417188	0.0831837	0
3.60965	0.000862228	0.450563	0.086252	0
3.61071	0.000879265	0.417188	0.0831837	0
3.60993	0.000859627	0.517313	0.0954567	0
3.60915	0.000869511	0.350438	0.0760245	0
3.60967	0.000839664	0.267	0.0664788	0
3.61033	0.00086717	0.433876	0.0845474	0
3.61056	0.000861318	0.350438	0.0760245	0
3.60921	0.000828415	0.433876	0.0845474	0
3.60954	0.000839664	0.433876	0.0845474	0
3.61066	0.000864504	0.433876	0.0845474	0
3.61082	0.00087946	0.417188	0.0831837	0
3.61068	0.00086626	0.433876	0.0845474	0
3.61099	0.000858392	0.350438	0.0760245	0
3.6108	0.000877509	0.400501	0.0814791	0
3.6107	0.000859757	0.517313	0.0923885	0
3.61084	0.000851044	0.400501	0.0814791	0
3.61007	0.000849808	0.467251	0.0879566	0
3.61061	0.000859562	0.317063	0.0726153	0
3.60982	0.000855335	0.367126	0.07807	0
3.60931	0.000883686	0.333751	0.0743199	0
3.60986	0.00086704	0.367126	0.07807	0
3.60937	0.000847207	0.383813	0.0797746	0
3.61007	0.000866065	0.450563	0.086252	0
3.61124	0.000882061	0.400501	0.0814791	0
3.61054	0.0008673	0.483938	0.0893202	0
3.61085	0.000858912	0.417188	0.0831837	0
3.61179	0.000869836	0.317063	0.0726153	0
3.60983	0.000869576	0.350438	0.0760245	0
3.61046	0.000865024	0.450563	0.086252	0
3.61144	0.000879915	0.333751	0.0743199	0
3.61032	0.000849288	0.283688	0.0685243	0
3.6103	0.000878094	0.450563	0.086252	0
3.60989	0.000857676	0.333751	0.0743199	0
3.60982	0.000836803	0.400501	0.0814791	0
3.61104	0.000839274	0.317063	0.0726153	0
3.60971	0.000830886	0.333751	0.0743199	0
3.6097	0.000867755	0.367126	0.07807	0
3.61074	0.000861708	0.400501	0.0814791	0
3.61201	0.000875233	0.600751	0.0995477	0
3.61149	0.000861773	0.433876	0.0845474	0
3.61033	0.000857676	0.433876	0.0879566	0
3.6103	0.000823798	0.367126	0.07807	0
3.6106	0.000829261	0.417188	0.0831837	0
3.61188	0.000845322	0.400501	0.0814791	0
3.61193	0.000854815	0.417188	0.0831837	0
3.61262	0.00086821	0.600751	0.0995477	0
3.61215	0.000885377	0.400501	0.0814791	0
3.61085	0.000870681	0.300375	0.0705698	0
3.61067	0.000872112	0.350438	0.0760245	0
3.60958	0.000872177	0.333751	0.0743199	0
3.61022	0.0008805	0.350438	0.0760245	0
3.61085	0.000859497	0.383813	0.0797746	0
3.61078	0.000831927	0.300375	0.0705698	0
3.61009	0.000857871	0.433876	0.0845474	0
3.61062	0.000857676	0.300375	0.0705698	0
3.61176	0.000864829	0.317063	0.0726153	0
3.61187	0.000853385	0.333751	0.0743199	0
3.61159	0.000831536	0.350438	0.0760245	0
3.61222	0.000847858	0.433876	0.0879566	0
3.61132	0.000857676	0.317063	0.0726153	0
3.61033	0.000814955	0.267	0.0664788	0
3.61071	0.000825619	0.350438	0.0760245	0
3.61141	0.000867495	0.400501	0.0814791	0
3.61113	0.000849028	0.500626	0.0906839	0
3.6111	0.000847467	0.333751	0.0743199	0
3.611	0.000808388	0.216938	0.0600014	0
3.61039	0.000829586	0.467251	0.0879566	0
3.61063	0.000821458	0.283688	0.0685243	0
3.61125	0.000791546	0.183563	0.0552285	0
3.61159	0.000830041	0.433876	0.0845474	0
3.61242	0.000808323	0.283688	0.0685243	0
3.61181	0.000826009	0.317063	0.0726153	0
3.61324	0.000874713	0.600751	0.0995477	0
3.61282	0.000862748	0.367126	0.07807	0
3.61203	0.000818857	0.367126	0.07807	0
3.61188	0.000825879	0.333751	0.0743199	0
3.61123	0.000839404	0.350438	0.0760245	0
3.61186	0.0008554	0.367126	0.07807	0
3.61258	0.000846427	0.317063	0.0726153	0
3.61176	0.000839469	0.350438	0.0760245	0
3.61237	0.000850719	0.350438	0.0760245	0
3.61272	0.000868731	0.400501	0.0814791	0
3.61217	0.000878419	0.400501	0.0814791	0
3.6125	0.000830561	0.267	0.0664788	0
3.61316	0.000871201	0.450563	0.086252	0
3.61294	0.000860928	0.283688	0.0685243	0
3.61133	0.00082692	0.367126	0.07807	0
3.61197	0.000822303	0.233625	0.0623878	0
3.61279	0.000849483	0.400501	0.0814791	0
3.61302	0.00085319	0.300375	0.0705698	0
3.61249	0.000848963	0.417188	0.0831837	0
3.6111	0.00084129	0.250313	0.0644333	0
3.61152	0.000809558	0.333751	0.0743199	0
3.61242	0.000811509	0.317063	0.0726153	0
3.61176	0.000828415	0.333751	0.0743199	0
3.61215	0.000826204	0.300375	0.0705698	0
3.61272	0.000850589	0.383813	0.0797746	0
3.61231	0.000831862	0.216938	0.0600014	0
3.61288	0.000816971	0.383813	0.0797746	0
3.61365	0.000860928	0.417188	0.086252	0
3.61306	0.00084116	0.417188	0.0831837	0
3.61155	0.000819767	0.166875	0.0525012	0
3.61202	0.000834658	0.267	0.0664788	0
3.61371	0.000862033	0.467251	0.0910248	0
3.61352	0.000875688	0.383813	0.0797746	0
3.61269	0.000830236	0.317063	0.0726153	0
3.61269	0.000848703	0.317063	0.0726153	0
3.61451	0.000862423	0.534001	0.0937522	0
3.61386	0.000863138	0.283688	0.0685243	0
3.61219	0.000823863	0.300375	0.0705698	0
3.61406	0.000851239	0.467251	0.0910248	0
3.61473	0.000861968	0.267	0.0664788	0
3.6126	0.000811379	0.283688	0.0685243	0
3.61306	0.000821588	0.333751	0.0743199	0
3.61362	0.00081346	0.20025	0.057615	0
3.61296	0.000852539	0.350438	0.0760245	0
3.61396	0.00084155	0.267	0.0664788	0
3.61345	0.000843501	0.350438	0.0760245	0
3.61399	0.00085501	0.350438	0.0760245	0
3.61339	0.000810924	0.317063	0.0726153	0
3.61312	0.000800325	0.250313	0.0644333	0
3.61261	0.000852019	0.283688	0.0685243	0
3.61413	0.000853905	0.467251	0.0879566	0
3.61413	0.000811509	0.283688	0.0685243	0
3.61263	0.000817426	0.20025	0.057615	0
3.6142	0.00081359	0.233625	0.0623878	0
3.61388	0.000831016	0.267	0.0664788	0
3.61476	0.000851759	0.367126	0.07807	0
3.61457	0.000845777	0.383813	0.0797746	0
3.61413	0.000808843	0.216938	0.0600014	0
3.61357	0.00080039	0.283688	0.0685243	0
3.61403	0.000832382	0.350438	0.0760245	0
3.61537	0.000873607	0.433876	0.0845474	0
3.61522	0.000869901	0.417188	0.0831837	0
3.61459	0.000834072	0.350438	0.0760245	0
3.61436	0.000829781	0.383813	0.0797746	0
3.61413	0.000824384	0.267	0.0664788	0
3.61386	0.000844411	0.267	0.0664788	0
3.61428	0.000846817	0.383813	0.0797746	0
3.61478	0.000846492	0.383813	0.0797746	0
3.61489	0.000834853	0.350438	0.0760245	0
3.61518	0.000838364	0.283688	0.0685243	0
3.61423	0.000827245	0.350438	0.0760245	0
3.61419	0.000825619	0.216938	0.0600014	0
3.6147	0.000812679	0.267	0.0664788	0
3.61448	0.000818922	0.250313	0.0644333	0
3.61439	0.000804161	0.333751	0.0743199	0
3.61474	0.000847467	0.400501	0.0814791	0
3.61517	0.00084142	0.216938	0.0600014	0
3.61407	0.000816581	0.283688	0.0685243	0
3.61537	0.000838299	0.333751	0.0743199	0
3.61657	0.000842396	0.283688	0.0685243	0
3.6147	0.00084025	0.267	0.0664788	0
3.61357	0.000804421	0.267	0.0664788	0
3.61525	0.00081502	0.283688	0.0685243	0
3.61566	0.00082783	0.333751	0.0743199	0
3.61572	0.000812939	0.417188	0.0831837	0
3.61549	0.000806437	0.150188	0.0501148	0
3.6148	0.000811964	0.417188	0.0831837	0
3.61642	0.000835178	0.250313	0.0644333	0
3.61623	0.000834658	0.300375	0.0705698	0
3.61542	0.000839534	0.350438	0.0760245	0
3.61565	0.000818076	0.283688	0.0685243	0
3.61625	0.00082783	0.383813	0.0797746	0
3.61569	0.000805722	0.233625	0.0623878	0
3.61527	0.000816191	0.20025	0.057615	0
3.61581	0.000823928	0.467251	0.0879566	0
3.61734	0.000838429	0.267	0.0664788	0
3.6166	0.000853905	0.417188	0.0831837	0
3.61658	0.000856116	0.267	0.0664788	0
3.61691	0.000821913	0.250313	0.0644333	0
3.61634	0.000868861	0.367126	0.07807	0
3.61609	0.000816581	0.300375	0.0705698	0
3.61653	0.000820417	0.467251	0.0879566	0
3.6161	0.000833552	0.183563	0.0552285	0
3.61453	0.000813655	0.267	0.0705698	0
3.61666	0.000827245	0.333751	0.0743199	0
3.61683	0.000815475	0.300375	0.0743199	0
3.61667	0.000837779	0.383813	0.0797746	0
3.61676	0.000845387	0.350438	0.0760245	0
3.61733	0.00082718	0.317063	0.0726153	0
3.6168	0.000833032	0.283688	0.0685243	0
3.61727	0.000811899	0.166875	0.0525012	0
3.61736	0.000821002	0.233625	0.0623878	0
3.61789	0.000807932	0.300375	0.0705698	0
3.61746	0.00081476	0.317063	0.0726153	0
3.61738	0.000828415	0.333751	0.0743199	0
3.61751	0.00082822	0.317063	0.0726153	0
3.61585	0.000823278	0.233625	0.0623878	0
3.61665	0.000821328	0.267	0.0664788	0
3.61798	0.000821783	0.250313	0.0644333	0
3.61619	0.000806957	0.267	0.0664788	0
3.6158	0.00082718	0.267	0.0664788	0
3.61702	0.00084181	0.300375	0.0705698	0
3.6174	0.000833942	0.283688	0.0685243	0
3.61701	0.000816711	0.150188	0.0501148	0
3.61878	0.000822173	0.350438	0.0760245	0
3.61855	0.000855986	0.317063	0.0726153	0
3.61714	0.000823538	0.300375	0.0705698	0
3.61697	0.00078914	0.183563	0.0552285	0
3.61686	0.000797008	0.166875	0.0525012	0
3.61683	0.000785564	0.317063	0.0726153	0
3.61738	0.00081385	0.183563	0.0552285	0
3.61866	0.00085475	0.417188	0.0831837	0
3.61871	0.000824774	0.233625	0.0623878	0
3.61797	0.000793757	0.300375	0.0705698	0
3.61705	0.000812354	0.267	0.0664788	0
3.618	0.000811379	0.250313	0.0644333	0
3.61756	0.00080156	0.116813	0.0439783	0
3.61741	0.000812419	0.267	0.0664788	0
3.61915	0.000793757	0.283688	0.0685243	0
3.61855	0.000819572	0.267	0.0664788	0
3.6186	0.000807022	0.283688	0.0685243	0
3.6188	0.000799739	0.267	0.0664788	0
3.61859	0.000821653	0.20025	0.057615	0
3.61787	0.000789075	0.216938	0.0600014	0
3.61821	0.000797528	0.20025	0.057615	0
3.61919	0.000796618	0.250313	0.0644333	0
3.61969	0.000833942	0.317063	0.0726153	0
3.6193	0.000821718	0.300375	0.0705698	0
3.6193	0.000845387	0.300375	0.0705698	0
3.61966	0.000836933	0.267	0.0664788	0
3.61882	0.000791741	0.216938	0.0600014	0
3.6184	0.000791611	0.267	0.0664788	0
3.61957	0.000807672	0.317063	0.0726153	0
3.6199	0.000817361	0.267	0.0664788	0
3.61863	0.000829456	0.233625	0.0623878	0
3.61862	0.00082874	0.267	0.0664788	0
3.61912	0.000825879	0.350438	0.0760245	0
3.61896	0.000818922	0.216938	0.0600014	0
3.61968	0.000819117	0.333751	0.0743199	0
3.6198	0.000819182	0.250313	0.0644333	0
3.61918	0.000816126	0.233625	0.0623878	0
3.61894	0.000801365	0.183563	0.0552285	0
3.62062	0.000817556	0.150188	0.0501148	0
3.62035	0.000790246	0.350438	0.0760245	0
3.61937	0.000799089	0.1335	0.0470465	0
3.61888	0.000765406	0.183563	0.0552285	0
3.61982	0.000785694	0.216938	0.0600014	0
3.62141	0.000822433	0.250313	0.0644333	0
3.61954	0.000788295	0.116813	0.0439783	0
3.61999	0.000800194	0.283688	0.0685243	0
3.6216	0.000824189	0.317063	0.0726153	0
3.62112	0.000805657	0.216938	0.0600014	0
3.61927	0.000793627	0.183563	0.0552285	0
3.62024	0.000821262	0.183563	0.0552285	0
3.61956	0.000805982	0.166875	0.0525012	0
3.62069	0.000838104	0.417188	0.0831837	0
3.62131	0.000816321	0.20025	0.057615	0
3.62045	0.000804551	0.150188	0.0501148	0
3.62076	0.000799804	0.250313	0.0644333	0
3.62075	0.000792196	0.150188	0.0501148	0
3.62064	0.000790441	0.20025	0.057615	0
3.62138	0.000809233	0.150188	0.0501148	0
3.62167	0.000811639	0.267	0.0664788	0
3.62111	0.000838039	0.333751	0.0743199	0
3.62204	0.000812744	0.283688	0.0685243	0
3.62124	0.000819962	0.20025	0.057615	0
3.62183	0.000822173	0.20025	0.057615	0
3.62168	0.000820157	0.317063	0.0726153	0
3.62199	0.000842721	0.233625	0.0664788	0
3.6218	0.000825684	0.267	0.0664788	0
3.62067	0.000782573	0.250313	0.0644333	0
3.62071	0.00081385	0.267	0.0664788	0
3.62196	0.000808193	0.166875	0.0525012	0
3.62095	0.000788815	0.216938	0.0600014	0
3.62104	0.000822173	0.267	0.0664788	0
3.62211	0.000819182	0.267	0.0664788	0
3.62056	0.000796423	0.20025	0.057615	0
3.62154	0.00082705	0.216938	0.0600014	0
3.62197	0.000802405	0.150188	0.0501148	0
3.62161	0.000804291	0.300375	0.0705698	0
3.62267	0.000807607	0.250313	0.0644333	0
3.62219	0.000799349	0.20025	0.057615	0
3.62329	0.000820872	0.283688	0.0685243	0
3.62237	0.000793562	0.250313	0.0644333	0
3.62288	0.00081593	0.367126	0.07807	0
3.62254	0.000821067	0.267	0.0664788	0
3.62267	0.000824189	0.216938	0.0644333	0
3.62237	0.000799024	0.0667501	0.0334099	0
3.62181	0.000786799	0.1335	0.0470465	0
3.62251	0.000789465	0.216938	0.0600014	0
3.62302	0.000821523	0.20025	0.0623878	0
3.62382	0.000812029	0.183563	0.0552285	0
3.62318	0.000808323	0.20025	0.057615	0
3.62383	0.000781857	0.150188	0.0501148	0
3.62238	0.000796748	0.116813	0.0439783	0
3.62331	0.00078888	0.250313	0.0644333	0
3.62376	0.000807867	0.233625	0.0664788	0
3.62256	0.000820807	0.20025	0.057615	0
3.62262	0.000804291	0.250313	0.0644333	0
3.62414	0.000793627	0.20025	0.057615	0
3.62356	0.000792391	0.183563	0.0552285	0
3.62184	0.00080091	0.216938	0.0600014	0
3.62229	0.000794212	0.183563	0.0552285	0
3.62404	0.000822173	0.283688	0.0685243	0
3.6251	0.000808323	0.283688	0.0685243	0
3.62391	0.000792196	0.216938	0.0600014	0
3.62382	0.000786084	0.216938	0.0600014	0
3.62414	0.00080182	0.233625	0.0623878	0
3.62489	0.000799284	0.250313	0.0644333	0
3.62478	0.000789921	0.317063	0.0726153	0
3.62415	0.000834202	0.250313	0.0644333	0
3.62371	0.000804096	0.20025	0.057615	0
3.62387	0.000804486	0.216938	0.0600014	0
3.62425	0.000809493	0.216938	0.0600014	0
3.62444	0.000802015	0.20025	0.057615	0
3.62523	0.000791156	0.166875	0.0525012	0
3.62486	0.000795708	0.233625	0.0623878	0
3.62386	0.000783808	0.150188	0.0501148	0
3.62454	0.000811899	0.183563	0.0552285	0
3.62541	0.00078966	0.233625	0.0623878	0
3.62489	0.00078901	0.166875	0.0525012	0
3.62524	0.000803316	0.317063	0.0726153	0
3.62649	0.000814955	0.317063	0.0726153	0
3.62676	0.000830041	0.267	0.0664788	0
3.62591	0.000785759	0.250313	0.0644333	0
3.62513	0.000817231	0.233625	0.0623878	0
3.62514	0.000780427	0.216938	0.0600014	0
3.62547	0.00078914	0.183563	0.0552285	0
3.6267	0.000804941	0.216938	0.0600014	0
3.62688	0.000790961	0.333751	0.0743199	0
3.62556	0.000787645	0.300375	0.0705698	0
3.62593	0.000801885	0.233625	0.0623878	0
3.62662	0.000823408	0.216938	0.0600014	0
3.62548	0.000806047	0.150188	0.0501148	0
3.62606	0.00077542	0.233625	0.0623878	0
3.62663	0.000801235	0.283688	0.0685243	0
3.62605	0.000795513	0.166875	0.0525012	0
3.62515	0.000780752	0.150188	0.0501148	0
3.62548	0.000788815	0.267	0.0664788	0
3.6267	0.000803316	0.267	0.0664788	0
3.62656	0.000794147	0.166875	0.0525012	0
3.62592	0.000794797	0.20025	0.057615	0
3.6266	0.000786084	0.150188	0.0501148	0
3.62723	0.000803121	0.267	0.0664788	0
3.62755	0.0008277	0.317063	0.0726153	0
3.62615	0.000792782	0.166875	0.0525012	0
3.62543	0.000768462	0.150188	0.0501148	0
3.62672	0.000772234	0.1335	0.0470465	0
3.62676	0.000783288	0.100125	0.04091	0
3.62641	0.000770348	0.267	0.0664788	0
3.62824	0.000802145	0.267	0.0664788	0
3.62791	0.000801885	0.166875	0.0525012	0
3.62646	0.000793757	0.20025	0.057615	0
3.62762	0.000793172	0.233625	0.0623878	0
3.6282	0.000787905	0.267	0.0664788	0
3.62787	0.000798504	0.300375	0.0705698	0
3.62801	0.000798699	0.216938	0.0600014	0
3.62791	0.000807672	0.216938	0.0600014	0
3.62691	0.000790116	0.166875	0.0525012	0
3.62695	0.000780947	0.150188	0.0501148	0
3.62793	0.000796293	0.267	0.0664788	0
3.62743	0.000786084	0.183563	0.0552285	0
3.62692	0.000817426	0.283688	0.0685243	0
3.62681	0.000760854	0.150188	0.0501148	0
3.62732	0.00076196	0.116813	0.0439783	0
3.62754	0.000765991	0.150188	0.0501148	0
3.62842	0.000774445	0.20025	0.057615	0
3.63017	0.00080117	0.317063	0.0726153	0
3.62997	0.000800325	0.233625	0.0623878	0
3.62935	0.000782833	0.233625	0.0623878	0
3.62905	0.00077633	0.150188	0.0501148	0
3.62977	0.000808713	0.367126	0.07807	0
3.62852	0.000797138	0.166875	0.0525012	0
3.62878	0.000792326	0.0834376	0.0371599	0
3.62842	0.00080234	0.150188	0.0501148	0
3.62859	0.000773014	0.183563	0.0552285	0
3.62985	0.000794277	0.1335	0.0470465	0
3.62906	0.000786604	0.150188	0.0501148	0
3.62845	0.000786279	0.233625	0.0623878	0
3.62952	0.000799414	0.166875	0.0525012	0
3.62887	0.000794667	0.150188	0.0501148	0
3.62898	0.00080039	0.20025	0.057615	0
3.63009	0.000797854	0.233625	0.0623878	0
3.62935	0.000793757	0.233625	0.0623878	0
3.62966	0.000808973	0.183563	0.0552285	0
3.62979	0.000796163	0.20025	0.057615	0
3.62978	0.000804421	0.0834376	0.0371599	0
3.63031	0.000794147	0.233625	0.0623878	0
3.62917	0.00078862	0.183563	0.0552285	0
3.62978	0.000798439	0.1335	0.0470465	0
3.63034	0.000797203	0.20025	0.057615	0
3.63078	0.000779907	0.183563	0.0552285	0
3.63058	0.000803511	0.166875	0.0525012	0
3.62946	0.000777501	0.216938	0.0600014	0
3.62993	0.000812419	0.250313	0.0644333	0
3.63043	0.000809298	0.20025	0.057615	0
3.62999	0.000780492	0.116813	0.0439783	0
3.63097	0.000780167	0.20025	0.057615	0
3.63085	0.000767877	0.20025	0.057615	0
3.63072	0.000757668	0.183563	0.0552285	0
3.63101	0.000793497	0.150188	0.0501148	0
3.63186	0.000798829	0.150188	0.0501148	0
3.63088	0.000778866	0.166875	0.0525012	0
3.63179	0.000772754	0.166875	0.0525012	0
3.63202	0.000783613	0.150188	0.0501148	0
3.63159	0.000785369	0.166875	0.0525012	0
3.63175	0.000799219	0.233625	0.0623878	0
3.63231	0.000799349	0.1335	0.0470465	0
3.63148	0.000768853	0.166875	0.0525012	0
3.63221	0.000780492	0.150188	0.0501148	0
3.63365	0.000817816	0.383813	0.0797746	0
3.63332	0.000812289	0.183563	0.0552285	0
3.63183	0.000808062	0.350438	0.0760245	0
3.63214	0.000808908	0.166875	0.0525012	0
3.63184	0.000816126	0.150188	0.0501148	0
3.63132	0.000771844	0.166875	0.0525012	0
3.63105	0.000786409	0.233625	0.0623878	0
3.63305	0.000799284	0.1335	0.0470465	0
3.63299	0.000757343	0.116813	0.0439783	0
3.6318	0.000783938	0.300375	0.0705698	0
3.63206	0.000762415	0.116813	0.0439783	0
3.63228	0.000785564	0.150188	0.0501148	0
3.63234	0.000824449	0.350438	0.0760245	0
3.63274	0.000794667	0.20025	0.057615	0
3.63278	0.000782573	0.250313	0.0644333	0
3.63353	0.000780622	0.250313	0.0644333	0
3.63313	0.000779712	0.166875	0.0525012	0
3.63219	0.000789791	0.116813	0.0439783	0
3.6333	0.00077568	0.250313	0.0644333	0
3.63425	0.000780947	0.183563	0.0552285	0
3.63321	0.00077581	0.20025	0.057615	0
3.63256	0.000796748	0.20025	0.0623878	0
3.63287	0.000779972	0.216938	0.0600014	0
3.63342	0.000791026	0.166875	0.0525012	0
3.63348	0.000797008	0.166875	0.0525012	0
3.63346	0.000787645	0.183563	0.0552285	0
3.63373	0.000799999	0.150188	0.0501148	0
3.63378	0.000803511	0.20025	0.057615	0
3.63408	0.000807867	0.20025	0.057615	0
3.63465	0.00080286	0.183563	0.0552285	0
3.63274	0.000773534	0.183563	0.0552285	0
3.63345	0.000778801	0.150188	0.0501148	0
3.63429	0.000791091	0.116813	0.0439783	0
3.63375	0.000791741	0.20025	0.057615	0
3.63359	0.000766577	0.116813	0.0439783	0
3.63264	0.000773144	0.116813	0.0439783	0
3.6324	0.000760074	0.0834376	0.0371599	0
3.63418	0.000768657	0.166875	0.0525012	0
3.63485	0.000782638	0.250313	0.0644333	0
3.63401	0.000751231	0.0667501	0.0334099	0
3.6351	0.000778346	0.20025	0.057615	0
3.63496	0.000791936	0.233625	0.0623878	0
3.63501	0.000772169	0.166875	0.0525012	0
3.63553	0.000768983	0.233625	0.0623878	0
3.63563	0.000779256	0.116813	0.0439783	0
3.63501	0.000789595	0.150188	0.0501148	0
3.63443	0.000775615	0.116813	0.0439783	0
3.63548	0.000798504	0.183563	0.0552285	0
3.63556	0.000755392	0.166875	0.0525012	0
3.63552	0.000789075	0.233625	0.0623878	0
3.63487	0.000779061	0.100125	0.04091	0
3.63515	0.000788425	0.166875	0.0525012	0
3.63638	0.000787255	0.183563	0.0552285	0
3.63499	0.000783808	0.183563	0.0552285	0
3.63638	0.000776916	0.150188	0.0501148	0
3.63644	0.000791871	0.150188	0.0501148	0
3.63568	0.00077503	0.116813	0.0439783	0
3.63586	0.000778411	0.116813	0.0439783	0
3.63765	0.000805136	0.216938	0.0600014	0
3.63624	0.00078953	0.1335	0.0470465	0
3.6357	0.000785044	0.183563	0.0552285	0
3.63661	0.000774965	0.1335	0.0470465	0
3.63628	0.000785564	0.267	0.0664788	0
3.63705	0.00077477	0.150188	0.0501148	0
3.63671	0.000791286	0.183563	0.0552285	0
3.63712	0.000799739	0.283688	0.0685243	0
3.6375	0.000790766	0.283688	0.0685243	0
3.63733	0.000825619	0.216938	0.0600014	0
3.6369	0.00080104	0.233625	0.0664788	0
3.63697	0.000766512	0.100125	0.04091	0
3.63679	0.00076209	0.100125	0.04091	0
3.6366	0.000762545	0.166875	0.0525012	0
3.63723	0.000773599	0.100125	0.04091	0
3.63756	0.00078953	0.267	0.0664788	0
3.63715	0.000791286	0.20025	0.057615	0
3.63777	0.000801495	0.233625	0.0623878	0
3.63756	0.000812029	0.183563	0.0552285	0
3.63834	0.000804031	0.233625	0.0623878	0
3.63905	0.000816126	0.183563	0.0552285	0
3.638	0.000776005	0.150188	0.0501148	0
3.63818	0.000780947	0.183563	0.0552285	0
3.63802	0.000771714	0.0834376	0.0371599	0
3.6382	0.000798699	0.183563	0.0600014	0
3.63879	0.000784654	0.166875	0.0525012	0
3.63869	0.000770023	0.0667501	0.0334099	0
3.638	0.000802665	0.283688	0.0726153	0
3.63822	0.000789335	0.166875	0.0525012	0
3.63823	0.00077581	0.183563	0.0552285	0
3.63858	0.000765796	0.150188	0.0501148	0
3.63952	0.000776265	0.0834376	0.0371599	0
3.63909	0.000757928	0.20025	0.057615	0
3.63912	0.000791546	0.150188	0.0501148	0
3.63921	0.000791156	0.150188	0.0501148	0
3.63956	0.000789465	0.116813	0.0439783	0
3.63893	0.000777241	0.150188	0.0501148	0
3.63867	0.000759684	0.166875	0.0525012	0
3.63884	0.000774055	0.166875	0.0525012	0
3.6396	0.000791221	0.166875	0.0525012	0
3.63918	0.00077516	0.150188	0.0501148	0
3.63885	0.00076105	0.20025	0.057615	0
3.63977	0.000760269	0.116813	0.0439783	0
3.64007	0.000798764	0.183563	0.0552285	0
3.64021	0.000775225	0.1335	0.0470465	0
3.64044	0.000799804	0.216938	0.0644333	0
3.64129	0.000791611	0.0834376	0.0371599	0
3.63992	0.000767877	0.0834376	0.0371599	0
3.64062	0.000799869	0.216938	0.0600014	0
3.64157	0.000808127	0.1335	0.0470465	0
3.64087	0.00078797	0.233625	0.0623878	0
3.64038	0.00078836	0.233625	0.0623878	0
3.6408	0.000784328	0.0333751	0.0235233	0
3.6409	0.000799414	0.300375	0.0705698	0
3.64152	0.000786799	0.1335	0.0470465	0
3.64063	0.000791676	0.166875	0.0525012	0
3.64123	0.00078823	0.1335	0.0470465	0
3.64178	0.000782378	0.150188	0.0501148	0
3.64068	0.000758969	0.1335	0.0470465	0
3.64065	0.000771519	0.233625	0.0623878	0
3.64121	0.00074863	0.0834376	0.0371599	0
3.64157	0.000786409	0.283688	0.0685243	0
3.64158	0.000802275	0.166875	0.0525012	0
3.64131	0.000759749	0.100125	0.04091	0
3.64097	0.000768462	0.166875	0.0525012	0
3.6414	0.000756498	0.116813	0.0439783	0
3.64154	0.000768397	0.183563	0.0552285	0
3.64162	0.000770673	0.1335	0.0470465	0
3.64207	0.000777631	0.1335	0.0470465	0
3.64223	0.000789205	0.150188	0.0501148	0
3.64309	0.000777371	0.166875	0.0525012	0
3.64248	0.000777631	0.1335	0.0470465	0
3.64213	0.000769178	0.116813	0.0439783	0
3.643	0.000773209	0.183563	0.0552285	0
3.64191	0.000788295	0.150188	0.0501148	0
3.64254	0.00078849	0.216938	0.0600014	0
3.64386	0.000766577	0.183563	0.0552285	0
3.64303	0.000764951	0.183563	0.0552285	0
3.64372	0.000794082	0.183563	0.0552285	0
3.64404	0.000788295	0.216938	0.0600014	0
3.64234	0.000792391	0.1335	0.0470465	0
3.64249	0.000752336	0.0667501	0.0334099	0
3.64434	0.000766187	0.166875	0.0525012	0
3.64239	0.000777501	0.150188	0.0501148	0
3.64277	0.000782898	0.150188	0.0501148	0
3.64378	0.000773014	0.1335	0.0470465	0
3.64294	0.000771974	0.166875	0.0525012	0
3.64292	0.00077477	0.0667501	0.0334099	0
3.64366	0.000760659	0.0667501	0.0334099	0
3.64351	0.00077555	0.183563	0.0552285	0
3.64407	0.000785629	0.20025	0.057615	0
3.64431	0.000772039	0.166875	0.0525012	0
3.64466	0.000768332	0.216938	0.0600014	0
3.64486	0.000788815	0.233625	0.0623878	0
3.64495	0.000759944	0.116813	0.0439783	0
3.64489	0.000782443	0.216938	0.0600014	0
3.64503	0.000778671	0.166875	0.0525012	0
3.64459	0.000788295	0.183563	0.0552285	0
3.64407	0.000803771	0.216938	0.0644333	0
3.645	0.000779517	0.116813	0.0439783	0
3.64468	0.000759229	0.116813	0.0439783	0
3.64465	0.000754742	0.150188	0.0501148	0
3.6462	0.000778411	0.166875	0.0525012	0
3.64525	0.000744208	0.0834376	0.0371599	0
3.64457	0.000771844	0.116813	0.0439783	0
3.64585	0.000788815	0.166875	0.0525012	0
3.6461	0.000778606	0.20025	0.057615	0
3.64492	0.000768527	0.116813	0.0439783	0
3.64454	0.000781272	0.183563	0.0552285	0
3.64532	0.000781662	0.20025	0.057615	0
3.64578	0.000776395	0.116813	0.0439783	0
3.64605	0.000784133	0.300375	0.0705698	0
3.64542	0.000798959	0.233625	0.0623878	0
3.64519	0.000780947	0.100125	0.04091	0
3.64565	0.000756043	0.116813	0.0439783	0
3.64628	0.000767292	0.116813	0.0439783	0
3.64554	0.000797398	0.183563	0.0552285	0
3.64562	0.000796098	0.1335	0.0470465	0
3.64636	0.000768267	0.216938	0.0600014	0
3.64564	0.000763065	0.150188	0.0501148	0
3.64617	0.000745704	0.100125	0.04091	0
3.64612	0.000751816	0.0667501	0.0334099	0
3.64637	0.000768788	0.150188	0.0501148	0
3.64685	0.000753897	0.1335	0.0470465	0
3.64675	0.000771844	0.1335	0.0470465	0
3.64594	0.000786474	0.150188	0.0501148	0
3.64666	0.000770088	0.20025	0.057615	0
3.64675	0.000757798	0.1335	0.0470465	0
3.6474	0.000771714	0.20025	0.057615	0
3.64702	0.000786019	0.20025	0.057615	0
3.64696	0.000757538	0.150188	0.0501148	0
3.6477	0.000783288	0.20025	0.057615	0
3.64735	0.000769893	0.100125	0.04091	0
3.64668	0.000756108	0.0834376	0.0371599	0
3.64723	0.00078888	0.183563	0.0552285	0
3.64842	0.000787775	0.166875	0.0525012	0
3.64739	0.000793432	0.183563	0.0552285	0
3.64856	0.000801625	0.20025	0.057615	0
3.6487	0.000784524	0.116813	0.0439783	0
3.64861	0.000771909	0.116813	0.0439783	0
3.64761	0.000755132	0.1335	0.0470465	0
3.64896	0.00076222	0.183563	0.0552285	0
3.64897	0.000770803	0.1335	0.0470465	0
3.64764	0.000752011	0.116813	0.0439783	0
3.64851	0.000764886	0.0667501	0.0334099	0
3.64976	0.000767877	0.1335	0.0470465	0
3.6488	0.000779126	0.150188	0.0501148	0
3.64832	0.000765146	0.20025	0.057615	0
3.65004	0.000778541	0.166875	0.0525012	0
3.64863	0.000777761	0.150188	0.0501148	0
3.64775	0.000755327	0.100125	0.04091	0
3.64957	0.000745899	0.116813	0.0439783	0
3.64915	0.000781142	0.166875	0.0525012	0
3.64936	0.000755197	0.166875	0.0525012	0
3.65025	0.000757408	0.0834376	0.0371599	0
3.64946	0.000759879	0.166875	0.0525012	0
3.64888	0.000764756	0.116813	0.0439783	0
3.65004	0.000773664	0.1335	0.0470465	0
3.65054	0.00078875	0.150188	0.0552285	0
3.64882	0.000760204	0.100125	0.04091	0
3.64919	0.000760854	0.1335	0.0470465	0
3.6495	0.000770153	0.116813	0.0439783	0
3.64963	0.000786019	0.150188	0.0501148	0
3.65058	0.000758123	0.116813	0.0501148	0
3.65045	0.000790571	0.216938	0.0600014	0
3.65055	0.000780687	0.166875	0.0525012	0
3.64952	0.000760334	0.0500626	0.0289779	0
3.6502	0.000783938	0.183563	0.0552285	0
3.65121	0.000779517	0.0834376	0.0371599	0
3.65039	0.000775225	0.1335	0.0470465	0
3.65069	0.000763911	0.150188	0.0501148	0
3.65118	0.000780167	0.116813	0.0439783	0
3.65035	0.000779191	0.100125	0.04091	0
3.65029	0.000786994	0.166875	0.0525012	0
3.65087	0.000767487	0.1335	0.0470465	0
3.6512	0.000776916	0.1335	0.0470465	0
3.65108	0.000749215	0.0834376	0.0371599	0
3.65173	0.000771454	0.150188	0.0501148	0
0	0	0	0	0
0	0	0	0	0
0	0	0	0	0
0	0	0	0	0
0	0	0	0	0
0	0	0	0	0
0	0	0	0	0
0	0	0	0	0
0	0	0	0	0
0	0	0	0	0
0	0	0	0	0
0	0	0	0	0
0	0	0	0	0
0	0	0	0	0
0	0	0	0	0
0	0	0	0	0
0	0	0	0	0
0	0	0	0	0
0	0	0	0	0
0	0	0	0	0
0	0	0	0	0
0	0	0	0	0
0	0	0	0	0
0	0	0	0	0
0	0	0	0	0
0	0	0	0	0
0	0	0	0	0
0	0	0	0	0
0	0	0	0	0
0	0	0	0	0
0	0	0	0	0
0	0	0	0	0
0	0	0	0	0
0	0	0	0	0
0	0	0	0	0
0	0	0	0	0
0	0	0	0	0
0	0	0	0	0
0	0	0	0	0
0	0	0	0	0
0	0	0	0	0
0	0	0	0	0
0	0	0	0	0
0	0	0	0	0
0	0	0	0	0
0	0	0	0	0
0	0	0	0	0
0	0	0	0	0
0	0	0	0	0
0	0	0	0	0
0	0	0	0	0
0	0	0	0	0
0	0	0	0	0
0	0	0	0	0
0	0	0	0	0
0	0	0	0	0
0	0	0	0	0
0	0	0	0	0
0	0	0	0	0
0	0	0	0	0
0	0	0	0	0
0	0	0	0	0
0	0	0	0	0
0	0	0	0	0
0	0	0	0	0
0	0	0	0	0
0	0	0	0	0
0	0	0	0	0
0	0	0	0	0
0	0	0	0	0
0	0	0	0	0
0	0	0	0	0
0	0	0	0	0
0	0	0	0	0
0	0	0	0	0
0	0	0	0	0
0	0	0	0	0
0	0	0	0	0
0	0	0	0	0
0	0	0	0	0
0	0	0	0	0
0	0	0	0	0
0	0	0	0	0
0	0	0	0	0
0	0	0	0	0
0	0	0	0	0
0	0	0	0	0
0	0	0	0	0
0	0	0	0	0
0	0	0	0	0
0	0	0	0	0
0	0	0	0	0
0	0	0	0	0
0	0	0	0	0
0	0	0	0	0
0	0	0	0	0
0	0	0	0	0
0	0	0	0	0
0	0	0	0	0
0	0	0	0	0
0	0	0	0	0
0	0	0	0	0
0	0	0	0	0
0	0	0	0	0
0	0	0	0	0
0	0	0	0	0
0	0	0	0	0
0	0	0	0	0
0	0	0	0	0
0	0	0	0	0
0	0	0	0	0
0	0	0	0	0
0	0	0	0	0
0	0	0	0	0
0	0	0	0	0
0	0	0	0	0
0	0	0	0	0
0	0	0	0	0
0	0	0	0	0
0	0	0	0	0
0	0	0	0	0
0	0	0	0	0
0	0	0	0	0
0	0	0	0	0
0	0	0	0	0
0	0	0	0	0
0	0	0	0	0
0	0	0	0	0
0	0	0	0	0
0	0	0	0	0
0	0	0	0	0
0	0	0	0	0
0	0	0	0	0
0	0	0	0	0
0	0	0	0	0
0	0	0	0	0
0	0	0	0	0
0	0	0	0	0
0	0	0	0	0
0	0	0	0	0
0	0	0	0	0
0	0	0	0	0
0	0	0	0	0
0	0	0	0	0
0	0	0	0	0
0	0	0	0	0
0	0	0	0	0
0	0	0	0	0
0	0	0	0	0
0	0	0	0	0
0	0	0	0	0
0	0	0	0	0
0	0	0	0	0
0	0	0	0	0
0	0	0	0	0
0	0	0	0	0
0	0	0	0	0
0	0	0	0	0
0	0	0	0	0
0	0	0	0	0
0	0	0	0	0
0	0	0	0	0
0	0	0	0	0
0	0	0	0	0
0	0	0	0	0
0	0	0	0	0
0	0	0	0	0
0	0	0	0	0
0	0	0	0	0
0	0	0	0	0
0	0	0	0	0
0	0	0	0	0
0	0	0	0	0
0	0	0	0	0
0	0	0	0	0
0	0	0	0	0
0	0	0	0	0
0	0	0	0	0
0	0	0	0	0
0	0	0	0	0
0	0	0	0	0
0	0	0	0	0
0	0	0	0	0
0	0	0	0	0
0	0	0	0	0
0	0	0	0	0
0	0	0	0	0
0	0	0	0	0
0	0	0	0	0
0	0	0	0	0
0	0	0	0	0
0	0	0	0	0
0	0	0	0	0
0	0	0	0	0
0	0	0	0	0
0	0	0	0	0
0	0	0	0	0
0	0	0	0	0
0	0	0	0	0
0	0	0	0	0
0	0	0	0	0
0	0	0	0	0
0	0	0	0	0
0	0	0	0	0
0	0	0	0	0
0	0	0	0	0
0	0	0	0	0
0	0	0	0	0
0	0	0	0	0
0	0	0	0	0
0	0	0	0	0
0	0	0	0	0
0	0	0	0	0
0	0	0	0	0
0	0	0	0	0
0	0	0	0	0
0	0	0	0	0
0	0	0	0	0
0	0	0	0	0
0	0	0	0	0
0	0	0	0	0
0	0	0	0	0
0	0	0	0	0
0	0	0	0	0
0	0	0	0	0
0	0	0	0	0
0	0	0	0	0
0	0	0	0	0
0	0	0	0	0
0	0	0	0	0
0	0	0	0	0
0	0	0	0	0
0	0	0	0	0
0	0	0	0	0
0	0	0	0	0
0	0	0	0	0
0	0	0	0	0
0	0	0	0	0
0	0	0	0	0
0	0	0	0	0
0	0	0	0	0
0	0	0	0	0
0	0	0	0	0
0	0	0	0	0
0	0	0	0	0
0	0	0	0	0
0	0	0	0	0
0	0	0	0	0
0	0	0	0	0
0	0	0	0	0
0	0	0	0	0
0	0	0	0	0
0	0	0	0	0
0	0	0	0	0
0	0	0	0	0
0	0	0	0	0
0	0	0	0	0
0	0	0	0	0
0	0	0	0	0
0	0	0	0	0
0	0	0	0	0
0	0	0	0	0
0	0	0	0	0
0	0	0	0	0
0	0	0	0	0
0	0	0	0	0
0	0	0	0	0
0	0	0	0	0
0	0	0	0	0
0	0	0	0	0
0	0	0	0	0
0	0	0	0	0
0	0	0	0	0
0	0	0	0	0
0	0	0	0	0
0	0	0	0	0
0	0	0	0	0
0	0	0	0	0
0	0	0	0	0
0	0	0	0	0
0	0	0	0	0
0	0	0	0	0
0	0	0	0	0
0	0	0	0	0
0	0	0	0	0
0	0	0	0	0
0	0	0	0	0
0	0	0	0	0
0	0	0	0	0
0	0	0	0	0
0	0	0	0	0
0	0	0	0	0
0	0	0	0	0
0	0	0	0	0
0	0	0	0	0
0	0	0	0	0
0	0	0	0	0
0	0	0	0	0
0	0	0	0	0
0	0	0	0	0
0	0	0	0	0
0	0	0	0	0
0	0	0	0	0
0	0	0	0	0
0	0	0	0	0
0	0	0	0	0
0	0	0	0	0
0	0	0	0	0
0	0	0	0	0
0	0	0	0	0
0	0	0	0	0
0	0	0	0	0
0	0	0	0	0
0	0	0	0	0
0	0	0	0	0
0	0	0	0	0
0	0	0	0	0
0	0	0	0	0
0	0	0	0	0
0	0	0	0	0
0	0	0	0	0
0	0	0	0	0
0	0	0	0	0
0	0	0	0	0
0	0	0	0	0
0	0	0	0	0
0	0	0	0	0
0	0	0	0	0
0	0	0	0	0
0	0	0	0	0
0	0	0	0	0
0	0	0	0	0
0	0	0	0	0
0	0	0	0	0
0	0	0	0	0
0	0	0	0	0
0	0	0	0	0
0	0	0	0	0
0	0	0	0	0
0	0	0	0	0
0	0	0	0	0
0	0	0	0	0
0	0	0	0	0
0	0	0	0	0
0	0	0	0	0
0	0	0	0	0
0	0	0	0	0
0	0	0	0	0
0	0	0	0	0
0	0	0	0	0
0	0	0	0	0
0	0	0	0	0
0	0	0	0	0
0	0	0	0	0
0	0	0	0	0
0	0	0	0	0
0	0	0	0	0
0	0	0	0	0
0	0	0	0	0
0	0	0	0	0
0	0	0	0	0
0	0	0	0	0
0	0	0	0	0
0	0	0	0	0
0	0	0	0	0
0	0	0	0	0
0	0	0	0	0
0	0	0	0	0
0	0	0	0	0
0	0	0	0	0
0	0	0	0	0
0	0	0	0	0
0	0	0	0	0
0	0	0	0	0
0	0	0	0	0
0	0	0	0	0
0	0	0	0	0
0	0	0	0	0
0	0	0	0	0
0	0	0	0	0
0	0	0	0	0
0	0	0	0	0
0	0	0	0	0
0	0	0	0	0
0	0	0	0	0
0	0	0	0	0
0	0	0	0	0
0	0	0	0	0
0	0	0	0	0
0	0	0	0	0
0	0	0	0	0
0	0	0	0	0
0	0	0	0	0
0	0	0	0	0
0	0	0	0	0
0	0	0	0	0
0	0	0	0	0
0	0	0	0	0
0	0	0	0	0
0	0	0	0	0
