a2610801.050191
Narit-cm 08/01/2026 00:35:01 08/01/2026 01:05:01 0045 0013.384714 0052.542598 00.0 00.0
0002397 0010 0000000 0010 05 0000000 0010 0000000 0010
1 0 1 01600 1 0000 3.75 00000.o 0 0 01 000 16 002397 0.500 BT0
1 2 1 02000 1 0000 3.75 00000.o 0 0 01 000 16 002397 0.500 S2A0
1 1 1 01600 1 0000 3.75 00000.o 0 0 00 000 00 002397 3.1746 BC0
1 3 1 02000 1 0000 3.75 00000.o 0 0 00 000 00 002397 3.1746 S2P0
1 5 0 01600 0 0000 1.00 00000.o 0 0 00 000 00 000000 0.000 OF0
0.000 .o Analog 0 	0.000 .o Analog StErr 0 	0.000 .o Photon Counting 0 	0.000 .o PC StErr 0 	0.000 .o Overflow Info 0 
31.2882	0.175301	175.219	0.868997	0
71.2808	0.404123	195.711	0.872406	0
284.02	2.30135	110.972	1.38003	0
473.771	0.0526879	1.00125	0.129889	0
473.457	0	0	0	0
473.457	0	0.0834376	0.0371599	0
473.457	0	26.9003	0.687289	0
473.457	6.37242E-6	14.9687	0.554331	0
473.457	0	3.45432	0.263529	0
473.457	0	15.436	0.543422	0
473.457	6.37242E-6	46.3413	0.816155	0
473.457	0	98.8903	1.07662	0
473.457	0	141.393	1.0115	0
473.457	0	108.419	1.07491	0
473.457	0	63.3125	0.862861	0
473.457	0	62.5282	0.868656	0
473.457	0	68.4022	0.86627	0
473.457	0	70.6884	0.853315	0
473.457	0	81.1681	0.89252	0
473.457	0	95.486	0.903089	0
473.457	0	111.206	0.902407	0
473.457	0	122.753	0.924908	0
473.457	0	146.3	0.930021	0
473.457	0	166.241	0.925589	0
473.457	0	186.483	0.91468	0
473.457	6.37242E-6	194.443	0.907521	0
473.457	0	200.3	0.882293	0
473.457	0	204.172	0.893202	0
473.457	0	203.02	0.866952	0
473.457	0	204.339	0.887407	0
473.457	0	204.372	0.896952	0
473.457	0	203.705	0.886725	0
473.457	0	204.088	0.900021	0
473.457	0	203.671	0.896952	0
473.457	0	202.219	0.870702	0
473.457	1.27448E-5	200.1	0.886384	0
475.379	0.127692	201.051	0.873088	1
492.03	0.229732	200.584	0.876497	1
499.951	0.0210355	203.521	0.905475	1
500	0	201.452	0.883657	1
500	0	199.049	0.882293	1
499.988	0.00872574	200.818	0.888089	1
498.94	0.0959799	202.503	0.909907	1
486.45	0.365024	203.287	0.887748	1
449.855	0.544786	202.236	0.897975	1
405.947	0.555942	203.605	0.857406	0
364.622	0.561706	201.502	0.872406	0
323.621	0.583762	201.051	0.87752	0
282.879	0.590866	203.221	0.880588	0
243.887	0.592441	203.838	0.873088	0
206.902	0.571192	203.02	0.88877	0
172.87	0.538638	201.969	0.901725	0
142.356	0.49631	201.302	0.874452	0
115.394	0.445616	202.687	0.887407	0
92.2205	0.393529	201.135	0.889452	0
73.1475	0.341615	201.585	0.897293	0
57.8168	0.29057	199.7	0.890475	0
45.3985	0.239445	198.365	0.870361	0
35.5341	0.193135	196.362	0.866611	0
28.0537	0.154976	195.194	0.86252	0
22.3944	0.123824	193.976	0.861156	0
18.1967	0.0979168	193.041	0.860474	0
15.0966	0.076588	189.687	0.857747	0
12.7741	0.0604474	190.204	0.85502	0
11.1334	0.0498681	189.12	0.85127	0
9.88913	0.0419873	186.199	0.853656	0
8.91218	0.0360126	183.346	0.871043	0
8.2573	0.0317949	183.096	0.864224	0
7.77981	0.0299038	183.346	0.857065	0
7.39442	0.0281325	179.391	0.846156	0
7.09026	0.0263268	178.039	0.831837	0
6.73428	0.0254042	176.354	0.844792	0
6.34618	0.0255732	173.817	0.860133	0
6.03293	0.0264951	170.563	0.847519	0
5.72518	0.0261937	169.662	0.83286	0
5.46646	0.0255305	167.126	0.841383	0
5.22969	0.0250401	165.357	0.871384	0
4.9095	0.0242613	162.57	0.817178	0
4.72579	0.0213554	162.804	0.860474	0
4.77882	0.0197347	159.216	0.874111	0
4.8086	0.019852	161.302	0.853656	0
4.76133	0.019892	155.177	0.84036	0
4.72465	0.0199311	155.895	0.816837	0
4.67994	0.01934	153.692	0.843088	0
4.6646	0.0186193	151.94	0.834906	0
4.65136	0.0183561	151.239	0.861497	0
4.63763	0.0180428	150.254	0.842065	0
4.68715	0.0172725	149.12	0.856383	0
4.74114	0.0173768	146.95	0.838997	0
4.78546	0.0171263	147.584	0.853315	0
4.84423	0.0166643	147.151	0.849224	0
4.92597	0.0166634	145.715	0.832178	0
5.02013	0.0164281	145.198	0.887407	0
5.07735	0.0162311	146.5	0.859792	0
5.13471	0.0166617	142.979	0.84036	0
5.2069	0.0164549	144.23	0.823996	0
5.26177	0.0161314	143.446	0.837974	0
5.32125	0.0166768	143.162	0.841724	0
5.37741	0.0159607	141.961	0.85161	0
5.4121	0.0157275	140.292	0.846497	0
5.46856	0.0157592	140.559	0.848542	0
5.53935	0.0158467	140.776	0.862861	0
5.56708	0.0155883	140.826	0.861497	0
5.60572	0.0157817	139.141	0.820587	0
5.67068	0.0154439	140.542	0.823655	0
5.71914	0.015484	138.456	0.850247	0
5.74488	0.0153181	138.256	0.834224	0
5.77436	0.0152366	138.74	0.841383	0
5.81509	0.0147194	135.987	0.835928	0
5.84578	0.0146239	137.405	0.868315	0
5.87574	0.0146541	137.021	0.838656	0
5.93711	0.0149299	136.888	0.853656	0
5.98096	0.0150114	134.418	0.836269	0
5.98408	0.0147039	136.17	0.848883	0
6.0226	0.0145081	133.801	0.862861	0
6.05223	0.0145776	135.102	0.849906	0
6.06446	0.0143346	132.95	0.832519	0
6.10139	0.0143153	133.1	0.835587	0
6.12223	0.0142029	134.218	0.860133	0
6.14829	0.0138581	134.618	0.840019	0
6.18239	0.0134902	132.783	0.853656	0
6.1748	0.0137319	131.631	0.842747	0
6.20159	0.0140651	131.047	0.838315	0
6.24506	0.0139661	132.082	0.817519	0
6.23551	0.013714	130.864	0.849565	0
6.24758	0.0135826	131.898	0.850247	0
6.27189	0.0131403	130.113	0.850588	0
6.29441	0.0136816	131.081	0.840019	0
6.34058	0.0139871	131.164	0.854679	0
6.35525	0.0136111	130.597	0.812746	0
6.33948	0.0135224	129.095	0.849224	0
6.36079	0.0137374	129.028	0.868656	0
6.39339	0.0134632	128.194	0.857747	0
6.39661	0.0133982	127.993	0.850247	0
6.38578	0.0133483	127.626	0.858429	0
6.39378	0.013347	126.975	0.845815	0
6.40754	0.0136725	127.576	0.855701	0
6.42012	0.0136079	126.208	0.848883	0
6.43497	0.013334	126.325	0.848201	0
6.41515	0.0133281	126.008	0.859111	0
6.40211	0.012973	126.191	0.826042	0
6.41304	0.0127348	125.423	0.858429	0
6.41951	0.0125322	125.891	0.850929	0
6.42228	0.0128083	124.289	0.844451	0
6.41155	0.0128556	123.938	0.842747	0
6.41311	0.0127712	123.721	0.826383	0
6.43409	0.0126192	124.022	0.843428	0
6.42782	0.0125978	122.236	0.85877	0
6.42498	0.0128234	124.172	0.848883	0
6.44029	0.0123565	122.336	0.874111	0
6.42178	0.0123723	122.203	0.846497	0
6.40285	0.0123919	122.386	0.835928	0
6.41548	0.0121655	122.753	0.853997	0
6.43244	0.0122339	121.085	0.849565	0
6.41222	0.0120079	121.151	0.843769	0
6.39059	0.0124953	120.634	0.853315	0
6.39935	0.0123576	120.567	0.821269	0
6.39624	0.0118297	120.267	0.825701	0
6.37627	0.0118806	119.232	0.846156	0
6.38121	0.011851	120.134	0.847519	0
6.39286	0.0121125	118.398	0.841383	0
6.36948	0.0118058	119.816	0.840019	0
6.34653	0.0117179	117.997	0.827064	0
6.34666	0.0115071	118.164	0.843428	0
6.32317	0.0115477	118.131	0.844451	0
6.29956	0.0115951	115.277	0.831837	0
6.31849	0.0112162	116.879	0.848201	0
6.31152	0.0115604	116.229	0.856383	0
6.28157	0.0117067	118.064	0.845815	0
6.29291	0.0117712	116.996	0.855361	0
6.28327	0.010934	115.428	0.854338	0
6.22444	0.0110554	114.443	0.832519	0
6.23543	0.0109513	113.859	0.822973	0
6.25662	0.0110428	115.745	0.846838	0
6.22588	0.0112984	113.959	0.819905	0
6.19385	0.0110879	113.709	0.833883	0
6.17329	0.0106203	111.489	0.857065	0
6.16715	0.0110569	112.791	0.847179	0
6.14431	0.0109918	111.256	0.841383	0
6.10548	0.0109138	109.821	0.838315	0
6.09326	0.0106308	110.388	0.850247	0
6.09813	0.0107846	109.637	0.815814	0
6.07128	0.0105209	108.786	0.826724	0
6.0385	0.0103413	109.12	0.829451	0
6.04443	0.0104638	108.652	0.832519	0
6.02252	0.0104925	108.118	0.808314	0
5.99154	0.0105497	107.468	0.826724	0
5.98933	0.0104467	106.717	0.814451	0
5.97576	0.0102337	105.966	0.845133	0
5.94483	0.010345	104.814	0.812064	0
5.92767	0.010371	105.181	0.848542	0
5.93488	0.0103287	106.617	0.819223	0
5.9216	0.0100122	104.931	0.836951	0
5.88805	0.0103038	104.531	0.822633	0
5.85368	0.0100392	102.578	0.842747	0
5.83706	0.00999703	103.663	0.829792	0
5.82711	0.00988792	101.61	0.839678	0
5.81051	0.00974493	103.096	0.849565	0
5.80719	0.00976112	101.16	0.843428	0
5.78955	0.00956026	100.659	0.821269	0
5.74642	0.00965208	98.7902	0.852292	0
5.72607	0.0093055	98.9237	0.813769	0
5.72233	0.00964831	99.3075	0.833542	0
5.68662	0.00968407	98.1727	0.822633	0
5.65193	0.00948548	96.9879	0.833883	0
5.64957	0.00973967	96.4873	0.835928	0
5.62663	0.00931746	94.9687	0.831837	0
5.5866	0.00915815	95.1189	0.827064	0
5.57336	0.00905209	93.9341	0.824678	0
5.56844	0.0091681	93.4501	0.827064	0
5.54654	0.00908487	93.567	0.841383	0
5.53466	0.00941994	92.9662	0.842747	0
5.53197	0.00942	92.766	0.823996	0
5.51346	0.00896834	91.9483	0.819564	0
5.49331	0.00887952	91.0638	0.827746	0
5.48606	0.00891957	92.7159	0.809337	0
5.46846	0.00907927	91.2975	0.850929	0
5.42669	0.00897504	89.2449	0.848542	0
5.4067	0.00891275	89.5953	0.841724	0
5.40447	0.00860609	88.2937	0.839337	0
5.36845	0.00845816	88.01	0.831837	0
5.3292	0.00855147	85.8073	0.824337	0
5.315	0.00846421	85.5903	0.835928	0
5.2906	0.00847741	84.5724	0.823655	0
5.24346	0.00826035	82.8536	0.813769	0
5.21688	0.00830346	81.6688	0.84036	0
5.20606	0.00838754	80.4839	0.817178	0
5.17521	0.00821393	79.8498	0.823314	0
5.15619	0.00797437	79.9332	0.824337	0
5.15173	0.00809662	81.2516	0.841042	0
5.12537	0.00803199	77.7639	0.831155	0
5.09942	0.00803361	76.6792	0.797746	0
5.07995	0.00781474	76.796	0.819223	0
5.05992	0.00777761	75.8782	0.808996	0
5.04868	0.00780596	73.9424	0.830815	0
5.04083	0.00768066	75.3942	0.802518	0
5.0214	0.007667	74.4431	0.828428	0
4.99525	0.00766213	74.8769	0.823996	0
4.97995	0.00744722	71.2891	0.822292	0
4.9728	0.00756075	72.9078	0.830474	0
4.95588	0.00739533	71.7063	0.795359	0
4.93667	0.00762435	71.8899	0.798086	0
4.92525	0.00731275	69.7705	0.802518	0
4.92387	0.00760484	70.171	0.809678	0
4.91256	0.00748545	69.9374	0.809678	0
4.89386	0.00751172	69.3534	0.812746	0
4.88577	0.00729955	69.1197	0.801496	0
4.87794	0.00729604	68.6525	0.8107	0
4.85447	0.00726827	66.2995	0.804905	0
4.82277	0.00697924	66.1994	0.781722	0
4.80752	0.00705941	64.831	0.799791	0
4.79572	0.00710135	64.6642	0.8107	0
4.79158	0.00696142	65.365	0.793655	0
4.78532	0.00693437	63.496	0.777631	0
4.76869	0.00693378	64.781	0.791609	0
4.75741	0.00696005	64.03	0.796723	0
4.75197	0.00695258	62.9287	0.805587	0
4.73499	0.00698197	62.4948	0.777972	0
4.71132	0.00681537	60.3254	0.797746	0
4.70536	0.00695505	61.0096	0.781041	0
4.70257	0.00662316	60.3421	0.76604	0
4.68375	0.00656243	59.8415	0.797405	0
4.6655	0.00648557	58.6233	0.771836	0
4.6439	0.00649207	56.4372	0.779336	0
4.63114	0.00634674	57.5887	0.756836	0
4.62982	0.00634654	57.355	0.781382	0
4.61398	0.00639089	56.0534	0.772859	0
4.60455	0.0064327	57.2048	0.788541	0
4.60223	0.00620017	56.3371	0.770472	0
4.58494	0.0062505	53.6504	0.759904	0
4.57449	0.00624238	54.4848	0.782745	0
4.5732	0.00632268	54.2845	0.764677	0
4.55298	0.00616467	51.9316	0.752745	0
4.53688	0.00609678	52.7493	0.764336	0
4.53625	0.00606635	52.499	0.765358	0
4.52323	0.00602045	52.0484	0.762631	0
4.50942	0.00613346	51.164	0.755131	0
4.5007	0.00597948	50.3463	0.738085	0
4.49259	0.00595412	50.5632	0.730926	0
4.48064	0.00577511	49.8623	0.745926	0
4.46257	0.00578987	48.4606	0.736721	0
4.45788	0.0057056	48.6608	0.741835	0
4.45965	0.00561716	50.4965	0.729221	0
4.44568	0.00564844	47.9266	0.750699	0
4.42673	0.00564623	47.0755	0.747631	0
4.41872	0.00549934	45.9908	0.733653	0
4.41118	0.00552847	46.2244	0.741494	0
4.39913	0.00545232	45.073	0.716607	0
4.3879	0.00528391	44.2386	0.722403	0
4.36973	0.00542495	44.6725	0.721721	0
4.36242	0.0054572	42.9203	0.712175	0
4.35745	0.00531785	42.5532	0.685243	0
4.34021	0.00517733	40.6174	0.701266	0
4.33204	0.00524477	43.3208	0.722403	0
4.33279	0.00508578	41.9524	0.710812	0
4.32301	0.00513195	41.2849	0.703993	0
4.30546	0.00514755	40.1836	0.692402	0
4.29981	0.00518676	39.733	0.686607	0
4.30278	0.00507791	40.2336	0.701266	0
4.29264	0.00511316	38.9487	0.70263	0
4.28042	0.00510808	38.7317	0.69138	0
4.2756	0.00498772	38.1811	0.687289	0
4.26733	0.0049015	37.5302	0.682516	0
4.261	0.00489363	37.2299	0.690698	0
4.25725	0.00487354	37.4969	0.670584	0
4.25016	0.00474251	37.7972	0.683879	0
4.24276	0.0048314	36.3621	0.670924	0
4.23573	0.00471702	36.1118	0.669902	0
4.22239	0.00464979	35.3776	0.678084	0
4.21128	0.00466156	34.2094	0.654901	0
4.20535	0.00460154	34.7267	0.65456	0
4.20472	0.00472827	34.7768	0.66172	0
4.20015	0.0046877	34.3429	0.658651	0
4.1913	0.00455238	33.4585	0.63956	0
4.1856	0.00454074	33.592	0.656947	0
4.18046	0.00451246	33.2582	0.655242	0
4.17987	0.00452273	33.592	0.658992	0
4.18184	0.00443716	33.0413	0.647742	0
4.17336	0.00438722	32.9412	0.644674	0
4.16198	0.00445114	32.7076	0.642969	0
4.15704	0.00443033	31.8899	0.63956	0
4.14873	0.00437974	31.5394	0.623878	0
4.14104	0.00431901	30.5382	0.64331	0
4.13159	0.00431706	29.8039	0.635469	0
4.11995	0.00420697	29.0196	0.615696	0
4.11624	0.00415788	30.3546	0.634446	0
4.11373	0.00423506	29.0363	0.622514	0
4.10753	0.00417758	28.3855	0.628992	0
4.10695	0.00426731	28.4856	0.623878	0
4.10537	0.00421295	29.103	0.628651	0
4.09669	0.00410644	28.252	0.610923	0
4.09244	0.00403797	27.7347	0.610923	0
4.08724	0.00397763	27.4343	0.612969	0
4.08217	0.00401079	27.6512	0.604446	0
4.07979	0.0039974	28.0017	0.596605	0
4.0753	0.00401287	27.8348	0.615355	0
4.06954	0.00402815	27.4343	0.603764	0
4.06131	0.00403264	26.0826	0.603764	0
4.04943	0.00382898	25.4819	0.596605	0
4.04918	0.00389446	26.5832	0.599673	0
4.04539	0.00376279	24.564	0.581604	0
4.0376	0.00370043	25.5152	0.593195	0
4.04065	0.0038414	26.3162	0.608537	0
4.03501	0.00384719	24.7476	0.586718	0
4.02753	0.00377976	24.9145	0.586718	0
4.02718	0.00377683	23.8131	0.592855	0
4.02148	0.00376877	23.6462	0.557399	0
4.01849	0.00376844	23.713	0.573081	0
4.0187	0.00355555	24.0968	0.5724	0
4.01615	0.00365764	23.1957	0.574445	0
4.00967	0.00365927	22.9954	0.566604	0
4.00446	0.00371213	23.5461	0.574786	0
3.99753	0.00375043	22.6283	0.573422	0
3.99082	0.00366213	23.0788	0.566263	0
3.98924	0.00359379	22.3446	0.563877	0
3.98698	0.00355646	22.0776	0.550581	0
3.98343	0.00355217	21.4935	0.554672	0
3.98275	0.00358046	22.4948	0.550922	0
3.98006	0.0035616	21.1097	0.551944	0
3.9823	0.00357077	22.428	0.559104	0
3.98079	0.00346088	21.6437	0.552285	0
3.97044	0.00354352	20.4923	0.528421	0
3.96598	0.0034086	21.2098	0.545808	0
3.96741	0.00353136	20.5257	0.534217	0
3.96616	0.00355334	20.9762	0.543422	0
3.95769	0.00332172	20.6091	0.543081	0
3.95319	0.00333798	20.7092	0.551604	0
3.95417	0.00336828	21.0096	0.54649	0
3.94959	0.00337153	19.4743	0.544103	0
3.94549	0.00344599	19.9416	0.547172	0
3.94205	0.00334123	19.2574	0.531149	0
3.93949	0.00330761	20.4088	0.547172	0
3.93795	0.00327198	18.9403	0.536603	0
3.93766	0.00324597	19.6746	0.53558	0
3.93883	0.00325657	19.6746	0.526376	0
3.93675	0.0032632	19.7247	0.528762	0
3.93126	0.00320787	18.5065	0.510694	0
3.92399	0.00316638	17.8056	0.50183	0
3.92336	0.00314973	18.9904	0.529785	0
3.92191	0.0031602	17.8223	0.50183	0
3.91831	0.00323049	17.7388	0.491602	0
3.91687	0.0031946	17.2883	0.50183	0
3.91547	0.00322594	18.4564	0.529444	0
3.9105	0.0032223	18.1393	0.515466	0
3.90689	0.0032422	17.5219	0.512398	0
3.9067	0.00317386	17.622	0.512398	0
3.90424	0.0031961	17.3383	0.492625	0
3.90128	0.00317399	17.1548	0.505921	0
3.90782	0.00316957	18.0559	0.522967	0
3.91217	0.00320084	18.156	0.511375	0
3.90149	0.00312528	16.9045	0.49092	0
3.89573	0.00300804	16.4706	0.487852	0
3.89608	0.00306267	16.6041	0.486488	0
3.89297	0.00299816	16.7042	0.485807	0
3.88598	0.0030585	16.3037	0.488534	0
3.88546	0.00302989	17.3884	0.502852	0
3.88673	0.00305369	16.6041	0.49467	0
3.88084	0.00299107	16.504	0.503193	0
3.88102	0.00299133	16.6542	0.501489	0
3.87826	0.0029213	16.0868	0.488534	0
3.87436	0.00303893	16.6708	0.492625	0
3.8757	0.00299354	15.6863	0.47967	0
3.87144	0.00289744	15.9199	0.486148	0
3.87165	0.00298431	16.2537	0.488534	0
3.87194	0.00286304	15.753	0.48717	0
3.87051	0.00293236	15.8031	0.476943	0
3.87089	0.00292728	16.1702	0.485807	0
3.86491	0.0029213	15.1356	0.476602	0
3.85592	0.00285881	14.368	0.463647	0
3.85748	0.00288749	15.4026	0.473875	0
3.86121	0.00283131	15.0521	0.471147	0
3.85539	0.00288645	15.169	0.480352	0
3.85075	0.00276407	15.3025	0.470465	0
3.85251	0.00282032	15.3191	0.483761	0
3.85217	0.00284607	15.8198	0.486488	0
3.84752	0.00280588	14.2678	0.455124	0
3.84615	0.00281876	14.635	0.468079	0
3.8493	0.00279086	14.7685	0.47217	0
3.85164	0.00288352	14.8185	0.482738	0
3.84538	0.00284399	14.151	0.459556	0
3.84074	0.00280224	14.902	0.47217	0
3.84165	0.00282012	13.7338	0.453079	0
3.84012	0.00282617	14.0509	0.455465	0
3.84176	0.0028356	14.3346	0.458533	0
3.84132	0.00278982	14.368	0.464329	0
3.83699	0.00273865	14.3346	0.458533	0
3.83547	0.00276732	14.1343	0.466715	0
3.83833	0.00290407	15.1356	0.489898	0
3.83446	0.00280088	14.1844	0.465693	0
3.82963	0.0028196	14.0175	0.466715	0
3.83074	0.00279925	13.7505	0.456147	0
3.83203	0.00282604	14.2511	0.459556	0
3.82859	0.00277903	13.7505	0.463306	0
3.82855	0.00277213	13.5836	0.448988	0
3.83354	0.00273605	14.2845	0.467397	0
3.82829	0.00274983	13.2332	0.439783	0
3.82581	0.00266771	13.8673	0.457511	0
3.82592	0.00283677	13.617	0.459556	0
3.82163	0.00269612	13.9174	0.455124	0
3.82042	0.00272239	13.1164	0.451715	0
3.82228	0.00272311	13.8173	0.462624	0
3.82276	0.00277226	14.4681	0.466715	0
3.82161	0.00275289	13.6671	0.45001	0
3.82155	0.00269241	13.1831	0.440124	0
3.82438	0.00279879	14.7184	0.470806	0
3.82655	0.00281343	14.5849	0.471147	0
3.82538	0.0027748	14.5849	0.46467	0
3.8232	0.00273364	13.9174	0.452056	0
3.81999	0.00269424	13.4835	0.451374	0
3.82246	0.00270926	14.5015	0.477284	0
3.82248	0.00275282	13.9341	0.459556	0
3.82004	0.00286558	14.0676	0.465693	0
3.82231	0.00284418	14.6516	0.465693	0
3.81341	0.00271114	12.7159	0.436374	0
3.80516	0.00270171	13.3166	0.449669	0
3.80627	0.00265984	12.6992	0.438078	0
3.79415	0.00250215	12.1318	0.425123	0
3.78091	0.00252589	10.8135	0.419328	0
3.78005	0.00244148	10.7968	0.405691	0
3.78227	0.00242718	10.9971	0.410805	0
3.7789	0.00242081	11.0305	0.408418	0
3.77688	0.00233497	10.8469	0.399896	0
3.77422	0.0024526	10.5298	0.4016	0
3.76405	0.00222489	9.26158	0.373304	0
3.75937	0.0022401	9.46183	0.3866	0
3.7595	0.00219634	8.9612	0.377054	0
3.75725	0.00223399	8.6942	0.371599	0
3.75656	0.00221305	9.46183	0.378077	0
3.75508	0.00216968	8.8277	0.364099	0
3.74784	0.00209978	8.44389	0.362395	0
3.74832	0.00215433	8.9612	0.368872	0
3.75164	0.00220356	8.71089	0.361372	0
3.74756	0.00216175	9.0947	0.366827	0
3.74377	0.00215765	8.22695	0.363077	0
3.74199	0.00210199	7.97664	0.352849	0
3.74249	0.00212377	7.84314	0.35319	0
3.74542	0.00213808	8.41051	0.370236	0
3.74447	0.00207227	8.1602	0.352849	0
3.74461	0.00213554	8.49395	0.365122	0
3.74369	0.00208885	8.01001	0.358645	0
3.74351	0.00211701	8.27701	0.362395	0
3.74168	0.00210901	7.95995	0.355576	0
3.736	0.00209815	7.97664	0.362736	0
3.73423	0.00205283	7.59282	0.339894	0
3.73491	0.00207416	8.47726	0.365122	0
3.73535	0.00216097	7.79307	0.356258	0
3.73725	0.00219647	8.12683	0.357281	0
3.73839	0.00213964	8.36045	0.366486	0
3.73773	0.00207904	8.32708	0.35694	0
3.73487	0.00208703	8.22695	0.353872	0
3.73342	0.00208846	8.67751	0.370577	0
3.73504	0.00213008	8.1602	0.356258	0
3.73247	0.0020172	7.59282	0.344667	0
3.7294	0.00205342	7.8932	0.351485	0
3.72873	0.0020912	7.45932	0.340235	0
3.72417	0.00202337	7.37589	0.345349	0
3.72283	0.00203215	6.99207	0.333758	0
3.72384	0.0020196	7.79307	0.351826	0
3.72129	0.00204503	7.02545	0.335803	0
3.71488	0.00196375	6.80851	0.326598	0
3.71339	0.00192759	6.40801	0.319439	0
3.71504	0.00198085	6.44139	0.319098	0
3.71589	0.0019988	7.55945	0.340235	0
3.71466	0.00195068	6.47476	0.322507	0
3.71351	0.001877	6.85857	0.330689	0
3.71049	0.00183792	6.12432	0.311598	0
3.70882	0.00186068	6.54151	0.32353	0
3.71021	0.00185698	6.19107	0.319098	0
3.7119	0.00189124	6.35795	0.311598	0
3.711	0.00188806	6.79182	0.333076	0
3.71132	0.00189755	6.37463	0.318075	0
3.70552	0.00181959	5.84063	0.302734	0
3.70293	0.00184092	6.1577	0.316712	0
3.7044	0.00183318	6.14101	0.318075	0
3.70233	0.00184345	6.20776	0.316712	0
3.70064	0.00184657	5.8907	0.315348	0
3.69745	0.00178616	5.80726	0.300348	0
3.69845	0.00182069	5.7572	0.302052	0
3.69884	0.00179657	5.74051	0.306143	0
3.69634	0.00176425	5.42345	0.301711	0
3.69575	0.00174663	4.85607	0.283984	0
3.69649	0.00177075	5.44013	0.289098	0
3.69589	0.0017517	5.3567	0.29762	0
3.69467	0.00174852	5.42345	0.287734	0
3.69361	0.001732	5.05632	0.28262	0
3.69226	0.00174891	5.69045	0.297961	0
3.69378	0.00176516	5.57363	0.30103	0
3.69033	0.00172985	5.12307	0.289779	0
3.68942	0.00167575	5.27326	0.287393	0
3.69218	0.00173102	5.34001	0.299325	0
3.69421	0.00183227	5.97413	0.307848	0
3.68998	0.00174884	5.50688	0.300689	0
3.68591	0.00164974	4.8227	0.276484	0
3.68766	0.00172218	4.68919	0.282279	0
3.68749	0.00160884	4.88945	0.273756	0
3.68644	0.00166801	5.02295	0.284666	0
3.68705	0.00172706	5.0897	0.280234	0
3.68577	0.00166203	5.2232	0.29012	0
3.68514	0.00165761	5.03963	0.288075	0
3.68435	0.00173863	5.10638	0.284666	0
3.68206	0.00165384	4.78932	0.275461	0
3.67952	0.0016106	4.60576	0.275461	0
3.67987	0.0016552	5.07301	0.288757	0
3.67797	0.00168557	4.38882	0.26387	0
3.67819	0.0016407	4.88945	0.276825	0
3.68016	0.00160559	4.83938	0.279893	0
3.68071	0.00164981	4.62244	0.26762	0
3.67963	0.00166496	5.05632	0.28637	0
3.67896	0.00165007	4.73926	0.278529	0
3.67678	0.00162932	4.70588	0.275802	0
3.67506	0.00157477	4.42219	0.266938	0
3.67747	0.00161242	4.65582	0.269324	0
3.67651	0.00161138	4.58907	0.270006	0
3.6734	0.00159467	4.35544	0.267279	0
3.67406	0.00160611	4.28869	0.262506	0
3.67524	0.00160494	4.80601	0.277847	0
3.67442	0.00159629	4.37213	0.265574	0
3.6736	0.00163069	4.63913	0.278188	0
3.67288	0.00158907	4.47226	0.266938	0
3.67109	0.00159655	3.92157	0.250915	0
3.66736	0.0015249	3.83813	0.249892	0
3.66835	0.00155455	3.93826	0.254665	0
3.67007	0.00156176	4.22194	0.265233	0
3.66864	0.00157633	4.38882	0.264892	0
3.66892	0.0015537	4.38882	0.269324	0
3.66847	0.00150025	4.07176	0.257051	0
3.6671	0.0015602	4.12182	0.255006	0
3.66746	0.00154564	4.18857	0.262165	0
3.6673	0.00154882	4.03838	0.253983	0
3.66585	0.00151163	3.73801	0.247165	0
3.66535	0.00148686	3.93826	0.24921	0
3.66648	0.00153907	4.53901	0.276825	0
3.66506	0.00152633	4.12182	0.255006	0
3.6633	0.00150935	3.95494	0.256029	0
3.66674	0.00157269	4.37213	0.26762	0
3.66756	0.00151917	4.52232	0.267279	0
3.66318	0.00153627	3.65457	0.244778	0
3.66241	0.0015511	4.20526	0.258415	0
3.66485	0.0015708	4.07176	0.253642	0
3.66392	0.00151534	4.15519	0.262506	0
3.66015	0.00151215	3.60451	0.240006	0
3.65819	0.00146767	3.48769	0.240006	0
3.65706	0.00149635	3.50438	0.240346	0
3.65539	0.00144674	3.10388	0.228755	0
3.65032	0.00140662	2.77013	0.207618	0
3.64884	0.00133528	2.97038	0.218187	0
3.6492	0.00131909	2.61994	0.206255	0
3.6482	0.00131012	3.18732	0.223641	0
3.64845	0.00136851	2.87025	0.216141	0
3.64713	0.00133073	2.45307	0.197391	0
3.64527	0.00130511	2.50313	0.203527	0
3.64592	0.00133925	2.73675	0.211709	0
3.6453	0.00129841	2.5365	0.205914	0
3.64316	0.00124685	2.48644	0.202846	0
3.64299	0.00126512	2.15269	0.187504	0
3.64435	0.00128905	2.77013	0.215459	0
3.64375	0.0012897	2.30288	0.1933	0
3.64345	0.00125251	2.56988	0.201823	0
3.64188	0.00124347	2.15269	0.187504	0
3.64248	0.0012767	2.50313	0.2008	0
3.64336	0.00122292	2.403	0.195686	0
3.64115	0.00123001	2.43638	0.202505	0
3.64114	0.00127032	2.68669	0.205914	0
3.64206	0.00127156	2.5365	0.201823	0
3.63976	0.00124386	2.31957	0.196709	0
3.63909	0.00121902	1.95244	0.177618	0
3.64244	0.00127878	2.56988	0.205914	0
3.64186	0.00128131	2.48644	0.198755	0
3.63988	0.00128378	2.50313	0.204891	0
3.6404	0.00123755	2.11932	0.184436	0
3.63895	0.0012079	2.48644	0.200118	0
3.63735	0.00115913	1.93575	0.181709	0
3.63671	0.00123209	2.38632	0.196368	0
3.6365	0.0012133	2.08594	0.184777	0
3.63511	0.00121518	2.0025	0.182731	0
3.63605	0.00118573	1.96913	0.1783	0
3.63594	0.00120127	2.25282	0.188527	0
3.63563	0.00120276	2.2695	0.1933	0
3.6358	0.00124587	2.403	0.195686	0
3.6356	0.00124991	2.03588	0.184095	0
3.63676	0.00121109	2.20275	0.187845	0
3.63787	0.00124932	2.21944	0.189891	0
3.63571	0.00123625	2.15269	0.184436	0
3.63379	0.00116082	2.0025	0.181368	0
3.63544	0.00121564	2.21944	0.192959	0
3.63628	0.00121401	2.03588	0.184095	0
3.63434	0.00120003	2.10263	0.188527	0
3.63408	0.00124282	2.23613	0.196368	0
3.634	0.00118566	1.76888	0.169777	0
3.63297	0.0011525	1.93575	0.175231	0
3.63358	0.00118345	1.98582	0.18205	0
3.63353	0.00120296	2.03588	0.181027	0
3.63233	0.00120153	2.36963	0.198755	0
3.63293	0.00121148	2.33625	0.197391	0
3.63167	0.00115523	1.83563	0.172504	0
3.63057	0.00117649	1.88569	0.173186	0
3.63148	0.00117662	1.83563	0.178981	0
3.63134	0.00112057	1.78557	0.168754	0
3.63138	0.00114899	2.03588	0.182731	0
3.6323	0.00122286	2.10263	0.188527	0
3.62951	0.00117662	1.90238	0.176936	0
3.62818	0.00113319	1.869	0.17864	0
3.63027	0.0011445	1.91907	0.179322	0
3.63035	0.00119964	2.20275	0.189209	0
3.6308	0.00118	1.85232	0.173186	0
3.62982	0.00114313	2.03588	0.181027	0
3.62998	0.00117669	2.16938	0.185118	0
3.63058	0.00121317	1.76888	0.169777	0
3.63001	0.00120315	2.05257	0.183413	0
3.62884	0.00115712	2.03588	0.1858	0
3.62798	0.00115055	1.61869	0.164322	0
3.62675	0.00110711	1.80225	0.169436	0
3.62841	0.00115549	1.90238	0.17864	0
3.62924	0.00114411	1.869	0.172504	0
3.62737	0.00112272	1.602	0.168754	0
3.62543	0.00113533	1.7355	0.169777	0
3.62729	0.00111368	1.50188	0.158867	0
3.62703	0.00117188	1.71882	0.16739	0
3.6273	0.00114899	1.81894	0.171822	0
3.62745	0.00112811	1.78557	0.170458	0
3.62657	0.00113338	1.71882	0.16739	0
3.62654	0.00113195	1.63538	0.161936	0
3.62644	0.00113358	1.80225	0.169436	0
3.6264	0.00110113	1.48519	0.15614	0
3.62536	0.00109463	1.91907	0.177959	0
3.62505	0.00112707	1.63538	0.161936	0
3.62334	0.00111667	1.55194	0.159549	0
3.62452	0.00110731	1.81894	0.170118	0
3.6271	0.00116524	2.03588	0.1858	0
3.62379	0.00113254	1.63538	0.165345	0
3.62314	0.00108741	1.51856	0.15614	0
3.62463	0.0011075	1.90238	0.173868	0
3.62324	0.00113319	1.45181	0.156481	0
3.62222	0.00106185	1.48519	0.15614	0
3.62255	0.00104618	1.65207	0.164322	0
3.62386	0.00107616	1.70213	0.165004	0
3.62275	0.00111563	1.66875	0.166708	0
3.62252	0.00112662	1.68544	0.166027	0
3.62158	0.00110458	1.61869	0.166027	0
3.62134	0.00107681	1.31831	0.145912	0
3.62069	0.00108416	1.56863	0.161936	0
3.62328	0.00109645	1.53525	0.162276	0
3.62185	0.00109827	1.56863	0.161936	0
3.62242	0.00113449	1.78557	0.172163	0
3.62377	0.00110217	1.45181	0.156481	0
3.62256	0.00107323	1.61869	0.167731	0
3.62266	0.00112883	1.45181	0.156481	0
3.62165	0.00109352	1.41844	0.151026	0
3.62134	0.00108325	1.70213	0.168413	0
3.62093	0.00109398	1.41844	0.153072	0
3.62073	0.00109638	1.68544	0.16739	0
3.62141	0.0011194	1.65207	0.166027	0
3.61882	0.00105496	1.31831	0.145912	0
3.61852	0.00105555	1.51856	0.159549	0
3.62048	0.00106302	1.4685	0.158867	0
3.62068	0.00108864	1.48519	0.15614	0
3.62014	0.00105034	1.51856	0.157845	0
3.62081	0.00108377	1.56863	0.160231	0
3.6209	0.00113143	1.602	0.165345	0
3.61988	0.00110542	1.53525	0.158867	0
3.61913	0.00110945	1.38506	0.151367	0
3.61909	0.00106823	1.66875	0.168413	0
3.61973	0.00107687	1.08469	0.134662	0
3.6187	0.00105191	1.30163	0.150685	0
3.61971	0.00106393	1.56863	0.160231	0
3.61816	0.00108032	1.28494	0.144208	0
3.61811	0.00110796	1.66875	0.165004	0
3.61918	0.0011064	1.81894	0.170118	0
3.61787	0.00108208	1.4685	0.155458	0
3.61664	0.00107414	1.43513	0.153754	0
3.61816	0.00112194	1.50188	0.158867	0
3.6184	0.00110327	1.66875	0.165004	0
3.61769	0.00103942	1.36838	0.150344	0
3.61744	0.00108214	1.80225	0.17114	0
3.6171	0.00102525	1.38506	0.149322	0
3.61809	0.00105802	1.50188	0.155458	0
3.61889	0.00111407	1.91907	0.179322	0
3.61751	0.00109606	1.43513	0.157504	0
3.61659	0.00112967	1.2015	0.141481	0
3.61643	0.00107096	1.48519	0.158185	0
3.61576	0.00106341	1.38506	0.151367	0
3.61649	0.00105808	1.335	0.146935	0
3.61564	0.00106237	1.21819	0.142503	0
3.61438	0.00105418	1.25156	0.144208	0
3.6149	0.00103532	1.31831	0.151367	0
3.6144	0.00103565	1.10138	0.135685	0
3.61492	0.00105451	1.40175	0.152049	0
3.61614	0.00101621	1.21819	0.140458	0
3.61572	0.00104651	1.31831	0.147617	0
3.61554	0.0010417	1.31831	0.149663	0
3.61505	0.00100938	1.03463	0.13398	0
3.61621	0.00103662	1.23488	0.141481	0
3.61581	0.00106686	1.38506	0.151367	0
3.61401	0.00103636	1.31831	0.147617	0
3.61418	0.00101978	1.11806	0.134662	0
3.615	0.00104592	1.56863	0.160231	0
3.61515	0.00104189	1.40175	0.150344	0
3.61422	0.00104976	1.16813	0.141481	0
3.61378	0.00100957	1.23488	0.141481	0
3.61277	0.000995789	1.30163	0.146935	0
3.6122	0.00100047	1.2015	0.141481	0
3.61326	0.000996244	1.18481	0.140458	0
3.61478	0.00103734	1.40175	0.155799	0
3.61386	0.00104553	1.068	0.131594	0
3.61285	0.00103071	1.16813	0.143526	0
3.61322	0.00101783	1.16813	0.139435	0
3.61226	0.00102765	1.21819	0.140458	0
3.61193	0.00105574	1.30163	0.146935	0
3.61265	0.00101185	1.15144	0.136708	0
3.61094	0.000992082	1.08469	0.132617	0
3.61153	0.00101985	1.08469	0.132617	0
3.6119	0.000979598	1.21819	0.142503	0
3.61192	0.00103227	1.16813	0.139435	0
3.61267	0.00100346	1.21819	0.144208	0
3.61343	0.00106244	1.38506	0.153072	0
3.61217	0.000986295	0.967877	0.125457	0
3.61213	0.0010164	1.26825	0.146935	0
3.61476	0.00104482	1.38506	0.151367	0
3.61254	0.00100645	1.10138	0.133639	0
3.61095	0.00102219	1.08469	0.136708	0
3.61459	0.00106439	1.50188	0.157163	0
3.61398	0.00104833	1.335	0.146935	0
3.61043	0.00104651	1.35169	0.149663	0
3.60951	0.00102798	1.00125	0.127503	0
3.61003	0.00100385	1.15144	0.138753	0
3.60927	0.000977972	0.984564	0.12648	0
3.60896	0.000988116	1.21819	0.142503	0
3.60997	0.00100853	1.01794	0.130912	0
3.61137	0.00102446	1.068	0.13398	0
3.61099	0.000968544	1.00125	0.127503	0
3.61042	0.000974721	1.28494	0.145912	0
3.61068	0.00101575	0.851064	0.117957	0
3.61107	0.00101478	1.26825	0.143185	0
3.61111	0.00101595	1.11806	0.136708	0
3.61036	0.000986035	0.967877	0.125457	0
3.6089	0.000972315	0.951189	0.124435	0
3.60976	0.000974851	1.05131	0.130571	0
3.60979	0.00101289	1.00125	0.129889	0
3.60977	0.000962431	1.15144	0.142503	0
3.61088	0.00100704	0.984564	0.12648	0
3.60884	0.000946825	0.767626	0.112162	0
3.60858	0.00097199	0.884439	0.126821	0
3.61134	0.00100138	1.28494	0.147958	0
3.61103	0.00101933	1.18481	0.140458	0
3.61028	0.000973615	1.01794	0.132958	0
3.61141	0.000955669	1.16813	0.139435	0
3.61022	0.00100106	1.11806	0.134662	0
3.60836	0.000961001	1.11806	0.134662	0
3.60891	0.000954693	0.951189	0.124435	0
3.6098	0.000986946	1.15144	0.140799	0
3.6097	0.000995659	1.10138	0.133639	0
3.60873	0.000988051	1.28494	0.144208	0
3.60797	0.00100255	1.13475	0.135685	0
3.60908	0.000979858	1.10138	0.133639	0
3.60959	0.00101744	1.08469	0.132617	0
3.60943	0.000990392	1.2015	0.145231	0
3.60993	0.00097342	1.15144	0.136708	0
3.60951	0.000975826	1.068	0.131594	0
3.61115	0.00100028	1.11806	0.134662	0
3.6122	0.00103129	1.50188	0.155458	0
3.60988	0.000992082	1.03463	0.129548	0
3.60806	0.000980833	1.068	0.131594	0
3.60979	0.000941103	1.05131	0.132958	0
3.60877	0.000977322	1.00125	0.127503	0
3.60796	0.00097173	1.05131	0.132958	0
3.60712	0.000975631	0.917814	0.122389	0
3.60632	0.00095892	0.934501	0.123412	0
3.60773	0.000955474	1.068	0.136026	0
3.60912	0.00102349	1.05131	0.130571	0
3.60758	0.000970949	0.901126	0.121366	0
3.60606	0.000932975	0.667501	0.104661	0
3.60721	0.000892595	0.767626	0.112162	0
3.60739	0.000948646	0.984564	0.128867	0
3.60703	0.000944484	0.700876	0.107048	0
3.60672	0.000926407	1.03463	0.13398	0
3.607	0.000953198	0.901126	0.121366	0
3.60745	0.000948906	1.11806	0.134662	0
3.60815	0.000966853	0.901126	0.121366	0
3.60627	0.000936876	0.634126	0.101934	0
3.60608	0.000944159	0.917814	0.122389	0
3.60735	0.000909176	0.817689	0.117957	0
3.60777	0.000967828	0.951189	0.124435	0
3.60809	0.000939217	0.884439	0.120003	0
3.60646	0.000932975	0.750939	0.113525	0
3.60607	0.0009333	0.801001	0.116935	0
3.60785	0.000926928	1.068	0.13398	0
3.60834	0.000918995	0.934501	0.123412	0
3.60896	0.000958725	1.03463	0.129548	0
3.60875	0.000955539	0.984564	0.12648	0
3.60675	0.00091958	0.801001	0.114548	0
3.60718	0.000955148	1.35169	0.151367	0
3.60719	0.00096022	0.917814	0.124776	0
3.60704	0.000950922	0.784314	0.113184	0
3.60696	0.000974851	0.884439	0.120003	0
3.60677	0.000971145	0.784314	0.115571	0
3.60668	0.000989091	1.03463	0.129548	0
3.6071	0.0009729	0.951189	0.128867	0
3.60639	0.000966333	0.851064	0.120344	0
3.60858	0.000978687	1.11806	0.138753	0
3.60747	0.000949361	0.834376	0.11898	0
3.60569	0.000925562	0.901126	0.121366	0
3.60718	0.000941883	0.851064	0.117957	0
3.6073	0.000951637	0.901126	0.121366	0
3.60485	0.000922051	0.784314	0.115571	0
3.6056	0.000921596	0.650814	0.106025	0
3.60619	0.000895911	0.901126	0.125798	0
3.60615	0.000956774	1.00125	0.127503	0
3.60592	0.000917629	0.650814	0.103298	0
3.60525	0.000932	0.767626	0.114548	0
3.60552	0.000930764	0.934501	0.129889	0
3.60709	0.000949621	0.834376	0.11898	0
3.60592	0.000939608	0.600751	0.0995477	0
3.60608	0.000954498	1.068	0.13398	0
3.60696	0.000931479	1.00125	0.129889	0
3.60568	0.000902804	0.634126	0.101934	0
3.60594	0.000913403	0.934501	0.127844	0
3.60709	0.000929334	0.734251	0.109775	0
3.60639	0.000922246	0.834376	0.11898	0
3.60549	0.000914443	0.817689	0.117957	0
3.60631	0.000949816	0.934501	0.123412	0
3.60545	0.000904754	0.600751	0.0995477	0
3.60431	0.000902413	0.834376	0.116935	0
3.60435	0.000914053	0.784314	0.113184	0
3.60521	0.000910541	0.634126	0.101934	0
3.60543	0.000901048	0.801001	0.116935	0
3.60556	0.000897992	0.934501	0.123412	0
3.60642	0.000931024	0.901126	0.121366	0
3.60547	0.000917109	0.901126	0.123412	0
3.60514	0.00092036	0.967877	0.127844	0
3.60621	0.000969064	0.684189	0.108412	0
3.60431	0.000914768	0.817689	0.115571	0
3.60434	0.000924847	0.700876	0.107048	0
3.60438	0.000920035	0.767626	0.116935	0
3.60262	0.00090573	0.634126	0.104661	0
3.60316	0.000891099	0.667501	0.104661	0
3.6047	0.000912492	0.750939	0.110798	0
3.60608	0.000930309	0.984564	0.12648	0
3.60543	0.000909436	0.801001	0.114548	0
3.60474	0.000894415	0.784314	0.115571	0
3.60469	0.000877509	0.567376	0.0964795	0
3.60619	0.000911712	0.951189	0.126821	0
3.60593	0.000889994	0.684189	0.106025	0
3.60554	0.000896886	0.567376	0.0964795	0
3.60606	0.000911842	0.851064	0.120344	0
3.60587	0.000885117	0.750939	0.110798	0
3.60522	0.000895521	0.650814	0.103298	0
3.60342	0.000874193	0.717564	0.108412	0
3.60504	0.000929789	0.851064	0.117957	0
3.60484	0.000909696	0.717564	0.108412	0
3.60349	0.000874258	0.801001	0.114548	0
3.60489	0.000896886	0.717564	0.108412	0
3.60537	0.000912232	0.851064	0.117957	0
3.60383	0.00090729	0.684189	0.106025	0
3.60418	0.000884011	0.801001	0.114548	0
3.60512	0.000891229	0.534001	0.0937522	0
3.60406	0.000873152	0.634126	0.101934	0
3.6037	0.000873607	0.734251	0.109775	0
3.60582	0.000910737	0.834376	0.116935	0
3.6056	0.000933235	0.717564	0.108412	0
3.60607	0.000945395	1.01794	0.135003	0
3.60494	0.00088167	0.567376	0.0964795	0
3.60429	0.000882581	0.584063	0.0981841	0
3.60538	0.000869316	0.467251	0.0879566	0
3.60492	0.000857481	0.650814	0.103298	0
3.60493	0.000872112	0.801001	0.116935	0
3.60513	0.000903714	0.734251	0.109775	0
3.60468	0.00087985	0.634126	0.101934	0
3.60369	0.000857416	0.584063	0.0981841	0
3.60419	0.000892595	0.834376	0.116935	0
3.60459	0.000853775	0.467251	0.0910248	0
3.60417	0.000868796	0.567376	0.0964795	0
3.60462	0.000899487	0.650814	0.103298	0
3.605	0.000887068	0.667501	0.104661	0
3.60526	0.000885247	0.600751	0.102275	0
3.60516	0.000881735	0.767626	0.112162	0
3.60385	0.000874778	0.667501	0.104661	0
3.60446	0.000885702	0.684189	0.108412	0
3.60424	0.000893245	0.684189	0.108412	0
3.60323	0.000889929	0.467251	0.0879566	0
3.60484	0.000876273	0.767626	0.112162	0
3.60472	0.000874128	0.600751	0.0995477	0
3.60351	0.000873542	0.650814	0.103298	0
3.60411	0.000887002	0.634126	0.104661	0
3.60556	0.000892204	0.567376	0.0995477	0
3.60479	0.00088011	0.667501	0.104661	0
3.60588	0.000883686	0.567376	0.0964795	0
3.6044	0.000834788	0.634126	0.101934	0
3.60351	0.000850394	0.450563	0.086252	0
3.60527	0.000870486	0.634126	0.101934	0
3.60567	0.000896886	0.700876	0.107048	0
3.60472	0.000898642	0.684189	0.108412	0
3.60591	0.000858587	0.534001	0.0968204	0
3.60615	0.000902673	0.784314	0.115571	0
3.60601	0.000892985	0.851064	0.120344	0
3.60507	0.000902218	0.750939	0.110798	0
3.60496	0.000877184	0.467251	0.0879566	0
3.60495	0.00086626	0.584063	0.0981841	0
3.60439	0.000869511	0.584063	0.0981841	0
3.60482	0.000874193	0.617438	0.10057	0
3.60509	0.000899292	0.734251	0.109775	0
3.60514	0.000872242	0.917814	0.122389	0
3.60429	0.000889408	0.700876	0.107048	0
3.6053	0.000878679	0.734251	0.109775	0
3.60479	0.000866455	0.650814	0.106025	0
3.60372	0.000880435	0.684189	0.106025	0
3.60459	0.000881605	0.700876	0.107048	0
3.60512	0.000882971	0.700876	0.107048	0
3.60461	0.000858782	0.534001	0.0937522	0
3.60443	0.000852409	0.584063	0.0981841	0
3.60556	0.000885897	0.801001	0.116935	0
3.60546	0.0008805	0.750939	0.110798	0
3.60509	0.000878094	0.567376	0.0964795	0
3.60484	0.00085306	0.550688	0.0951158	0
3.60474	0.00086626	0.600751	0.0995477	0
3.60407	0.000848053	0.467251	0.0879566	0
3.60359	0.000829	0.550688	0.0951158	0
3.60542	0.000838299	0.650814	0.103298	0
3.6047	0.000878289	0.650814	0.103298	0
3.60434	0.00085345	0.467251	0.0910248	0
3.60409	0.000835503	0.467251	0.0879566	0
3.60483	0.000884597	0.550688	0.0951158	0
3.60503	0.000870746	0.567376	0.0964795	0
3.6047	0.000864894	0.650814	0.103298	0
3.60514	0.000888043	0.634126	0.101934	0
3.60611	0.000874518	0.483938	0.0893202	0
3.60458	0.000877704	0.517313	0.0923885	0
3.60397	0.000846232	0.584063	0.0981841	0
3.60431	0.000851109	0.550688	0.0951158	0
3.60492	0.000901438	0.700876	0.107048	0
3.60503	0.000881735	0.584063	0.0981841	0
3.60462	0.000859042	0.517313	0.0923885	0
3.60362	0.000892725	0.667501	0.104661	0
3.60451	0.000837584	0.467251	0.0879566	0
3.60461	0.000846947	0.600751	0.0995477	0
3.60542	0.000847988	0.367126	0.07807	0
3.60564	0.000837909	0.517313	0.0923885	0
3.60488	0.000835633	0.517313	0.0954567	0
3.60612	0.000884402	0.667501	0.104661	0
3.60526	0.000833422	0.584063	0.0981841	0
3.60509	0.000862098	0.467251	0.0879566	0
3.60522	0.000835178	0.517313	0.0923885	0
3.60544	0.000855596	0.734251	0.109775	0
3.60471	0.000824189	0.417188	0.0831837	0
3.60514	0.000857286	0.667501	0.107389	0
3.60502	0.000882256	0.600751	0.0995477	0
3.605	0.00086756	0.634126	0.104661	0
3.60527	0.000877964	0.617438	0.10057	0
3.60526	0.000849483	0.517313	0.0923885	0
3.60439	0.00087972	0.567376	0.0995477	0
3.60457	0.000864764	0.550688	0.0951158	0
3.60449	0.000848768	0.534001	0.0968204	0
3.60512	0.000836543	0.650814	0.103298	0
3.60609	0.000866065	0.750939	0.110798	0
3.60615	0.000872762	0.750939	0.113525	0
3.60552	0.000838559	0.483938	0.0893202	0
3.60647	0.000883296	0.767626	0.112162	0
3.60744	0.0008805	0.617438	0.10057	0
3.60554	0.000846752	0.617438	0.10057	0
3.60554	0.000882971	0.567376	0.0964795	0
3.60583	0.000858977	0.617438	0.10057	0
3.60579	0.000851954	0.467251	0.0879566	0
3.60546	0.000848963	0.567376	0.0995477	0
3.60478	0.000850394	0.617438	0.10057	0
3.60474	0.000848963	0.450563	0.086252	0
3.60492	0.000835178	0.483938	0.0893202	0
3.60591	0.000852409	0.617438	0.10057	0
3.60624	0.000858782	0.500626	0.0906839	0
3.60558	0.000875298	0.717564	0.108412	0
3.60639	0.000872632	0.534001	0.0968204	0
3.60565	0.000865869	0.550688	0.0951158	0
3.60436	0.000833097	0.467251	0.0879566	0
3.60388	0.000834723	0.467251	0.0879566	0
3.60478	0.000836478	0.567376	0.0964795	0
3.60468	0.000837129	0.367126	0.07807	0
3.60499	0.000845127	0.550688	0.0951158	0
3.60555	0.000813134	0.467251	0.0879566	0
3.60591	0.000846102	0.483938	0.0893202	0
3.60646	0.000836153	0.534001	0.0937522	0
3.60553	0.000812224	0.467251	0.0879566	0
3.60576	0.000797724	0.433876	0.0845474	0
3.60665	0.000845192	0.567376	0.0995477	0
3.60692	0.000840055	0.584063	0.0981841	0
3.60695	0.000889538	0.667501	0.107389	0
3.60755	0.000876468	0.500626	0.0906839	0
3.60557	0.00085423	0.383813	0.0797746	0
3.60537	0.000834788	0.534001	0.0968204	0
3.60626	0.000859107	0.433876	0.0845474	0
3.60614	0.000810859	0.367126	0.07807	0
3.60623	0.000831666	0.534001	0.0937522	0
3.6068	0.000811639	0.417188	0.0831837	0
3.60652	0.000846102	0.717564	0.108412	0
3.60694	0.00084233	0.450563	0.086252	0
3.60674	0.000828415	0.483938	0.0893202	0
3.60619	0.000813069	0.383813	0.0831837	0
3.60725	0.000846037	0.634126	0.101934	0
3.60753	0.000859172	0.617438	0.106025	0
3.60638	0.000848638	0.517313	0.0923885	0
3.60596	0.000818401	0.300375	0.0705698	0
3.60664	0.000861708	0.634126	0.101934	0
3.60612	0.000857351	0.550688	0.0981841	0
3.60527	0.000846557	0.467251	0.0879566	0
3.60648	0.000863529	0.667501	0.104661	0
3.60715	0.00082718	0.400501	0.0814791	0
3.60682	0.000819962	0.450563	0.086252	0
3.60687	0.00085462	0.617438	0.10057	0
3.607	0.000838169	0.433876	0.0845474	0
3.60704	0.000885182	0.550688	0.0951158	0
3.60851	0.00086665	0.567376	0.0964795	0
3.60689	0.000833747	0.417188	0.0831837	0
3.60681	0.000880825	0.517313	0.0954567	0
3.60827	0.000875818	0.700876	0.107048	0
3.60781	0.000818661	0.467251	0.0879566	0
3.60607	0.000843111	0.483938	0.0893202	0
3.60573	0.0008158	0.350438	0.0760245	0
3.60641	0.000807412	0.383813	0.0797746	0
3.60697	0.000822303	0.483938	0.0893202	0
3.60714	0.000827505	0.450563	0.086252	0
3.60724	0.000839925	0.534001	0.0937522	0
3.60783	0.000832902	0.467251	0.0879566	0
3.60759	0.00082692	0.433876	0.0845474	0
3.6079	0.000856766	0.534001	0.0937522	0
3.60649	0.000820027	0.317063	0.0726153	0
3.60679	0.000840055	0.433876	0.0845474	0
3.60725	0.000832902	0.333751	0.0743199	0
3.60637	0.000812159	0.450563	0.086252	0
3.60586	0.000803381	0.483938	0.0923885	0
3.60675	0.000833097	0.367126	0.07807	0
3.60626	0.000817686	0.450563	0.086252	0
3.60711	0.000840705	0.350438	0.0760245	0
3.60707	0.000802991	0.417188	0.0831837	0
3.60789	0.000838494	0.667501	0.104661	0
3.60744	0.000834593	0.417188	0.0831837	0
3.60665	0.000812549	0.367126	0.07807	0
3.60685	0.000802535	0.433876	0.0845474	0
3.60839	0.000809363	0.417188	0.0831837	0
3.60866	0.000843306	0.534001	0.0937522	0
3.60913	0.000808583	0.450563	0.086252	0
3.60792	0.00080143	0.367126	0.0814791	0
3.60765	0.000775485	0.383813	0.0797746	0
3.60854	0.00078888	0.433876	0.0845474	0
3.60852	0.000800845	0.567376	0.0964795	0
3.60764	0.000778671	0.350438	0.0760245	0
3.60758	0.000812224	0.450563	0.086252	0
3.60855	0.000812419	0.450563	0.0893202	0
3.60854	0.000806957	0.417188	0.0831837	0
3.60916	0.000838624	0.467251	0.0879566	0
3.60857	0.000830431	0.417188	0.0831837	0
3.60806	0.00081541	0.400501	0.0814791	0
3.60835	0.000808843	0.450563	0.086252	0
3.60832	0.000814825	0.567376	0.0964795	0
3.60821	0.000835893	0.517313	0.0923885	0
3.60898	0.000827375	0.433876	0.0845474	0
3.60738	0.000830496	0.417188	0.0893202	0
3.60652	0.000784719	0.300375	0.0705698	0
3.60624	0.000782963	0.317063	0.0726153	0
3.60806	0.000818141	0.467251	0.0910248	0
3.60901	0.000857416	0.500626	0.0937522	0
3.60871	0.000817881	0.367126	0.07807	0
3.60795	0.000803381	0.350438	0.0760245	0
3.60878	0.000790701	0.367126	0.07807	0
3.60979	0.000830821	0.433876	0.0845474	0
3.60857	0.00081567	0.367126	0.07807	0
3.60894	0.000821913	0.417188	0.0831837	0
3.61004	0.000814305	0.433876	0.0879566	0
3.60995	0.00084025	0.433876	0.0879566	0
3.60969	0.000825749	0.534001	0.0937522	0
3.60859	0.00078745	0.333751	0.0743199	0
3.60944	0.000786474	0.367126	0.07807	0
3.6094	0.000807087	0.350438	0.0760245	0
3.60841	0.000794862	0.417188	0.0831837	0
3.60841	0.000801755	0.350438	0.0760245	0
3.60899	0.00080182	0.450563	0.086252	0
3.60959	0.000827505	0.383813	0.0797746	0
3.60976	0.000794732	0.383813	0.0797746	0
3.60891	0.000778606	0.283688	0.0685243	0
3.60964	0.00081476	0.500626	0.0906839	0
3.60998	0.000832187	0.433876	0.0845474	0
3.60991	0.000790701	0.450563	0.086252	0
3.60959	0.000819767	0.467251	0.0879566	0
3.60905	0.000810208	0.450563	0.086252	0
3.60904	0.00081489	0.467251	0.0879566	0
3.60906	0.000799024	0.317063	0.0726153	0
3.6102	0.000811704	0.383813	0.0831837	0
3.61101	0.000791546	0.367126	0.07807	0
3.60961	0.000820547	0.417188	0.0831837	0
3.609	0.000810533	0.367126	0.07807	0
3.61067	0.000812484	0.350438	0.0760245	0
3.6108	0.000805526	0.450563	0.086252	0
3.60995	0.000804811	0.350438	0.0760245	0
3.61093	0.000805396	0.367126	0.07807	0
3.61245	0.000808127	0.317063	0.0763654	0
3.61143	0.000808388	0.350438	0.0760245	0
3.6103	0.000802926	0.400501	0.0814791	0
3.61074	0.00081515	0.433876	0.0845474	0
3.61123	0.000830951	0.383813	0.0797746	0
3.60986	0.000803641	0.350438	0.0760245	0
3.61096	0.000831406	0.500626	0.0906839	0
3.6111	0.000853255	0.450563	0.086252	0
3.60996	0.000826139	0.400501	0.0814791	0
3.61082	0.000832837	0.417188	0.0831837	0
3.61155	0.000794667	0.483938	0.0893202	0
3.60943	0.000794277	0.233625	0.0623878	0
3.60981	0.000797919	0.367126	0.07807	0
3.61195	0.000805461	0.383813	0.0797746	0
3.61032	0.000785629	0.417188	0.0831837	0
3.61018	0.000794277	0.350438	0.0760245	0
3.61175	0.000798699	0.517313	0.0923885	0
3.61208	0.000812484	0.433876	0.0845474	0
3.61154	0.000829	0.467251	0.0879566	0
3.61218	0.000805982	0.417188	0.0831837	0
3.61261	0.000817101	0.400501	0.0814791	0
3.61224	0.000784458	0.400501	0.0814791	0
3.61186	0.00078784	0.333751	0.0743199	0
3.61006	0.000795123	0.283688	0.0685243	0
3.61143	0.000813134	0.417188	0.0831837	0
3.61259	0.000805071	0.333751	0.0743199	0
3.61311	0.00078953	0.433876	0.0845474	0
3.61209	0.000811769	0.267	0.0664788	0
3.61178	0.000776395	0.383813	0.0797746	0
3.6108	0.000808388	0.467251	0.0879566	0
3.61105	0.000814825	0.367126	0.07807	0
3.61103	0.000798179	0.450563	0.086252	0
3.61157	0.000811899	0.350438	0.0760245	0
3.61089	0.000775745	0.383813	0.0797746	0
3.61198	0.000788685	0.584063	0.0981841	0
3.61213	0.000818727	0.433876	0.0845474	0
3.61093	0.000817621	0.333751	0.0743199	0
3.61147	0.000785759	0.367126	0.07807	0
3.61215	0.000792587	0.450563	0.086252	0
3.61254	0.000833942	0.400501	0.0845474	0
3.61289	0.000784654	0.383813	0.0797746	0
3.6132	0.000788165	0.350438	0.0760245	0
3.61261	0.000772949	0.250313	0.0644333	0
3.61369	0.000758709	0.367126	0.07807	0
3.61429	0.000792326	0.450563	0.086252	0
3.61394	0.000819507	0.467251	0.0879566	0
3.61272	0.000785694	0.250313	0.0644333	0
3.61237	0.000800715	0.383813	0.0797746	0
3.61286	0.000763	0.317063	0.0726153	0
3.61255	0.00077438	0.267	0.0664788	0
3.61361	0.000801625	0.417188	0.0831837	0
3.61365	0.00081463	0.400501	0.0814791	0
3.61334	0.000810338	0.500626	0.0906839	0
3.61366	0.000798439	0.333751	0.0743199	0
3.61345	0.000808388	0.550688	0.0981841	0
3.61356	0.000810728	0.333751	0.0743199	0
3.61383	0.000802145	0.367126	0.07807	0
3.61312	0.000800259	0.383813	0.0797746	0
3.61296	0.000814045	0.383813	0.0797746	0
3.61316	0.00078732	0.433876	0.0845474	0
3.61315	0.000784393	0.367126	0.07807	0
3.61355	0.000821783	0.534001	0.0937522	0
3.61325	0.000823473	0.350438	0.0760245	0
3.61325	0.000794407	0.333751	0.0743199	0
3.6138	0.00077451	0.250313	0.0644333	0
3.61351	0.000751491	0.417188	0.086252	0
3.61396	0.000763	0.20025	0.057615	0
3.61351	0.000795058	0.383813	0.0797746	0
3.61447	0.000791091	0.433876	0.0845474	0
3.6143	0.000785694	0.333751	0.07807	0
3.61377	0.000825034	0.350438	0.0760245	0
3.61373	0.000808583	0.367126	0.07807	0
3.61405	0.000781077	0.300375	0.0705698	0
3.6138	0.000793367	0.400501	0.0814791	0
3.61326	0.000769113	0.250313	0.0644333	0
3.61402	0.000786084	0.383813	0.0797746	0
3.61478	0.000839925	0.433876	0.0845474	0
3.61533	0.000827635	0.250313	0.0644333	0
3.61407	0.000786019	0.250313	0.0644333	0
3.61374	0.000772624	0.233625	0.0623878	0
3.61408	0.000782443	0.283688	0.0685243	0
3.61389	0.000785174	0.283688	0.0685243	0
3.61351	0.000796098	0.150188	0.0501148	0
3.61329	0.000781467	0.300375	0.0705698	0
3.61464	0.000794017	0.283688	0.0685243	0
3.61596	0.000797333	0.317063	0.0726153	0
3.61581	0.00078784	0.417188	0.0831837	0
3.61516	0.000760334	0.283688	0.0685243	0
3.614	0.000775875	0.216938	0.0600014	0
3.61533	0.00080104	0.400501	0.0814791	0
3.61518	0.000775095	0.150188	0.0501148	0
3.61574	0.000800129	0.467251	0.0879566	0
3.61542	0.000816516	0.267	0.0664788	0
3.61511	0.000769958	0.300375	0.0705698	0
3.6155	0.000795383	0.333751	0.0743199	0
3.61682	0.000810924	0.283688	0.0685243	0
3.61541	0.000778996	0.283688	0.0685243	0
3.6148	0.000764366	0.267	0.0664788	0
3.6155	0.000766056	0.233625	0.0623878	0
3.6161	0.000764561	0.317063	0.0726153	0
3.61624	0.000767032	0.400501	0.0814791	0
3.61625	0.000798374	0.383813	0.0797746	0
3.6161	0.000779647	0.300375	0.0705698	0
3.61509	0.000769243	0.183563	0.0552285	0
3.61564	0.000779517	0.283688	0.0685243	0
3.6161	0.000793822	0.367126	0.0814791	0
3.61597	0.000777501	0.250313	0.0644333	0
3.6165	0.000813264	0.483938	0.0893202	0
3.61743	0.000766447	0.350438	0.0760245	0
3.6171	0.000796748	0.400501	0.0814791	0
3.61648	0.000785759	0.333751	0.0743199	0
3.61639	0.000818987	0.283688	0.0685243	0
3.61642	0.000750646	0.250313	0.0644333	0
3.6154	0.000747915	0.300375	0.0705698	0
3.61525	0.000766772	0.300375	0.0705698	0
3.61635	0.000791221	0.350438	0.0760245	0
3.61729	0.00078745	0.367126	0.07807	0
3.61676	0.000819897	0.317063	0.0763654	0
3.61673	0.000777111	0.417188	0.0831837	0
3.61639	0.00077555	0.216938	0.0600014	0
3.61657	0.000775485	0.233625	0.0623878	0
3.6176	0.000778671	0.300375	0.0705698	0
3.61915	0.000792196	0.450563	0.086252	0
3.61725	0.000779452	0.183563	0.0552285	0
3.61705	0.000773274	0.20025	0.057615	0
3.61741	0.000764366	0.233625	0.0623878	0
3.6181	0.000778931	0.350438	0.0760245	0
3.61788	0.000769243	0.150188	0.0501148	0
3.61756	0.000781402	0.417188	0.0831837	0
3.61797	0.000778216	0.267	0.0664788	0
3.61674	0.000786669	0.233625	0.0623878	0
3.61673	0.000752856	0.267	0.0664788	0
3.61798	0.000781532	0.283688	0.0685243	0
3.61696	0.000771779	0.233625	0.0623878	0
3.61776	0.000788555	0.333751	0.0743199	0
3.61761	0.000771454	0.233625	0.0623878	0
3.61773	0.000777631	0.383813	0.0797746	0
3.61877	0.000786409	0.317063	0.0726153	0
3.61873	0.000759944	0.283688	0.0685243	0
3.61773	0.000770738	0.333751	0.0743199	0
3.61753	0.000776786	0.300375	0.0705698	0
3.61913	0.000790831	0.350438	0.0760245	0
3.61811	0.000762025	0.300375	0.0705698	0
3.61825	0.000780687	0.267	0.0664788	0
3.61866	0.000769308	0.300375	0.0705698	0
3.61948	0.000783418	0.283688	0.0685243	0
3.6188	0.000738096	0.317063	0.0726153	0
3.61908	0.000794407	0.317063	0.0726153	0
3.61973	0.000784849	0.233625	0.0623878	0
3.61979	0.000749995	0.20025	0.057615	0
3.61965	0.000782053	0.283688	0.0685243	0
3.62042	0.000779647	0.400501	0.0814791	0
3.61959	0.000772104	0.233625	0.0623878	0
3.6187	0.000768007	0.216938	0.0600014	0
3.62012	0.000757213	0.433876	0.0845474	0
3.62008	0.000761635	0.250313	0.0644333	0
3.62021	0.000788945	0.350438	0.0760245	0
3.61969	0.000778086	0.300375	0.0705698	0
3.61969	0.00077594	0.250313	0.0644333	0
3.62076	0.000830951	0.333751	0.0743199	0
3.61945	0.000808453	0.333751	0.0743199	0
3.61968	0.00077412	0.350438	0.0760245	0
3.61992	0.000779387	0.267	0.0664788	0
3.61947	0.000770868	0.350438	0.0760245	0
3.61975	0.000756108	0.20025	0.057615	0
3.61993	0.000751296	0.233625	0.0623878	0
3.62051	0.000768983	0.233625	0.0623878	0
3.62011	0.000766252	0.166875	0.0525012	0
3.62076	0.000756628	0.250313	0.0644333	0
3.62137	0.000756498	0.216938	0.0600014	0
3.62077	0.000774965	0.350438	0.0760245	0
3.62118	0.00076092	0.20025	0.057615	0
3.62097	0.000806632	0.233625	0.0623878	0
3.62042	0.000777176	0.267	0.0664788	0
3.61985	0.000783743	0.267	0.0664788	0
3.61944	0.000760009	0.216938	0.0600014	0
3.62098	0.000741282	0.216938	0.0600014	0
3.62068	0.000755067	0.183563	0.0552285	0
3.62106	0.00076326	0.20025	0.057615	0
3.62167	0.000788815	0.367126	0.07807	0
3.62132	0.000763	0.283688	0.0685243	0
3.61998	0.000756238	0.233625	0.0623878	0
3.62123	0.000781988	0.317063	0.0763654	0
3.62149	0.000755718	0.20025	0.057615	0
3.62116	0.000767747	0.267	0.0664788	0
3.62156	0.000786734	0.233625	0.0623878	0
3.62113	0.000771519	0.20025	0.057615	0
3.62081	0.000745509	0.116813	0.0439783	0
3.62156	0.000743883	0.283688	0.0685243	0
3.62105	0.000739396	0.20025	0.057615	0
3.62215	0.000760724	0.417188	0.0831837	0
3.6229	0.000777176	0.283688	0.0685243	0
3.62143	0.000767162	0.1335	0.0470465	0
3.6215	0.000756043	0.300375	0.0705698	0
3.62282	0.000789595	0.333751	0.0743199	0
3.62281	0.000779842	0.233625	0.0623878	0
3.62284	0.000779387	0.166875	0.0525012	0
3.62276	0.000779842	0.267	0.0664788	0
3.62146	0.0008026	0.350438	0.0760245	0
3.62121	0.000757603	0.233625	0.0623878	0
3.62139	0.000754547	0.20025	0.057615	0
3.62283	0.000759164	0.183563	0.0552285	0
3.62295	0.00076209	0.317063	0.0726153	0
3.6222	0.000762025	0.300375	0.0705698	0
3.62313	0.000773144	0.20025	0.057615	0
3.62314	0.000747524	0.20025	0.057615	0
3.62302	0.000750125	0.250313	0.0644333	0
3.6245	0.000775355	0.383813	0.0797746	0
3.62425	0.000754547	0.1335	0.0470465	0
3.6225	0.000786149	0.283688	0.0685243	0
3.62362	0.000797268	0.300375	0.0705698	0
3.62335	0.000760399	0.183563	0.0552285	0
3.62326	0.000760269	0.183563	0.0552285	0
3.62434	0.000785824	0.400501	0.0814791	0
3.62526	0.000768853	0.283688	0.0685243	0
3.62385	0.000759944	0.267	0.0664788	0
3.6239	0.000762805	0.333751	0.0743199	0
3.62518	0.000789595	0.233625	0.0664788	0
3.62377	0.000770803	0.250313	0.0644333	0
3.6231	0.000754092	0.183563	0.0552285	0
3.62451	0.000776656	0.300375	0.0705698	0
3.62478	0.000768397	0.233625	0.0623878	0
3.62365	0.000754937	0.233625	0.0623878	0
3.62432	0.000740242	0.216938	0.0600014	0
3.62571	0.000771584	0.317063	0.0726153	0
3.62549	0.00077555	0.300375	0.0705698	0
3.6241	0.000746679	0.300375	0.0705698	0
3.6233	0.000734324	0.150188	0.0501148	0
3.62476	0.000764691	0.333751	0.0743199	0
3.62485	0.000773404	0.333751	0.07807	0
3.62438	0.00076326	0.267	0.0664788	0
3.62573	0.000747654	0.233625	0.0623878	0
3.62508	0.000763846	0.233625	0.0623878	0
3.62473	0.000752336	0.350438	0.0760245	0
3.62581	0.000773599	0.467251	0.0879566	0
3.62566	0.000764431	0.250313	0.0644333	0
3.62489	0.000744338	0.20025	0.057615	0
3.62505	0.000745639	0.216938	0.0600014	0
3.62582	0.000750125	0.20025	0.057615	0
3.62622	0.000769373	0.20025	0.057615	0
3.62619	0.000750255	0.233625	0.0623878	0
3.62629	0.000741997	0.216938	0.0600014	0
3.62667	0.000764496	0.233625	0.0623878	0
3.62639	0.000776395	0.20025	0.057615	0
3.62661	0.00076118	0.250313	0.0644333	0
3.62653	0.000747785	0.317063	0.0726153	0
3.62647	0.000753767	0.166875	0.0525012	0
3.62687	0.000745834	0.333751	0.0743199	0
3.62645	0.000739266	0.20025	0.057615	0
3.6259	0.00072366	0.1335	0.0470465	0
3.62652	0.000742387	0.20025	0.057615	0
3.62522	0.000750841	0.300375	0.0705698	0
3.626	0.000747915	0.250313	0.0644333	0
3.62633	0.000740762	0.166875	0.0525012	0
3.62613	0.000751621	0.267	0.0664788	0
3.62563	0.000728927	0.1335	0.0470465	0
3.62681	0.000745184	0.166875	0.0525012	0
3.62721	0.000738291	0.150188	0.0501148	0
3.62578	0.000737185	0.150188	0.0501148	0
3.62675	0.000741022	0.1335	0.0470465	0
3.62699	0.000742387	0.183563	0.0552285	0
3.6264	0.000708119	0.166875	0.0525012	0
3.62705	0.000732439	0.166875	0.0525012	0
3.62767	0.000760659	0.20025	0.057615	0
3.62741	0.000747264	0.233625	0.0623878	0
3.62817	0.000748565	0.267	0.0664788	0
3.62799	0.000756628	0.267	0.0664788	0
3.62762	0.00076092	0.267	0.0664788	0
3.62802	0.00080169	0.250313	0.0644333	0
3.62787	0.000753247	0.150188	0.0501148	0
3.62766	0.000756433	0.317063	0.0726153	0
3.62799	0.000750255	0.166875	0.0525012	0
3.62758	0.000744143	0.20025	0.057615	0
3.62777	0.000740762	0.1335	0.0470465	0
3.62853	0.000741022	0.216938	0.0600014	0
3.62844	0.000755002	0.283688	0.0685243	0
3.6288	0.000750581	0.20025	0.0623878	0
3.62843	0.00076313	0.267	0.0705698	0
3.62913	0.000746939	0.216938	0.0600014	0
3.62912	0.000779842	0.300375	0.0705698	0
3.62863	0.00073621	0.20025	0.057615	0
3.62895	0.00073595	0.166875	0.0525012	0
3.62878	0.000746224	0.267	0.0664788	0
3.62919	0.000742973	0.20025	0.057615	0
3.62926	0.00072262	0.283688	0.0685243	0
3.62965	0.000753117	0.250313	0.0644333	0
3.62983	0.000751946	0.183563	0.0552285	0
3.62895	0.000720734	0.1335	0.0470465	0
3.6287	0.000731723	0.233625	0.0623878	0
3.63031	0.000755002	0.267	0.0664788	0
3.62971	0.000743753	0.367126	0.07807	0
3.62923	0.000785109	0.250313	0.0644333	0
3.62869	0.000760074	0.20025	0.057615	0
3.63034	0.000752531	0.233625	0.0623878	0
3.63072	0.000789205	0.333751	0.0743199	0
3.63155	0.000783483	0.300375	0.0743199	0
3.63074	0.000762415	0.300375	0.0705698	0
3.63128	0.000776525	0.250313	0.0644333	0
3.6302	0.000759359	0.183563	0.0552285	0
3.63036	0.000763651	0.267	0.0664788	0
3.63153	0.000765926	0.267	0.0664788	0
3.6314	0.000769568	0.183563	0.0552285	0
3.6302	0.000723725	0.216938	0.0644333	0
3.63046	0.000763586	0.166875	0.0525012	0
3.63064	0.00072379	0.20025	0.057615	0
3.63066	0.000750711	0.183563	0.0552285	0
3.63135	0.00076118	0.333751	0.0743199	0
3.63162	0.000753117	0.150188	0.0501148	0
3.63034	0.000736535	0.216938	0.0600014	0
3.63109	0.000759164	0.350438	0.0760245	0
3.63159	0.00076105	0.166875	0.0525012	0
3.63139	0.000756888	0.233625	0.0623878	0
3.63048	0.000725806	0.150188	0.0501148	0
3.6316	0.000724896	0.250313	0.0644333	0
3.63201	0.000742518	0.150188	0.0501148	0
3.63096	0.000729578	0.183563	0.0552285	0
3.6316	0.000740827	0.216938	0.0600014	0
3.63187	0.000733609	0.20025	0.057615	0
3.63099	0.000717093	0.116813	0.0439783	0
3.63196	0.000728342	0.183563	0.0552285	0
3.6332	0.000748565	0.233625	0.0623878	0
3.63358	0.000753897	0.20025	0.057615	0
3.63212	0.000746874	0.233625	0.0623878	0
3.63166	0.000720734	0.0667501	0.0334099	0
3.63258	0.000745899	0.216938	0.0644333	0
3.63334	0.000719239	0.233625	0.0623878	0
3.63182	0.000745119	0.216938	0.0600014	0
3.63194	0.000727822	0.166875	0.0525012	0
3.63171	0.000737251	0.233625	0.0623878	0
3.63237	0.000754417	0.250313	0.0644333	0
3.63296	0.000728407	0.166875	0.0525012	0
3.63244	0.0007221	0.166875	0.057615	0
3.63244	0.000740762	0.233625	0.0623878	0
3.63368	0.000769438	0.267	0.0664788	0
3.63312	0.000770673	0.216938	0.0600014	0
3.63268	0.000744728	0.267	0.0664788	0
3.63245	0.00074811	0.150188	0.0501148	0
3.6323	0.000735885	0.166875	0.0525012	0
3.63267	0.000729513	0.1335	0.0470465	0
3.63294	0.000725351	0.1335	0.0470465	0
3.6338	0.000732049	0.283688	0.0685243	0
3.63428	0.000745444	0.216938	0.0600014	0
3.63486	0.000742387	0.250313	0.0644333	0
3.634	0.000728732	0.1335	0.0470465	0
3.63368	0.000736795	0.216938	0.0600014	0
3.63504	0.000741607	0.233625	0.0623878	0
3.63475	0.000742127	0.350438	0.0760245	0
3.6341	0.0007485	0.216938	0.0600014	0
3.63455	0.000750646	0.216938	0.0600014	0
3.63426	0.000734519	0.317063	0.0726153	0
3.63488	0.000733089	0.20025	0.057615	0
3.63492	0.000733999	0.150188	0.0501148	0
3.63517	0.000745899	0.183563	0.0552285	0
3.63529	0.000748955	0.183563	0.0552285	0
3.63516	0.000764366	0.250313	0.0644333	0
3.63538	0.000753637	0.250313	0.0644333	0
3.63563	0.000769438	0.166875	0.0525012	0
3.63615	0.000736925	0.183563	0.0552285	0
3.63518	0.000742973	0.20025	0.057615	0
3.63513	0.000734389	0.150188	0.0501148	0
3.63529	0.000731268	0.267	0.0664788	0
3.63536	0.000726651	0.1335	0.0470465	0
3.63412	0.00070916	0.100125	0.04091	0
3.63554	0.000728602	0.20025	0.057615	0
3.63664	0.000737706	0.20025	0.057615	0
3.63541	0.00072288	0.166875	0.0525012	0
3.63535	0.000722945	0.100125	0.04091	0
3.6352	0.000706104	0.0834376	0.0371599	0
3.63526	0.00072366	0.250313	0.0644333	0
3.63594	0.00073647	0.20025	0.057615	0
3.63599	0.000734585	0.0834376	0.0371599	0
3.63627	0.000716963	0.1335	0.0470465	0
3.63571	0.00073569	0.150188	0.0501148	0
3.63618	0.000742908	0.116813	0.0439783	0
3.6366	0.000748045	0.183563	0.0552285	0
3.63692	0.000729448	0.166875	0.0525012	0
3.63668	0.000726196	0.166875	0.0525012	0
3.63637	0.000742322	0.233625	0.0623878	0
3.63745	0.000744598	0.300375	0.0705698	0
3.63717	0.000755587	0.216938	0.0600014	0
3.63665	0.000743753	0.183563	0.0552285	0
3.63659	0.000750841	0.267	0.0664788	0
3.6372	0.000752141	0.267	0.0664788	0
3.63654	0.000743948	0.183563	0.0552285	0
3.63587	0.000738681	0.100125	0.04091	0
3.63662	0.000722425	0.1335	0.0470465	0
3.6379	0.00073712	0.20025	0.057615	0
3.6379	0.000718914	0.233625	0.0623878	0
3.63804	0.000724246	0.166875	0.0525012	0
3.63699	0.000733609	0.20025	0.0623878	0
3.63691	0.000717158	0.1335	0.0470465	0
3.63752	0.000728602	0.150188	0.0501148	0
3.63798	0.00073712	0.183563	0.0552285	0
3.63852	0.000728927	0.250313	0.0644333	0
3.63865	0.000753572	0.267	0.0664788	0
3.63862	0.000742387	0.216938	0.0600014	0
3.63929	0.000724831	0.183563	0.0552285	0
3.63922	0.000725741	0.183563	0.0552285	0
3.63944	0.000740567	0.216938	0.0600014	0
3.63917	0.000725871	0.116813	0.0439783	0
3.63838	0.000712606	0.166875	0.0525012	0
3.63824	0.000723205	0.1335	0.0470465	0
3.63811	0.000713191	0.1335	0.0470465	0
3.6382	0.000742843	0.166875	0.0525012	0
3.63887	0.000736795	0.250313	0.0644333	0
3.63945	0.000739852	0.216938	0.0600014	0
3.6396	0.000729317	0.216938	0.0600014	0
3.63839	0.00071007	0.0667501	0.0334099	0
3.63863	0.000752921	0.250313	0.0644333	0
3.63997	0.000738161	0.233625	0.0623878	0
3.63974	0.000742648	0.166875	0.0525012	0
3.64017	0.000746744	0.267	0.0664788	0
3.64052	0.000732894	0.20025	0.057615	0
3.64019	0.000740047	0.216938	0.0600014	0
3.6401	0.000736925	0.150188	0.0501148	0
3.6397	0.000713777	0.1335	0.0470465	0
3.64034	0.000717483	0.116813	0.0439783	0
3.64099	0.000730358	0.20025	0.057615	0
3.64051	0.00072288	0.166875	0.0525012	0
3.64152	0.000743168	0.333751	0.0743199	0
3.64106	0.000731138	0.20025	0.057615	0
3.63987	0.000735495	0.116813	0.0439783	0
3.64032	0.000711631	0.166875	0.0525012	0
3.64146	0.000738746	0.216938	0.0600014	0
3.64133	0.000733089	0.20025	0.057615	0
3.64077	0.000726912	0.100125	0.04091	0
3.64103	0.000744598	0.300375	0.0705698	0
3.64101	0.000765731	0.317063	0.0726153	0
3.64007	0.000756823	0.166875	0.0525012	0
3.64044	0.00073517	0.20025	0.057615	0
3.64181	0.000728147	0.20025	0.057615	0
3.64112	0.000755718	0.183563	0.0552285	0
3.64157	0.000735885	0.166875	0.0525012	0
3.6412	0.000713647	0.166875	0.0525012	0
3.64134	0.000731268	0.20025	0.057615	0
3.64099	0.000739786	0.166875	0.0525012	0
3.64176	0.000716378	0.0834376	0.0371599	0
3.64148	0.000730878	0.233625	0.0623878	0
3.6424	0.000729708	0.0834376	0.0371599	0
3.64223	0.00071059	0.0667501	0.0334099	0
3.64284	0.000728342	0.150188	0.0501148	0
3.64257	0.000719629	0.100125	0.04091	0
3.64264	0.000724311	0.150188	0.0501148	0
3.64148	0.000720019	0.0500626	0.0289779	0
3.64289	0.000730098	0.183563	0.0552285	0
3.64356	0.000732244	0.150188	0.0501148	0
3.64207	0.000702137	0.0834376	0.0371599	0
3.64198	0.00072197	0.250313	0.0644333	0
3.64304	0.000734715	0.150188	0.0501148	0
3.64318	0.000742257	0.250313	0.0644333	0
3.64328	0.000752661	0.216938	0.0600014	0
3.64405	0.000733674	0.150188	0.0501148	0
3.64463	0.000751296	0.233625	0.0623878	0
3.64346	0.000734454	0.150188	0.0501148	0
3.64265	0.000729057	0.20025	0.057615	0
3.64312	0.000732699	0.1335	0.0470465	0
3.64425	0.000720214	0.166875	0.0525012	0
3.64382	0.000728407	0.183563	0.0552285	0
3.64296	0.000732374	0.100125	0.04091	0
3.6429	0.000713451	0.150188	0.0501148	0
3.64444	0.000720149	0.183563	0.0552285	0
3.64425	0.000714037	0.100125	0.04091	0
3.64402	0.000720149	0.100125	0.04091	0
3.64526	0.000745314	0.166875	0.0525012	0
3.64435	0.000725676	0.233625	0.0623878	0
3.64469	0.00073608	0.267	0.0664788	0
3.64408	0.000739136	0.183563	0.0552285	0
3.64326	0.000728667	0.150188	0.0501148	0
3.64411	0.000740567	0.1335	0.0470465	0
3.64487	0.000734585	0.183563	0.0552285	0
0	0	0	0	0
0	0	0	0	0
0	0	0	0	0
0	0	0	0	0
0	0	0	0	0
0	0	0	0	0
0	0	0	0	0
0	0	0	0	0
0	0	0	0	0
0	0	0	0	0
0	0	0	0	0
0	0	0	0	0
0	0	0	0	0
0	0	0	0	0
0	0	0	0	0
0	0	0	0	0
0	0	0	0	0
0	0	0	0	0
0	0	0	0	0
0	0	0	0	0
0	0	0	0	0
0	0	0	0	0
0	0	0	0	0
0	0	0	0	0
0	0	0	0	0
0	0	0	0	0
0	0	0	0	0
0	0	0	0	0
0	0	0	0	0
0	0	0	0	0
0	0	0	0	0
0	0	0	0	0
0	0	0	0	0
0	0	0	0	0
0	0	0	0	0
0	0	0	0	0
0	0	0	0	0
0	0	0	0	0
0	0	0	0	0
0	0	0	0	0
0	0	0	0	0
0	0	0	0	0
0	0	0	0	0
0	0	0	0	0
0	0	0	0	0
0	0	0	0	0
0	0	0	0	0
0	0	0	0	0
0	0	0	0	0
0	0	0	0	0
0	0	0	0	0
0	0	0	0	0
0	0	0	0	0
0	0	0	0	0
0	0	0	0	0
0	0	0	0	0
0	0	0	0	0
0	0	0	0	0
0	0	0	0	0
0	0	0	0	0
0	0	0	0	0
0	0	0	0	0
0	0	0	0	0
0	0	0	0	0
0	0	0	0	0
0	0	0	0	0
0	0	0	0	0
0	0	0	0	0
0	0	0	0	0
0	0	0	0	0
0	0	0	0	0
0	0	0	0	0
0	0	0	0	0
0	0	0	0	0
0	0	0	0	0
0	0	0	0	0
0	0	0	0	0
0	0	0	0	0
0	0	0	0	0
0	0	0	0	0
0	0	0	0	0
0	0	0	0	0
0	0	0	0	0
0	0	0	0	0
0	0	0	0	0
0	0	0	0	0
0	0	0	0	0
0	0	0	0	0
0	0	0	0	0
0	0	0	0	0
0	0	0	0	0
0	0	0	0	0
0	0	0	0	0
0	0	0	0	0
0	0	0	0	0
0	0	0	0	0
0	0	0	0	0
0	0	0	0	0
0	0	0	0	0
0	0	0	0	0
0	0	0	0	0
0	0	0	0	0
0	0	0	0	0
0	0	0	0	0
0	0	0	0	0
0	0	0	0	0
0	0	0	0	0
0	0	0	0	0
0	0	0	0	0
0	0	0	0	0
0	0	0	0	0
0	0	0	0	0
0	0	0	0	0
0	0	0	0	0
0	0	0	0	0
0	0	0	0	0
0	0	0	0	0
0	0	0	0	0
0	0	0	0	0
0	0	0	0	0
0	0	0	0	0
0	0	0	0	0
0	0	0	0	0
0	0	0	0	0
0	0	0	0	0
0	0	0	0	0
0	0	0	0	0
0	0	0	0	0
0	0	0	0	0
0	0	0	0	0
0	0	0	0	0
0	0	0	0	0
0	0	0	0	0
0	0	0	0	0
0	0	0	0	0
0	0	0	0	0
0	0	0	0	0
0	0	0	0	0
0	0	0	0	0
0	0	0	0	0
0	0	0	0	0
0	0	0	0	0
0	0	0	0	0
0	0	0	0	0
0	0	0	0	0
0	0	0	0	0
0	0	0	0	0
0	0	0	0	0
0	0	0	0	0
0	0	0	0	0
0	0	0	0	0
0	0	0	0	0
0	0	0	0	0
0	0	0	0	0
0	0	0	0	0
0	0	0	0	0
0	0	0	0	0
0	0	0	0	0
0	0	0	0	0
0	0	0	0	0
0	0	0	0	0
0	0	0	0	0
0	0	0	0	0
0	0	0	0	0
0	0	0	0	0
0	0	0	0	0
0	0	0	0	0
0	0	0	0	0
0	0	0	0	0
0	0	0	0	0
0	0	0	0	0
0	0	0	0	0
0	0	0	0	0
0	0	0	0	0
0	0	0	0	0
0	0	0	0	0
0	0	0	0	0
0	0	0	0	0
0	0	0	0	0
0	0	0	0	0
0	0	0	0	0
0	0	0	0	0
0	0	0	0	0
0	0	0	0	0
0	0	0	0	0
0	0	0	0	0
0	0	0	0	0
0	0	0	0	0
0	0	0	0	0
0	0	0	0	0
0	0	0	0	0
0	0	0	0	0
0	0	0	0	0
0	0	0	0	0
0	0	0	0	0
0	0	0	0	0
0	0	0	0	0
0	0	0	0	0
0	0	0	0	0
0	0	0	0	0
0	0	0	0	0
0	0	0	0	0
0	0	0	0	0
0	0	0	0	0
0	0	0	0	0
0	0	0	0	0
0	0	0	0	0
0	0	0	0	0
0	0	0	0	0
0	0	0	0	0
0	0	0	0	0
0	0	0	0	0
0	0	0	0	0
0	0	0	0	0
0	0	0	0	0
0	0	0	0	0
0	0	0	0	0
0	0	0	0	0
0	0	0	0	0
0	0	0	0	0
0	0	0	0	0
0	0	0	0	0
0	0	0	0	0
0	0	0	0	0
0	0	0	0	0
0	0	0	0	0
0	0	0	0	0
0	0	0	0	0
0	0	0	0	0
0	0	0	0	0
0	0	0	0	0
0	0	0	0	0
0	0	0	0	0
0	0	0	0	0
0	0	0	0	0
0	0	0	0	0
0	0	0	0	0
0	0	0	0	0
0	0	0	0	0
0	0	0	0	0
0	0	0	0	0
0	0	0	0	0
0	0	0	0	0
0	0	0	0	0
0	0	0	0	0
0	0	0	0	0
0	0	0	0	0
0	0	0	0	0
0	0	0	0	0
0	0	0	0	0
0	0	0	0	0
0	0	0	0	0
0	0	0	0	0
0	0	0	0	0
0	0	0	0	0
0	0	0	0	0
0	0	0	0	0
0	0	0	0	0
0	0	0	0	0
0	0	0	0	0
0	0	0	0	0
0	0	0	0	0
0	0	0	0	0
0	0	0	0	0
0	0	0	0	0
0	0	0	0	0
0	0	0	0	0
0	0	0	0	0
0	0	0	0	0
0	0	0	0	0
0	0	0	0	0
0	0	0	0	0
0	0	0	0	0
0	0	0	0	0
0	0	0	0	0
0	0	0	0	0
0	0	0	0	0
0	0	0	0	0
0	0	0	0	0
0	0	0	0	0
0	0	0	0	0
0	0	0	0	0
0	0	0	0	0
0	0	0	0	0
0	0	0	0	0
0	0	0	0	0
0	0	0	0	0
0	0	0	0	0
0	0	0	0	0
0	0	0	0	0
0	0	0	0	0
0	0	0	0	0
0	0	0	0	0
0	0	0	0	0
0	0	0	0	0
0	0	0	0	0
0	0	0	0	0
0	0	0	0	0
0	0	0	0	0
0	0	0	0	0
0	0	0	0	0
0	0	0	0	0
0	0	0	0	0
0	0	0	0	0
0	0	0	0	0
0	0	0	0	0
0	0	0	0	0
0	0	0	0	0
0	0	0	0	0
0	0	0	0	0
0	0	0	0	0
0	0	0	0	0
0	0	0	0	0
0	0	0	0	0
0	0	0	0	0
0	0	0	0	0
0	0	0	0	0
0	0	0	0	0
0	0	0	0	0
0	0	0	0	0
0	0	0	0	0
0	0	0	0	0
0	0	0	0	0
0	0	0	0	0
0	0	0	0	0
0	0	0	0	0
0	0	0	0	0
0	0	0	0	0
0	0	0	0	0
0	0	0	0	0
0	0	0	0	0
0	0	0	0	0
0	0	0	0	0
0	0	0	0	0
0	0	0	0	0
0	0	0	0	0
0	0	0	0	0
0	0	0	0	0
0	0	0	0	0
0	0	0	0	0
0	0	0	0	0
0	0	0	0	0
0	0	0	0	0
0	0	0	0	0
0	0	0	0	0
0	0	0	0	0
0	0	0	0	0
0	0	0	0	0
0	0	0	0	0
0	0	0	0	0
0	0	0	0	0
0	0	0	0	0
0	0	0	0	0
0	0	0	0	0
0	0	0	0	0
0	0	0	0	0
0	0	0	0	0
0	0	0	0	0
0	0	0	0	0
0	0	0	0	0
0	0	0	0	0
0	0	0	0	0
0	0	0	0	0
0	0	0	0	0
0	0	0	0	0
0	0	0	0	0
0	0	0	0	0
0	0	0	0	0
0	0	0	0	0
0	0	0	0	0
0	0	0	0	0
0	0	0	0	0
0	0	0	0	0
0	0	0	0	0
0	0	0	0	0
0	0	0	0	0
0	0	0	0	0
0	0	0	0	0
0	0	0	0	0
0	0	0	0	0
0	0	0	0	0
0	0	0	0	0
0	0	0	0	0
0	0	0	0	0
0	0	0	0	0
0	0	0	0	0
0	0	0	0	0
0	0	0	0	0
0	0	0	0	0
0	0	0	0	0
0	0	0	0	0
0	0	0	0	0
0	0	0	0	0
0	0	0	0	0
0	0	0	0	0
0	0	0	0	0
0	0	0	0	0
0	0	0	0	0
0	0	0	0	0
0	0	0	0	0
