a2610803.350175
Narit-cm 08/01/2026 03:05:02 08/01/2026 03:35:01 0045 0013.384714 0052.542598 00.0 00.0
0002398 0010 0000000 0010 05 0000000 0010 0000000 0010
1 0 1 01600 1 0000 3.75 00000.o 0 0 01 000 16 002398 0.500 BT0
1 2 1 02000 1 0000 3.75 00000.o 0 0 01 000 16 002398 0.500 S2A0
1 1 1 01600 1 0000 3.75 00000.o 0 0 00 000 00 002398 3.1746 BC0
1 3 1 02000 1 0000 3.75 00000.o 0 0 00 000 00 002398 3.1746 S2P0
1 5 0 01600 0 0000 1.00 00000.o 0 0 00 000 00 000000 0.000 OF0
0.000 .o Analog 0 	0.000 .o Analog StErr 0 	0.000 .o Photon Counting 0 	0.000 .o PC StErr 0 	0.000 .o Overflow Info 0 
28.5919	0.156623	182.252	0.871179	0
64.3862	0.378673	196.864	0.888214	0
268.054	2.31851	111.259	1.35396	0
472.973	0.084487	0.817348	0.120268	0
473.457	6.36844E-6	0	0	0
473.457	0	0.0667223	0.033389	0
473.457	0	26.1051	0.681407	0
473.457	6.36844E-6	21.2677	0.639501	0
473.457	0	3.26939	0.26166	0
473.457	0	11.8098	0.468468	0
473.457	8.9678E-6	37.1476	0.748526	0
473.457	6.36844E-6	92.9942	1.02075	0
473.457	0	151.743	1.01427	0
473.457	0	135.58	1.06231	0
473.457	0	85.7214	0.938639	0
473.457	0	76.5304	0.888896	0
473.457	0	78.1318	0.869816	0
473.457	0	89.2911	0.883104	0
473.457	0	93.0942	0.896732	0
473.457	0	109.458	0.94886	0
473.457	0	113.545	0.910701	0
473.457	0	125.104	0.921944	0
473.457	8.9678E-6	151.71	0.961125	0
473.457	6.36844E-6	174.445	0.908657	0
473.457	6.36844E-6	189.008	0.900139	0
473.457	0	197.515	0.887192	0
473.457	0	200.801	0.911382	0
473.457	0	203.486	0.872201	0
473.457	0	203.72	0.890259	0
473.457	0	205.288	0.901843	0
473.457	0	203.386	0.874586	0
473.457	0	202.636	0.880719	0
473.457	0	205.038	0.889237	0
473.457	0	204.721	0.896051	0
473.893	0.0595622	203.336	0.892644	1
478.442	0.203358	202.736	0.866069	1
489.23	0.25491	202.269	0.873223	1
498.86	0.105982	201.451	0.894006	1
499.773	0.0482111	202.352	0.880038	1
499.987	0.0111786	201.301	0.90048	1
498.926	0.105226	202.585	0.895369	1
490.392	0.395643	203.236	0.893666	1
469.787	0.733225	201.902	0.896391	1
434.527	0.912196	202.118	0.878334	1
396.328	0.948988	201.068	0.891962	1
360.205	0.98187	201.852	0.89094	1
323.23	1.01791	201.935	0.850737	0
286.168	1.03725	203.503	0.89094	0
250.616	1.04566	202.502	0.878675	0
216.216	1.03412	201.518	0.889918	0
183.795	0.994007	202.852	0.90082	0
154.215	0.941065	201.384	0.879015	0
127.562	0.87532	202.035	0.901843	0
104.33	0.793583	200.801	0.881741	0
84.745	0.705943	199.266	0.87629	0
68.3939	0.619574	199.933	0.875608	0
54.8074	0.532212	197.948	0.868113	0
43.6772	0.448967	197.314	0.884807	0
34.7641	0.378442	198.449	0.868113	0
27.8359	0.316474	195.029	0.840516	0
22.4828	0.262001	193.094	0.874246	0
18.3097	0.217875	192.16	0.853122	0
15.1471	0.178436	190.992	0.860617	0
12.6863	0.141413	189.675	0.856529	0
10.7271	0.113311	187.089	0.870839	0
9.35748	0.0934384	185.505	0.859595	0
8.36238	0.0780962	182.736	0.855507	0
7.48507	0.0640903	180.934	0.852441	0
6.85564	0.0537635	178.332	0.8521	0
6.46714	0.0459842	177.164	0.857892	0
6.0971	0.0391389	174.846	0.856529	0
5.80228	0.0345839	172.611	0.83779	0
5.62601	0.0313572	170.492	0.847671	0
5.43567	0.0282712	168.374	0.846649	0
5.26369	0.0278228	166.255	0.844945	0
5.16383	0.0265135	165.405	0.840857	0
5.06475	0.0243387	162.502	0.863002	0
4.9857	0.0238023	161.868	0.853803	0
4.95766	0.0230278	160.2	0.829954	0
4.92833	0.0219504	158.782	0.836087	0
4.89151	0.0207488	157.615	0.84256	0
4.9263	0.0210054	156.981	0.83268	0
4.97656	0.0206548	154.279	0.84256	0
4.97671	0.0200556	154.929	0.838812	0
4.98867	0.0197297	154.462	0.841197	0
5.03336	0.0196284	151.693	0.849715	0
5.06926	0.019878	149.925	0.826888	0
5.10635	0.0193728	150.809	0.865047	0
5.18679	0.0192073	150.442	0.85721	0
5.22379	0.019286	147.256	0.834724	0
5.19039	0.0186197	147.706	0.841879	0
5.19911	0.0187486	148.073	0.83779	0
5.25189	0.0186754	146.739	0.854144	0
5.26026	0.018771	144.153	0.855166	0
5.2476	0.0186494	142.435	0.826206	0
5.25526	0.017752	143.236	0.828932	0
5.2869	0.0173416	142.836	0.860958	0
5.35538	0.0168599	143.219	0.868454	0
5.4309	0.0168534	140.567	0.859936	0
5.51928	0.0169137	141.118	0.816326	0
5.61152	0.0170966	142.402	0.841879	0
5.67787	0.0170936	141.435	0.837109	0
5.76135	0.016613	141.518	0.838472	0
5.82383	0.0167671	140.867	0.858914	0
5.87521	0.0165402	140.667	0.841538	0
5.9446	0.0169221	139.933	0.83302	0
5.99463	0.0168678	140.234	0.828591	0
6.00751	0.0165647	138.649	0.845286	0
6.00947	0.0165341	138.215	0.840516	0
6.04818	0.0164919	139.9	0.858233	0
6.09033	0.0161951	137.665	0.854485	0
6.0985	0.0163255	134.912	0.843923	0
6.11839	0.0163805	136.38	0.838131	0
6.14714	0.0162101	136.881	0.852781	0
6.1516	0.0160951	136.063	0.827569	0
6.14511	0.0157415	134.112	0.858573	0
6.13293	0.0156784	135.329	0.859936	0
6.14765	0.0155387	132.277	0.831998	0
6.17087	0.0154163	133.545	0.858233	0
6.17987	0.0149767	132.811	0.82314	0
6.17889	0.0152755	131.093	0.835746	0
6.18983	0.0153707	132.277	0.834383	0
6.20635	0.0152525	131.56	0.835065	0
6.19639	0.0151212	129.725	0.839835	0
6.18463	0.0150562	130.175	0.874927	0
6.20454	0.0148533	129.174	0.860277	0
6.20854	0.0147792	127.79	0.844604	0
6.18636	0.014296	127.573	0.812919	0
6.19009	0.0142218	128.524	0.850396	0
6.20305	0.0137737	125.905	0.844945	0
6.20416	0.0134957	127.84	0.838812	0
6.18932	0.0135077	123.887	0.8521	0
6.18508	0.0135318	124.854	0.831317	0
6.21232	0.0134872	125.288	0.840175	0
6.20937	0.0137639	125.521	0.834383	0
6.18018	0.013185	124.02	0.815645	0
6.1707	0.0133035	122.152	0.853463	0
6.15365	0.0132906	122.435	0.84733	0
6.14035	0.01314	122.402	0.862321	0
6.14947	0.0134216	121.501	0.829954	0
6.12746	0.0133786	121.068	0.852781	0
6.09798	0.0131604	120.567	0.839494	0
6.09196	0.0125769	119.149	0.836427	0
6.07886	0.0124335	117.648	0.841879	0
6.04797	0.0123606	117.998	0.838472	0
6.04475	0.0123306	119.116	0.865047	0
6.06291	0.0123864	116.681	0.853463	0
6.05446	0.0121813	117.398	0.824162	0
6.02118	0.0120487	115.796	0.824503	0
6.00557	0.0117377	114.545	0.851418	0
5.99632	0.0121382	113.495	0.869476	0
5.96872	0.0117043	113.294	0.837109	0
5.95797	0.0115419	113.361	0.834383	0
5.95038	0.0114603	112.611	0.844945	0
5.90944	0.0113484	111.51	0.836427	0
5.86791	0.0113388	108.424	0.845626	0
5.85311	0.0112642	108.524	0.865387	0
5.84942	0.0112197	109.091	0.839153	0
5.82628	0.0109286	107.089	0.844945	0
5.81606	0.0107174	107.74	0.839494	0
5.81938	0.0109045	106.522	0.857892	0
5.80035	0.0104232	106.756	0.850737	0
5.79496	0.0107058	106.989	0.848693	0
5.79023	0.0108144	104.771	0.835746	0
5.76943	0.0104306	105.254	0.834724	0
5.77117	0.0105657	105.321	0.836427	0
5.78058	0.0104175	104.871	0.848352	0
5.76578	0.0101806	102.786	0.840516	0
5.74549	0.0102371	104.487	0.86164	0
5.74188	0.0102517	103.386	0.83302	0
5.72721	0.0100037	102.035	0.833361	0
5.69735	0.0100382	101.051	0.819733	0
5.69368	0.00997349	100.417	0.833702	0
5.67927	0.00974852	100.217	0.839835	0
5.66155	0.00987719	98.9992	0.833702	0
5.65701	0.00995887	100.2	0.849374	0
5.62212	0.00968172	95.3628	0.829273	0
5.60568	0.0100228	98.0317	0.859255	0
5.61117	0.0098573	95.8465	0.845286	0
5.58207	0.00982871	97.9483	0.838472	0
5.56019	0.00964071	95.8132	0.824844	0
5.56098	0.00962453	95.7965	0.826206	0
5.55911	0.00964649	96.6972	0.83779	0
5.53539	0.00954882	95.7631	0.846308	0
5.51108	0.00951568	94.9791	0.843242	0
5.51067	0.00957241	92.6772	0.828591	0
5.50485	0.00942425	91.643	0.827569	0
5.48216	0.00913293	92.1768	0.828251	0
5.46136	0.00936511	90.3753	0.828932	0
5.4536	0.00896878	91.4095	0.842901	0
5.44838	0.00921117	91.7098	0.837109	0
5.42832	0.00934243	90.5088	0.826547	0
5.4025	0.00924015	89.1576	0.829954	0
5.37728	0.00872619	88.4404	0.824844	0
5.36275	0.00893849	87.4562	0.832339	0
5.36205	0.00885941	88.3736	0.828932	0
5.34956	0.00881658	87.206	0.83268	0
5.33976	0.00879923	86.7223	0.839153	0
5.342	0.00889989	86.7723	0.814282	0
5.31633	0.00876785	85.4879	0.820074	0
5.27885	0.00875108	81.6013	0.80849	0
5.26796	0.00868486	86.1551	0.842901	0
5.27795	0.00880014	83.3695	0.841538	0
5.26222	0.00866062	83.1193	0.825525	0
5.23962	0.00854664	82.6188	0.838472	0
5.2349	0.00844085	82.3186	0.831317	0
5.22715	0.00831348	81.251	0.819392	0
5.19667	0.00855691	80.3169	0.817689	0
5.18712	0.00846788	79.9333	0.827569	0
5.18525	0.00837021	79.5997	0.848011	0
5.16514	0.0085148	78.799	0.840857	0
5.15961	0.00848159	81.0676	0.839153	0
5.15102	0.00845716	76.8307	0.841197	0
5.12495	0.00829086	77.4145	0.834043	0
5.11682	0.00861351	76.9475	0.812578	0
5.11419	0.00859804	77.0976	0.834043	0
5.10586	0.00846067	77.548	0.827228	0
5.09526	0.00843922	75.7631	0.830295	0
5.07971	0.00837177	75.7131	0.809512	0
5.07089	0.00817779	75.0626	0.818029	0
5.07082	0.0081156	76.5304	0.829613	0
5.05461	0.0082004	73.7114	0.824503	0
5.03937	0.00831861	75.6797	0.83302	0
5.03688	0.0084489	73.6947	0.826547	0
5.01473	0.00818169	72.1768	0.833361	0
4.98874	0.00810254	73.4946	0.819733	0
4.97756	0.00798706	70.1418	0.812238	0
4.96753	0.00804958	71.4262	0.812238	0
4.95834	0.00802137	70.3753	0.824503	0
4.94398	0.00803456	69.4912	0.807808	0
4.92641	0.00785287	68.6739	0.798269	0
4.92523	0.00777918	69.0575	0.826547	0
4.92066	0.00783337	68.2736	0.818029	0
4.88909	0.00769463	68.6572	0.827569	0
4.8759	0.00769197	66.5888	0.803379	0
4.87652	0.00781342	65.6714	0.811556	0
4.86368	0.00749097	67.2227	0.814963	0
4.84381	0.00762861	63.6697	0.800654	0
4.82948	0.00769782	64.0367	0.804742	0
4.81589	0.00746089	63.603	0.793499	0
4.79422	0.00726236	63.4362	0.794862	0
4.7768	0.00727269	61.3845	0.780552	0
4.76492	0.00726866	60.5838	0.79384	0
4.75162	0.00723	60.2502	0.795884	0
4.74013	0.00712037	59.9833	0.796906	0
4.73155	0.00711809	58.849	0.772034	0
4.7157	0.0071309	59.4329	0.798609	0
4.70562	0.00718451	58.2485	0.779189	0
4.69819	0.0070407	58.2819	0.785663	0
4.67969	0.00697961	57.9149	0.78941	0
4.66033	0.00689273	56.5972	0.791795	0
4.65221	0.00675815	56.7306	0.778167	0
4.65264	0.0068683	54.6455	0.772375	0
4.64264	0.00690228	55.1793	0.794862	0
4.62464	0.00684685	55.146	0.773397	0
4.61321	0.00677849	53.3778	0.76999	0
4.60046	0.00665476	53.3611	0.759769	0
4.58346	0.00634199	52.6105	0.776123	0
4.56968	0.00627857	52.0267	0.753296	0
4.56067	0.00654013	51.2093	0.771694	0
4.55197	0.00650172	50.9591	0.77953	0
4.54665	0.00625641	50.3253	0.76522	0
4.54953	0.00650978	51.8932	0.760451	0
4.53442	0.00620747	50.2252	0.774079	0
4.51649	0.00614171	49.241	0.74103	0
4.51017	0.00611766	48.6239	0.758747	0
4.497	0.00616712	48.5405	0.738646	0
4.49397	0.00602233	48.6572	0.744097	0
4.49423	0.00616926	47.156	0.775442	0
4.48413	0.00615243	47.8065	0.753636	0
4.46673	0.0058446	46.5555	0.746822	0
4.44969	0.00592635	46.4887	0.743756	0
4.44092	0.00578462	45.0375	0.734216	0
4.43724	0.0058782	44.5872	0.736601	0
4.43273	0.00588762	45.1877	0.722632	0
4.42264	0.005783	44.4704	0.7458	0
4.41878	0.00586936	44.4204	0.753636	0
4.4098	0.00577539	44.2369	0.707641	0
4.39525	0.00569715	42.6522	0.729106	0
4.39053	0.00567168	41.985	0.712071	0
4.3863	0.00559038	42.2018	0.737623	0
4.38212	0.00557973	42.5521	0.736261	0
4.37044	0.00557674	40.6839	0.713093	0
4.3608	0.00553307	40.784	0.705257	0
4.36125	0.00558272	40.8674	0.713433	0
4.35236	0.0053708	40.9341	0.718544	0
4.34274	0.00542513	39.633	0.704916	0
4.33598	0.00531966	38.9324	0.713433	0
4.32385	0.00536781	39.0659	0.715478	0
4.32137	0.00540245	38.3987	0.703553	0
4.3136	0.00521868	38.6489	0.714115	0
4.30882	0.00535755	38.5655	0.699805	0
4.30978	0.00530263	37.7314	0.709345	0
4.2961	0.0051793	37.7982	0.69742	0
4.28862	0.00511152	37.4312	0.687881	0
4.2828	0.0050232	36.7973	0.672208	0
4.27633	0.00506635	36.1968	0.685836	0
4.2735	0.0050711	36.2636	0.687881	0
4.26229	0.00502996	35.7798	0.67323	0
4.25232	0.0049861	35.196	0.684133	0
4.25582	0.00495874	35.7465	0.687199	0
4.25322	0.00498954	34.4287	0.680726	0
4.23821	0.00498668	34.6789	0.670846	0
4.22792	0.00478263	33.211	0.646656	0
4.22553	0.00482747	34.4621	0.690266	0
4.22588	0.0049408	33.211	0.655855	0
4.22455	0.00492241	33.6614	0.683792	0
4.21663	0.00475924	32.9942	0.655173	0
4.20337	0.00470043	32.4937	0.64904	0
4.19907	0.00473701	32.8107	0.670164	0
4.20616	0.00469926	32.7273	0.652788	0
4.20455	0.00476145	32.8607	0.664372	0
4.18835	0.00463213	31.1927	0.644952	0
4.17666	0.00465123	31.0425	0.652788	0
4.17646	0.00454778	30.859	0.653129	0
4.16689	0.00444212	30.7423	0.649722	0
4.16047	0.00452991	29.7581	0.64904	0
4.16166	0.00449475	29.7581	0.631665	0
4.15639	0.00437765	30.2752	0.627576	0
4.1416	0.00436439	28.6072	0.641886	0
4.14033	0.00442438	29.3244	0.634731	0
4.14274	0.0044787	28.8574	0.634731	0
4.13221	0.00441053	28.1068	0.622125	0
4.12074	0.00444043	27.5897	0.628598	0
4.11926	0.00435081	27.3061	0.639501	0
4.11977	0.00423098	27.8732	0.625873	0
4.11706	0.00440306	28.4737	0.622466	0
4.1113	0.0041751	26.3553	0.613607	0
4.10879	0.00426607	27.99	0.620762	0
4.10548	0.00424002	26.1051	0.613267	0
4.09415	0.00416782	25.8549	0.613948	0
4.09067	0.00412876	25.7882	0.606112	0
4.0935	0.0041027	26.5555	0.617696	0
4.08137	0.00405247	24.4537	0.579878	0
4.07031	0.00399444	25.1376	0.591121	0
4.07679	0.00399905	25.5713	0.607815	0
4.07699	0.00399555	25.221	0.592824	0
4.0633	0.00404519	25.0709	0.608837	0
4.05514	0.00389943	23.553	0.588055	0
4.05669	0.00401634	24.3369	0.59078	0
4.05412	0.003875	24.6372	0.585329	0
4.04784	0.00388884	23.8532	0.584307	0
4.04512	0.0039099	23.553	0.579878	0
4.03679	0.00379422	22.7189	0.57613	0
4.03214	0.0038249	22.7857	0.577833	0
4.03652	0.00384264	22.9024	0.591802	0
4.03297	0.00377908	22.1685	0.566249	0
4.02953	0.00377356	23.1193	0.590439	0
4.02889	0.0037438	21.7181	0.565227	0
4.02408	0.00377466	22.2018	0.582944	0
4.02412	0.00375302	22.8023	0.573404	0
4.01804	0.0036419	21.6347	0.552281	0
4.00849	0.00358361	21.7181	0.544104	0
4.00509	0.0035842	20.834	0.549896	0
4.00216	0.0035172	21.3344	0.559435	0
4.00196	0.00359297	20.9174	0.553984	0
4.00006	0.0035506	21.4512	0.566931	0
3.99649	0.00353318	20.3169	0.552621	0
3.99645	0.0035788	20.2669	0.535927	0
3.99527	0.00356048	20.05	0.549555	0
3.99031	0.00352058	20.1168	0.561139	0
3.99005	0.00357783	20.4671	0.533542	0
3.98624	0.00344344	19.8666	0.551259	0
3.97893	0.00348237	20.1668	0.553303	0
3.97754	0.00348854	19.9833	0.530135	0
3.97728	0.00345358	19.633	0.537971	0
3.96948	0.00342193	19.0992	0.545467	0
3.96859	0.00346183	19.7498	0.536268	0
3.97158	0.00343922	19.2994	0.534564	0
3.96382	0.00342908	19.1993	0.552621	0
3.95577	0.00333726	18.8824	0.524343	0
3.9574	0.00332835	18.6322	0.52775	0
3.96072	0.00335513	19.4829	0.535586	0
3.96243	0.00333173	18.799	0.51344	0
3.96271	0.00340555	19.583	0.544104	0
3.96206	0.00338996	18.8824	0.523662	0
3.96209	0.00341108	19.4495	0.535586	0
3.95573	0.00328338	17.9149	0.524002	0
3.94967	0.00332231	18.2652	0.516507	0
3.94869	0.00337319	17.7815	0.510374	0
3.9447	0.0031811	17.9316	0.515144	0
3.93906	0.00326175	18.4654	0.533883	0
3.93688	0.00324037	17.4979	0.505604	0
3.93211	0.0032507	17.3478	0.514463	0
3.93145	0.00314204	17.8482	0.524684	0
3.93439	0.00326038	17.548	0.501175	0
3.93134	0.0032288	17.6314	0.526728	0
3.92515	0.00319514	16.5972	0.499472	0
3.92611	0.00316362	17.0642	0.504582	0
3.92689	0.00311911	16.9141	0.499131	0
3.92365	0.00314841	17.1309	0.510374	0
3.92167	0.00302793	16.4304	0.491635	0
3.92098	0.00302345	17.0642	0.500153	0
3.92029	0.00313132	16.8807	0.507989	0
3.91679	0.00313873	16.347	0.492657	0
3.91375	0.0030963	16.2135	0.489932	0
3.91682	0.00312177	17.2143	0.50833	0
3.91548	0.00315628	17.0809	0.504582	0
3.90562	0.00304086	15.6797	0.489591	0
3.90543	0.00310994	16.9808	0.506967	0
3.91082	0.00308122	16.8974	0.504582	0
3.91039	0.0030254	16.7139	0.510715	0
3.90494	0.00303105	15.7131	0.487547	0
3.90193	0.00297861	15.7298	0.495383	0
3.90134	0.00304106	15.4962	0.495724	0
3.90041	0.0030998	15.7465	0.490954	0
3.89593	0.00301929	15.1626	0.479711	0
3.893	0.0030072	15.563	0.487547	0
3.8943	0.00303118	15.8299	0.490273	0
3.89082	0.00295021	15.146	0.482436	0
3.89096	0.00308024	16.1802	0.490273	0
3.88935	0.00298485	15.8966	0.492657	0
3.88135	0.00293897	14.9958	0.483118	0
3.88248	0.00298576	15.3795	0.48925	0
3.88285	0.00306088	14.2619	0.469149	0
3.88009	0.00294859	14.9791	0.482436	0
3.8825	0.00291174	14.8791	0.467786	0
3.8785	0.0028565	14.6289	0.473578	0
3.87586	0.00288354	14.3286	0.46506	0
3.88182	0.00291285	14.9291	0.475282	0
3.88042	0.00295171	15.2627	0.485843	0
3.87307	0.0028966	13.8449	0.454839	0
3.87166	0.00288425	14.3119	0.466764	0
3.87288	0.00286905	14.2118	0.461994	0
3.86684	0.00284487	14.4787	0.463016	0
3.86335	0.0028606	13.8949	0.473578	0
3.86741	0.00290219	14.6122	0.468808	0
3.86772	0.00289933	14.1284	0.465401	0
3.86127	0.00281069	13.945	0.455861	0
3.86031	0.00281712	13.3778	0.457565	0
3.86498	0.00287269	14.9458	0.485162	0
3.86279	0.00279425	13.6781	0.461653	0
3.8584	0.00284006	13.7448	0.459609	0
3.8606	0.00284247	14.0617	0.471534	0
3.86278	0.00287373	14.362	0.474259	0
3.86035	0.00278242	14.0284	0.456202	0
3.85587	0.002755	13.6447	0.452795	0
3.85667	0.00274408	13.9783	0.460291	0
3.85676	0.00287632	13.9783	0.46983	0
3.85218	0.0028591	14.3286	0.472215	0
3.84407	0.00270223	13.5279	0.45041	0
3.84095	0.00269216	12.7106	0.442574	0
3.84716	0.00275279	13.945	0.470171	0
3.84783	0.0027162	13.5947	0.447003	0
3.84734	0.00287548	14.1284	0.460972	0
3.84688	0.00282115	12.8274	0.443937	0
3.83966	0.00269573	12.5104	0.439508	0
3.83865	0.00267117	12.5938	0.452454	0
3.84123	0.00266402	13.7281	0.462676	0
3.84018	0.00274668	12.8607	0.44564	0
3.83745	0.00273667	12.7106	0.435079	0
3.83546	0.00268579	12.6272	0.43576	0
3.83291	0.00260944	13.211	0.446662	0
3.82821	0.0026338	12.2102	0.424176	0
3.82428	0.00263686	12.1101	0.432012	0
3.8218	0.00259754	11.7098	0.428946	0
3.82073	0.00253932	11.7264	0.433375	0
3.8256	0.00255634	12.844	0.442233	0
3.82659	0.00269281	11.7598	0.427924	0
3.82278	0.00266155	12.1268	0.432694	0
3.82583	0.00259767	11.7598	0.434397	0
3.82449	0.00258942	11.7598	0.433034	0
3.81994	0.00258864	11.9766	0.424517	0
3.82124	0.00255121	11.5763	0.425198	0
3.82233	0.00266019	12.3937	0.444278	0
3.81826	0.00262289	11.6264	0.428264	0
3.8188	0.00262328	12.0434	0.43576	0
3.81862	0.00266708	11.9766	0.432694	0
3.8157	0.00258227	12.2102	0.425539	0
3.81589	0.00257701	11.3428	0.417021	0
3.81229	0.00248766	11.0592	0.409185	0
3.81136	0.00260872	11.9266	0.425198	0
3.81976	0.00262224	12.8774	0.450751	0
3.8189	0.00253379	12.3603	0.438826	0
3.81391	0.00251072	12.0601	0.434056	0
3.81855	0.00268131	12.6439	0.439508	0
3.82168	0.00265642	12.0934	0.435079	0
3.8182	0.0026312	12.377	0.432694	0
3.81641	0.00268332	12.1935	0.434397	0
3.81769	0.00263673	11.9433	0.440871	0
3.81811	0.00266129	12.4437	0.435079	0
3.81733	0.00259501	12.6272	0.453136	0
3.81259	0.00264537	12.1268	0.439167	0
3.80781	0.00263712	12.0767	0.428264	0
3.80766	0.00251573	11.3928	0.424176	0
3.80702	0.00261385	11.96	0.43576	0
3.80814	0.00257948	12.1435	0.442233	0
3.80955	0.00262646	12.0434	0.429627	0
3.8127	0.00258987	12.744	0.441552	0
3.8131	0.0025811	11.7932	0.439848	0
3.81217	0.00264505	11.8932	0.436101	0
3.8165	0.00262562	13.1443	0.457224	0
3.81411	0.00267429	12.3436	0.437463	0
3.80161	0.00254322	11.3428	0.422473	0
3.79684	0.00252002	11.176	0.413614	0
3.79466	0.00246147	11.0592	0.418043	0
3.78814	0.00247531	10.3086	0.40203	0
3.79148	0.00242417	10.5254	0.408163	0
3.79677	0.0024885	11.5763	0.423835	0
3.79584	0.00256837	11.2594	0.420428	0
3.78908	0.00245971	10.6589	0.409526	0
3.78613	0.00246946	10.7923	0.417703	0
3.78319	0.00233917	9.97498	0.394535	0
3.77626	0.00228562	9.32444	0.381588	0
3.7734	0.00224981	9.07423	0.379885	0
3.77238	0.0022244	9.04087	0.37273	0
3.76935	0.00227405	9.15763	0.379544	0
3.76767	0.00222648	8.85738	0.375115	0
3.76202	0.00213902	8.04003	0.359783	0
3.75723	0.0021112	7.98999	0.361487	0
3.75669	0.00211016	7.77314	0.352288	0
3.75475	0.00212303	8.44037	0.362168	0
3.74694	0.00200918	6.80567	0.327076	0
3.74145	0.00196031	6.98916	0.338659	0
3.74366	0.00194588	6.30525	0.324691	0
3.74529	0.00202542	7.67306	0.342748	0
3.742	0.00198461	7.13928	0.337637	0
3.73894	0.0019438	6.57214	0.333208	0
3.73973	0.00198715	7.02252	0.336615	0
3.73766	0.00190215	6.67223	0.325031	0
3.73719	0.00190052	6.68891	0.32435	0
3.74016	0.00190897	6.90575	0.335593	0
3.7393	0.00195563	6.83903	0.332867	0
3.73494	0.00187375	6.48874	0.325031	0
3.73213	0.00190273	5.70475	0.302886	0
3.73127	0.00188155	5.8382	0.304248	0
3.73082	0.00186166	6.28857	0.317195	0
3.72884	0.00184431	6.005	0.312085	0
3.72827	0.00185023	6.12177	0.31958	0
3.72437	0.00179441	5.63803	0.296753	0
3.72438	0.00183177	5.58799	0.293687	0
3.72627	0.00187466	6.25521	0.31481	0
3.72495	0.00180558	5.68807	0.301523	0
3.72533	0.00179343	5.68807	0.30527	0
3.72662	0.00180812	5.80484	0.305611	0
3.72895	0.00183229	6.23853	0.312085	0
3.72748	0.0018356	5.57131	0.299138	0
3.72458	0.00183963	5.67139	0.301182	0
3.72442	0.00185042	5.9216	0.314129	0
3.72089	0.00177926	5.38782	0.293346	0
3.71795	0.00170304	5.52127	0.301863	0
3.71784	0.00177575	5.2377	0.293346	0
3.71498	0.00173079	5.1543	0.284828	0
3.7139	0.00170921	5.35446	0.290961	0
3.71133	0.00167665	4.67056	0.276992	0
3.71015	0.00162545	4.60384	0.270178	0
3.71009	0.001617	4.70392	0.274607	0
3.7082	0.00165417	4.27023	0.263023	0
3.7083	0.00168744	4.804	0.286872	0
3.70904	0.00162473	4.73728	0.275289	0
3.70713	0.00157567	4.30359	0.264045	0
3.70705	0.00161862	4.73728	0.267112	0
3.70553	0.00159243	3.96997	0.252121	0
3.70038	0.00158204	3.96997	0.254165	0
3.70092	0.00154142	4.30359	0.265067	0
3.70387	0.00156722	4.95413	0.282103	0
3.70372	0.00162265	4.38699	0.268134	0
3.69831	0.00157002	4.05338	0.259616	0
3.6992	0.00159731	4.47039	0.269156	0
3.70058	0.00155624	3.93661	0.256891	0
3.69611	0.0015591	3.53628	0.237811	0
3.69356	0.00148573	3.83653	0.25178	0
3.69513	0.00147741	3.40284	0.235086	0
3.69472	0.00152069	3.85321	0.251099	0
3.69517	0.00157677	3.91993	0.253143	0
3.69748	0.00155481	4.43703	0.269156	0
3.69769	0.00152596	4.00334	0.253143	0
3.69778	0.00151146	4.17014	0.260638	0
3.69498	0.00147592	3.50292	0.235767	0
3.69275	0.00145681	3.76981	0.244625	0
3.6945	0.00157391	3.85321	0.255528	0
3.69416	0.00147904	3.96997	0.255528	0
3.69309	0.00155702	3.73645	0.24701	0
3.69265	0.00150848	3.88657	0.251099	0
3.68993	0.00148008	3.41952	0.229634	0
3.68706	0.00149021	3.18599	0.230997	0
3.68707	0.0014687	3.45288	0.237811	0
3.68616	0.00143023	3.28607	0.235086	0
3.68654	0.00146591	2.93578	0.214303	0
3.68451	0.00137305	2.9191	0.220095	0
3.6822	0.00139313	2.96914	0.223161	0
3.68364	0.00141392	3.35279	0.233723	0
3.68416	0.00139404	3.10259	0.225887	0
3.68104	0.00136941	2.86906	0.21328	0
3.68011	0.00137409	2.98582	0.223502	0
3.68068	0.00136207	2.86906	0.218732	0
3.68032	0.00138812	3.15263	0.226227	0
3.67884	0.00135739	2.80234	0.213962	0
3.67909	0.00136519	2.65221	0.211236	0
3.68147	0.00141724	3.16931	0.231678	0
3.68102	0.00138026	3.10259	0.221117	0
3.67811	0.00134666	2.71893	0.218732	0
3.67811	0.00138715	2.98582	0.221117	0
3.67914	0.00135394	2.58549	0.203741	0
3.67849	0.00135713	2.96914	0.221798	0
3.6792	0.00137714	2.68557	0.209873	0
3.67859	0.00137844	2.88574	0.21771	0
3.67829	0.00136726	2.58549	0.205104	0
3.67844	0.00135628	3.33611	0.228271	0
3.67693	0.00137357	2.85238	0.216688	0
3.67474	0.00132132	3.01918	0.217028	0
3.67478	0.00131456	2.65221	0.212599	0
3.67458	0.00131957	2.75229	0.21328	0
3.67476	0.00138468	2.66889	0.207829	0
3.6746	0.00135849	2.73561	0.208851	0
3.67436	0.00133594	2.76897	0.216688	0
3.67174	0.00129923	2.55213	0.202378	0
3.67136	0.00128798	2.46872	0.197949	0
3.67312	0.00130475	2.63553	0.20817	0
3.67362	0.00136265	2.58549	0.203741	0
3.67199	0.00135323	2.73561	0.214303	0
3.67198	0.00134153	2.41868	0.201697	0
3.67289	0.00132061	2.63553	0.210896	0
3.67288	0.00129149	2.41868	0.196245	0
3.67087	0.00127005	2.36864	0.197267	0
3.66995	0.00133432	2.43536	0.201015	0
3.66995	0.00128188	2.41868	0.198971	0
3.66866	0.00127538	2.402	0.201015	0
3.67016	0.00130228	2.4854	0.19863	0
3.66938	0.00130813	2.36864	0.195564	0
3.66989	0.00129357	2.36864	0.19863	0
3.6696	0.0013169	2.60217	0.20817	0
3.66927	0.00126368	2.43536	0.201015	0
3.67058	0.00126426	2.50209	0.200674	0
3.66997	0.00128259	2.56881	0.204422	0
3.66783	0.00128279	2.25188	0.196927	0
3.66832	0.00128448	2.3186	0.195223	0
3.66906	0.00129676	2.4854	0.204081	0
3.66674	0.00129773	2.15179	0.18875	0
3.66466	0.00128454	2.28524	0.19386	0
3.66561	0.00124198	2.10175	0.189772	0
3.66479	0.00128727	2.3186	0.19386	0
3.66634	0.00129689	2.65221	0.208851	0
3.66584	0.00125835	2.03503	0.182617	0
3.66606	0.00133614	2.71893	0.216347	0
3.66769	0.00131976	2.16847	0.185002	0
3.6646	0.00124243	2.06839	0.18398	0
3.66322	0.00123346	1.98499	0.178869	0
3.66603	0.00129669	2.38532	0.19352	0
3.66453	0.0012154	2.16847	0.188068	0
3.66091	0.0011935	1.70142	0.170011	0
3.6633	0.00124457	2.13511	0.191135	0
3.6647	0.00126946	2.11843	0.187387	0
3.66186	0.00122911	1.78482	0.168648	0
3.66181	0.0012551	2.21852	0.190113	0
3.66301	0.00124867	1.86822	0.175462	0
3.66171	0.00124217	2.08507	0.186024	0
3.66315	0.00128662	2.38532	0.196245	0
3.66256	0.0012952	1.81818	0.171715	0
3.66038	0.00119278	1.98499	0.180573	0
3.6617	0.00125991	2.50209	0.207489	0
3.66455	0.00125601	2.05171	0.183299	0
3.66203	0.00121871	2.00167	0.181254	0
3.66191	0.00127057	2.05171	0.192157	0
3.66207	0.00122371	1.90158	0.178529	0
3.65973	0.00120097	1.91827	0.177847	0
3.66059	0.00121936	1.85154	0.173418	0
3.66117	0.00122657	1.81818	0.175122	0
3.66	0.00124341	2.05171	0.186365	0
3.65971	0.00118908	1.90158	0.175462	0
3.6593	0.00124107	2.06839	0.182617	0
3.65914	0.001187	1.93495	0.178529	0
3.65961	0.00122475	2.08507	0.186024	0
3.66012	0.00127323	2.00167	0.181254	0
3.65781	0.0012399	1.90158	0.177166	0
3.65743	0.00120656	2.08507	0.184661	0
3.6598	0.00121605	2.06839	0.18398	0
3.65887	0.00122833	1.83486	0.172396	0
3.65831	0.00123996	1.76814	0.17444	0
3.66059	0.00122423	2.18515	0.18875	0
3.66059	0.00124159	2.46872	0.199312	0
3.65756	0.00122073	1.86822	0.177166	0
3.65554	0.00120493	1.70142	0.166604	0
3.6575	0.00121475	2.16847	0.189431	0
3.65694	0.00121124	1.55129	0.159449	0
3.65461	0.00115912	1.60133	0.160131	0
3.65476	0.00121325	1.8015	0.172737	0
3.65563	0.00122781	1.65138	0.16933	0
3.65593	0.00115607	1.8015	0.16933	0
3.65711	0.00120896	1.93495	0.182958	0
3.657	0.00120019	1.95163	0.180573	0
3.65803	0.00123405	2.16847	0.186365	0
3.65773	0.0012178	1.8015	0.172737	0
3.65501	0.0012048	1.73478	0.171374	0
3.65414	0.00119005	1.46789	0.153657	0
3.65644	0.00124542	2.03503	0.18398	0
3.65511	0.00117686	1.7181	0.168989	0
3.65224	0.0011562	1.81818	0.176484	0
3.65255	0.0011829	1.56797	0.158427	0
3.65476	0.00120058	1.81818	0.176484	0
3.65421	0.00121104	1.86822	0.175462	0
3.65373	0.00125757	1.8849	0.174781	0
3.65343	0.00119558	1.7181	0.168989	0
3.65247	0.00118739	1.58465	0.16456	0
3.65229	0.0011857	1.38449	0.149228	0
3.65252	0.00117459	1.83486	0.175803	0
3.65181	0.0011419	1.56797	0.160471	0
3.65218	0.00117186	2.01835	0.181936	0
3.65347	0.00118628	1.7181	0.173759	0
3.65344	0.00121364	2.03503	0.182617	0
3.65339	0.00118921	1.66806	0.164901	0
3.65261	0.0011818	1.8015	0.172737	0
3.65359	0.00121566	1.85154	0.179551	0
3.65383	0.00120662	1.70142	0.166604	0
3.65061	0.00116549	1.30108	0.146843	0
3.65057	0.00117283	1.68474	0.168989	0
3.65166	0.00115522	1.85154	0.178188	0
3.65076	0.00117335	1.35113	0.147525	0
3.64947	0.00116256	1.68474	0.167626	0
3.65205	0.00119772	1.83486	0.172396	0
3.65249	0.0011755	1.70142	0.166604	0
3.65128	0.00120896	1.86822	0.178869	0
3.65191	0.00117667	1.40117	0.153998	0
3.65122	0.00119051	1.78482	0.170352	0
3.65064	0.00115893	1.55129	0.166263	0
3.65052	0.00116172	1.7181	0.172396	0
3.65077	0.00119499	1.61802	0.160812	0
3.65043	0.00115444	1.61802	0.164219	0
3.6493	0.00113696	1.6347	0.165241	0
3.6499	0.00117485	1.75146	0.172055	0
3.65005	0.00111961	1.35113	0.149569	0
3.65042	0.00114885	1.6347	0.161834	0
3.65075	0.00117277	1.66806	0.164901	0
3.64997	0.00114788	1.41785	0.150932	0
3.64842	0.00115828	1.23436	0.143096	0
3.64889	0.00114119	1.60133	0.161834	0
3.65018	0.00111363	1.6347	0.166945	0
3.65083	0.00114801	1.56797	0.158427	0
3.64924	0.00114541	1.55129	0.157746	0
3.64744	0.00113365	1.35113	0.151272	0
3.64873	0.00111955	1.65138	0.164219	0
3.6503	0.00115178	1.60133	0.160131	0
3.6487	0.00117381	1.65138	0.165923	0
3.6477	0.00113098	1.55129	0.162856	0
3.64709	0.00112916	1.58465	0.159449	0
3.64724	0.00113189	1.55129	0.159449	0
3.64719	0.00115477	1.50125	0.155361	0
3.64721	0.0011753	1.60133	0.161834	0
3.64868	0.0011469	1.61802	0.165923	0
3.64871	0.0011482	1.91827	0.17921	0
3.6473	0.00113209	1.31776	0.145821	0
3.64607	0.00109713	1.35113	0.149569	0
3.64768	0.0011291	1.60133	0.161834	0
3.64712	0.00113807	1.46789	0.153657	0
3.64595	0.00114599	1.35113	0.149569	0
3.64799	0.00115958	1.56797	0.160471	0
3.64728	0.00112832	1.50125	0.160471	0
3.6454	0.00114489	1.43453	0.153657	0
3.64599	0.00111266	1.50125	0.155361	0
3.64366	0.00106229	1.13428	0.137644	0
3.64511	0.00114489	1.56797	0.163878	0
3.64559	0.00111012	1.38449	0.151272	0
3.64503	0.00111558	1.18432	0.138326	0
3.6467	0.0011523	1.40117	0.15025	0
3.6463	0.00110791	1.41785	0.152976	0
3.64478	0.00109375	1.2844	0.144118	0
3.64519	0.00112864	1.36781	0.148547	0
3.64537	0.00107594	1.01751	0.128786	0
3.64606	0.00111025	1.7181	0.168989	0
3.64641	0.00113657	1.45121	0.152635	0
3.64509	0.00113768	1.40117	0.151954	0
3.64519	0.00112578	1.46789	0.157064	0
3.64659	0.00115074	1.58465	0.16456	0
3.6462	0.00112117	1.31776	0.149569	0
3.64459	0.00112819	1.23436	0.143096	0
3.6437	0.00111116	1.30108	0.146843	0
3.64411	0.00114372	1.46789	0.153657	0
3.64476	0.0011072	1.33445	0.148547	0
3.64541	0.00115366	1.33445	0.152295	0
3.64498	0.00110479	1.51793	0.157746	0
3.6455	0.00113839	1.40117	0.15025	0
3.64537	0.00112039	1.40117	0.151954	0
3.64562	0.00110135	1.41785	0.152976	0
3.64616	0.00112721	1.51793	0.156042	0
3.64423	0.00110746	1.33445	0.153998	0
3.6421	0.00108562	1.43453	0.153657	0
3.64291	0.00110356	1.30108	0.146843	0
3.64299	0.00108803	1.08424	0.134919	0
3.64133	0.00108478	1.21768	0.14037	0
3.64095	0.0010441	1.1176	0.138666	0
3.64133	0.00104696	1.13428	0.137644	0
3.64318	0.0011007	1.30108	0.144799	0
3.64404	0.00110323	1.30108	0.146843	0
3.64274	0.00110349	1.08424	0.132534	0
3.64237	0.0010697	1.18432	0.138326	0
3.64364	0.00110707	1.35113	0.147525	0
3.64446	0.0011083	1.31776	0.149569	0
3.64174	0.00107802	1.15096	0.136622	0
3.64024	0.00110622	1.1176	0.136622	0
3.64031	0.00106197	1.0342	0.133897	0
3.64131	0.00104683	1.1176	0.134578	0
3.64187	0.00109914	1.33445	0.150591	0
3.64365	0.0011174	1.30108	0.144799	0
3.64332	0.00110895	1.46789	0.155361	0
3.64219	0.00110486	1.16764	0.137644	0
3.64148	0.00108725	1.1176	0.134578	0
3.64166	0.00107451	1.05088	0.132874	0
3.64149	0.00108848	0.984153	0.128786	0
3.64284	0.00110908	1.21768	0.14037	0
3.64164	0.00104774	1.15096	0.138666	0
3.63983	0.00105976	0.733945	0.112092	0
3.64035	0.00106119	1.38449	0.151272	0
3.64286	0.00106931	1.1176	0.134578	0
3.64169	0.00107341	1.201	0.139348	0
3.63938	0.00107094	1.1176	0.140711	0
3.64061	0.00105209	1.18432	0.14037	0
3.64028	0.00106658	0.88407	0.120268	0
3.64002	0.00108478	1.16764	0.137644	0
3.64016	0.00107516	1.01751	0.13083	0
3.64006	0.00105957	1.18432	0.14037	0
3.64222	0.00109011	1.13428	0.1356	0
3.63991	0.00107094	0.900751	0.121291	0
3.63925	0.00106587	1.0342	0.131852	0
3.64198	0.00106892	1.15096	0.136622	0
3.64059	0.00102772	0.917431	0.122313	0
3.63847	0.00105801	0.850709	0.120268	0
3.63903	0.00103702	0.750626	0.110729	0
3.63851	0.00103994	1.01751	0.13083	0
3.63927	0.00103903	1.05088	0.13083	0
3.64123	0.00103526	0.967473	0.125379	0
3.64138	0.0010825	1.30108	0.146843	0
3.64071	0.00105723	0.850709	0.117883	0
3.64098	0.00104657	1.201	0.143436	0
3.64243	0.00110882	1.30108	0.146843	0
3.64032	0.00108504	1.00083	0.127764	0
3.64013	0.00102096	1.10092	0.133556	0
3.64074	0.00106606	0.917431	0.124698	0
3.63899	0.00102564	0.984153	0.128786	0
3.63986	0.00104319	1.13428	0.137644	0
3.64077	0.0010851	1.21768	0.144118	0
3.64023	0.0010996	1.1176	0.136622	0
3.63899	0.00105703	0.900751	0.121291	0
3.64014	0.00107971	1.201	0.143436	0
3.63935	0.00105242	1.10092	0.1356	0
3.63981	0.00109141	1.0342	0.135941	0
3.63961	0.0010851	0.984153	0.128786	0
3.63942	0.00108075	1.16764	0.141392	0
3.64111	0.00106294	1.0342	0.129808	0
3.64057	0.0010606	0.917431	0.124698	0
3.63917	0.00102688	0.934112	0.123335	0
3.63885	0.00104306	1.00083	0.127764	0
3.63954	0.00105385	0.900751	0.123335	0
3.63898	0.00106593	1.0342	0.131852	0
3.63938	0.00105053	0.917431	0.122313	0
3.6397	0.00106086	0.917431	0.124698	0
3.63876	0.00104728	0.967473	0.125379	0
3.63945	0.00104754	1.18432	0.14037	0
3.64077	0.00102766	0.967473	0.125379	0
3.63997	0.00105944	1.10092	0.1356	0
3.63892	0.000989317	0.800667	0.114476	0
3.63889	0.00102441	0.950792	0.124357	0
3.6391	0.00103143	0.917431	0.122313	0
3.63881	0.00101109	0.984153	0.128786	0
3.63933	0.00104592	1.05088	0.132874	0
3.63975	0.00104332	0.967473	0.127764	0
3.63874	0.00101876	1.00083	0.127764	0
3.6393	0.00103097	1.05088	0.13083	0
3.63875	0.00103819	0.900751	0.121291	0
3.63697	0.00100251	0.88407	0.122313	0
3.6373	0.0010222	0.850709	0.117883	0
3.6395	0.0010452	1.18432	0.14037	0
3.63848	0.00108062	0.88407	0.122313	0
3.6371	0.00108432	0.867389	0.121291	0
3.63828	0.00102993	0.967473	0.125379	0
3.6394	0.00105684	0.867389	0.118906	0
3.63889	0.00104416	1.0342	0.131852	0
3.63836	0.00104982	0.834028	0.116861	0
3.63818	0.00103299	0.88407	0.120268	0
3.63708	0.00101232	0.88407	0.120268	0
3.63679	0.00102792	0.683903	0.105959	0
3.63724	0.000992762	0.717264	0.108344	0
3.63693	0.00098035	0.783987	0.113114	0
3.63664	0.000993736	0.650542	0.103233	0
3.63818	0.00105118	1.21768	0.146162	0
3.63843	0.00102545	0.800667	0.116861	0
3.63685	0.00102051	0.767306	0.112092	0
3.63785	0.00103565	0.917431	0.122313	0
3.63872	0.00105307	0.917431	0.122313	0
3.63884	0.00105229	1.13428	0.1356	0
3.63973	0.00103377	1.00083	0.127764	0
3.63857	0.00100277	0.834028	0.116861	0
3.6372	0.00100251	0.900751	0.121291	0
3.63791	0.000992827	0.867389	0.123675	0
3.63828	0.0010133	0.950792	0.124357	0
3.63751	0.000993606	0.800667	0.114476	0
3.63715	0.00100901	0.917431	0.124698	0
3.6373	0.00101102	0.88407	0.122313	0
3.63774	0.00100927	0.750626	0.110729	0
3.63646	0.00102831	0.817348	0.115499	0
3.63718	0.00101811	0.800667	0.114476	0
3.63667	0.00101843	0.633862	0.10187	0
3.63656	0.00101635	0.817348	0.115499	0
3.63808	0.00104195	0.834028	0.121291	0
3.63693	0.00100966	0.88407	0.120268	0
3.63673	0.00100914	0.683903	0.105959	0
3.63741	0.001012	0.867389	0.118906	0
3.63749	0.00101986	0.834028	0.116861	0
3.63677	0.00105918	0.917431	0.124698	0
3.63712	0.0010172	0.517098	0.0923307	0
3.63775	0.00102083	0.834028	0.119246	0
3.63918	0.00104702	0.867389	0.121291	0
3.63756	0.00101018	0.917431	0.122313	0
3.63756	0.00103559	1.21768	0.144118	0
3.63958	0.00106314	1.01751	0.128786	0
3.63759	0.00100374	0.750626	0.110729	0
3.63557	0.000975281	0.717264	0.108344	0
3.63761	0.00100452	0.750626	0.110729	0
3.63725	0.000991722	0.650542	0.103233	0
3.63728	0.00100296	0.733945	0.112092	0
3.63777	0.00101499	0.817348	0.115499	0
3.63796	0.00101538	0.817348	0.115499	0
3.63607	0.000994646	0.783987	0.115839	0
3.63768	0.00103045	0.650542	0.103233	0
3.63689	0.00101258	0.834028	0.121291	0
3.63736	0.000998285	0.834028	0.123675	0
3.63743	0.00100621	0.767306	0.112092	0
3.63643	0.00099822	0.700584	0.107322	0
3.63645	0.00101102	0.767306	0.112092	0
3.63692	0.00096014	0.483736	0.0892644	0
3.63573	0.000988213	0.733945	0.109707	0
3.63678	0.000987433	0.800667	0.114476	0
3.63777	0.000991072	0.550459	0.0950563	0
3.63687	0.0010107	0.667223	0.104596	0
3.63757	0.000954031	0.717264	0.108344	0
3.63899	0.000989642	0.934112	0.123335	0
3.63779	0.00100901	0.650542	0.105959	0
3.6376	0.000989902	0.767306	0.112092	0
3.63734	0.000996076	0.817348	0.115499	0
3.63656	0.00102369	0.717264	0.108344	0
3.63669	0.00101109	0.867389	0.118906	0
3.63684	0.00100628	0.567139	0.0967598	0
3.63717	0.00100121	0.783987	0.115839	0
3.63652	0.000993606	0.700584	0.107322	0
3.63577	0.000993801	0.617181	0.103574	0
3.63787	0.00101304	0.834028	0.121291	0
3.63858	0.00101843	0.750626	0.113454	0
3.63686	0.00101434	0.783987	0.118224	0
3.63718	0.00102993	0.834028	0.121291	0
3.63721	0.00100218	0.633862	0.10187	0
3.63757	0.00100667	0.800667	0.116861	0
3.63717	0.00102278	0.700584	0.109707	0
3.63749	0.000968912	0.834028	0.116861	0
3.63726	0.00100712	0.733945	0.109707	0
3.63801	0.000996531	0.900751	0.121291	0
3.63599	0.000974696	0.633862	0.104596	0
3.63509	0.000985808	0.633862	0.10187	0
3.63722	0.000950977	0.567139	0.0967598	0
3.63672	0.000979375	0.767306	0.114476	0
3.63661	0.000991787	0.733945	0.109707	0
3.63744	0.000951107	0.717264	0.108344	0
3.63799	0.000992827	0.817348	0.115499	0
3.63767	0.000992827	0.783987	0.120268	0
3.63804	0.00104826	0.817348	0.120268	0
3.63806	0.00100576	0.717264	0.108344	0
3.63665	0.000961309	0.683903	0.105959	0
3.6361	0.000980869	0.500417	0.0909679	0
3.63687	0.000967093	0.650542	0.105959	0
3.6375	0.000988992	0.700584	0.112092	0
3.63715	0.000961569	0.617181	0.100848	0
3.63671	0.000992242	0.88407	0.120268	0
3.6373	0.00100036	0.717264	0.108344	0
3.63685	0.000982819	0.783987	0.113114	0
3.63612	0.000968977	0.517098	0.0923307	0
3.63673	0.000969627	0.533778	0.0936935	0
3.63815	0.000991982	0.717264	0.111069	0
3.63826	0.000966378	0.717264	0.108344	0
3.63729	0.000969432	0.783987	0.115839	0
3.63784	0.000984314	0.633862	0.10187	0
3.63779	0.000948572	0.750626	0.113454	0
3.63667	0.000990032	0.800667	0.116861	0
3.63736	0.000974111	0.483736	0.0892644	0
3.63686	0.00096014	0.733945	0.109707	0
3.6366	0.000950132	0.58382	0.0981227	0
3.63736	0.00100446	0.683903	0.105959	0
3.63726	0.000947143	0.533778	0.0936935	0
3.63747	0.000996141	0.800667	0.114476	0
3.63794	0.000990877	0.700584	0.107322	0
3.63731	0.000942854	0.750626	0.110729	0
3.63772	0.000955201	0.750626	0.113454	0
3.6377	0.000970927	0.567139	0.0967598	0
3.6378	0.000972162	0.6005	0.0994855	0
3.63731	0.00097905	0.750626	0.110729	0
3.63608	0.000949547	0.483736	0.0892644	0
3.63683	0.000980415	0.683903	0.105959	0
3.63801	0.000986913	0.633862	0.10187	0
3.63739	0.000983534	0.683903	0.108344	0
3.63695	0.00095845	0.58382	0.0981227	0
3.63858	0.000988538	0.817348	0.115499	0
3.63812	0.00101252	0.650542	0.103233	0
3.63786	0.000994061	0.650542	0.103233	0
3.6384	0.000965468	0.750626	0.110729	0
3.63981	0.000983534	0.58382	0.0981227	0
3.63896	0.000992567	0.633862	0.10187	0
3.6371	0.000959815	0.400334	0.0814282	0
3.63704	0.000963064	0.717264	0.108344	0
3.63843	0.000961114	0.750626	0.115839	0
3.63819	0.00097918	0.633862	0.10187	0
3.63704	0.000949807	0.650542	0.103233	0
3.63825	0.000958125	0.733945	0.109707	0
3.63789	0.000959945	0.617181	0.100848	0
3.63634	0.000954681	0.517098	0.0923307	0
3.63782	0.00095897	0.667223	0.104596	0
3.63736	0.000962154	0.633862	0.10187	0
3.63679	0.000958515	0.500417	0.0909679	0
3.63626	0.000946493	0.517098	0.0923307	0
3.63701	0.000923684	0.58382	0.0981227	0
3.63842	0.000960919	0.783987	0.113114	0
3.63811	0.000956435	0.550459	0.0950563	0
3.63625	0.000952536	0.617181	0.100848	0
3.63788	0.000952147	0.567139	0.0994855	0
3.63771	0.000977945	0.58382	0.0981227	0
3.63701	0.000973006	0.533778	0.0936935	0
3.63779	0.000954876	0.567139	0.0967598	0
3.63796	0.000950912	0.700584	0.109707	0
3.63795	0.000973136	0.633862	0.10187	0
3.63808	0.000944803	0.6005	0.102211	0
3.63833	0.000968782	0.617181	0.100848	0
3.63865	0.000969172	0.58382	0.103574	0
3.63866	0.000986003	0.633862	0.10187	0
3.63811	0.000925958	0.533778	0.0936935	0
3.63931	0.000933366	0.633862	0.10187	0
3.63904	0.000984963	0.783987	0.113114	0
3.63876	0.000981454	0.633862	0.10187	0
3.63838	0.000981389	0.450375	0.086198	0
3.63769	0.00095806	0.500417	0.0909679	0
3.63839	0.000954616	0.6005	0.0994855	0
3.63771	0.00093733	0.400334	0.0814282	0
3.63535	0.000930962	0.400334	0.0814282	0
3.63798	0.000948312	0.667223	0.104596	0
3.63923	0.000966183	0.683903	0.105959	0
3.63807	0.000955136	0.6005	0.0994855	0
3.63747	0.000944803	0.517098	0.095397	0
3.63726	0.000923359	0.28357	0.0684814	0
3.63836	0.000918875	0.667223	0.104596	0
3.63844	0.000939735	0.366972	0.0780211	0
3.63736	0.000921084	0.433695	0.0844945	0
3.63909	0.000960594	0.717264	0.108344	0
3.63834	0.000968847	0.417014	0.0831317	0
3.63706	0.000911077	0.500417	0.0909679	0
3.63833	0.000936745	0.517098	0.0923307	0
3.6404	0.000943569	0.683903	0.105959	0
3.63779	0.000945453	0.567139	0.0967598	0
3.63899	0.00095845	0.567139	0.0994855	0
3.64011	0.000928492	0.433695	0.0909679	0
3.63946	0.000922254	0.500417	0.0909679	0
3.63951	0.000917705	0.633862	0.10187	0
3.64064	0.000964494	0.467056	0.0879015	0
3.64081	0.000953121	0.717264	0.108344	0
3.64003	0.000940384	0.617181	0.103574	0
3.63977	0.00095702	0.58382	0.100848	0
3.63977	0.000934471	0.550459	0.0950563	0
3.63952	0.000941099	0.567139	0.0967598	0
3.63926	0.000973656	0.483736	0.0892644	0
3.63873	0.000919914	0.450375	0.086198	0
3.63933	0.0010027	0.733945	0.112092	0
3.64051	0.000975411	0.58382	0.0981227	0
3.6389	0.00097762	0.533778	0.0936935	0
3.63917	0.000941164	0.6005	0.0994855	0
3.64003	0.00095741	0.58382	0.103574	0
3.63984	0.000987693	0.700584	0.107322	0
3.64058	0.00095871	0.400334	0.0814282	0
3.63964	0.00095806	0.550459	0.0950563	0
3.64	0.000943049	0.567139	0.0967598	0
3.64024	0.000976256	0.500417	0.0909679	0
3.63895	0.000984249	0.533778	0.0936935	0
3.63877	0.000972032	0.517098	0.0923307	0
3.64085	0.000959945	0.58382	0.0981227	0
3.63941	0.000965078	0.617181	0.100848	0
3.63875	0.000951562	0.483736	0.0892644	0
3.63945	0.000939735	0.550459	0.0950563	0
3.64062	0.000992242	0.633862	0.10187	0
3.6403	0.000927518	0.500417	0.0909679	0
3.64031	0.000945973	0.617181	0.100848	0
3.64215	0.000948118	0.500417	0.0909679	0
3.64122	0.000934341	0.517098	0.0923307	0
3.64043	0.000954681	0.500417	0.0909679	0
3.6407	0.000973591	0.717264	0.111069	0
3.64109	0.000947208	0.533778	0.0967598	0
3.64114	0.000984898	0.533778	0.0936935	0
3.64074	0.000949027	0.517098	0.095397	0
3.63976	0.000920694	0.517098	0.0923307	0
3.6402	0.000943439	0.433695	0.0844945	0
3.6396	0.000950847	0.617181	0.100848	0
3.63918	0.000933106	0.383653	0.0797247	0
3.64072	0.000940644	0.483736	0.0892644	0
3.63911	0.000940189	0.417014	0.0831317	0
3.63973	0.000977685	0.500417	0.0909679	0
3.64053	0.000934601	0.433695	0.0844945	0
3.64061	0.000930182	0.467056	0.0879015	0
3.64027	0.000933301	0.417014	0.0831317	0
3.64026	0.000954356	0.517098	0.0923307	0
3.64009	0.000981714	0.517098	0.0923307	0
3.63944	0.000921019	0.383653	0.0797247	0
3.63973	0.000941424	0.517098	0.0923307	0
3.64095	0.000960464	0.58382	0.0981227	0
3.6404	0.000937785	0.366972	0.0780211	0
3.6395	0.000921994	0.333611	0.0780211	0
3.64085	0.000943114	0.500417	0.0909679	0
3.63965	0.000937005	0.467056	0.0879015	0
3.63898	0.000932976	0.316931	0.0725699	0
3.6406	0.000909062	0.350292	0.0759769	0
3.64161	0.000947988	0.500417	0.0909679	0
3.64289	0.000981649	0.733945	0.109707	0
3.64249	0.00093785	0.467056	0.0879015	0
3.64101	0.00091738	0.366972	0.0780211	0
3.6422	0.000955916	0.783987	0.113114	0
3.64267	0.000965078	0.517098	0.0923307	0
3.64104	0.000910817	0.467056	0.0879015	0
3.64124	0.000944348	0.400334	0.0814282	0
3.64281	0.000938175	0.550459	0.0950563	0
3.64247	0.000961634	0.550459	0.0981227	0
3.64118	0.000921344	0.467056	0.0879015	0
3.6409	0.000923164	0.417014	0.086198	0
3.64214	0.000931807	0.417014	0.0831317	0
3.641	0.000945843	0.383653	0.0797247	0
3.64153	0.000905748	0.467056	0.0879015	0
3.64236	0.000928297	0.333611	0.0742734	0
3.64197	0.000910622	0.550459	0.0950563	0
3.64198	0.000944673	0.517098	0.095397	0
3.64144	0.000920694	0.467056	0.0879015	0
3.64177	0.000964883	0.517098	0.0981227	0
3.64207	0.000949222	0.350292	0.0759769	0
3.64049	0.000925113	0.500417	0.0909679	0
3.64085	0.000905488	0.316931	0.0725699	0
3.64161	0.000921019	0.417014	0.0831317	0
3.64229	0.000902369	0.383653	0.0797247	0
3.64236	0.000921474	0.533778	0.0936935	0
3.64324	0.00095936	0.683903	0.105959	0
3.64245	0.000920304	0.350292	0.0759769	0
3.64239	0.000903928	0.450375	0.086198	0
3.64148	0.000930442	0.433695	0.0844945	0
3.64058	0.000921604	0.400334	0.0814282	0
3.64182	0.000912636	0.417014	0.0831317	0
3.64243	0.000928232	0.366972	0.0814282	0
3.64293	0.000942724	0.433695	0.0844945	0
3.64231	0.000929207	0.250209	0.064393	0
3.64226	0.000930507	0.366972	0.0780211	0
3.64204	0.000913741	0.450375	0.086198	0
3.64322	0.000922189	0.316931	0.0725699	0
3.64294	0.000927972	0.483736	0.0923307	0
3.64302	0.000950262	0.467056	0.0879015	0
3.64371	0.000934991	0.467056	0.0879015	0
3.64311	0.000950327	0.450375	0.086198	0
3.64261	0.000912441	0.417014	0.0831317	0
3.64211	0.000920564	0.333611	0.0742734	0
3.64202	0.000911337	0.316931	0.0725699	0
3.64309	0.000908997	0.550459	0.0950563	0
3.64353	0.000954681	0.433695	0.0909679	0
3.64316	0.000947143	0.517098	0.0923307	0
3.64176	0.000912571	0.366972	0.0814282	0
3.64301	0.000899509	0.383653	0.0797247	0
3.6438	0.000907048	0.467056	0.0879015	0
3.64255	0.000946623	0.400334	0.0814282	0
3.64381	0.000954031	0.567139	0.0994855	0
3.64295	0.000903798	0.450375	0.086198	0
3.64287	0.000913026	0.483736	0.0892644	0
3.64273	0.000922384	0.316931	0.0725699	0
3.64361	0.000921604	0.417014	0.0831317	0
3.64311	0.000929012	0.383653	0.0797247	0
3.64337	0.000909972	0.383653	0.0797247	0
3.64444	0.000915625	0.400334	0.0814282	0
3.64381	0.000920824	0.400334	0.0814282	0
3.6424	0.000895026	0.30025	0.0705257	0
3.64304	0.000891126	0.266889	0.0664372	0
3.64354	0.000887162	0.28357	0.0725699	0
3.64386	0.000906658	0.366972	0.0814282	0
3.64363	0.000930312	0.417014	0.0831317	0
3.64458	0.000923424	0.417014	0.0831317	0
3.64381	0.000900289	0.417014	0.0831317	0
3.64455	0.000918225	0.483736	0.0892644	0
3.6456	0.000940514	0.400334	0.0814282	0
3.64484	0.000906658	0.417014	0.086198	0
3.64427	0.000917835	0.450375	0.0892644	0
3.64572	0.000946818	0.517098	0.0923307	0
3.64499	0.000933821	0.417014	0.0831317	0
3.64367	0.000920694	0.433695	0.0844945	0
3.64368	0.000906853	0.366972	0.0780211	0
3.64501	0.000914066	0.467056	0.0879015	0
3.64473	0.000920044	0.417014	0.0831317	0
3.64504	0.000921864	0.350292	0.0797247	0
3.6461	0.000941489	0.467056	0.0879015	0
3.64486	0.000899444	0.350292	0.0759769	0
3.64459	0.000918745	0.350292	0.0759769	0
3.64503	0.000919265	0.28357	0.0684814	0
3.64446	0.000909192	0.467056	0.0879015	0
3.64514	0.0009179	0.383653	0.0797247	0
3.64479	0.000951627	0.467056	0.0879015	0
3.64547	0.000942854	0.383653	0.0797247	0
3.6454	0.00091686	0.433695	0.0844945	0
3.64529	0.000912571	0.316931	0.0763176	0
3.64583	0.000929012	0.316931	0.0725699	0
3.64565	0.000930637	0.517098	0.0923307	0
3.64479	0.000898665	0.266889	0.0664372	0
3.64475	0.000889437	0.250209	0.064393	0
3.6458	0.000884173	0.333611	0.0742734	0
3.64573	0.000888072	0.316931	0.0725699	0
3.64531	0.000895415	0.433695	0.0844945	0
3.64658	0.000903279	0.366972	0.0780211	0
3.64755	0.000921994	0.433695	0.0844945	0
3.64526	0.000890607	0.383653	0.0797247	0
3.64464	0.000895156	0.266889	0.0664372	0
3.6461	0.00093954	0.483736	0.0892644	0
3.64629	0.00091829	0.350292	0.0759769	0
3.64545	0.000910622	0.316931	0.0725699	0
3.64664	0.000917315	0.467056	0.0879015	0
3.64664	0.000912376	0.417014	0.0831317	0
3.64616	0.000952796	0.567139	0.0994855	0
3.646	0.000920694	0.383653	0.0797247	0
3.64574	0.000920824	0.250209	0.064393	0
3.64686	0.000903473	0.450375	0.086198	0
3.64563	0.00093915	0.417014	0.0831317	0
3.64553	0.000919784	0.417014	0.0831317	0
3.64705	0.000914196	0.400334	0.0814282	0
3.64691	0.000905423	0.366972	0.0780211	0
3.64616	0.000912701	0.30025	0.0705257	0
3.64704	0.000913091	0.417014	0.0831317	0
3.64722	0.000911142	0.28357	0.0684814	0
3.64727	0.000949287	0.633862	0.10187	0
3.64834	0.000931482	0.483736	0.0892644	0
3.64708	0.000932521	0.383653	0.0797247	0
3.6471	0.000941229	0.500417	0.0909679	0
3.64793	0.000943764	0.383653	0.0797247	0
3.64837	0.000888852	0.383653	0.0797247	0
3.64803	0.000899964	0.400334	0.0814282	0
3.64641	0.000909712	0.316931	0.0725699	0
3.64762	0.000906918	0.467056	0.0879015	0
3.64801	0.000906593	0.28357	0.0684814	0
3.64764	0.000911986	0.483736	0.0892644	0
3.6488	0.00093811	0.500417	0.0909679	0
3.64769	0.000914716	0.316931	0.0725699	0
3.64789	0.000927583	0.400334	0.0848352	0
3.64795	0.000925308	0.433695	0.0844945	0
3.64775	0.000913676	0.333611	0.0742734	0
3.64755	0.000942594	0.467056	0.0879015	0
3.6483	0.000951302	0.383653	0.0797247	0
3.64872	0.000916665	0.400334	0.0814282	0
3.64883	0.000894701	0.500417	0.0909679	0
3.64958	0.000941099	0.433695	0.0844945	0
3.64821	0.00091556	0.350292	0.0759769	0
3.64795	0.000909387	0.333611	0.0742734	0
3.64814	0.000935316	0.450375	0.086198	0
3.6481	0.000908022	0.216847	0.0599638	0
3.64774	0.000903798	0.316931	0.0763176	0
3.64957	0.000922969	0.400334	0.0814282	0
3.6491	0.000906463	0.350292	0.0759769	0
3.64715	0.000912636	0.333611	0.0742734	0
3.64794	0.000898795	0.216847	0.0599638	0
3.64852	0.000883913	0.350292	0.0759769	0
3.64861	0.000902889	0.250209	0.064393	0
3.6495	0.000885343	0.417014	0.0831317	0
3.64952	0.000901069	0.266889	0.0664372	0
3.64987	0.000910557	0.400334	0.0814282	0
3.64956	0.00091647	0.266889	0.0664372	0
3.64941	0.000909192	0.183486	0.055194	0
3.64893	0.000903798	0.350292	0.0759769	0
3.64865	0.000902434	0.266889	0.0664372	0
3.64863	0.000906983	0.316931	0.0725699	0
3.64873	0.000887357	0.333611	0.0742734	0
3.64933	0.00089847	0.30025	0.0705257	0
3.64924	0.000903863	0.28357	0.0725699	0
3.64977	0.000894376	0.30025	0.0705257	0
3.64917	0.00089808	0.200167	0.0575789	0
3.65012	0.000911467	0.433695	0.0844945	0
3.65004	0.000915041	0.316931	0.0725699	0
3.64899	0.000906333	0.350292	0.0759769	0
3.64915	0.000894896	0.266889	0.0664372	0
3.65027	0.000911856	0.433695	0.0844945	0
3.64951	0.000901849	0.467056	0.0879015	0
3.64931	0.000913351	0.383653	0.0797247	0
3.64992	0.000905098	0.333611	0.0742734	0
3.65099	0.000901199	0.417014	0.0831317	0
3.65029	0.000905683	0.28357	0.0684814	0
3.64978	0.000914456	0.383653	0.0797247	0
3.65047	0.000888592	0.316931	0.0725699	0
3.65066	0.000890932	0.30025	0.0705257	0
3.64981	0.000883718	0.216847	0.0599638	0
3.64924	0.000861039	0.216847	0.0599638	0
3.65097	0.000901329	0.266889	0.0664372	0
3.65183	0.000895091	0.450375	0.086198	0
3.65193	0.000901979	0.366972	0.0780211	0
3.65102	0.000914261	0.417014	0.086198	0
3.65025	0.000911272	0.366972	0.0780211	0
3.65098	0.000908672	0.333611	0.0742734	0
3.65229	0.000905228	0.316931	0.0725699	0
3.65238	0.000900419	0.30025	0.0705257	0
3.65154	0.000913091	0.333611	0.0742734	0
3.65156	0.000893206	0.316931	0.0725699	0
3.65092	0.000922579	0.266889	0.0664372	0
3.65087	0.000907827	0.350292	0.0759769	0
3.65133	0.000914521	0.400334	0.0814282	0
3.65161	0.000896715	0.266889	0.0664372	0
3.65169	0.000880274	0.316931	0.0725699	0
3.65168	0.000892101	0.366972	0.0780211	0
3.65178	0.000913221	0.333611	0.0742734	0
3.65139	0.000892686	0.333611	0.0742734	0
3.65126	0.000889242	0.250209	0.064393	0
3.65198	0.000901914	0.400334	0.0814282	0
3.65292	0.000927518	0.467056	0.0879015	0
3.65279	0.000898145	0.400334	0.0814282	0
3.65218	0.000896455	0.30025	0.0705257	0
3.65132	0.000918095	0.316931	0.0725699	0
3.6515	0.000907243	0.233528	0.0623488	0
3.65177	0.000904643	0.233528	0.0623488	0
3.65145	0.000857075	0.233528	0.0623488	0
3.65172	0.00089652	0.166806	0.0528091	0
3.65278	0.000883978	0.250209	0.064393	0
3.65232	0.000879299	0.30025	0.0705257	0
3.65188	0.000869877	0.200167	0.0575789	0
3.65228	0.000878909	0.28357	0.0684814	0
3.65217	0.000894051	0.366972	0.0814282	0
3.65294	0.000903019	0.316931	0.0725699	0
3.65278	0.000902499	0.250209	0.064393	0
3.65245	0.000887162	0.216847	0.0599638	0
3.65362	0.000901134	0.417014	0.0831317	0
3.65358	0.000906398	0.400334	0.0814282	0
3.6538	0.000893076	0.30025	0.0705257	0
3.65369	0.00087774	0.250209	0.064393	0
3.65386	0.000898015	0.383653	0.0797247	0
3.654	0.000895285	0.266889	0.0664372	0
3.65396	0.000910167	0.316931	0.0725699	0
3.65405	0.000909257	0.433695	0.0844945	0
3.6552	0.000923878	0.417014	0.0831317	0
3.65517	0.000906138	0.450375	0.086198	0
3.65378	0.000902174	0.28357	0.0684814	0
3.65408	0.000913546	0.233528	0.0623488	0
3.65306	0.000881184	0.216847	0.0599638	0
3.65357	0.00087735	0.266889	0.0664372	0
3.65224	0.000882809	0.28357	0.0684814	0
3.6523	0.000902889	0.216847	0.0599638	0
3.65406	0.000894961	0.350292	0.0759769	0
3.65344	0.000889957	0.333611	0.0742734	0
3.65379	0.000907697	0.383653	0.0797247	0
3.6541	0.000887357	0.28357	0.0684814	0
3.65406	0.000902564	0.30025	0.0705257	0
3.65514	0.000899704	0.266889	0.0664372	0
3.65491	0.000907697	0.350292	0.0797247	0
3.65416	0.000878974	0.200167	0.0575789	0
3.65612	0.000871371	0.316931	0.0725699	0
3.65568	0.000886643	0.350292	0.0759769	0
3.65509	0.000871501	0.316931	0.0725699	0
3.65519	0.000880274	0.216847	0.0599638	0
3.65494	0.000856685	0.250209	0.064393	0
3.65547	0.000896975	0.400334	0.0814282	0
3.65455	0.000888852	0.150125	0.0500834	0
3.65355	0.000874751	0.266889	0.0664372	0
3.65493	0.0008754	0.28357	0.0684814	0
3.65628	0.000870981	0.266889	0.0664372	0
3.65587	0.000886448	0.28357	0.0684814	0
3.65595	0.000906788	0.350292	0.0759769	0
3.65665	0.000901134	0.30025	0.0705257	0
3.65583	0.000891581	0.350292	0.0759769	0
3.65539	0.000864548	0.150125	0.0500834	0
3.65483	0.000888397	0.316931	0.0725699	0
3.65518	0.000891841	0.333611	0.0742734	0
3.6553	0.000873126	0.233528	0.0623488	0
3.65535	0.000882029	0.233528	0.0623488	0
3.65455	0.000882614	0.233528	0.0623488	0
3.65516	0.000868967	0.116764	0.0439508	0
3.6556	0.00087527	0.216847	0.064393	0
3.65631	0.00085558	0.266889	0.0664372	0
3.65688	0.000863963	0.183486	0.055194	0
3.65678	0.000873906	0.350292	0.0759769	0
3.65646	0.000897105	0.266889	0.0664372	0
3.65667	0.000902174	0.266889	0.0664372	0
3.65717	0.00089587	0.250209	0.064393	0
3.65738	0.000890867	0.383653	0.0797247	0
3.6572	0.000884953	0.216847	0.0599638	0
3.65748	0.000894311	0.333611	0.0742734	0
3.65826	0.000883848	0.233528	0.0623488	0
3.65812	0.000878065	0.350292	0.0759769	0
3.65691	0.000865133	0.166806	0.0528091	0
3.65735	0.000865653	0.266889	0.0664372	0
3.65712	0.00089847	0.28357	0.0684814	0
3.65581	0.00087709	0.216847	0.0599638	0
3.65626	0.000868447	0.233528	0.0623488	0
3.65729	0.000882354	0.333611	0.0742734	0
3.65824	0.000885668	0.28357	0.0684814	0
3.65786	0.000861104	0.316931	0.0725699	0
3.65715	0.000881834	0.266889	0.0664372	0
3.65722	0.000880014	0.250209	0.064393	0
3.65817	0.00087579	0.366972	0.0780211	0
3.65893	0.000896715	0.417014	0.0831317	0
3.6576	0.000893596	0.30025	0.0705257	0
3.6573	0.000874426	0.250209	0.064393	0
3.65833	0.000879169	0.200167	0.0575789	0
3.65777	0.000859154	0.250209	0.064393	0
3.65788	0.00087514	0.250209	0.064393	0
3.65885	0.000894506	0.316931	0.0725699	0
3.65847	0.000859804	0.233528	0.0623488	0
3.65862	0.000899314	0.316931	0.0725699	0
3.65802	0.000899444	0.233528	0.0623488	0
3.65866	0.000877935	0.216847	0.0599638	0
3.65948	0.000877155	0.28357	0.0684814	0
3.65953	0.000858375	0.183486	0.055194	0
3.65896	0.000867147	0.233528	0.0623488	0
3.65854	0.000879234	0.216847	0.0599638	0
3.65909	0.00087631	0.216847	0.0599638	0
3.65858	0.000865523	0.183486	0.055194	0
3.65937	0.000893531	0.383653	0.0797247	0
3.66063	0.000900484	0.30025	0.0705257	0
3.6589	0.000892946	0.28357	0.0684814	0
3.65864	0.000883718	0.28357	0.0684814	0
3.65929	0.000886968	0.166806	0.0528091	0
3.66027	0.000894116	0.216847	0.0599638	0
3.66051	0.000903668	0.383653	0.0797247	0
3.66078	0.000889892	0.333611	0.0742734	0
3.66056	0.000878909	0.200167	0.0575789	0
3.65971	0.000870137	0.216847	0.0599638	0
3.65935	0.000879169	0.28357	0.0684814	0
3.66012	0.000844533	0.200167	0.0575789	0
3.66053	0.000907048	0.433695	0.0844945	0
3.6611	0.000906658	0.316931	0.0725699	0
3.66099	0.000874751	0.200167	0.0575789	0
3.65977	0.000867082	0.266889	0.0664372	0
3.66061	0.000872541	0.183486	0.055194	0
3.66078	0.000862469	0.200167	0.0575789	0
3.66055	0.000883848	0.28357	0.0684814	0
3.66127	0.000895415	0.266889	0.0705257	0
3.65944	0.000879754	0.216847	0.0599638	0
3.66113	0.000862079	0.183486	0.055194	0
3.66142	0.000870786	0.28357	0.0684814	0
3.66094	0.000890412	0.233528	0.0623488	0
3.66095	0.000865328	0.183486	0.055194	0
3.66107	0.00087709	0.28357	0.0684814	0
3.66146	0.000878195	0.183486	0.055194	0
3.66234	0.000887682	0.450375	0.086198	0
3.66198	0.000883003	0.133445	0.0470171	0
3.66192	0.000873386	0.28357	0.0684814	0
3.66204	0.000866368	0.150125	0.0500834	0
3.66283	0.000887617	0.366972	0.0780211	0
3.6621	0.000891906	0.233528	0.0623488	0
3.66164	0.000888722	0.216847	0.0599638	0
3.6618	0.000871566	0.216847	0.0599638	0
3.66148	0.000887942	0.266889	0.0664372	0
3.66194	0.000901264	0.366972	0.0814282	0
3.66171	0.000890022	0.133445	0.0470171	0
3.66205	0.000882029	0.266889	0.0664372	0
3.66278	0.000888267	0.183486	0.055194	0
3.66171	0.000856035	0.250209	0.064393	0
3.66122	0.000871956	0.233528	0.0623488	0
3.66186	0.00087527	0.200167	0.0575789	0
3.66196	0.000906398	0.183486	0.055194	0
3.6621	0.00087696	0.333611	0.0742734	0
3.66328	0.000885798	0.30025	0.0705257	0
3.66332	0.000883523	0.150125	0.0500834	0
3.66179	0.000874101	0.216847	0.0599638	0
3.6628	0.000872151	0.216847	0.0599638	0
3.66413	0.000890672	0.233528	0.0623488	0
3.66373	0.000868707	0.250209	0.064393	0
3.66385	0.000864028	0.333611	0.0742734	0
3.66415	0.000903214	0.366972	0.0780211	0
3.66386	0.000891581	0.30025	0.0705257	0
3.66439	0.000880729	0.250209	0.064393	0
3.66416	0.00087865	0.266889	0.0664372	0
3.66415	0.000895805	0.30025	0.0705257	0
3.6642	0.000889697	0.216847	0.0599638	0
3.66361	0.000897105	0.250209	0.064393	0
3.66358	0.000886643	0.183486	0.055194	0
3.66371	0.000864353	0.250209	0.064393	0
3.66451	0.000873581	0.30025	0.0705257	0
3.66447	0.000894701	0.233528	0.0623488	0
3.66459	0.000868317	0.216847	0.0599638	0
3.6645	0.000880469	0.266889	0.0664372	0
3.66443	0.000900419	0.28357	0.0684814	0
3.66393	0.00085753	0.28357	0.0684814	0
3.66477	0.000872801	0.233528	0.0623488	0
3.66457	0.000891971	0.233528	0.0623488	0
3.66485	0.000883198	0.266889	0.0664372	0
3.66386	0.00085623	0.200167	0.0575789	0
3.66469	0.000860779	0.166806	0.0528091	0
3.66567	0.000850641	0.233528	0.0623488	0
3.66452	0.000870267	0.233528	0.0623488	0
3.66471	0.000872606	0.183486	0.055194	0
3.66535	0.000863638	0.200167	0.0575789	0
3.66536	0.000874231	0.250209	0.064393	0
3.66442	0.000848042	0.183486	0.055194	0
3.66454	0.0008574	0.266889	0.0664372	0
3.66463	0.000861299	0.133445	0.0470171	0
3.6655	0.000866498	0.250209	0.064393	0
3.66666	0.000905813	0.333611	0.0742734	0
3.66546	0.000880729	0.200167	0.0575789	0
3.66569	0.000874686	0.266889	0.0664372	0
3.66615	0.000912896	0.28357	0.0684814	0
3.66587	0.000891776	0.30025	0.0705257	0
3.66539	0.000860194	0.250209	0.064393	0
3.66675	0.000872346	0.216847	0.0599638	0
3.66744	0.000911791	0.30025	0.0705257	0
3.66667	0.000872541	0.133445	0.0470171	0
3.66617	0.000848627	0.133445	0.0470171	0
3.66684	0.000871111	0.316931	0.0725699	0
3.66681	0.000862858	0.216847	0.0599638	0
3.66714	0.000868512	0.216847	0.0599638	0
3.6665	0.000868382	0.28357	0.0684814	0
3.6665	0.000868902	0.166806	0.0528091	0
3.66668	0.000873581	0.233528	0.0623488	0
3.66742	0.000880534	0.28357	0.0684814	0
3.6668	0.000882159	0.233528	0.0623488	0
3.66666	0.000844793	0.266889	0.0664372	0
3.66752	0.000868382	0.233528	0.0623488	0
3.66721	0.000854346	0.166806	0.0528091	0
3.66783	0.000860649	0.28357	0.0684814	0
3.66754	0.000847197	0.150125	0.0500834	0
3.66832	0.00087878	0.250209	0.064393	0
3.66788	0.000865263	0.166806	0.0528091	0
3.6686	0.00089717	0.366972	0.0780211	0
3.66867	0.000895091	0.150125	0.0500834	0
3.66772	0.000861494	0.150125	0.0500834	0
3.66797	0.000883393	0.233528	0.0623488	0
3.66867	0.000888527	0.250209	0.064393	0
3.66799	0.000870786	0.150125	0.0500834	0
3.66724	0.000873711	0.150125	0.0500834	0
3.66854	0.000881119	0.166806	0.0528091	0
3.6678	0.000863053	0.200167	0.0575789	0
3.66736	0.000845573	0.100083	0.0408844	0
3.66759	0.00087566	0.266889	0.0664372	0
3.6688	0.000870202	0.216847	0.0599638	0
3.66926	0.000863703	0.216847	0.0599638	0
3.66932	0.00087527	0.316931	0.0725699	0
3.66863	0.00087761	0.266889	0.0664372	0
3.66951	0.000877935	0.30025	0.0705257	0
3.67084	0.000895091	0.250209	0.064393	0
3.66903	0.000868447	0.216847	0.0599638	0
3.66845	0.000882938	0.250209	0.064393	0
3.66875	0.000869552	0.233528	0.0623488	0
3.66903	0.000870072	0.166806	0.0528091	0
3.66819	0.000876765	0.266889	0.0664372	0
3.66929	0.000886578	0.216847	0.0599638	0
3.66951	0.000871956	0.200167	0.0575789	0
3.66932	0.000888657	0.30025	0.0705257	0
3.67	0.000886058	0.233528	0.0623488	0
3.66957	0.000875595	0.150125	0.0500834	0
3.6701	0.000868382	0.266889	0.0664372	0
3.67208	0.000908217	0.28357	0.0684814	0
3.67139	0.000869227	0.200167	0.0623488	0
3.66979	0.0008561	0.233528	0.0623488	0
3.67003	0.000852071	0.250209	0.064393	0
3.6714	0.000882679	0.316931	0.0725699	0
3.67053	0.000912766	0.200167	0.0575789	0
3.66945	0.00087722	0.266889	0.0664372	0
3.67064	0.000870332	0.183486	0.055194	0
3.67091	0.000859479	0.150125	0.0500834	0
3.67072	0.000851746	0.200167	0.0575789	0
3.67134	0.000870332	0.250209	0.064393	0
3.67114	0.000853956	0.100083	0.0408844	0
3.6712	0.00083628	0.183486	0.055194	0
3.67123	0.000853761	0.166806	0.0528091	0
3.67114	0.000874296	0.28357	0.0684814	0
3.67164	0.000865133	0.250209	0.064393	0
3.67104	0.000858115	0.200167	0.0575789	0
3.67058	0.000862858	0.116764	0.0439508	0
3.67144	0.000838359	0.200167	0.0575789	0
3.67167	0.000849667	0.166806	0.0528091	0
3.67111	0.000878909	0.233528	0.0623488	0
3.67217	0.000865718	0.183486	0.055194	0
3.67137	0.000861104	0.216847	0.0599638	0
3.67136	0.000871826	0.333611	0.0742734	0
3.67203	0.00087605	0.316931	0.0725699	0
3.67276	0.000880729	0.216847	0.0599638	0
3.67219	0.000874621	0.216847	0.0599638	0
3.67209	0.000849732	0.150125	0.0500834	0
3.67231	0.000841609	0.233528	0.0623488	0
3.67295	0.000867147	0.30025	0.0705257	0
3.67378	0.000869552	0.200167	0.0575789	0
3.67176	0.000865003	0.166806	0.0528091	0
3.6724	0.000883523	0.266889	0.0664372	0
3.67308	0.000858569	0.150125	0.0500834	0
3.67302	0.000879689	0.216847	0.0599638	0
3.67291	0.000860779	0.116764	0.0439508	0
3.67369	0.000862728	0.233528	0.0623488	0
3.67385	0.000881314	0.266889	0.0664372	0
3.67341	0.000868837	0.216847	0.0599638	0
3.67224	0.000848627	0.133445	0.0470171	0
3.67298	0.000863703	0.183486	0.055194	0
3.67297	0.000876375	0.116764	0.0439508	0
3.67213	0.000838035	0.116764	0.0439508	0
3.67223	0.000830756	0.133445	0.0470171	0
3.67354	0.000868382	0.250209	0.064393	0
3.67361	0.000878195	0.266889	0.0664372	0
3.67306	0.000849277	0.166806	0.0528091	0
3.67384	0.000856425	0.216847	0.0599638	0
3.6732	0.000884758	0.150125	0.0500834	0
3.67398	0.000865978	0.200167	0.0575789	0
3.67377	0.000867732	0.183486	0.055194	0
3.67333	0.000856685	0.133445	0.0470171	0
3.67395	0.000868837	0.200167	0.0575789	0
3.6748	0.000874815	0.216847	0.0599638	0
3.67526	0.000884498	0.216847	0.0599638	0
3.67514	0.000887942	0.316931	0.0725699	0
3.67484	0.000871956	0.200167	0.0575789	0
3.67474	0.000879169	0.266889	0.0664372	0
3.67496	0.000854735	0.216847	0.0599638	0
3.67536	0.000838749	0.0834028	0.0371367	0
3.67429	0.000871176	0.150125	0.0500834	0
3.67532	0.000892816	0.183486	0.055194	0
3.67552	0.000877285	0.216847	0.064393	0
3.67642	0.000868057	0.200167	0.0575789	0
3.67686	0.000873971	0.333611	0.0780211	0
3.67582	0.000866303	0.166806	0.0528091	0
3.67536	0.000844923	0.150125	0.0500834	0
3.67501	0.000838749	0.28357	0.0684814	0
0	0	0	0	0
0	0	0	0	0
0	0	0	0	0
0	0	0	0	0
0	0	0	0	0
0	0	0	0	0
0	0	0	0	0
0	0	0	0	0
0	0	0	0	0
0	0	0	0	0
0	0	0	0	0
0	0	0	0	0
0	0	0	0	0
0	0	0	0	0
0	0	0	0	0
0	0	0	0	0
0	0	0	0	0
0	0	0	0	0
0	0	0	0	0
0	0	0	0	0
0	0	0	0	0
0	0	0	0	0
0	0	0	0	0
0	0	0	0	0
0	0	0	0	0
0	0	0	0	0
0	0	0	0	0
0	0	0	0	0
0	0	0	0	0
0	0	0	0	0
0	0	0	0	0
0	0	0	0	0
0	0	0	0	0
0	0	0	0	0
0	0	0	0	0
0	0	0	0	0
0	0	0	0	0
0	0	0	0	0
0	0	0	0	0
0	0	0	0	0
0	0	0	0	0
0	0	0	0	0
0	0	0	0	0
0	0	0	0	0
0	0	0	0	0
0	0	0	0	0
0	0	0	0	0
0	0	0	0	0
0	0	0	0	0
0	0	0	0	0
0	0	0	0	0
0	0	0	0	0
0	0	0	0	0
0	0	0	0	0
0	0	0	0	0
0	0	0	0	0
0	0	0	0	0
0	0	0	0	0
0	0	0	0	0
0	0	0	0	0
0	0	0	0	0
0	0	0	0	0
0	0	0	0	0
0	0	0	0	0
0	0	0	0	0
0	0	0	0	0
0	0	0	0	0
0	0	0	0	0
0	0	0	0	0
0	0	0	0	0
0	0	0	0	0
0	0	0	0	0
0	0	0	0	0
0	0	0	0	0
0	0	0	0	0
0	0	0	0	0
0	0	0	0	0
0	0	0	0	0
0	0	0	0	0
0	0	0	0	0
0	0	0	0	0
0	0	0	0	0
0	0	0	0	0
0	0	0	0	0
0	0	0	0	0
0	0	0	0	0
0	0	0	0	0
0	0	0	0	0
0	0	0	0	0
0	0	0	0	0
0	0	0	0	0
0	0	0	0	0
0	0	0	0	0
0	0	0	0	0
0	0	0	0	0
0	0	0	0	0
0	0	0	0	0
0	0	0	0	0
0	0	0	0	0
0	0	0	0	0
0	0	0	0	0
0	0	0	0	0
0	0	0	0	0
0	0	0	0	0
0	0	0	0	0
0	0	0	0	0
0	0	0	0	0
0	0	0	0	0
0	0	0	0	0
0	0	0	0	0
0	0	0	0	0
0	0	0	0	0
0	0	0	0	0
0	0	0	0	0
0	0	0	0	0
0	0	0	0	0
0	0	0	0	0
0	0	0	0	0
0	0	0	0	0
0	0	0	0	0
0	0	0	0	0
0	0	0	0	0
0	0	0	0	0
0	0	0	0	0
0	0	0	0	0
0	0	0	0	0
0	0	0	0	0
0	0	0	0	0
0	0	0	0	0
0	0	0	0	0
0	0	0	0	0
0	0	0	0	0
0	0	0	0	0
0	0	0	0	0
0	0	0	0	0
0	0	0	0	0
0	0	0	0	0
0	0	0	0	0
0	0	0	0	0
0	0	0	0	0
0	0	0	0	0
0	0	0	0	0
0	0	0	0	0
0	0	0	0	0
0	0	0	0	0
0	0	0	0	0
0	0	0	0	0
0	0	0	0	0
0	0	0	0	0
0	0	0	0	0
0	0	0	0	0
0	0	0	0	0
0	0	0	0	0
0	0	0	0	0
0	0	0	0	0
0	0	0	0	0
0	0	0	0	0
0	0	0	0	0
0	0	0	0	0
0	0	0	0	0
0	0	0	0	0
0	0	0	0	0
0	0	0	0	0
0	0	0	0	0
0	0	0	0	0
0	0	0	0	0
0	0	0	0	0
0	0	0	0	0
0	0	0	0	0
0	0	0	0	0
0	0	0	0	0
0	0	0	0	0
0	0	0	0	0
0	0	0	0	0
0	0	0	0	0
0	0	0	0	0
0	0	0	0	0
0	0	0	0	0
0	0	0	0	0
0	0	0	0	0
0	0	0	0	0
0	0	0	0	0
0	0	0	0	0
0	0	0	0	0
0	0	0	0	0
0	0	0	0	0
0	0	0	0	0
0	0	0	0	0
0	0	0	0	0
0	0	0	0	0
0	0	0	0	0
0	0	0	0	0
0	0	0	0	0
0	0	0	0	0
0	0	0	0	0
0	0	0	0	0
0	0	0	0	0
0	0	0	0	0
0	0	0	0	0
0	0	0	0	0
0	0	0	0	0
0	0	0	0	0
0	0	0	0	0
0	0	0	0	0
0	0	0	0	0
0	0	0	0	0
0	0	0	0	0
0	0	0	0	0
0	0	0	0	0
0	0	0	0	0
0	0	0	0	0
0	0	0	0	0
0	0	0	0	0
0	0	0	0	0
0	0	0	0	0
0	0	0	0	0
0	0	0	0	0
0	0	0	0	0
0	0	0	0	0
0	0	0	0	0
0	0	0	0	0
0	0	0	0	0
0	0	0	0	0
0	0	0	0	0
0	0	0	0	0
0	0	0	0	0
0	0	0	0	0
0	0	0	0	0
0	0	0	0	0
0	0	0	0	0
0	0	0	0	0
0	0	0	0	0
0	0	0	0	0
0	0	0	0	0
0	0	0	0	0
0	0	0	0	0
0	0	0	0	0
0	0	0	0	0
0	0	0	0	0
0	0	0	0	0
0	0	0	0	0
0	0	0	0	0
0	0	0	0	0
0	0	0	0	0
0	0	0	0	0
0	0	0	0	0
0	0	0	0	0
0	0	0	0	0
0	0	0	0	0
0	0	0	0	0
0	0	0	0	0
0	0	0	0	0
0	0	0	0	0
0	0	0	0	0
0	0	0	0	0
0	0	0	0	0
0	0	0	0	0
0	0	0	0	0
0	0	0	0	0
0	0	0	0	0
0	0	0	0	0
0	0	0	0	0
0	0	0	0	0
0	0	0	0	0
0	0	0	0	0
0	0	0	0	0
0	0	0	0	0
0	0	0	0	0
0	0	0	0	0
0	0	0	0	0
0	0	0	0	0
0	0	0	0	0
0	0	0	0	0
0	0	0	0	0
0	0	0	0	0
0	0	0	0	0
0	0	0	0	0
0	0	0	0	0
0	0	0	0	0
0	0	0	0	0
0	0	0	0	0
0	0	0	0	0
0	0	0	0	0
0	0	0	0	0
0	0	0	0	0
0	0	0	0	0
0	0	0	0	0
0	0	0	0	0
0	0	0	0	0
0	0	0	0	0
0	0	0	0	0
0	0	0	0	0
0	0	0	0	0
0	0	0	0	0
0	0	0	0	0
0	0	0	0	0
0	0	0	0	0
0	0	0	0	0
0	0	0	0	0
0	0	0	0	0
0	0	0	0	0
0	0	0	0	0
0	0	0	0	0
0	0	0	0	0
0	0	0	0	0
0	0	0	0	0
0	0	0	0	0
0	0	0	0	0
0	0	0	0	0
0	0	0	0	0
0	0	0	0	0
0	0	0	0	0
0	0	0	0	0
0	0	0	0	0
0	0	0	0	0
0	0	0	0	0
0	0	0	0	0
0	0	0	0	0
0	0	0	0	0
0	0	0	0	0
0	0	0	0	0
0	0	0	0	0
0	0	0	0	0
0	0	0	0	0
0	0	0	0	0
0	0	0	0	0
0	0	0	0	0
0	0	0	0	0
0	0	0	0	0
0	0	0	0	0
0	0	0	0	0
0	0	0	0	0
0	0	0	0	0
0	0	0	0	0
0	0	0	0	0
0	0	0	0	0
0	0	0	0	0
0	0	0	0	0
0	0	0	0	0
0	0	0	0	0
0	0	0	0	0
0	0	0	0	0
0	0	0	0	0
0	0	0	0	0
0	0	0	0	0
0	0	0	0	0
0	0	0	0	0
0	0	0	0	0
0	0	0	0	0
0	0	0	0	0
0	0	0	0	0
0	0	0	0	0
0	0	0	0	0
0	0	0	0	0
0	0	0	0	0
0	0	0	0	0
0	0	0	0	0
0	0	0	0	0
0	0	0	0	0
0	0	0	0	0
0	0	0	0	0
0	0	0	0	0
0	0	0	0	0
0	0	0	0	0
0	0	0	0	0
0	0	0	0	0
0	0	0	0	0
0	0	0	0	0
0	0	0	0	0
0	0	0	0	0
0	0	0	0	0
0	0	0	0	0
0	0	0	0	0
0	0	0	0	0
0	0	0	0	0
0	0	0	0	0
0	0	0	0	0
0	0	0	0	0
0	0	0	0	0
0	0	0	0	0
0	0	0	0	0
0	0	0	0	0
0	0	0	0	0
0	0	0	0	0
0	0	0	0	0
0	0	0	0	0
0	0	0	0	0
0	0	0	0	0
0	0	0	0	0
0	0	0	0	0
0	0	0	0	0
0	0	0	0	0
0	0	0	0	0
0	0	0	0	0
0	0	0	0	0
0	0	0	0	0
0	0	0	0	0
0	0	0	0	0
0	0	0	0	0
0	0	0	0	0
