a2610805.050028
Narit-cm 08/01/2026 04:35:01 08/01/2026 05:05:00 0045 0013.384714 0052.542598 00.0 00.0
0002401 0010 0000000 0010 05 0000000 0010 0000000 0010
1 0 1 01600 1 0000 3.75 00000.o 0 0 01 000 16 002401 0.500 BT0
1 2 1 02000 1 0000 3.75 00000.o 0 0 01 000 16 002401 0.500 S2A0
1 1 1 01600 1 0000 3.75 00000.o 0 0 00 000 00 002401 3.1746 BC0
1 3 1 02000 1 0000 3.75 00000.o 0 0 00 000 00 002401 3.1746 S2P0
1 5 0 01600 0 0000 1.00 00000.o 0 0 00 000 00 000000 0.000 OF0
0.000 .o Analog 0 	0.000 .o Analog StErr 0 	0.000 .o Photon Counting 0 	0.000 .o PC StErr 0 	0.000 .o Overflow Info 0 
27.6167	0.153131	179.425	0.88553	0
65.0251	0.407727	196.801	0.878729	0
282.573	2.32365	106.889	1.35958	0
473.526	0.0514558	0.699708	0.107121	0
473.457	0	0	0	0
473.457	0	0.116618	0.0499896	0
473.457	0	23.7734	0.62674	0
473.457	1.42048E-5	11.162	0.477452	0
473.457	0	6.43065	0.350267	0
473.457	0	20.1583	0.580151	0
473.457	6.3565E-6	65.656	0.921917	0
473.457	6.3565E-6	128.23	1.04672	0
473.457	6.3565E-6	164.315	1.03312	0
473.457	0	134.211	1.06032	0
473.457	0	104.673	0.967486	0
473.457	0	96.5098	0.935519	0
473.457	6.3565E-6	97.1095	0.93756	0
473.457	0	105.439	0.972587	0
473.457	0	121.183	0.954223	0
473.457	6.3565E-6	121.899	0.93926	0
473.457	0	127.247	0.921237	0
473.457	0	143.723	0.949462	0
473.457	0	164.548	0.930758	0
473.457	0	178.892	0.928718	0
473.457	0	188.721	0.923957	0
473.457	0	196.668	0.879069	0
473.457	0	201.449	0.881109	0
473.457	0	203.265	0.909674	0
473.457	0	204.481	0.892671	0
473.457	0	205.148	0.897092	0
473.457	0	204.981	0.879409	0
473.457	0	203.865	0.876688	0
473.892	0.063321	202.499	0.882469	1
478.361	0.202275	203.515	0.900833	1
491.272	0.236016	202.815	0.88485	1
499.788	0.0422932	201.866	0.891651	1
499.978	0.0156343	202.049	0.891991	1
500	0	203.615	0.891651	1
499.62	0.0568067	201.683	0.88519	1
494.599	0.275678	203.349	0.898452	1
471.623	0.571228	202.616	0.880769	1
427.401	0.675963	201.183	0.88485	1
378.683	0.66797	202.516	0.878729	1
331.089	0.619022	203.682	0.882809	0
284.618	0.609148	203.732	0.88621	0
239.182	0.583703	201.666	0.870567	0
197.435	0.532166	203.499	0.890971	0
159.141	0.47985	203.349	0.882469	0
124.976	0.420332	201.483	0.891991	0
97.5335	0.359522	200.067	0.881789	0
75.9993	0.312776	198.051	0.875668	0
58.1945	0.266246	200.416	0.892331	0
44.2489	0.21708	196.235	0.868867	0
33.9651	0.179218	194.552	0.867846	0
26.1184	0.146925	194.935	0.853564	0
20.405	0.117749	193.603	0.865466	0
16.3607	0.0950403	193.736	0.863426	0
13.4298	0.0766072	190.604	0.863086	0
11.4745	0.0635785	189.588	0.83418	0
10.1246	0.0530737	188.471	0.873968	0
9.00611	0.0445147	187.022	0.857985	0
8.0251	0.0381683	185.689	0.845062	0
7.29111	0.0336237	183.623	0.83316	0
6.85784	0.0296364	181.758	0.842001	0
6.6164	0.028612	181.541	0.860705	0
6.47278	0.0272736	179.242	0.847443	0
6.35704	0.025847	175.677	0.830439	0
6.26442	0.0254021	175.577	0.860365	0
6.20466	0.0245146	173.744	0.850503	0
6.10941	0.0240566	172.228	0.850843	0
6.04896	0.0232605	170.379	0.845402	0
6.06518	0.0234958	169.196	0.83384	0
6.04779	0.0232034	167.33	0.841321	0
6.02863	0.0225429	167.53	0.847443	0
6.06885	0.0225338	164.615	0.853224	0
6.0716	0.0218012	165.214	0.837921	0
6.04568	0.0223715	163.282	0.844722	0
6.07857	0.0220302	162.116	0.850503	0
6.14873	0.0213579	163.315	0.846422	0
6.17857	0.0214805	159.567	0.851863	0
6.13017	0.0214814	158.117	0.840301	0
6.07823	0.0207697	158.751	0.840301	0
6.04552	0.0205743	157.918	0.830779	0
6.0424	0.0197857	158.217	0.838941	0
6.02976	0.0192531	155.235	0.860365	0
5.97789	0.0190133	154.719	0.840641	0
5.94866	0.0185291	153.536	0.853224	0
5.96994	0.0191694	152.57	0.83316	0
5.97681	0.0192526	151.387	0.83554	0
5.94813	0.0183755	151.054	0.8369	0
5.93952	0.0179952	150.171	0.847443	0
5.90571	0.0174324	148.238	0.838941	0
5.88677	0.0177386	147.289	0.855944	0
5.91889	0.0170945	147.539	0.838261	0
5.94559	0.0169771	147.922	0.846762	0
5.94532	0.0169617	146.606	0.842342	0
5.96288	0.0166695	146.022	0.814116	0
5.95629	0.0163946	143.407	0.852884	0
5.9398	0.0162727	143.274	0.83316	0
5.93716	0.0163312	143.657	0.829759	0
5.93645	0.0160194	142.807	0.8369	0
5.93104	0.0154714	140.292	0.840981	0
5.93942	0.0151518	140.991	0.842001	0
5.95944	0.0150345	139.758	0.838261	0
5.9474	0.0150604	138.509	0.823638	0
5.94747	0.0148875	137.259	0.83588	0
5.98474	0.0151432	136.077	0.852203	0
5.99679	0.0147439	138.442	0.843702	0
5.99843	0.0147427	136.46	0.848123	0
6.03911	0.0145925	136.643	0.840641	0
6.06673	0.0143156	137.976	0.848803	0
6.09507	0.0143376	137.293	0.859005	0
6.13505	0.0143909	134.827	0.829759	0
6.15407	0.0147224	134.661	0.847102	0
6.18859	0.014687	133.778	0.844722	0
6.23543	0.0145908	133.711	0.850163	0
6.2492	0.0143182	134.411	0.837241	0
6.25402	0.0138853	132.895	0.829759	0
6.27906	0.0143135	133.544	0.826018	0
6.2815	0.0141344	131.712	0.829759	0
6.26933	0.0139959	131.545	0.816157	0
6.29632	0.0138551	131.512	0.842682	0
6.298	0.0137923	130.862	0.875668	0
6.28579	0.013884	130.446	0.83384	0
6.30558	0.0138053	128.197	0.852884	0
6.30606	0.0138144	129.896	0.846082	0
6.3087	0.0138033	129.446	0.828739	0
6.3326	0.0137313	128.846	0.853564	0
6.34654	0.0137847	127.53	0.857304	0
6.35816	0.0138923	128.23	0.83588	0
6.34937	0.0133849	125.364	0.829759	0
6.35376	0.0134993	127.897	0.829759	0
6.38785	0.0134749	126.397	0.856284	0
6.36043	0.0131344	124.815	0.850163	0
6.32828	0.012716	125.281	0.846762	0
6.34022	0.0129461	125.664	0.838601	0
6.32553	0.013112	123.332	0.838941	0
6.28875	0.0130707	123.349	0.864786	0
6.2671	0.0128699	123.015	0.847102	0
6.25841	0.0129684	121.466	0.831119	0
6.26702	0.012469	121.583	0.8352	0
6.25829	0.0124874	119.55	0.858665	0
6.2241	0.0124187	119.317	0.841321	0
6.19784	0.0126352	118.117	0.83282	0
6.164	0.0124341	118.167	0.820917	0
6.132	0.0119125	115.519	0.83554	0
6.10353	0.0117256	116.601	0.838261	0
6.07694	0.0116693	115.052	0.818877	0
6.04807	0.011553	114.269	0.841321	0
6.01929	0.0112664	113.553	0.851183	0
5.98173	0.0113102	110.721	0.846762	0
5.94614	0.0110054	109.554	0.8335	0
5.92331	0.0109185	111.32	0.849143	0
5.88113	0.0109133	108.222	0.859345	0
5.8178	0.0105883	107.372	0.83316	0
5.77102	0.0104642	106.089	0.839621	0
5.74597	0.010687	102.907	0.827719	0
5.71382	0.0104072	102.724	0.848123	0
5.67199	0.0104582	101.208	0.839961	0
5.64177	0.00992458	99.3253	0.821598	0
5.63186	0.0101561	101.974	0.829079	0
5.61215	0.00997336	100.475	0.829759	0
5.59125	0.0099107	98.7255	0.838941	0
5.5697	0.00989487	96.6097	0.83554	0
5.53683	0.0096914	96.1933	0.825338	0
5.50389	0.00971332	94.8938	0.847783	0
5.48347	0.00965534	94.5439	0.852884	0
5.46182	0.00918061	93.511	0.83214	0
5.42436	0.00919838	93.1445	0.828059	0
5.40404	0.00902598	90.1125	0.844042	0
5.39631	0.00892907	91.0787	0.854924	0
5.37335	0.00909253	89.0796	0.854924	0
5.34868	0.00899166	87.2803	0.817517	0
5.32682	0.00871996	86.6639	0.842682	0
5.30495	0.00870134	85.9975	0.822958	0
5.29438	0.00854418	85.3478	0.827379	0
5.26784	0.00867274	84.1649	0.817177	0
5.24118	0.00846894	83.232	0.842342	0
5.23092	0.00868474	83.8651	0.848463	0
5.20407	0.00829757	80.7663	0.826699	0
5.18841	0.00823291	80.0167	0.826018	0
5.17977	0.00826028	79.3503	0.808335	0
5.14586	0.00824711	78.2174	0.826699	0
5.11502	0.00823342	77.3678	0.848123	0
5.10697	0.00792825	77.4511	0.819557	0
5.08946	0.0077884	74.319	0.815816	0
5.06989	0.00771647	74.6022	0.811056	0
5.06091	0.00762333	72.703	0.798813	0
5.04834	0.00763637	72.9863	0.821938	0
5.03389	0.00766627	72.3032	0.804254	0
5.00924	0.00753745	71.8534	0.816497	0
4.98402	0.00752364	69.521	0.822958	0
4.96423	0.00745508	69.1878	0.790992	0
4.9466	0.00712272	68.9879	0.806295	0
4.93374	0.00705955	66.5223	0.798133	0
4.9234	0.0071392	66.389	0.797453	0
4.91512	0.00728215	66.8222	0.811736	0
4.90312	0.00718882	64.5398	0.796433	0
4.88799	0.00700506	64.2399	0.788271	0
4.87103	0.00690887	63.4736	0.804594	0
4.84957	0.00691931	61.7076	0.796433	0
4.83591	0.0067292	62.8238	0.78419	0
4.81979	0.0065891	59.7584	0.777389	0
4.7993	0.00656102	58.9921	0.740322	0
4.79274	0.00639724	59.7085	0.78385	0
4.78474	0.00648798	58.5256	0.784871	0
4.76836	0.00644271	56.3932	0.755965	0
4.75741	0.00641015	55.8434	0.747123	0
4.74146	0.00653442	55.3436	0.763786	0
4.71974	0.00640418	55.8434	0.787251	0
4.71758	0.00631441	56.5264	0.764807	0
4.71473	0.00608765	54.294	0.770588	0
4.68956	0.00605029	52.8113	0.750184	0
4.67195	0.00609109	52.2949	0.765147	0
4.6628	0.00609712	51.2287	0.743042	0
4.6518	0.00592355	52.6114	0.756305	0
4.64358	0.00608233	50.4123	0.745763	0
4.63367	0.00602285	49.8126	0.756305	0
4.6152	0.00577618	47.5135	0.736921	0
4.60161	0.00570094	48.5131	0.738622	0
4.59221	0.00566365	47.4136	0.737942	0
4.58028	0.00555111	46.7972	0.72808	0
4.57623	0.00545511	46.0475	0.7291	0
4.56468	0.00551174	45.2145	0.72774	0
4.54508	0.00544175	45.0979	0.72808	0
4.53742	0.0055334	44.6147	0.742702	0
4.52493	0.00543287	42.3157	0.696454	0
4.50447	0.00529918	41.3994	0.721278	0
4.49698	0.00522829	41.566	0.715157	0
4.49336	0.00520449	41.6493	0.699174	0
4.48279	0.00505731	40.3165	0.715157	0
4.47617	0.00504739	39.7668	0.684891	0
4.46395	0.00500296	39.9667	0.693053	0
4.44715	0.00495483	38.334	0.706656	0
4.44249	0.00499997	38.9504	0.688972	0
4.43649	0.00481161	37.8009	0.669928	0
4.42476	0.00471147	36.868	0.674689	0
4.41503	0.00481174	36.4681	0.674689	0
4.41128	0.00481823	36.9346	0.686592	0
4.4002	0.00468792	35.4519	0.665168	0
4.38484	0.00454561	34.3024	0.653265	0
4.37567	0.00437075	34.0192	0.652585	0
4.37504	0.00449489	33.8359	0.653265	0
4.37076	0.00441336	33.4694	0.655306	0
4.36287	0.0045065	32.9696	0.652925	0
4.3537	0.0044142	32.9363	0.663807	0
4.34149	0.00435207	30.3374	0.635922	0
4.34133	0.00434033	32.5531	0.646124	0
4.33336	0.00437911	30.6039	0.635242	0
4.31499	0.00431769	30.0541	0.637282	0
4.31492	0.00437101	30.7705	0.631161	0
4.31985	0.0043376	30.0208	0.629121	0
4.30657	0.00423927	29.4377	0.632521	0
4.28798	0.00417039	28.3715	0.616198	0
4.28337	0.00419036	28.6047	0.620619	0
4.28705	0.00401478	28.9879	0.6247	0
4.28146	0.00400719	27.9883	0.614158	0
4.27334	0.0039852	28.1549	0.609057	0
4.26257	0.00398773	27.2387	0.613818	0
4.25587	0.00390555	26.6222	0.609057	0
4.25385	0.0038261	26.9554	0.579131	0
4.24174	0.00384127	25.2728	0.601235	0
4.23656	0.00377667	25.3061	0.593414	0
4.23744	0.00389063	24.823	0.590693	0
4.22904	0.0037613	24.2232	0.580151	0
4.21946	0.00372057	24.1399	0.579131	0
4.21837	0.00368755	23.89	0.567569	0
4.21166	0.00377213	24.3232	0.567569	0
4.20479	0.00368223	22.7738	0.570629	0
4.20431	0.00363281	23.207	0.57437	0
4.19893	0.00366478	21.9409	0.557707	0
4.19165	0.00362639	22.6406	0.563488	0
4.18723	0.00351456	22.0741	0.555667	0
4.17803	0.00344069	20.8247	0.541724	0
4.16781	0.00338782	20.7747	0.530842	0
4.16453	0.00341026	21.0412	0.539683	0
4.16169	0.00350432	20.6914	0.536623	0
4.15762	0.00331738	20.7747	0.539343	0
4.15102	0.00331343	19.092	0.534583	0
4.14725	0.00338484	20.4082	0.543084	0
4.14718	0.00339768	19.0254	0.513158	0
4.14235	0.00326491	19.5585	0.532202	0
4.13677	0.00333554	19.2087	0.52132	0
4.13417	0.00319693	18.6756	0.511798	0
4.13222	0.0032952	18.7589	0.526761	0
4.12827	0.00320634	19.0754	0.525741	0
4.11934	0.00313732	18.0258	0.512478	0
4.11137	0.00307681	17.0596	0.501256	0
4.10877	0.00312974	18.6756	0.527781	0
4.10277	0.00313914	16.893	0.495815	0
4.09601	0.00319479	17.0096	0.510098	0
4.09976	0.00320459	17.3594	0.500236	0
4.09824	0.00312623	16.3932	0.496835	0
4.08839	0.00305884	16.6264	0.508057	0
4.08491	0.00298905	16.06	0.483233	0
4.08477	0.00293593	15.9434	0.486973	0
4.08295	0.00302466	16.5431	0.487654	0
4.08154	0.00299372	15.227	0.473031	0
4.07615	0.00295104	16.6431	0.493435	0
4.07022	0.00291348	15.3603	0.479492	0
4.06621	0.00280789	14.6106	0.464869	0
4.07022	0.0029369	15.6268	0.495475	0
4.07068	0.00289467	14.6939	0.455007	0
4.0605	0.00287963	15.3269	0.46691	0
4.05539	0.0028313	14.6439	0.47099	0
4.05605	0.00291757	15.0104	0.477452	0
4.05238	0.00287379	13.4777	0.459428	0
4.04708	0.00282553	14.7105	0.463169	0
4.04418	0.00276352	13.4611	0.446506	0
4.03949	0.00270327	13.6277	0.450586	0
4.04069	0.00281009	14.2274	0.461809	0
4.03799	0.00273959	13.1778	0.451607	0
4.0325	0.00276132	13.3444	0.447186	0
4.03055	0.00270833	13.6776	0.450246	0
4.02615	0.00263017	12.5948	0.433243	0
4.02652	0.0027106	13.3611	0.447866	0
4.02628	0.00271338	13.0945	0.449906	0
4.02148	0.00268679	12.3449	0.435964	0
4.01998	0.00263535	13.1945	0.445485	0
4.01617	0.00266091	12.5115	0.439024	0
4.01079	0.00261285	11.9284	0.440384	0
4.01002	0.00264307	12.7114	0.428822	0
4.00695	0.0025428	11.2786	0.433243	0
4.00375	0.00263905	12.5448	0.432223	0
4.00226	0.00255395	11.5119	0.427462	0
3.99687	0.00247852	12.0283	0.421681	0
3.99662	0.00256141	11.4119	0.41862	0
3.99654	0.00245556	11.9117	0.421001	0
3.99593	0.0024948	11.8117	0.420661	0
3.99513	0.00254954	11.5618	0.4193	0
3.98975	0.00251854	11.1787	0.409439	0
3.98667	0.00239653	10.9288	0.409098	0
3.98812	0.00242793	10.6789	0.406038	0
3.98448	0.00241833	11.1287	0.41896	0
3.98115	0.00247962	10.5956	0.398896	0
3.97999	0.00236611	10.9288	0.410459	0
3.9768	0.00239867	10.8788	0.405358	0
3.97382	0.00240749	10.6789	0.402637	0
3.9692	0.0023425	10.2624	0.398556	0
3.96868	0.00248799	10.7455	0.411479	0
3.97118	0.00246353	10.6456	0.404338	0
3.96711	0.00234237	10.329	0.395836	0
3.9633	0.00242669	9.8459	0.388354	0
3.96115	0.00240697	10.0458	0.398216	0
3.9583	0.00229431	9.596	0.396516	0
3.95533	0.00229561	9.596	0.379853	0
3.95452	0.00231027	9.26281	0.389035	0
3.9545	0.00230294	9.77926	0.384274	0
3.95157	0.00221498	9.36277	0.372711	0
3.94689	0.00216977	9.09621	0.368631	0
3.94436	0.00225312	9.09621	0.384274	0
3.9455	0.00224845	9.26281	0.381213	0
3.94425	0.00224988	9.16285	0.381553	0
3.93879	0.00223742	8.91295	0.372371	0
3.93625	0.00221998	8.76302	0.372031	0
3.93777	0.00225954	8.92961	0.36523	0
3.93588	0.00217522	8.3132	0.358769	0
3.93915	0.00228257	9.29613	0.377132	0
3.93644	0.00219766	8.67972	0.377132	0
3.92727	0.00213702	7.74677	0.344146	0
3.92438	0.0020909	7.74677	0.348227	0
3.92527	0.002145	7.93003	0.354008	0
3.92627	0.00214007	7.88005	0.355708	0
3.92722	0.00218158	9.14619	0.382573	0
3.91887	0.00209038	7.23032	0.339725	0
3.91197	0.00210971	7.98001	0.357068	0
3.91523	0.00207293	7.68013	0.347207	0
3.91338	0.00203901	7.56352	0.342446	0
3.91044	0.00206547	7.21366	0.337005	0
3.91003	0.00204634	7.63015	0.344826	0
3.90823	0.00204401	7.59683	0.343806	0
3.90389	0.00200094	7.1137	0.335304	0
3.90499	0.00200781	7.2803	0.342786	0
3.90725	0.00201787	6.99708	0.337685	0
3.90562	0.00200029	6.81383	0.327823	0
3.9033	0.00197246	7.197	0.333264	0
3.90498	0.0020189	7.197	0.336665	0
3.90501	0.00206457	7.66347	0.345506	0
3.9004	0.00206184	7.04706	0.339385	0
3.89865	0.00194451	6.63057	0.31524	0
3.89995	0.00200437	7.04706	0.330883	0
3.89763	0.00198634	6.76385	0.327143	0
3.89298	0.00192673	6.76385	0.322722	0
3.89353	0.00191396	7.23032	0.331564	0
3.89357	0.00198887	7.13036	0.337345	0
3.89239	0.00202753	7.2803	0.346186	0
3.89267	0.0019901	7.14702	0.327483	0
3.89086	0.00199503	7.08038	0.332244	0
3.88955	0.00194392	6.79717	0.325102	0
3.88967	0.00198628	6.61391	0.332244	0
3.88861	0.00195437	6.81383	0.326123	0
3.88763	0.00199834	6.94711	0.330883	0
3.88879	0.00202792	6.98042	0.328163	0
3.88747	0.00201326	6.93045	0.330883	0
3.88398	0.00197551	6.54727	0.318981	0
3.88247	0.00196014	6.69721	0.325102	0
3.88091	0.0019279	6.56393	0.327143	0
3.87949	0.00200561	6.68055	0.329183	0
3.87858	0.00191201	6.63057	0.323062	0
3.87934	0.00191584	6.93045	0.328163	0
3.88005	0.00195923	6.34736	0.318301	0
3.87772	0.00193783	6.3307	0.320341	0
3.87586	0.00191143	6.23074	0.31082	0
3.87653	0.00188477	6.0808	0.319321	0
3.87709	0.00196559	6.78051	0.328163	0
3.8779	0.0019436	6.64723	0.320001	0
3.87381	0.00192343	6.26406	0.317621	0
3.86999	0.00187789	6.38067	0.320341	0
3.86669	0.00184267	5.89754	0.308099	0
3.8636	0.00185681	5.98084	0.308779	0
3.86394	0.0019028	6.21408	0.308779	0
3.86583	0.00182321	6.49729	0.316601	0
3.86412	0.00191084	5.96418	0.308439	0
3.86055	0.00180058	5.89754	0.305379	0
3.86127	0.00183223	6.04748	0.302658	0
3.8648	0.00187452	6.31404	0.322042	0
3.86385	0.00184929	5.86422	0.304698	0
3.86207	0.00182386	6.19742	0.315581	0
3.86241	0.00185688	6.13078	0.309799	0
3.86227	0.00184968	5.56435	0.303338	0
3.85966	0.00177612	5.86422	0.300278	0
3.861	0.00184611	5.8309	0.304018	0
3.86182	0.00186732	6.06414	0.31388	0
3.861	0.00187471	6.2474	0.31354	0
3.85773	0.00187244	5.8309	0.305038	0
3.8535	0.00184806	5.79758	0.302658	0
3.85241	0.00183178	5.54769	0.290076	0
3.85057	0.00178773	5.36443	0.290756	0
3.84955	0.0017865	5.71429	0.303678	0
3.85205	0.00181212	5.89754	0.305379	0
3.8509	0.00179091	5.88088	0.309459	0
3.84827	0.00175705	5.41441	0.290076	0
3.84782	0.00177223	5.0479	0.284295	0
3.84969	0.0017278	5.31445	0.282254	0
3.85006	0.00175978	5.39775	0.289736	0
3.84851	0.00182101	5.36443	0.295517	0
3.84524	0.00180862	5.51437	0.290076	0
3.84455	0.00176815	5.61433	0.300618	0
3.84459	0.00180337	5.29779	0.289395	0
3.84068	0.00182244	5.1312	0.284975	0
3.83976	0.00175057	5.56435	0.296877	0
3.83874	0.00173669	5.1312	0.280214	0
3.84031	0.00178598	5.09788	0.283274	0
3.84184	0.00180667	5.31445	0.297557	0
3.8399	0.00178041	5.18117	0.289055	0
3.83938	0.00176925	4.81466	0.269672	0
3.84022	0.00178631	5.36443	0.295517	0
3.83905	0.00180881	5.06456	0.282594	0
3.83736	0.00171444	5.16451	0.284635	0
3.83977	0.00175504	5.41441	0.292116	0
3.83781	0.00177554	5.38109	0.296877	0
3.83193	0.00174843	4.61474	0.273412	0
3.8319	0.00178274	5.64765	0.301298	0
3.83332	0.0017697	5.06456	0.283614	0
3.83035	0.001716	5.11454	0.287695	0
3.83124	0.00176698	5.11454	0.285655	0
3.8337	0.00175744	5.43107	0.295177	0
3.8312	0.00171379	5.14786	0.283274	0
3.83169	0.00180551	5.61433	0.304358	0
3.83308	0.00173494	5.0479	0.283274	0
3.83307	0.00172359	5.03124	0.282934	0
3.8331	0.00173805	5.24781	0.289395	0
3.83173	0.00176789	4.91462	0.279194	0
3.83284	0.0018083	5.49771	0.298237	0
3.83451	0.00180901	5.34777	0.291436	0
3.83161	0.00176237	4.94794	0.279874	0
3.82901	0.00177483	5.33111	0.296877	0
3.83125	0.0017961	5.53103	0.294496	0
3.82878	0.00166878	5.21449	0.282934	0
3.82574	0.00166424	5.36443	0.293816	0
3.82856	0.00176412	5.43107	0.293136	0
3.82823	0.00177022	5.46439	0.291096	0
3.83018	0.001795	5.71429	0.297217	0
3.83436	0.00185376	5.58101	0.297217	0
3.8322	0.00184916	5.73095	0.307419	0
3.83221	0.00183573	6.14744	0.31184	0
3.83389	0.00182458	5.68097	0.304018	0
3.83229	0.00185033	5.8309	0.302998	0
3.83357	0.00189314	6.04748	0.304698	0
3.83786	0.00194464	6.26406	0.320001	0
3.83849	0.00193316	6.23074	0.317961	0
3.83694	0.00191876	6.93045	0.330883	0
3.84103	0.00194671	7.08038	0.335644	0
3.84296	0.0020069	7.1137	0.340405	0
3.84648	0.00212184	7.59683	0.347547	0
3.85157	0.00214649	7.56352	0.345506	0
3.85459	0.00210783	8.06331	0.359109	0
3.86069	0.002121	9.24615	0.372711	0
3.86628	0.00217762	8.89629	0.371691	0
3.87144	0.00231325	9.99584	0.392775	0
3.87959	0.00243461	10.6122	0.394476	0
3.88235	0.00236371	10.5789	0.400937	0
3.88565	0.00239225	11.4452	0.421681	0
3.89301	0.00248851	11.8784	0.421341	0
3.89558	0.00261006	12.0783	0.426102	0
3.89947	0.00262828	12.9113	0.442425	0
3.90384	0.00264424	12.1949	0.427122	0
3.90239	0.00268063	12.6947	0.433243	0
3.90561	0.00283267	12.7947	0.447186	0
3.90983	0.00295837	14.0775	0.462829	0
3.91068	0.0029153	13.8109	0.47031	0
3.90627	0.00290946	12.6281	0.452967	0
3.9068	0.00283682	13.9775	0.460448	0
3.90801	0.00292801	13.1445	0.459428	0
3.90749	0.00293126	13.5444	0.457388	0
3.90935	0.00293593	13.1612	0.464189	0
3.90655	0.00293456	14.3107	0.47167	0
3.89035	0.00280821	10.9788	0.4176	0
3.87389	0.00255279	10.7788	0.414539	0
3.86821	0.00246172	10.3957	0.401277	0
3.86181	0.00239258	9.61266	0.390055	0
3.85766	0.00236228	9.5127	0.390395	0
3.85401	0.00237266	8.84631	0.375432	0
3.85017	0.0028112	8.66306	0.372371	0
3.858	0.00756573	8.36318	0.372371	0
3.8827	0.019919	7.71345	0.394816	0
3.90131	0.0284164	8.11329	0.368291	0
3.90336	0.0279579	8.12995	0.384614	0
3.95282	0.0493307	9.09621	0.402637	0
3.9911	0.0677201	8.04665	0.384274	0
3.97056	0.0600286	7.69679	0.376792	0
3.96111	0.0557739	8.01333	0.379513	0
3.95667	0.0526249	8.29654	0.391075	0
3.94417	0.0474464	8.32986	0.400597	0
3.9213	0.0372577	8.02999	0.375432	0
3.87428	0.0165478	7.88005	0.36591	0
3.83924	0.00313207	8.21324	0.36489	0
3.83534	0.00228049	7.58017	0.352988	0
3.83221	0.00231215	7.81341	0.351627	0
3.82666	0.00205069	7.06372	0.330543	0
3.82708	0.00200736	7.33028	0.337005	0
3.82303	0.00192868	6.49729	0.31456	0
3.81937	0.00192952	6.41399	0.327143	0
3.81826	0.00189631	6.44731	0.322382	0
3.81198	0.00184715	5.39775	0.293476	0
3.80459	0.00178274	5.34777	0.289736	0
3.79844	0.00169265	4.38151	0.267631	0
3.79317	0.00158945	4.13161	0.257429	0
3.79042	0.00157732	3.7651	0.244167	0
3.78865	0.00151181	3.58184	0.239066	0
3.78552	0.00148574	3.5152	0.234645	0
3.78214	0.0014738	3.29863	0.229544	0
3.78118	0.00143813	3.38192	0.242466	0
3.77986	0.0014509	2.83215	0.219682	0
3.77834	0.00142963	2.91545	0.218662	0
3.7778	0.00139389	3.08205	0.222743	0
3.77624	0.00138974	2.66556	0.20778	0
3.77608	0.00138384	2.78217	0.215601	0
3.77483	0.00139551	2.54894	0.205059	0
3.77139	0.00131956	2.1491	0.191457	0
3.77234	0.00130354	2.41566	0.198598	0
3.77306	0.00128875	2.41566	0.198598	0
3.77123	0.00130691	2.46564	0.200638	0
3.76874	0.00131093	2.06581	0.185336	0
3.76929	0.00130542	2.21574	0.194177	0
3.76871	0.00132702	2.24906	0.196898	0
3.76728	0.00124879	2.11579	0.185676	0
3.76628	0.00126371	2.3157	0.193497	0
3.76713	0.00128239	2.16576	0.193497	0
3.76539	0.00128829	2.03249	0.183975	0
3.76333	0.00122862	2.01583	0.181595	0
3.76405	0.00124224	1.96585	0.181255	0
3.76522	0.00127532	1.81591	0.173093	0
3.76296	0.0012161	1.74927	0.168672	0
3.76215	0.00121513	1.93253	0.178194	0
3.76374	0.00120676	1.79925	0.169352	0
3.76265	0.00123355	2.08247	0.182955	0
3.76238	0.00122771	1.78259	0.170033	0
3.7623	0.00123796	1.76593	0.172753	0
3.76175	0.00120949	1.79925	0.174113	0
3.76225	0.00126254	1.91587	0.179214	0
3.76048	0.00121189	1.81591	0.171733	0
3.75934	0.00122525	1.86589	0.181595	0
3.75937	0.00119723	1.54935	0.15745	0
3.76043	0.0011718	2.03249	0.183975	0
3.75974	0.00118361	1.76593	0.171053	0
3.75789	0.00122246	1.64931	0.169012	0
3.75894	0.00119048	1.79925	0.174113	0
3.75939	0.00116324	1.69929	0.169693	0
3.75753	0.00117076	1.69929	0.166292	0
3.75821	0.00115182	1.83257	0.172413	0
3.75817	0.00120819	1.64931	0.163911	0
3.75508	0.00116382	1.3661	0.148268	0
3.75392	0.00113023	1.2828	0.147588	0
3.75396	0.0011085	1.34944	0.147248	0
3.75454	0.00114553	1.66597	0.167992	0
3.75406	0.00113405	1.39942	0.15541	0
3.75241	0.00112082	1.46606	0.15711	0
3.75368	0.00114741	1.4494	0.15439	0
3.75204	0.00112076	1.2828	0.143848	0
3.75108	0.00113211	1.4494	0.15439	0
3.75257	0.00113515	1.38276	0.149289	0
3.75318	0.001136	1.66597	0.164932	0
3.75279	0.0011753	1.43274	0.15541	0
3.75215	0.00110603	1.46606	0.153369	0
3.75198	0.001148	1.38276	0.150989	0
3.75142	0.00110117	1.29946	0.146568	0
3.75145	0.00109403	1.41608	0.152689	0
3.75191	0.00110026	1.1162	0.138407	0
3.75014	0.00109468	1.38276	0.152689	0
3.74791	0.00106296	0.982924	0.126504	0
3.74721	0.00106264	1.0329	0.129565	0
3.74773	0.00108112	1.31612	0.149289	0
3.74865	0.00105447	1.1995	0.141127	0
3.74785	0.00107827	1.29946	0.146568	0
3.74815	0.00110091	1.23282	0.141127	0
3.74881	0.00111291	1.18284	0.140447	0
3.74852	0.0010701	1.06622	0.131605	0
3.74786	0.00106387	1.1162	0.134326	0
3.74871	0.00109416	1.26614	0.142827	0
3.74902	0.00111673	1.1995	0.143167	0
3.74735	0.00106874	1.21616	0.142147	0
3.74746	0.00109449	1.21616	0.144188	0
3.74864	0.00109241	1.38276	0.152689	0
3.74768	0.00113477	1.54935	0.161191	0
3.74669	0.00109131	1.21616	0.140107	0
3.7446	0.00107736	1.24948	0.142147	0
3.74482	0.00103637	1.06622	0.131605	0
3.74441	0.00109105	1.4494	0.15609	0
3.74493	0.00110013	1.04956	0.130585	0
3.7454	0.00110953	1.09954	0.133646	0
3.74604	0.00109864	1.33278	0.150309	0
3.74565	0.00107464	1.06622	0.131605	0
3.7436	0.00105421	0.882965	0.120043	0
3.74541	0.00111492	1.3661	0.153709	0
3.74629	0.00112011	1.16618	0.137386	0
3.74396	0.0010629	1.1162	0.134326	0
3.74315	0.00105888	1.0329	0.131605	0
3.74325	0.001057	1.01624	0.128545	0
3.74352	0.00106218	1.14952	0.136366	0
3.74292	0.00102625	1.01624	0.128545	0
3.74356	0.00106796	1.21616	0.142147	0
3.74309	0.00108385	1.09954	0.133646	0
3.74303	0.00110843	0.949604	0.128545	0
3.74325	0.00105978	0.949604	0.124464	0
3.74159	0.00104772	1.0329	0.129565	0
3.7407	0.00101114	0.766347	0.111881	0
3.74176	0.00102035	1.1162	0.140447	0
3.74215	0.00103819	0.816327	0.115282	0
3.74102	0.00103721	1.0329	0.131605	0
3.74026	0.00101529	0.882965	0.120043	0
3.74042	0.00103838	1.18284	0.138407	0
3.74096	0.00107107	1.1162	0.138407	0
3.73991	0.00105252	0.966264	0.125484	0
3.7388	0.00104999	0.866306	0.121063	0
3.73865	0.00101814	0.866306	0.118683	0
3.73968	0.000996674	0.849646	0.117663	0
3.74004	0.00103702	0.932945	0.123104	0
3.73993	0.00105323	1.08288	0.134666	0
3.73979	0.00108554	0.949604	0.128545	0
3.73936	0.00102385	1.0329	0.129565	0
3.73987	0.00104428	1.16618	0.137386	0
3.73987	0.00106796	0.916285	0.122083	0
3.7388	0.00102839	0.816327	0.120043	0
3.73867	0.00105252	0.999584	0.127524	0
3.7389	0.00106017	0.832986	0.116642	0
3.73889	0.00101153	0.932945	0.123104	0
3.7378	0.00104532	1.0329	0.129565	0
3.73825	0.0010282	1.01624	0.128545	0
3.73869	0.00107068	0.949604	0.130925	0
3.7384	0.001064	0.949604	0.124464	0
3.73725	0.00103838	0.716368	0.110861	0
3.73743	0.00101801	0.932945	0.125484	0
3.73865	0.000998879	0.966264	0.125484	0
3.73752	0.00104039	1.04956	0.132625	0
3.73754	0.00105259	0.982924	0.128545	0
3.73778	0.00103014	0.932945	0.123104	0
3.73666	0.00103163	0.932945	0.123104	0
3.73749	0.00107029	1.0329	0.131605	0
3.73716	0.00106673	0.949604	0.126504	0
3.73647	0.00104681	0.949604	0.124464	0
3.73712	0.00107477	0.982924	0.128545	0
3.73762	0.0010387	0.899625	0.123444	0
3.73607	0.00102774	0.866306	0.118683	0
3.73658	0.00104655	1.1162	0.134326	0
3.7361	0.00103942	0.849646	0.120043	0
3.73504	0.00104869	0.866306	0.121063	0
3.73515	0.00106303	0.866306	0.118683	0
3.7361	0.0010173	1.0329	0.131605	0
3.73504	0.00101068	0.899625	0.121063	0
3.73554	0.00105284	1.1162	0.134326	0
3.73455	0.00102463	0.849646	0.120043	0
3.73475	0.00103144	0.849646	0.122423	0
3.73392	0.00102846	0.699708	0.107121	0
3.73404	0.00100355	0.749688	0.115622	0
3.73488	0.00100926	0.966264	0.127524	0
3.73593	0.0010363	1.04956	0.130585	0
3.73401	0.000982988	0.832986	0.116642	0
3.73305	0.000995896	0.932945	0.125484	0
3.73478	0.00101879	0.949604	0.124464	0
3.73448	0.00100718	0.816327	0.115282	0
3.73306	0.000994469	0.816327	0.117663	0
3.73367	0.000998814	0.899625	0.121063	0
3.73308	0.000994988	0.716368	0.108141	0
3.7323	0.000987334	0.749688	0.110861	0
3.73231	0.000998296	0.733028	0.109501	0
3.73328	0.00099622	0.816327	0.115282	0
3.73421	0.0010042	0.966264	0.125484	0
3.7336	0.00103488	0.932945	0.123104	0
3.73309	0.00100517	0.832986	0.119023	0
3.73402	0.001016	0.866306	0.118683	0
3.73378	0.00102178	0.799667	0.116642	0
3.73222	0.00101633	0.949604	0.126504	0
3.73162	0.000996933	0.61641	0.100659	0
3.73044	0.00101808	0.733028	0.109501	0
3.73023	0.000973778	0.58309	0.0979388	0
3.73124	0.000975529	0.799667	0.114262	0
3.73167	0.00101341	0.749688	0.110861	0
3.73177	0.00101633	0.849646	0.117663	0
3.73131	0.00101425	0.61641	0.100659	0
3.73095	0.00101782	0.866306	0.118683	0
3.73135	0.000971118	0.683049	0.10576	0
3.73281	0.00101347	0.966264	0.125484	0
3.7318	0.00101211	0.783007	0.113242	0
3.73162	0.000993755	0.882965	0.124464	0
3.73272	0.00104545	0.982924	0.128545	0
3.73215	0.00105044	0.749688	0.110861	0
3.73083	0.00101023	0.766347	0.111881	0
3.73028	0.00100238	0.749688	0.110861	0
3.7315	0.00103118	0.733028	0.114602	0
3.73064	0.00101743	0.816327	0.115282	0
3.73124	0.00103767	0.866306	0.121063	0
3.73102	0.00101834	0.832986	0.119023	0
3.72991	0.000987788	0.832986	0.116642	0
3.73061	0.00100478	0.832986	0.116642	0
3.73005	0.00099635	0.683049	0.108481	0
3.7296	0.000959184	0.58309	0.0979388	0
3.73082	0.000984545	0.666389	0.1044	0
3.73181	0.00100258	0.899625	0.121063	0
3.73058	0.000964632	0.566431	0.0965785	0
3.73	0.000953281	0.733028	0.109501	0
3.73002	0.000995312	0.716368	0.108141	0
3.73001	0.00102722	0.683049	0.10576	0
3.72861	0.00096327	0.716368	0.108141	0
3.72852	0.000988955	0.683049	0.10576	0
3.72866	0.00101218	0.716368	0.108141	0
3.72838	0.00100491	0.63307	0.107121	0
3.72846	0.00100498	0.699708	0.107121	0
3.72824	0.000962492	0.666389	0.1044	0
3.72897	0.000976632	0.61641	0.100659	0
3.72874	0.000949584	0.683049	0.10576	0
3.73008	0.000984026	0.666389	0.107121	0
3.72915	0.000988955	0.59975	0.099299	0
3.72837	0.000977799	0.816327	0.117663	0
3.72898	0.000981107	0.683049	0.10576	0
3.72855	0.000968005	0.61641	0.100659	0
3.72875	0.000986101	0.683049	0.10576	0
3.72897	0.000974751	0.649729	0.108481	0
3.7281	0.000980458	0.649729	0.10338	0
3.72744	0.000961583	0.683049	0.108481	0
3.72845	0.000971313	0.58309	0.0979388	0
3.72816	0.000945108	0.63307	0.10202	0
3.72803	0.000965021	0.61641	0.100659	0
3.72737	0.0009562	0.59975	0.099299	0
3.72895	0.00101133	0.816327	0.115282	0
3.7292	0.000986166	0.816327	0.115282	0
3.72795	0.000976696	0.61641	0.100659	0
3.72779	0.00093272	0.649729	0.10338	0
3.72765	0.00097248	0.63307	0.10202	0
3.72728	0.000982469	0.716368	0.108141	0
3.72835	0.000987269	0.766347	0.111881	0
3.72782	0.000986296	0.683049	0.108481	0
3.72661	0.000991355	0.63307	0.10474	0
3.72516	0.00098195	0.58309	0.0979388	0
3.72639	0.00100575	0.466472	0.0907974	0
3.72729	0.000940114	0.733028	0.111881	0
3.72598	0.000947638	0.533111	0.0935179	0
3.72672	0.000941217	0.499792	0.0907974	0
3.72815	0.000948416	0.799667	0.114262	0
3.7291	0.000982275	0.766347	0.111881	0
3.72781	0.000972286	0.63307	0.10474	0
3.72685	0.000994663	0.666389	0.1044	0
3.72703	0.00095367	0.59975	0.099299	0
3.72778	0.000971702	0.766347	0.111881	0
3.72802	0.000994339	0.63307	0.10202	0
3.7264	0.000962946	0.533111	0.0935179	0
3.72668	0.000969756	0.716368	0.110861	0
3.72588	0.000956459	0.499792	0.0907974	0
3.72642	0.000980004	0.733028	0.109501	0
3.72656	0.000981431	0.866306	0.121063	0
3.72593	0.000957951	0.416493	0.0860365	0
3.72645	0.000984999	0.783007	0.113242	0
3.72673	0.000941282	0.483132	0.0890971	0
3.72557	0.000927531	0.649729	0.10338	0
3.72717	0.000967227	0.63307	0.10202	0
3.72774	0.000964437	0.666389	0.1044	0
3.72659	0.000938298	0.683049	0.10576	0
3.72638	0.000956913	0.549771	0.0952183	0
3.72569	0.000961	0.58309	0.0979388	0
3.72578	0.000969691	0.683049	0.108481	0
3.72447	0.000961908	0.61641	0.100659	0
3.72572	0.000947379	0.63307	0.10474	0
3.72449	0.000961648	0.58309	0.0979388	0
3.72388	0.000953216	0.416493	0.0829759	0
3.72468	0.000953281	0.566431	0.0965785	0
3.72581	0.000976567	0.733028	0.109501	0
3.72731	0.000969432	0.683049	0.10576	0
3.72632	0.000995247	0.733028	0.109501	0
3.72603	0.000954773	0.61641	0.100659	0
3.72577	0.000946017	0.433153	0.0843362	0
3.72604	0.000953995	0.666389	0.107121	0
3.72723	0.000969951	0.59975	0.099299	0
3.72543	0.000987464	0.683049	0.10576	0
3.72448	0.000944395	0.59975	0.099299	0
3.72474	0.000936741	0.58309	0.0979388	0
3.72507	0.000960546	0.59975	0.10202	0
3.72479	0.000939011	0.59975	0.099299	0
3.72516	0.000956265	0.61641	0.100659	0
3.7248	0.000947508	0.649729	0.10338	0
3.72512	0.000951076	0.61641	0.100659	0
3.72527	0.000922147	0.466472	0.0907974	0
3.72363	0.000926169	0.483132	0.0890971	0
3.72565	0.000959184	0.533111	0.0935179	0
3.72551	0.000938103	0.449813	0.0860365	0
3.72516	0.000952178	0.58309	0.0979388	0
3.72572	0.00097008	0.61641	0.10338	0
3.72506	0.000970405	0.58309	0.100659	0
3.72415	0.000905024	0.466472	0.0877368	0
3.7245	0.0009514	0.61641	0.10338	0
3.72534	0.000937584	0.666389	0.1044	0
3.72478	0.000920526	0.549771	0.0952183	0
3.72471	0.000940763	0.58309	0.100659	0
3.72472	0.000932395	0.449813	0.0860365	0
3.72432	0.00093032	0.516451	0.0921577	0
3.72364	0.000989863	0.749688	0.110861	0
3.72348	0.000937909	0.383174	0.0795753	0
3.72396	0.000901456	0.416493	0.0829759	0
3.72524	0.000940892	0.58309	0.0979388	0
3.72505	0.000929412	0.499792	0.0907974	0
3.72395	0.000954513	0.483132	0.0890971	0
3.72464	0.000916569	0.449813	0.0860365	0
3.72326	0.000916374	0.449813	0.0860365	0
3.72253	0.000946276	0.516451	0.0921577	0
3.72437	0.000934471	0.383174	0.0829759	0
3.72413	0.000935703	0.63307	0.10474	0
3.72352	0.000965281	0.566431	0.099299	0
3.72421	0.000959897	0.549771	0.0952183	0
3.7248	0.000945887	0.433153	0.0843362	0
3.7248	0.00094686	0.533111	0.0935179	0
3.7234	0.000905348	0.399833	0.0812756	0
3.72279	0.000914623	0.349854	0.0761746	0
3.72301	0.000888873	0.399833	0.0846762	0
3.72276	0.00091365	0.333195	0.0741342	0
3.72226	0.000923185	0.516451	0.0921577	0
3.72302	0.000938493	0.449813	0.0860365	0
3.72401	0.000908007	0.61641	0.100659	0
3.7242	0.000921304	0.399833	0.0812756	0
3.72262	0.000908591	0.399833	0.0812756	0
3.72195	0.000914429	0.366514	0.0778749	0
3.72424	0.000903467	0.549771	0.0952183	0
3.72441	0.000926688	0.516451	0.0921577	0
3.72428	0.000927531	0.433153	0.0843362	0
3.72501	0.000927206	0.58309	0.0979388	0
3.72431	0.000912548	0.499792	0.0907974	0
3.72433	0.000933693	0.516451	0.0952183	0
3.7254	0.000937325	0.483132	0.0890971	0
3.72383	0.000940309	0.533111	0.0935179	0
3.72346	0.000943876	0.58309	0.0979388	0
3.72506	0.000943487	0.449813	0.0860365	0
3.72381	0.000913131	0.483132	0.0921577	0
3.72312	0.000900289	0.549771	0.0952183	0
3.72462	0.000919293	0.63307	0.10202	0
3.72414	0.000913131	0.299875	0.0703935	0
3.72374	0.000912158	0.416493	0.0829759	0
3.72354	0.000934082	0.333195	0.0741342	0
3.72379	0.000919099	0.399833	0.0812756	0
3.72351	0.000894646	0.416493	0.0829759	0
3.72331	0.000910537	0.466472	0.0877368	0
3.72402	0.000895878	0.466472	0.0877368	0
3.72399	0.000933758	0.466472	0.0877368	0
3.7242	0.000955162	0.61641	0.100659	0
3.72313	0.00088336	0.466472	0.0907974	0
3.72268	0.000912288	0.466472	0.0877368	0
3.72373	0.000920655	0.58309	0.100659	0
3.72299	0.000923704	0.383174	0.0795753	0
3.72203	0.000903467	0.516451	0.0952183	0
3.72296	0.000917477	0.399833	0.0812756	0
3.72367	0.000921369	0.499792	0.0907974	0
3.72296	0.000931163	0.449813	0.0860365	0
3.72228	0.000931033	0.433153	0.0843362	0
3.72471	0.000953541	0.566431	0.0965785	0
3.72519	0.000912029	0.449813	0.0860365	0
3.72326	0.000940179	0.483132	0.0921577	0
3.72458	0.000923185	0.516451	0.0921577	0
3.72535	0.000915856	0.533111	0.0935179	0
3.72309	0.000924871	0.483132	0.0890971	0
3.72244	0.000907099	0.299875	0.0703935	0
3.72266	0.000908461	0.483132	0.0890971	0
3.72274	0.000911445	0.349854	0.0761746	0
3.7232	0.000949389	0.566431	0.0965785	0
3.72384	0.000928244	0.566431	0.0965785	0
3.7234	0.000905737	0.483132	0.0890971	0
3.72323	0.000918969	0.466472	0.0877368	0
3.724	0.000917088	0.399833	0.0812756	0
3.72327	0.000890754	0.399833	0.0812756	0
3.72363	0.000903791	0.449813	0.0860365	0
3.72409	0.000883749	0.383174	0.0795753	0
3.72208	0.000889067	0.333195	0.0741342	0
3.72248	0.000926882	0.449813	0.0890971	0
3.72341	0.000915596	0.466472	0.0877368	0
3.72266	0.000918774	0.533111	0.0965785	0
3.7235	0.000911834	0.349854	0.0761746	0
3.72361	0.000938687	0.566431	0.0965785	0
3.72401	0.000912029	0.466472	0.0877368	0
3.72311	0.000910213	0.499792	0.0907974	0
3.72469	0.000947314	0.483132	0.0890971	0
3.72336	0.000916699	0.366514	0.0778749	0
3.72209	0.000891857	0.233236	0.0622319	0
3.72382	0.000924028	0.533111	0.0935179	0
3.724	0.000946535	0.499792	0.0907974	0
3.7244	0.00096541	0.499792	0.0907974	0
3.72433	0.000934925	0.449813	0.0860365	0
3.72366	0.000908786	0.399833	0.0812756	0
3.72382	0.000916504	0.416493	0.0829759	0
3.7226	0.000906386	0.466472	0.0907974	0
3.72337	0.000916504	0.533111	0.0935179	0
3.72386	0.000906645	0.466472	0.0877368	0
3.72225	0.000946665	0.333195	0.0741342	0
3.72198	0.000900353	0.399833	0.0812756	0
3.72289	0.000923185	0.449813	0.0860365	0
3.72326	0.000895489	0.249896	0.0642723	0
3.72342	0.000910731	0.58309	0.100659	0
3.72401	0.000896527	0.499792	0.0907974	0
3.72442	0.000927466	0.449813	0.0860365	0
3.72498	0.000927077	0.449813	0.0860365	0
3.72487	0.000943681	0.59975	0.099299	0
3.72449	0.00092312	0.333195	0.0741342	0
3.72384	0.000889392	0.399833	0.0812756	0
3.72353	0.000896721	0.349854	0.0761746	0
3.72473	0.000905348	0.466472	0.0877368	0
3.72443	0.000896656	0.416493	0.0829759	0
3.72361	0.000901975	0.283215	0.0683531	0
3.72396	0.000895294	0.466472	0.0877368	0
3.72445	0.000918126	0.383174	0.0795753	0
3.72406	0.000910148	0.383174	0.0795753	0
3.72332	0.00091618	0.449813	0.0860365	0
3.72387	0.000926169	0.416493	0.0829759	0
3.72298	0.000896008	0.299875	0.0703935	0
3.72294	0.000912094	0.416493	0.0829759	0
3.72264	0.000893932	0.466472	0.0877368	0
3.72314	0.00087629	0.249896	0.0642723	0
3.72318	0.000882451	0.533111	0.0935179	0
3.7239	0.000934276	0.516451	0.0921577	0
3.72425	0.000924482	0.516451	0.0921577	0
3.72386	0.000907359	0.383174	0.0795753	0
3.7232	0.000867922	0.266556	0.0663127	0
3.72324	0.000877457	0.399833	0.0812756	0
3.72372	0.000879662	0.433153	0.0843362	0
3.72449	0.000901197	0.416493	0.0829759	0
3.72451	0.000891857	0.316535	0.0724339	0
3.72456	0.000888808	0.366514	0.0778749	0
3.72526	0.000918191	0.516451	0.0921577	0
3.72374	0.000915207	0.483132	0.0890971	0
3.72245	0.000899705	0.366514	0.0778749	0
3.72433	0.000902299	0.349854	0.0761746	0
3.72401	0.000899835	0.316535	0.0724339	0
3.72276	0.000887057	0.283215	0.0683531	0
3.72281	0.000866171	0.266556	0.0663127	0
3.72428	0.000890105	0.516451	0.0921577	0
3.72388	0.000889197	0.199917	0.057471	0
3.72408	0.000898602	0.433153	0.0843362	0
3.72478	0.000951465	0.366514	0.0778749	0
3.72356	0.000905088	0.349854	0.0761746	0
3.72381	0.000901845	0.449813	0.0860365	0
3.72455	0.000900159	0.349854	0.0761746	0
3.72391	0.000880376	0.416493	0.0829759	0
3.7235	0.000869738	0.299875	0.0703935	0
3.72417	0.000877846	0.416493	0.0829759	0
3.72402	0.000885435	0.299875	0.0703935	0
3.72359	0.000876095	0.366514	0.0778749	0
3.72471	0.000896591	0.416493	0.0829759	0
3.72388	0.000892181	0.349854	0.0761746	0
3.72326	0.000889327	0.366514	0.0778749	0
3.7248	0.000906126	0.483132	0.0890971	0
3.7239	0.000896527	0.316535	0.0724339	0
3.72359	0.000905542	0.483132	0.0890971	0
3.72514	0.000896073	0.316535	0.0724339	0
3.72511	0.000893348	0.383174	0.0795753	0
3.72459	0.000896916	0.383174	0.0795753	0
3.72507	0.000896267	0.383174	0.0795753	0
3.72448	0.000903272	0.316535	0.0724339	0
3.72511	0.000893348	0.399833	0.0812756	0
3.72409	0.000893673	0.416493	0.0829759	0
3.72376	0.000892894	0.416493	0.0829759	0
3.72465	0.000893673	0.349854	0.0761746	0
3.72472	0.000895878	0.416493	0.0829759	0
3.72469	0.000904051	0.333195	0.0778749	0
3.72429	0.0008807	0.399833	0.0812756	0
3.7242	0.000912872	0.433153	0.0877368	0
3.72406	0.000883424	0.283215	0.0683531	0
3.7243	0.0008783	0.483132	0.0890971	0
3.72514	0.000872398	0.283215	0.0683531	0
3.72488	0.000886927	0.449813	0.0860365	0
3.72553	0.000929477	0.316535	0.0724339	0
3.72472	0.000888613	0.349854	0.0761746	0
3.72355	0.0008759	0.349854	0.0761746	0
3.72453	0.00087149	0.249896	0.0642723	0
3.72503	0.000891013	0.416493	0.0829759	0
3.72432	0.000870063	0.266556	0.0663127	0
3.725	0.000870906	0.366514	0.0778749	0
3.72553	0.000894192	0.249896	0.0642723	0
3.725	0.000882711	0.349854	0.0761746	0
3.72609	0.000908332	0.349854	0.0761746	0
3.72495	0.000888613	0.349854	0.0761746	0
3.7248	0.000887381	0.299875	0.0703935	0
3.72499	0.000875706	0.383174	0.0795753	0
3.7253	0.00090658	0.249896	0.0642723	0
3.72577	0.000901002	0.383174	0.0829759	0
3.72564	0.000897175	0.433153	0.0843362	0
3.72455	0.000891986	0.366514	0.0778749	0
3.72517	0.000887576	0.383174	0.0795753	0
3.72547	0.000896397	0.366514	0.0778749	0
3.72487	0.000862993	0.299875	0.0703935	0
3.72584	0.00086883	0.333195	0.0741342	0
3.72559	0.000876484	0.316535	0.0724339	0
3.72537	0.000887057	0.366514	0.0778749	0
3.72578	0.000865717	0.333195	0.0741342	0
3.72554	0.000857415	0.266556	0.0663127	0
3.72495	0.000884397	0.316535	0.0724339	0
3.72586	0.000894516	0.266556	0.0663127	0
3.72606	0.000898148	0.249896	0.0642723	0
3.72534	0.000882387	0.283215	0.0683531	0
3.72503	0.000891727	0.399833	0.0812756	0
3.72571	0.000909434	0.299875	0.0703935	0
3.72463	0.000895619	0.283215	0.0683531	0
3.72388	0.000883749	0.266556	0.0663127	0
3.72369	0.000878949	0.249896	0.0642723	0
3.72475	0.00088537	0.416493	0.0829759	0
3.72475	0.000886992	0.199917	0.057471	0
3.72467	0.000872009	0.299875	0.0703935	0
3.72622	0.000876744	0.366514	0.0778749	0
3.72605	0.000877263	0.249896	0.0642723	0
3.72618	0.000923185	0.416493	0.0829759	0
3.7272	0.00091138	0.366514	0.0778749	0
3.72695	0.000896656	0.333195	0.0741342	0
3.7259	0.000903467	0.383174	0.0795753	0
3.7256	0.000886149	0.233236	0.0622319	0
3.7256	0.000896851	0.316535	0.0724339	0
3.72698	0.000890624	0.366514	0.0778749	0
3.72576	0.00088297	0.333195	0.0741342	0
3.72619	0.000880116	0.233236	0.0622319	0
3.72617	0.000872982	0.249896	0.0642723	0
3.72626	0.000876679	0.283215	0.0683531	0
3.72706	0.000897889	0.283215	0.0683531	0
3.72631	0.000875252	0.299875	0.0703935	0
3.72614	0.000875187	0.299875	0.0703935	0
3.72638	0.000865004	0.166597	0.0527101	0
3.72654	0.000861371	0.366514	0.0778749	0
3.72643	0.000885695	0.233236	0.0622319	0
3.72582	0.000891078	0.316535	0.0724339	0
3.72516	0.000869155	0.249896	0.0642723	0
3.7253	0.000845675	0.233236	0.0663127	0
3.72642	0.000859296	0.216576	0.0598515	0
3.72602	0.000885695	0.216576	0.0598515	0
3.72577	0.000866755	0.299875	0.0703935	0
3.72641	0.000864485	0.249896	0.0642723	0
3.7263	0.000861306	0.349854	0.0761746	0
3.72743	0.00090418	0.333195	0.0741342	0
3.728	0.0008879	0.349854	0.0761746	0
3.72728	0.000877911	0.299875	0.0703935	0
3.72713	0.000891921	0.283215	0.0683531	0
3.72812	0.000878949	0.366514	0.0778749	0
3.72733	0.000876679	0.266556	0.0663127	0
3.7265	0.00087603	0.383174	0.0795753	0
3.72599	0.000875187	0.383174	0.0795753	0
3.72607	0.000867987	0.299875	0.0703935	0
3.72612	0.000854301	0.299875	0.0703935	0
3.72721	0.000848074	0.316535	0.0724339	0
3.72756	0.000889586	0.316535	0.0724339	0
3.72802	0.000895035	0.299875	0.0703935	0
3.72763	0.00086215	0.416493	0.0829759	0
3.72835	0.000875122	0.366514	0.0778749	0
3.72851	0.000901975	0.283215	0.0683531	0
3.72733	0.000852291	0.249896	0.0642723	0
3.72728	0.000859944	0.383174	0.0795753	0
3.72879	0.000888159	0.499792	0.0907974	0
3.72749	0.000871814	0.233236	0.0622319	0
3.72762	0.000879144	0.349854	0.0761746	0
3.72775	0.000843923	0.216576	0.0598515	0
3.72673	0.00086896	0.349854	0.0761746	0
3.72729	0.000898991	0.283215	0.0683531	0
3.72784	0.000868636	0.333195	0.0741342	0
3.72724	0.000866366	0.233236	0.0622319	0
3.72682	0.000888159	0.183257	0.0550906	0
3.72765	0.000872203	0.299875	0.0703935	0
3.72776	0.000871555	0.349854	0.0761746	0
3.72784	0.000870906	0.233236	0.0622319	0
3.729	0.000866366	0.333195	0.0741342	0
3.72922	0.000862733	0.266556	0.0663127	0
3.72845	0.000881803	0.199917	0.057471	0
3.72857	0.000879662	0.333195	0.0741342	0
3.72922	0.000894451	0.283215	0.0683531	0
3.72859	0.000891921	0.383174	0.0795753	0
3.7273	0.000869738	0.149938	0.0499896	0
3.7271	0.000867793	0.349854	0.0761746	0
3.72795	0.000855598	0.233236	0.0622319	0
3.72771	0.000861177	0.366514	0.0778749	0
3.72881	0.000862928	0.316535	0.0724339	0
3.72953	0.000883684	0.399833	0.0812756	0
3.72891	0.00087856	0.199917	0.057471	0
3.72907	0.000870647	0.266556	0.0663127	0
3.72971	0.000881673	0.399833	0.0812756	0
3.72855	0.000864225	0.216576	0.0598515	0
3.72785	0.000864939	0.183257	0.0550906	0
3.72917	0.000850604	0.133278	0.046929	0
3.72958	0.000846453	0.199917	0.057471	0
3.72862	0.000859685	0.199917	0.057471	0
3.72924	0.000874927	0.283215	0.0683531	0
3.72857	0.000885046	0.249896	0.0642723	0
3.72809	0.000869414	0.233236	0.0622319	0
3.72948	0.000900548	0.349854	0.0761746	0
3.73029	0.000889003	0.349854	0.0761746	0
3.7295	0.000893348	0.349854	0.0761746	0
3.72902	0.000903597	0.266556	0.0663127	0
3.72919	0.000903143	0.333195	0.0741342	0
3.7302	0.000850864	0.316535	0.0761746	0
3.72948	0.000861242	0.383174	0.0795753	0
3.72846	0.00088777	0.216576	0.0598515	0
3.72941	0.00085508	0.266556	0.0663127	0
3.72968	0.000866755	0.233236	0.0622319	0
3.72968	0.000848593	0.183257	0.0550906	0
3.73036	0.000865393	0.283215	0.0683531	0
3.73003	0.000873825	0.249896	0.0642723	0
3.72877	0.000878689	0.283215	0.0683531	0
3.73018	0.000878949	0.333195	0.0741342	0
3.73036	0.000863187	0.266556	0.0663127	0
3.72944	0.000857934	0.299875	0.0703935	0
3.72982	0.000867987	0.249896	0.0642723	0
3.72977	0.000847556	0.216576	0.0598515	0
3.73062	0.000872074	0.433153	0.0843362	0
3.7298	0.000892311	0.149938	0.0499896	0
3.72905	0.000867403	0.283215	0.0683531	0
3.73013	0.000860658	0.216576	0.0598515	0
3.72957	0.000861242	0.183257	0.0550906	0
3.72889	0.000862344	0.266556	0.0663127	0
3.73001	0.000843858	0.249896	0.0642723	0
3.72998	0.000877522	0.299875	0.0703935	0
3.72957	0.000893283	0.266556	0.0663127	0
3.72903	0.000851836	0.166597	0.0527101	0
3.72948	0.000846064	0.233236	0.0622319	0
3.72989	0.000841394	0.233236	0.0622319	0
3.73057	0.000875641	0.283215	0.0683531	0
3.73042	0.000870971	0.283215	0.0683531	0
3.73009	0.000847231	0.249896	0.0642723	0
3.73034	0.000844183	0.249896	0.0642723	0
3.73058	0.000844507	0.166597	0.0527101	0
3.72969	0.000860463	0.133278	0.046929	0
3.73058	0.000858323	0.249896	0.0642723	0
3.73095	0.000858128	0.199917	0.057471	0
3.72994	0.000864095	0.333195	0.0741342	0
3.72996	0.000855274	0.149938	0.0499896	0
3.73192	0.000850928	0.299875	0.0703935	0
3.73076	0.000845675	0.166597	0.0527101	0
3.73061	0.000841004	0.233236	0.0622319	0
3.73112	0.000861177	0.249896	0.0642723	0
3.73177	0.000856053	0.266556	0.0663127	0
3.73128	0.000870906	0.283215	0.0683531	0
3.73022	0.000829005	0.166597	0.0527101	0
3.73053	0.000865458	0.183257	0.0550906	0
3.73023	0.000869674	0.216576	0.0598515	0
3.73022	0.000875317	0.299875	0.0703935	0
3.73082	0.000861436	0.133278	0.046929	0
3.73079	0.000862085	0.199917	0.057471	0
3.73069	0.000863641	0.233236	0.0622319	0
3.7323	0.000843404	0.349854	0.0761746	0
3.73261	0.000852745	0.333195	0.0741342	0
3.7321	0.000875771	0.316535	0.0724339	0
3.73173	0.000864355	0.299875	0.0703935	0
3.73168	0.00083374	0.199917	0.057471	0
3.73138	0.000840745	0.249896	0.0683531	0
3.73162	0.000867209	0.199917	0.057471	0
3.7325	0.000874279	0.249896	0.0642723	0
3.73218	0.000861112	0.266556	0.0663127	0
3.73192	0.000854561	0.133278	0.046929	0
3.73251	0.000833286	0.199917	0.057471	0
3.73263	0.000855274	0.0999584	0.0408078	0
3.73259	0.000827059	0.133278	0.046929	0
3.73174	0.000820184	0.233236	0.0622319	0
3.73203	0.000860009	0.149938	0.0499896	0
3.73259	0.000868571	0.283215	0.0683531	0
3.73415	0.000892635	0.316535	0.0724339	0
3.7334	0.000863447	0.299875	0.0703935	0
3.73374	0.00088323	0.266556	0.0663127	0
3.73355	0.000877976	0.233236	0.0663127	0
3.73356	0.000857609	0.199917	0.057471	0
3.73238	0.000863641	0.233236	0.0663127	0
3.73344	0.000841913	0.283215	0.0683531	0
3.73273	0.00084308	0.199917	0.057471	0
3.73331	0.000846064	0.216576	0.0598515	0
3.73381	0.000874668	0.316535	0.0724339	0
3.73261	0.000844377	0.199917	0.057471	0
3.7334	0.000836659	0.216576	0.0598515	0
3.73345	0.000848139	0.183257	0.0550906	0
3.73287	0.00082414	0.183257	0.0550906	0
3.73331	0.000833934	0.216576	0.0598515	0
3.73326	0.000869414	0.216576	0.0598515	0
3.7343	0.000867339	0.249896	0.0642723	0
3.73397	0.000860009	0.216576	0.0598515	0
3.73313	0.000853977	0.166597	0.0527101	0
3.73317	0.000833351	0.183257	0.0550906	0
3.73444	0.000878689	0.349854	0.0761746	0
3.73447	0.00087149	0.216576	0.0598515	0
3.7328	0.000857155	0.183257	0.0550906	0
3.73244	0.000854236	0.233236	0.0622319	0
3.73441	0.000858842	0.266556	0.0663127	0
3.73346	0.000851707	0.283215	0.0683531	0
3.73279	0.000845804	0.233236	0.0622319	0
3.7335	0.000849566	0.0832986	0.0370671	0
3.73467	0.000846064	0.316535	0.0724339	0
3.73403	0.000846129	0.149938	0.0499896	0
3.73375	0.000879987	0.299875	0.0703935	0
3.73444	0.000874668	0.149938	0.0499896	0
3.73504	0.00085949	0.233236	0.0622319	0
3.73414	0.00085709	0.233236	0.0622319	0
3.73466	0.000855793	0.366514	0.0778749	0
3.73552	0.000868376	0.283215	0.0683531	0
3.73571	0.000867403	0.249896	0.0642723	0
3.73547	0.000875381	0.216576	0.0598515	0
3.73506	0.000829589	0.133278	0.046929	0
3.7345	0.000848399	0.133278	0.046929	0
3.73508	0.000842496	0.316535	0.0724339	0
3.73476	0.000818627	0.149938	0.0499896	0
3.73392	0.000832767	0.166597	0.0527101	0
3.73505	0.000847166	0.183257	0.0550906	0
3.73485	0.000864809	0.233236	0.0622319	0
3.73514	0.000867857	0.316535	0.0724339	0
3.73629	0.000892959	0.283215	0.0683531	0
3.73618	0.000871295	0.283215	0.0683531	0
3.73532	0.000851707	0.233236	0.0622319	0
3.7356	0.000849242	0.166597	0.0527101	0
3.73526	0.000864939	0.233236	0.0622319	0
3.7357	0.000838864	0.166597	0.0527101	0
3.73557	0.000836075	0.233236	0.0622319	0
3.73536	0.000824335	0.183257	0.0550906	0
3.73555	0.00082881	0.216576	0.0598515	0
3.73606	0.000868247	0.249896	0.0642723	0
3.73639	0.000874603	0.149938	0.0499896	0
3.73628	0.000849955	0.183257	0.0550906	0
3.73564	0.000837048	0.283215	0.0683531	0
3.73592	0.000851642	0.233236	0.0622319	0
3.73575	0.000837437	0.149938	0.0499896	0
3.73568	0.000828291	0.199917	0.057471	0
3.73604	0.000844312	0.199917	0.057471	0
3.73678	0.000834907	0.183257	0.0550906	0
3.73721	0.0008268	0.216576	0.0598515	0
3.73659	0.000829978	0.0999584	0.0408078	0
3.73723	0.000826865	0.183257	0.0550906	0
3.73714	0.000822324	0.233236	0.0622319	0
3.73681	0.000834583	0.133278	0.046929	0
3.73682	0.000857934	0.183257	0.0598515	0
3.73665	0.000842107	0.183257	0.0550906	0
3.73713	0.000824919	0.199917	0.057471	0
3.73694	0.000849566	0.216576	0.0598515	0
3.73823	0.00086883	0.233236	0.0622319	0
3.73821	0.000849696	0.183257	0.0550906	0
3.73741	0.000822843	0.183257	0.0550906	0
3.738	0.000841394	0.183257	0.0550906	0
3.73754	0.000829589	0.0499792	0.0289055	0
3.73687	0.000836075	0.199917	0.057471	0
3.73774	0.000856701	0.266556	0.0663127	0
3.73758	0.000837437	0.166597	0.0527101	0
3.7378	0.000862928	0.233236	0.0622319	0
3.73809	0.000863901	0.249896	0.0642723	0
3.73753	0.000846518	0.299875	0.0703935	0
3.73727	0.000843534	0.216576	0.0598515	0
3.73731	0.00084775	0.116618	0.0438684	0
3.73768	0.0008292	0.149938	0.0499896	0
3.73895	0.000871619	0.283215	0.0683531	0
3.73882	0.000862798	0.283215	0.0683531	0
3.73664	0.000843729	0.183257	0.0550906	0
3.73803	0.000847037	0.166597	0.0527101	0
3.73811	0.000830172	0.216576	0.0598515	0
3.7392	0.000824335	0.183257	0.0550906	0
3.73915	0.000831599	0.299875	0.0703935	0
3.73923	0.000840032	0.249896	0.0642723	0
3.73891	0.000849826	0.149938	0.0499896	0
3.73879	0.000849437	0.299875	0.0703935	0
3.73834	0.000849826	0.149938	0.0499896	0
3.73879	0.00086429	0.216576	0.0598515	0
3.73915	0.000867274	0.216576	0.0598515	0
3.73891	0.000857155	0.199917	0.057471	0
3.73828	0.000856766	0.249896	0.0642723	0
3.73898	0.000862085	0.149938	0.0499896	0
3.7388	0.000868701	0.116618	0.0438684	0
3.73786	0.000837437	0.199917	0.057471	0
3.73782	0.000824335	0.133278	0.046929	0
3.73902	0.000861436	0.283215	0.0724339	0
3.73853	0.000865328	0.233236	0.0622319	0
3.73923	0.000865133	0.199917	0.057471	0
3.73982	0.000838864	0.183257	0.0550906	0
3.73974	0.000849112	0.316535	0.0724339	0
3.73844	0.000849631	0.116618	0.0438684	0
3.73846	0.000829329	0.199917	0.057471	0
3.74038	0.000833675	0.199917	0.057471	0
3.74017	0.000851318	0.149938	0.0499896	0
3.74036	0.000849112	0.199917	0.057471	0
3.74026	0.000826216	0.249896	0.0642723	0
3.74053	0.000825308	0.149938	0.0499896	0
3.74076	0.0008268	0.133278	0.046929	0
3.74088	0.000818822	0.183257	0.0550906	0
3.73996	0.000820508	0.199917	0.057471	0
3.74042	0.000854561	0.216576	0.0598515	0
3.74068	0.000856636	0.233236	0.0622319	0
3.74063	0.000845999	0.183257	0.0550906	0
3.74028	0.000853717	0.149938	0.0499896	0
3.74069	0.00084295	0.216576	0.0598515	0
3.74178	0.000837891	0.233236	0.0622319	0
3.74086	0.000861112	0.299875	0.0703935	0
3.7407	0.000841134	0.149938	0.0499896	0
3.74065	0.000842756	0.116618	0.0438684	0
3.74128	0.000837048	0.133278	0.046929	0
3.74018	0.000837567	0.0832986	0.0370671	0
3.7403	0.000849826	0.216576	0.0598515	0
3.74077	0.000847685	0.183257	0.0550906	0
3.74022	0.000849631	0.183257	0.0550906	0
3.7406	0.000846972	0.249896	0.0642723	0
3.74144	0.000839578	0.233236	0.0622319	0
3.74125	0.000855404	0.166597	0.0527101	0
3.74214	0.000834518	0.249896	0.0642723	0
3.74198	0.00085495	0.233236	0.0622319	0
3.74094	0.00083588	0.133278	0.046929	0
3.74115	0.000832443	0.133278	0.046929	0
3.74252	0.000840486	0.166597	0.0527101	0
3.74251	0.000864225	0.199917	0.057471	0
3.74208	0.000844831	0.0999584	0.0408078	0
3.74191	0.000820638	0.183257	0.0550906	0
3.74252	0.000849177	0.216576	0.0598515	0
3.74356	0.000874214	0.199917	0.057471	0
3.74251	0.000854301	0.316535	0.0724339	0
3.74189	0.000853069	0.183257	0.0598515	0
3.74298	0.000882127	0.133278	0.046929	0
3.74186	0.000841329	0.0499792	0.0289055	0
3.74135	0.000839837	0.133278	0.046929	0
3.74238	0.00084535	0.233236	0.0622319	0
3.74235	0.000839318	0.116618	0.0438684	0
3.74255	0.00085975	0.133278	0.046929	0
3.74299	0.000839902	0.133278	0.046929	0
3.74238	0.000830627	0.116618	0.0438684	0
3.7429	0.00079612	0.149938	0.0499896	0
3.74323	0.000811103	0.183257	0.0550906	0
3.74316	0.000832767	0.149938	0.0499896	0
3.74365	0.000834324	0.0999584	0.0408078	0
3.74353	0.000823751	0.199917	0.057471	0
3.74372	0.000839188	0.216576	0.0598515	0
3.7441	0.000844961	0.133278	0.046929	0
3.74416	0.000822778	0.149938	0.0499896	0
3.74383	0.000816876	0.249896	0.0642723	0
3.7439	0.000837761	0.266556	0.0663127	0
3.74367	0.000842496	0.0999584	0.0408078	0
3.74383	0.000831989	0.149938	0.0499896	0
3.74494	0.0008244	0.216576	0.0598515	0
3.74462	0.000824789	0.166597	0.0527101	0
3.74373	0.000811168	0.133278	0.046929	0
3.74402	0.000813697	0.216576	0.0598515	0
3.74477	0.000810325	0.133278	0.046929	0
3.74417	0.00082907	0.183257	0.0550906	0
3.74381	0.00083627	0.166597	0.0527101	0
3.7444	0.000854496	0.233236	0.0622319	0
3.74388	0.000827319	0.0999584	0.046929	0
3.74323	0.000809546	0.0832986	0.0370671	0
3.74326	0.000804422	0.133278	0.046929	0
3.74392	0.000809222	0.0832986	0.0370671	0
3.74412	0.000829913	0.0832986	0.0370671	0
3.74395	0.000829654	0.183257	0.0550906	0
3.74425	0.000825567	0.199917	0.057471	0
3.74434	0.000839967	0.216576	0.0598515	0
3.74519	0.000832053	0.149938	0.0499896	0
3.74475	0.000832962	0.0832986	0.0370671	0
3.7442	0.00082427	0.0666389	0.0333264	0
3.74496	0.000825048	0.166597	0.0527101	0
3.74532	0.000817265	0.183257	0.0550906	0
3.74539	0.000840032	0.249896	0.0642723	0
3.74582	0.000841977	0.133278	0.046929	0
3.74565	0.000825178	0.116618	0.0438684	0
3.74477	0.000832508	0.0999584	0.0408078	0
3.74544	0.000838669	0.216576	0.0598515	0
3.74531	0.000829978	0.183257	0.0550906	0
3.74587	0.000820119	0.0832986	0.0370671	0
3.74608	0.00081733	0.133278	0.046929	0
3.74584	0.00082187	0.116618	0.0438684	0
3.74543	0.00082667	0.216576	0.0598515	0
3.74547	0.000842821	0.166597	0.0527101	0
3.746	0.000857544	0.249896	0.0642723	0
3.74669	0.000837437	0.233236	0.0622319	0
3.74667	0.0008244	0.116618	0.0438684	0
3.74632	0.000830043	0.166597	0.0527101	0
3.74642	0.000817914	0.149938	0.0499896	0
3.74616	0.000849047	0.0999584	0.0408078	0
3.74629	0.000836659	0.283215	0.0683531	0
3.74655	0.000838151	0.183257	0.0550906	0
3.74644	0.000820638	0.183257	0.0550906	0
3.74729	0.000792747	0.0832986	0.0370671	0
3.74779	0.000826216	0.149938	0.0499896	0
3.7468	0.000833416	0.0832986	0.0370671	0
3.74749	0.000828486	0.149938	0.0499896	0
3.747	0.000816292	0.166597	0.0527101	0
3.74756	0.000824983	0.166597	0.0527101	0
3.74751	0.000836983	0.199917	0.057471	0
3.74692	0.000811622	0.0666389	0.0333264	0
3.74748	0.000826994	0.249896	0.0642723	0
3.7468	0.000815708	0.0832986	0.0370671	0
3.74692	0.000834064	0.149938	0.0499896	0
3.74775	0.0008244	0.149938	0.0499896	0
3.74656	0.000818238	0.166597	0.0527101	0
3.74769	0.000845545	0.183257	0.0550906	0
3.7474	0.000832378	0.133278	0.046929	0
3.74719	0.000824205	0.149938	0.0499896	0
3.74794	0.000830627	0.216576	0.0598515	0
3.74804	0.000829005	0.133278	0.046929	0
3.74837	0.000858777	0.199917	0.057471	0
3.74732	0.000853004	0.183257	0.0550906	0
3.7488	0.000860528	0.149938	0.0499896	0
3.74849	0.000830951	0.149938	0.0499896	0
3.74862	0.000827837	0.133278	0.046929	0
3.74816	0.000818692	0.0999584	0.0408078	0
3.74883	0.000824529	0.199917	0.057471	0
3.74965	0.000840356	0.0832986	0.0370671	0
3.74919	0.000822843	0.183257	0.0550906	0
3.74918	0.000824659	0.266556	0.0663127	0
3.74958	0.000822259	0.116618	0.0438684	0
3.74917	0.000813697	0.0832986	0.0370671	0
3.74897	0.000831599	0.166597	0.0527101	0
3.74847	0.000820249	0.166597	0.0527101	0
3.74806	0.000820508	0.116618	0.0438684	0
3.74899	0.000837437	0.149938	0.0499896	0
3.74903	0.000843794	0.116618	0.0438684	0
3.74948	0.000832248	0.149938	0.0499896	0
3.74877	0.000832183	0.0999584	0.0408078	0
3.74948	0.000803319	0.0832986	0.0370671	0
3.74997	0.000845091	0.166597	0.0527101	0
3.74947	0.000837956	0.166597	0.0527101	0
3.7492	0.000818108	0.116618	0.0438684	0
3.75018	0.000804876	0.116618	0.0438684	0
3.75036	0.000844831	0.183257	0.0550906	0
3.74933	0.000837567	0.133278	0.046929	0
3.7498	0.000832572	0.183257	0.0550906	0
3.75007	0.000840226	0.183257	0.0550906	0
3.74929	0.000820703	0.116618	0.0438684	0
3.7505	0.000816357	0.149938	0.0499896	0
3.75057	0.000815838	0.149938	0.0499896	0
3.74922	0.000812595	0.0666389	0.0333264	0
3.75042	0.000818822	0.183257	0.0550906	0
3.75189	0.00081934	0.149938	0.0499896	0
3.7505	0.000822	0.216576	0.0598515	0
3.75041	0.000829913	0.183257	0.0550906	0
3.75145	0.000830432	0.183257	0.0550906	0
3.75102	0.000835556	0.166597	0.0527101	0
3.74981	0.000831275	0.166597	0.0527101	0
3.75086	0.000818173	0.0999584	0.0408078	0
3.75071	0.000813114	0.0999584	0.0408078	0
3.75064	0.000813762	0.149938	0.0499896	0
3.75073	0.000811816	0.0832986	0.0370671	0
3.75047	0.000818368	0.166597	0.0527101	0
3.75205	0.000822908	0.149938	0.0499896	0
3.75209	0.000815838	0.199917	0.057471	0
3.75155	0.000814022	0.0999584	0.0408078	0
3.75202	0.000819405	0.116618	0.0438684	0
3.75173	0.00086429	0.0999584	0.0408078	0
3.75203	0.000827643	0.183257	0.0550906	0
3.75209	0.000832118	0.133278	0.046929	0
3.752	0.000804422	0.0832986	0.0370671	0
3.75138	0.0008268	0.0999584	0.0408078	0
3.75211	0.000852161	0.216576	0.0598515	0
3.75254	0.000827319	0.133278	0.046929	0
3.75192	0.00082881	0.166597	0.0527101	0
3.75305	0.000832313	0.183257	0.0550906	0
3.75307	0.000820119	0.133278	0.046929	0
3.75165	0.000815968	0.166597	0.0527101	0
3.75205	0.000828421	0.166597	0.0527101	0
3.75197	0.000815514	0.0999584	0.0408078	0
3.75376	0.000824075	0.233236	0.0622319	0
3.75446	0.000831924	0.183257	0.0550906	0
3.75284	0.000801698	0.0832986	0.0370671	0
3.75276	0.000803774	0.133278	0.046929	0
3.75306	0.000823881	0.166597	0.0527101	0
3.75297	0.000828486	0.199917	0.057471	0
3.75436	0.000828162	0.133278	0.046929	0
3.75374	0.000811622	0.133278	0.046929	0
3.75329	0.000817005	0.116618	0.0438684	0
3.7535	0.000800141	0.0666389	0.0333264	0
3.75392	0.000831794	0.183257	0.0550906	0
3.75387	0.000811881	0.216576	0.0598515	0
3.75325	0.000837632	0.133278	0.046929	0
3.75373	0.000827902	0.216576	0.0598515	0
3.75402	0.000830172	0.133278	0.046929	0
3.75381	0.000849501	0.199917	0.057471	0
3.75495	0.000859944	0.266556	0.0703935	0
3.7552	0.000845804	0.183257	0.0550906	0
3.75404	0.000854366	0.0832986	0.0370671	0
3.75346	0.000813697	0.133278	0.046929	0
3.75435	0.000818886	0.149938	0.0499896	0
3.75422	0.00080546	0.166597	0.0527101	0
3.75401	0.000826086	0.133278	0.046929	0
3.75502	0.000790801	0.0666389	0.0333264	0
3.75571	0.000803903	0.0999584	0.0408078	0
3.75524	0.000813633	0.216576	0.0642723	0
3.75577	0.000817978	0.166597	0.0527101	0
3.75603	0.00084081	0.199917	0.057471	0
3.75545	0.000812725	0.183257	0.0550906	0
3.75523	0.000814541	0.149938	0.0499896	0
3.75576	0.000794628	0.0666389	0.0333264	0
3.75545	0.000810973	0.199917	0.0622319	0
3.75608	0.000820378	0.216576	0.0598515	0
3.75552	0.000810454	0.0832986	0.0370671	0
3.7547	0.00081973	0.133278	0.046929	0
3.75527	0.000823751	0.149938	0.0499896	0
3.75584	0.000816811	0.116618	0.0438684	0
3.75556	0.000827708	0.166597	0.0527101	0
3.75673	0.000841069	0.233236	0.0622319	0
3.75651	0.000897759	0.233236	0.0622319	0
3.75594	0.000841069	0.133278	0.046929	0
3.75569	0.000823946	0.0999584	0.0408078	0
3.75577	0.000822778	0.149938	0.0499896	0
3.75543	0.000839513	0.0999584	0.0408078	0
3.75618	0.000813957	0.116618	0.0438684	0
3.7572	0.000808573	0.149938	0.0499896	0
3.75689	0.000812725	0.133278	0.046929	0
3.75705	0.000814022	0.183257	0.0550906	0
3.7569	0.000802995	0.116618	0.0438684	0
3.75766	0.000818497	0.149938	0.0499896	0
3.75756	0.000808249	0.166597	0.0527101	0
3.75679	0.000821935	0.0832986	0.0370671	0
3.7572	0.000844831	0.133278	0.046929	0
3.75816	0.000851512	0.149938	0.0499896	0
3.75776	0.000822648	0.133278	0.046929	0
3.75708	0.00080092	0.0832986	0.0370671	0
3.75751	0.000819924	0.0999584	0.0408078	0
3.75783	0.000821092	0.183257	0.0550906	0
3.75735	0.000837307	0.0333195	0.0234645	0
3.75619	0.000828291	0.216576	0.0598515	0
3.75661	0.000830497	0.216576	0.0598515	0
3.75739	0.000830237	0.166597	0.0527101	0
3.75801	0.000825762	0.166597	0.0527101	0
3.75734	0.000842172	0.183257	0.0550906	0
3.7575	0.000837826	0.116618	0.0438684	0
3.75742	0.000809222	0.116618	0.0438684	0
3.75766	0.000788271	0.0666389	0.0333264	0
3.75845	0.00080319	0.199917	0.057471	0
3.75951	0.000808963	0.0666389	0.0333264	0
3.75825	0.000797936	0.0832986	0.0370671	0
3.75821	0.000806303	0.116618	0.0438684	0
3.75873	0.000814087	0.0999584	0.0408078	0
3.75834	0.000814022	0.166597	0.0527101	0
3.75931	0.000811881	0.183257	0.0550906	0
3.75986	0.000801698	0.0999584	0.0408078	0
3.75946	0.00082213	0.0832986	0.0370671	0
3.75848	0.000813114	0.0499792	0.0289055	0
3.75917	0.000804746	0.116618	0.0438684	0
3.75959	0.000817589	0.216576	0.0598515	0
3.75969	0.00082907	0.133278	0.046929	0
3.75878	0.000828291	0.0999584	0.0408078	0
3.75915	0.000824789	0.133278	0.046929	0
3.75944	0.000820119	0.116618	0.0438684	0
3.75887	0.0008196	0.199917	0.057471	0
3.759	0.000809027	0.183257	0.0550906	0
3.75976	0.000827254	0.166597	0.0527101	0
3.75913	0.000823751	0.166597	0.0527101	0
3.75843	0.000810714	0.133278	0.046929	0
3.75981	0.000815449	0.149938	0.0499896	0
3.76051	0.000818108	0.216576	0.0598515	0
3.75991	0.000831145	0.0666389	0.0333264	0
3.75989	0.000804163	0.0999584	0.0408078	0
3.75975	0.000802606	0.116618	0.0438684	0
3.75968	0.000811622	0.166597	0.0527101	0
3.76066	0.000832248	0.149938	0.0499896	0
3.76118	0.000823816	0.149938	0.0499896	0
3.76041	0.000801374	0.116618	0.0438684	0
3.76066	0.000820119	0.199917	0.057471	0
3.7612	0.00083121	0.133278	0.046929	0
3.76153	0.000844053	0.183257	0.0550906	0
3.76122	0.000813308	0.0666389	0.0333264	0
3.76007	0.000812141	0.0999584	0.0408078	0
3.75981	0.00080092	0.0666389	0.0333264	0
3.76103	0.000808379	0.0832986	0.0370671	0
3.7618	0.000818368	0.149938	0.0499896	0
3.76015	0.00082894	0.133278	0.046929	0
3.76007	0.000812789	0.133278	0.046929	0
3.7614	0.00081467	0.183257	0.0550906	0
3.7622	0.000824854	0.199917	0.057471	0
3.76143	0.000818043	0.116618	0.0438684	0
3.76074	0.000823557	0.0832986	0.0370671	0
3.76183	0.00082414	0.0499792	0.0289055	0
3.76186	0.000812206	0.166597	0.0527101	0
3.76197	0.000811557	0.133278	0.046929	0
3.76216	0.000813179	0.133278	0.046929	0
3.76159	0.000803903	0.0999584	0.0408078	0
3.76202	0.000789698	0.133278	0.046929	0
3.76283	0.000820832	0.183257	0.0550906	0
3.76178	0.000801568	0.166597	0.0527101	0
3.76172	0.00078438	0.0832986	0.0370671	0
3.76199	0.000809157	0.0666389	0.0333264	0
3.76259	0.000825892	0.133278	0.046929	0
3.76328	0.000819081	0.216576	0.0598515	0
3.76245	0.000840226	0.116618	0.0438684	0
3.76214	0.000800141	0.116618	0.0438684	0
3.76273	0.000814476	0.116618	0.0438684	0
3.7634	0.000805525	0.0832986	0.0370671	0
3.76213	0.000784704	0.116618	0.0438684	0
3.76303	0.00080546	0.0999584	0.0408078	0
3.76328	0.000801179	0.0999584	0.0408078	0
0	0	0	0	0
0	0	0	0	0
0	0	0	0	0
0	0	0	0	0
0	0	0	0	0
0	0	0	0	0
0	0	0	0	0
0	0	0	0	0
0	0	0	0	0
0	0	0	0	0
0	0	0	0	0
0	0	0	0	0
0	0	0	0	0
0	0	0	0	0
0	0	0	0	0
0	0	0	0	0
0	0	0	0	0
0	0	0	0	0
0	0	0	0	0
0	0	0	0	0
0	0	0	0	0
0	0	0	0	0
0	0	0	0	0
0	0	0	0	0
0	0	0	0	0
0	0	0	0	0
0	0	0	0	0
0	0	0	0	0
0	0	0	0	0
0	0	0	0	0
0	0	0	0	0
0	0	0	0	0
0	0	0	0	0
0	0	0	0	0
0	0	0	0	0
0	0	0	0	0
0	0	0	0	0
0	0	0	0	0
0	0	0	0	0
0	0	0	0	0
0	0	0	0	0
0	0	0	0	0
0	0	0	0	0
0	0	0	0	0
0	0	0	0	0
0	0	0	0	0
0	0	0	0	0
0	0	0	0	0
0	0	0	0	0
0	0	0	0	0
0	0	0	0	0
0	0	0	0	0
0	0	0	0	0
0	0	0	0	0
0	0	0	0	0
0	0	0	0	0
0	0	0	0	0
0	0	0	0	0
0	0	0	0	0
0	0	0	0	0
0	0	0	0	0
0	0	0	0	0
0	0	0	0	0
0	0	0	0	0
0	0	0	0	0
0	0	0	0	0
0	0	0	0	0
0	0	0	0	0
0	0	0	0	0
0	0	0	0	0
0	0	0	0	0
0	0	0	0	0
0	0	0	0	0
0	0	0	0	0
0	0	0	0	0
0	0	0	0	0
0	0	0	0	0
0	0	0	0	0
0	0	0	0	0
0	0	0	0	0
0	0	0	0	0
0	0	0	0	0
0	0	0	0	0
0	0	0	0	0
0	0	0	0	0
0	0	0	0	0
0	0	0	0	0
0	0	0	0	0
0	0	0	0	0
0	0	0	0	0
0	0	0	0	0
0	0	0	0	0
0	0	0	0	0
0	0	0	0	0
0	0	0	0	0
0	0	0	0	0
0	0	0	0	0
0	0	0	0	0
0	0	0	0	0
0	0	0	0	0
0	0	0	0	0
0	0	0	0	0
0	0	0	0	0
0	0	0	0	0
0	0	0	0	0
0	0	0	0	0
0	0	0	0	0
0	0	0	0	0
0	0	0	0	0
0	0	0	0	0
0	0	0	0	0
0	0	0	0	0
0	0	0	0	0
0	0	0	0	0
0	0	0	0	0
0	0	0	0	0
0	0	0	0	0
0	0	0	0	0
0	0	0	0	0
0	0	0	0	0
0	0	0	0	0
0	0	0	0	0
0	0	0	0	0
0	0	0	0	0
0	0	0	0	0
0	0	0	0	0
0	0	0	0	0
0	0	0	0	0
0	0	0	0	0
0	0	0	0	0
0	0	0	0	0
0	0	0	0	0
0	0	0	0	0
0	0	0	0	0
0	0	0	0	0
0	0	0	0	0
0	0	0	0	0
0	0	0	0	0
0	0	0	0	0
0	0	0	0	0
0	0	0	0	0
0	0	0	0	0
0	0	0	0	0
0	0	0	0	0
0	0	0	0	0
0	0	0	0	0
0	0	0	0	0
0	0	0	0	0
0	0	0	0	0
0	0	0	0	0
0	0	0	0	0
0	0	0	0	0
0	0	0	0	0
0	0	0	0	0
0	0	0	0	0
0	0	0	0	0
0	0	0	0	0
0	0	0	0	0
0	0	0	0	0
0	0	0	0	0
0	0	0	0	0
0	0	0	0	0
0	0	0	0	0
0	0	0	0	0
0	0	0	0	0
0	0	0	0	0
0	0	0	0	0
0	0	0	0	0
0	0	0	0	0
0	0	0	0	0
0	0	0	0	0
0	0	0	0	0
0	0	0	0	0
0	0	0	0	0
0	0	0	0	0
0	0	0	0	0
0	0	0	0	0
0	0	0	0	0
0	0	0	0	0
0	0	0	0	0
0	0	0	0	0
0	0	0	0	0
0	0	0	0	0
0	0	0	0	0
0	0	0	0	0
0	0	0	0	0
0	0	0	0	0
0	0	0	0	0
0	0	0	0	0
0	0	0	0	0
0	0	0	0	0
0	0	0	0	0
0	0	0	0	0
0	0	0	0	0
0	0	0	0	0
0	0	0	0	0
0	0	0	0	0
0	0	0	0	0
0	0	0	0	0
0	0	0	0	0
0	0	0	0	0
0	0	0	0	0
0	0	0	0	0
0	0	0	0	0
0	0	0	0	0
0	0	0	0	0
0	0	0	0	0
0	0	0	0	0
0	0	0	0	0
0	0	0	0	0
0	0	0	0	0
0	0	0	0	0
0	0	0	0	0
0	0	0	0	0
0	0	0	0	0
0	0	0	0	0
0	0	0	0	0
0	0	0	0	0
0	0	0	0	0
0	0	0	0	0
0	0	0	0	0
0	0	0	0	0
0	0	0	0	0
0	0	0	0	0
0	0	0	0	0
0	0	0	0	0
0	0	0	0	0
0	0	0	0	0
0	0	0	0	0
0	0	0	0	0
0	0	0	0	0
0	0	0	0	0
0	0	0	0	0
0	0	0	0	0
0	0	0	0	0
0	0	0	0	0
0	0	0	0	0
0	0	0	0	0
0	0	0	0	0
0	0	0	0	0
0	0	0	0	0
0	0	0	0	0
0	0	0	0	0
0	0	0	0	0
0	0	0	0	0
0	0	0	0	0
0	0	0	0	0
0	0	0	0	0
0	0	0	0	0
0	0	0	0	0
0	0	0	0	0
0	0	0	0	0
0	0	0	0	0
0	0	0	0	0
0	0	0	0	0
0	0	0	0	0
0	0	0	0	0
0	0	0	0	0
0	0	0	0	0
0	0	0	0	0
0	0	0	0	0
0	0	0	0	0
0	0	0	0	0
0	0	0	0	0
0	0	0	0	0
0	0	0	0	0
0	0	0	0	0
0	0	0	0	0
0	0	0	0	0
0	0	0	0	0
0	0	0	0	0
0	0	0	0	0
0	0	0	0	0
0	0	0	0	0
0	0	0	0	0
0	0	0	0	0
0	0	0	0	0
0	0	0	0	0
0	0	0	0	0
0	0	0	0	0
0	0	0	0	0
0	0	0	0	0
0	0	0	0	0
0	0	0	0	0
0	0	0	0	0
0	0	0	0	0
0	0	0	0	0
0	0	0	0	0
0	0	0	0	0
0	0	0	0	0
0	0	0	0	0
0	0	0	0	0
0	0	0	0	0
0	0	0	0	0
0	0	0	0	0
0	0	0	0	0
0	0	0	0	0
0	0	0	0	0
0	0	0	0	0
0	0	0	0	0
0	0	0	0	0
0	0	0	0	0
0	0	0	0	0
0	0	0	0	0
0	0	0	0	0
0	0	0	0	0
0	0	0	0	0
0	0	0	0	0
0	0	0	0	0
0	0	0	0	0
0	0	0	0	0
0	0	0	0	0
0	0	0	0	0
0	0	0	0	0
0	0	0	0	0
0	0	0	0	0
0	0	0	0	0
0	0	0	0	0
0	0	0	0	0
0	0	0	0	0
0	0	0	0	0
0	0	0	0	0
0	0	0	0	0
0	0	0	0	0
0	0	0	0	0
0	0	0	0	0
0	0	0	0	0
0	0	0	0	0
0	0	0	0	0
0	0	0	0	0
0	0	0	0	0
0	0	0	0	0
0	0	0	0	0
0	0	0	0	0
0	0	0	0	0
0	0	0	0	0
0	0	0	0	0
0	0	0	0	0
0	0	0	0	0
0	0	0	0	0
0	0	0	0	0
0	0	0	0	0
0	0	0	0	0
0	0	0	0	0
0	0	0	0	0
0	0	0	0	0
0	0	0	0	0
0	0	0	0	0
0	0	0	0	0
0	0	0	0	0
0	0	0	0	0
0	0	0	0	0
0	0	0	0	0
0	0	0	0	0
0	0	0	0	0
0	0	0	0	0
0	0	0	0	0
0	0	0	0	0
0	0	0	0	0
0	0	0	0	0
0	0	0	0	0
0	0	0	0	0
0	0	0	0	0
0	0	0	0	0
0	0	0	0	0
0	0	0	0	0
0	0	0	0	0
0	0	0	0	0
0	0	0	0	0
0	0	0	0	0
0	0	0	0	0
0	0	0	0	0
0	0	0	0	0
0	0	0	0	0
0	0	0	0	0
0	0	0	0	0
0	0	0	0	0
0	0	0	0	0
0	0	0	0	0
0	0	0	0	0
0	0	0	0	0
0	0	0	0	0
0	0	0	0	0
0	0	0	0	0
0	0	0	0	0
0	0	0	0	0
0	0	0	0	0
0	0	0	0	0
0	0	0	0	0
0	0	0	0	0
0	0	0	0	0
0	0	0	0	0
0	0	0	0	0
0	0	0	0	0
0	0	0	0	0
0	0	0	0	0
0	0	0	0	0
0	0	0	0	0
0	0	0	0	0
0	0	0	0	0
