a2610812.050889
Narit-cm 08/01/2026 11:35:09 08/01/2026 12:05:08 0045 0013.384714 0052.542598 00.0 00.0
0002401 0010 0000000 0010 05 0000000 0010 0000000 0010
1 0 1 01600 1 0000 3.75 00000.o 0 0 01 000 16 002401 0.500 BT0
1 2 1 02000 1 0000 3.75 00000.o 0 0 01 000 16 002401 0.500 S2A0
1 1 1 01600 1 0000 3.75 00000.o 0 0 00 000 00 002401 3.1746 BC0
1 3 1 02000 1 0000 3.75 00000.o 0 0 00 000 00 002401 3.1746 S2P0
1 5 0 01600 0 0000 1.00 00000.o 0 0 00 000 00 000000 0.000 OF0
0.000 .o Analog 0 	0.000 .o Analog StErr 0 	0.000 .o Photon Counting 0 	0.000 .o PC StErr 0 	0.000 .o Overflow Info 0 
28.3401	0.100204	154.152	0.8369	0
47.9658	0.165579	159.667	0.809695	0
114.339	0.740627	82.499	1.13412	0
311.426	1.49809	0.699708	0.121743	0
492.963	0.311186	30.1041	0.78113	1
499.964	0.0180252	150.637	1.23308	1
499.342	0.0790251	132.995	1.28953	1
499.392	0.0739793	31.5369	0.747803	1
499.97	0.0155336	22.9571	0.596474	1
499.998	0.00216394	45.531	0.809695	1
499.978	0.0156306	88.7464	1.00489	1
500	0	143.024	1.07529	1
500	0	162.632	1.01782	1
499.991	0.00913242	139.242	1.01748	1
500	0	120.45	1.00523	1
500	0	113.869	0.963745	1
500	0	115.135	0.967826	1
500	0	118.884	0.978708	1
499.998	0.00135439	119.584	0.957624	1
494.682	0.174772	129.713	0.967145	1
460.179	0.347696	149.538	0.931779	1
419.953	0.321703	169.279	0.955923	1
384.296	0.289915	182.557	0.956263	0
352.477	0.263711	191.27	0.925658	0
324.319	0.243176	193.253	0.906614	0
299.268	0.225081	194.502	0.903553	0
276.909	0.206707	192.187	0.890971	0
257.022	0.190665	191.337	0.899813	0
239.094	0.179948	189.804	0.911035	0
222.853	0.170631	190.154	0.890631	0
208.114	0.161841	187.022	0.874648	0
194.457	0.15488	183.09	0.876348	0
181.717	0.148318	182.84	0.880429	0
169.789	0.14217	183.19	0.88519	0
158.519	0.138459	179.375	0.899813	0
147.85	0.136164	176.843	0.872947	0
137.734	0.129594	176.21	0.861385	0
128.235	0.125118	174.661	0.879409	0
119.219	0.122351	173.511	0.853904	0
110.517	0.119269	171.312	0.869547	0
102.296	0.115769	170.446	0.874988	0
94.4737	0.112938	169.579	0.857304	0
86.8918	0.111379	167.963	0.853904	0
79.7337	0.109042	167.697	0.842342	0
72.8827	0.1067	165.531	0.854244	0
66.3029	0.10266	165.298	0.827039	0
60.1234	0.0983406	162.732	0.840981	0
54.3516	0.0951044	160.866	0.83418	0
49.0408	0.0906053	159.683	0.823638	0
44.1715	0.0840154	158.351	0.851523	0
39.8593	0.077609	155.202	0.841321	0
36.1267	0.0709411	155.185	0.823638	0
32.9377	0.0641266	153.186	0.813436	0
30.2882	0.0578485	151.87	0.816497	0
28.1407	0.0513944	151.254	0.821938	0
26.4249	0.0458783	149.088	0.840981	0
25.0678	0.0400143	149.504	0.796433	0
24.0304	0.0367431	146.222	0.813096	0
23.2287	0.0332952	146.972	0.816157	0
22.586	0.0309138	145.556	0.793032	0
22.0793	0.0294715	143.44	0.807315	0
21.6173	0.0287413	142.94	0.794392	0
21.2122	0.0272049	141.008	0.807995	0
20.9153	0.0271163	141.308	0.823978	0
20.6698	0.0262015	143.407	0.814116	0
20.4195	0.0253785	140.275	0.812076	0
20.1675	0.025615	140.408	0.806635	0
19.9783	0.0249403	138.276	0.805614	0
19.8023	0.024524	138.909	0.800173	0
19.6286	0.0242347	136.643	0.789291	0
19.5214	0.0243519	138.376	0.800854	0
19.4081	0.0247035	136.61	0.78045	0
19.2665	0.0242742	137.726	0.806635	0
19.164	0.0244124	136.893	0.788271	0
19.0127	0.0243777	136.526	0.801874	0
18.8747	0.0240422	136.027	0.795753	0
18.8331	0.0240644	135.394	0.801194	0
18.7222	0.0236856	136.626	0.818537	0
18.5859	0.0237919	135.827	0.810375	0
18.5	0.023463	135.71	0.799493	0
18.4211	0.0228558	135.843	0.792352	0
18.3646	0.0237495	135.91	0.794392	0
18.3007	0.0231547	135.06	0.790312	0
18.2113	0.0232948	134.394	0.796093	0
18.1378	0.0227709	135.26	0.798133	0
18.0816	0.0230408	134.96	0.789971	0
18.0414	0.0228244	133.744	0.796433	0
17.9951	0.0232012	134.727	0.807995	0
17.9487	0.02214	134.227	0.774328	0
17.8961	0.0230395	136.643	0.797453	0
17.8109	0.0231427	134.527	0.800514	0
17.7681	0.0230139	133.328	0.811056	0
17.7463	0.0222015	134.244	0.801194	0
17.7121	0.0229532	135.177	0.805614	0
17.6955	0.0227721	135.06	0.798133	0
17.6489	0.0227266	133.478	0.78419	0
17.6051	0.0223567	132.928	0.803234	0
17.5683	0.0225256	132.561	0.801194	0
17.4933	0.0224195	134.211	0.768207	0
17.4771	0.0225574	134.194	0.795753	0
17.4701	0.0228138	133.095	0.779429	0
17.396	0.0224318	134.394	0.799493	0
17.3653	0.0226705	133.294	0.792352	0
17.3749	0.0221801	133.078	0.786571	0
17.3364	0.0222684	133.378	0.795072	0
17.2983	0.0220799	132.761	0.797113	0
17.2789	0.0229064	133.011	0.785551	0
17.2178	0.0220924	131.162	0.795072	0
17.1982	0.0221401	134.061	0.803574	0
17.1957	0.0220543	132.495	0.798813	0
17.1342	0.0221527	133.061	0.806295	0
17.0866	0.0215369	131.978	0.804594	0
17.0574	0.0218815	133.311	0.803914	0
17.0211	0.0220542	132.428	0.792012	0
16.9757	0.0221631	133.011	0.808675	0
16.9391	0.0220387	132.578	0.788951	0
16.9113	0.0217663	133.594	0.793032	0
16.8667	0.0218047	132.045	0.790312	0
16.8188	0.0218321	133.444	0.807995	0
16.7936	0.0218159	132.595	0.792012	0
16.7602	0.0218284	131.645	0.797453	0
16.7294	0.0217363	132.162	0.809695	0
16.6627	0.0216503	131.812	0.78385	0
16.6212	0.0215361	132.661	0.805955	0
16.6063	0.0217379	131.145	0.792352	0
16.5235	0.0215954	129.929	0.78249	0
16.4653	0.0211722	131.695	0.798133	0
16.4281	0.0212352	129.663	0.785551	0
16.3701	0.0203618	131.745	0.796773	0
16.3451	0.0210037	130.579	0.792692	0
16.298	0.0213772	131.529	0.818537	0
16.2436	0.0209745	130.146	0.794732	0
16.1998	0.0207544	131.778	0.806295	0
16.1475	0.0208148	130.596	0.823638	0
16.0888	0.0214264	130.079	0.823298	0
16.0488	0.0213697	130.096	0.777729	0
16.0336	0.0205468	131.162	0.791672	0
15.9905	0.0211931	129.546	0.797453	0
15.931	0.0208507	129.396	0.789971	0
15.8374	0.0210788	129.929	0.810035	0
15.7605	0.0206811	128.147	0.796433	0
15.7515	0.0209003	130.029	0.805614	0
15.7211	0.0202129	128.896	0.802894	0
15.6776	0.0207576	129.513	0.805955	0
15.638	0.0204328	129.379	0.78385	0
15.5861	0.0208377	128.363	0.800514	0
15.5597	0.0211739	128.446	0.804934	0
15.5327	0.0213855	128.68	0.791672	0
15.4792	0.02041	130.046	0.810375	0
15.4171	0.0206723	128.713	0.802554	0
15.3841	0.0205888	127.564	0.796433	0
15.3476	0.0199948	127.064	0.786571	0
15.2963	0.0200383	127.863	0.804594	0
15.271	0.020158	128.28	0.796093	0
15.2289	0.0202089	128.33	0.785891	0
15.1883	0.0194481	128.963	0.809355	0
15.1638	0.020114	127.88	0.798813	0
15.1122	0.0206598	126.697	0.790992	0
15.0546	0.0205269	127.547	0.800173	0
15.0543	0.0199596	127.347	0.811056	0
15.0419	0.0198011	128.263	0.802554	0
14.9599	0.0198133	127.447	0.800854	0
14.93	0.0197979	126.764	0.786231	0
14.9213	0.0202571	126.697	0.775009	0
14.8735	0.0200965	127.03	0.775689	0
14.8432	0.0193759	127.547	0.775349	0
14.8219	0.0198396	126.114	0.78215	0
14.8101	0.0203721	126.781	0.800173	0
14.7745	0.0195343	126.614	0.778749	0
14.7247	0.0193488	125.015	0.795413	0
14.6917	0.0190161	126.597	0.779089	0
14.671	0.0192912	125.998	0.767867	0
14.6356	0.0192323	124.165	0.778069	0
14.5786	0.0196868	125.481	0.811736	0
14.564	0.0196603	126.031	0.806975	0
14.5699	0.0192429	126.814	0.803234	0
14.5497	0.019195	126.097	0.793372	0
14.4814	0.0198032	123.948	0.78283	0
14.4548	0.0194767	126.147	0.795753	0
14.4772	0.0193251	125.598	0.790992	0
14.4322	0.0191361	125.664	0.794052	0
14.4109	0.0191849	125.614	0.78283	0
14.4298	0.0191888	125.464	0.78317	0
14.3957	0.0185958	124.615	0.793372	0
14.3707	0.0190504	126.297	0.797453	0
14.358	0.0192483	124.415	0.778409	0
14.3258	0.01939	124.182	0.78453	0
14.3164	0.0193246	126.381	0.807315	0
14.3206	0.0187638	124.748	0.801194	0
14.2911	0.0187553	124.248	0.788951	0
14.2362	0.0190237	125.781	0.789291	0
14.2374	0.0187409	124.631	0.775349	0
14.2262	0.019156	124.382	0.794732	0
14.1676	0.0191302	125.598	0.803234	0
14.1626	0.0191279	124.748	0.787591	0
14.1725	0.0184433	124.898	0.764467	0
14.1609	0.0192758	124.815	0.788611	0
14.1496	0.0184199	123.515	0.773648	0
14.1409	0.0192777	122.466	0.786231	0
14.1178	0.0187085	124.115	0.793032	0
14.0978	0.0184057	124.548	0.800514	0
14.0985	0.0187899	124.148	0.789631	0
14.0705	0.0188456	123.315	0.790652	0
14.0579	0.0184021	125.148	0.778069	0
14.0745	0.0183138	124.965	0.800854	0
14.0387	0.0182122	123.565	0.798813	0
14.0099	0.0182939	123.182	0.777729	0
13.9974	0.0184717	124.798	0.822278	0
13.9966	0.0187673	123.532	0.78351	0
14.0141	0.0179698	123.465	0.791672	0
14.0027	0.0183705	126.064	0.803914	0
13.9904	0.0182658	123.482	0.78351	0
13.9754	0.0184112	124.115	0.787591	0
13.9762	0.0180825	124.082	0.807655	0
13.9949	0.0186452	123.965	0.795753	0
13.952	0.0190517	124.531	0.802554	0
13.915	0.0184898	123.349	0.808335	0
13.9257	0.0184837	124.148	0.78351	0
13.9106	0.0186203	123.199	0.814116	0
13.9116	0.0186584	124.498	0.779089	0
13.9258	0.0186526	124.298	0.804934	0
13.8965	0.018263	124.282	0.807655	0
13.8888	0.0180225	124.498	0.804254	0
13.9007	0.018646	123.515	0.779429	0
13.8657	0.018602	123.715	0.776709	0
13.8458	0.0182901	123.332	0.791672	0
13.8479	0.0183396	123.399	0.78113	0
13.8095	0.0185371	122.266	0.796093	0
13.8098	0.0184069	123.149	0.788951	0
13.8401	0.0184802	122.882	0.801874	0
13.7944	0.0186334	123.049	0.784871	0
13.7664	0.0180378	123.282	0.804934	0
13.7626	0.0184055	122.149	0.777049	0
13.7555	0.0185101	123.599	0.790992	0
13.751	0.017869	122.832	0.775009	0
13.7213	0.0176647	122.549	0.796773	0
13.7235	0.0182754	123.065	0.797113	0
13.7578	0.0183104	122.366	0.799153	0
13.7187	0.018217	122.632	0.759026	0
13.6995	0.0182344	123.882	0.78351	0
13.7278	0.0183204	122.932	0.801874	0
13.7051	0.0178256	123.982	0.785551	0
13.6809	0.0179181	122.216	0.771948	0
13.6943	0.018573	123.115	0.807655	0
13.6858	0.0180382	121.549	0.779089	0
13.6807	0.0180586	123.015	0.796773	0
13.6933	0.0182264	124.198	0.78147	0
13.6643	0.0183576	124.165	0.812416	0
13.6422	0.0182882	123.149	0.790992	0
13.6855	0.0178858	122.266	0.777049	0
13.6575	0.0184343	122.466	0.776709	0
13.6263	0.0181822	121.083	0.77977	0
13.6434	0.0178422	123.815	0.787251	0
13.6358	0.018274	121.749	0.776369	0
13.6527	0.0182341	122.949	0.788611	0
13.6865	0.0181954	122.699	0.773308	0
13.6558	0.017842	123.532	0.785211	0
13.6308	0.0177317	124.048	0.806295	0
13.6373	0.0177487	122.099	0.787931	0
13.6174	0.0183395	122.332	0.788271	0
13.6109	0.017749	122.749	0.796433	0
13.6328	0.0179975	123.199	0.798473	0
13.6592	0.018021	123.032	0.78385	0
13.6315	0.0179937	120.783	0.776029	0
13.6019	0.0178986	122.232	0.772288	0
13.6303	0.0180184	122.849	0.798813	0
13.6138	0.0176453	122.649	0.800854	0
13.6106	0.0181869	122.549	0.792352	0
13.6361	0.0182354	121.333	0.770248	0
13.6087	0.0181532	121.699	0.789631	0
13.6064	0.0182161	122.066	0.801874	0
13.6043	0.0179263	123.515	0.78215	0
13.5883	0.0179361	122.949	0.787931	0
13.6083	0.0183037	123.499	0.785551	0
13.6156	0.0179027	122.849	0.789971	0
13.6056	0.0178081	122.499	0.784871	0
13.5981	0.0181131	121.15	0.802894	0
13.6053	0.0177479	122.432	0.802214	0
13.6051	0.0179983	121.966	0.793712	0
13.5851	0.0180352	120.8	0.78317	0
13.5953	0.0182674	121.899	0.78453	0
13.5765	0.0182663	123.549	0.774669	0
13.552	0.0177734	121.299	0.770248	0
13.5683	0.0176675	121.833	0.773988	0
13.5855	0.0181131	124.398	0.765147	0
13.5912	0.0180991	121.516	0.801874	0
13.5772	0.0181454	122.282	0.801874	0
13.5529	0.017959	121.649	0.791672	0
13.5351	0.0179332	122.082	0.776369	0
13.5653	0.0180629	123.282	0.785891	0
13.5834	0.0176815	121.166	0.775009	0
13.5582	0.0179093	122.882	0.78453	0
13.5775	0.0177972	122.566	0.773988	0
13.5982	0.0180516	121.549	0.776709	0
13.5806	0.017794	124.265	0.791332	0
13.5759	0.0179882	123.165	0.789291	0
13.5691	0.0175939	121.583	0.801874	0
13.5261	0.0178043	123.249	0.797453	0
13.5046	0.0175183	122.766	0.766847	0
13.5311	0.0179891	122.399	0.789291	0
13.5408	0.0180285	122.116	0.794392	0
13.5723	0.0181866	122.949	0.788951	0
13.5923	0.0180611	122.499	0.78249	0
13.5642	0.0182626	121.599	0.788611	0
13.5578	0.0177834	121.883	0.796093	0
13.553	0.0183868	122.482	0.800514	0
13.5348	0.018117	122.599	0.813096	0
13.5464	0.0177909	123.632	0.802894	0
13.5475	0.0178707	122.366	0.772628	0
13.5324	0.0178612	121.966	0.772968	0
13.5413	0.0178581	122.216	0.773648	0
13.5523	0.0180727	122.949	0.787931	0
13.5628	0.0182487	123.232	0.78317	0
13.5475	0.0180387	121.566	0.796433	0
13.5248	0.0181685	123.432	0.791672	0
13.5293	0.0177801	120.466	0.788951	0
13.5358	0.0175933	121.733	0.774669	0
13.544	0.0177202	122.982	0.805274	0
13.5556	0.0175589	124.232	0.77977	0
13.5381	0.0180409	122.732	0.797793	0
13.5223	0.0179204	122.815	0.776029	0
13.5309	0.0177086	120.583	0.793712	0
13.5467	0.0180898	123.882	0.789971	0
13.5339	0.0182061	122.899	0.795413	0
13.5123	0.0181393	122.666	0.797793	0
13.5316	0.017754	122.882	0.792012	0
13.5379	0.0178695	122.549	0.775009	0
13.509	0.0175682	122.049	0.794732	0
13.5035	0.0178948	122.632	0.796093	0
13.529	0.0180029	123.132	0.798813	0
13.5232	0.0181858	121.483	0.796433	0
13.5237	0.0178994	122.865	0.772288	0
13.5322	0.0180495	122.216	0.797793	0
13.5087	0.0184399	121.499	0.795072	0
13.4932	0.0178721	123.715	0.779089	0
13.5059	0.0173581	122.932	0.799833	0
13.5069	0.017745	120.45	0.794052	0
13.5004	0.0178391	122.032	0.790652	0
13.5047	0.0177902	121.116	0.788951	0
13.4907	0.0180207	122.016	0.795413	0
13.4892	0.0173155	123.365	0.799493	0
13.5182	0.0177561	121.516	0.794392	0
13.5358	0.0182029	121.983	0.798473	0
13.5179	0.0182517	122.649	0.775349	0
13.502	0.0182345	123.149	0.805955	0
13.5163	0.0181917	122.032	0.806295	0
13.5211	0.0177649	123.299	0.803574	0
13.5172	0.0177378	122.932	0.786571	0
13.5305	0.0179915	121.216	0.790992	0
13.5387	0.0178904	121.833	0.808335	0
13.5183	0.0182026	121.833	0.78249	0
13.4959	0.0181563	121.566	0.78147	0
13.5037	0.0177469	121.133	0.787931	0
13.5161	0.0175908	123.482	0.786231	0
13.5066	0.0178908	121.733	0.800514	0
13.4855	0.0180549	121.566	0.776029	0
13.4994	0.0182171	120.95	0.775009	0
13.5181	0.0182568	121.883	0.800514	0
13.5111	0.0184317	122.999	0.786231	0
13.4903	0.0181686	120.783	0.785211	0
13.4742	0.018072	122.182	0.797453	0
13.5063	0.0182095	121.699	0.796773	0
13.5172	0.0176215	121.299	0.790652	0
13.4821	0.0177284	121.616	0.789971	0
13.493	0.0181435	121.566	0.78011	0
13.5	0.0177827	121.633	0.778069	0
13.4816	0.0178858	122.666	0.789971	0
13.5021	0.0177237	122.116	0.765147	0
13.5343	0.0180265	122.166	0.785211	0
13.5145	0.0174907	121.05	0.78351	0
13.4944	0.0178869	122.232	0.78215	0
13.4895	0.0178906	120.516	0.798133	0
13.4838	0.0177561	123.532	0.796093	0
13.4942	0.0178439	122.682	0.764127	0
13.4918	0.0179802	121.449	0.785551	0
13.5	0.0183196	122.249	0.778409	0
13.4992	0.0181697	122.399	0.779089	0
13.4791	0.0181927	121.349	0.797793	0
13.477	0.0179813	121.2	0.765487	0
13.4818	0.0175306	121.366	0.789971	0
13.4939	0.0181546	122.482	0.778409	0
13.4825	0.0181175	121.966	0.772288	0
13.4712	0.0184551	123.182	0.797453	0
13.4848	0.0182073	122.599	0.78045	0
13.4753	0.017955	121.816	0.768207	0
13.4611	0.0182342	122.549	0.788951	0
13.4755	0.0183752	122.932	0.803914	0
13.4887	0.0177217	123.132	0.797453	0
13.4771	0.017603	121.433	0.794392	0
13.4671	0.0176887	121.766	0.774328	0
13.4651	0.0178762	120.6	0.764467	0
13.4471	0.0182538	122.399	0.798813	0
13.4447	0.0179853	121.066	0.811736	0
13.457	0.0178229	122.049	0.789631	0
13.4625	0.0179295	122.416	0.805274	0
13.4659	0.0181795	122.965	0.766847	0
13.481	0.0183291	123.049	0.78385	0
13.4652	0.0180639	121.2	0.784871	0
13.451	0.0178421	121.449	0.790652	0
13.4836	0.0180586	123.532	0.800854	0
13.5134	0.0177797	121.916	0.793032	0
13.5082	0.0180552	121.933	0.78385	0
13.5045	0.0181153	120.416	0.78317	0
13.4782	0.0181902	122.016	0.794732	0
13.4493	0.0177574	121.05	0.800173	0
13.4634	0.0181873	121.483	0.788611	0
13.4981	0.0179178	122.249	0.776369	0
13.5009	0.0176544	122.882	0.776369	0
13.4933	0.0177688	121.799	0.798133	0
13.4639	0.0180066	120.95	0.78385	0
13.4249	0.0179008	122.882	0.775689	0
13.4709	0.0180583	121.749	0.793372	0
13.5023	0.0179792	122.049	0.78215	0
13.4469	0.0175689	123.065	0.78181	0
13.4579	0.018074	120.8	0.78147	0
13.4841	0.0173926	120.783	0.751884	0
13.4561	0.0175954	121.533	0.787251	0
13.4623	0.0178125	121.933	0.763106	0
13.4775	0.0175742	123.832	0.78419	0
13.4734	0.017742	123.199	0.801534	0
13.4614	0.0173337	121.399	0.795413	0
13.4667	0.0178365	122.965	0.788271	0
13.4621	0.0179004	120.167	0.802554	0
13.4703	0.0183193	121.549	0.795753	0
13.5087	0.0179486	122.766	0.78453	0
13.4768	0.0181477	122.332	0.78283	0
13.4377	0.0181926	121.516	0.792352	0
13.4532	0.0175342	122.166	0.786911	0
13.4654	0.0180198	121.583	0.792692	0
13.4805	0.0177741	123.715	0.785551	0
13.5021	0.0179188	121.933	0.789971	0
13.5004	0.0181267	122.616	0.78453	0
13.4735	0.0182214	120.483	0.794732	0
13.4487	0.0181251	122.366	0.78453	0
13.4493	0.0178623	122.049	0.789971	0
13.4516	0.0180751	121.283	0.789291	0
13.4572	0.0180946	121.283	0.784871	0
13.4621	0.0185899	122.282	0.770248	0
13.4501	0.0179644	123.199	0.803914	0
13.4447	0.0180128	122.449	0.791672	0
13.443	0.0175191	121	0.763106	0
13.4531	0.0177339	122.532	0.795753	0
13.4648	0.0181475	121.616	0.800514	0
13.4675	0.0176414	122.449	0.77977	0
13.4689	0.0179912	121.933	0.777389	0
13.4537	0.0178285	122.965	0.796093	0
13.4494	0.017642	121.799	0.805614	0
13.4765	0.0180451	122.249	0.797113	0
13.4637	0.017993	121.316	0.795753	0
13.4371	0.0179669	123.282	0.796433	0
13.4486	0.0179074	120.483	0.771268	0
13.4511	0.0176817	120.983	0.810035	0
13.45	0.0177629	121.649	0.78147	0
13.4608	0.017862	122.399	0.789291	0
13.4463	0.0180698	121.533	0.777049	0
13.4325	0.0182485	120.8	0.78419	0
13.4609	0.0176619	122.249	0.78283	0
13.471	0.0174915	120.5	0.795072	0
13.442	0.0177763	122.399	0.808335	0
13.4559	0.0177599	121.933	0.78351	0
13.4765	0.017654	122.482	0.794052	0
13.4438	0.0177015	120.7	0.791672	0
13.4531	0.0177864	121.783	0.761406	0
13.466	0.0182801	122.549	0.766507	0
13.4367	0.0182604	121.383	0.78147	0
13.4435	0.0179286	122.216	0.78079	0
13.4616	0.0179489	122.582	0.773988	0
13.4472	0.0181317	121.783	0.806975	0
13.4474	0.0176435	121.483	0.803914	0
13.4521	0.0175539	121.366	0.800514	0
13.4364	0.0180675	122.216	0.779089	0
13.4253	0.0174252	122.299	0.797793	0
13.4198	0.0179416	120.9	0.779429	0
13.4417	0.0175097	121.383	0.796093	0
13.4615	0.0180214	123.132	0.789291	0
13.4492	0.0180902	122.382	0.796093	0
13.4361	0.0177311	122.282	0.78283	0
13.4475	0.0176669	122.549	0.804594	0
13.4624	0.0179382	121.966	0.785211	0
13.4717	0.0177389	121.116	0.770928	0
13.4705	0.0180647	121.116	0.78453	0
13.4388	0.017918	121.883	0.805274	0
13.44	0.0180104	122.532	0.769568	0
13.468	0.017497	122.516	0.796773	0
13.4619	0.0180242	121.366	0.773648	0
13.4666	0.0181573	122.666	0.793372	0
13.467	0.018066	121.816	0.788271	0
13.4438	0.0177722	122.282	0.78249	0
13.4362	0.0180124	121.966	0.787591	0
13.4417	0.0175021	123.432	0.801874	0
13.4516	0.0178752	121.083	0.801534	0
13.4445	0.0177151	121.616	0.77977	0
13.4661	0.0182635	122.582	0.798813	0
13.4628	0.0177913	122.299	0.770928	0
13.4304	0.0179205	120.716	0.766507	0
13.4467	0.0179444	121.849	0.77977	0
13.4494	0.017601	120.666	0.797453	0
13.4454	0.0182744	121.599	0.804934	0
13.469	0.0180133	123.682	0.799833	0
13.4656	0.017845	121.166	0.799493	0
13.4277	0.0179739	121	0.797113	0
13.4266	0.0180924	121.766	0.798473	0
13.4336	0.0181594	120.8	0.797113	0
13.4197	0.0182198	121.483	0.787591	0
13.4327	0.0180053	120.966	0.785211	0
13.4497	0.0175974	123.049	0.805274	0
13.4751	0.0176877	121.966	0.800514	0
13.4786	0.0175512	122.032	0.78215	0
13.4518	0.0176263	121.849	0.78045	0
13.4387	0.018121	122.082	0.796433	0
13.4459	0.0172893	120.966	0.790312	0
13.4525	0.017651	121.533	0.776369	0
13.4575	0.0181996	121.283	0.779089	0
13.4553	0.0177319	121.699	0.787591	0
13.452	0.0180218	121.816	0.788271	0
13.4439	0.0181223	121.05	0.792012	0
13.4428	0.0175371	121.649	0.78385	0
13.4768	0.0178698	122.366	0.790312	0
13.4864	0.0178191	122.282	0.807655	0
13.4637	0.017785	121.783	0.774328	0
13.4462	0.0178862	121.866	0.792692	0
13.4558	0.01794	122.082	0.772628	0
13.4614	0.0178521	121.749	0.802554	0
13.4405	0.0174976	123.049	0.784871	0
13.4465	0.0180432	120.916	0.786911	0
13.4613	0.0176272	123.132	0.799493	0
13.4475	0.0177184	121.849	0.78011	0
13.4396	0.0179423	120.616	0.78283	0
13.4473	0.0181432	122.199	0.790992	0
13.4708	0.0185845	120.866	0.774328	0
13.4649	0.0183774	121.649	0.788271	0
13.4252	0.0184391	120.933	0.794392	0
13.413	0.0177164	121.699	0.78079	0
13.4322	0.0177634	122.799	0.78181	0
13.4289	0.0180798	120.25	0.758005	0
13.4163	0.0175484	121.2	0.796093	0
13.4367	0.0179346	121.583	0.802214	0
13.4532	0.0181484	122.666	0.798813	0
13.434	0.0178277	120.766	0.787931	0
13.4429	0.0179456	121.716	0.809015	0
13.449	0.018133	121.566	0.791672	0
13.4353	0.0180236	122.716	0.778749	0
13.4519	0.0179285	121.949	0.779429	0
13.4634	0.0181154	120.9	0.795753	0
13.4504	0.0181094	124.115	0.808335	0
13.453	0.0176453	123.332	0.775009	0
13.4601	0.0172798	122.749	0.798133	0
13.4243	0.0179903	122.965	0.796773	0
13.4141	0.0180237	123.449	0.800854	0
13.4394	0.0179133	121.883	0.790652	0
13.441	0.0176058	121.116	0.784871	0
13.4463	0.018294	122.382	0.78181	0
13.4406	0.0180212	123.682	0.792352	0
13.4264	0.0177023	120.383	0.764127	0
13.446	0.017809	123.782	0.794392	0
13.4677	0.0180162	123.848	0.78351	0
13.4386	0.0179785	120.766	0.798133	0
13.4308	0.0175447	121.983	0.776369	0
13.4347	0.0174953	120.25	0.789631	0
13.4181	0.0177435	121.983	0.776709	0
13.4519	0.0182166	121.983	0.77977	0
13.4478	0.0176099	121.066	0.786571	0
13.3987	0.0179333	122.082	0.772968	0
13.417	0.0182061	121.916	0.779429	0
13.4352	0.0177387	121.733	0.791672	0
13.4347	0.0175218	121.783	0.799493	0
13.4429	0.0178125	121.266	0.785211	0
13.4433	0.0181347	122.316	0.797793	0
13.4569	0.0178871	122.082	0.779429	0
13.4202	0.0179706	123.165	0.772288	0
13.3843	0.0177855	120.483	0.78385	0
13.4381	0.017991	122.066	0.785211	0
13.4751	0.0180874	121.916	0.789631	0
13.4556	0.0181216	122.232	0.77977	0
13.4477	0.0178091	121.666	0.796773	0
13.4395	0.0172754	121.166	0.77977	0
13.4316	0.0176909	123.249	0.792012	0
13.4428	0.0180308	123.499	0.801874	0
13.4417	0.0173979	121.583	0.793712	0
13.4233	0.0176848	122.049	0.787931	0
13.4315	0.0181042	122.599	0.797793	0
13.4569	0.0178188	122.499	0.795413	0
13.4546	0.0177435	122.049	0.78113	0
13.418	0.0176485	121.799	0.774669	0
13.4193	0.0181656	123.432	0.759706	0
13.4653	0.0173844	121.816	0.778409	0
13.4437	0.0173878	120.65	0.777049	0
13.4107	0.0175225	122.249	0.793372	0
13.4403	0.0175224	122.982	0.794052	0
13.4559	0.0182557	122.616	0.798473	0
13.4431	0.0179106	121.2	0.773308	0
13.4371	0.0176195	122.599	0.78419	0
13.4401	0.0179141	122.332	0.787931	0
13.4531	0.0182611	121.583	0.796433	0
13.4736	0.0180737	122.432	0.795753	0
13.4483	0.0179976	122.149	0.778409	0
13.407	0.0178755	120.683	0.805614	0
13.4219	0.0177041	122.582	0.763786	0
13.45	0.017814	122.449	0.78249	0
13.4333	0.0182467	121.016	0.78453	0
13.4282	0.0177426	122.349	0.78453	0
13.4644	0.0179349	121.783	0.78283	0
13.4689	0.0181714	122.066	0.78453	0
13.4273	0.0176638	122.382	0.78147	0
13.4235	0.0178642	121.533	0.78385	0
13.458	0.0178973	123.065	0.789971	0
13.4696	0.0176507	121.616	0.773648	0
13.4592	0.0177677	121.799	0.793712	0
13.4391	0.017732	122.166	0.790992	0
13.4291	0.018167	121.133	0.775689	0
13.4397	0.0184213	121.749	0.78351	0
13.4296	0.0178172	122.815	0.788611	0
13.3996	0.0179622	122.349	0.790652	0
13.4007	0.0181225	121.866	0.799493	0
13.4298	0.0173627	122.449	0.77977	0
13.439	0.0177047	122.099	0.78419	0
13.4347	0.0180215	121.299	0.778069	0
13.4544	0.0181852	122.482	0.792012	0
13.4585	0.0180832	122.166	0.78453	0
13.4284	0.0177252	123.782	0.78079	0
13.4028	0.0177791	122.132	0.796773	0
13.4171	0.0178304	121.133	0.791332	0
13.4391	0.0181609	122.332	0.801874	0
13.4186	0.01799	122.482	0.785891	0
13.4031	0.0177082	121.033	0.798813	0
13.4261	0.0179494	121.733	0.788271	0
13.4489	0.0180756	119.883	0.793372	0
13.4295	0.0177414	122.466	0.786571	0
13.4391	0.0179597	121.716	0.801874	0
13.4705	0.0179754	122.099	0.801534	0
13.4353	0.0183	121.766	0.799493	0
13.4065	0.0177327	121	0.766167	0
13.4394	0.0176886	121.916	0.801534	0
13.4559	0.01867	123.449	0.787931	0
13.4371	0.0183947	121.649	0.78317	0
13.456	0.0181054	121.233	0.794052	0
13.4706	0.0179811	122.182	0.801194	0
13.4433	0.0174779	121	0.799153	0
13.4273	0.0181528	122.766	0.78011	0
13.4432	0.0177537	121.799	0.789291	0
13.4327	0.018284	119.85	0.774669	0
13.4267	0.0177222	121.449	0.799153	0
13.4486	0.0178598	121.933	0.790312	0
13.4376	0.0181096	122.249	0.78215	0
13.4135	0.0174426	121.083	0.776709	0
13.4471	0.017836	121.249	0.798133	0
13.4722	0.0182423	122.566	0.800854	0
13.4584	0.0180185	122.199	0.794392	0
13.4397	0.0177355	121.916	0.788951	0
13.429	0.0179751	121.799	0.78215	0
13.4472	0.0182219	123.099	0.756645	0
13.4473	0.0176218	122.566	0.775009	0
13.4405	0.0177878	122.549	0.807995	0
13.459	0.0179488	121.916	0.802554	0
13.4475	0.0179327	121.016	0.801874	0
13.434	0.0176202	122.316	0.78181	0
13.4407	0.0184127	120.383	0.797453	0
13.4047	0.017701	121.666	0.789971	0
13.3985	0.0178269	121.599	0.787931	0
13.4291	0.0179497	121.249	0.791332	0
13.4089	0.0177165	121.449	0.801534	0
13.4233	0.0179518	121.833	0.77977	0
13.4515	0.0178297	122.066	0.791332	0
13.4192	0.0179477	121.749	0.760046	0
13.4287	0.0176999	124.065	0.800514	0
13.4608	0.0179598	121.883	0.790312	0
13.4418	0.0175426	121.066	0.786911	0
13.4327	0.0177219	121.499	0.800514	0
13.4501	0.0173816	122.616	0.815476	0
13.4415	0.0178913	122.149	0.790652	0
13.4237	0.0180405	122.616	0.78385	0
13.4544	0.017965	120.8	0.801534	0
13.4576	0.0180501	122.949	0.776369	0
13.4166	0.0178159	122.532	0.807995	0
13.4211	0.0175856	121.483	0.78147	0
13.4401	0.0174913	121.499	0.785891	0
13.4294	0.0182209	122.449	0.787591	0
13.4182	0.01786	122.282	0.775689	0
13.4019	0.017835	121.566	0.774328	0
13.435	0.0176264	123.499	0.797453	0
13.4781	0.0176193	120.883	0.793712	0
13.4366	0.0179004	120.65	0.784871	0
13.3957	0.0179431	123.215	0.78249	0
13.4037	0.0184029	122.199	0.778409	0
13.4462	0.0178404	121.383	0.787591	0
13.4453	0.0173234	121.316	0.788611	0
13.4135	0.0177022	120.833	0.760046	0
13.4252	0.0175823	121.683	0.798473	0
13.4257	0.0178193	121.883	0.789291	0
13.4058	0.0178669	121.183	0.807995	0
13.4186	0.0182668	121.416	0.788611	0
13.454	0.0184651	122.182	0.795413	0
13.4688	0.0186337	122.666	0.791672	0
13.4401	0.0175819	121.349	0.78419	0
13.425	0.0178295	121.216	0.78249	0
13.4602	0.0174422	121.666	0.802894	0
13.4782	0.0171929	123.648	0.764807	0
13.4391	0.0174345	120.85	0.803574	0
13.4258	0.0177011	122.466	0.801534	0
13.4188	0.0182411	120.5	0.795753	0
13.3891	0.0177318	120.9	0.78045	0
13.4255	0.0175774	121.433	0.787251	0
13.4577	0.0177454	122.882	0.792012	0
13.4267	0.0175227	121.883	0.772968	0
13.4316	0.0179702	122.532	0.776029	0
13.4545	0.0182358	122.232	0.766507	0
13.4448	0.0183161	123.049	0.809695	0
13.4258	0.0180976	120.783	0.796433	0
13.4166	0.0177472	122.282	0.790312	0
13.4211	0.0174884	121.783	0.792012	0
13.4408	0.0177157	121.983	0.806975	0
13.4508	0.0175556	122.266	0.795072	0
13.455	0.0179737	122.049	0.792352	0
13.4574	0.0183508	121.583	0.792352	0
13.4378	0.0183465	122.182	0.800854	0
13.4149	0.0179277	120.416	0.805955	0
13.4131	0.0181076	122.682	0.78079	0
13.4402	0.0183595	121.549	0.770588	0
13.446	0.0179692	119.85	0.788611	0
13.4278	0.0180937	121.399	0.78419	0
13.4369	0.0180279	121.916	0.774328	0
13.4329	0.0185904	121.716	0.787591	0
13.4041	0.018336	121.233	0.78147	0
13.401	0.0180016	121.933	0.78385	0
13.4206	0.0184088	123.765	0.796093	0
13.4311	0.0178079	122.749	0.801874	0
13.4102	0.0177727	120.483	0.802894	0
13.4073	0.0180036	122.432	0.78385	0
13.4425	0.0180038	120.9	0.78045	0
13.4342	0.0176235	122.166	0.801194	0
13.4061	0.0185336	121.599	0.799833	0
13.4218	0.0179595	123.049	0.785551	0
13.4268	0.0180351	120.833	0.793372	0
13.4148	0.0177557	121	0.787931	0
13.4294	0.0183651	122.099	0.796433	0
13.4272	0.0176174	122.399	0.801874	0
13.4089	0.0174648	121.699	0.785211	0
13.4166	0.0177064	121.633	0.78113	0
13.4395	0.0175896	121.249	0.785551	0
13.434	0.0179698	122.599	0.777729	0
13.4333	0.0176473	122.049	0.800173	0
13.4395	0.0172409	122.266	0.807655	0
13.4361	0.0178026	122.649	0.790992	0
13.4182	0.0181452	121.883	0.811396	0
13.4253	0.0183397	122.949	0.801194	0
13.4361	0.0182062	120.516	0.754945	0
13.4362	0.0176688	122.732	0.778749	0
13.4551	0.0181601	122.432	0.77977	0
13.455	0.0178645	121.816	0.789971	0
13.4575	0.0178127	121.533	0.775689	0
13.4549	0.0176383	121.866	0.78419	0
13.4375	0.0179412	120.866	0.802894	0
13.4309	0.017339	121.216	0.797793	0
13.4318	0.0184359	121.649	0.798473	0
13.4368	0.0177844	121.566	0.785891	0
13.4328	0.0177535	121.15	0.802554	0
13.4323	0.0177972	122.216	0.795413	0
13.4362	0.0178015	120.75	0.769908	0
13.4015	0.0180931	121.583	0.787251	0
13.3883	0.0180527	121.916	0.803234	0
13.4272	0.0175825	122.416	0.784871	0
13.4368	0.0180935	121.433	0.778069	0
13.4012	0.0175538	120.083	0.784871	0
13.4016	0.0178935	121.666	0.785551	0
13.4311	0.0178122	121.683	0.78351	0
13.4119	0.0180519	122.915	0.787251	0
13.3896	0.0180499	123.132	0.772288	0
13.3855	0.0180743	122.116	0.806975	0
13.4078	0.0177859	120.083	0.796093	0
13.4563	0.0175724	122.149	0.797453	0
13.4518	0.0179429	121.883	0.765487	0
13.4137	0.0178784	121.416	0.78419	0
13.4274	0.0177243	120.8	0.802894	0
13.4443	0.0177204	122.282	0.792352	0
13.4454	0.0177571	121.183	0.78079	0
13.4311	0.0175423	122.049	0.788271	0
13.4425	0.0179609	121.499	0.78113	0
13.4632	0.0181102	120.616	0.777389	0
13.4347	0.0180778	121.499	0.771608	0
13.4114	0.0175238	121.766	0.77977	0
13.4143	0.0179709	122.332	0.78147	0
13.4381	0.0182869	122.666	0.785551	0
13.4341	0.0179071	123.015	0.787931	0
13.4191	0.0178886	121.516	0.78351	0
13.4515	0.0183329	122.232	0.802894	0
13.4491	0.0177389	121.516	0.798473	0
13.4189	0.0183826	121.083	0.801534	0
13.4507	0.0177457	123.032	0.811056	0
13.4653	0.0181467	121.983	0.791332	0
13.4148	0.0176615	122.182	0.795413	0
13.4019	0.0178781	120.5	0.772628	0
13.439	0.01781	122.482	0.78215	0
13.4515	0.0178209	122.666	0.776709	0
13.4372	0.0180609	121.333	0.78249	0
13.4185	0.0181323	121.249	0.796093	0
13.4298	0.0177653	121.449	0.78317	0
13.4478	0.0177707	122.016	0.790652	0
13.4358	0.0176257	122.682	0.808675	0
13.4065	0.017501	121.166	0.786231	0
13.4131	0.0180857	121.516	0.78045	0
13.432	0.0183516	120.9	0.806635	0
13.4281	0.0180071	121.399	0.796093	0
13.4376	0.017364	121.899	0.802214	0
13.4355	0.017955	120.566	0.805274	0
13.4206	0.0178417	121.699	0.802894	0
13.4122	0.0176253	121.2	0.771268	0
13.4025	0.0173064	122.299	0.786571	0
13.4063	0.0178843	123.049	0.789291	0
13.4291	0.0178222	121.466	0.787931	0
13.428	0.0182197	122.049	0.769228	0
13.4119	0.0173503	121.783	0.78419	0
13.4107	0.0174774	120.733	0.802894	0
13.4321	0.0181301	123.449	0.802894	0
13.4424	0.0172562	121.083	0.791332	0
13.4095	0.0178832	121.016	0.78113	0
13.4151	0.0174003	122.799	0.765827	0
13.4294	0.0181129	121.316	0.776369	0
13.3988	0.0177707	122.766	0.787931	0
13.4247	0.0179287	121.699	0.78079	0
13.4499	0.0177838	121.749	0.802894	0
13.4257	0.0179964	122.432	0.788611	0
13.4371	0.0183694	120.666	0.799833	0
13.435	0.01825	121	0.785551	0
13.4094	0.0180793	122.666	0.787591	0
13.4115	0.0179678	121.15	0.777729	0
13.415	0.0178166	122.132	0.801194	0
13.426	0.0177724	119.967	0.796773	0
13.4375	0.018108	122.532	0.793032	0
13.4248	0.0178418	121.816	0.773308	0
13.4069	0.0182866	123.049	0.769908	0
13.4159	0.017567	121.15	0.78147	0
13.4333	0.0178709	121.383	0.770588	0
13.4098	0.017781	121.933	0.78249	0
13.412	0.0176726	121.799	0.790652	0
13.4284	0.0174695	122.865	0.786911	0
13.4149	0.0182393	122.799	0.78079	0
13.4385	0.0175674	120.883	0.764807	0
13.4549	0.0177326	120.367	0.777729	0
13.4145	0.0176099	122.599	0.773308	0
13.4169	0.01784	122.516	0.801874	0
13.4291	0.0175627	121.799	0.786571	0
13.4416	0.0177998	122.066	0.78113	0
13.4415	0.0178965	121.849	0.771268	0
13.4027	0.0180839	121.166	0.796433	0
13.4154	0.0178706	121.899	0.774669	0
13.444	0.0177415	121.683	0.787251	0
13.4303	0.0175864	122.349	0.78113	0
13.4279	0.0173151	123.032	0.778409	0
13.4568	0.0177689	122.149	0.796773	0
13.4524	0.0177269	121.966	0.78079	0
13.4294	0.0179948	122.232	0.786911	0
13.4449	0.017881	122.049	0.793372	0
13.4634	0.0171879	121.1	0.777049	0
13.4381	0.0178307	120.95	0.801534	0
13.4296	0.0176693	121.666	0.800173	0
13.4421	0.0175921	121.966	0.789291	0
13.4296	0.01815	122.116	0.778749	0
13.4439	0.0180095	122.499	0.786911	0
13.4503	0.0177074	121.649	0.777389	0
13.4244	0.0177557	122.682	0.798473	0
13.4355	0.0176126	122.166	0.78147	0
13.4434	0.0176634	121.916	0.775349	0
13.4492	0.0179506	122.232	0.77977	0
13.4524	0.017081	122.399	0.769568	0
13.4263	0.0174621	120.883	0.802214	0
13.4053	0.0178217	120.916	0.787931	0
13.3917	0.0176929	122.016	0.802214	0
13.4011	0.0183621	122.149	0.778069	0
13.4148	0.0177402	121.399	0.775689	0
13.4284	0.0181536	123.532	0.791332	0
13.4466	0.0182689	121.766	0.779089	0
13.4149	0.0179506	122.516	0.78147	0
13.39	0.0176416	121.333	0.78011	0
13.4233	0.0181847	121.899	0.773308	0
13.4381	0.0177003	121.699	0.798133	0
13.4304	0.0176582	121.533	0.78317	0
13.438	0.0179522	120.3	0.794732	0
13.4332	0.018385	121.533	0.78181	0
13.4179	0.0178615	120.45	0.793032	0
13.4318	0.0180512	121.349	0.78283	0
13.4387	0.0176708	121.2	0.802894	0
13.4261	0.0180435	120.466	0.777729	0
13.4133	0.0177519	120.383	0.794392	0
13.3909	0.0182498	122.149	0.764467	0
13.3996	0.0176362	121.1	0.767187	0
13.4312	0.018014	122.716	0.785211	0
13.4055	0.0178911	121.716	0.788271	0
13.4006	0.018169	121.133	0.790992	0
13.4266	0.0178161	122.882	0.792692	0
13.4454	0.0181372	121.366	0.78011	0
13.4639	0.0181123	123.149	0.815476	0
13.4391	0.0177042	121.583	0.773308	0
13.3835	0.0174784	121.649	0.777389	0
13.3893	0.0179005	122.499	0.78283	0
13.4094	0.0171548	122.016	0.792012	0
13.4144	0.0179431	120.766	0.804934	0
13.4353	0.017434	122.882	0.78317	0
13.4476	0.0180857	123.499	0.770928	0
13.457	0.017793	122.516	0.801534	0
13.4289	0.01787	121.549	0.806975	0
13.3835	0.0176739	122.482	0.785551	0
13.4171	0.0178787	120.733	0.785211	0
13.4634	0.017793	121.383	0.786911	0
13.4655	0.0180669	120.017	0.776369	0
13.4512	0.0182843	121.349	0.793712	0
13.4461	0.0181013	123.515	0.778749	0
13.4551	0.0181643	122.749	0.798813	0
13.4375	0.0179949	121.849	0.78249	0
13.4323	0.0177216	121.983	0.78419	0
13.4286	0.0177091	121.349	0.798473	0
13.4216	0.0181611	121.716	0.78453	0
13.4355	0.0182531	121.916	0.78453	0
13.4397	0.0178034	121.116	0.794732	0
13.4293	0.017656	121.349	0.786571	0
13.4092	0.0179886	121.749	0.785891	0
13.3902	0.0178969	123.165	0.776709	0
13.4034	0.017647	120.267	0.771268	0
13.4317	0.0182346	122.782	0.805614	0
13.423	0.0183493	121.433	0.791672	0
13.3993	0.0174993	122.549	0.803234	0
13.4161	0.0179418	122.332	0.803574	0
13.4363	0.0175648	120.633	0.790312	0
13.4152	0.0180022	121.583	0.773648	0
13.4244	0.0172458	121.216	0.794392	0
13.4648	0.0183414	121.933	0.78045	0
13.4475	0.0183435	122.832	0.789971	0
13.389	0.0179613	121.2	0.78419	0
13.387	0.0176141	121.849	0.804934	0
13.4157	0.0176642	120.4	0.773648	0
13.4143	0.0177763	121.866	0.771268	0
13.4363	0.017186	121.416	0.793372	0
13.4393	0.0180686	121.766	0.799833	0
13.4242	0.0182289	121.366	0.78283	0
13.4311	0.0177104	122.399	0.794052	0
13.4508	0.0174925	122.799	0.800514	0
13.4432	0.0180518	122.032	0.789631	0
13.4258	0.0181225	121.466	0.788271	0
13.4298	0.0180008	122.766	0.799153	0
13.4164	0.0179854	123.115	0.805274	0
13.3968	0.0181631	121.449	0.794052	0
13.3988	0.0174096	123.299	0.794052	0
13.4218	0.0177314	122.832	0.777729	0
13.4455	0.0179202	121.966	0.792012	0
13.4581	0.0176879	122.666	0.793032	0
13.444	0.0182345	120.55	0.773308	0
13.416	0.017923	122.482	0.808335	0
13.4128	0.0179002	120.866	0.787931	0
13.4055	0.0181109	120.716	0.791332	0
13.4232	0.0175953	122.349	0.78011	0
13.4365	0.0182796	122.132	0.797113	0
13.418	0.0178266	121.616	0.819557	0
13.399	0.0174318	120.966	0.78147	0
13.3897	0.017873	121.649	0.793372	0
13.4039	0.0180426	121.549	0.776029	0
13.4288	0.0178966	121.449	0.786571	0
13.4208	0.0173679	120.616	0.766847	0
13.4363	0.0177142	121.566	0.78215	0
13.4592	0.0180173	122.899	0.788611	0
13.4271	0.017901	120.733	0.793372	0
13.4236	0.0177305	121.383	0.78385	0
13.4426	0.0179784	121.916	0.793032	0
13.4524	0.0176704	122.282	0.794732	0
13.454	0.017788	122.282	0.793712	0
13.4413	0.018041	121.566	0.764467	0
13.4134	0.0182921	120.35	0.795413	0
13.3748	0.018322	122.849	0.78453	0
13.3822	0.0177881	121.516	0.794732	0
13.4134	0.0178762	121.633	0.771948	0
13.4368	0.0180551	122.482	0.785551	0
13.4357	0.0177063	121.583	0.795072	0
13.3987	0.0178313	122.499	0.78283	0
13.3979	0.0177664	119.45	0.784871	0
13.418	0.0179103	122.982	0.771608	0
13.4286	0.0176135	122.166	0.78385	0
13.4488	0.0176106	121.566	0.811736	0
13.4215	0.0178725	122.332	0.786571	0
13.3951	0.0178448	121.883	0.799493	0
13.4129	0.0175903	121.799	0.789971	0
13.435	0.017635	122.282	0.796433	0
13.4352	0.017864	120.05	0.773648	0
13.4254	0.0178978	122.882	0.790992	0
13.4369	0.0179129	122.082	0.800173	0
13.4343	0.0179183	122.116	0.809015	0
13.4296	0.0175425	121.649	0.773988	0
13.448	0.0179247	121.766	0.771948	0
13.4503	0.0179138	120.716	0.779089	0
13.4304	0.0181217	121.666	0.788271	0
13.4127	0.0177952	120.95	0.797793	0
13.4179	0.0180915	122.449	0.799833	0
13.4112	0.0180889	122.366	0.790312	0
13.4191	0.0177532	121.116	0.78045	0
13.4394	0.0179786	122.116	0.789971	0
13.4174	0.0178936	120.75	0.768207	0
13.4202	0.0181206	122.049	0.78453	0
13.4387	0.017927	122.566	0.785891	0
13.4165	0.0178244	119.917	0.788951	0
13.3986	0.0180829	121.599	0.797793	0
13.4102	0.0179436	122.066	0.821938	0
13.4196	0.0174559	120.683	0.78317	0
13.4136	0.0177856	121.533	0.765487	0
13.4099	0.0178633	122.316	0.768887	0
13.4232	0.0178875	121.866	0.790652	0
13.4167	0.0176001	121.616	0.790992	0
13.4277	0.017464	122.316	0.796433	0
13.4503	0.0179476	122.432	0.78283	0
13.4364	0.0178809	120.883	0.814796	0
13.4042	0.0177581	123.232	0.789631	0
13.4141	0.0181277	120.95	0.792692	0
13.401	0.0180539	120.866	0.789291	0
13.3995	0.0179697	122.299	0.78113	0
13.4301	0.0178499	121.016	0.777049	0
13.4125	0.0175172	122.582	0.78351	0
13.4194	0.0179641	120.916	0.792352	0
13.4494	0.0179072	121.983	0.778069	0
13.4355	0.0179574	121.649	0.786571	0
13.4279	0.0179683	121.983	0.788611	0
13.4332	0.0177775	121.666	0.801534	0
13.4041	0.0177277	121.416	0.777729	0
13.4127	0.0182542	121.716	0.801194	0
13.4152	0.0175672	119.484	0.770928	0
13.4072	0.0178033	122.482	0.804934	0
13.4219	0.0179026	121.749	0.78113	0
13.4133	0.017809	120.983	0.811396	0
13.3977	0.0173365	122.266	0.796773	0
13.4219	0.0177568	121.883	0.798133	0
13.4252	0.0180757	121.916	0.801874	0
13.4008	0.0179776	122.482	0.795413	0
13.4179	0.0182482	121.533	0.786911	0
13.4217	0.0178314	121.916	0.78419	0
13.4112	0.01817	122.099	0.785211	0
13.4216	0.0181886	123.515	0.796773	0
13.4324	0.0173847	121.016	0.803574	0
13.4515	0.0183152	120.783	0.78147	0
13.4376	0.018105	121.716	0.775009	0
13.4167	0.018051	120.883	0.774328	0
13.4384	0.0179816	120.916	0.796773	0
13.4412	0.0179072	123.065	0.78147	0
13.4148	0.0176935	122.266	0.775689	0
13.4223	0.0180193	121.816	0.785211	0
13.4438	0.0172318	119.783	0.800173	0
13.4191	0.0176944	121.699	0.794732	0
13.385	0.0183927	120.7	0.784871	0
13.3939	0.0175572	122.732	0.805274	0
13.4061	0.0182006	122.082	0.78351	0
13.4025	0.018081	123.399	0.809015	0
13.4138	0.0181482	119.967	0.789631	0
13.4142	0.0181814	123.232	0.792692	0
13.4073	0.0180507	121.949	0.797113	0
13.4212	0.017804	122.882	0.788611	0
13.4345	0.0181992	121.183	0.777049	0
13.424	0.0178173	122.799	0.799493	0
13.4369	0.0177699	120.85	0.78011	0
13.4507	0.0178711	122.066	0.790992	0
13.4278	0.0179718	121.416	0.801194	0
13.4201	0.0177575	123.765	0.792352	0
13.4406	0.0178921	121.466	0.78317	0
13.443	0.0185144	121.649	0.78317	0
13.4476	0.0180771	121.816	0.799153	0
13.4178	0.0177967	122.482	0.812756	0
13.3883	0.0177182	121.983	0.78283	0
13.4001	0.0176542	123.465	0.776029	0
13.4341	0.0180343	121.033	0.798133	0
13.4488	0.0180475	121.633	0.775009	0
13.4319	0.0178961	120.566	0.758345	0
13.4391	0.0179596	123.099	0.810375	0
13.4538	0.0179834	122.049	0.791332	0
13.4347	0.0179881	123.465	0.785551	0
13.4296	0.018226	123.265	0.78453	0
13.4289	0.017872	121.916	0.786571	0
13.4192	0.0175689	122.332	0.789291	0
13.4452	0.0177627	120.033	0.789291	0
13.4588	0.0178716	122.716	0.812076	0
13.4433	0.0178194	121.749	0.802894	0
13.4139	0.0182242	121.116	0.790992	0
13.4306	0.0183375	122.915	0.805274	0
13.4285	0.0180866	121.2	0.78215	0
13.4147	0.0178189	122.749	0.804934	0
13.4392	0.0178871	121.499	0.774328	0
13.4177	0.0178781	122.716	0.795753	0
13.4005	0.0183916	123.049	0.778749	0
13.4204	0.0178934	121.316	0.768547	0
13.4137	0.017699	123.032	0.785891	0
13.4151	0.0179029	121.599	0.797453	0
13.4381	0.0178944	121.299	0.78283	0
13.4581	0.0179859	121.983	0.792692	0
13.4538	0.0180862	121.316	0.788271	0
13.4177	0.0177535	121.599	0.763106	0
13.4043	0.0178593	121.849	0.778409	0
13.4389	0.0180699	121.899	0.787251	0
13.4357	0.018052	121.116	0.767867	0
13.4333	0.0178786	123.032	0.795072	0
13.4464	0.0176458	121.2	0.778409	0
13.404	0.0178689	121.616	0.792012	0
13.4009	0.0182627	123.015	0.791332	0
13.4367	0.0176754	121.866	0.798473	0
13.4373	0.0181251	121.583	0.776029	0
13.4174	0.0174179	121.666	0.796093	0
13.4228	0.0182284	121.733	0.78453	0
13.4413	0.0181018	122.749	0.804254	0
13.4413	0.0178795	121.866	0.787251	0
13.4217	0.018033	123.165	0.78385	0
13.4294	0.01796	121.233	0.775689	0
13.442	0.0180119	121.399	0.83452	0
13.4225	0.018106	121.566	0.796093	0
13.402	0.0177765	120.483	0.790992	0
13.4177	0.0180124	122.382	0.768547	0
13.4301	0.0176913	122.499	0.799153	0
13.3981	0.0175417	120.883	0.785551	0
13.3803	0.0176252	122.549	0.791672	0
13.4136	0.0176092	121.666	0.770248	0
13.4448	0.0175801	121.933	0.778069	0
13.4398	0.0175757	122.716	0.792012	0
13.4219	0.0179746	122.449	0.777389	0
13.4012	0.0174924	123.882	0.800854	0
13.4065	0.0177459	121.933	0.786911	0
13.4242	0.0173446	121.699	0.788611	0
13.4088	0.0175563	121.383	0.800514	0
13.4081	0.0179613	121.316	0.784871	0
13.4115	0.0178172	122.282	0.78453	0
13.4137	0.0176265	121.883	0.773648	0
13.4312	0.0183013	120.733	0.785551	0
13.4241	0.0175668	122.282	0.778069	0
13.405	0.0175466	121.299	0.777729	0
13.4172	0.0178075	121.616	0.78181	0
13.4241	0.0181823	123.132	0.789291	0
13.4141	0.0177921	121.816	0.760046	0
13.4177	0.0179877	122.049	0.798813	0
13.3964	0.0178145	121.083	0.78215	0
13.3951	0.0178061	121.433	0.799493	0
13.4081	0.017735	122.632	0.763106	0
13.4002	0.0177307	121.499	0.779089	0
13.4173	0.017713	121.616	0.817177	0
13.4239	0.0177815	123.332	0.770248	0
13.4327	0.0181221	123.115	0.778749	0
13.4442	0.0177051	122.699	0.803574	0
13.4165	0.0177629	119.883	0.785211	0
13.3922	0.0185172	122.316	0.791332	0
13.4167	0.0178995	121.783	0.802894	0
13.4457	0.0180833	123.149	0.790992	0
13.4407	0.0180644	121.466	0.78419	0
13.4036	0.0175672	121.433	0.792352	0
13.4189	0.0169988	122.116	0.77977	0
13.4577	0.0178161	122.882	0.795072	0
13.429	0.0179811	120.666	0.806635	0
13.4192	0.0177943	122.182	0.789971	0
13.4664	0.017785	121.516	0.786231	0
13.4615	0.0176933	122.082	0.776029	0
13.4227	0.0180173	122.349	0.779429	0
13.4153	0.0182014	121.349	0.788271	0
13.4319	0.017553	121.733	0.767867	0
13.4412	0.0179254	121.333	0.808675	0
13.4139	0.0178524	120.083	0.78385	0
13.404	0.017543	121.649	0.78079	0
13.4235	0.0172448	123.665	0.78113	0
13.4406	0.0180319	121.1	0.778749	0
13.4317	0.0182095	122.032	0.793032	0
13.4249	0.0180171	121.116	0.778409	0
13.437	0.0177044	122.399	0.794732	0
13.4372	0.0176874	121.016	0.813436	0
13.4142	0.0176023	122.849	0.803574	0
13.3833	0.0178531	121.733	0.794732	0
13.4036	0.017749	121.616	0.797793	0
13.4116	0.0175726	121.866	0.776369	0
13.3999	0.0174254	121.733	0.794732	0
13.4131	0.0177952	120.416	0.792692	0
13.4113	0.0184001	122.466	0.778749	0
13.4436	0.0178509	121.933	0.78045	0
13.4644	0.0179643	121.166	0.785551	0
13.4466	0.0174347	122.399	0.791672	0
13.4365	0.0177131	120.7	0.804594	0
13.4156	0.0180236	121.833	0.797453	0
13.3943	0.0179581	122.349	0.773648	0
13.4108	0.018153	121.966	0.787591	0
13.432	0.0179789	120.7	0.772628	0
13.4188	0.0178759	121.433	0.804934	0
13.4275	0.0179428	123.648	0.811056	0
13.4184	0.0182843	121.666	0.775689	0
13.4058	0.0178904	121.233	0.796093	0
13.4447	0.0178549	121.666	0.789631	0
13.448	0.0177846	121.466	0.789971	0
13.4244	0.0179427	121.266	0.801194	0
13.4207	0.018106	122.532	0.78079	0
13.419	0.0178202	120.85	0.787591	0
13.4126	0.0179056	121.666	0.793372	0
13.4221	0.0180306	122.432	0.78351	0
13.4309	0.0179665	120.533	0.758685	0
13.4279	0.0180485	122.249	0.78351	0
13.4204	0.018279	122.099	0.789291	0
13.3866	0.0175827	120.167	0.778749	0
13.3808	0.0180517	122.616	0.790992	0
13.4197	0.0177651	121.916	0.78419	0
13.4317	0.0179096	122.516	0.78079	0
13.4364	0.0172553	121.433	0.796093	0
13.4346	0.0180519	121.583	0.803574	0
13.4221	0.0173782	122.449	0.777729	0
13.4263	0.0176237	122.182	0.78181	0
13.4077	0.0179656	119.95	0.789291	0
13.3791	0.0177598	121.916	0.793712	0
13.4259	0.0176815	121.883	0.770928	0
13.4643	0.0176124	121.599	0.786571	0
13.4321	0.0176793	120.85	0.799833	0
13.4281	0.0183343	122.199	0.78181	0
13.4334	0.0184188	120.816	0.78011	0
13.4246	0.0184612	121.15	0.798133	0
13.4519	0.0185147	122.366	0.799153	0
13.4296	0.0180167	121.966	0.801534	0
13.3697	0.0183805	120.783	0.800173	0
13.3856	0.0180787	121.349	0.778069	0
13.4088	0.0174114	121.116	0.792352	0
13.4188	0.0178155	120.966	0.799833	0
13.4249	0.0174019	123.099	0.786571	0
13.3995	0.0177318	122.532	0.779089	0
13.4206	0.0177221	121	0.795413	0
13.4453	0.017357	122.716	0.809355	0
13.406	0.017586	121.583	0.804594	0
13.3953	0.0173626	120.25	0.790652	0
13.4098	0.0178063	122.299	0.797453	0
13.4171	0.0178624	121.066	0.78385	0
13.4207	0.017673	121.849	0.806295	0
13.4115	0.0178308	121.133	0.797113	0
13.4211	0.0179358	121.483	0.78215	0
13.4227	0.0180451	121.399	0.793032	0
13.3854	0.0177356	122.649	0.78181	0
13.4075	0.0177384	121.533	0.777729	0
13.4374	0.0175799	121.633	0.787251	0
13.4102	0.0181241	121.849	0.775009	0
13.4127	0.0177949	120.816	0.779429	0
13.4154	0.0180264	121.133	0.789291	0
13.4098	0.0177714	122.149	0.789971	0
13.4063	0.0181791	121.133	0.769908	0
13.4117	0.0175834	120.85	0.78385	0
13.429	0.0172775	121.333	0.792692	0
13.4047	0.0174608	121.783	0.794732	0
13.4098	0.017909	121.716	0.785551	0
13.427	0.0175674	122.249	0.789971	0
13.432	0.0177019	121.866	0.789631	0
13.4516	0.0178274	122.149	0.815136	0
13.4392	0.017898	122.116	0.788271	0
13.4205	0.0180808	122.399	0.801874	0
13.4474	0.0179045	121.533	0.799833	0
13.4481	0.0180338	121.499	0.773308	0
13.4291	0.0179436	122.832	0.788611	0
13.4284	0.0177791	120.85	0.78215	0
13.4209	0.0183623	121.833	0.790312	0
13.4191	0.0176841	121.966	0.77977	0
13.4132	0.0177925	123.049	0.777049	0
13.4111	0.0182074	120.333	0.792692	0
13.4271	0.0180186	122.649	0.810035	0
13.4222	0.0175079	121.933	0.806975	0
13.4375	0.018303	120.466	0.776369	0
13.4395	0.0177337	121.866	0.771268	0
13.4079	0.0174131	121.583	0.790652	0
13.4144	0.0181756	121.066	0.78453	0
13.4257	0.0176055	120.816	0.801194	0
13.4243	0.0180688	122.915	0.804934	0
13.4205	0.0181811	121.633	0.797453	0
13.4058	0.0181008	122.282	0.776029	0
13.4125	0.0180267	121.349	0.794052	0
13.4258	0.01808	122.266	0.793712	0
13.4288	0.0180943	121.166	0.776709	0
13.4214	0.0177978	122.266	0.786571	0
13.4154	0.0179126	122.332	0.785211	0
13.4128	0.0182313	120.8	0.788951	0
13.4183	0.0178999	122.132	0.799153	0
13.4106	0.0175365	122.999	0.766847	0
13.4177	0.0178288	121.716	0.797453	0
13.4448	0.017496	121.166	0.78419	0
13.4114	0.0178921	121.699	0.789631	0
13.375	0.0178314	121.549	0.779089	0
13.397	0.0174389	121.883	0.788271	0
13.4307	0.0179728	121.783	0.802894	0
13.4377	0.0181554	120.65	0.793372	0
13.4105	0.0179617	121	0.78351	0
13.407	0.0178691	120.75	0.786571	0
13.4092	0.0179475	121.833	0.794052	0
13.3852	0.0180004	120.75	0.777049	0
13.4261	0.0181817	122.815	0.78011	0
13.4552	0.0179907	121.599	0.777049	0
13.415	0.0178716	121.983	0.800173	0
13.4154	0.0180693	121.883	0.78283	0
13.4504	0.0180896	122.549	0.803234	0
13.4554	0.017709	121.066	0.805274	0
13.4302	0.0173518	120.533	0.785211	0
13.3859	0.0177324	121.633	0.774669	0
13.3841	0.017728	120.916	0.78181	0
13.4108	0.0176587	121.999	0.774669	0
13.423	0.0176866	121.783	0.78045	0
13.4283	0.0181463	121.799	0.78045	0
13.4327	0.0182601	121.333	0.784871	0
13.4111	0.0176247	122.549	0.777389	0
13.389	0.0174235	121.383	0.78011	0
13.4058	0.0176832	122.865	0.792012	0
13.4437	0.0178324	122.432	0.806295	0
13.4296	0.0180609	121.449	0.770248	0
13.4085	0.0179364	121.2	0.788271	0
13.4433	0.017953	121.816	0.795413	0
13.438	0.0181686	122.915	0.78453	0
13.4209	0.0178651	121.449	0.776709	0
13.4194	0.0178688	121.333	0.790652	0
13.3887	0.0177989	123.265	0.794392	0
13.3742	0.017607	121.133	0.769908	0
13.3935	0.0175364	121.916	0.785891	0
13.4099	0.0175649	121.016	0.796773	0
13.4218	0.0177441	122.932	0.796093	0
13.4443	0.0174232	120.183	0.797793	0
13.448	0.0176316	120.783	0.793032	0
13.4506	0.0179877	122.366	0.791672	0
13.4276	0.0177337	121.416	0.78011	0
13.3993	0.0178473	122.166	0.776369	0
13.4108	0.0177154	120.466	0.793372	0
13.4204	0.0179214	121.816	0.778749	0
13.4229	0.0182938	121.466	0.78079	0
13.4256	0.0179493	122.749	0.794392	0
13.413	0.0174282	120.466	0.789971	0
13.4114	0.0178464	123.032	0.78045	0
13.4271	0.0175283	121.016	0.772288	0
13.434	0.0178655	122.716	0.78181	0
13.408	0.0178066	121.766	0.774669	0
13.3809	0.0179441	121.633	0.798813	0
13.4009	0.0178363	121.433	0.796093	0
13.436	0.0182289	122.199	0.773988	0
13.4375	0.0181549	121.899	0.770248	0
13.4345	0.0181793	121.449	0.78419	0
13.418	0.017913	122.716	0.768547	0
13.4007	0.017797	122.149	0.803574	0
13.4089	0.017994	121.749	0.78351	0
13.4081	0.0176444	120.433	0.775349	0
13.4142	0.0176789	122.299	0.786571	0
13.4124	0.017671	121.949	0.774328	0
13.4179	0.0181088	122.266	0.801194	0
13.4263	0.0177823	121.583	0.771948	0
13.4351	0.0182166	122.166	0.798473	0
13.4297	0.0179243	121.599	0.787931	0
13.4228	0.0180581	121.416	0.796093	0
13.4212	0.0176845	121.183	0.790312	0
13.4024	0.017807	122.666	0.784871	0
13.4017	0.0177188	122.716	0.786571	0
13.4277	0.0178984	120.533	0.765147	0
13.4329	0.0179838	121.616	0.797453	0
13.4155	0.0177802	120.55	0.775009	0
13.4265	0.0174374	120.616	0.78385	0
13.4242	0.0178099	121.966	0.786231	0
13.402	0.0176288	122.366	0.78419	0
13.4079	0.0181006	121.349	0.803234	0
13.4347	0.0175801	121.916	0.78011	0
13.4671	0.0175668	121.549	0.787591	0
13.4647	0.0181607	121.716	0.792012	0
13.4256	0.017983	122.332	0.800173	0
13.4124	0.0182319	120.966	0.793032	0
13.4206	0.018092	121.066	0.78385	0
13.4488	0.0178139	121.933	0.779089	0
13.4423	0.0170799	122.682	0.78453	0
13.4003	0.0175678	121.633	0.778409	0
13.4144	0.0177535	121.833	0.78181	0
13.4156	0.017737	122.316	0.78079	0
13.4078	0.0182934	122.532	0.792012	0
13.4359	0.0173204	121.983	0.771268	0
13.4102	0.0179208	120.85	0.791672	0
13.3815	0.017875	122.732	0.802894	0
13.4104	0.0180305	121.05	0.792352	0
13.4257	0.0181358	122.282	0.791332	0
13.4032	0.0179806	121.516	0.785891	0
13.3895	0.0180204	122.349	0.778409	0
13.4176	0.0179658	122.732	0.778749	0
13.4233	0.0178039	121.799	0.790992	0
13.4035	0.0177747	122.316	0.795753	0
13.3841	0.0177187	121.249	0.777729	0
13.3726	0.0178748	121.249	0.78317	0
13.418	0.0175629	122.749	0.792012	0
13.4482	0.0176993	122.832	0.785891	0
13.4388	0.0178424	121.849	0.793372	0
13.415	0.0177987	120.816	0.803914	0
13.4041	0.0175379	121.349	0.795413	0
13.4439	0.0182558	122.532	0.801194	0
13.4455	0.0180889	123.582	0.797793	0
13.3995	0.0178504	121.599	0.790312	0
13.4291	0.0177253	122.649	0.786571	0
13.4635	0.0179383	122.815	0.790312	0
13.4406	0.0178607	121.416	0.785551	0
13.4217	0.0180077	122.132	0.788271	0
13.4085	0.01811	121.916	0.78317	0
13.402	0.0179	120.983	0.788271	0
13.3949	0.0179729	121.2	0.784871	0
13.411	0.0178932	121.266	0.775349	0
13.4259	0.0179823	122.532	0.796433	0
13.3919	0.0177994	120.75	0.800514	0
13.3944	0.0181746	122.782	0.775009	0
13.448	0.0178862	122.932	0.786911	0
13.4395	0.0178135	122.332	0.755965	0
13.4104	0.0172358	122.449	0.794732	0
13.425	0.0180434	122.982	0.802894	0
13.4093	0.0174183	122.049	0.78011	0
13.3995	0.0180534	121.433	0.78249	0
13.4215	0.0176274	122.649	0.774669	0
13.4418	0.0175756	121.066	0.769908	0
13.4241	0.0176208	121.433	0.78215	0
13.3828	0.0180145	121.849	0.78215	0
13.3859	0.0176455	120.566	0.777729	0
13.4007	0.0179437	120.716	0.797453	0
13.4249	0.0182249	122.482	0.788951	0
13.4412	0.0175118	121.216	0.78419	0
13.4234	0.0177934	123.082	0.785551	0
13.4259	0.0179016	121.2	0.793372	0
13.4387	0.0183223	121.866	0.805274	0
13.4334	0.0182869	122.732	0.78181	0
13.4249	0.0178492	121.616	0.814456	0
13.4062	0.0179334	121.416	0.796433	0
13.3974	0.0177941	122.666	0.799493	0
13.4223	0.0180134	120.75	0.777729	0
13.4399	0.0179306	122.482	0.800854	0
13.4264	0.0176748	121.599	0.799493	0
13.4169	0.0174954	122.216	0.776709	0
13.406	0.0175707	122.749	0.797453	0
13.4146	0.0180174	121.083	0.789971	0
13.4336	0.0176653	123.065	0.788611	0
13.4445	0.0181987	122.582	0.771268	0
13.44	0.018404	121.699	0.801194	0
13.4283	0.018278	122.266	0.773308	0
13.4284	0.0178955	121.816	0.78317	0
13.42	0.0179866	122.982	0.77977	0
13.4222	0.0180975	122.982	0.806975	0
13.4244	0.0180213	122.232	0.804934	0
13.413	0.0182439	121.749	0.787591	0
13.4176	0.0178729	122.232	0.803914	0
13.4365	0.0178598	121.1	0.794732	0
13.4346	0.0181803	122.849	0.796773	0
13.4354	0.0175363	121.15	0.771608	0
13.4486	0.0179108	122.782	0.804254	0
13.4349	0.0181033	122.682	0.777049	0
13.4316	0.0180213	122.166	0.789971	0
13.4575	0.01804	120.983	0.795413	0
13.4431	0.018233	122.549	0.78045	0
13.4142	0.0177633	122.116	0.78147	0
13.4291	0.0179705	122.032	0.78453	0
13.4273	0.0180025	122.766	0.779089	0
13.4082	0.0182971	121.383	0.797793	0
13.4034	0.0176884	121.933	0.789631	0
13.4205	0.017779	122.099	0.786231	0
13.4233	0.0173376	121.899	0.786911	0
13.4133	0.0176974	121.766	0.787931	0
13.4193	0.0174326	121.849	0.792692	0
13.4016	0.0177494	120.333	0.796093	0
13.3982	0.0181241	121.783	0.800854	0
13.4364	0.0177404	120.8	0.791672	0
13.4362	0.0178507	122.316	0.795072	0
13.3987	0.018055	122.082	0.794052	0
13.3972	0.0173874	121.999	0.805614	0
13.414	0.0174302	121.416	0.786571	0
13.4341	0.0174271	120.15	0.793372	0
13.4387	0.0175687	122.316	0.798813	0
13.4294	0.0178655	120.583	0.787591	0
13.4274	0.0183181	120.916	0.78113	0
13.4066	0.01777	122.266	0.803574	0
13.4106	0.0176494	121.966	0.811396	0
13.4496	0.017734	121.216	0.797113	0
13.447	0.0177773	122.216	0.788951	0
13.4394	0.0177407	122.316	0.806975	0
13.4195	0.0179955	121.916	0.77977	0
13.4057	0.0178044	122.549	0.793372	0
13.4216	0.017786	122.016	0.772968	0
13.4363	0.0174497	121.749	0.776029	0
13.4361	0.0178112	122.582	0.773648	0
13.4151	0.0177974	122.549	0.807995	0
13.4083	0.017528	123.182	0.78215	0
13.4187	0.0184268	121.933	0.793712	0
13.4233	0.0178197	121.016	0.800514	0
13.4221	0.0174369	122.482	0.792352	0
13.4109	0.0175195	123.199	0.794392	0
13.4329	0.0174861	120.85	0.777049	0
13.4535	0.0178194	121.299	0.787251	0
13.423	0.0182702	122.716	0.775689	0
13.411	0.0179477	122.182	0.779429	0
13.3964	0.0179192	122.182	0.786231	0
13.4023	0.0178081	121.749	0.801534	0
13.4185	0.017769	122.882	0.802554	0
13.4101	0.0177496	121.849	0.811396	0
13.4135	0.0175912	121.649	0.788271	0
13.4247	0.0175101	122.782	0.787591	0
13.4145	0.0180333	122.815	0.770248	0
13.4251	0.0178907	122.032	0.790652	0
13.4275	0.018023	121.516	0.794732	0
13.3918	0.0177818	121.699	0.766507	0
13.4084	0.0176171	121.449	0.795753	0
13.4414	0.0178634	120.85	0.798473	0
13.4307	0.0177156	120.65	0.78385	0
13.4147	0.0181028	122.066	0.78351	0
13.4254	0.0181879	122.732	0.792012	0
13.4375	0.017712	122.299	0.798133	0
13.436	0.0181027	121.866	0.798133	0
13.42	0.0182694	123.349	0.786231	0
13.4129	0.0180201	121.033	0.794392	0
13.4228	0.0179265	121.416	0.777049	0
13.4259	0.0174755	124.065	0.778749	0
13.4316	0.0176811	121.249	0.785211	0
13.4078	0.0177886	122.932	0.777389	0
13.3903	0.0178031	121.416	0.794392	0
13.4194	0.0169995	122.549	0.789631	0
13.4087	0.0174302	122.249	0.78249	0
13.3859	0.0175888	121.316	0.801534	0
13.4199	0.0179577	120.516	0.790312	0
13.4325	0.0178459	122.982	0.801194	0
13.4239	0.0179142	121.316	0.771608	0
13.4505	0.018183	121.249	0.806975	0
13.4399	0.017924	121.733	0.763106	0
13.4182	0.0175175	121.083	0.784871	0
13.417	0.017754	121.516	0.78317	0
13.4075	0.0179944	121.599	0.793372	0
13.4066	0.0183613	120.9	0.78419	0
13.4253	0.0178775	122.965	0.778749	0
13.4306	0.0175668	121.966	0.800514	0
13.4293	0.0178101	122.732	0.822278	0
13.4394	0.0179406	120.333	0.786911	0
13.4425	0.0179083	123.015	0.765827	0
13.4543	0.0179164	120.716	0.790992	0
13.4169	0.017704	122.116	0.802894	0
13.4042	0.0178554	120.267	0.810715	0
13.4252	0.0177383	122.232	0.78147	0
13.4	0.0177446	121.549	0.786571	0
13.4015	0.0172412	122.382	0.798473	0
13.4387	0.0174063	121.899	0.796433	0
13.4086	0.0178832	120.616	0.785551	0
13.3925	0.0181795	122.516	0.794392	0
13.4368	0.0177071	122.282	0.776029	0
13.4335	0.0180766	121.999	0.78079	0
13.3866	0.0176986	119.8	0.784871	0
13.3918	0.0177775	121.966	0.790992	0
13.4237	0.0180987	122.066	0.796433	0
13.4151	0.0177493	121.083	0.766507	0
13.4172	0.018011	122.666	0.776369	0
13.4312	0.0176637	121.949	0.806295	0
13.4381	0.0178065	120.85	0.797453	0
13.4198	0.0170831	120.716	0.767527	0
13.4086	0.0173535	121.699	0.803574	0
13.4143	0.0179228	122.149	0.786571	0
13.4181	0.0180767	121.249	0.78011	0
13.4499	0.0176844	120.9	0.796773	0
13.4464	0.0176228	121.849	0.761746	0
13.3989	0.0175194	121.533	0.772968	0
13.3859	0.0177361	119.967	0.779429	0
13.3934	0.0180272	122.266	0.798813	0
13.4068	0.0173383	122.799	0.78317	0
13.4291	0.0176518	123.015	0.770928	0
13.4289	0.0178316	121.316	0.799153	0
13.4219	0.0178335	121.666	0.779089	0
13.4166	0.0175864	122.116	0.802894	0
13.3907	0.0180994	121.566	0.786571	0
13.3759	0.0181226	122.266	0.784871	0
13.4064	0.0178737	123.449	0.794392	0
13.4287	0.0175634	122.032	0.790992	0
13.429	0.0176935	120.516	0.78453	0
13.4315	0.0177529	121.883	0.789971	0
13.4329	0.018173	122.199	0.794052	0
13.4309	0.0180208	121.333	0.792692	0
13.4151	0.0182226	122.716	0.812416	0
13.4195	0.0181502	121.183	0.78011	0
13.4186	0.0174805	121.416	0.803574	0
13.3988	0.0174379	122.266	0.78113	0
13.4096	0.0181286	121.349	0.78419	0
13.4032	0.0183575	122.066	0.797453	0
13.4036	0.0178651	122.332	0.790992	0
13.4287	0.0179044	120.683	0.78249	0
13.42	0.0176582	120.95	0.796093	0
13.4045	0.0177052	121.749	0.800173	0
13.4208	0.0178551	121.333	0.790652	0
13.4201	0.0179613	121.1	0.806975	0
13.4062	0.0175078	122.516	0.778069	0
13.417	0.0178651	122.149	0.78317	0
13.4117	0.0175367	121.849	0.769228	0
13.3968	0.0181365	121.949	0.777049	0
13.3712	0.0182995	121.416	0.785891	0
13.3662	0.0179411	120.833	0.767187	0
13.4142	0.0177497	123.748	0.774328	0
13.4517	0.0174659	121.499	0.801874	0
13.4129	0.0177377	121.183	0.771268	0
13.3875	0.0181952	121.316	0.791332	0
13.397	0.0177642	121.649	0.792692	0
13.403	0.0174668	122.082	0.791332	0
13.4121	0.0173679	121.083	0.773308	0
13.4267	0.0178173	121.633	0.778749	0
13.42	0.0181783	121.783	0.805274	0
13.4358	0.0175681	120.283	0.789971	0
13.4547	0.0175682	121.816	0.800514	0
13.4321	0.0180562	122.299	0.790652	0
13.4121	0.0175062	122.299	0.789971	0
13.4245	0.0174696	122.232	0.774669	0
13.421	0.0175643	122.616	0.819217	0
13.3927	0.0172916	121.983	0.790992	0
13.3882	0.0178207	122.766	0.803234	0
13.4092	0.0179134	121.933	0.78283	0
13.4013	0.0177159	122.049	0.788611	0
13.3873	0.0179846	121.333	0.801194	0
13.421	0.0179427	123.115	0.775689	0
13.4341	0.0178487	121.816	0.78147	0
13.4048	0.0178971	120.733	0.78215	0
13.408	0.0175325	121.05	0.807995	0
13.4242	0.0183981	121.983	0.790652	0
13.4155	0.0180509	121.966	0.78079	0
13.4123	0.0178768	121.533	0.777729	0
13.4108	0.0180754	122.832	0.797453	0
13.3994	0.0176645	121.416	0.792012	0
0	0	0	0	0
0	0	0	0	0
0	0	0	0	0
0	0	0	0	0
0	0	0	0	0
0	0	0	0	0
0	0	0	0	0
0	0	0	0	0
0	0	0	0	0
0	0	0	0	0
0	0	0	0	0
0	0	0	0	0
0	0	0	0	0
0	0	0	0	0
0	0	0	0	0
0	0	0	0	0
0	0	0	0	0
0	0	0	0	0
0	0	0	0	0
0	0	0	0	0
0	0	0	0	0
0	0	0	0	0
0	0	0	0	0
0	0	0	0	0
0	0	0	0	0
0	0	0	0	0
0	0	0	0	0
0	0	0	0	0
0	0	0	0	0
0	0	0	0	0
0	0	0	0	0
0	0	0	0	0
0	0	0	0	0
0	0	0	0	0
0	0	0	0	0
0	0	0	0	0
0	0	0	0	0
0	0	0	0	0
0	0	0	0	0
0	0	0	0	0
0	0	0	0	0
0	0	0	0	0
0	0	0	0	0
0	0	0	0	0
0	0	0	0	0
0	0	0	0	0
0	0	0	0	0
0	0	0	0	0
0	0	0	0	0
0	0	0	0	0
0	0	0	0	0
0	0	0	0	0
0	0	0	0	0
0	0	0	0	0
0	0	0	0	0
0	0	0	0	0
0	0	0	0	0
0	0	0	0	0
0	0	0	0	0
0	0	0	0	0
0	0	0	0	0
0	0	0	0	0
0	0	0	0	0
0	0	0	0	0
0	0	0	0	0
0	0	0	0	0
0	0	0	0	0
0	0	0	0	0
0	0	0	0	0
0	0	0	0	0
0	0	0	0	0
0	0	0	0	0
0	0	0	0	0
0	0	0	0	0
0	0	0	0	0
0	0	0	0	0
0	0	0	0	0
0	0	0	0	0
0	0	0	0	0
0	0	0	0	0
0	0	0	0	0
0	0	0	0	0
0	0	0	0	0
0	0	0	0	0
0	0	0	0	0
0	0	0	0	0
0	0	0	0	0
0	0	0	0	0
0	0	0	0	0
0	0	0	0	0
0	0	0	0	0
0	0	0	0	0
0	0	0	0	0
0	0	0	0	0
0	0	0	0	0
0	0	0	0	0
0	0	0	0	0
0	0	0	0	0
0	0	0	0	0
0	0	0	0	0
0	0	0	0	0
0	0	0	0	0
0	0	0	0	0
0	0	0	0	0
0	0	0	0	0
0	0	0	0	0
0	0	0	0	0
0	0	0	0	0
0	0	0	0	0
0	0	0	0	0
0	0	0	0	0
0	0	0	0	0
0	0	0	0	0
0	0	0	0	0
0	0	0	0	0
0	0	0	0	0
0	0	0	0	0
0	0	0	0	0
0	0	0	0	0
0	0	0	0	0
0	0	0	0	0
0	0	0	0	0
0	0	0	0	0
0	0	0	0	0
0	0	0	0	0
0	0	0	0	0
0	0	0	0	0
0	0	0	0	0
0	0	0	0	0
0	0	0	0	0
0	0	0	0	0
0	0	0	0	0
0	0	0	0	0
0	0	0	0	0
0	0	0	0	0
0	0	0	0	0
0	0	0	0	0
0	0	0	0	0
0	0	0	0	0
0	0	0	0	0
0	0	0	0	0
0	0	0	0	0
0	0	0	0	0
0	0	0	0	0
0	0	0	0	0
0	0	0	0	0
0	0	0	0	0
0	0	0	0	0
0	0	0	0	0
0	0	0	0	0
0	0	0	0	0
0	0	0	0	0
0	0	0	0	0
0	0	0	0	0
0	0	0	0	0
0	0	0	0	0
0	0	0	0	0
0	0	0	0	0
0	0	0	0	0
0	0	0	0	0
0	0	0	0	0
0	0	0	0	0
0	0	0	0	0
0	0	0	0	0
0	0	0	0	0
0	0	0	0	0
0	0	0	0	0
0	0	0	0	0
0	0	0	0	0
0	0	0	0	0
0	0	0	0	0
0	0	0	0	0
0	0	0	0	0
0	0	0	0	0
0	0	0	0	0
0	0	0	0	0
0	0	0	0	0
0	0	0	0	0
0	0	0	0	0
0	0	0	0	0
0	0	0	0	0
0	0	0	0	0
0	0	0	0	0
0	0	0	0	0
0	0	0	0	0
0	0	0	0	0
0	0	0	0	0
0	0	0	0	0
0	0	0	0	0
0	0	0	0	0
0	0	0	0	0
0	0	0	0	0
0	0	0	0	0
0	0	0	0	0
0	0	0	0	0
0	0	0	0	0
0	0	0	0	0
0	0	0	0	0
0	0	0	0	0
0	0	0	0	0
0	0	0	0	0
0	0	0	0	0
0	0	0	0	0
0	0	0	0	0
0	0	0	0	0
0	0	0	0	0
0	0	0	0	0
0	0	0	0	0
0	0	0	0	0
0	0	0	0	0
0	0	0	0	0
0	0	0	0	0
0	0	0	0	0
0	0	0	0	0
0	0	0	0	0
0	0	0	0	0
0	0	0	0	0
0	0	0	0	0
0	0	0	0	0
0	0	0	0	0
0	0	0	0	0
0	0	0	0	0
0	0	0	0	0
0	0	0	0	0
0	0	0	0	0
0	0	0	0	0
0	0	0	0	0
0	0	0	0	0
0	0	0	0	0
0	0	0	0	0
0	0	0	0	0
0	0	0	0	0
0	0	0	0	0
0	0	0	0	0
0	0	0	0	0
0	0	0	0	0
0	0	0	0	0
0	0	0	0	0
0	0	0	0	0
0	0	0	0	0
0	0	0	0	0
0	0	0	0	0
0	0	0	0	0
0	0	0	0	0
0	0	0	0	0
0	0	0	0	0
0	0	0	0	0
0	0	0	0	0
0	0	0	0	0
0	0	0	0	0
0	0	0	0	0
0	0	0	0	0
0	0	0	0	0
0	0	0	0	0
0	0	0	0	0
0	0	0	0	0
0	0	0	0	0
0	0	0	0	0
0	0	0	0	0
0	0	0	0	0
0	0	0	0	0
0	0	0	0	0
0	0	0	0	0
0	0	0	0	0
0	0	0	0	0
0	0	0	0	0
0	0	0	0	0
0	0	0	0	0
0	0	0	0	0
0	0	0	0	0
0	0	0	0	0
0	0	0	0	0
0	0	0	0	0
0	0	0	0	0
0	0	0	0	0
0	0	0	0	0
0	0	0	0	0
0	0	0	0	0
0	0	0	0	0
0	0	0	0	0
0	0	0	0	0
0	0	0	0	0
0	0	0	0	0
0	0	0	0	0
0	0	0	0	0
0	0	0	0	0
0	0	0	0	0
0	0	0	0	0
0	0	0	0	0
0	0	0	0	0
0	0	0	0	0
0	0	0	0	0
0	0	0	0	0
0	0	0	0	0
0	0	0	0	0
0	0	0	0	0
0	0	0	0	0
0	0	0	0	0
0	0	0	0	0
0	0	0	0	0
0	0	0	0	0
0	0	0	0	0
0	0	0	0	0
0	0	0	0	0
0	0	0	0	0
0	0	0	0	0
0	0	0	0	0
0	0	0	0	0
0	0	0	0	0
0	0	0	0	0
0	0	0	0	0
0	0	0	0	0
0	0	0	0	0
0	0	0	0	0
0	0	0	0	0
0	0	0	0	0
0	0	0	0	0
0	0	0	0	0
0	0	0	0	0
0	0	0	0	0
0	0	0	0	0
0	0	0	0	0
0	0	0	0	0
0	0	0	0	0
0	0	0	0	0
0	0	0	0	0
0	0	0	0	0
0	0	0	0	0
0	0	0	0	0
0	0	0	0	0
0	0	0	0	0
0	0	0	0	0
0	0	0	0	0
0	0	0	0	0
0	0	0	0	0
0	0	0	0	0
0	0	0	0	0
0	0	0	0	0
0	0	0	0	0
0	0	0	0	0
0	0	0	0	0
0	0	0	0	0
0	0	0	0	0
0	0	0	0	0
0	0	0	0	0
0	0	0	0	0
0	0	0	0	0
0	0	0	0	0
0	0	0	0	0
0	0	0	0	0
0	0	0	0	0
0	0	0	0	0
0	0	0	0	0
0	0	0	0	0
0	0	0	0	0
0	0	0	0	0
0	0	0	0	0
0	0	0	0	0
0	0	0	0	0
0	0	0	0	0
0	0	0	0	0
0	0	0	0	0
0	0	0	0	0
0	0	0	0	0
0	0	0	0	0
0	0	0	0	0
0	0	0	0	0
0	0	0	0	0
0	0	0	0	0
0	0	0	0	0
0	0	0	0	0
0	0	0	0	0
0	0	0	0	0
0	0	0	0	0
0	0	0	0	0
0	0	0	0	0
0	0	0	0	0
0	0	0	0	0
0	0	0	0	0
0	0	0	0	0
0	0	0	0	0
0	0	0	0	0
0	0	0	0	0
0	0	0	0	0
0	0	0	0	0
0	0	0	0	0
0	0	0	0	0
0	0	0	0	0
0	0	0	0	0
0	0	0	0	0
0	0	0	0	0
0	0	0	0	0
0	0	0	0	0
0	0	0	0	0
0	0	0	0	0
0	0	0	0	0
0	0	0	0	0
0	0	0	0	0
0	0	0	0	0
0	0	0	0	0
