a2610601.050061
Narit-cm 06/01/2026 00:35:01 06/01/2026 01:05:00 0045 0013.384714 0052.542598 00.0 00.0
0002401 0010 0000000 0010 05 0000000 0010 0000000 0010
1 0 1 01600 1 0000 3.75 00000.o 0 0 01 000 16 002401 0.500 BT0
1 2 1 02000 1 0000 3.75 00000.o 0 0 01 000 16 002401 0.500 S2A0
1 1 1 01600 1 0000 3.75 00000.o 0 0 00 000 00 002401 3.1746 BC0
1 3 1 02000 1 0000 3.75 00000.o 0 0 00 000 00 002401 3.1746 S2P0
1 5 0 01600 0 0000 1.00 00000.o 0 0 00 000 00 000000 0.000 OF0
0.000 .o Analog 0 	0.000 .o Analog StErr 0 	0.000 .o Photon Counting 0 	0.000 .o PC StErr 0 	0.000 .o Overflow Info 0 
26.5315	0.142692	178.442	0.871247	0
61.1656	0.383217	194.636	0.881109	0
270.97	2.38415	109.021	1.3691	0
473.328	0.055132	0.716368	0.108141	0
473.457	0	0	0	0
473.457	0	0.0333195	0.0234645	0
473.457	0	18.309	0.548185	0
473.457	9.01586E-6	11.7784	0.475751	0
473.457	0	5.11454	0.31422	0
473.457	0	17.3594	0.549545	0
473.457	6.3565E-6	55.0271	0.864786	0
473.457	6.3565E-6	118.85	1.01543	0
473.457	0	158.884	1.00081	0
473.457	0	124.398	1.04298	0
473.457	6.3565E-6	92.5281	0.945721	0
473.457	0	97.1262	0.915456	0
473.457	0	109.854	0.9396	0
473.457	0	124.148	0.930078	0
473.457	6.3565E-6	134.211	0.912055	0
473.457	6.3565E-6	128.896	0.930078	0
473.457	0	137.876	0.926338	0
473.457	0	156.352	0.909334	0
473.457	6.3565E-6	171.912	0.904914	0
473.457	0	183.69	0.88689	0
473.457	0	194.802	0.896412	0
473.457	0	199.65	0.896072	0
473.457	0	200.75	0.882809	0
473.457	0	205.598	0.915115	0
473.457	0	205.631	0.898792	0
473.457	0	204.615	0.88791	0
473.457	0	203.399	0.873628	0
473.566	0.0318737	204.182	0.88723	1
477.57	0.188	204.465	0.88485	1
489.839	0.245577	202.266	0.899472	1
499.704	0.0470508	202.049	0.891651	1
499.99	0.0104765	202.416	0.88689	1
500	0	202.516	0.874308	1
499.821	0.0357088	201.916	0.88621	1
495.539	0.236835	202.482	0.870227	1
477.675	0.532226	203.515	0.889271	1
438.772	0.66937	202.166	0.878048	1
393.44	0.669246	202.432	0.846762	0
350.255	0.630942	203.499	0.874648	0
309.569	0.625267	203.782	0.882469	0
269.423	0.603398	201.466	0.899132	0
231.264	0.560519	202.166	0.874308	0
195.755	0.522922	203.782	0.88519	0
162.836	0.485541	202.066	0.896072	0
133.3	0.438412	201.566	0.890631	0
107.374	0.385565	202.199	0.876348	0
84.922	0.332952	200.8	0.88451	0
66.1539	0.280753	200.45	0.860025	0
51.0222	0.232743	197.534	0.883489	0
39.1938	0.192758	196.668	0.88519	0
30.1257	0.155515	195.685	0.865126	0
23.2017	0.122153	193.269	0.863426	0
18.1147	0.0977003	192.37	0.854584	0
14.4004	0.0784799	191.337	0.877368	0
11.6112	0.0631933	188.671	0.850163	0
9.67157	0.0524063	187.455	0.848463	0
8.29278	0.0437429	185.339	0.874988	0
7.25214	0.036264	184.823	0.862405	0
6.55585	0.0314823	181.924	0.851523	0
6.03534	0.0285991	181.658	0.83588	0
5.6543	0.0264098	177.226	0.844042	0
5.40565	0.0250084	177.093	0.860705	0
5.20569	0.0231839	172.595	0.851523	0
5.07003	0.0223302	171.812	0.840981	0
4.97021	0.0218637	168.546	0.83656	0
4.90773	0.0214209	166.564	0.842001	0
4.90857	0.0207285	165.198	0.841661	0
4.90748	0.020181	163.582	0.847783	0
4.90881	0.0202394	163.065	0.83248	0
4.92945	0.0198754	161.749	0.848803	0
4.92083	0.0192195	158.834	0.844382	0
4.92233	0.0189759	158.434	0.849143	0
4.94312	0.0186501	156.801	0.8318	0
4.92177	0.0185063	155.718	0.829759	0
4.92487	0.018653	153.819	0.852884	0
4.973	0.0179167	154.019	0.813776	0
4.99063	0.0182427	153.319	0.838601	0
5.03044	0.018107	151.037	0.83486	0
5.09184	0.017418	150.421	0.824998	0
5.12974	0.0175128	149.954	0.8335	0
5.16676	0.0170577	148.188	0.823638	0
5.21358	0.0169595	149.071	0.837241	0
5.27088	0.0168429	147.755	0.840981	0
5.31657	0.016725	147.339	0.840981	0
5.35245	0.0165232	147.622	0.842001	0
5.40311	0.0165064	145.223	0.828059	0
5.43585	0.0162104	144.073	0.841321	0
5.45169	0.0162649	144.09	0.83452	0
5.50638	0.0158061	142.957	0.83486	0
5.57529	0.0159953	143.99	0.829079	0
5.61134	0.0160901	142.807	0.828399	0
5.61557	0.0152913	141.175	0.850503	0
5.64687	0.0154058	141.691	0.822958	0
5.70933	0.0150868	141.374	0.843362	0
5.74691	0.0148079	140.425	0.83316	0
5.77694	0.0152169	139.725	0.838941	0
5.79707	0.0150607	138.309	0.837581	0
5.78443	0.0150215	138.776	0.837581	0
5.80792	0.0147733	137.793	0.845402	0
5.86261	0.0146063	137.359	0.843702	0
5.86213	0.014775	136.576	0.83656	0
5.85705	0.0144974	134.011	0.837581	0
5.90189	0.0140793	135.41	0.819557	0
5.95745	0.0143518	132.811	0.807315	0
5.99474	0.0143507	134.744	0.852884	0
6.05077	0.0142962	133.711	0.824658	0
6.09962	0.0144651	134.994	0.846762	0
6.12511	0.0144895	134.761	0.853564	0
6.1274	0.0143902	131.445	0.844382	0
6.0902	0.0137811	133.061	0.841661	0
6.06708	0.013645	131.479	0.840641	0
6.08827	0.0137175	129.163	0.8352	0
6.11841	0.0136497	131.412	0.824998	0
6.1353	0.0128848	129.496	0.846762	0
6.14485	0.0133466	129.813	0.851863	0
6.16774	0.0135604	127.73	0.854924	0
6.20006	0.0135771	129.629	0.849483	0
6.20455	0.0130349	127.613	0.849143	0
6.19939	0.0131999	128.347	0.851523	0
6.23042	0.0134221	127.697	0.828739	0
6.25885	0.0131181	128.013	0.837241	0
6.26668	0.0130919	126.914	0.846762	0
6.26871	0.0126963	126.197	0.823638	0
6.27283	0.0129123	125.548	0.821598	0
6.28932	0.0130156	124.965	0.844722	0
6.3128	0.0130388	124.981	0.840981	0
6.31594	0.0128514	123.582	0.823978	0
6.3007	0.012654	123.382	0.846082	0
6.29665	0.012901	124.315	0.847443	0
6.31885	0.0127532	122.332	0.83622	0
6.31771	0.0126684	123.798	0.848463	0
6.29883	0.0123291	122.732	0.853224	0
6.29432	0.0123198	121.183	0.830099	0
6.29127	0.0126747	122.449	0.83316	0
6.29057	0.0121324	119.75	0.838261	0
6.28812	0.0122474	118.351	0.821598	0
6.29575	0.0120624	119.584	0.862745	0
6.28118	0.012172	118.584	0.846082	0
6.24961	0.0122106	118.684	0.856284	0
6.2574	0.0119896	117.234	0.838601	0
6.25874	0.0116843	117.434	0.854244	0
6.22522	0.0118329	117.001	0.845742	0
6.22009	0.011797	117.434	0.829079	0
6.22707	0.0116355	115.752	0.83486	0
6.21111	0.0113481	114.502	0.8369	0
6.19622	0.0114794	115.435	0.847783	0
6.18794	0.0116127	115.135	0.837241	0
6.18189	0.0114271	113.086	0.843362	0
6.19065	0.011612	113.736	0.840301	0
6.16706	0.0116575	112.77	0.849823	0
6.12651	0.0112489	112.07	0.844722	0
6.09899	0.0112274	111.537	0.843362	0
6.08136	0.0112103	110.121	0.83588	0
6.07007	0.0111677	109.304	0.840641	0
6.05332	0.0111758	108.488	0.837581	0
6.04449	0.0106689	109.621	0.824318	0
6.02625	0.0108106	108.805	0.846422	0
5.99792	0.0105779	107.489	0.859685	0
5.98011	0.0108173	105.839	0.848803	0
5.96841	0.0109176	105.889	0.828739	0
5.93796	0.0107317	103.374	0.844042	0
5.91498	0.0105904	104.207	0.818877	0
5.90599	0.0104264	104.706	0.858665	0
5.87516	0.0104069	101.841	0.817517	0
5.8489	0.0101401	100.525	0.839281	0
5.83787	0.0102842	100.441	0.859685	0
5.81632	0.0100551	101.874	0.83316	0
5.80237	0.0102724	100.192	0.83282	0
5.79291	0.00984499	98.7922	0.829079	0
5.76134	0.00977754	98.3923	0.826699	0
5.74606	0.00977021	97.4427	0.843362	0
5.73609	0.00958957	96.3765	0.852203	0
5.70803	0.00974699	96.7763	0.845402	0
5.69727	0.00972526	96.1266	0.846082	0
5.67818	0.00974861	94.7772	0.857644	0
5.63844	0.00969581	92.4115	0.83316	0
5.61523	0.00944596	91.9117	0.83486	0
5.59255	0.00924489	92.1116	0.83282	0
5.57752	0.00967045	91.8617	0.862405	0
5.57879	0.00935905	90.9621	0.847783	0
5.55085	0.00928147	89.6127	0.820237	0
5.51524	0.00899582	88.6964	0.830439	0
5.50263	0.00914137	87.247	0.830779	0
5.49693	0.008982	88.5131	0.852884	0
5.47933	0.00908299	87.197	0.83214	0
5.4554	0.00888763	84.8313	0.839961	0
5.44888	0.00906827	85.5643	0.838941	0
5.43081	0.00905302	85.2312	0.841321	0
5.38462	0.00886752	82.8155	0.83622	0
5.35769	0.00879889	83.0654	0.851523	0
5.35849	0.00877159	82.5323	0.829759	0
5.34521	0.00862623	81.8659	0.828739	0
5.3101	0.00851577	78.9504	0.823978	0
5.28983	0.00811576	80.0333	0.829419	0
5.27757	0.0082968	80.05	0.843702	0
5.24143	0.00809131	75.9683	0.830099	0
5.20932	0.00826281	75.5352	0.816837	0
5.19941	0.00827156	75.7684	0.811396	0
5.17348	0.00787208	73.9359	0.817857	0
5.13463	0.00778503	70.3207	0.78283	0
5.12341	0.00790483	72.3865	0.808675	0
5.11579	0.0078185	71.4202	0.819557	0
5.08776	0.0074589	69.621	0.810375	0
5.06425	0.00742647	68.838	0.789631	0
5.04056	0.00739774	68.4548	0.799493	0
5.00613	0.00745183	64.9563	0.785211	0
4.97896	0.00713187	64.2566	0.785211	0
4.95015	0.00694876	62.9071	0.778069	0
4.92412	0.00671364	61.9908	0.789291	0
4.91562	0.00678537	62.1408	0.791332	0
4.89743	0.00660376	60.6414	0.786911	0
4.86948	0.006516	59.4752	0.767527	0
4.85114	0.0065258	57.8759	0.768207	0
4.82908	0.00663301	57.6926	0.769228	0
4.80365	0.00643071	55.3936	0.770928	0
4.78328	0.00609063	55.0604	0.760386	0
4.75877	0.00597823	53.7276	0.768207	0
4.73124	0.00586375	51.5618	0.746443	0
4.70858	0.00582742	49.7793	0.741002	0
4.69679	0.00582937	50.0791	0.736241	0
4.69063	0.00588145	50.2291	0.748824	0
4.67486	0.00550635	47.8301	0.739982	0
4.65224	0.00565521	46.2974	0.72876	0
4.63801	0.00559411	46.6306	0.717198	0
4.62492	0.00535399	44.9979	0.725019	0
4.60639	0.00551816	44.0816	0.706656	0
4.59283	0.00530852	42.8988	0.703255	0
4.57563	0.00538863	42.9155	0.699174	0
4.56376	0.00519761	41.6493	0.694413	0
4.56033	0.00516888	40.8996	0.693733	0
4.5495	0.00522667	40.7497	0.704955	0
4.53076	0.00498389	39.267	0.673669	0
4.53072	0.00504447	40.883	0.701555	0
4.5353	0.00505511	39.9667	0.693393	0
4.51973	0.00498772	39.6501	0.700874	0
4.50625	0.00489594	37.8676	0.696113	0
4.50555	0.00487174	38.8005	0.683871	0
4.49981	0.00490573	37.4677	0.692033	0
4.48521	0.00480247	37.6676	0.683871	0
4.47867	0.00478917	36.9013	0.681831	0
4.46945	0.00485883	36.3515	0.67979	0
4.45653	0.00478483	35.2187	0.662107	0
4.45304	0.00466529	34.1858	0.662787	0
4.44771	0.00450923	35.0187	0.658366	0
4.43402	0.00443697	33.3528	0.636942	0
4.43019	0.00465925	33.7693	0.675029	0
4.42537	0.00455943	32.8197	0.636602	0
4.41231	0.00452693	32.7697	0.657686	0
4.40534	0.00447063	31.6368	0.652585	0
4.40502	0.004383	32.703	0.638983	0
4.40323	0.00436854	32.2865	0.649865	0
4.3858	0.004268	30.7539	0.630821	0
4.3758	0.00425639	30.7705	0.643743	0
4.37222	0.00413011	29.3211	0.62334	0
4.36395	0.00411636	29.4877	0.619599	0
4.35794	0.00413977	29.7709	0.617558	0
4.35176	0.00422565	28.5548	0.610417	0
4.34845	0.00407484	28.8047	0.618239	0
4.34416	0.00415274	27.9717	0.607356	0
4.33496	0.00404832	28.0883	0.605996	0
4.32886	0.00400006	27.272	0.594094	0
4.31786	0.00386644	26.4223	0.602596	0
4.31164	0.00393208	26.0725	0.600215	0
4.31342	0.00398099	26.2224	0.599875	0
4.30653	0.00386696	26.0392	0.591713	0
4.30174	0.00387131	25.6893	0.585592	0
4.29997	0.00386657	25.8226	0.587973	0
4.29445	0.00389628	25.0396	0.583892	0
4.28734	0.0036917	25.1562	0.590693	0
4.27829	0.00373244	24.0233	0.560768	0
4.26787	0.0037635	23.4402	0.581512	0
4.26466	0.00368729	23.1903	0.560427	0
4.25814	0.00369242	22.7738	0.570629	0
4.25548	0.00363806	24.0566	0.577771	0
4.25638	0.00370318	23.0737	0.578791	0
4.24877	0.00369968	22.9404	0.558047	0
4.244	0.00354446	22.1741	0.554986	0
4.24031	0.00348797	21.9575	0.553286	0
4.23725	0.00347869	22.0908	0.549545	0
4.2346	0.00352578	21.2411	0.564168	0
4.2278	0.00345846	21.8242	0.558047	0
4.22593	0.00335695	22.4906	0.564848	0
4.22722	0.00348959	21.4244	0.552606	0
4.21976	0.00336285	20.6747	0.538323	0
4.21267	0.00342311	20.5414	0.538323	0
4.20311	0.00337654	19.3253	0.522	0
4.19535	0.0032987	20.1083	0.537303	0
4.19356	0.00335046	19.5419	0.531182	0
4.18874	0.00327243	19.4252	0.52268	0
4.18326	0.00318668	18.7089	0.526421	0
4.18222	0.00317391	18.459	0.512818	0
4.18142	0.00327211	19.8084	0.52336	0
4.17361	0.00315218	17.7259	0.508738	0
4.16599	0.00326562	17.5094	0.506357	0
4.1639	0.00314096	17.8092	0.509418	0
4.1662	0.00309335	18.3424	0.509418	0
4.16458	0.00303867	17.2928	0.499556	0
4.15824	0.00304639	17.3928	0.501596	0
4.1581	0.00301006	17.8759	0.506357	0
4.1575	0.00312318	17.2928	0.491734	0
4.15134	0.00303984	17.2595	0.508397	0
4.14269	0.0030578	15.8601	0.490374	0
4.13596	0.00295513	15.9434	0.486293	0
4.13516	0.0030255	15.9434	0.478132	0
4.13458	0.00295727	15.7434	0.484933	0
4.12842	0.00299171	15.4935	0.47133	0
4.1266	0.00285783	15.6935	0.480172	0
4.12782	0.00295733	15.91	0.483233	0
4.12279	0.00284363	15.227	0.483573	0
4.11638	0.00293554	15.5269	0.480172	0
4.11151	0.00285718	14.9271	0.475751	0
4.10854	0.00278117	13.7943	0.450926	0
4.10899	0.00288793	15.2603	0.477452	0
4.10824	0.00280633	14.3107	0.462149	0
4.10117	0.00279148	14.0775	0.463509	0
4.09711	0.00278441	13.661	0.445825	0
4.09853	0.00275944	14.5773	0.463509	0
4.09315	0.00269172	13.8276	0.456027	0
4.08874	0.00274102	13.561	0.461809	0
4.08914	0.00273375	13.7609	0.462489	0
4.0819	0.00272499	12.9279	0.445145	0
4.07845	0.00271475	12.8946	0.447186	0
4.08229	0.00262835	13.1612	0.442765	0
4.08035	0.00265416	13.4111	0.448206	0
4.07552	0.0025919	12.7613	0.433923	0
4.07431	0.00262621	13.2945	0.449226	0
4.0771	0.002648	13.2112	0.441065	0
4.07258	0.00255337	12.3782	0.437324	0
4.06965	0.00262426	12.9279	0.440044	0
4.0671	0.00254338	12.6114	0.433243	0
4.06212	0.00255175	11.895	0.431883	0
4.05817	0.00251705	11.112	0.409439	0
4.05962	0.00258204	12.3282	0.428142	0
4.05898	0.00259631	12.2616	0.433923	0
4.04957	0.0025308	11.9117	0.428142	0
4.04767	0.00250991	11.4452	0.421001	0
4.04852	0.00252152	11.4119	0.424741	0
4.04507	0.002514	11.6451	0.424061	0
4.04282	0.00247813	11.162	0.41726	0
4.04229	0.00248241	10.6622	0.402637	0
4.04398	0.00247605	11.5119	0.41692	0
4.04468	0.00246159	11.162	0.404338	0
4.03968	0.00251406	11.5452	0.412499	0
4.03559	0.0024876	10.9121	0.411139	0
4.03648	0.00246042	11.2287	0.41522	0
4.03628	0.00243727	10.8288	0.410799	0
4.03169	0.00241995	10.5623	0.400257	0
4.02778	0.0024588	10.8288	0.406718	0
4.02642	0.00242436	10.6622	0.393455	0
4.02246	0.00237117	10.479	0.399917	0
4.0175	0.00234179	9.6793	0.391075	0
4.01731	0.00233647	10.2791	0.397876	0
4.02049	0.00242326	9.99584	0.398556	0
4.02159	0.00236494	10.4623	0.403997	0
4.01925	0.00233952	10.1458	0.391755	0
4.01412	0.00228834	9.14619	0.377472	0
4.01329	0.00233264	10.0625	0.401277	0
4.01524	0.0023353	9.74594	0.382913	0
4.01263	0.00233615	10.0292	0.388354	0
4.0074	0.00228627	9.99584	0.393796	0
4.00398	0.002296	8.94627	0.382573	0
4.00212	0.00232616	9.8459	0.390735	0
4.00151	0.00222153	9.596	0.381213	0
4.00042	0.00224988	9.39608	0.383594	0
3.99676	0.00224968	9.44606	0.386314	0
3.99419	0.00225105	9.46272	0.392775	0
3.99426	0.00226318	9.37943	0.389035	0
3.99264	0.00221797	8.66306	0.36625	0
3.99093	0.00218722	8.3132	0.352308	0
3.99433	0.00224333	9.44606	0.383934	0
3.99237	0.00215927	9.01291	0.369311	0
3.99021	0.00217717	9.16285	0.377812	0
3.9907	0.0022168	8.37984	0.355708	0
3.9867	0.00222354	8.86297	0.373392	0
3.98432	0.00213948	8.69638	0.36455	0
3.9843	0.00212943	8.46314	0.36693	0
3.9797	0.00213832	8.29654	0.356728	0
3.9784	0.00219604	8.6464	0.374412	0
3.97893	0.0021605	8.42982	0.372371	0
3.97572	0.00209551	8.91295	0.370331	0
3.97618	0.00224651	8.7297	0.370331	0
3.97528	0.00213339	8.24656	0.36319	0
3.96775	0.00206755	7.49688	0.344486	0
3.96937	0.0021066	8.14661	0.359449	0
3.97178	0.00208163	8.32986	0.358769	0
3.96706	0.00197376	7.63015	0.349927	0
3.96563	0.00204323	7.49688	0.346867	0
3.96526	0.00198985	7.48022	0.336324	0
3.96234	0.0020119	7.41358	0.342446	0
3.9636	0.00205471	8.14661	0.361149	0
3.96216	0.00203285	7.14702	0.330203	0
3.9563	0.00199614	7.31362	0.335984	0
3.95759	0.00202357	7.49688	0.342106	0
3.95872	0.00201281	7.68013	0.356728	0
3.95637	0.00202487	6.99708	0.327483	0
3.95726	0.00206197	8.01333	0.352308	0
3.95261	0.0019818	6.96377	0.332924	0
3.94603	0.0019185	6.59725	0.323402	0
3.95084	0.00201436	7.197	0.340745	0
3.95456	0.0019807	6.74719	0.321702	0
3.95339	0.00203823	7.29696	0.336665	0
3.95244	0.00204984	7.18034	0.336324	0
3.9492	0.00199938	7.0304	0.332244	0
3.94477	0.00194937	6.76385	0.322722	0
3.94339	0.00195067	6.68055	0.323062	0
3.94223	0.0019687	6.71387	0.327143	0
3.94013	0.00194704	6.34736	0.318301	0
3.93804	0.00195573	7.08038	0.333264	0
3.94012	0.00200904	7.1137	0.333604	0
3.93865	0.00194178	6.49729	0.317281	0
3.93316	0.00193783	6.84715	0.326123	0
3.93641	0.00193776	6.91379	0.332924	0
3.93915	0.00198783	7.09704	0.333604	0
3.93757	0.00197129	6.64723	0.325102	0
3.93704	0.00194133	7.21366	0.335304	0
3.93666	0.00191694	6.21408	0.316601	0
3.93586	0.0019735	6.64723	0.326803	0
3.93618	0.00198336	7.3636	0.337005	0
3.9352	0.00197979	6.48063	0.320681	0
3.93156	0.00189534	6.54727	0.322382	0
3.92596	0.00188788	5.71429	0.303678	0
3.92496	0.00192946	6.21408	0.321702	0
3.92717	0.00191739	6.81383	0.325442	0
3.92595	0.00191324	6.59725	0.321702	0
3.92271	0.00195216	5.53103	0.298237	0
3.9223	0.00189288	5.96418	0.309459	0
3.92325	0.00184475	6.11412	0.306739	0
3.92151	0.00184027	6.3307	0.323062	0
3.92199	0.00185999	6.01416	0.307419	0
3.92261	0.00182899	5.86422	0.305719	0
3.92178	0.00184481	5.58101	0.302658	0
3.92048	0.00183988	6.01416	0.305719	0
3.91815	0.00181037	6.19742	0.317281	0
3.91744	0.00180356	6.09746	0.309119	0
3.91562	0.00179753	5.86422	0.306399	0
3.91236	0.00181926	5.28113	0.293816	0
3.91171	0.00187426	5.69763	0.299597	0
3.90959	0.00178138	5.9142	0.304698	0
3.90643	0.00178002	5.33111	0.291096	0
3.90851	0.00180473	5.44773	0.292796	0
3.91	0.00184151	5.14786	0.289055	0
3.90852	0.00175783	5.26447	0.291776	0
3.90949	0.00177573	5.64765	0.301298	0
3.90996	0.00175744	4.98126	0.282594	0
3.90758	0.00177074	5.33111	0.292116	0
3.90326	0.00172326	4.74802	0.276473	0
3.90072	0.0017267	4.86464	0.277153	0
3.90214	0.00173623	5.39775	0.295517	0
3.90242	0.00166806	4.76468	0.273752	0
3.89955	0.00167598	5.36443	0.295517	0
3.897	0.00173786	4.86464	0.282934	0
3.89411	0.00165062	4.76468	0.277833	0
3.89253	0.00164783	4.53145	0.270352	0
3.89315	0.00164011	4.84798	0.275793	0
3.8926	0.0016187	4.89796	0.276813	0
3.89331	0.00167851	4.41483	0.271712	0
3.89491	0.00167254	4.69804	0.280214	0
3.89556	0.00162954	4.81466	0.274773	0
3.89308	0.00167183	4.5481	0.274773	0
3.88854	0.00159101	4.34819	0.263891	0
3.88585	0.00158608	4.01499	0.250968	0
3.8858	0.0016355	4.24823	0.265591	0
3.88585	0.00163849	4.24823	0.266611	0
3.88377	0.0016368	4.14827	0.25981	0
3.88367	0.00160742	4.19825	0.265251	0
3.88315	0.00162422	4.33153	0.265591	0
3.87902	0.00153166	3.36526	0.234985	0
3.87734	0.00152647	3.81508	0.247908	0
3.87775	0.0015528	3.79842	0.248588	0
3.87679	0.00154437	3.3486	0.234645	0
3.87754	0.00158121	3.99833	0.258109	0
3.87908	0.00155618	3.94835	0.245867	0
3.87919	0.00155734	3.86506	0.251308	0
3.87697	0.00150909	3.5985	0.240766	0
3.87512	0.00150396	3.66514	0.243827	0
3.8759	0.00157174	3.91504	0.256069	0
3.87423	0.00152096	3.38192	0.235665	0
3.87165	0.00153218	4.19825	0.26117	0
3.87319	0.00153996	3.88172	0.26049	0
3.87529	0.00157979	4.13161	0.257429	0
3.8697	0.00147224	3.26531	0.233285	0
3.86593	0.00148418	3.24865	0.232945	0
3.86778	0.00144435	3.06539	0.223423	0
3.86945	0.00148509	3.8484	0.255389	0
3.86918	0.00148833	3.49854	0.234305	0
3.86465	0.00138306	3.18201	0.224783	0
3.86592	0.00146654	3.11537	0.225123	0
3.86934	0.00149164	3.6818	0.245187	0
3.86651	0.00148859	3.4319	0.238046	0
3.86338	0.00143443	2.81549	0.212881	0
3.8638	0.00140946	3.24865	0.226823	0
3.86402	0.00140621	3.06539	0.221042	0
3.86248	0.00141309	3.14869	0.226143	0
3.86079	0.00139914	3.08205	0.222743	0
3.86268	0.00144053	3.4319	0.231244	0
3.8625	0.00142593	3.09871	0.223423	0
3.86099	0.00142204	3.04873	0.219342	0
3.86094	0.00144779	3.09871	0.225803	0
3.86165	0.00147614	3.08205	0.227844	0
3.85926	0.00137385	2.99875	0.214921	0
3.85976	0.00142399	3.01541	0.223083	0
3.86006	0.00148029	3.19867	0.230224	0
3.85756	0.00141063	2.98209	0.224443	0
3.85878	0.00142464	3.13203	0.224443	0
3.85996	0.00144118	3.03207	0.223763	0
3.85726	0.00142639	3.13203	0.223083	0
3.85482	0.00141834	2.79883	0.216281	0
3.85401	0.00138591	2.84881	0.21118	0
3.85559	0.00143034	3.09871	0.225803	0
3.85302	0.00139045	2.86547	0.219682	0
3.85305	0.00142113	3.01541	0.222063	0
3.85484	0.00139882	3.48188	0.231244	0
3.85185	0.00132643	2.76551	0.212541	0
3.85103	0.00137223	3.09871	0.228184	0
3.85244	0.00140557	2.59892	0.204039	0
3.85182	0.00132423	2.53228	0.200298	0
3.85141	0.00134518	2.81549	0.216622	0
3.85288	0.00138481	2.81549	0.212881	0
3.85307	0.00140492	2.83215	0.214581	0
3.8522	0.00139467	2.89879	0.222063	0
3.85125	0.00134635	2.96543	0.215261	0
3.84965	0.00133999	3.06539	0.221042	0
3.84845	0.00134258	2.73219	0.20608	0
3.84846	0.0013385	2.74885	0.211861	0
3.84782	0.0013503	2.58226	0.20608	0
3.84813	0.00138896	2.73219	0.213901	0
3.84893	0.0013817	2.89879	0.219342	0
3.84813	0.0013887	2.6489	0.20982	0
3.84693	0.00135115	2.66556	0.211521	0
3.84609	0.00135906	2.88213	0.213901	0
3.84583	0.00131275	2.61558	0.203359	0
3.84571	0.00133033	2.43232	0.196558	0
3.84667	0.00135984	2.91545	0.216281	0
3.84507	0.00134155	2.58226	0.20608	0
3.84436	0.00136749	3.18201	0.229544	0
3.84338	0.00135277	2.43232	0.199278	0
3.84104	0.00134849	2.5656	0.205399	0
3.84	0.00129044	2.19908	0.190437	0
3.84057	0.00130282	2.34902	0.200298	0
3.83938	0.00128447	2.24906	0.195197	0
3.83948	0.00129666	2.24906	0.193837	0
3.8398	0.00130633	2.19908	0.192137	0
3.83896	0.0012508	2.2324	0.196218	0
3.8397	0.00124633	2.26572	0.191797	0
3.83987	0.001294	2.28238	0.192137	0
3.83775	0.00131904	2.24906	0.188056	0
3.83609	0.00126203	2.18242	0.187036	0
3.83659	0.00125651	2.46564	0.201999	0
3.83711	0.00125794	1.99917	0.182615	0
3.83525	0.00121481	1.99917	0.177854	0
3.83294	0.00126806	1.93253	0.175134	0
3.83186	0.00122979	1.74927	0.171733	0
3.83009	0.00115714	1.76593	0.169352	0
3.83014	0.00119463	1.76593	0.169352	0
3.83165	0.00118173	1.81591	0.173093	0
3.83092	0.00118679	1.84923	0.173093	0
3.82825	0.00118886	1.49938	0.15507	0
3.82869	0.00117654	1.69929	0.169693	0
3.82987	0.00117874	1.84923	0.177854	0
3.82814	0.00116116	1.84923	0.176154	0
3.82818	0.00111122	1.61599	0.162551	0
3.82769	0.00122642	1.63265	0.164932	0
3.82838	0.00115611	1.59933	0.161531	0
3.82746	0.00115987	1.78259	0.170033	0
3.82545	0.0011491	1.43274	0.151669	0
3.82535	0.00112971	1.78259	0.170033	0
3.82619	0.00113639	1.49938	0.15677	0
3.8264	0.00115299	1.61599	0.162551	0
3.82544	0.00111356	1.63265	0.164932	0
3.82599	0.00116726	1.61599	0.167652	0
3.82525	0.00115721	1.68263	0.170713	0
3.82488	0.00114638	1.33278	0.150309	0
3.82479	0.00115468	1.3661	0.152009	0
3.82498	0.00110616	1.43274	0.151669	0
3.82473	0.00116441	1.78259	0.176494	0
3.82456	0.00116558	1.71595	0.166972	0
3.82394	0.00110772	1.59933	0.164932	0
3.82238	0.00108638	1.43274	0.151669	0
3.82288	0.00110058	1.56601	0.161871	0
3.82313	0.0011216	1.54935	0.15745	0
3.82228	0.00110999	1.51603	0.15779	0
3.82177	0.00110117	1.29946	0.144868	0
3.82195	0.00112478	1.46606	0.15711	0
3.82198	0.00110889	1.63265	0.163231	0
3.82079	0.00111239	1.54935	0.161191	0
3.81964	0.00107963	1.1995	0.141127	0
3.81775	0.001045	1.0329	0.129565	0
3.81764	0.001064	1.23282	0.144868	0
3.81853	0.00104662	1.2828	0.143848	0
3.81957	0.00104565	1.24948	0.143848	0
3.81994	0.00107814	1.48272	0.15609	0
3.82036	0.00107094	1.21616	0.142147	0
3.81977	0.00107788	1.51603	0.159491	0
3.81977	0.00109961	1.4494	0.15439	0
3.81982	0.00111265	1.26614	0.142827	0
3.8195	0.00108962	1.39942	0.15541	0
3.8189	0.00111323	1.71595	0.166972	0
3.81757	0.00112367	1.39942	0.152009	0
3.81689	0.00105096	1.33278	0.148268	0
3.81911	0.00107827	1.34944	0.147248	0
3.81877	0.00110337	1.53269	0.15677	0
3.81595	0.00107055	1.16618	0.137386	0
3.81521	0.00104746	1.14952	0.136366	0
3.81782	0.0010915	1.59933	0.159831	0
3.81836	0.00107963	1.41608	0.152689	0
3.81652	0.00107451	1.48272	0.15609	0
3.8166	0.00107885	1.24948	0.145888	0
3.818	0.00110285	1.58267	0.159151	0
3.81741	0.00111219	1.24948	0.145888	0
3.81403	0.00105764	0.999584	0.127524	0
3.81385	0.00105628	1.26614	0.142827	0
3.81482	0.00109261	1.41608	0.152689	0
3.81278	0.00106621	1.31612	0.151329	0
3.81219	0.00105499	1.1162	0.138407	0
3.81459	0.00110733	1.51603	0.15779	0
3.81361	0.00105713	1.31612	0.149289	0
3.81285	0.00104299	1.39942	0.152009	0
3.8148	0.00110344	1.23282	0.143167	0
3.81533	0.00105693	1.38276	0.150989	0
3.81328	0.00103423	1.04956	0.130585	0
3.8121	0.00101458	1.14952	0.136366	0
3.81358	0.00109371	1.29946	0.144868	0
3.81252	0.00104331	0.999584	0.127524	0
3.81155	0.00101964	1.16618	0.137386	0
3.81309	0.00106387	1.33278	0.150309	0
3.81266	0.00105291	1.14952	0.138407	0
3.81248	0.00104863	1.29946	0.146568	0
3.81189	0.0010496	1.24948	0.142147	0
3.81054	0.00104824	1.1162	0.134326	0
3.81067	0.00102178	1.0329	0.129565	0
3.8105	0.00101088	1.04956	0.136706	0
3.81125	0.00103073	0.966264	0.125484	0
3.81232	0.0010616	1.43274	0.153709	0
3.81186	0.00106426	1.1995	0.139087	0
3.80926	0.00104104	1.26614	0.142827	0
3.80968	0.00106374	1.1162	0.134326	0
3.81015	0.00105213	1.04956	0.132625	0
3.81051	0.00104798	1.16618	0.139427	0
3.80922	0.00104247	0.999584	0.129565	0
3.80762	0.000988242	0.982924	0.128545	0
3.80713	0.000989409	0.799667	0.114262	0
3.8078	0.00102456	1.04956	0.130585	0
3.80936	0.00101931	1.23282	0.143167	0
3.80949	0.00102794	1.1995	0.139087	0
3.81044	0.00107522	1.2828	0.145888	0
3.8097	0.00106802	1.1162	0.134326	0
3.80829	0.00105875	1.38276	0.152689	0
3.80801	0.00102638	1.08288	0.132625	0
3.80905	0.00101244	1.18284	0.140447	0
3.80806	0.00101509	0.949604	0.124464	0
3.80719	0.000991355	1.01624	0.134666	0
3.80811	0.00101302	1.09954	0.133646	0
3.80731	0.000981691	1.1995	0.141127	0
3.80669	0.00100556	1.01624	0.128545	0
3.80793	0.00102444	1.43274	0.151669	0
3.80823	0.00103942	0.932945	0.123104	0
3.8084	0.00102748	1.0329	0.133646	0
3.80724	0.00102171	1.26614	0.142827	0
3.80493	0.000992977	1.04956	0.132625	0
3.80592	0.00101704	1.08288	0.132625	0
3.80798	0.00104435	1.09954	0.137726	0
3.80581	0.00102035	1.1162	0.134326	0
3.80513	0.00100316	0.999584	0.129565	0
3.80533	0.000969043	0.882965	0.120043	0
3.80633	0.000985453	1.13286	0.135346	0
3.80486	0.000975075	0.866306	0.118683	0
3.80518	0.00104947	1.09954	0.135686	0
3.8059	0.000976307	1.0329	0.129565	0
3.80513	0.000999917	1.21616	0.144188	0
3.80528	0.0010149	0.949604	0.124464	0
3.80474	0.00101017	0.849646	0.120043	0
3.80361	0.000988112	0.882965	0.120043	0
3.80476	0.00102249	0.949604	0.124464	0
3.804	0.00100264	0.849646	0.117663	0
3.80399	0.00100083	0.882965	0.122423	0
3.80401	0.00101633	0.982924	0.126504	0
3.80408	0.000994339	0.866306	0.125824	0
3.80374	0.000999723	0.949604	0.124464	0
3.80329	0.000978383	0.999584	0.127524	0
3.80352	0.000963919	0.916285	0.122083	0
3.80373	0.000980783	1.01624	0.128545	0
3.80391	0.000955746	0.966264	0.125484	0
3.80389	0.000999917	0.832986	0.119023	0
3.80343	0.000981496	0.949604	0.126504	0
3.80342	0.001004	1.14952	0.138407	0
3.80309	0.000965345	0.832986	0.116642	0
3.80282	0.000957108	0.932945	0.123104	0
3.80321	0.000944071	0.882965	0.120043	0
3.8017	0.000961583	0.849646	0.120043	0
3.802	0.000955681	0.866306	0.121063	0
3.80311	0.00099849	1.0329	0.131605	0
3.80178	0.000985518	0.866306	0.121063	0
3.80121	0.00101004	1.01624	0.130585	0
3.80329	0.000981042	0.899625	0.121063	0
3.80251	0.000999852	1.08288	0.132625	0
3.80248	0.000985258	0.932945	0.123104	0
3.8029	0.000988307	0.899625	0.123444	0
3.80198	0.000961648	1.01624	0.132625	0
3.80108	0.000975075	0.733028	0.109501	0
3.80191	0.00100874	0.916285	0.122083	0
3.80198	0.000990836	0.899625	0.121063	0
3.80097	0.00101114	1.01624	0.128545	0
3.80093	0.0009562	0.799667	0.114262	0
3.80035	0.00098208	0.949604	0.124464	0
3.80116	0.000967356	0.816327	0.115282	0
3.80082	0.000980977	0.932945	0.123104	0
3.7995	0.000926234	0.699708	0.107121	0
3.79908	0.000950687	0.816327	0.115282	0
3.80119	0.00100297	0.982924	0.128545	0
3.80146	0.000981885	0.866306	0.118683	0
3.80098	0.000957821	0.849646	0.117663	0
3.80013	0.000983053	0.716368	0.110861	0
3.79866	0.000943098	0.999584	0.127524	0
3.79949	0.000954903	1.01624	0.130585	0
3.79975	0.000943876	0.749688	0.110861	0
3.79944	0.000965345	0.733028	0.109501	0
3.79987	0.000956394	0.832986	0.119023	0
3.79966	0.000981756	0.816327	0.115282	0
3.80011	0.000947833	0.799667	0.116642	0
3.80027	0.000967291	1.01624	0.130585	0
3.80119	0.000967551	0.866306	0.118683	0
3.80068	0.000975918	0.832986	0.116642	0
3.80082	0.000999009	0.899625	0.121063	0
3.80146	0.000964048	0.849646	0.117663	0
3.80063	0.000977604	1.06622	0.133646	0
3.79937	0.000977021	0.899625	0.127865	0
3.7992	0.000958211	0.783007	0.113242	0
3.79898	0.000969626	0.982924	0.126504	0
3.79866	0.000962816	0.799667	0.114262	0
3.79838	0.000917153	0.749688	0.110861	0
3.79802	0.000938038	0.699708	0.109501	0
3.79722	0.000948222	0.766347	0.111881	0
3.79715	0.000962621	0.666389	0.107121	0
3.79687	0.000967745	0.716368	0.108141	0
3.79771	0.000915272	0.866306	0.118683	0
3.79774	0.000939465	0.783007	0.113242	0
3.79726	0.000939919	0.749688	0.110861	0
3.79759	0.000930514	0.783007	0.113242	0
3.79766	0.000935379	0.816327	0.115282	0
3.79714	0.000931423	0.899625	0.121063	0
3.79761	0.000901586	0.783007	0.113242	0
3.7967	0.000922926	0.499792	0.0907974	0
3.79634	0.00093019	0.733028	0.114602	0
3.7965	0.000959054	0.716368	0.110861	0
3.79626	0.000940503	0.63307	0.10202	0
3.79529	0.000933433	0.716368	0.108141	0
3.79652	0.000968978	0.832986	0.116642	0
3.79652	0.000959119	0.699708	0.109501	0
3.79732	0.000937325	0.766347	0.111881	0
3.79818	0.000948546	0.882965	0.120043	0
3.79761	0.000962038	0.683049	0.10576	0
3.79671	0.000948092	0.63307	0.10202	0
3.79716	0.000927271	0.683049	0.10576	0
3.7966	0.000928828	0.63307	0.10202	0
3.79689	0.000920655	0.59975	0.099299	0
3.79688	0.000938752	0.849646	0.120043	0
3.79553	0.000929282	0.666389	0.1044	0
3.79556	0.000894192	0.766347	0.111881	0
3.79674	0.000947962	0.816327	0.120043	0
3.7958	0.000932525	0.766347	0.114262	0
3.79547	0.00094459	0.783007	0.115622	0
3.79627	0.000932914	0.58309	0.0979388	0
3.79559	0.000920526	0.733028	0.111881	0
3.7948	0.000886473	0.932945	0.125484	0
3.79716	0.000927142	0.816327	0.115282	0
3.79713	0.000935379	0.63307	0.10474	0
3.79589	0.000904894	0.716368	0.108141	0
3.79568	0.000913845	0.766347	0.111881	0
3.79589	0.000940503	0.566431	0.0965785	0
3.79488	0.000905932	0.699708	0.107121	0
3.79505	0.000924482	0.61641	0.100659	0
3.79488	0.000947184	0.866306	0.121063	0
3.79484	0.000888289	0.61641	0.10338	0
3.79395	0.000896656	0.683049	0.10576	0
3.79567	0.000950492	0.749688	0.113242	0
3.7954	0.000913131	0.533111	0.0965785	0
3.79409	0.000929996	0.649729	0.10576	0
3.79483	0.000902105	0.749688	0.110861	0
3.79495	0.000918839	0.649729	0.10576	0
3.7959	0.000924353	0.832986	0.119023	0
3.79683	0.00093752	0.566431	0.099299	0
3.79558	0.000959184	0.549771	0.0952183	0
3.7942	0.000902299	0.766347	0.111881	0
3.79375	0.000922796	0.416493	0.0829759	0
3.79476	0.00092338	0.683049	0.10576	0
3.79474	0.000941282	0.699708	0.107121	0
3.79365	0.000920461	0.566431	0.0965785	0
3.79351	0.000917801	0.716368	0.108141	0
3.79344	0.000902429	0.749688	0.113242	0
3.7937	0.000903791	0.58309	0.0979388	0
3.79469	0.000922277	0.58309	0.0979388	0
3.79423	0.000869674	0.533111	0.0935179	0
3.79477	0.000906256	0.683049	0.10576	0
3.7957	0.000918191	0.63307	0.10202	0
3.79343	0.000915791	0.61641	0.100659	0
3.79359	0.000898991	0.58309	0.0979388	0
3.79408	0.000890365	0.716368	0.108141	0
3.79453	0.000893802	0.683049	0.108481	0
3.79438	0.000919423	0.666389	0.1044	0
3.7941	0.000901456	0.649729	0.10338	0
3.79483	0.000924482	0.733028	0.109501	0
3.79522	0.000901132	0.533111	0.0935179	0
3.79436	0.000891273	0.649729	0.10338	0
3.79451	0.000915661	0.649729	0.10338	0
3.79383	0.000917931	0.59975	0.10202	0
3.79288	0.000882062	0.533111	0.0935179	0
3.79302	0.000889716	0.61641	0.100659	0
3.79432	0.000892051	0.816327	0.117663	0
3.79368	0.000917866	0.549771	0.0952183	0
3.79325	0.000894581	0.699708	0.112222	0
3.79335	0.000923509	0.683049	0.10576	0
3.7934	0.000918645	0.533111	0.0935179	0
3.79303	0.000898018	0.516451	0.0921577	0
3.793	0.000910213	0.499792	0.0907974	0
3.79376	0.000893154	0.766347	0.114262	0
3.79335	0.000874863	0.566431	0.0965785	0
3.79331	0.000874603	0.666389	0.107121	0
3.79233	0.000865652	0.449813	0.0860365	0
3.79266	0.000890948	0.63307	0.10202	0
3.79361	0.000887965	0.499792	0.0907974	0
3.7936	0.000881349	0.59975	0.10202	0
3.79357	0.000900289	0.59975	0.099299	0
3.79426	0.000910148	0.666389	0.1044	0
3.79369	0.000888484	0.516451	0.0921577	0
3.79289	0.000876484	0.549771	0.0952183	0
3.794	0.000894775	0.61641	0.100659	0
3.79415	0.000875771	0.666389	0.1044	0
3.79289	0.000875252	0.516451	0.0921577	0
3.79188	0.000899445	0.766347	0.111881	0
3.79265	0.000884981	0.433153	0.0843362	0
3.79301	0.000907164	0.666389	0.1044	0
3.79305	0.00090924	0.63307	0.10474	0
3.79289	0.000900159	0.499792	0.093858	0
3.79203	0.0008975	0.533111	0.0935179	0
3.7936	0.000884268	0.61641	0.100659	0
3.79321	0.000904245	0.499792	0.0907974	0
3.79169	0.000867793	0.566431	0.0965785	0
3.79232	0.000874863	0.516451	0.0921577	0
3.79304	0.000865782	0.499792	0.0907974	0
3.79349	0.000900937	0.566431	0.0965785	0
3.79408	0.000910472	0.63307	0.10202	0
3.79245	0.000904634	0.533111	0.0935179	0
3.79175	0.000888808	0.649729	0.10338	0
3.79285	0.000900872	0.649729	0.108481	0
3.79167	0.000876549	0.516451	0.0921577	0
3.79234	0.00086429	0.533111	0.0935179	0
3.79303	0.00088764	0.58309	0.0979388	0
3.7929	0.000868895	0.59975	0.099299	0
3.79335	0.00087616	0.549771	0.0952183	0
3.79317	0.000900483	0.59975	0.099299	0
3.79288	0.000909629	0.566431	0.0965785	0
3.79245	0.000866949	0.483132	0.0890971	0
3.79161	0.000889262	0.249896	0.0642723	0
3.79235	0.000884657	0.666389	0.1044	0
3.79253	0.00087149	0.466472	0.0877368	0
3.79123	0.000876419	0.349854	0.0761746	0
3.79169	0.000861047	0.649729	0.10338	0
3.79314	0.000882776	0.63307	0.10202	0
3.79204	0.000888873	0.516451	0.0921577	0
3.79213	0.000889781	0.366514	0.0778749	0
3.79259	0.000863512	0.566431	0.0965785	0
3.79156	0.000867922	0.449813	0.0860365	0
3.79196	0.000897694	0.63307	0.10202	0
3.79198	0.000870193	0.433153	0.0843362	0
3.79033	0.000853977	0.266556	0.0663127	0
3.79154	0.000875252	0.566431	0.0965785	0
3.79211	0.00085748	0.316535	0.0724339	0
3.79064	0.000858582	0.549771	0.0952183	0
3.79136	0.000846648	0.383174	0.0795753	0
3.79047	0.000845739	0.349854	0.0829759	0
3.79086	0.000848593	0.349854	0.0761746	0
3.7919	0.000870971	0.549771	0.0952183	0
3.79147	0.000864679	0.516451	0.0921577	0
3.79112	0.000874798	0.533111	0.0965785	0
3.79269	0.0008783	0.383174	0.0795753	0
3.79211	0.000865912	0.499792	0.0907974	0
3.79083	0.000854236	0.399833	0.0812756	0
3.79039	0.000857739	0.383174	0.0795753	0
3.79154	0.000855923	0.566431	0.0965785	0
3.7927	0.000859101	0.549771	0.0979388	0
3.79218	0.000862474	0.533111	0.0965785	0
3.79075	0.000851512	0.316535	0.0761746	0
3.79112	0.000846777	0.566431	0.0965785	0
3.79248	0.000864744	0.466472	0.0877368	0
3.79286	0.000874733	0.59975	0.099299	0
3.79187	0.000878754	0.566431	0.0965785	0
3.79116	0.000874798	0.499792	0.0907974	0
3.79228	0.000879144	0.516451	0.0921577	0
3.79295	0.000863771	0.416493	0.0829759	0
3.79302	0.000855339	0.416493	0.0829759	0
3.79213	0.000867663	0.61641	0.100659	0
3.79128	0.00086922	0.349854	0.0761746	0
3.79149	0.000861631	0.516451	0.0921577	0
3.79109	0.000827383	0.333195	0.0741342	0
3.79163	0.000840226	0.449813	0.0860365	0
3.79204	0.000865068	0.433153	0.0843362	0
3.79154	0.000855598	0.283215	0.0683531	0
3.79126	0.000865717	0.383174	0.0829759	0
3.79157	0.000827967	0.433153	0.0843362	0
3.79072	0.000836788	0.316535	0.0724339	0
3.7916	0.000869738	0.433153	0.0877368	0
3.79294	0.000881025	0.566431	0.0965785	0
3.79219	0.000858971	0.349854	0.0761746	0
3.79202	0.000852615	0.516451	0.0921577	0
3.79287	0.000921888	0.63307	0.10202	0
3.79283	0.000904829	0.516451	0.0921577	0
3.79109	0.000899381	0.549771	0.0979388	0
3.79047	0.000879987	0.333195	0.0741342	0
3.79049	0.000826994	0.366514	0.0778749	0
3.79114	0.00084308	0.449813	0.0860365	0
3.79268	0.000849047	0.566431	0.0965785	0
3.79211	0.000856766	0.533111	0.0935179	0
3.79161	0.000858777	0.449813	0.0860365	0
3.79064	0.000853263	0.483132	0.0890971	0
3.79231	0.000877911	0.483132	0.0921577	0
3.79263	0.000879662	0.566431	0.0965785	0
3.7916	0.000871619	0.483132	0.0890971	0
3.79243	0.000875122	0.516451	0.0921577	0
3.79308	0.000847231	0.499792	0.093858	0
3.79143	0.000853977	0.349854	0.0761746	0
3.79166	0.00083854	0.416493	0.0829759	0
3.7927	0.00086429	0.449813	0.0860365	0
3.7927	0.000835621	0.449813	0.0860365	0
3.79244	0.000878884	0.533111	0.0965785	0
3.79341	0.000875965	0.499792	0.0907974	0
3.79253	0.000856896	0.383174	0.0795753	0
3.79211	0.00085255	0.466472	0.0877368	0
3.79207	0.000836334	0.499792	0.093858	0
3.79183	0.000843988	0.549771	0.0952183	0
3.79184	0.000842042	0.349854	0.0761746	0
3.79072	0.000851447	0.416493	0.0829759	0
3.79206	0.000855598	0.566431	0.0965785	0
3.79133	0.000848983	0.416493	0.0829759	0
3.79179	0.00084321	0.466472	0.0877368	0
3.79166	0.000854755	0.349854	0.0761746	0
3.79128	0.000837956	0.366514	0.0778749	0
3.7914	0.00084308	0.449813	0.0860365	0
3.79218	0.000856507	0.433153	0.0843362	0
3.79185	0.000863317	0.333195	0.0778749	0
3.79194	0.000848918	0.449813	0.0860365	0
3.79202	0.000824919	0.316535	0.0761746	0
3.7916	0.000841848	0.433153	0.0843362	0
3.79282	0.00085709	0.416493	0.0829759	0
3.79136	0.000830043	0.333195	0.0741342	0
3.79203	0.000856312	0.349854	0.0761746	0
3.79262	0.000846583	0.383174	0.0795753	0
3.79245	0.000859231	0.383174	0.0795753	0
3.79359	0.000854431	0.516451	0.0921577	0
3.79309	0.000859296	0.416493	0.0829759	0
3.79171	0.000815838	0.483132	0.0890971	0
3.79201	0.000860009	0.383174	0.0795753	0
3.79225	0.000855339	0.433153	0.0843362	0
3.79242	0.000848399	0.466472	0.0877368	0
3.79262	0.000842756	0.483132	0.0890971	0
3.79179	0.000837956	0.283215	0.0683531	0
3.7929	0.00083121	0.566431	0.0965785	0
3.79381	0.000867209	0.516451	0.0921577	0
3.7921	0.000858193	0.299875	0.0703935	0
3.79055	0.000826021	0.316535	0.0724339	0
3.79226	0.000824335	0.449813	0.0860365	0
3.7923	0.000821157	0.333195	0.0741342	0
3.79185	0.000845156	0.399833	0.0812756	0
3.79243	0.00083588	0.366514	0.0778749	0
3.79157	0.0008244	0.333195	0.0741342	0
3.79185	0.000863252	0.483132	0.0890971	0
3.79232	0.00083627	0.516451	0.0921577	0
3.79238	0.000832962	0.349854	0.0761746	0
3.79206	0.000826216	0.349854	0.0761746	0
3.7935	0.000840615	0.416493	0.0829759	0
3.79419	0.00085015	0.449813	0.0860365	0
3.7925	0.000813633	0.266556	0.0663127	0
3.79156	0.000818562	0.299875	0.0703935	0
3.79367	0.000854366	0.349854	0.0761746	0
3.79265	0.000829654	0.366514	0.0778749	0
3.79175	0.000841783	0.283215	0.0683531	0
3.79239	0.000848139	0.283215	0.0724339	0
3.79227	0.000815838	0.449813	0.0860365	0
3.7928	0.000824465	0.299875	0.0703935	0
3.79318	0.000855209	0.449813	0.0860365	0
3.79223	0.00086442	0.366514	0.0778749	0
3.79155	0.000841653	0.349854	0.0761746	0
3.79153	0.000877522	0.449813	0.0860365	0
3.79144	0.000850993	0.283215	0.0683531	0
3.79052	0.000838929	0.266556	0.0663127	0
3.79172	0.000865263	0.499792	0.0907974	0
3.79346	0.000859361	0.433153	0.0843362	0
3.79286	0.000841199	0.316535	0.0724339	0
3.79322	0.000831081	0.366514	0.0778749	0
3.7931	0.000835037	0.533111	0.0935179	0
3.7933	0.000854042	0.349854	0.0761746	0
3.79261	0.000853912	0.416493	0.0860365	0
3.79232	0.000841523	0.316535	0.0724339	0
3.79259	0.000825632	0.316535	0.0724339	0
3.7931	0.000809222	0.249896	0.0642723	0
3.79369	0.00084548	0.399833	0.0812756	0
3.79356	0.000860787	0.499792	0.0907974	0
3.79303	0.000826735	0.249896	0.0642723	0
3.79277	0.000839318	0.416493	0.0829759	0
3.79325	0.000865004	0.483132	0.0890971	0
3.79387	0.000865068	0.416493	0.0829759	0
3.79258	0.000801503	0.233236	0.0622319	0
3.79347	0.000831016	0.499792	0.0907974	0
3.79531	0.000853199	0.383174	0.0829759	0
3.79368	0.000819146	0.216576	0.0598515	0
3.79225	0.000831535	0.416493	0.0829759	0
3.79338	0.000820573	0.383174	0.0795753	0
3.79355	0.000845934	0.449813	0.0860365	0
3.79267	0.000833416	0.399833	0.0812756	0
3.79232	0.000847426	0.483132	0.0890971	0
3.7929	0.000853199	0.349854	0.0761746	0
3.79293	0.000829394	0.266556	0.0663127	0
3.79281	0.000797482	0.233236	0.0622319	0
3.79326	0.000846064	0.383174	0.0795753	0
3.79419	0.000832443	0.383174	0.0795753	0
3.79405	0.000848788	0.399833	0.0812756	0
3.79413	0.000840356	0.416493	0.0829759	0
3.79467	0.000847361	0.399833	0.0812756	0
3.79494	0.000811168	0.233236	0.0622319	0
3.7945	0.000823167	0.299875	0.0703935	0
3.79331	0.000855728	0.333195	0.0741342	0
3.79372	0.000858452	0.216576	0.0598515	0
3.79324	0.000819795	0.233236	0.0622319	0
3.79366	0.000800336	0.233236	0.0622319	0
3.79383	0.000821805	0.399833	0.0812756	0
3.7941	0.00082654	0.416493	0.0829759	0
3.79379	0.000823946	0.399833	0.0812756	0
3.79396	0.000827513	0.283215	0.0683531	0
3.79309	0.000792293	0.216576	0.0598515	0
3.79396	0.000841523	0.349854	0.0761746	0
3.79401	0.000822	0.299875	0.0703935	0
3.79283	0.00078425	0.199917	0.057471	0
3.79298	0.000832443	0.349854	0.0761746	0
3.79287	0.00084535	0.233236	0.0622319	0
3.79334	0.00083361	0.249896	0.0642723	0
3.7941	0.000818692	0.416493	0.0829759	0
3.79401	0.000853458	0.416493	0.0829759	0
3.79367	0.000814151	0.249896	0.0642723	0
3.79315	0.000808898	0.249896	0.0642723	0
3.79328	0.000818173	0.383174	0.0795753	0
3.79491	0.000834713	0.366514	0.0778749	0
3.79495	0.000822908	0.316535	0.0724339	0
3.79483	0.00083134	0.399833	0.0812756	0
3.7946	0.000799622	0.199917	0.057471	0
3.79391	0.000813697	0.249896	0.0642723	0
3.79309	0.000795277	0.233236	0.0622319	0
3.79408	0.000813503	0.349854	0.0761746	0
3.79437	0.000830432	0.283215	0.0683531	0
3.79407	0.000824335	0.299875	0.0703935	0
3.79491	0.000836464	0.349854	0.0761746	0
3.79379	0.000825956	0.266556	0.0663127	0
3.79392	0.000813049	0.233236	0.0622319	0
3.79449	0.000832572	0.383174	0.0795753	0
3.79406	0.000810454	0.366514	0.0778749	0
3.79436	0.0008292	0.283215	0.0683531	0
3.79469	0.000799363	0.299875	0.0703935	0
3.79456	0.000811881	0.316535	0.0724339	0
3.79461	0.000807017	0.183257	0.0550906	0
3.79521	0.000801179	0.316535	0.0724339	0
3.79531	0.000848269	0.433153	0.0877368	0
3.7946	0.000838345	0.299875	0.0703935	0
3.794	0.000818108	0.366514	0.0778749	0
3.79487	0.000809481	0.283215	0.0683531	0
3.79574	0.000824529	0.366514	0.0778749	0
3.79536	0.000830497	0.233236	0.0622319	0
3.79434	0.000808314	0.249896	0.0642723	0
3.79436	0.000788466	0.216576	0.0598515	0
3.79519	0.000819795	0.366514	0.0778749	0
3.79555	0.000818822	0.199917	0.0622319	0
3.79475	0.000815773	0.266556	0.0663127	0
3.7957	0.000802282	0.166597	0.0527101	0
3.79546	0.000787688	0.249896	0.0642723	0
3.7945	0.000790606	0.183257	0.0550906	0
3.79569	0.000811816	0.349854	0.0761746	0
3.79609	0.000831275	0.316535	0.0724339	0
3.79431	0.000827837	0.349854	0.0761746	0
3.7949	0.000832637	0.216576	0.0598515	0
3.79589	0.000813957	0.283215	0.0683531	0
3.79554	0.000813957	0.166597	0.0527101	0
3.79501	0.000810714	0.199917	0.057471	0
3.7949	0.000811881	0.383174	0.0829759	0
3.79566	0.000843015	0.316535	0.0724339	0
3.7948	0.000822973	0.266556	0.0663127	0
3.79512	0.000820832	0.333195	0.0741342	0
3.7958	0.000814411	0.283215	0.0683531	0
3.79504	0.000836205	0.249896	0.0642723	0
3.79518	0.000828681	0.283215	0.0683531	0
3.79546	0.000813957	0.316535	0.0724339	0
3.79598	0.000824659	0.349854	0.0761746	0
3.79632	0.000787947	0.216576	0.0598515	0
3.79567	0.000806498	0.349854	0.0761746	0
3.79611	0.000817978	0.333195	0.0741342	0
3.79627	0.000821805	0.299875	0.0703935	0
3.79475	0.000826281	0.233236	0.0622319	0
3.7957	0.00081013	0.283215	0.0683531	0
3.79709	0.000811038	0.216576	0.0598515	0
3.79574	0.000804422	0.249896	0.0642723	0
3.7976	0.000857285	0.316535	0.0724339	0
3.79732	0.00081013	0.199917	0.057471	0
3.79555	0.000804163	0.166597	0.0527101	0
3.79688	0.000802022	0.249896	0.0642723	0
3.79628	0.000819276	0.216576	0.0598515	0
3.79612	0.000798649	0.233236	0.0622319	0
3.79633	0.000802801	0.299875	0.0703935	0
3.79685	0.000833805	0.183257	0.0550906	0
3.79589	0.000819535	0.316535	0.0724339	0
3.79541	0.000807665	0.233236	0.0622319	0
3.79612	0.000844183	0.366514	0.0778749	0
3.79625	0.000802476	0.199917	0.057471	0
3.79624	0.000778283	0.183257	0.0550906	0
3.796	0.000789439	0.249896	0.0642723	0
3.79685	0.000791385	0.233236	0.0622319	0
3.79708	0.000785288	0.183257	0.0550906	0
3.79665	0.000815903	0.249896	0.0642723	0
3.79667	0.000807146	0.249896	0.0642723	0
3.79594	0.000827059	0.316535	0.0724339	0
3.79709	0.000825113	0.333195	0.0741342	0
3.79691	0.000799298	0.283215	0.0683531	0
3.79689	0.000829135	0.266556	0.0703935	0
3.79774	0.000823427	0.166597	0.0527101	0
3.79759	0.000803709	0.249896	0.0642723	0
3.79694	0.000798779	0.233236	0.0622319	0
3.79707	0.000781396	0.166597	0.0527101	0
3.79731	0.000775623	0.216576	0.0598515	0
3.7969	0.000799298	0.199917	0.057471	0
3.79644	0.000768099	0.116618	0.0438684	0
3.79751	0.000802476	0.416493	0.0829759	0
3.79868	0.000841977	0.366514	0.0812756	0
3.79684	0.000806952	0.199917	0.057471	0
3.79737	0.000844831	0.266556	0.0663127	0
3.79815	0.000817784	0.316535	0.0724339	0
3.79704	0.000809676	0.216576	0.0598515	0
3.79703	0.000795277	0.166597	0.0527101	0
3.79697	0.000780488	0.249896	0.0642723	0
3.79687	0.000798844	0.183257	0.0550906	0
3.79768	0.000777893	0.316535	0.0724339	0
3.79841	0.000815903	0.299875	0.0703935	0
3.79891	0.000800271	0.333195	0.0741342	0
3.7981	0.000828681	0.299875	0.0703935	0
3.79783	0.000813049	0.249896	0.0642723	0
3.7974	0.000803774	0.199917	0.057471	0
3.79811	0.000808638	0.216576	0.0598515	0
3.79758	0.000798909	0.266556	0.0663127	0
3.79802	0.000809806	0.249896	0.0642723	0
3.79908	0.000810454	0.133278	0.046929	0
3.79888	0.000803384	0.316535	0.0724339	0
3.79821	0.000799233	0.116618	0.0438684	0
3.79809	0.000824724	0.199917	0.057471	0
3.799	0.000791709	0.233236	0.0622319	0
3.79856	0.000823167	0.183257	0.0550906	0
3.79834	0.00081266	0.266556	0.0663127	0
3.79877	0.000817719	0.249896	0.0642723	0
3.79896	0.000805395	0.233236	0.0622319	0
3.79836	0.000805136	0.316535	0.0724339	0
3.79865	0.000799168	0.166597	0.0527101	0
3.79899	0.000779904	0.149938	0.0499896	0
3.79845	0.000776077	0.283215	0.0683531	0
3.79892	0.000811816	0.199917	0.057471	0
3.79836	0.000810389	0.216576	0.0598515	0
3.79894	0.000810779	0.349854	0.0761746	0
3.79894	0.00078185	0.149938	0.0499896	0
3.79918	0.000782823	0.283215	0.0683531	0
3.79847	0.000810973	0.316535	0.0724339	0
3.7976	0.00079839	0.149938	0.0499896	0
3.79881	0.000801374	0.299875	0.0703935	0
3.79945	0.000831275	0.366514	0.0778749	0
3.80014	0.000825697	0.233236	0.0622319	0
3.80036	0.000814151	0.349854	0.0761746	0
3.80011	0.000813373	0.349854	0.0761746	0
3.80039	0.00081493	0.283215	0.0683531	0
3.80001	0.00078918	0.216576	0.0598515	0
3.79879	0.000798325	0.116618	0.0438684	0
3.79922	0.000770759	0.166597	0.0527101	0
3.80025	0.00080079	0.283215	0.0683531	0
3.80032	0.00079826	0.333195	0.0741342	0
3.79961	0.00076771	0.116618	0.0438684	0
3.79879	0.000804941	0.233236	0.0622319	0
3.79996	0.000804357	0.199917	0.057471	0
3.8012	0.000828356	0.383174	0.0795753	0
3.79902	0.000798779	0.233236	0.0622319	0
3.79914	0.000805849	0.199917	0.057471	0
3.80014	0.000785936	0.166597	0.0527101	0
3.79993	0.00078678	0.183257	0.0550906	0
3.80053	0.000801049	0.283215	0.0683531	0
3.80023	0.000801893	0.283215	0.0683531	0
3.8004	0.000825956	0.283215	0.0683531	0
3.79952	0.000782628	0.233236	0.0622319	0
3.79971	0.000780812	0.149938	0.0499896	0
3.7999	0.000783212	0.166597	0.0527101	0
3.80075	0.000787753	0.266556	0.0663127	0
3.80161	0.000809611	0.216576	0.0598515	0
3.80087	0.000811816	0.316535	0.0724339	0
3.80082	0.000805784	0.233236	0.0622319	0
3.80305	0.000830821	0.416493	0.0829759	0
3.80181	0.000835167	0.399833	0.0812756	0
3.80203	0.000787947	0.183257	0.0550906	0
3.80059	0.000785547	0.183257	0.0550906	0
3.80065	0.00079612	0.216576	0.0598515	0
3.8022	0.000795731	0.199917	0.057471	0
3.8012	0.000771602	0.249896	0.0642723	0
3.80048	0.00081493	0.333195	0.0778749	0
3.80111	0.000795341	0.183257	0.0550906	0
3.8015	0.000791839	0.299875	0.0703935	0
3.80114	0.000779061	0.233236	0.0622319	0
3.8011	0.00079599	0.199917	0.057471	0
3.80239	0.000817459	0.399833	0.0812756	0
3.80222	0.000807146	0.199917	0.057471	0
3.8013	0.000786844	0.233236	0.0622319	0
3.80152	0.000780553	0.266556	0.0663127	0
3.80272	0.000795212	0.233236	0.0622319	0
3.80157	0.000829978	0.249896	0.0642723	0
3.80197	0.000814476	0.249896	0.0642723	0
3.80234	0.000828486	0.249896	0.0642723	0
3.80065	0.000763753	0.149938	0.0499896	0
3.80185	0.000771472	0.183257	0.0550906	0
3.80191	0.000791125	0.199917	0.057471	0
3.80212	0.000798195	0.183257	0.0550906	0
3.80245	0.000788207	0.133278	0.046929	0
3.80217	0.000782045	0.183257	0.0550906	0
3.80219	0.000779839	0.133278	0.046929	0
3.80214	0.000797676	0.199917	0.057471	0
3.8022	0.000789828	0.183257	0.0550906	0
3.80264	0.000804682	0.249896	0.0642723	0
3.80313	0.00078652	0.166597	0.0527101	0
3.80182	0.000815449	0.249896	0.0642723	0
3.80233	0.000800141	0.216576	0.0598515	0
3.80209	0.000784574	0.149938	0.0499896	0
3.8018	0.000794628	0.233236	0.0622319	0
3.80244	0.000814735	0.283215	0.0683531	0
3.80289	0.000796249	0.199917	0.057471	0
3.803	0.000813243	0.249896	0.0642723	0
3.80286	0.000810649	0.283215	0.0683531	0
3.80286	0.00081467	0.233236	0.0622319	0
3.80271	0.00078678	0.183257	0.0550906	0
3.80277	0.000779839	0.149938	0.0499896	0
3.80361	0.000760056	0.183257	0.0550906	0
3.80364	0.000812984	0.149938	0.0499896	0
3.80383	0.000797417	0.266556	0.0663127	0
3.80355	0.000781915	0.149938	0.0499896	0
3.80285	0.000783796	0.199917	0.057471	0
3.80423	0.000785223	0.249896	0.0642723	0
3.80507	0.000799493	0.299875	0.0703935	0
3.80275	0.000806498	0.183257	0.0550906	0
3.80252	0.000781137	0.199917	0.057471	0
3.80416	0.000769137	0.183257	0.0598515	0
3.80365	0.000780034	0.166597	0.0527101	0
3.80477	0.00077718	0.199917	0.057471	0
3.80442	0.00079359	0.249896	0.0642723	0
3.80402	0.000796444	0.149938	0.0499896	0
3.80456	0.000799039	0.216576	0.0598515	0
3.80378	0.000777893	0.183257	0.0550906	0
3.80313	0.000793525	0.149938	0.0499896	0
3.8034	0.000788207	0.233236	0.0622319	0
3.80418	0.000797871	0.166597	0.0527101	0
3.80479	0.0008076	0.233236	0.0622319	0
3.80362	0.000775558	0.166597	0.0527101	0
3.80425	0.000793201	0.216576	0.0598515	0
3.80346	0.000796055	0.283215	0.0683531	0
3.80289	0.000787623	0.116618	0.0438684	0
3.80473	0.00078198	0.166597	0.057471	0
3.8046	0.000785288	0.199917	0.057471	0
3.80501	0.000768424	0.183257	0.0550906	0
3.80422	0.000784509	0.183257	0.0550906	0
3.80418	0.000772445	0.183257	0.0550906	0
3.8044	0.000798779	0.199917	0.057471	0
3.80542	0.000785547	0.249896	0.0642723	0
3.80616	0.000777115	0.0832986	0.0370671	0
3.8053	0.000769332	0.149938	0.0499896	0
3.80511	0.00078412	0.266556	0.0663127	0
3.80558	0.000792098	0.216576	0.0598515	0
3.80489	0.000770045	0.116618	0.0438684	0
3.80469	0.000780877	0.183257	0.0550906	0
3.80544	0.000773223	0.133278	0.046929	0
3.80516	0.000774196	0.233236	0.0622319	0
3.80456	0.000769591	0.166597	0.0527101	0
3.80498	0.000770045	0.116618	0.0438684	0
3.80483	0.000762586	0.233236	0.0622319	0
3.80612	0.000799622	0.216576	0.0598515	0
3.80626	0.000809222	0.366514	0.0778749	0
3.80601	0.000767905	0.199917	0.057471	0
3.80544	0.000785936	0.233236	0.0622319	0
3.80461	0.000793785	0.233236	0.0622319	0
3.80526	0.000772964	0.149938	0.0499896	0
3.80604	0.000792552	0.316535	0.0724339	0
3.80566	0.000802476	0.166597	0.0527101	0
3.80551	0.000794044	0.166597	0.0527101	0
3.80574	0.000771926	0.249896	0.0642723	0
3.80484	0.00079372	0.233236	0.0622319	0
3.80445	0.000781915	0.116618	0.0438684	0
3.80597	0.000762716	0.283215	0.0683531	0
3.80711	0.000797222	0.299875	0.0703935	0
3.80668	0.000781785	0.0999584	0.0408078	0
3.80586	0.000770888	0.133278	0.046929	0
3.80741	0.000771732	0.233236	0.0622319	0
3.80662	0.000774196	0.166597	0.0527101	0
3.80682	0.000766997	0.116618	0.0438684	0
3.80716	0.000789698	0.183257	0.0550906	0
3.80759	0.000815449	0.216576	0.0598515	0
3.80694	0.000778088	0.133278	0.046929	0
3.80678	0.000765764	0.216576	0.0598515	0
3.80786	0.000781396	0.233236	0.0663127	0
3.80825	0.000800012	0.199917	0.057471	0
3.80792	0.000791385	0.216576	0.0598515	0
3.80841	0.000794109	0.249896	0.0642723	0
3.80783	0.00078412	0.166597	0.0527101	0
3.80711	0.000777958	0.133278	0.046929	0
3.80781	0.000779126	0.266556	0.0663127	0
3.80753	0.000771926	0.166597	0.0527101	0
3.80789	0.000811427	0.199917	0.057471	0
3.80829	0.000815514	0.249896	0.0642723	0
3.80736	0.000836983	0.216576	0.0598515	0
3.80649	0.000785353	0.199917	0.057471	0
3.80706	0.000766089	0.0999584	0.0408078	0
3.80784	0.000796314	0.183257	0.0550906	0
3.808	0.000799622	0.183257	0.0550906	0
3.80778	0.000796704	0.116618	0.0438684	0
3.80854	0.000783082	0.116618	0.0438684	0
3.8083	0.000768683	0.166597	0.0527101	0
3.80744	0.000761678	0.0999584	0.0408078	0
3.80832	0.000793785	0.199917	0.057471	0
3.80904	0.000790088	0.199917	0.057471	0
3.80866	0.000762521	0.0499792	0.0289055	0
3.80838	0.00078172	0.216576	0.0598515	0
3.80819	0.000759408	0.149938	0.0499896	0
3.80795	0.000748122	0.0999584	0.0408078	0
3.80845	0.000769591	0.116618	0.0438684	0
3.80795	0.00077945	0.166597	0.0527101	0
3.80805	0.000762327	0.183257	0.0550906	0
3.80826	0.000771861	0.149938	0.0499896	0
3.80896	0.000778931	0.183257	0.0550906	0
3.80862	0.000765051	0.199917	0.057471	0
3.80817	0.000776791	0.183257	0.0598515	0
3.80808	0.00077718	0.266556	0.0663127	0
3.80967	0.000787363	0.116618	0.0438684	0
3.80913	0.000788725	0.266556	0.0663127	0
3.80898	0.00080066	0.283215	0.0683531	0
3.80974	0.000784055	0.116618	0.0438684	0
3.8092	0.000766737	0.216576	0.0598515	0
3.80964	0.000783212	0.149938	0.0499896	0
3.80959	0.000790606	0.183257	0.0550906	0
3.80953	0.000789569	0.183257	0.0550906	0
3.81033	0.000769851	0.149938	0.0499896	0
3.81048	0.000769786	0.233236	0.0622319	0
3.8094	0.000783536	0.166597	0.0527101	0
3.81103	0.000794174	0.216576	0.0598515	0
3.81031	0.00079839	0.183257	0.0550906	0
3.81	0.000773872	0.199917	0.0622319	0
3.81088	0.000769656	0.199917	0.057471	0
3.81097	0.000808249	0.216576	0.0642723	0
3.81108	0.000821351	0.216576	0.0598515	0
3.81135	0.00077932	0.183257	0.0550906	0
3.80992	0.000784899	0.116618	0.0438684	0
3.8098	0.000788336	0.183257	0.0550906	0
3.81013	0.000752208	0.0832986	0.0370671	0
3.80926	0.000775558	0.0666389	0.0333264	0
3.81036	0.000780164	0.183257	0.0550906	0
3.81032	0.000756619	0.116618	0.0438684	0
3.81008	0.000782628	0.166597	0.0527101	0
3.81151	0.000776337	0.149938	0.0499896	0
3.81091	0.000769267	0.166597	0.0527101	0
3.81048	0.000768748	0.183257	0.0550906	0
3.81046	0.000766802	0.166597	0.0527101	0
3.81092	0.000765245	0.0999584	0.0408078	0
3.81196	0.000784963	0.133278	0.046929	0
3.81171	0.000783472	0.233236	0.0622319	0
3.81042	0.000781266	0.0999584	0.0408078	0
3.8119	0.000754867	0.199917	0.057471	0
3.81192	0.000771083	0.116618	0.0438684	0
3.81191	0.000753959	0.0999584	0.0408078	0
3.8118	0.000749743	0.166597	0.0527101	0
3.81082	0.000744684	0.0832986	0.0370671	0
3.81128	0.000757916	0.133278	0.046929	0
3.81172	0.000777893	0.183257	0.0550906	0
3.81182	0.000779969	0.166597	0.0527101	0
3.81191	0.000767451	0.133278	0.046929	0
3.81186	0.000743452	0.116618	0.0438684	0
3.81179	0.000768553	0.166597	0.0527101	0
3.81136	0.00077958	0.183257	0.0550906	0
3.8117	0.0007513	0.0333195	0.0234645	0
3.81124	0.0007585	0.199917	0.057471	0
3.81211	0.000766348	0.199917	0.057471	0
3.81122	0.000775948	0.116618	0.0438684	0
3.81187	0.000757527	0.133278	0.046929	0
3.81224	0.000763559	0.149938	0.0499896	0
3.81119	0.000771407	0.116618	0.0438684	0
3.8121	0.000768164	0.116618	0.0438684	0
3.81322	0.000777569	0.166597	0.0527101	0
3.81217	0.000776856	0.133278	0.046929	0
3.81208	0.000754932	0.116618	0.0438684	0
3.81333	0.000771342	0.216576	0.0598515	0
3.81274	0.000760964	0.0499792	0.0289055	0
3.81225	0.00075837	0.116618	0.0438684	0
3.81236	0.000755451	0.0499792	0.0289055	0
3.813	0.00075597	0.116618	0.0438684	0
3.81289	0.000770953	0.166597	0.0527101	0
3.81354	0.00076064	0.166597	0.0527101	0
3.8137	0.000776791	0.149938	0.0499896	0
3.81354	0.000759278	0.0832986	0.0370671	0
3.81245	0.000746241	0.133278	0.046929	0
3.81373	0.000788142	0.233236	0.0622319	0
3.81388	0.000778023	0.149938	0.0499896	0
3.81328	0.000771667	0.233236	0.0622319	0
3.81391	0.00080773	0.133278	0.046929	0
3.81244	0.000768618	0.0832986	0.0370671	0
3.81288	0.000766932	0.183257	0.0550906	0
3.81458	0.000764143	0.149938	0.0499896	0
3.81322	0.000759862	0.133278	0.046929	0
3.81364	0.000780293	0.166597	0.0527101	0
3.81423	0.000781915	0.133278	0.046929	0
3.81413	0.000778996	0.0999584	0.0408078	0
3.81451	0.000748122	0.0999584	0.0408078	0
3.81429	0.000749938	0.133278	0.046929	0
3.81497	0.000772899	0.233236	0.0622319	0
3.81531	0.000767191	0.216576	0.0598515	0
3.8142	0.000763689	0.116618	0.0438684	0
3.81414	0.000756035	0.0999584	0.0408078	0
3.8151	0.000750132	0.0999584	0.0408078	0
3.81511	0.000762586	0.149938	0.0499896	0
3.81448	0.000754673	0.133278	0.046929	0
3.8161	0.000769267	0.166597	0.0527101	0
3.81581	0.000783472	0.149938	0.0499896	0
3.81535	0.000768878	0.249896	0.0642723	0
3.8153	0.000796249	0.116618	0.0438684	0
3.8154	0.000790217	0.183257	0.0550906	0
3.81556	0.000789504	0.199917	0.057471	0
3.81464	0.000761808	0.0499792	0.0289055	0
3.81435	0.000764208	0.199917	0.057471	0
3.81557	0.000777439	0.183257	0.0550906	0
3.81498	0.000775818	0.116618	0.0438684	0
3.81441	0.000763235	0.0666389	0.0333264	0
3.81526	0.000766283	0.149938	0.0499896	0
3.81665	0.000776142	0.183257	0.0598515	0
3.81581	0.000779385	0.216576	0.0598515	0
3.81617	0.000806887	0.133278	0.046929	0
3.8167	0.00076771	0.166597	0.0527101	0
3.81517	0.000760251	0.116618	0.0438684	0
3.8154	0.000775558	0.149938	0.0499896	0
3.81618	0.000752727	0.0666389	0.0333264	0
3.81686	0.000769461	0.166597	0.0527101	0
3.81661	0.000764337	0.0333195	0.0234645	0
3.81677	0.000759148	0.133278	0.046929	0
3.81757	0.000743841	0.0499792	0.0289055	0
3.81763	0.000770564	0.133278	0.046929	0
3.81834	0.000771667	0.0832986	0.0370671	0
3.81665	0.000762002	0.116618	0.0438684	0
3.81639	0.000759148	0.183257	0.0550906	0
3.81764	0.000761808	0.149938	0.0499896	0
3.81797	0.000763235	0.166597	0.0527101	0
3.81761	0.000757527	0.0832986	0.0370671	0
3.81687	0.000757332	0.149938	0.0499896	0
3.81558	0.000772575	0.199917	0.057471	0
3.81596	0.000756359	0.0333195	0.0234645	0
3.81614	0.000762521	0.0333195	0.0234645	0
3.81698	0.000757138	0.149938	0.0499896	0
3.81769	0.00075143	0.116618	0.0438684	0
3.81735	0.000757981	0.133278	0.046929	0
3.8178	0.00077264	0.133278	0.046929	0
3.81749	0.000740663	0.0832986	0.0370671	0
3.81628	0.000748705	0.0999584	0.0408078	0
3.81731	0.000769461	0.166597	0.0527101	0
3.81776	0.000759083	0.116618	0.0438684	0
3.81821	0.000788271	0.216576	0.0598515	0
3.81818	0.000779385	0.149938	0.0499896	0
3.81728	0.000756489	0.0832986	0.0370671	0
3.81855	0.000775753	0.249896	0.0642723	0
3.81892	0.000772186	0.0999584	0.0408078	0
3.81854	0.000786974	0.149938	0.0499896	0
3.81965	0.000779904	0.149938	0.0499896	0
3.81971	0.000755192	0.133278	0.046929	0
3.81872	0.000769137	0.133278	0.046929	0
3.81884	0.000745527	0.0499792	0.0289055	0
3.81891	0.000741311	0.133278	0.046929	0
3.81908	0.000765894	0.0999584	0.0408078	0
3.82	0.000791904	0.249896	0.0642723	0
3.81991	0.000784445	0.183257	0.0550906	0
3.81967	0.000786715	0.0999584	0.0408078	0
3.81927	0.000785158	0.166597	0.0527101	0
3.81937	0.000745138	0.0832986	0.0370671	0
3.81942	0.000756554	0.0999584	0.0408078	0
3.81859	0.000775623	0.133278	0.046929	0
3.81834	0.000750846	0.133278	0.046929	0
3.8185	0.000748835	0.0832986	0.0370671	0
3.81796	0.000768099	0.116618	0.0438684	0
3.81886	0.000784055	0.133278	0.046929	0
3.81961	0.000780293	0.166597	0.0527101	0
3.81844	0.00074877	0.0832986	0.0370671	0
3.81905	0.000771407	0.149938	0.0499896	0
3.8196	0.000765505	0.0499792	0.0289055	0
3.81915	0.000743452	0.0666389	0.0333264	0
3.82038	0.000773742	0.199917	0.057471	0
3.82048	0.000778866	0.0999584	0.0408078	0
3.82002	0.000746954	0.0832986	0.0370671	0
3.82001	0.000745851	0.0832986	0.0370671	0
3.82064	0.000763753	0.133278	0.046929	0
3.82055	0.000767386	0.116618	0.0438684	0
3.82101	0.000773937	0.166597	0.0527101	0
3.82114	0.000764726	0.116618	0.0438684	0
3.82068	0.000769786	0.149938	0.0499896	0
3.82116	0.000777829	0.216576	0.0598515	0
3.82112	0.000767191	0.133278	0.046929	0
3.82171	0.000779385	0.199917	0.057471	0
3.82141	0.000779061	0.116618	0.0438684	0
3.82091	0.00078185	0.149938	0.0499896	0
3.82146	0.000760964	0.116618	0.0438684	0
3.82107	0.000769397	0.116618	0.0438684	0
3.82118	0.000786715	0.183257	0.0550906	0
3.8205	0.000762521	0.149938	0.0499896	0
3.82057	0.000759343	0.149938	0.0499896	0
3.82095	0.000770694	0.133278	0.046929	0
3.82115	0.000808638	0.199917	0.057471	0
3.82117	0.000802087	0.166597	0.0527101	0
3.82134	0.000773677	0.0999584	0.0408078	0
3.82185	0.000747149	0.183257	0.0550906	0
3.82283	0.000778737	0.149938	0.0499896	0
3.82204	0.000785742	0.149938	0.0499896	0
3.82185	0.000764467	0.116618	0.0438684	0
3.82179	0.00074877	0.0832986	0.0370671	0
3.82188	0.00074903	0.116618	0.0438684	0
3.82253	0.000758889	0.116618	0.0438684	0
3.82185	0.000786909	0.249896	0.0642723	0
3.82161	0.000771796	0.0666389	0.0333264	0
3.82211	0.000747538	0.0666389	0.0333264	0
3.8229	0.000756684	0.116618	0.0438684	0
3.82299	0.000768229	0.149938	0.0499896	0
3.82356	0.000758175	0.133278	0.046929	0
3.82261	0.000777439	0.116618	0.0438684	0
3.82163	0.000723669	0.0999584	0.0408078	0
3.82238	0.000762002	0.149938	0.0499896	0
3.82318	0.00076051	0.116618	0.0438684	0
3.82262	0.000754284	0.0499792	0.0289055	0
3.82176	0.00073729	0.116618	0.0438684	0
3.82224	0.000759537	0.166597	0.0527101	0
3.82351	0.000761613	0.0832986	0.0370671	0
3.822	0.000752273	0.0832986	0.0370671	0
3.82172	0.000738782	0.0832986	0.0370671	0
3.82259	0.000740857	0.133278	0.046929	0
3.82329	0.000748187	0.116618	0.0438684	0
3.82341	0.000757916	0.0832986	0.0370671	0
3.82347	0.000744943	0.149938	0.0499896	0
3.82274	0.000753311	0.116618	0.0438684	0
3.82281	0.0007537	0.0832986	0.0370671	0
3.82443	0.000744425	0.0666389	0.0333264	0
3.82408	0.000764856	0.133278	0.046929	0
3.8245	0.000762521	0.133278	0.046929	0
3.82548	0.000745722	0.133278	0.046929	0
3.82526	0.000758305	0.149938	0.0499896	0
3.82473	0.000781655	0.0832986	0.0370671	0
3.82413	0.0007537	0.133278	0.046929	0
3.8247	0.000755775	0.166597	0.0527101	0
3.82525	0.000752078	0.133278	0.046929	0
3.82423	0.000761029	0.0666389	0.0333264	0
3.82444	0.000762716	0.0999584	0.0408078	0
3.82517	0.000775429	0.166597	0.0527101	0
3.82495	0.000754348	0.133278	0.046929	0
3.82446	0.000777245	0.0999584	0.0408078	0
3.82561	0.000778283	0.183257	0.0550906	0
3.82555	0.000758629	0.116618	0.0438684	0
3.82454	0.000766413	0.116618	0.0499896	0
3.82471	0.000754413	0.116618	0.0438684	0
3.82619	0.000749354	0.149938	0.0499896	0
3.82547	0.000760316	0.133278	0.046929	0
3.8243	0.00076051	0.0832986	0.0370671	0
3.82549	0.000755646	0.116618	0.0438684	0
3.82605	0.000748511	0.166597	0.0527101	0
3.82521	0.000763753	0.0832986	0.0370671	0
3.82574	0.000778412	0.133278	0.046929	0
3.82506	0.000786909	0.199917	0.057471	0
3.82545	0.000766024	0.0666389	0.0333264	0
3.82654	0.000750457	0.0832986	0.0370671	0
3.82679	0.000759927	0.0999584	0.0408078	0
3.82715	0.00077491	0.166597	0.0527101	0
3.82609	0.000773807	0.183257	0.0550906	0
3.82639	0.000779904	0.0999584	0.0408078	0
3.8266	0.000772186	0.0999584	0.0408078	0
3.82592	0.000769721	0.0999584	0.0408078	0
3.82681	0.000770045	0.133278	0.046929	0
3.82701	0.000769591	0.0832986	0.0370671	0
3.82601	0.000767126	0.116618	0.0438684	0
3.82608	0.000748187	0.0333195	0.0234645	0
3.82672	0.000747733	0.199917	0.057471	0
3.82686	0.000752921	0.0832986	0.0370671	0
3.82741	0.00073716	0.0999584	0.0408078	0
3.82812	0.000755127	0.183257	0.0550906	0
3.82776	0.000753116	0.133278	0.046929	0
3.82619	0.000765375	0.116618	0.0438684	0
3.82656	0.000744943	0.0166597	0.0166632	0
3.82652	0.000742349	0.133278	0.046929	0
3.82741	0.000753311	0.133278	0.046929	0
3.82733	0.000733593	0.0832986	0.0370671	0
3.82739	0.000754867	0.166597	0.0527101	0
3.82716	0.000750522	0.0666389	0.0333264	0
3.8274	0.000753311	0.0832986	0.0370671	0
3.8279	0.000768553	0.133278	0.046929	0
3.82876	0.000790347	0.166597	0.0527101	0
3.82761	0.000759732	0.0832986	0.0370671	0
3.82728	0.000747278	0.0666389	0.0333264	0
3.82799	0.000787363	0.249896	0.0642723	0
0	0	0	0	0
0	0	0	0	0
0	0	0	0	0
0	0	0	0	0
0	0	0	0	0
0	0	0	0	0
0	0	0	0	0
0	0	0	0	0
0	0	0	0	0
0	0	0	0	0
0	0	0	0	0
0	0	0	0	0
0	0	0	0	0
0	0	0	0	0
0	0	0	0	0
0	0	0	0	0
0	0	0	0	0
0	0	0	0	0
0	0	0	0	0
0	0	0	0	0
0	0	0	0	0
0	0	0	0	0
0	0	0	0	0
0	0	0	0	0
0	0	0	0	0
0	0	0	0	0
0	0	0	0	0
0	0	0	0	0
0	0	0	0	0
0	0	0	0	0
0	0	0	0	0
0	0	0	0	0
0	0	0	0	0
0	0	0	0	0
0	0	0	0	0
0	0	0	0	0
0	0	0	0	0
0	0	0	0	0
0	0	0	0	0
0	0	0	0	0
0	0	0	0	0
0	0	0	0	0
0	0	0	0	0
0	0	0	0	0
0	0	0	0	0
0	0	0	0	0
0	0	0	0	0
0	0	0	0	0
0	0	0	0	0
0	0	0	0	0
0	0	0	0	0
0	0	0	0	0
0	0	0	0	0
0	0	0	0	0
0	0	0	0	0
0	0	0	0	0
0	0	0	0	0
0	0	0	0	0
0	0	0	0	0
0	0	0	0	0
0	0	0	0	0
0	0	0	0	0
0	0	0	0	0
0	0	0	0	0
0	0	0	0	0
0	0	0	0	0
0	0	0	0	0
0	0	0	0	0
0	0	0	0	0
0	0	0	0	0
0	0	0	0	0
0	0	0	0	0
0	0	0	0	0
0	0	0	0	0
0	0	0	0	0
0	0	0	0	0
0	0	0	0	0
0	0	0	0	0
0	0	0	0	0
0	0	0	0	0
0	0	0	0	0
0	0	0	0	0
0	0	0	0	0
0	0	0	0	0
0	0	0	0	0
0	0	0	0	0
0	0	0	0	0
0	0	0	0	0
0	0	0	0	0
0	0	0	0	0
0	0	0	0	0
0	0	0	0	0
0	0	0	0	0
0	0	0	0	0
0	0	0	0	0
0	0	0	0	0
0	0	0	0	0
0	0	0	0	0
0	0	0	0	0
0	0	0	0	0
0	0	0	0	0
0	0	0	0	0
0	0	0	0	0
0	0	0	0	0
0	0	0	0	0
0	0	0	0	0
0	0	0	0	0
0	0	0	0	0
0	0	0	0	0
0	0	0	0	0
0	0	0	0	0
0	0	0	0	0
0	0	0	0	0
0	0	0	0	0
0	0	0	0	0
0	0	0	0	0
0	0	0	0	0
0	0	0	0	0
0	0	0	0	0
0	0	0	0	0
0	0	0	0	0
0	0	0	0	0
0	0	0	0	0
0	0	0	0	0
0	0	0	0	0
0	0	0	0	0
0	0	0	0	0
0	0	0	0	0
0	0	0	0	0
0	0	0	0	0
0	0	0	0	0
0	0	0	0	0
0	0	0	0	0
0	0	0	0	0
0	0	0	0	0
0	0	0	0	0
0	0	0	0	0
0	0	0	0	0
0	0	0	0	0
0	0	0	0	0
0	0	0	0	0
0	0	0	0	0
0	0	0	0	0
0	0	0	0	0
0	0	0	0	0
0	0	0	0	0
0	0	0	0	0
0	0	0	0	0
0	0	0	0	0
0	0	0	0	0
0	0	0	0	0
0	0	0	0	0
0	0	0	0	0
0	0	0	0	0
0	0	0	0	0
0	0	0	0	0
0	0	0	0	0
0	0	0	0	0
0	0	0	0	0
0	0	0	0	0
0	0	0	0	0
0	0	0	0	0
0	0	0	0	0
0	0	0	0	0
0	0	0	0	0
0	0	0	0	0
0	0	0	0	0
0	0	0	0	0
0	0	0	0	0
0	0	0	0	0
0	0	0	0	0
0	0	0	0	0
0	0	0	0	0
0	0	0	0	0
0	0	0	0	0
0	0	0	0	0
0	0	0	0	0
0	0	0	0	0
0	0	0	0	0
0	0	0	0	0
0	0	0	0	0
0	0	0	0	0
0	0	0	0	0
0	0	0	0	0
0	0	0	0	0
0	0	0	0	0
0	0	0	0	0
0	0	0	0	0
0	0	0	0	0
0	0	0	0	0
0	0	0	0	0
0	0	0	0	0
0	0	0	0	0
0	0	0	0	0
0	0	0	0	0
0	0	0	0	0
0	0	0	0	0
0	0	0	0	0
0	0	0	0	0
0	0	0	0	0
0	0	0	0	0
0	0	0	0	0
0	0	0	0	0
0	0	0	0	0
0	0	0	0	0
0	0	0	0	0
0	0	0	0	0
0	0	0	0	0
0	0	0	0	0
0	0	0	0	0
0	0	0	0	0
0	0	0	0	0
0	0	0	0	0
0	0	0	0	0
0	0	0	0	0
0	0	0	0	0
0	0	0	0	0
0	0	0	0	0
0	0	0	0	0
0	0	0	0	0
0	0	0	0	0
0	0	0	0	0
0	0	0	0	0
0	0	0	0	0
0	0	0	0	0
0	0	0	0	0
0	0	0	0	0
0	0	0	0	0
0	0	0	0	0
0	0	0	0	0
0	0	0	0	0
0	0	0	0	0
0	0	0	0	0
0	0	0	0	0
0	0	0	0	0
0	0	0	0	0
0	0	0	0	0
0	0	0	0	0
0	0	0	0	0
0	0	0	0	0
0	0	0	0	0
0	0	0	0	0
0	0	0	0	0
0	0	0	0	0
0	0	0	0	0
0	0	0	0	0
0	0	0	0	0
0	0	0	0	0
0	0	0	0	0
0	0	0	0	0
0	0	0	0	0
0	0	0	0	0
0	0	0	0	0
0	0	0	0	0
0	0	0	0	0
0	0	0	0	0
0	0	0	0	0
0	0	0	0	0
0	0	0	0	0
0	0	0	0	0
0	0	0	0	0
0	0	0	0	0
0	0	0	0	0
0	0	0	0	0
0	0	0	0	0
0	0	0	0	0
0	0	0	0	0
0	0	0	0	0
0	0	0	0	0
0	0	0	0	0
0	0	0	0	0
0	0	0	0	0
0	0	0	0	0
0	0	0	0	0
0	0	0	0	0
0	0	0	0	0
0	0	0	0	0
0	0	0	0	0
0	0	0	0	0
0	0	0	0	0
0	0	0	0	0
0	0	0	0	0
0	0	0	0	0
0	0	0	0	0
0	0	0	0	0
0	0	0	0	0
0	0	0	0	0
0	0	0	0	0
0	0	0	0	0
0	0	0	0	0
0	0	0	0	0
0	0	0	0	0
0	0	0	0	0
0	0	0	0	0
0	0	0	0	0
0	0	0	0	0
0	0	0	0	0
0	0	0	0	0
0	0	0	0	0
0	0	0	0	0
0	0	0	0	0
0	0	0	0	0
0	0	0	0	0
0	0	0	0	0
0	0	0	0	0
0	0	0	0	0
0	0	0	0	0
0	0	0	0	0
0	0	0	0	0
0	0	0	0	0
0	0	0	0	0
0	0	0	0	0
0	0	0	0	0
0	0	0	0	0
0	0	0	0	0
0	0	0	0	0
0	0	0	0	0
0	0	0	0	0
0	0	0	0	0
0	0	0	0	0
0	0	0	0	0
0	0	0	0	0
0	0	0	0	0
0	0	0	0	0
0	0	0	0	0
0	0	0	0	0
0	0	0	0	0
0	0	0	0	0
0	0	0	0	0
0	0	0	0	0
0	0	0	0	0
0	0	0	0	0
0	0	0	0	0
0	0	0	0	0
0	0	0	0	0
0	0	0	0	0
0	0	0	0	0
0	0	0	0	0
0	0	0	0	0
0	0	0	0	0
0	0	0	0	0
0	0	0	0	0
0	0	0	0	0
0	0	0	0	0
0	0	0	0	0
0	0	0	0	0
0	0	0	0	0
0	0	0	0	0
0	0	0	0	0
0	0	0	0	0
0	0	0	0	0
0	0	0	0	0
0	0	0	0	0
0	0	0	0	0
0	0	0	0	0
0	0	0	0	0
0	0	0	0	0
0	0	0	0	0
0	0	0	0	0
0	0	0	0	0
0	0	0	0	0
0	0	0	0	0
0	0	0	0	0
0	0	0	0	0
0	0	0	0	0
0	0	0	0	0
0	0	0	0	0
0	0	0	0	0
0	0	0	0	0
0	0	0	0	0
0	0	0	0	0
0	0	0	0	0
0	0	0	0	0
0	0	0	0	0
0	0	0	0	0
0	0	0	0	0
0	0	0	0	0
0	0	0	0	0
0	0	0	0	0
0	0	0	0	0
0	0	0	0	0
0	0	0	0	0
0	0	0	0	0
0	0	0	0	0
0	0	0	0	0
0	0	0	0	0
0	0	0	0	0
0	0	0	0	0
0	0	0	0	0
0	0	0	0	0
0	0	0	0	0
0	0	0	0	0
0	0	0	0	0
0	0	0	0	0
0	0	0	0	0
0	0	0	0	0
0	0	0	0	0
0	0	0	0	0
0	0	0	0	0
0	0	0	0	0
