a2610602.350063
Narit-cm 06/01/2026 02:05:01 06/01/2026 02:35:00 0045 0013.384714 0052.542598 00.0 00.0
0002401 0010 0000000 0010 05 0000000 0010 0000000 0010
1 0 1 01600 1 0000 3.75 00000.o 0 0 01 000 16 002401 0.500 BT0
1 2 1 02000 1 0000 3.75 00000.o 0 0 01 000 16 002401 0.500 S2A0
1 1 1 01600 1 0000 3.75 00000.o 0 0 00 000 00 002401 3.1746 BC0
1 3 1 02000 1 0000 3.75 00000.o 0 0 00 000 00 002401 3.1746 S2P0
1 5 0 01600 0 0000 1.00 00000.o 0 0 00 000 00 000000 0.000 OF0
0.000 .o Analog 0 	0.000 .o Analog StErr 0 	0.000 .o Photon Counting 0 	0.000 .o PC StErr 0 	0.000 .o Overflow Info 0 
27.066	0.156437	177.576	0.877708	0
61.5248	0.332286	195.119	0.872607	0
247.327	2.21306	118.634	1.33986	0
471.993	0.126705	1.56601	0.161871	0
473.457	0	0	0	0
473.457	0	0.0333195	0.0234645	0
473.457	0	20.7913	0.608377	0
473.457	1.2713E-5	19.6751	0.618239	0
473.457	0	4.21491	0.282934	0
473.457	0	12.9446	0.484593	0
473.457	0	46.1808	0.812416	0
473.457	0	118.151	1.0525	0
473.457	0	163.165	1.00931	0
473.457	0	132.611	1.07631	0
473.457	0	75.9683	0.963745	0
473.457	0	49.9958	0.78351	0
473.457	0	57.576	0.819557	0
473.457	0	73.3861	0.877368	0
473.457	0	91.4619	0.895732	0
473.457	0	100.908	0.901853	0
473.457	0	115.602	0.948782	0
473.457	0	141.658	0.907974	0
473.457	0	165.414	0.913415	0
473.457	0	182.924	0.900153	0
473.457	0	194.752	0.88893	0
473.457	0	199.633	0.870567	0
473.457	0	203.648	0.882469	0
473.457	0	204.182	0.901853	0
473.457	0	203.798	0.894712	0
473.457	0	204.298	0.88689	0
473.457	0	203.265	0.896072	0
473.457	0	201.883	0.897432	0
473.539	0.0262588	204.065	0.879069	1
475.988	0.148196	203.149	0.899472	1
489.721	0.241626	202.832	0.883489	1
499.822	0.0370182	202.082	0.88485	1
500	0	202.949	0.88519	1
500	0	202.199	0.896072	1
499.944	0.019647	201.15	0.88791	1
497.609	0.163173	201.899	0.880429	1
480.085	0.441901	201.816	0.896752	1
438.678	0.565816	201.166	0.880089	1
391.568	0.566404	202.882	0.907634	1
347.695	0.54221	202.382	0.88655	0
306.226	0.551897	202.166	0.883829	0
265.416	0.550199	204.048	0.900153	0
227.061	0.530982	202.132	0.878729	0
191.31	0.512766	202.799	0.897432	0
158.123	0.479472	201.166	0.876688	0
128.559	0.437865	203.815	0.880429	0
102.742	0.394663	199.967	0.875328	0
80.7114	0.341313	199.717	0.876688	0
62.5818	0.287824	199.45	0.879749	0
48.0214	0.241228	197.451	0.855264	0
36.764	0.196053	197.051	0.865806	0
28.2161	0.153067	195.519	0.904233	0
21.7787	0.122003	194.835	0.862405	0
17.1383	0.0966017	191.637	0.859005	0
13.7501	0.0760207	191.32	0.849823	0
11.233	0.0599023	188.305	0.859685	0
9.45014	0.0480464	188.871	0.855604	0
8.18117	0.0392901	184.89	0.858665	0
7.2379	0.0333556	184.456	0.838261	0
6.59215	0.0295101	182.174	0.853904	0
6.14921	0.0272216	180.125	0.853904	0
5.76926	0.0250512	177.309	0.830099	0
5.48293	0.0233633	174.577	0.824998	0
5.28754	0.0225376	174.227	0.852884	0
5.1226	0.0218463	169.846	0.83656	0
5.04463	0.021173	168.83	0.860025	0
5.0237	0.0203029	166.597	0.850163	0
4.97259	0.0210484	163.482	0.83622	0
4.95117	0.0205344	164.881	0.857644	0
4.9774	0.0196757	162.982	0.857304	0
4.96461	0.0195278	162.166	0.867166	0
4.95246	0.01948	159.833	0.839281	0
4.99591	0.0192601	159.334	0.853224	0
5.05528	0.0194624	157.651	0.831459	0
5.06948	0.0189779	157.351	0.862405	0
5.08672	0.0188576	157.501	0.846082	0
5.17693	0.0185991	156.135	0.846762	0
5.25234	0.0185506	153.003	0.850503	0
5.26838	0.0181786	154.186	0.861045	0
5.31626	0.0182342	154.586	0.846082	0
5.37149	0.0179142	151.12	0.871247	0
5.40051	0.0178667	151.537	0.849143	0
5.44277	0.0176464	148.688	0.853224	0
5.51531	0.0173064	150.937	0.864106	0
5.58295	0.0173874	149.005	0.8318	0
5.62254	0.0166464	149.721	0.858665	0
5.69695	0.0171275	148.871	0.853224	0
5.75133	0.0164084	148.372	0.850503	0
5.77475	0.0165024	146.156	0.825338	0
5.85633	0.0168475	147.755	0.843362	0
5.92682	0.016743	146.789	0.842001	0
5.94421	0.0164925	146.289	0.865126	0
5.9515	0.0166002	145.573	0.856964	0
5.97878	0.0163552	145.09	0.828399	0
6.02443	0.0157676	144.823	0.820917	0
6.04358	0.0157905	143.54	0.831119	0
6.09471	0.0157536	143.024	0.827379	0
6.17742	0.0156698	143.707	0.845062	0
6.23973	0.0157941	142.857	0.814796	0
6.30348	0.0156824	142.574	0.8335	0
6.35171	0.0159636	143.257	0.8352	0
6.37643	0.0157165	140.142	0.831119	0
6.39343	0.0152764	141.758	0.849483	0
6.41729	0.0154284	140.541	0.864446	0
6.45603	0.0158069	139.642	0.847783	0
6.46727	0.0154095	139.425	0.852203	0
6.46906	0.0151481	139.409	0.861385	0
6.5197	0.0153519	138.242	0.840641	0
6.56536	0.0151437	140.625	0.839621	0
6.57432	0.0151728	139.142	0.852884	0
6.58772	0.0152101	138.792	0.840301	0
6.62591	0.0150419	139.142	0.846082	0
6.6472	0.0149942	137.343	0.8369	0
6.65658	0.0144068	137.893	0.83282	0
6.69129	0.0145404	135.427	0.846082	0
6.69951	0.0145539	136.51	0.837581	0
6.71356	0.014244	137.876	0.829759	0
6.73385	0.0146872	135.194	0.853564	0
6.73742	0.0150276	136.56	0.858325	0
6.74304	0.0149916	136.027	0.851523	0
6.7379	0.0145781	135.36	0.83282	0
6.75256	0.0144185	133.978	0.854924	0
6.77325	0.014149	134.994	0.860705	0
6.75627	0.0142198	134.777	0.845402	0
6.72876	0.0139442	132.012	0.847443	0
6.71148	0.0140924	131.412	0.840301	0
6.69926	0.0139959	131.645	0.847783	0
6.69448	0.0137929	131.928	0.837581	0
6.69261	0.0132396	128.846	0.820577	0
6.66903	0.0133494	129.213	0.856624	0
6.64865	0.0134094	129.329	0.83486	0
6.63565	0.0135603	127.28	0.838601	0
6.62282	0.0132797	128.197	0.845742	0
6.62494	0.0131161	128.796	0.844722	0
6.61916	0.0130591	127.913	0.847783	0
6.59809	0.0133078	125.464	0.83486	0
6.59342	0.0129025	125.698	0.842342	0
6.60341	0.0126887	126.914	0.850163	0
6.58979	0.0128308	124.998	0.838941	0
6.56718	0.0124583	125.664	0.847102	0
6.56302	0.012465	123.832	0.8335	0
6.552	0.0126808	124.548	0.854244	0
6.53407	0.0123173	124.765	0.843702	0
6.52038	0.0126923	123.948	0.865126	0
6.48875	0.0124238	121.1	0.856964	0
6.47593	0.0123031	120.716	0.8352	0
6.48997	0.012073	120.766	0.844722	0
6.46912	0.0123975	119.567	0.854584	0
6.43963	0.0122215	121.416	0.839621	0
6.43534	0.0120519	119.317	0.842342	0
6.40979	0.0116911	117.951	0.821257	0
6.37931	0.0118326	118.967	0.829759	0
6.36421	0.0116182	115.985	0.827719	0
6.34654	0.0119175	118.917	0.840301	0
6.32056	0.0118112	117.001	0.840641	0
6.30251	0.0115369	115.052	0.847102	0
6.28438	0.0116101	115.085	0.83622	0
6.25837	0.0111491	113.453	0.853564	0
6.23923	0.011327	113.619	0.848803	0
6.22281	0.0114818	112.686	0.849823	0
6.19496	0.0115764	110.837	0.829759	0
6.16189	0.0111087	111.354	0.83452	0
6.14597	0.0109266	110.071	0.849823	0
6.136	0.0108332	110.904	0.861045	0
6.11197	0.0109098	110.004	0.83588	0
6.07846	0.0109419	108.405	0.859005	0
6.05813	0.0109771	107.472	0.824658	0
6.03849	0.0106152	105.539	0.83282	0
6.01587	0.0105768	107.355	0.844382	0
5.9982	0.0106225	103.84	0.8352	0
5.98221	0.0107363	106.472	0.827719	0
5.94674	0.0105547	103.807	0.830779	0
5.91408	0.0104384	102.791	0.848123	0
5.90594	0.0103328	102.291	0.843022	0
5.87744	0.0103834	101.941	0.844382	0
5.84532	0.0102291	102.007	0.8318	0
5.82731	0.0102199	100.358	0.847102	0
5.78802	0.0101101	99.242	0.856964	0
5.76955	0.010015	98.9754	0.839621	0
5.76237	0.00986153	97.6593	0.839621	0
5.72344	0.0100934	95.6102	0.838601	0
5.70285	0.00957711	96.693	0.820577	0
5.7025	0.00979946	96.11	0.83554	0
5.67302	0.00961013	94.344	0.844382	0
5.64042	0.00964483	93.8109	0.808675	0
5.6194	0.0095716	93.1279	0.823978	0
5.58984	0.00920727	91.7618	0.839281	0
5.55595	0.00920571	91.4119	0.830099	0
5.52977	0.00951685	88.913	0.852203	0
5.50617	0.0094228	89.4461	0.8318	0
5.48302	0.00884287	87.7968	0.830439	0
5.46011	0.00913501	87.0637	0.828739	0
5.43274	0.00885857	87.1803	0.845062	0
5.4127	0.00869239	86.7638	0.83588	0
5.39861	0.00854094	85.2145	0.807995	0
5.37272	0.00882244	84.6481	0.820917	0
5.35606	0.00865328	84.015	0.816497	0
5.33101	0.0086765	81.6993	0.803914	0
5.29011	0.00848353	80.4831	0.819897	0
5.27514	0.00849223	80.9663	0.828399	0
5.26522	0.00822168	79.0504	0.828059	0
5.23445	0.0083516	78.8172	0.823638	0
5.21307	0.00820184	77.5177	0.83486	0
5.19441	0.00807211	74.2357	0.805614	0
5.16803	0.00820806	75.4686	0.824658	0
5.15513	0.00786851	76.6181	0.818197	0
5.13495	0.00813542	73.1529	0.798133	0
5.10122	0.00778438	72.9196	0.83486	0
5.08159	0.00752454	71.137	0.801194	0
5.06842	0.00764785	70.9538	0.83554	0
5.0464	0.0078831	69.4044	0.805274	0
5.02434	0.00762521	68.4881	0.777729	0
5.00787	0.00749607	67.8551	0.823638	0
4.98766	0.00718733	66.8555	0.803234	0
4.9638	0.00702608	65.5893	0.788951	0
4.94779	0.00726529	65.3728	0.799153	0
4.93431	0.00718966	64.6397	0.788951	0
4.91918	0.00718823	64.5231	0.789971	0
4.90665	0.00698029	63.7568	0.78317	0
4.88661	0.00713012	61.7743	0.78385	0
4.8614	0.00714082	60.2915	0.78453	0
4.84176	0.00670138	59.4086	0.759706	0
4.82981	0.00671189	59.5752	0.770928	0
4.80969	0.00665461	57.7759	0.785891	0
4.79006	0.00666013	57.676	0.786231	0
4.77777	0.00669236	57.3928	0.775689	0
4.76268	0.00655641	55.227	0.764807	0
4.74762	0.00636409	53.8942	0.764467	0
4.74388	0.00638472	54.2774	0.763106	0
4.73073	0.00634438	54.0275	0.765827	0
4.71391	0.00626531	53.1612	0.770928	0
4.7056	0.00639575	53.6443	0.772968	0
4.69142	0.00628976	51.5952	0.762426	0
4.67002	0.00602246	51.3786	0.739642	0
4.6607	0.0059039	51.2453	0.756305	0
4.66049	0.00603141	50.3623	0.743723	0
4.63939	0.00589066	48.3465	0.738622	0
4.61882	0.00578831	47.7301	0.73012	0
4.61529	0.00586096	47.6635	0.747803	0
4.60727	0.00586478	48.1299	0.744403	0
4.59904	0.00582749	47.8967	0.735901	0
4.58066	0.00569653	44.5481	0.712097	0
4.55995	0.00558607	44.1983	0.721278	0
4.55558	0.00551641	43.7318	0.724339	0
4.54779	0.00555254	42.8322	0.712437	0
4.53562	0.00557932	42.3324	0.706656	0
4.52732	0.00543235	42.2324	0.689312	0
4.51649	0.00528161	42.1158	0.697474	0
4.50483	0.00538798	41.9159	0.718218	0
4.49638	0.00524178	41.0662	0.692033	0
4.48817	0.00529121	40.2499	0.695093	0
4.48001	0.00513275	39.4169	0.703255	0
4.47143	0.00517309	39.6668	0.701895	0
4.45861	0.00515487	38.334	0.697134	0
4.4463	0.00500095	38.3174	0.67877	0
4.43602	0.00500919	37.0012	0.694753	0
4.42894	0.00498123	37.2845	0.681491	0
4.41833	0.00498519	36.035	0.68013	0
4.40097	0.00495347	36.4681	0.693053	0
4.38637	0.00471108	34.0025	0.661087	0
4.37143	0.00475447	32.6531	0.645784	0
4.35713	0.00470608	32.9529	0.660067	0
4.35602	0.00465024	33.2362	0.649865	0
4.34604	0.00447744	31.7534	0.644764	0
4.32855	0.00434869	30.7705	0.622659	0
4.31972	0.00431749	29.9375	0.634562	0
4.3095	0.00433916	29.7376	0.62776	0
4.29921	0.00429382	28.8213	0.630481	0
4.29652	0.00430452	28.5214	0.621639	0
4.29082	0.00421812	28.4048	0.605996	0
4.28915	0.00416786	28.5381	0.614838	0
4.28439	0.00406894	28.4215	0.605316	0
4.26962	0.00411447	27.0387	0.597155	0
4.26019	0.00413971	26.8388	0.594434	0
4.25497	0.00397898	26.389	0.608377	0
4.24865	0.00393176	25.4894	0.585252	0
4.24279	0.0039241	25.556	0.585252	0
4.24215	0.00390186	26.1724	0.605656	0
4.23657	0.00390542	25.9392	0.590013	0
4.22322	0.00364104	24.4398	0.576751	0
4.2213	0.00380242	24.0566	0.579471	0
4.22347	0.0038429	24.1566	0.57573	0
4.21912	0.00379555	23.7901	0.580151	0
4.20868	0.00373918	23.257	0.577431	0
4.19887	0.00374677	22.0075	0.551246	0
4.19427	0.00363689	22.6572	0.570289	0
4.19444	0.00362554	23.3736	0.57403	0
4.19231	0.00365765	22.0075	0.552266	0
4.18748	0.0036629	22.2574	0.567569	0
4.18625	0.00367056	21.8242	0.559067	0
4.18332	0.00373892	22.6905	0.583212	0
4.17323	0.00355614	20.8247	0.543424	0
4.16642	0.00352267	21.8576	0.556007	0
4.16512	0.00358611	20.3082	0.550226	0
4.16215	0.00354959	20.858	0.550566	0
4.1585	0.0034918	20.2749	0.542404	0
4.15295	0.00345301	20.6581	0.544444	0
4.14842	0.00335533	20.7414	0.539683	0
4.14806	0.00348375	20.1416	0.540024	0
4.14171	0.00335234	20.5748	0.538323	0
4.13011	0.00332315	18.7422	0.52166	0
4.12683	0.00343232	18.8421	0.528121	0
4.12608	0.00334177	17.8592	0.513839	0
4.11797	0.00330389	18.6256	0.515199	0
4.11485	0.00325531	18.7922	0.528461	0
4.11002	0.00315951	17.4261	0.502276	0
4.10441	0.00317183	18.0758	0.5203	0
4.10267	0.00321555	17.4094	0.507037	0
4.09704	0.00323708	16.6431	0.497515	0
4.09066	0.00304425	16.06	0.485953	0
4.09163	0.00310301	17.2262	0.503977	0
4.08759	0.00316489	15.96	0.493775	0
4.07926	0.00296849	15.4769	0.479492	0
4.0812	0.00306409	16.6431	0.492414	0
4.07939	0.00301973	15.6935	0.485273	0
4.07094	0.00306371	15.3436	0.485613	0
4.06678	0.00286828	14.3773	0.460788	0
4.06857	0.00295247	15.6601	0.482893	0
4.06548	0.00291809	15.1437	0.480172	0
4.05909	0.00298334	14.7105	0.472691	0
4.05361	0.00290641	14.0108	0.450246	0
4.05005	0.00283571	13.8942	0.453307	0
4.05161	0.00286328	15.0271	0.475751	0
4.05356	0.00295577	14.5773	0.46793	0
4.04937	0.00281619	14.0941	0.451267	0
4.04295	0.00282449	14.6106	0.46691	0
4.0404	0.00271903	13.0612	0.460108	0
4.0419	0.00276631	14.5773	0.460108	0
4.04416	0.0028376	14.0608	0.465889	0
4.03396	0.00282404	12.8613	0.449566	0
4.02706	0.00275587	13.511	0.456708	0
4.03127	0.00272577	13.2945	0.448546	0
4.02661	0.00273044	13.3778	0.447186	0
4.01975	0.00269924	12.7114	0.438004	0
4.01809	0.00263964	12.4781	0.434263	0
4.01432	0.00261123	12.2616	0.433243	0
4.01182	0.00265708	12.4448	0.431543	0
4.01457	0.00265352	12.3449	0.441065	0
4.01225	0.0026888	12.2449	0.435283	0
4.00822	0.00266947	11.945	0.440044	0
4.00557	0.00264294	11.9284	0.436644	0
4.00369	0.00257892	11.7784	0.4193	0
4.00372	0.00257185	11.7451	0.4176	0
4.00085	0.00255181	11.9117	0.421001	0
3.99798	0.00251977	11.8451	0.426782	0
3.99747	0.00260104	12.3948	0.428482	0
3.99072	0.00250115	10.8288	0.423041	0
3.988	0.00250336	11.3453	0.421341	0
3.99177	0.00248351	11.0787	0.414539	0
3.98677	0.0024132	10.9954	0.407058	0
3.98025	0.0024839	10.8122	0.411479	0
3.97927	0.00241385	10.7955	0.409779	0
3.97621	0.00245355	10.2624	0.400597	0
3.97534	0.00239874	9.81258	0.398556	0
3.97633	0.00242566	9.71262	0.384954	0
3.97674	0.00241923	10.0458	0.390735	0
3.97918	0.00245938	10.8955	0.411479	0
3.97689	0.00242728	10.0791	0.396516	0
3.969	0.00244505	10.0292	0.404338	0
3.96628	0.00233271	9.64598	0.385634	0
3.96532	0.0023414	9.44606	0.389035	0
3.96268	0.00239906	10.2457	0.399577	0
3.95814	0.0023473	9.02957	0.379173	0
3.95652	0.00232453	9.71262	0.381213	0
3.95703	0.00229048	9.91254	0.394816	0
3.95686	0.00227252	9.89588	0.388354	0
3.95458	0.00228601	9.32945	0.386314	0
3.95365	0.00228348	9.49604	0.378833	0
3.95347	0.00223126	9.36277	0.372031	0
3.95039	0.0022024	8.96293	0.367951	0
3.94921	0.00227971	8.94627	0.36761	0
3.94995	0.00223178	9.46272	0.384274	0
3.94673	0.00226175	8.54644	0.371011	0
3.94364	0.00229593	9.22949	0.380873	0
3.94289	0.00215965	8.24656	0.358429	0
3.94093	0.00227089	9.47938	0.386654	0
3.93654	0.0022384	8.96293	0.373052	0
3.93662	0.0022816	8.77968	0.371011	0
3.93466	0.00215622	8.24656	0.357749	0
3.92879	0.00214506	8.3965	0.362169	0
3.92937	0.00214701	8.67972	0.36421	0
3.93087	0.00210608	8.59642	0.372371	0
3.93182	0.00220837	8.81299	0.376452	0
3.93025	0.00224326	8.6464	0.369991	0
3.92709	0.00214577	7.81341	0.353328	0
3.92549	0.00215862	7.91337	0.351627	0
3.9238	0.00208364	7.51354	0.342446	0
3.92267	0.0020885	8.37984	0.36251	0
3.92366	0.00212619	8.02999	0.355368	0
3.92125	0.00213261	8.12995	0.36455	0
3.9143	0.00208993	7.06372	0.339385	0
3.91076	0.00202409	7.21366	0.337005	0
3.91618	0.00205315	7.61349	0.351287	0
3.91635	0.00208844	7.74677	0.349247	0
3.91057	0.00203622	7.29696	0.337345	0
3.90895	0.00207177	7.78009	0.351287	0
3.90567	0.00199542	6.64723	0.320001	0
3.90447	0.0019916	6.88047	0.329183	0
3.90899	0.00204524	7.39692	0.346186	0
3.90779	0.0020165	7.04706	0.334284	0
3.90455	0.00197032	7.04706	0.340745	0
3.90765	0.00199802	7.46356	0.342446	0
3.90822	0.00200911	7.26364	0.335984	0
3.9019	0.00196974	6.71387	0.323742	0
3.89773	0.00196448	6.41399	0.319321	0
3.89683	0.00198193	7.06372	0.327823	0
3.89442	0.00197058	7.13036	0.330543	0
3.89067	0.00192356	6.28072	0.31354	0
3.89021	0.00195612	6.81383	0.333944	0
3.89162	0.00191499	6.56393	0.316601	0
3.89022	0.00192887	6.53061	0.332584	0
3.88859	0.00193543	6.66389	0.325442	0
3.88856	0.0019495	6.48063	0.317961	0
3.88654	0.00187342	5.79758	0.308099	0
3.88572	0.00186875	6.13078	0.304358	0
3.8895	0.00189917	6.21408	0.315581	0
3.8915	0.00199043	6.36401	0.3132	0
3.88982	0.00192933	7.0304	0.329863	0
3.88822	0.00199166	7.23032	0.342786	0
3.8849	0.00189301	6.69721	0.334284	0
3.88183	0.00185772	6.51395	0.317621	0
3.87749	0.00180654	5.88088	0.304018	0
3.87523	0.00180466	5.44773	0.300958	0
3.87581	0.00183158	5.78092	0.302318	0
3.87562	0.00183476	5.28113	0.286335	0
3.87176	0.00177003	5.63099	0.297217	0
3.87315	0.00180285	5.94752	0.31184	0
3.8747	0.0017651	5.44773	0.291776	0
3.87477	0.00184449	5.98084	0.3115	0
3.87226	0.00183898	5.64765	0.299597	0
3.86905	0.00176795	5.24781	0.292116	0
3.87098	0.00181608	5.73095	0.299257	0
3.86997	0.0017795	5.73095	0.301978	0
3.86566	0.00178216	5.1312	0.282934	0
3.86403	0.00174635	5.43107	0.288375	0
3.86443	0.00175608	5.73095	0.306739	0
3.86233	0.00176231	5.08122	0.285995	0
3.85832	0.00171684	5.26447	0.289736	0
3.85905	0.00176166	5.48105	0.295177	0
3.86128	0.00169589	5.39775	0.290756	0
3.86019	0.00170646	5.03124	0.276813	0
3.85927	0.00174428	5.18117	0.289055	0
3.85835	0.00169336	5.09788	0.286335	0
3.85694	0.00170646	4.8813	0.288375	0
3.85614	0.00167941	4.8813	0.282254	0
3.85632	0.00170043	4.798	0.282594	0
3.85398	0.00167001	4.78134	0.275113	0
3.84936	0.00169433	4.31487	0.264911	0
3.85052	0.00164958	5.11454	0.287695	0
3.85179	0.0016549	4.93128	0.278513	0
3.84692	0.00168006	4.38151	0.265591	0
3.84743	0.00165152	4.78134	0.282254	0
3.8488	0.00166884	5.23115	0.292796	0
3.84502	0.00162895	4.24823	0.263551	0
3.84272	0.0015685	4.36485	0.264231	0
3.84589	0.00155546	4.34819	0.267971	0
3.8486	0.00166132	4.69804	0.276133	0
3.84811	0.00164828	4.6314	0.277833	0
3.84526	0.00166793	4.19825	0.256749	0
3.84343	0.00153477	4.73136	0.274093	0
3.84362	0.00157317	4.59808	0.266611	0
3.84011	0.00157998	3.9317	0.254369	0
3.83666	0.00155507	4.34819	0.266951	0
3.83886	0.00155728	4.01499	0.255389	0
3.83763	0.00153977	4.11495	0.255729	0
3.83257	0.00151745	3.4319	0.236005	0
3.83368	0.00150967	4.24823	0.264571	0
3.83521	0.00155352	4.18159	0.25947	0
3.83398	0.00154697	4.13161	0.257429	0
3.8335	0.00155118	3.64848	0.240766	0
3.83272	0.00152783	3.81508	0.247908	0
3.83041	0.00148074	3.56518	0.239746	0
3.83076	0.00147484	3.39858	0.239406	0
3.83016	0.0014559	3.58184	0.235665	0
3.82674	0.00142781	3.36526	0.229204	0
3.82764	0.00144169	3.69846	0.240086	0
3.82781	0.00148788	3.73178	0.249948	0
3.82612	0.00146615	3.53186	0.239746	0
3.82518	0.00143994	3.69846	0.242466	0
3.82419	0.00148827	3.29863	0.232945	0
3.82022	0.0014666	3.23199	0.233625	0
3.81974	0.0014596	3.09871	0.222063	0
3.82387	0.00147912	3.54852	0.240426	0
3.82454	0.00154735	3.44856	0.237366	0
3.82309	0.00145992	3.44856	0.234985	0
3.82471	0.00148794	3.36526	0.231584	0
3.82476	0.00146109	4.03165	0.247908	0
3.82279	0.00149021	3.39858	0.241786	0
3.82303	0.00147056	3.29863	0.234305	0
3.82242	0.00145648	3.4319	0.237025	0
3.82041	0.00139052	3.21533	0.226823	0
3.82078	0.0014474	3.74844	0.244847	0
3.82184	0.00145875	3.79842	0.247227	0
3.81926	0.00145116	3.3486	0.230904	0
3.81759	0.00141906	3.4319	0.233625	0
3.81688	0.00142139	3.28197	0.234985	0
3.81438	0.00137774	2.88213	0.216281	0
3.8144	0.00141082	3.24865	0.226823	0
3.81502	0.00143715	2.88213	0.217642	0
3.81175	0.00135848	2.86547	0.214581	0
3.80994	0.00133104	2.74885	0.211861	0
3.81189	0.00135231	2.81549	0.211521	0
3.81237	0.00136399	3.23199	0.227504	0
3.81237	0.00135205	2.83215	0.214581	0
3.8135	0.00139908	3.18201	0.225803	0
3.81268	0.00140038	3.06539	0.225803	0
3.812	0.00143106	3.3486	0.233285	0
3.81023	0.00135854	3.13203	0.224443	0
3.80701	0.00134927	2.81549	0.21016	0
3.80895	0.00136483	2.88213	0.214921	0
3.80928	0.00136911	3.08205	0.219002	0
3.80634	0.0013673	2.68222	0.212201	0
3.80803	0.00140647	3.3486	0.235665	0
3.80748	0.00140407	3.18201	0.231924	0
3.80571	0.0013612	2.78217	0.212881	0
3.806	0.00137411	2.74885	0.2105	0
3.80614	0.00135647	2.68222	0.20948	0
3.80372	0.00131969	2.78217	0.215601	0
3.80429	0.0013481	2.74885	0.20914	0
3.80267	0.00127753	2.69888	0.21016	0
3.80198	0.00128259	2.54894	0.205059	0
3.8019	0.00131677	2.73219	0.215261	0
3.80129	0.00132261	2.5656	0.21084	0
3.80136	0.00134233	3.03207	0.222403	0
3.80158	0.00133318	2.46564	0.203359	0
3.80091	0.00131333	2.49896	0.203019	0
3.79971	0.0013036	2.79883	0.213561	0
3.79856	0.00129789	2.41566	0.198598	0
3.79744	0.00122492	2.399	0.195197	0
3.8004	0.00131969	2.6489	0.20846	0
3.80085	0.00135634	2.399	0.198258	0
3.79873	0.00126274	2.38234	0.194517	0
3.79961	0.00130496	2.63224	0.20642	0
3.80015	0.00133928	2.73219	0.20982	0
3.79851	0.00127428	2.49896	0.201659	0
3.79896	0.00135932	2.78217	0.212881	0
3.79709	0.00128148	2.33236	0.194177	0
3.79462	0.00129316	2.66556	0.20914	0
3.79617	0.00125956	2.61558	0.20744	0
3.79459	0.00121027	2.36568	0.198258	0
3.7926	0.00125982	2.44898	0.199958	0
3.79482	0.00125372	2.53228	0.204379	0
3.79507	0.00127448	2.16576	0.187716	0
3.79516	0.00125859	2.6489	0.20982	0
3.79492	0.0012534	2.71554	0.212201	0
3.7936	0.00124724	1.98251	0.184995	0
3.79157	0.00121098	2.2324	0.188736	0
3.79207	0.00126203	2.33236	0.192817	0
3.79183	0.00123089	2.41566	0.197238	0
3.78904	0.00121396	1.81591	0.170033	0
3.788	0.00114475	1.99917	0.177854	0
3.79054	0.00124179	2.53228	0.205739	0
3.78989	0.00125048	2.34902	0.191797	0
3.79035	0.0012318	2.29904	0.192817	0
3.78968	0.00124406	2.58226	0.203359	0
3.7899	0.00129212	2.26572	0.194517	0
3.788	0.0012532	2.46564	0.201999	0
3.78614	0.00122317	2.21574	0.188396	0
3.78642	0.00117323	1.86589	0.178534	0
3.78591	0.00114112	1.78259	0.170033	0
3.78653	0.00121078	2.09913	0.191117	0
3.78603	0.00117141	1.83257	0.172413	0
3.78521	0.0011504	2.08247	0.181255	0
3.7864	0.00120423	2.41566	0.199958	0
3.78558	0.00116305	2.24906	0.191117	0
3.78523	0.00117907	2.09913	0.181935	0
3.78447	0.00117128	2.2324	0.190437	0
3.78113	0.00113587	1.59933	0.163571	0
3.78048	0.00112815	1.86589	0.173773	0
3.78256	0.00111122	1.83257	0.178534	0
3.78302	0.00115721	1.79925	0.172413	0
3.78115	0.00116065	1.91587	0.175814	0
3.78085	0.00111797	1.71595	0.166972	0
3.78067	0.00108586	1.74927	0.170373	0
3.78057	0.00113898	2.06581	0.182275	0
3.77973	0.00112588	1.63265	0.163231	0
3.78001	0.0011061	1.54935	0.15745	0
3.78111	0.00115851	1.98251	0.180235	0
3.78155	0.00114255	1.78259	0.171733	0
3.77964	0.00116687	2.04915	0.184655	0
3.77832	0.00112043	1.71595	0.170373	0
3.77771	0.00111868	1.66597	0.166632	0
3.77998	0.00115883	1.74927	0.170373	0
3.77997	0.00112633	1.71595	0.165612	0
3.77864	0.0011382	1.69929	0.167992	0
3.77828	0.00112296	1.71595	0.168672	0
3.7773	0.00110084	1.66597	0.163231	0
3.77557	0.00103845	1.43274	0.151669	0
3.77517	0.00106692	1.56601	0.160171	0
3.77632	0.00104694	1.49938	0.162211	0
3.77692	0.00104383	1.54935	0.159151	0
3.77727	0.00113263	1.76593	0.171053	0
3.77696	0.0011048	1.53269	0.163571	0
3.77539	0.0010819	1.29946	0.148608	0
3.77553	0.00105875	1.68263	0.165612	0
3.77682	0.00114047	1.78259	0.178194	0
3.77362	0.00110006	1.64931	0.167312	0
3.77148	0.00108138	1.43274	0.153709	0
3.77298	0.00111044	1.68263	0.167312	0
3.77379	0.00109267	1.53269	0.15847	0
3.77367	0.00109682	1.73261	0.166292	0
3.77398	0.00106446	1.61599	0.162551	0
3.77397	0.00115688	1.78259	0.179554	0
3.77394	0.00107834	1.49938	0.15677	0
3.7722	0.00106653	1.61599	0.162551	0
3.77393	0.00115838	1.74927	0.171733	0
3.77409	0.00110558	1.29946	0.146568	0
3.77222	0.00109423	1.61599	0.162551	0
3.77367	0.00108333	1.56601	0.15847	0
3.77319	0.00109689	1.83257	0.172413	0
3.77055	0.00109176	1.43274	0.15541	0
3.76989	0.00105207	1.48272	0.15779	0
3.77123	0.00108638	1.49938	0.15847	0
3.77165	0.00112549	1.73261	0.167992	0
3.77051	0.00108599	1.38276	0.152689	0
3.77132	0.00114391	1.69929	0.171393	0
3.77099	0.0010651	1.61599	0.160851	0
3.76868	0.00105317	1.23282	0.143167	0
3.76818	0.00101088	1.39942	0.152009	0
3.76947	0.00101879	1.43274	0.151669	0
3.77034	0.00106225	1.43274	0.15541	0
3.76896	0.00101211	1.34944	0.147248	0
3.76806	0.00100258	1.46606	0.15507	0
3.76821	0.00103747	1.43274	0.151669	0
3.76873	0.00105589	1.39942	0.149969	0
3.76678	0.0010339	1.33278	0.148268	0
3.7661	0.00101308	1.51603	0.15575	0
3.76782	0.00102988	1.33278	0.150309	0
3.76686	0.0010413	1.34944	0.149289	0
3.76726	0.00107853	1.24948	0.145888	0
3.7668	0.00101938	1.2828	0.145888	0
3.76545	0.00100115	0.932945	0.127524	0
3.76554	0.000995117	1.34944	0.147248	0
3.76686	0.00104396	1.21616	0.140107	0
3.76714	0.00104552	1.48272	0.15609	0
3.76585	0.00100887	1.4494	0.15439	0
3.76441	0.00100984	1.24948	0.143848	0
3.76462	0.00101724	1.09954	0.133646	0
3.76599	0.00102787	1.26614	0.142827	0
3.76709	0.00101905	1.51603	0.15575	0
3.76584	0.000995506	0.949604	0.124464	0
3.76396	0.00100634	1.34944	0.147248	0
3.76523	0.0010138	1.38276	0.15473	0
3.76413	0.000981237	1.1995	0.139087	0
3.76474	0.00104688	1.4494	0.15439	0
3.76579	0.00103643	1.26614	0.144868	0
3.76473	0.0010221	1.33278	0.146568	0
3.76459	0.00106296	1.26614	0.146908	0
3.76441	0.00106588	1.46606	0.153369	0
3.76413	0.00101373	1.24948	0.143848	0
3.76376	0.0010197	1.49938	0.15677	0
3.76479	0.00103384	1.34944	0.150989	0
3.76384	0.00103274	1.24948	0.143848	0
3.76247	0.00100537	1.18284	0.140447	0
3.76322	0.00102385	1.21616	0.142147	0
3.7634	0.00101665	1.2828	0.143848	0
3.76299	0.00105966	1.14952	0.140447	0
3.76208	0.00105369	1.1995	0.141127	0
3.76123	0.00100991	1.16618	0.137386	0
3.7629	0.00104441	1.21616	0.142147	0
3.76289	0.00103974	1.39942	0.153709	0
3.76181	0.00104	1.33278	0.146568	0
3.76244	0.00102703	1.09954	0.133646	0
3.76289	0.00102275	1.38276	0.149289	0
3.76246	0.000978383	1.24948	0.142147	0
3.76078	0.000977021	1.0329	0.129565	0
3.76073	0.000985258	1.1162	0.136366	0
3.76166	0.00100245	1.23282	0.141127	0
3.76238	0.00100005	1.26614	0.146908	0
3.76122	0.00101282	1.21616	0.140107	0
3.76046	0.000976437	1.06622	0.135686	0
3.76143	0.000987723	1.23282	0.141127	0
3.76148	0.00102444	1.31612	0.149289	0
3.761	0.00103352	1.24948	0.143848	0
3.76072	0.00102508	1.16618	0.139427	0
3.7612	0.00104746	1.3661	0.150309	0
3.76046	0.00102424	1.14952	0.136366	0
3.75976	0.00100361	1.1162	0.134326	0
3.75924	0.000997387	0.999584	0.127524	0
3.7594	0.000987528	1.21616	0.142147	0
3.75986	0.000973713	1.13286	0.135346	0
3.7585	0.000947054	0.733028	0.109501	0
3.75808	0.000945627	1.06622	0.133646	0
3.75898	0.000989799	1.14952	0.138407	0
3.76002	0.00100841	1.06622	0.135686	0
3.75925	0.00100024	1.04956	0.132625	0
3.75877	0.000978837	1.29946	0.146568	0
3.75839	0.00101587	1.13286	0.135346	0
3.75849	0.000996804	1.06622	0.133646	0
3.75778	0.000955876	1.0329	0.131605	0
3.7568	0.000957562	0.999584	0.127524	0
3.75751	0.00096554	1.04956	0.130585	0
3.75733	0.00096541	1.04956	0.132625	0
3.75788	0.000957432	1.13286	0.135346	0
3.75847	0.000994988	1.16618	0.139427	0
3.75658	0.000950881	0.949604	0.124464	0
3.75669	0.000945627	0.916285	0.122083	0
3.75624	0.000945173	0.899625	0.121063	0
3.75571	0.000931552	0.916285	0.122083	0
3.75654	0.000959702	1.13286	0.137386	0
3.75673	0.000968524	1.0329	0.131605	0
3.7542	0.000936222	0.749688	0.110861	0
3.75468	0.000952827	1.1995	0.141127	0
3.7562	0.000956589	0.882965	0.120043	0
3.75421	0.000927466	0.982924	0.126504	0
3.75415	0.00089497	0.849646	0.117663	0
3.75537	0.000922147	0.816327	0.115282	0
3.75549	0.000938493	0.982924	0.128545	0
3.75633	0.000984739	0.949604	0.124464	0
3.75689	0.000962492	1.04956	0.132625	0
3.75527	0.000893478	0.916285	0.124464	0
3.75473	0.000912094	0.949604	0.126504	0
3.75592	0.000943681	1.0329	0.129565	0
3.75585	0.000953022	0.866306	0.118683	0
3.75561	0.000953411	1.06622	0.135686	0
3.75521	0.000939919	0.949604	0.124464	0
3.75531	0.000929866	1.14952	0.138407	0
3.75394	0.000968264	0.999584	0.129565	0
3.75399	0.000994793	1.16618	0.137386	0
3.75474	0.000958665	0.966264	0.125484	0
3.75483	0.000933693	0.866306	0.118683	0
3.75487	0.000948806	1.16618	0.137386	0
3.7542	0.00095127	0.866306	0.118683	0
3.75333	0.00092098	0.783007	0.113242	0
3.75445	0.000967745	1.1995	0.141127	0
3.75438	0.000950751	0.866306	0.118683	0
3.75211	0.000953216	0.899625	0.123444	0
3.7539	0.000964567	0.949604	0.124464	0
3.75482	0.000947249	0.916285	0.122083	0
3.75503	0.000956784	1.13286	0.137386	0
3.75474	0.000995312	0.999584	0.131605	0
3.7518	0.00090204	0.832986	0.116642	0
3.75201	0.000934795	0.733028	0.109501	0
3.7535	0.000969432	0.866306	0.118683	0
3.75318	0.000940244	1.13286	0.135346	0
3.75347	0.000973648	0.899625	0.121063	0
3.7517	0.000897305	0.749688	0.110861	0
3.75162	0.000878884	0.733028	0.111881	0
3.75408	0.000911315	0.749688	0.110861	0
3.75366	0.000902105	0.882965	0.120043	0
3.75229	0.000910407	0.932945	0.125484	0
3.75401	0.000919488	0.832986	0.116642	0
3.75343	0.000917347	0.999584	0.127524	0
3.75208	0.000922731	0.916285	0.122083	0
3.75295	0.000955422	0.982924	0.126504	0
3.75303	0.000924677	0.916285	0.122083	0
3.75237	0.000941736	0.799667	0.114262	0
3.75207	0.00095393	0.916285	0.124464	0
3.75199	0.000957757	0.832986	0.116642	0
3.75168	0.000913326	0.866306	0.121063	0
3.75221	0.000924223	0.849646	0.117663	0
3.75193	0.000907553	0.982924	0.128545	0
3.75224	0.000922536	0.866306	0.118683	0
3.7517	0.000902559	0.733028	0.109501	0
3.75197	0.000934212	0.749688	0.110861	0
3.75193	0.000969821	1.06622	0.135686	0
3.75207	0.000954384	0.866306	0.118683	0
3.75123	0.000950946	0.982924	0.126504	0
3.75039	0.000914234	0.949604	0.124464	0
3.75098	0.00088764	0.982924	0.130585	0
3.75096	0.000935444	0.882965	0.120043	0
3.75202	0.000911185	0.916285	0.122083	0
3.75016	0.000879273	0.716368	0.108141	0
3.75009	0.000903143	0.716368	0.115622	0
3.74932	0.000892246	0.899625	0.123444	0
3.74917	0.000878495	0.716368	0.108141	0
3.7512	0.000909175	0.766347	0.111881	0
3.75243	0.000939465	1.01624	0.128545	0
3.75109	0.000883878	0.849646	0.117663	0
3.75017	0.000927336	0.63307	0.10202	0
3.75052	0.00090885	0.816327	0.117663	0
3.75099	0.00092312	0.916285	0.124464	0
3.74932	0.000916829	0.699708	0.107121	0
3.74916	0.000908072	0.766347	0.111881	0
3.74945	0.000941217	1.0329	0.129565	0
3.75075	0.000910277	0.816327	0.117663	0
3.75033	0.000900743	0.949604	0.124464	0
3.75015	0.000928244	0.816327	0.117663	0
3.75053	0.000937066	0.966264	0.129565	0
3.75036	0.00092098	0.733028	0.109501	0
3.74917	0.000908786	0.716368	0.108141	0
3.74876	0.000905932	0.63307	0.10202	0
3.74985	0.00093045	0.699708	0.107121	0
3.75056	0.000907099	0.966264	0.125484	0
3.75023	0.000923055	0.899625	0.121063	0
3.74991	0.000927531	0.882965	0.120043	0
3.74981	0.000900483	0.816327	0.115282	0
3.74981	0.000880765	0.699708	0.109501	0
3.74966	0.000869868	0.766347	0.111881	0
3.75009	0.000913715	0.766347	0.111881	0
3.7506	0.00091605	0.832986	0.116642	0
3.75131	0.000878819	0.649729	0.10338	0
3.74926	0.000894646	0.699708	0.107121	0
3.74855	0.000868636	0.799667	0.114262	0
3.74996	0.000880116	0.63307	0.10202	0
3.7507	0.000900872	0.832986	0.116642	0
3.74951	0.000919747	0.749688	0.110861	0
3.74874	0.000883684	0.699708	0.107121	0
3.74718	0.000896981	0.816327	0.115282	0
3.74741	0.000893543	0.749688	0.113242	0
3.74957	0.000898408	0.916285	0.122083	0
3.74927	0.000923639	0.916285	0.122083	0
3.74729	0.000933044	0.716368	0.108141	0
3.74825	0.00089017	0.749688	0.110861	0
3.74848	0.000888484	0.666389	0.1044	0
3.74797	0.00091618	0.783007	0.115622	0
3.74896	0.000913845	0.683049	0.10576	0
3.74892	0.000902299	0.766347	0.111881	0
3.74807	0.000860787	0.63307	0.10202	0
3.7481	0.000846518	0.566431	0.0965785	0
3.74791	0.000873825	0.832986	0.116642	0
3.74818	0.000897435	0.766347	0.111881	0
3.74862	0.000895229	0.733028	0.111881	0
3.74887	0.00090444	0.783007	0.113242	0
3.74945	0.000939011	0.816327	0.117663	0
3.74932	0.000913196	0.982924	0.128545	0
3.7489	0.000924612	0.849646	0.120043	0
3.74858	0.000886797	0.566431	0.0965785	0
3.74757	0.00086656	0.766347	0.111881	0
3.74988	0.000896786	0.666389	0.1044	0
3.74909	0.000887122	0.783007	0.113242	0
3.7479	0.000912288	0.749688	0.110861	0
3.74884	0.000885305	0.716368	0.108141	0
3.74859	0.000906969	0.766347	0.111881	0
3.74739	0.000868247	0.566431	0.0965785	0
3.74745	0.000856831	0.716368	0.110861	0
3.74867	0.000900094	0.59975	0.10202	0
3.74732	0.000856247	0.566431	0.0965785	0
3.74607	0.000803903	0.566431	0.0965785	0
3.74788	0.000876419	0.849646	0.117663	0
3.749	0.000936806	0.783007	0.113242	0
3.74633	0.000887511	0.666389	0.1044	0
3.7452	0.000849955	0.549771	0.0952183	0
3.74593	0.000842367	0.716368	0.108141	0
3.74832	0.000897694	0.716368	0.110861	0
3.74871	0.000882906	0.749688	0.110861	0
3.74759	0.000867274	0.683049	0.10576	0
3.74828	0.000866949	0.733028	0.109501	0
3.7485	0.000866106	0.59975	0.099299	0
3.74706	0.000870971	0.683049	0.108481	0
3.74678	0.000836529	0.58309	0.0979388	0
3.74628	0.000847231	0.566431	0.0965785	0
3.74592	0.000807536	0.549771	0.0952183	0
3.7463	0.000805719	0.416493	0.0829759	0
3.74697	0.000890689	0.799667	0.114262	0
3.74796	0.000833351	0.449813	0.0860365	0
3.74703	0.000839253	0.63307	0.10202	0
3.74789	0.00084094	0.58309	0.100659	0
3.74745	0.000828227	0.433153	0.0843362	0
3.74652	0.000872528	0.566431	0.0965785	0
3.74772	0.000865393	0.733028	0.109501	0
3.74805	0.000844312	0.666389	0.1044	0
3.74748	0.00087363	0.716368	0.108141	0
3.74808	0.00085482	0.683049	0.10576	0
3.7477	0.000904245	0.733028	0.109501	0
3.74589	0.000846518	0.416493	0.0829759	0
3.74551	0.000832962	0.533111	0.0935179	0
3.74713	0.000881933	0.932945	0.123104	0
3.74685	0.000867857	0.533111	0.0935179	0
3.7461	0.000847102	0.58309	0.0979388	0
3.74748	0.000880635	0.59975	0.099299	0
3.74744	0.000873241	0.61641	0.100659	0
3.74724	0.000844248	0.58309	0.0979388	0
3.74583	0.000815254	0.649729	0.108481	0
3.74456	0.000803514	0.433153	0.0843362	0
3.74521	0.00080066	0.316535	0.0724339	0
3.74627	0.000801698	0.566431	0.0965785	0
3.74626	0.000834583	0.499792	0.0907974	0
3.74621	0.000802671	0.63307	0.10202	0
3.74579	0.000801828	0.349854	0.0761746	0
3.7466	0.000849891	0.566431	0.0965785	0
3.74624	0.000813308	0.549771	0.0952183	0
3.74622	0.00084081	0.516451	0.0921577	0
3.74728	0.00086429	0.733028	0.109501	0
3.74675	0.000855534	0.58309	0.0979388	0
3.74669	0.000849307	0.533111	0.0935179	0
3.74789	0.000849112	0.866306	0.118683	0
3.74702	0.000814606	0.59975	0.099299	0
3.74622	0.000853717	0.61641	0.100659	0
3.74648	0.00085748	0.449813	0.0860365	0
3.7463	0.000869284	0.516451	0.0921577	0
3.7461	0.000812919	0.449813	0.0860365	0
3.74587	0.000834583	0.566431	0.0965785	0
3.74528	0.000841718	0.533111	0.0935179	0
3.74588	0.000857415	0.63307	0.10202	0
3.7461	0.000861306	0.566431	0.099299	0
3.74743	0.000862085	0.683049	0.10576	0
3.74757	0.000839642	0.716368	0.108141	0
3.747	0.000847361	0.549771	0.0979388	0
3.7463	0.000851318	0.566431	0.0965785	0
3.74613	0.000856961	0.549771	0.0952183	0
3.74626	0.000841004	0.649729	0.10338	0
3.74681	0.000838345	0.58309	0.0979388	0
3.74614	0.00081	0.466472	0.0877368	0
3.74572	0.000815773	0.566431	0.0965785	0
3.74514	0.000831535	0.449813	0.0860365	0
3.74662	0.000861825	0.649729	0.10576	0
3.747	0.000855728	0.58309	0.0979388	0
3.7452	0.000810844	0.499792	0.0907974	0
3.74485	0.000811816	0.499792	0.093858	0
3.74596	0.000814411	0.416493	0.0829759	0
3.74681	0.00083854	0.449813	0.0860365	0
3.74654	0.000840615	0.59975	0.099299	0
3.74664	0.000819924	0.59975	0.099299	0
3.74739	0.000823297	0.533111	0.0935179	0
3.74702	0.000854885	0.516451	0.0921577	0
3.74585	0.000819146	0.449813	0.0860365	0
3.74674	0.000877327	0.716368	0.113242	0
3.74591	0.00081266	0.349854	0.0761746	0
3.74686	0.000824335	0.466472	0.0877368	0
3.74785	0.000836659	0.63307	0.10202	0
3.7468	0.000812984	0.649729	0.10338	0
3.74589	0.000862344	0.666389	0.107121	0
3.7474	0.000833675	0.499792	0.0907974	0
3.74644	0.000824983	0.416493	0.0829759	0
3.7462	0.000822843	0.58309	0.0979388	0
3.74699	0.000860269	0.59975	0.099299	0
3.74761	0.000841004	0.58309	0.0979388	0
3.74633	0.000852226	0.566431	0.0965785	0
3.74709	0.000834843	0.466472	0.0907974	0
3.74605	0.000826216	0.533111	0.0935179	0
3.74652	0.000838345	0.58309	0.0979388	0
3.74717	0.000867144	0.516451	0.0921577	0
3.74543	0.000835361	0.533111	0.0935179	0
3.74595	0.00086442	0.549771	0.0952183	0
3.74725	0.000847166	0.649729	0.10338	0
3.74626	0.00084094	0.566431	0.099299	0
3.74683	0.000868571	0.433153	0.0843362	0
3.74743	0.000854107	0.766347	0.114262	0
3.74718	0.000849696	0.466472	0.0877368	0
3.74543	0.00084788	0.549771	0.0952183	0
3.74551	0.000822324	0.416493	0.0829759	0
3.74668	0.000805914	0.516451	0.0921577	0
3.74747	0.000867144	0.533111	0.0935179	0
3.74676	0.000846129	0.499792	0.0907974	0
3.7464	0.000827319	0.433153	0.0843362	0
3.74722	0.000835815	0.466472	0.0907974	0
3.7468	0.000855469	0.63307	0.10202	0
3.7465	0.000816357	0.499792	0.0907974	0
3.74714	0.000825113	0.416493	0.0829759	0
3.74632	0.000776985	0.366514	0.0778749	0
3.74676	0.000810714	0.566431	0.0965785	0
3.74701	0.00079132	0.399833	0.0812756	0
3.74654	0.000794498	0.483132	0.0890971	0
3.7475	0.000816357	0.483132	0.0890971	0
3.74722	0.000856117	0.499792	0.0907974	0
3.74733	0.000855728	0.499792	0.0907974	0
3.74716	0.000842237	0.516451	0.0921577	0
3.74697	0.000834843	0.533111	0.0935179	0
3.74724	0.000828421	0.516451	0.0921577	0
3.74732	0.000831275	0.499792	0.093858	0
3.74672	0.000813892	0.549771	0.0952183	0
3.747	0.000843469	0.499792	0.0907974	0
3.74663	0.000819405	0.58309	0.0979388	0
3.74608	0.000826865	0.516451	0.0952183	0
3.74774	0.00088096	0.58309	0.0979388	0
3.74715	0.00080533	0.433153	0.0843362	0
3.74751	0.000808963	0.516451	0.0921577	0
3.74861	0.000863771	0.666389	0.107121	0
3.74899	0.000854431	0.59975	0.099299	0
3.74708	0.000834324	0.566431	0.0965785	0
3.74547	0.000802801	0.349854	0.0761746	0
3.74693	0.000808119	0.449813	0.0860365	0
3.74727	0.000816551	0.433153	0.0843362	0
3.74754	0.000813438	0.533111	0.0935179	0
3.74767	0.000795212	0.399833	0.0812756	0
3.74769	0.000814087	0.499792	0.0907974	0
3.74794	0.000827902	0.61641	0.100659	0
3.74714	0.00079586	0.549771	0.0952183	0
3.74674	0.000802736	0.383174	0.0795753	0
3.74695	0.000825762	0.516451	0.0921577	0
3.74695	0.000799168	0.383174	0.0795753	0
3.74624	0.000808249	0.499792	0.0907974	0
3.74644	0.000785417	0.433153	0.0843362	0
3.74748	0.000819016	0.58309	0.0979388	0
3.74645	0.000778153	0.366514	0.0778749	0
3.74576	0.000814606	0.58309	0.0979388	0
3.74706	0.000791255	0.416493	0.0829759	0
3.74762	0.000823751	0.58309	0.100659	0
3.74749	0.000817914	0.566431	0.099299	0
3.74775	0.000782434	0.483132	0.0890971	0
3.74754	0.000809676	0.549771	0.0979388	0
3.74818	0.000824335	0.416493	0.0829759	0
3.74714	0.000839967	0.433153	0.0877368	0
3.74598	0.000785742	0.366514	0.0778749	0
3.74744	0.00078425	0.349854	0.0761746	0
3.74847	0.000783666	0.466472	0.0877368	0
3.74786	0.000808314	0.483132	0.0890971	0
3.7479	0.000817784	0.433153	0.0843362	0
3.74856	0.000810844	0.483132	0.0890971	0
3.74761	0.000802347	0.549771	0.0952183	0
3.7473	0.000793071	0.483132	0.0890971	0
3.7477	0.00083361	0.58309	0.0979388	0
3.74869	0.000836788	0.499792	0.0907974	0
3.74789	0.000791125	0.366514	0.0778749	0
3.74873	0.000798585	0.416493	0.0829759	0
3.74816	0.000795536	0.383174	0.0795753	0
3.74742	0.00080559	0.433153	0.0843362	0
3.74756	0.000812335	0.383174	0.0795753	0
3.74807	0.000813308	0.499792	0.0907974	0
3.7472	0.000769721	0.449813	0.0890971	0
3.74728	0.000803125	0.466472	0.0877368	0
3.74717	0.000789958	0.383174	0.0795753	0
3.74729	0.000799039	0.383174	0.0795753	0
3.74702	0.000820119	0.433153	0.0843362	0
3.74802	0.000799622	0.299875	0.0703935	0
3.74807	0.000801114	0.333195	0.0741342	0
3.74772	0.000795341	0.449813	0.0860365	0
3.74857	0.000777375	0.383174	0.0795753	0
3.74769	0.00078412	0.333195	0.0741342	0
3.74796	0.00077705	0.433153	0.0843362	0
3.74721	0.000788855	0.349854	0.0761746	0
3.74797	0.000792487	0.549771	0.0952183	0
3.74834	0.000806887	0.299875	0.0703935	0
3.74918	0.000788661	0.383174	0.0795753	0
3.74843	0.000799103	0.566431	0.0965785	0
3.74918	0.000840745	0.61641	0.100659	0
3.749	0.000827578	0.449813	0.0860365	0
3.74865	0.000789309	0.283215	0.0683531	0
3.74825	0.000761613	0.383174	0.0795753	0
3.74763	0.000782564	0.433153	0.0843362	0
3.74751	0.000792552	0.433153	0.0843362	0
3.74771	0.000786909	0.383174	0.0795753	0
3.74782	0.000819211	0.433153	0.0843362	0
3.74774	0.000776077	0.266556	0.0663127	0
3.74831	0.000804941	0.516451	0.0921577	0
3.74769	0.000783342	0.266556	0.0663127	0
3.74663	0.000762132	0.383174	0.0795753	0
3.7486	0.000801374	0.466472	0.0877368	0
3.74843	0.000797612	0.349854	0.0761746	0
3.74786	0.000759213	0.299875	0.0703935	0
3.74787	0.000796314	0.299875	0.0703935	0
3.74867	0.000792552	0.433153	0.0843362	0
3.74782	0.000771018	0.299875	0.0703935	0
3.74845	0.000790023	0.333195	0.0741342	0
3.74935	0.000794952	0.549771	0.0952183	0
3.74874	0.000804552	0.516451	0.0921577	0
3.74757	0.000795925	0.266556	0.0663127	0
3.74793	0.00077945	0.349854	0.0761746	0
3.74983	0.000800076	0.433153	0.0843362	0
3.74863	0.000762845	0.183257	0.0550906	0
3.74908	0.000763235	0.416493	0.0829759	0
3.75063	0.000795147	0.349854	0.0761746	0
3.75017	0.000774002	0.283215	0.0683531	0
3.74995	0.000814606	0.433153	0.0877368	0
3.75127	0.000808573	0.316535	0.0724339	0
3.74851	0.00078678	0.349854	0.0761746	0
3.74773	0.000756035	0.333195	0.0741342	0
3.74887	0.000827708	0.533111	0.0935179	0
3.74924	0.000790542	0.349854	0.0761746	0
3.74842	0.000781396	0.299875	0.0703935	0
3.74837	0.000745787	0.199917	0.057471	0
3.74818	0.000774585	0.333195	0.0741342	0
3.74925	0.000776207	0.366514	0.0778749	0
3.74962	0.00079145	0.383174	0.0795753	0
3.74885	0.000788142	0.349854	0.0761746	0
3.74991	0.00076784	0.366514	0.0778749	0
3.74994	0.000757008	0.316535	0.0724339	0
3.74907	0.000775494	0.383174	0.0795753	0
3.74886	0.000768424	0.416493	0.0829759	0
3.74933	0.000779904	0.483132	0.0890971	0
3.74982	0.00080092	0.349854	0.0761746	0
3.74908	0.000774326	0.449813	0.0860365	0
3.74919	0.000785677	0.383174	0.0795753	0
3.74905	0.000767191	0.183257	0.0550906	0
3.74849	0.000768553	0.316535	0.0724339	0
3.74981	0.000783018	0.366514	0.0812756	0
3.7503	0.000804357	0.449813	0.0890971	0
3.75054	0.000767775	0.349854	0.0761746	0
3.75163	0.000796639	0.349854	0.0761746	0
3.75132	0.000777958	0.316535	0.0724339	0
3.75121	0.000793266	0.433153	0.0877368	0
3.74999	0.000781655	0.349854	0.0761746	0
3.74919	0.000771083	0.216576	0.0598515	0
3.75046	0.000787234	0.399833	0.0846762	0
3.75056	0.000765505	0.233236	0.0622319	0
3.74882	0.000772769	0.383174	0.0795753	0
3.75041	0.000776661	0.249896	0.0642723	0
3.75162	0.000775169	0.416493	0.0829759	0
3.7499	0.000785677	0.399833	0.0812756	0
3.75022	0.000784509	0.483132	0.0890971	0
3.75074	0.000788077	0.316535	0.0724339	0
3.74987	0.000766218	0.299875	0.0703935	0
3.74979	0.00075117	0.199917	0.057471	0
3.7504	0.000765245	0.316535	0.0724339	0
3.75085	0.000757851	0.349854	0.0761746	0
3.75069	0.0007561	0.249896	0.0642723	0
3.75117	0.000773288	0.366514	0.0812756	0
3.75102	0.000798131	0.399833	0.0812756	0
3.75089	0.000811233	0.433153	0.0843362	0
3.75013	0.000774975	0.283215	0.0683531	0
3.7507	0.000779515	0.316535	0.0724339	0
3.75101	0.000803903	0.533111	0.0935179	0
3.75039	0.000790671	0.266556	0.0663127	0
3.74983	0.000775688	0.383174	0.0795753	0
3.75053	0.000785093	0.216576	0.0598515	0
3.74981	0.000776791	0.466472	0.0877368	0
3.75113	0.000792812	0.349854	0.0761746	0
3.75198	0.000784704	0.316535	0.0724339	0
3.75128	0.000826475	0.449813	0.0860365	0
3.75116	0.000795731	0.416493	0.0829759	0
3.75152	0.000816162	0.433153	0.0907974	0
3.75059	0.000765894	0.266556	0.0663127	0
3.75071	0.000784963	0.399833	0.0812756	0
3.75252	0.000771342	0.233236	0.0622319	0
3.75121	0.00078172	0.449813	0.0860365	0
3.75084	0.000793396	0.266556	0.0663127	0
3.75151	0.000773094	0.416493	0.0829759	0
3.751	0.000769072	0.433153	0.0843362	0
3.75215	0.000763883	0.299875	0.0703935	0
3.75225	0.000773223	0.316535	0.0724339	0
3.75204	0.000727885	0.266556	0.0663127	0
3.75234	0.000749549	0.349854	0.0761746	0
3.75138	0.000727625	0.216576	0.0598515	0
3.75264	0.000761613	0.349854	0.0795753	0
3.75304	0.000771667	0.333195	0.0741342	0
3.75148	0.000761094	0.399833	0.0812756	0
3.75132	0.000757332	0.266556	0.0663127	0
3.7512	0.000757332	0.216576	0.0598515	0
3.75112	0.000775558	0.266556	0.0663127	0
3.75218	0.000739171	0.333195	0.0741342	0
3.75196	0.000810065	0.433153	0.0843362	0
3.75174	0.00079145	0.199917	0.057471	0
3.75158	0.000775753	0.216576	0.0598515	0
3.75211	0.000769851	0.349854	0.0761746	0
3.75279	0.000787558	0.333195	0.0741342	0
3.75286	0.000766478	0.333195	0.0741342	0
3.75164	0.000765245	0.216576	0.0598515	0
3.75266	0.000760381	0.383174	0.0795753	0
3.75317	0.000777764	0.266556	0.0663127	0
3.7535	0.000782823	0.416493	0.0829759	0
3.75331	0.000767451	0.349854	0.0761746	0
3.75255	0.000761743	0.333195	0.0741342	0
3.75317	0.000781396	0.299875	0.0703935	0
3.753	0.000755905	0.299875	0.0703935	0
3.75382	0.000751819	0.283215	0.0724339	0
3.7533	0.000742738	0.249896	0.0683531	0
3.75245	0.00073716	0.299875	0.0703935	0
3.75277	0.000725096	0.283215	0.0683531	0
3.75359	0.00075357	0.366514	0.0778749	0
3.75397	0.000755192	0.349854	0.0761746	0
3.75268	0.000756165	0.299875	0.0703935	0
3.75336	0.000752467	0.266556	0.0663127	0
3.75423	0.000767451	0.316535	0.0761746	0
3.75329	0.000738133	0.166597	0.0527101	0
3.7534	0.000753181	0.316535	0.0724339	0
3.75319	0.000759408	0.166597	0.0527101	0
3.75407	0.000769332	0.433153	0.0843362	0
3.75419	0.000778023	0.333195	0.0741342	0
3.75265	0.000764402	0.266556	0.0663127	0
3.75278	0.000750197	0.233236	0.0622319	0
3.75367	0.000741246	0.349854	0.0761746	0
3.75438	0.000781655	0.383174	0.0795753	0
3.75335	0.000785807	0.283215	0.0683531	0
3.75225	0.000769851	0.249896	0.0642723	0
3.75354	0.000762132	0.316535	0.0724339	0
3.75325	0.000739949	0.183257	0.0550906	0
3.75352	0.000761094	0.283215	0.0683531	0
3.75424	0.000764208	0.249896	0.0642723	0
3.75366	0.000770305	0.183257	0.0550906	0
3.75382	0.000740014	0.283215	0.0683531	0
3.75353	0.000758046	0.366514	0.0812756	0
3.75433	0.000778866	0.299875	0.0703935	0
3.75531	0.000752792	0.349854	0.0761746	0
3.75503	0.000760121	0.266556	0.0663127	0
3.7551	0.000779969	0.333195	0.0741342	0
3.75372	0.000735344	0.249896	0.0642723	0
3.75505	0.000739106	0.249896	0.0642723	0
3.75531	0.000731193	0.199917	0.057471	0
3.75443	0.000758305	0.349854	0.0761746	0
3.75478	0.000761613	0.333195	0.0741342	0
3.75421	0.000729571	0.299875	0.0703935	0
3.75364	0.000750327	0.283215	0.0683531	0
3.75456	0.000736446	0.216576	0.0598515	0
3.75361	0.000702264	0.149938	0.0499896	0
3.75483	0.000736576	0.216576	0.0598515	0
3.75579	0.000789309	0.516451	0.0952183	0
3.75449	0.000806952	0.349854	0.0761746	0
3.75465	0.000764597	0.333195	0.0741342	0
3.75533	0.000750651	0.183257	0.0550906	0
3.75467	0.000733982	0.249896	0.0642723	0
3.75595	0.000769332	0.366514	0.0778749	0
3.75613	0.000766607	0.249896	0.0642723	0
3.755	0.000736706	0.199917	0.057471	0
3.75492	0.000745657	0.299875	0.0703935	0
3.75598	0.000752857	0.233236	0.0622319	0
3.75581	0.000735409	0.283215	0.0683531	0
3.75635	0.000736187	0.216576	0.0598515	0
3.75651	0.000740857	0.299875	0.0703935	0
3.75486	0.000749614	0.266556	0.0663127	0
3.75564	0.000764532	0.266556	0.0663127	0
3.75611	0.000757073	0.266556	0.0663127	0
3.75541	0.000731452	0.199917	0.057471	0
3.75644	0.000734565	0.333195	0.0741342	0
3.75738	0.000795731	0.433153	0.0843362	0
3.7579	0.000830627	0.333195	0.0741342	0
3.75606	0.000749873	0.216576	0.0598515	0
3.75622	0.000763235	0.249896	0.0642723	0
3.75669	0.00077465	0.349854	0.0761746	0
3.7555	0.000762391	0.199917	0.057471	0
3.75573	0.000750132	0.216576	0.0598515	0
3.75635	0.000741246	0.183257	0.0550906	0
3.75701	0.000726458	0.283215	0.0683531	0
3.75699	0.000766932	0.283215	0.0683531	0
3.75613	0.000768229	0.299875	0.0703935	0
3.7564	0.00072302	0.216576	0.0598515	0
3.75682	0.000725614	0.233236	0.0622319	0
3.75647	0.000747733	0.249896	0.0642723	0
3.75628	0.000753116	0.249896	0.0642723	0
3.75715	0.000762067	0.299875	0.0703935	0
3.75741	0.000742544	0.266556	0.0663127	0
3.75661	0.000754802	0.349854	0.0795753	0
3.75709	0.000764791	0.183257	0.0550906	0
3.75803	0.000755711	0.383174	0.0795753	0
3.75828	0.000755646	0.216576	0.0598515	0
3.7577	0.000757008	0.433153	0.0843362	0
3.75763	0.000730544	0.266556	0.0703935	0
3.75763	0.000737549	0.216576	0.0642723	0
3.75691	0.000739365	0.199917	0.057471	0
3.75741	0.000730609	0.183257	0.0550906	0
3.7577	0.000738068	0.299875	0.0703935	0
3.7578	0.000739365	0.149938	0.0550906	0
3.75768	0.000743906	0.233236	0.0622319	0
3.75796	0.000742089	0.283215	0.0683531	0
3.75769	0.000738652	0.166597	0.0527101	0
3.75739	0.000748381	0.199917	0.057471	0
3.75762	0.000729701	0.333195	0.0741342	0
3.7572	0.0007585	0.349854	0.0761746	0
3.7575	0.000742673	0.233236	0.0663127	0
3.75714	0.000725744	0.183257	0.0550906	0
3.75721	0.00072088	0.199917	0.057471	0
3.75775	0.000740857	0.333195	0.0741342	0
3.75816	0.00076291	0.199917	0.057471	0
3.75782	0.000758889	0.366514	0.0778749	0
3.75862	0.000779645	0.333195	0.0741342	0
3.75796	0.0007537	0.233236	0.0622319	0
3.75827	0.000725939	0.199917	0.057471	0
3.75917	0.000758175	0.316535	0.0724339	0
3.75903	0.000740208	0.199917	0.057471	0
3.75789	0.000712383	0.0999584	0.0408078	0
3.75837	0.000717118	0.149938	0.0499896	0
3.75964	0.000731841	0.199917	0.057471	0
3.75907	0.000723669	0.249896	0.0642723	0
3.75813	0.000723474	0.249896	0.0642723	0
3.75945	0.000734176	0.183257	0.0550906	0
3.75835	0.000756748	0.249896	0.0642723	0
3.75885	0.000755905	0.349854	0.0761746	0
3.76014	0.000736057	0.299875	0.0703935	0
3.75983	0.000739106	0.233236	0.0622319	0
3.75944	0.000745981	0.349854	0.0761746	0
3.7594	0.000757851	0.249896	0.0642723	0
3.75875	0.00075824	0.233236	0.0622319	0
3.75873	0.000757981	0.183257	0.0550906	0
3.75912	0.000755062	0.299875	0.0703935	0
3.75944	0.000750132	0.316535	0.0724339	0
3.7595	0.000716923	0.316535	0.0724339	0
3.75937	0.000721788	0.166597	0.0527101	0
3.76049	0.000716793	0.216576	0.0598515	0
3.75913	0.00073489	0.183257	0.0550906	0
3.75963	0.000755516	0.266556	0.0663127	0
3.76037	0.000738976	0.183257	0.0550906	0
3.76002	0.000727885	0.249896	0.0642723	0
3.75992	0.000734955	0.216576	0.0598515	0
3.76011	0.00076051	0.183257	0.0550906	0
3.75985	0.000727495	0.199917	0.057471	0
3.75989	0.000714912	0.216576	0.0598515	0
3.76013	0.000762651	0.383174	0.0829759	0
3.76013	0.000752273	0.249896	0.0642723	0
3.75982	0.000713226	0.0999584	0.0408078	0
3.76027	0.000720555	0.233236	0.0622319	0
3.76029	0.000698826	0.199917	0.057471	0
3.76047	0.000727625	0.149938	0.0499896	0
3.76136	0.000722501	0.233236	0.0622319	0
3.76089	0.000710566	0.266556	0.0663127	0
3.76105	0.000734695	0.283215	0.0683531	0
3.76169	0.000749614	0.316535	0.0724339	0
3.76115	0.000762327	0.283215	0.0724339	0
3.76102	0.000734501	0.133278	0.046929	0
3.76058	0.000711085	0.0832986	0.0370671	0
3.7607	0.00071368	0.183257	0.0550906	0
3.76147	0.000724706	0.333195	0.0741342	0
3.76133	0.000722501	0.299875	0.0741342	0
3.76143	0.000736122	0.166597	0.0527101	0
3.7607	0.000733528	0.233236	0.0622319	0
3.76138	0.000748187	0.316535	0.0724339	0
3.76212	0.000746111	0.183257	0.0550906	0
3.76215	0.000728987	0.233236	0.0622319	0
3.76211	0.00074183	0.183257	0.0550906	0
3.76155	0.000720361	0.133278	0.046929	0
3.76135	0.00071342	0.149938	0.0499896	0
3.76213	0.000736965	0.299875	0.0703935	0
3.76268	0.000753181	0.266556	0.0663127	0
3.76316	0.000767516	0.349854	0.0761746	0
3.76189	0.000759797	0.283215	0.0683531	0
3.76212	0.00073716	0.216576	0.0598515	0
3.76157	0.000721334	0.149938	0.0499896	0
3.76178	0.000723863	0.249896	0.0642723	0
3.76245	0.000748122	0.183257	0.0550906	0
3.7617	0.000716793	0.166597	0.0527101	0
3.76176	0.000726717	0.183257	0.0550906	0
3.76225	0.000724058	0.349854	0.0761746	0
3.76172	0.000705248	0.133278	0.046929	0
3.76213	0.000742349	0.233236	0.0622319	0
3.76303	0.00073463	0.249896	0.0642723	0
3.76328	0.000712447	0.233236	0.0622319	0
3.76371	0.000731257	0.149938	0.0499896	0
3.76413	0.000737744	0.283215	0.0683531	0
3.763	0.00073463	0.233236	0.0622319	0
3.76272	0.00071582	0.133278	0.046929	0
3.76299	0.000711085	0.299875	0.0703935	0
3.76318	0.000748511	0.216576	0.0598515	0
3.76401	0.000732036	0.233236	0.0622319	0
3.76386	0.000741117	0.183257	0.0598515	0
3.76379	0.000731776	0.233236	0.0622319	0
3.76309	0.0007489	0.299875	0.0703935	0
3.76314	0.000752467	0.116618	0.0438684	0
3.76339	0.000752078	0.299875	0.0703935	0
3.76304	0.000750197	0.216576	0.0598515	0
3.76376	0.000753051	0.216576	0.0598515	0
3.76374	0.000727301	0.199917	0.057471	0
3.76372	0.000763948	0.233236	0.0622319	0
3.76416	0.000760964	0.266556	0.0663127	0
3.76361	0.000714912	0.116618	0.0438684	0
3.76305	0.000720944	0.133278	0.046929	0
3.76365	0.000723993	0.249896	0.0642723	0
3.76424	0.000746695	0.216576	0.0598515	0
3.76396	0.000729831	0.116618	0.0438684	0
3.7643	0.000732749	0.283215	0.0683531	0
3.76519	0.000733333	0.216576	0.0598515	0
3.76463	0.000753181	0.233236	0.0622319	0
3.76444	0.00072302	0.149938	0.0499896	0
3.76529	0.000725744	0.199917	0.057471	0
3.76518	0.000748576	0.199917	0.057471	0
3.76491	0.000730674	0.166597	0.0527101	0
3.76469	0.000723669	0.216576	0.0598515	0
3.76501	0.000733528	0.233236	0.0622319	0
3.76502	0.000705442	0.0999584	0.0408078	0
3.76527	0.000722825	0.249896	0.0642723	0
3.76562	0.000705183	0.166597	0.0527101	0
3.76494	0.000732036	0.233236	0.0622319	0
3.76499	0.000694027	0.166597	0.0527101	0
3.7649	0.000702069	0.183257	0.0550906	0
3.76476	0.000702394	0.0832986	0.0370671	0
3.76526	0.000719193	0.199917	0.057471	0
3.76521	0.000726847	0.183257	0.0598515	0
3.76552	0.000722177	0.266556	0.0663127	0
3.7654	0.000740014	0.249896	0.0683531	0
3.76539	0.000723993	0.199917	0.057471	0
3.76601	0.000727495	0.116618	0.0438684	0
3.76583	0.000734955	0.199917	0.057471	0
3.76508	0.000708685	0.149938	0.0499896	0
3.7639	0.000714588	0.116618	0.0438684	0
3.76462	0.000678849	0.116618	0.0438684	0
3.76492	0.000701291	0.149938	0.0499896	0
3.7656	0.000715431	0.133278	0.046929	0
3.76548	0.000700772	0.133278	0.046929	0
3.76591	0.000697724	0.149938	0.0499896	0
3.76609	0.000702459	0.116618	0.0438684	0
3.76657	0.000726068	0.183257	0.0550906	0
3.76736	0.000689356	0.116618	0.0438684	0
3.76628	0.000711539	0.166597	0.0527101	0
3.76685	0.000712253	0.249896	0.0642723	0
3.7666	0.000726068	0.183257	0.0550906	0
3.76629	0.000721009	0.249896	0.0642723	0
3.76625	0.000725355	0.233236	0.0663127	0
3.76744	0.000710112	0.183257	0.0550906	0
3.76735	0.000714393	0.199917	0.057471	0
3.76678	0.000706286	0.0999584	0.0408078	0
3.76692	0.000711929	0.249896	0.0683531	0
3.76708	0.000728922	0.283215	0.0683531	0
3.76708	0.000732555	0.133278	0.046929	0
3.76672	0.000717247	0.149938	0.0499896	0
3.76583	0.000716599	0.249896	0.0642723	0
3.76695	0.000714588	0.116618	0.0438684	0
3.76755	0.000743906	0.283215	0.0724339	0
3.76763	0.000748641	0.199917	0.057471	0
3.76639	0.000706934	0.116618	0.0438684	0
3.76762	0.000722047	0.216576	0.0598515	0
3.76886	0.000756813	0.283215	0.0683531	0
3.76784	0.000738846	0.216576	0.0598515	0
3.76753	0.000716404	0.149938	0.0499896	0
3.76755	0.00071595	0.149938	0.0499896	0
3.76789	0.000703432	0.249896	0.0642723	0
3.76892	0.000713096	0.199917	0.057471	0
3.76838	0.000725355	0.166597	0.0527101	0
3.76874	0.000730674	0.316535	0.0724339	0
3.76916	0.000770045	0.166597	0.0527101	0
3.76876	0.000717896	0.183257	0.0550906	0
3.76865	0.000692794	0.133278	0.046929	0
3.76942	0.000744684	0.266556	0.0663127	0
3.7692	0.000733203	0.183257	0.0550906	0
3.76832	0.000728209	0.166597	0.0527101	0
3.76838	0.000689875	0.116618	0.0438684	0
3.76965	0.000723928	0.233236	0.0622319	0
3.76918	0.000728274	0.233236	0.0622319	0
3.7683	0.000695648	0.0999584	0.0408078	0
3.76857	0.000676773	0.133278	0.046929	0
3.76938	0.000706415	0.166597	0.0527101	0
3.76934	0.000723604	0.266556	0.0663127	0
3.7691	0.00071835	0.166597	0.0527101	0
3.76872	0.000703042	0.116618	0.0438684	0
3.76912	0.000699151	0.183257	0.0550906	0
3.76929	0.00071822	0.133278	0.046929	0
3.77009	0.000712318	0.149938	0.0499896	0
3.76961	0.000732749	0.249896	0.0642723	0
3.7693	0.000731128	0.166597	0.0527101	0
3.76956	0.000742479	0.116618	0.0438684	0
3.76946	0.000707518	0.116618	0.0438684	0
3.76964	0.000698891	0.0999584	0.0408078	0
3.76921	0.000714264	0.199917	0.057471	0
3.77019	0.000710048	0.166597	0.0527101	0
3.77008	0.000706221	0.166597	0.0527101	0
3.76977	0.000716145	0.116618	0.0438684	0
3.7707	0.000717118	0.166597	0.0527101	0
3.76972	0.000707129	0.283215	0.0683531	0
3.77029	0.00071115	0.133278	0.046929	0
3.77105	0.00069967	0.0166597	0.0166632	0
3.77046	0.000697789	0.199917	0.057471	0
3.77124	0.00068994	0.149938	0.0499896	0
3.77064	0.000714653	0.183257	0.0550906	0
3.77063	0.000714653	0.249896	0.0642723	0
3.77142	0.000715755	0.149938	0.0499896	0
3.77074	0.000711539	0.266556	0.0663127	0
3.77019	0.000678524	0.0666389	0.0333264	0
3.77057	0.000709334	0.216576	0.0598515	0
3.77072	0.000720944	0.166597	0.0527101	0
3.77106	0.000707777	0.116618	0.0438684	0
3.77155	0.000722047	0.216576	0.0598515	0
3.77193	0.000715042	0.149938	0.0499896	0
3.77102	0.000711929	0.199917	0.057471	0
3.77075	0.000708167	0.149938	0.0499896	0
3.77214	0.000707842	0.116618	0.0438684	0
3.77216	0.000722177	0.266556	0.0663127	0
3.77099	0.000711993	0.149938	0.0499896	0
3.77225	0.000697594	0.166597	0.0527101	0
3.77267	0.000719453	0.249896	0.0642723	0
3.77262	0.000724512	0.166597	0.0527101	0
3.77272	0.000712253	0.199917	0.057471	0
3.77223	0.00072062	0.183257	0.0550906	0
3.77313	0.000721593	0.199917	0.0622319	0
3.77314	0.000707712	0.116618	0.0438684	0
3.77225	0.000695972	0.133278	0.046929	0
3.77233	0.000704794	0.199917	0.057471	0
3.77192	0.000695843	0.0666389	0.0333264	0
3.77114	0.000681119	0.0499792	0.0289055	0
3.77252	0.000701291	0.166597	0.0527101	0
3.77314	0.000692924	0.283215	0.0683531	0
3.77258	0.000707064	0.249896	0.0642723	0
3.77299	0.000721398	0.166597	0.0527101	0
3.77349	0.000728014	0.183257	0.0550906	0
3.77252	0.000733074	0.133278	0.046929	0
3.77163	0.000694027	0.133278	0.046929	0
3.77345	0.000712642	0.283215	0.0683531	0
3.77397	0.0006902	0.0832986	0.0370671	0
3.77253	0.000693118	0.149938	0.0499896	0
3.77285	0.000709075	0.0999584	0.0408078	0
3.77294	0.000707842	0.0832986	0.0370671	0
3.77262	0.00068514	0.149938	0.0499896	0
3.77394	0.000689097	0.0999584	0.0408078	0
3.77372	0.000687994	0.183257	0.0550906	0
3.77374	0.000712253	0.149938	0.0499896	0
3.77339	0.000721074	0.133278	0.046929	0
3.77463	0.000699929	0.199917	0.057471	0
3.77576	0.000723863	0.199917	0.057471	0
3.77547	0.000714653	0.149938	0.0499896	0
3.77496	0.000712253	0.133278	0.046929	0
3.77356	0.000692535	0.149938	0.0499896	0
3.77387	0.000686113	0.149938	0.0499896	0
3.77403	0.000704729	0.149938	0.0499896	0
3.77549	0.000720425	0.133278	0.046929	0
3.77503	0.000716145	0.133278	0.046929	0
3.77426	0.000699345	0.0832986	0.0370671	0
3.77488	0.000710566	0.216576	0.0598515	0
3.77497	0.000734825	0.166597	0.0527101	0
3.77426	0.000702783	0.116618	0.0438684	0
3.77442	0.000713096	0.216576	0.0598515	0
3.77416	0.000713939	0.133278	0.046929	0
3.77412	0.000714718	0.199917	0.057471	0
3.77517	0.00068994	0.0666389	0.0333264	0
3.77506	0.000696686	0.133278	0.046929	0
3.77588	0.000709204	0.233236	0.0622319	0
3.77621	0.000729831	0.183257	0.0550906	0
3.77491	0.000710242	0.233236	0.0622319	0
3.77541	0.000726587	0.166597	0.0527101	0
3.77613	0.0006854	0.149938	0.0499896	0
3.77456	0.000699799	0.0999584	0.0408078	0
3.77479	0.000686373	0.116618	0.0438684	0
3.77603	0.000698697	0.116618	0.0438684	0
3.77457	0.000685465	0.0999584	0.0408078	0
3.77511	0.000670676	0.116618	0.0438684	0
3.77585	0.000690719	0.0999584	0.0408078	0
3.77565	0.000714134	0.133278	0.046929	0
3.77546	0.000715496	0.0666389	0.0333264	0
3.77581	0.000697464	0.0999584	0.0408078	0
3.77546	0.000695713	0.166597	0.0527101	0
3.77569	0.000684881	0.0832986	0.0370671	0
3.77634	0.000709788	0.183257	0.0550906	0
3.77609	0.000730025	0.216576	0.0598515	0
3.77571	0.000731776	0.116618	0.0438684	0
3.77681	0.00072049	0.133278	0.046929	0
3.77615	0.000708556	0.116618	0.0438684	0
3.77711	0.000703691	0.116618	0.0438684	0
3.777	0.000726328	0.183257	0.0550906	0
3.77748	0.00072088	0.166597	0.0527101	0
3.7775	0.000703367	0.0999584	0.0408078	0
3.7762	0.000701097	0.149938	0.0499896	0
3.77718	0.000691302	0.116618	0.0438684	0
3.77759	0.000684621	0.166597	0.0527101	0
3.77664	0.000668276	0.0666389	0.0333264	0
3.77728	0.000695389	0.133278	0.046929	0
3.77774	0.000693378	0.283215	0.0683531	0
3.77752	0.000713096	0.133278	0.046929	0
3.77783	0.00070434	0.183257	0.0550906	0
3.77794	0.000698113	0.149938	0.0499896	0
3.77834	0.000696556	0.216576	0.0598515	0
3.77837	0.000711474	0.133278	0.046929	0
3.77791	0.000684492	0.0333195	0.0234645	0
3.77809	0.000685854	0.0999584	0.0408078	0
3.77822	0.000690913	0.266556	0.0663127	0
3.77904	0.000690459	0.116618	0.0438684	0
3.77782	0.00066393	0.0832986	0.0370671	0
3.77832	0.000705248	0.183257	0.0550906	0
3.77885	0.000688513	0.0999584	0.0408078	0
3.77762	0.0006926	0.266556	0.0663127	0
3.77816	0.000721463	0.166597	0.0527101	0
3.77895	0.000703172	0.183257	0.0550906	0
3.77919	0.000698567	0.133278	0.046929	0
3.77831	0.000697594	0.166597	0.0527101	0
3.77816	0.000691627	0.116618	0.0438684	0
3.77818	0.000708556	0.166597	0.0527101	0
3.77956	0.000696751	0.166597	0.0527101	0
3.77968	0.000694221	0.0333195	0.0234645	0
3.77866	0.000722631	0.249896	0.0642723	0
3.77996	0.000696621	0.116618	0.0438684	0
3.7806	0.000717182	0.199917	0.057471	0
3.78029	0.000687605	0.116618	0.0438684	0
3.78068	0.000686762	0.149938	0.0499896	0
3.78095	0.000684751	0.149938	0.0499896	0
3.78065	0.000683065	0.183257	0.0550906	0
3.78079	0.000719842	0.283215	0.0683531	0
3.78041	0.000711669	0.149938	0.0499896	0
3.77991	0.000693118	0.166597	0.0527101	0
3.77958	0.000695324	0.116618	0.0438684	0
3.77959	0.000672103	0.0999584	0.0408078	0
3.77987	0.000683195	0.0499792	0.0289055	0
3.77928	0.00067833	0.133278	0.046929	0
3.77966	0.000686957	0.183257	0.0550906	0
3.78018	0.000690913	0.0499792	0.0289055	0
3.77972	0.000670806	0.149938	0.0499896	0
3.77907	0.000691497	0.116618	0.0438684	0
3.78031	0.000706545	0.216576	0.0598515	0
3.7814	0.000728404	0.133278	0.046929	0
3.78046	0.000716599	0.216576	0.0642723	0
3.78103	0.000707129	0.116618	0.0438684	0
3.78153	0.000725809	0.233236	0.0622319	0
3.78151	0.000693183	0.166597	0.0527101	0
3.78061	0.000681768	0.166597	0.0527101	0
3.78111	0.000712447	0.183257	0.0550906	0
3.78076	0.000672492	0.133278	0.046929	0
3.78103	0.000689875	0.116618	0.0438684	0
3.78167	0.000693313	0.149938	0.0499896	0
3.78253	0.000680081	0.0832986	0.0370671	0
3.78193	0.000685659	0.116618	0.0438684	0
3.78204	0.000687151	0.0999584	0.0408078	0
3.78153	0.000667498	0.0999584	0.0408078	0
3.78224	0.000687605	0.116618	0.0438684	0
3.78266	0.000699345	0.183257	0.0598515	0
3.78243	0.000704145	0.149938	0.0499896	0
3.78218	0.00069967	0.149938	0.0499896	0
3.78109	0.000702653	0.149938	0.0499896	0
3.78231	0.000691043	0.116618	0.0438684	0
3.78207	0.000684297	0.133278	0.046929	0
3.78097	0.000693767	0.116618	0.0438684	0
3.78193	0.000693572	0.183257	0.0550906	0
3.78229	0.000684946	0.133278	0.046929	0
3.78212	0.000714912	0.166597	0.0527101	0
3.78234	0.0006926	0.0666389	0.0333264	0
3.78219	0.000684816	0.149938	0.0499896	0
3.78271	0.00069007	0.0999584	0.0408078	0
3.7834	0.000672817	0.0999584	0.0408078	0
3.78308	0.000706221	0.133278	0.046929	0
3.78342	0.000677357	0.0666389	0.0333264	0
3.7836	0.000683	0.0832986	0.0370671	0
3.78348	0.000682935	0.133278	0.046929	0
3.78333	0.000700188	0.133278	0.046929	0
3.78346	0.000690719	0.0832986	0.0370671	0
3.78311	0.000683324	0.0666389	0.0333264	0
3.78429	0.000689162	0.133278	0.046929	0
3.78433	0.000683324	0.133278	0.046929	0
3.7843	0.00070434	0.116618	0.0438684	0
3.78404	0.000689421	0.133278	0.046929	0
3.78378	0.000686567	0.0499792	0.0289055	0
3.78503	0.000663022	0.116618	0.0438684	0
3.78494	0.000686567	0.0999584	0.0408078	0
3.78468	0.000694805	0.0999584	0.0408078	0
3.7841	0.000696037	0.0999584	0.0408078	0
0	0	0	0	0
0	0	0	0	0
0	0	0	0	0
0	0	0	0	0
0	0	0	0	0
0	0	0	0	0
0	0	0	0	0
0	0	0	0	0
0	0	0	0	0
0	0	0	0	0
0	0	0	0	0
0	0	0	0	0
0	0	0	0	0
0	0	0	0	0
0	0	0	0	0
0	0	0	0	0
0	0	0	0	0
0	0	0	0	0
0	0	0	0	0
0	0	0	0	0
0	0	0	0	0
0	0	0	0	0
0	0	0	0	0
0	0	0	0	0
0	0	0	0	0
0	0	0	0	0
0	0	0	0	0
0	0	0	0	0
0	0	0	0	0
0	0	0	0	0
0	0	0	0	0
0	0	0	0	0
0	0	0	0	0
0	0	0	0	0
0	0	0	0	0
0	0	0	0	0
0	0	0	0	0
0	0	0	0	0
0	0	0	0	0
0	0	0	0	0
0	0	0	0	0
0	0	0	0	0
0	0	0	0	0
0	0	0	0	0
0	0	0	0	0
0	0	0	0	0
0	0	0	0	0
0	0	0	0	0
0	0	0	0	0
0	0	0	0	0
0	0	0	0	0
0	0	0	0	0
0	0	0	0	0
0	0	0	0	0
0	0	0	0	0
0	0	0	0	0
0	0	0	0	0
0	0	0	0	0
0	0	0	0	0
0	0	0	0	0
0	0	0	0	0
0	0	0	0	0
0	0	0	0	0
0	0	0	0	0
0	0	0	0	0
0	0	0	0	0
0	0	0	0	0
0	0	0	0	0
0	0	0	0	0
0	0	0	0	0
0	0	0	0	0
0	0	0	0	0
0	0	0	0	0
0	0	0	0	0
0	0	0	0	0
0	0	0	0	0
0	0	0	0	0
0	0	0	0	0
0	0	0	0	0
0	0	0	0	0
0	0	0	0	0
0	0	0	0	0
0	0	0	0	0
0	0	0	0	0
0	0	0	0	0
0	0	0	0	0
0	0	0	0	0
0	0	0	0	0
0	0	0	0	0
0	0	0	0	0
0	0	0	0	0
0	0	0	0	0
0	0	0	0	0
0	0	0	0	0
0	0	0	0	0
0	0	0	0	0
0	0	0	0	0
0	0	0	0	0
0	0	0	0	0
0	0	0	0	0
0	0	0	0	0
0	0	0	0	0
0	0	0	0	0
0	0	0	0	0
0	0	0	0	0
0	0	0	0	0
0	0	0	0	0
0	0	0	0	0
0	0	0	0	0
0	0	0	0	0
0	0	0	0	0
0	0	0	0	0
0	0	0	0	0
0	0	0	0	0
0	0	0	0	0
0	0	0	0	0
0	0	0	0	0
0	0	0	0	0
0	0	0	0	0
0	0	0	0	0
0	0	0	0	0
0	0	0	0	0
0	0	0	0	0
0	0	0	0	0
0	0	0	0	0
0	0	0	0	0
0	0	0	0	0
0	0	0	0	0
0	0	0	0	0
0	0	0	0	0
0	0	0	0	0
0	0	0	0	0
0	0	0	0	0
0	0	0	0	0
0	0	0	0	0
0	0	0	0	0
0	0	0	0	0
0	0	0	0	0
0	0	0	0	0
0	0	0	0	0
0	0	0	0	0
0	0	0	0	0
0	0	0	0	0
0	0	0	0	0
0	0	0	0	0
0	0	0	0	0
0	0	0	0	0
0	0	0	0	0
0	0	0	0	0
0	0	0	0	0
0	0	0	0	0
0	0	0	0	0
0	0	0	0	0
0	0	0	0	0
0	0	0	0	0
0	0	0	0	0
0	0	0	0	0
0	0	0	0	0
0	0	0	0	0
0	0	0	0	0
0	0	0	0	0
0	0	0	0	0
0	0	0	0	0
0	0	0	0	0
0	0	0	0	0
0	0	0	0	0
0	0	0	0	0
0	0	0	0	0
0	0	0	0	0
0	0	0	0	0
0	0	0	0	0
0	0	0	0	0
0	0	0	0	0
0	0	0	0	0
0	0	0	0	0
0	0	0	0	0
0	0	0	0	0
0	0	0	0	0
0	0	0	0	0
0	0	0	0	0
0	0	0	0	0
0	0	0	0	0
0	0	0	0	0
0	0	0	0	0
0	0	0	0	0
0	0	0	0	0
0	0	0	0	0
0	0	0	0	0
0	0	0	0	0
0	0	0	0	0
0	0	0	0	0
0	0	0	0	0
0	0	0	0	0
0	0	0	0	0
0	0	0	0	0
0	0	0	0	0
0	0	0	0	0
0	0	0	0	0
0	0	0	0	0
0	0	0	0	0
0	0	0	0	0
0	0	0	0	0
0	0	0	0	0
0	0	0	0	0
0	0	0	0	0
0	0	0	0	0
0	0	0	0	0
0	0	0	0	0
0	0	0	0	0
0	0	0	0	0
0	0	0	0	0
0	0	0	0	0
0	0	0	0	0
0	0	0	0	0
0	0	0	0	0
0	0	0	0	0
0	0	0	0	0
0	0	0	0	0
0	0	0	0	0
0	0	0	0	0
0	0	0	0	0
0	0	0	0	0
0	0	0	0	0
0	0	0	0	0
0	0	0	0	0
0	0	0	0	0
0	0	0	0	0
0	0	0	0	0
0	0	0	0	0
0	0	0	0	0
0	0	0	0	0
0	0	0	0	0
0	0	0	0	0
0	0	0	0	0
0	0	0	0	0
0	0	0	0	0
0	0	0	0	0
0	0	0	0	0
0	0	0	0	0
0	0	0	0	0
0	0	0	0	0
0	0	0	0	0
0	0	0	0	0
0	0	0	0	0
0	0	0	0	0
0	0	0	0	0
0	0	0	0	0
0	0	0	0	0
0	0	0	0	0
0	0	0	0	0
0	0	0	0	0
0	0	0	0	0
0	0	0	0	0
0	0	0	0	0
0	0	0	0	0
0	0	0	0	0
0	0	0	0	0
0	0	0	0	0
0	0	0	0	0
0	0	0	0	0
0	0	0	0	0
0	0	0	0	0
0	0	0	0	0
0	0	0	0	0
0	0	0	0	0
0	0	0	0	0
0	0	0	0	0
0	0	0	0	0
0	0	0	0	0
0	0	0	0	0
0	0	0	0	0
0	0	0	0	0
0	0	0	0	0
0	0	0	0	0
0	0	0	0	0
0	0	0	0	0
0	0	0	0	0
0	0	0	0	0
0	0	0	0	0
0	0	0	0	0
0	0	0	0	0
0	0	0	0	0
0	0	0	0	0
0	0	0	0	0
0	0	0	0	0
0	0	0	0	0
0	0	0	0	0
0	0	0	0	0
0	0	0	0	0
0	0	0	0	0
0	0	0	0	0
0	0	0	0	0
0	0	0	0	0
0	0	0	0	0
0	0	0	0	0
0	0	0	0	0
0	0	0	0	0
0	0	0	0	0
0	0	0	0	0
0	0	0	0	0
0	0	0	0	0
0	0	0	0	0
0	0	0	0	0
0	0	0	0	0
0	0	0	0	0
0	0	0	0	0
0	0	0	0	0
0	0	0	0	0
0	0	0	0	0
0	0	0	0	0
0	0	0	0	0
0	0	0	0	0
0	0	0	0	0
0	0	0	0	0
0	0	0	0	0
0	0	0	0	0
0	0	0	0	0
0	0	0	0	0
0	0	0	0	0
0	0	0	0	0
0	0	0	0	0
0	0	0	0	0
0	0	0	0	0
0	0	0	0	0
0	0	0	0	0
0	0	0	0	0
0	0	0	0	0
0	0	0	0	0
0	0	0	0	0
0	0	0	0	0
0	0	0	0	0
0	0	0	0	0
0	0	0	0	0
0	0	0	0	0
0	0	0	0	0
0	0	0	0	0
0	0	0	0	0
0	0	0	0	0
0	0	0	0	0
0	0	0	0	0
0	0	0	0	0
0	0	0	0	0
0	0	0	0	0
0	0	0	0	0
0	0	0	0	0
0	0	0	0	0
0	0	0	0	0
0	0	0	0	0
0	0	0	0	0
0	0	0	0	0
0	0	0	0	0
0	0	0	0	0
0	0	0	0	0
0	0	0	0	0
0	0	0	0	0
0	0	0	0	0
0	0	0	0	0
0	0	0	0	0
0	0	0	0	0
0	0	0	0	0
0	0	0	0	0
0	0	0	0	0
0	0	0	0	0
0	0	0	0	0
0	0	0	0	0
0	0	0	0	0
0	0	0	0	0
0	0	0	0	0
0	0	0	0	0
0	0	0	0	0
0	0	0	0	0
0	0	0	0	0
0	0	0	0	0
0	0	0	0	0
0	0	0	0	0
0	0	0	0	0
0	0	0	0	0
0	0	0	0	0
0	0	0	0	0
0	0	0	0	0
0	0	0	0	0
0	0	0	0	0
0	0	0	0	0
0	0	0	0	0
0	0	0	0	0
0	0	0	0	0
0	0	0	0	0
0	0	0	0	0
0	0	0	0	0
0	0	0	0	0
0	0	0	0	0
0	0	0	0	0
0	0	0	0	0
0	0	0	0	0
0	0	0	0	0
0	0	0	0	0
0	0	0	0	0
0	0	0	0	0
0	0	0	0	0
0	0	0	0	0
