a2610612.030485
Narit-cm 06/01/2026 11:33:05 06/01/2026 12:03:04 0045 0013.384714 0052.542598 00.0 00.0
0002401 0010 0000000 0010 05 0000000 0010 0000000 0010
1 0 1 01600 1 0000 3.75 00000.o 0 0 01 000 16 002401 0.500 BT0
1 2 1 02000 1 0000 3.75 00000.o 0 0 01 000 16 002401 0.500 S2A0
1 1 1 01600 1 0000 3.75 00000.o 0 0 00 000 00 002401 3.1746 BC0
1 3 1 02000 1 0000 3.75 00000.o 0 0 00 000 00 002401 3.1746 S2P0
1 5 0 01600 0 0000 1.00 00000.o 0 0 00 000 00 000000 0.000 OF0
0.000 .o Analog 0 	0.000 .o Analog StErr 0 	0.000 .o Photon Counting 0 	0.000 .o PC StErr 0 	0.000 .o Overflow Info 0 
28.9153	0.102349	155.285	0.840641	0
48.5121	0.15995	160.716	0.822618	0
112.161	0.709884	85.3644	1.17561	0
303.309	1.49098	0.59975	0.10202	0
489.384	0.41492	29.6876	0.796093	1
500	0	145.306	1.28953	1
499.808	0.0417813	138.576	1.32659	1
499.636	0.0556766	36.5848	0.840981	1
499.977	0.0141875	23.0404	0.615178	1
500	0	42.4656	0.787931	1
500	0	82.6822	0.977347	1
500	0	136.81	1.10079	1
500	0	164.465	1.04978	1
499.989	0.0110548	140.541	1.04162	1
500	0	118.067	1.02666	1
500	0	113.803	0.980408	1
500	0	115.702	1.00217	1
500	0	118.667	0.965785	1
499.996	0.00233971	122.566	0.966465	1
494.943	0.18186	127.464	0.961024	1
464.839	0.414971	146.022	0.976327	1
425.253	0.410891	164.415	0.956944	0
389.631	0.386325	180.158	0.950822	0
357.724	0.365707	189.621	0.93858	0
329.398	0.343373	193.536	0.933819	0
304.351	0.323776	196.751	0.909674	0
281.905	0.303888	194.752	0.896072	0
261.831	0.285356	195.735	0.921917	0
243.813	0.271286	191.953	0.901513	0
227.552	0.258114	191.603	0.912735	0
212.794	0.246891	187.955	0.88621	0
199.168	0.2373	185.606	0.88859	0
186.566	0.230312	185.423	0.902873	0
174.76	0.225845	183.873	0.883489	0
163.529	0.220319	182.641	0.871587	0
152.935	0.215945	180.591	0.864446	0
142.929	0.212325	178.892	0.858325	0
133.456	0.208603	176.66	0.849143	0
124.582	0.204529	174.761	0.845062	0
116.095	0.200247	173.294	0.869207	0
107.94	0.198214	171.762	0.860025	0
100.223	0.197441	170.362	0.848463	0
92.87	0.194856	169.846	0.865126	0
85.8145	0.192626	169.113	0.870567	0
79.0341	0.19143	165.814	0.874648	0
72.5079	0.188223	166.93	0.866486	0
66.3239	0.183214	165.031	0.854244	0
60.5641	0.17803	162.799	0.837581	0
55.1615	0.171828	161.216	0.8352	0
50.1202	0.164195	159.384	0.852543	0
45.5301	0.154205	158.451	0.83554	0
41.3776	0.142924	158.251	0.817517	0
37.7127	0.130452	154.835	0.829759	0
34.574	0.116722	152.786	0.842001	0
31.9126	0.103284	154.686	0.850163	0
29.6903	0.090287	149.788	0.819217	0
27.832	0.0765392	150.004	0.820237	0
26.317	0.06542	149.938	0.831459	0
25.1027	0.0562266	145.789	0.811396	0
24.1064	0.0487921	147.255	0.807655	0
23.3059	0.0430555	145.656	0.802554	0
22.6476	0.0382202	143.424	0.801534	0
22.0919	0.0343803	144.19	0.811396	0
21.6498	0.032471	142.007	0.793712	0
21.2805	0.0302076	142.94	0.806295	0
20.9501	0.0288717	140.475	0.791332	0
20.6779	0.027858	139.525	0.814116	0
20.4392	0.0266318	139.842	0.800854	0
20.2465	0.0258564	137.143	0.78045	0
20.0426	0.0259561	138.242	0.819217	0
19.8454	0.0256394	137.193	0.817517	0
19.6919	0.025409	138.409	0.802894	0
19.5585	0.0244616	136.91	0.804594	0
19.4301	0.0239765	135.977	0.793372	0
19.294	0.0242202	136.426	0.799833	0
19.1739	0.0249663	135.16	0.797453	0
19.0835	0.0236821	136.31	0.801874	0
18.9753	0.0236629	134.111	0.798473	0
18.8336	0.0233953	136.393	0.798133	0
18.7264	0.0238916	135.46	0.78453	0
18.6417	0.0232173	134.711	0.78249	0
18.5417	0.0233394	133.561	0.797113	0
18.4539	0.0232601	134.127	0.790992	0
18.3287	0.0229138	133.478	0.798473	0
18.1652	0.0232643	133.894	0.802894	0
18.0662	0.0225086	132.945	0.788951	0
17.969	0.0219182	131.395	0.795072	0
17.8591	0.0219043	132.761	0.799493	0
17.7813	0.0214357	132.012	0.785891	0
17.6912	0.0220283	132.162	0.818197	0
17.6027	0.0219058	133.161	0.804254	0
17.5295	0.0214539	131.945	0.809695	0
17.5077	0.0218099	132.561	0.789631	0
17.498	0.0212336	132.078	0.794052	0
17.4205	0.0217664	133.961	0.83282	0
17.3833	0.0215428	133.061	0.78385	0
17.3465	0.0216163	129.963	0.804254	0
17.2512	0.021817	130.396	0.810375	0
17.2152	0.0211702	129.013	0.785211	0
17.197	0.0215576	131.895	0.800173	0
17.1382	0.0211714	132.062	0.793712	0
17.1202	0.0215267	131.279	0.795413	0
17.1034	0.0210092	130.929	0.821598	0
17.0426	0.0214107	131.462	0.800514	0
17.0154	0.0214971	131.562	0.797793	0
16.9625	0.0214335	131.062	0.797793	0
16.9018	0.0209914	130.062	0.773988	0
16.9234	0.02101	129.563	0.790992	0
16.9137	0.0216533	131.312	0.800514	0
16.8567	0.0209906	129.913	0.809355	0
16.8342	0.0206319	130.462	0.792692	0
16.8133	0.0212621	130.129	0.809015	0
16.763	0.0207629	130.029	0.798473	0
16.7499	0.0204645	128.496	0.797113	0
16.7404	0.0206715	130.412	0.78249	0
16.6765	0.0207836	130.312	0.796433	0
16.661	0.0204362	131.195	0.796093	0
16.6709	0.0213125	129.946	0.797453	0
16.6161	0.0214319	130.446	0.796433	0
16.5728	0.0210193	130.312	0.78181	0
16.5633	0.0208009	129.863	0.788271	0
16.5445	0.0211664	129.013	0.797793	0
16.4819	0.0206784	130.995	0.788271	0
16.468	0.0209804	129.879	0.778069	0
16.4855	0.0210282	129.629	0.798473	0
16.4067	0.0211875	130.562	0.811396	0
16.344	0.0210959	129.296	0.795753	0
16.3345	0.0209543	128.297	0.809015	0
16.3211	0.0211574	128.946	0.816837	0
16.298	0.0212345	128.88	0.794732	0
16.2346	0.0212734	128.247	0.789631	0
16.1899	0.0215502	129.063	0.797793	0
16.1903	0.0208918	129.296	0.786571	0
16.1745	0.0210585	129.18	0.794392	0
16.1187	0.0211057	129.979	0.78419	0
16.0622	0.0214032	129.546	0.794052	0
16.0198	0.0210452	127.663	0.787251	0
15.9841	0.021028	128.98	0.800854	0
15.9498	0.0211421	126.83	0.807315	0
15.9207	0.0206859	128.63	0.78283	0
15.8846	0.0209258	128.413	0.789971	0
15.8828	0.0202078	129.346	0.800854	0
15.8513	0.0207472	127.03	0.788271	0
15.7464	0.0206802	127.114	0.787931	0
15.71	0.020625	127.18	0.801194	0
15.7099	0.0211205	128.413	0.794732	0
15.6663	0.0207482	127.047	0.788271	0
15.619	0.0210684	126.431	0.803234	0
15.5973	0.0203538	127.663	0.798813	0
15.5681	0.0214138	126.481	0.790652	0
15.5173	0.020882	127.564	0.78385	0
15.4726	0.0205607	126.631	0.78385	0
15.4518	0.020839	126.564	0.776369	0
15.411	0.0210018	126.764	0.798133	0
15.3462	0.0205145	125.314	0.799493	0
15.3037	0.020752	126.464	0.796773	0
15.2896	0.0203279	125.364	0.797793	0
15.2759	0.0207302	126.031	0.795753	0
15.2321	0.0210265	125.314	0.778069	0
15.1871	0.0206629	126.381	0.795072	0
15.1597	0.0206926	125.015	0.773988	0
15.1106	0.0204751	125.048	0.769908	0
15.0555	0.0205487	124.382	0.793712	0
15.0333	0.0200433	125.648	0.801534	0
15.0326	0.0199066	125.764	0.78215	0
15.0027	0.0201949	125.048	0.791332	0
14.9603	0.0209494	124.931	0.787251	0
14.9383	0.0206156	125.098	0.789291	0
14.9225	0.0200112	124.881	0.796773	0
14.9105	0.0203135	124.848	0.788611	0
14.8936	0.0205204	126.181	0.805955	0
14.8675	0.0202935	124.781	0.773648	0
14.8404	0.0202081	124.748	0.769568	0
14.8062	0.0203803	124.931	0.790652	0
14.7825	0.0199517	124.431	0.776709	0
14.7622	0.0200783	123.915	0.769568	0
14.7502	0.0199682	124.981	0.798133	0
14.7227	0.0198831	122.865	0.816157	0
14.711	0.0198149	125.165	0.793712	0
14.7039	0.0194032	122.299	0.769568	0
14.6443	0.0197015	123.765	0.78453	0
14.6131	0.019765	124.931	0.804254	0
14.618	0.0200496	124.332	0.804254	0
14.5985	0.019478	123.599	0.794392	0
14.5616	0.0198125	125.864	0.796773	0
14.5479	0.0198434	124.182	0.811396	0
14.5533	0.0192237	124.415	0.795072	0
14.5393	0.0194994	123.965	0.789631	0
14.5133	0.0196459	124.481	0.792352	0
14.5307	0.0200596	123.632	0.786571	0
14.5098	0.019986	123.549	0.789291	0
14.4653	0.0189089	124.182	0.801534	0
14.4849	0.0190562	121.816	0.775689	0
14.4731	0.0194909	122.999	0.78147	0
14.4459	0.0192078	123.099	0.792352	0
14.4338	0.019711	121.583	0.78079	0
14.4252	0.019705	124.232	0.770928	0
14.4163	0.0193881	122.449	0.803234	0
14.3743	0.0193327	122.732	0.798133	0
14.3752	0.0194496	123.332	0.801534	0
14.3849	0.0192422	122.466	0.798133	0
14.3256	0.0190645	124.232	0.78147	0
14.3124	0.0187298	122.682	0.795072	0
14.3077	0.0194368	122.899	0.769568	0
14.2592	0.019286	122.849	0.787591	0
14.25	0.019262	123.415	0.785891	0
14.2909	0.0195576	122.949	0.788271	0
14.2899	0.0191804	123.515	0.787251	0
14.2493	0.0189134	122.499	0.801194	0
14.2376	0.0191979	121.983	0.795413	0
14.2226	0.0190754	122.965	0.778069	0
14.2234	0.0191627	122.499	0.789291	0
14.2293	0.0183872	122.666	0.793032	0
14.2166	0.0188008	123.099	0.800854	0
14.1926	0.0188457	121.299	0.798133	0
14.1696	0.0190112	124.265	0.791672	0
14.1557	0.0187543	123.499	0.787251	0
14.1751	0.0188604	122.149	0.793372	0
14.1589	0.0188488	122.649	0.796093	0
14.0994	0.0189178	122.849	0.786231	0
14.128	0.0188596	123.349	0.772288	0
14.1593	0.018555	121.233	0.788271	0
14.1182	0.0187137	123.015	0.806295	0
14.1114	0.0185744	121.949	0.78113	0
14.1121	0.018109	122.182	0.775689	0
14.0761	0.0184668	122.249	0.790312	0
14.0787	0.0184957	121.783	0.78351	0
14.0826	0.0186399	121.2	0.785551	0
14.0678	0.0188202	122.865	0.772628	0
14.0446	0.0188903	122.582	0.790992	0
14.0207	0.0183342	122.766	0.772288	0
14.0209	0.0186097	120.466	0.801194	0
14.0397	0.0186633	121.733	0.813096	0
14.0463	0.0186922	121.833	0.78215	0
14.0336	0.0180655	121.849	0.801534	0
14.0075	0.0180798	121.816	0.791672	0
13.9962	0.0184571	121.399	0.787591	0
14.0109	0.0185697	122.899	0.794052	0
14.033	0.0184007	121.366	0.78249	0
14.0174	0.0189372	121	0.785891	0
13.9816	0.0187673	121.949	0.786911	0
13.9879	0.0183421	122.266	0.774328	0
13.9778	0.018202	122.199	0.787591	0
13.9328	0.0184213	122.432	0.777049	0
13.9185	0.0177528	121.349	0.767187	0
13.9335	0.0181003	120.933	0.802214	0
13.9255	0.0181258	120.95	0.793712	0
13.9036	0.0180791	123.099	0.795753	0
13.9259	0.0179108	121.949	0.788951	0
13.9323	0.0183641	122.299	0.790652	0
13.9319	0.0180559	122.599	0.797113	0
13.9223	0.0176783	121.449	0.793032	0
13.8903	0.018485	120.733	0.767867	0
13.8896	0.0179773	122.632	0.801534	0
13.9093	0.0182229	121.599	0.778749	0
13.8838	0.0185315	121.316	0.785891	0
13.8383	0.0182386	120.45	0.770588	0
13.8773	0.0181108	121.816	0.778749	0
13.8936	0.0176868	122.632	0.78453	0
13.8352	0.0181077	120.816	0.799833	0
13.8224	0.0182041	121.266	0.797793	0
13.8423	0.0185723	120.35	0.78147	0
13.8412	0.0182325	121.766	0.78249	0
13.8353	0.0181064	122.099	0.776709	0
13.8372	0.0178631	121.633	0.788611	0
13.8262	0.0181581	120.466	0.788951	0
13.8148	0.0177075	119.4	0.795753	0
13.7946	0.0178169	121.999	0.787591	0
13.8082	0.0176496	121.933	0.803574	0
13.8277	0.0178286	119.484	0.772628	0
13.7982	0.0179395	120.683	0.775689	0
13.7777	0.0179861	121.133	0.803914	0
13.7979	0.0178816	121	0.78419	0
13.8157	0.0180468	121.516	0.797113	0
13.8058	0.0181576	121.333	0.78011	0
13.8024	0.0183506	121.466	0.805274	0
13.7803	0.017944	121.299	0.795413	0
13.756	0.0179876	121.683	0.796093	0
13.7669	0.0179035	121.649	0.802554	0
13.7542	0.0176429	122.432	0.797113	0
13.7651	0.0180329	122.132	0.797113	0
13.7983	0.0177084	120.633	0.793032	0
13.7698	0.0178307	121.383	0.805614	0
13.74	0.017548	121.499	0.787931	0
13.7466	0.0179934	119.85	0.792692	0
13.7503	0.0176091	122.482	0.787931	0
13.742	0.0174383	120.8	0.793372	0
13.7211	0.017695	120.783	0.771268	0
13.7152	0.0175428	121.649	0.815136	0
13.7077	0.0175287	121.433	0.795753	0
13.7098	0.0177317	120.267	0.770588	0
13.7313	0.0181479	121.066	0.797113	0
13.7175	0.0178429	122.449	0.801874	0
13.6954	0.0178259	120.566	0.768887	0
13.7026	0.0182545	121.433	0.813776	0
13.7225	0.0186892	120.433	0.78079	0
13.697	0.0182258	119.484	0.806635	0
13.6791	0.0178996	120.183	0.803574	0
13.7026	0.0183457	120.566	0.793032	0
13.7167	0.0180121	120.833	0.791332	0
13.6954	0.0180658	120.733	0.766167	0
13.6838	0.017941	121.249	0.801534	0
13.703	0.0182024	121.416	0.78419	0
13.6901	0.0181212	121.366	0.78147	0
13.6749	0.0177791	121.716	0.773988	0
13.7073	0.0180034	121.05	0.790312	0
13.717	0.0175019	119.9	0.78215	0
13.7051	0.0177082	119.7	0.78215	0
13.6933	0.0180081	121.066	0.770588	0
13.6924	0.0175639	121.116	0.78351	0
13.6884	0.0179783	119.783	0.785551	0
13.674	0.0178413	120.75	0.790652	0
13.673	0.0176299	118.834	0.767867	0
13.6766	0.0175607	122.499	0.787591	0
13.694	0.0175587	120.267	0.778749	0
13.6946	0.0180071	120.317	0.789971	0
13.6518	0.0180629	119.334	0.765827	0
13.631	0.0176429	121	0.790992	0
13.6688	0.0176988	121.05	0.800173	0
13.6972	0.0180084	120.583	0.790652	0
13.6822	0.0178965	120.916	0.791672	0
13.658	0.0171391	120.183	0.785211	0
13.6507	0.0176096	120.616	0.788271	0
13.65	0.0179921	120.3	0.78215	0
13.6545	0.0176322	120.933	0.790652	0
13.6551	0.0176241	120.733	0.78147	0
13.6501	0.017599	120.666	0.784871	0
13.6624	0.0177282	120.067	0.801194	0
13.6502	0.0178777	121.366	0.78181	0
13.6529	0.0174747	119.617	0.791332	0
13.6638	0.0177929	120.117	0.799153	0
13.6721	0.0176525	120.3	0.78351	0
13.6837	0.0176735	120.983	0.761066	0
13.6653	0.0175336	119.85	0.795753	0
13.6453	0.0176207	121.266	0.778749	0
13.6558	0.0173468	119.9	0.763446	0
13.6629	0.017729	120.85	0.797113	0
13.6383	0.0181583	120.783	0.778069	0
13.621	0.0171867	120.067	0.78419	0
13.6491	0.017901	120.566	0.793712	0
13.6527	0.01768	120.067	0.78419	0
13.6258	0.0175609	121.383	0.789291	0
13.6238	0.0172774	120.9	0.789971	0
13.6363	0.0173271	119.967	0.801194	0
13.6389	0.0178476	121.983	0.776369	0
13.6361	0.0181434	121.133	0.779429	0
13.6481	0.017993	119.783	0.773988	0
13.6447	0.0176102	120.25	0.802894	0
13.6273	0.0171906	120.367	0.794392	0
13.6394	0.0178842	119.917	0.784871	0
13.6379	0.0182325	120.916	0.775689	0
13.6111	0.0178779	119.617	0.794052	0
13.6262	0.0177207	121.633	0.786231	0
13.6256	0.0176558	119.15	0.794732	0
13.6147	0.0180984	121.383	0.787251	0
13.6417	0.0176417	120.966	0.794052	0
13.6409	0.0176479	120.033	0.786231	0
13.6293	0.0179942	120.5	0.785211	0
13.6435	0.0179862	120.683	0.792352	0
13.6238	0.017649	121.15	0.784871	0
13.6285	0.0178162	121.666	0.804594	0
13.6557	0.0174856	120.916	0.78317	0
13.6278	0.0178592	120.583	0.785891	0
13.6257	0.0177883	120.866	0.765147	0
13.6312	0.0178039	119.617	0.789971	0
13.6036	0.0174982	120.6	0.798473	0
13.6031	0.0175944	119.8	0.789291	0
13.6167	0.0177075	120.833	0.786911	0
13.6211	0.0176826	120.433	0.794052	0
13.6136	0.0172308	119.8	0.797793	0
13.5994	0.0173162	120.167	0.810035	0
13.5887	0.0181014	119.967	0.789971	0
13.5945	0.0179613	120.5	0.799833	0
13.6143	0.0177695	119.983	0.796433	0
13.6355	0.017522	120.783	0.787251	0
13.64	0.0175181	119.45	0.788611	0
13.6136	0.0170605	120.333	0.78419	0
13.6177	0.0177212	121.483	0.795753	0
13.6067	0.0174406	122.366	0.796093	0
13.6166	0.0180928	120.167	0.789971	0
13.6381	0.0178063	120.5	0.796433	0
13.5997	0.0179698	120.883	0.777389	0
13.583	0.0180524	121.299	0.791332	0
13.5982	0.0172657	120.333	0.774669	0
13.5788	0.0173858	120.516	0.790652	0
13.5903	0.0180035	121.216	0.777729	0
13.596	0.0180041	119.867	0.792352	0
13.5738	0.0174027	121	0.794052	0
13.5886	0.0174893	119.717	0.790652	0
13.6187	0.0176365	119.65	0.805614	0
13.6142	0.0174882	120.416	0.797453	0
13.6176	0.0176162	119.783	0.792012	0
13.6322	0.017221	120.8	0.767527	0
13.616	0.0175512	120.916	0.800173	0
13.5997	0.0177745	119.85	0.787251	0
13.5995	0.0176376	120.117	0.789291	0
13.595	0.0176105	119.783	0.789291	0
13.581	0.0175309	120.383	0.785551	0
13.5802	0.0173355	120.15	0.774328	0
13.6167	0.0175146	119.417	0.807655	0
13.6361	0.0180431	119.667	0.785891	0
13.6235	0.0179397	119.534	0.788271	0
13.6119	0.0176673	120.65	0.794732	0
13.6081	0.0177983	119.484	0.809015	0
13.5795	0.01773	121.1	0.790992	0
13.5853	0.0176455	121.733	0.78351	0
13.6113	0.0176692	120.883	0.766847	0
13.5974	0.0175705	119.7	0.794052	0
13.5856	0.0178845	121.116	0.769568	0
13.5777	0.0176747	120.7	0.801534	0
13.5501	0.0178658	119.6	0.786231	0
13.5724	0.0177146	120	0.773988	0
13.5992	0.0178177	120.233	0.786231	0
13.5808	0.0180714	118.984	0.786571	0
13.5752	0.017308	121.566	0.78215	0
13.5857	0.0176298	119.983	0.801194	0
13.5714	0.0179663	119.867	0.801874	0
13.5815	0.017899	120.7	0.788271	0
13.5819	0.0178385	121.233	0.788611	0
13.5631	0.0178564	121.383	0.806635	0
13.5869	0.0177272	120.95	0.792012	0
13.6129	0.0178153	120	0.797793	0
13.5944	0.0177634	120.5	0.796433	0
13.5787	0.0178024	119.567	0.786911	0
13.5733	0.0175643	119.833	0.767187	0
13.5696	0.0179694	120.367	0.788611	0
13.5587	0.0175716	119.683	0.78351	0
13.568	0.0179425	121.033	0.787931	0
13.5894	0.0174179	120.15	0.789631	0
13.5795	0.0171244	119.75	0.788271	0
13.5687	0.0179172	120.516	0.78317	0
13.5646	0.0175999	119.733	0.78113	0
13.5782	0.0174002	120.583	0.787591	0
13.5869	0.0176651	120.233	0.784871	0
13.5941	0.0176961	121.316	0.810375	0
13.6	0.017462	120.6	0.771608	0
13.5825	0.0177695	121.299	0.777729	0
13.5855	0.0177771	120.317	0.785551	0
13.5811	0.018373	119.633	0.78215	0
13.5564	0.0174901	118.634	0.796773	0
13.5422	0.0176566	119.633	0.788271	0
13.5429	0.0177376	119.967	0.779429	0
13.5735	0.0178572	120.75	0.773648	0
13.597	0.0177826	120.633	0.78283	0
13.5702	0.0176351	119.367	0.77977	0
13.5512	0.017512	118.617	0.773308	0
13.5665	0.0176782	120.383	0.787931	0
13.5973	0.017693	120.167	0.798813	0
13.5956	0.0178465	120.35	0.794732	0
13.5783	0.0172816	120.933	0.797793	0
13.5844	0.0177683	121.399	0.78045	0
13.596	0.0176423	119.584	0.798473	0
13.5984	0.0179646	120.566	0.777729	0
13.5887	0.017453	120.683	0.788271	0
13.5804	0.017654	120.5	0.787251	0
13.5436	0.0175071	120.733	0.800514	0
13.536	0.0175293	120.05	0.777049	0
13.5755	0.0176004	119.65	0.785891	0
13.6036	0.0172201	121.683	0.789291	0
13.5991	0.0176887	119.65	0.807315	0
13.5871	0.0178305	119.9	0.774669	0
13.5935	0.0179736	120.633	0.786571	0
13.5843	0.0177177	119.983	0.777049	0
13.5446	0.0178351	120.017	0.777049	0
13.5323	0.0176255	120.833	0.78113	0
13.5599	0.0177167	120.1	0.790652	0
13.5638	0.017659	121.366	0.794052	0
13.5501	0.0168541	120.433	0.778409	0
13.5805	0.0173181	120.55	0.772288	0
13.5994	0.0176639	119.384	0.776029	0
13.5727	0.0175626	121.166	0.785211	0
13.5654	0.0176134	120.25	0.794732	0
13.5696	0.0171738	120.766	0.776369	0
13.558	0.0170347	119.284	0.793372	0
13.5707	0.017752	120.65	0.803234	0
13.5835	0.0176625	120.516	0.778069	0
13.563	0.0175917	119.8	0.799153	0
13.5589	0.0179488	119.85	0.801534	0
13.5781	0.0172588	121.399	0.788611	0
13.5885	0.0179097	119.167	0.793372	0
13.5864	0.0179139	121.633	0.798133	0
13.5835	0.0179672	120.233	0.771268	0
13.5627	0.0178773	119.85	0.78215	0
13.553	0.0179977	120.217	0.786231	0
13.5816	0.0174582	120.4	0.774669	0
13.57	0.0179648	119.517	0.773308	0
13.5368	0.017607	120.633	0.789631	0
13.5538	0.0175211	119.384	0.779429	0
13.5396	0.0172877	119.85	0.793032	0
13.5424	0.0172839	121.033	0.77977	0
13.5843	0.0179038	119	0.803914	0
13.5701	0.0174304	119.9	0.770588	0
13.529	0.0176096	119.683	0.78045	0
13.5416	0.0174899	120.583	0.770928	0
13.583	0.0173055	120.916	0.784871	0
13.5744	0.0173749	120.183	0.794052	0
13.5392	0.0175507	118.767	0.78181	0
13.5413	0.0171328	119.917	0.774328	0
13.5602	0.0175056	120.866	0.802214	0
13.5406	0.0175971	120.416	0.789971	0
13.5079	0.0172813	119.783	0.773648	0
13.5195	0.017162	120.033	0.802214	0
13.5394	0.0175023	119.434	0.792012	0
13.5474	0.0177495	120.117	0.792352	0
13.5383	0.0174939	120.833	0.790652	0
13.5488	0.017599	120.117	0.777389	0
13.5669	0.0170553	120.983	0.789631	0
13.5491	0.0177369	120.95	0.794392	0
13.551	0.0178069	119.917	0.778749	0
13.5519	0.0174629	121.416	0.78181	0
13.5553	0.0177743	119.95	0.788271	0
13.5429	0.0179046	120	0.789971	0
13.5293	0.0178285	120.383	0.792352	0
13.5619	0.0173074	121.299	0.778409	0
13.5521	0.0176028	120.017	0.771948	0
13.5323	0.0179945	120.583	0.769908	0
13.5643	0.0178679	120.783	0.802554	0
13.5553	0.017803	121.233	0.77977	0
13.5443	0.017746	120.683	0.803914	0
13.537	0.0172887	119.683	0.78283	0
13.5305	0.0174345	119.783	0.791672	0
13.5332	0.0176074	121.299	0.78453	0
13.5385	0.0174625	119.867	0.800854	0
13.5585	0.0172612	120.55	0.775349	0
13.5676	0.0180215	120.616	0.789971	0
13.5625	0.0175894	120.833	0.785551	0
13.5567	0.0176257	120.8	0.78419	0
13.5425	0.0173719	120.217	0.801534	0
13.5287	0.0176134	120.666	0.791672	0
13.5437	0.017671	119.717	0.78113	0
13.5601	0.0178263	120.566	0.804254	0
13.546	0.0174307	120.25	0.779089	0
13.5375	0.0179353	119.833	0.802214	0
13.5356	0.0171241	119.917	0.790652	0
13.5287	0.0174913	119.567	0.775009	0
13.5275	0.0170788	120.666	0.776029	0
13.534	0.0173518	121.183	0.78079	0
13.5544	0.0173646	119	0.806635	0
13.557	0.0172565	120.533	0.763446	0
13.5528	0.0171214	120.916	0.788611	0
13.5525	0.0175735	121.249	0.801534	0
13.525	0.0177817	120.05	0.777049	0
13.5395	0.0178954	120.233	0.766167	0
13.5689	0.0175136	120.45	0.798813	0
13.5465	0.0173087	121.549	0.787251	0
13.5468	0.0178129	120.833	0.796773	0
13.5498	0.0180038	120.833	0.771608	0
13.5103	0.0173311	120.1	0.789971	0
13.5141	0.0175692	120.067	0.786231	0
13.5514	0.0177813	120.4	0.78079	0
13.5519	0.0175268	119.167	0.767187	0
13.5288	0.0171194	119.167	0.809355	0
13.5516	0.0172446	121.733	0.792692	0
13.5549	0.017787	118.751	0.792352	0
13.5418	0.01755	121.299	0.763106	0
13.5537	0.0174266	118.817	0.793372	0
13.5402	0.0171567	120.633	0.789291	0
13.5322	0.0175673	120.616	0.786911	0
13.5477	0.0178283	120.583	0.798473	0
13.544	0.0177024	118.751	0.804934	0
13.5153	0.0177781	120.633	0.779089	0
13.5222	0.0179602	120.017	0.765827	0
13.5239	0.0172441	120.017	0.770588	0
13.4928	0.0172093	120.383	0.778409	0
13.5056	0.0173252	120.816	0.775349	0
13.5352	0.0173607	120.4	0.788611	0
13.5365	0.017071	119.683	0.794732	0
13.5359	0.0175781	120.416	0.823978	0
13.5321	0.017471	118.617	0.771268	0
13.5329	0.0175547	120.533	0.78181	0
13.5551	0.017424	120.133	0.796433	0
13.5499	0.0179279	119.567	0.78419	0
13.5397	0.0174945	120.666	0.790312	0
13.5638	0.0174292	119.733	0.795413	0
13.5547	0.017181	120.766	0.78011	0
13.5315	0.0179365	120.633	0.789291	0
13.5292	0.0176917	119.7	0.779089	0
13.5276	0.0172198	120.75	0.794392	0
13.5499	0.0178922	120.217	0.773988	0
13.5467	0.0177657	120	0.786911	0
13.5311	0.0176808	120.3	0.790652	0
13.5581	0.0176612	120.15	0.793712	0
13.5608	0.0177788	118.467	0.78011	0
13.5509	0.0175956	121.466	0.798133	0
13.5588	0.0178904	119.983	0.788271	0
13.5324	0.0173444	120.433	0.797453	0
13.5235	0.017184	121.116	0.786571	0
13.5296	0.0176439	119.6	0.788951	0
13.5207	0.0175757	119.717	0.772968	0
13.5055	0.0177189	118.717	0.800173	0
13.5345	0.0177265	119.467	0.78147	0
13.5696	0.0178403	121.666	0.78453	0
13.5396	0.0176694	119.767	0.773308	0
13.5312	0.017368	120.733	0.78249	0
13.5463	0.0173187	119.617	0.788271	0
13.5561	0.017163	119.317	0.787591	0
13.5325	0.0175438	120.283	0.773648	0
13.5036	0.0175867	121.033	0.798133	0
13.5272	0.017376	119.15	0.790312	0
13.5361	0.0180187	121.366	0.822958	0
13.5443	0.0177826	119.3	0.803574	0
13.5204	0.0173224	120.9	0.78385	0
13.4875	0.0180044	120.133	0.787931	0
13.4995	0.017773	120.533	0.778749	0
13.5245	0.0173372	119.883	0.78385	0
13.5241	0.0174112	120.516	0.778409	0
13.499	0.0174155	118.817	0.78113	0
13.4901	0.0174747	119.467	0.798813	0
13.4996	0.0176395	120.866	0.786231	0
13.5149	0.0175779	121.15	0.768887	0
13.5257	0.0172359	121.249	0.797793	0
13.5159	0.0173932	119.617	0.793032	0
13.5045	0.017854	120.633	0.769228	0
13.5224	0.0176465	120.017	0.809015	0
13.5295	0.0176326	119.134	0.792692	0
13.5115	0.0178242	120.35	0.78283	0
13.5251	0.0176896	121.083	0.800173	0
13.5333	0.0179185	120.6	0.791332	0
13.5207	0.0173455	121.499	0.765147	0
13.5484	0.0175484	119.917	0.777049	0
13.5434	0.0174918	119.217	0.78147	0
13.495	0.017783	120.083	0.801534	0
13.51	0.0176436	121.016	0.797113	0
13.556	0.0174964	119.584	0.796773	0
13.5195	0.0176662	120.65	0.78045	0
13.5099	0.0176599	119.883	0.78419	0
13.5477	0.0174679	121.05	0.812756	0
13.5413	0.0176213	120.95	0.776709	0
13.5404	0.0171563	120.516	0.786571	0
13.5484	0.0179551	119.867	0.786571	0
13.5341	0.017654	120.9	0.791332	0
13.5244	0.0178592	119.5	0.793372	0
13.5391	0.0178428	119.3	0.777729	0
13.5578	0.0181294	120.383	0.785891	0
13.5343	0.0177616	120.133	0.794052	0
13.5126	0.0175626	120.466	0.779429	0
13.5115	0.0176246	121.166	0.802554	0
13.5199	0.0176441	120.117	0.78011	0
13.5414	0.0179809	120.15	0.801194	0
13.5468	0.0176498	119.9	0.792352	0
13.5239	0.0174075	120.95	0.787251	0
13.5186	0.0172178	119.95	0.802554	0
13.5279	0.0173848	119.534	0.786571	0
13.5323	0.0179676	119.85	0.790652	0
13.5378	0.0177223	121.966	0.78283	0
13.5541	0.0179023	121.266	0.806295	0
13.5331	0.0175941	119.467	0.78113	0
13.5223	0.0177725	121.216	0.805614	0
13.5542	0.0178516	120.983	0.797113	0
13.5361	0.0177289	120.267	0.786231	0
13.5147	0.0174806	119.733	0.775689	0
13.5493	0.0178178	120.1	0.798473	0
13.5422	0.0177089	119.767	0.809355	0
13.533	0.0180898	120.183	0.78351	0
13.5592	0.0174841	120.25	0.788951	0
13.5401	0.017299	121.083	0.788271	0
13.5199	0.0172386	120.067	0.803914	0
13.5371	0.0175098	119.7	0.806295	0
13.5213	0.0176481	119.717	0.789631	0
13.499	0.0175503	120.067	0.801194	0
13.5095	0.0178752	118.834	0.778409	0
13.5188	0.0179863	120.433	0.792352	0
13.5065	0.0175047	119.5	0.765147	0
13.5119	0.017846	120.067	0.797793	0
13.5234	0.0173355	120.766	0.797793	0
13.5145	0.0177797	119.017	0.788951	0
13.51	0.0174751	118.917	0.789631	0
13.5092	0.0175536	119.817	0.774669	0
13.5155	0.0173294	122.216	0.767187	0
13.517	0.0173954	119.217	0.800514	0
13.5195	0.0173826	119.783	0.767527	0
13.532	0.0178674	119.534	0.807995	0
13.5332	0.0176496	120.05	0.801874	0
13.5226	0.0178511	119.917	0.798813	0
13.5267	0.0177823	119.384	0.78385	0
13.5372	0.0176607	120.233	0.778409	0
13.5304	0.0176188	119.567	0.792352	0
13.5193	0.0175593	119.6	0.791672	0
13.5248	0.018008	119.334	0.794732	0
13.5173	0.0179418	120.2	0.78453	0
13.5325	0.0179646	120.3	0.788951	0
13.5518	0.017953	121.549	0.800854	0
13.5335	0.0177187	118.917	0.787251	0
13.5165	0.0171938	121.449	0.77977	0
13.5219	0.017403	119.917	0.806295	0
13.5489	0.0174954	119.717	0.792692	0
13.5699	0.0176064	120.666	0.78113	0
13.5418	0.0173611	119.55	0.794732	0
13.5292	0.0176253	119.55	0.790652	0
13.5105	0.0177812	118.651	0.78317	0
13.5007	0.0177903	120.8	0.793372	0
13.5239	0.0178645	119.65	0.793712	0
13.5086	0.0177895	119.8	0.788611	0
13.4997	0.0176143	119.967	0.770588	0
13.5296	0.017384	119.584	0.793372	0
13.5363	0.0176084	121.066	0.787591	0
13.531	0.0173891	120.683	0.788951	0
13.5332	0.0172203	120.983	0.796433	0
13.532	0.0173733	121.05	0.801194	0
13.5259	0.0177313	119.034	0.78045	0
13.5141	0.0175692	120.283	0.768547	0
13.5081	0.0172977	119.534	0.788611	0
13.5111	0.0172428	119.817	0.778749	0
13.5157	0.0173401	120.383	0.816157	0
13.5221	0.0174311	118.601	0.750524	0
13.5161	0.0175259	120.9	0.790992	0
13.5276	0.0173029	120.283	0.78283	0
13.5439	0.0177507	119.683	0.785211	0
13.528	0.0179688	119.567	0.816157	0
13.5297	0.0174119	119.567	0.776029	0
13.5336	0.0180542	120.983	0.78147	0
13.5172	0.0176048	120.75	0.792352	0
13.5185	0.0171919	119.284	0.78317	0
13.5265	0.0175297	121.249	0.796773	0
13.509	0.0173585	121.066	0.78453	0
13.514	0.0170928	120.433	0.805955	0
13.53	0.0171687	120.267	0.787931	0
13.5075	0.017973	118.367	0.790992	0
13.5062	0.0175331	121.449	0.791672	0
13.544	0.0179765	119.883	0.779089	0
13.5242	0.0174491	119.817	0.790652	0
13.5087	0.0176968	119.85	0.796093	0
13.5271	0.0176643	121.016	0.800514	0
13.531	0.0174843	120.633	0.791332	0
13.5201	0.0176136	119.317	0.776029	0
13.5239	0.0174336	120.533	0.792352	0
13.5454	0.0178113	120.233	0.778409	0
13.5428	0.0175122	121.583	0.799493	0
13.5307	0.0177446	119.817	0.800854	0
13.517	0.0179686	119.783	0.792692	0
13.4961	0.0175948	120.017	0.804254	0
13.5137	0.0175904	120.217	0.78453	0
13.5407	0.0182078	119.633	0.78181	0
13.5218	0.0177664	119.783	0.793372	0
13.4981	0.0175477	119.917	0.795753	0
13.5085	0.017299	118.417	0.778749	0
13.4916	0.0174402	118.717	0.78249	0
13.4906	0.0176768	119.317	0.777389	0
13.5232	0.0174829	121.616	0.786571	0
13.51	0.0176546	119.917	0.772628	0
13.5086	0.0177588	119.267	0.785551	0
13.5339	0.0176735	120.95	0.792692	0
13.531	0.0180869	119.484	0.78215	0
13.501	0.0178841	120.1	0.78113	0
13.5116	0.0174048	120.516	0.790992	0
13.5416	0.0175906	120.15	0.778069	0
13.5289	0.017669	118.834	0.78453	0
13.5287	0.0176756	118.467	0.785551	0
13.5206	0.0174192	119.9	0.790312	0
13.5157	0.0175362	121.466	0.786911	0
13.5396	0.0175249	119.584	0.792012	0
13.5171	0.0179971	120.167	0.792692	0
13.5173	0.0177162	119.9	0.788271	0
13.5474	0.0177385	121.933	0.806975	0
13.5317	0.0181829	120.666	0.807995	0
13.5068	0.0182035	120.233	0.798813	0
13.4917	0.0179904	119.783	0.78011	0
13.5009	0.0168451	120.616	0.777049	0
13.5215	0.0179342	118.651	0.812416	0
13.54	0.0177054	119.317	0.794052	0
13.5332	0.0174837	118.101	0.803914	0
13.5219	0.01773	120.317	0.786911	0
13.5554	0.0175037	121.216	0.774328	0
13.5537	0.0172661	120.883	0.809015	0
13.5075	0.01759	119.534	0.78079	0
13.4981	0.0178277	119.267	0.769568	0
13.4955	0.017567	119.284	0.796433	0
13.4925	0.0174366	119.3	0.791332	0
13.4968	0.0171451	120.367	0.793032	0
13.5091	0.0176081	119.6	0.776709	0
13.5315	0.0175602	121.183	0.78011	0
13.5278	0.0177604	121.383	0.78045	0
13.5153	0.0180154	120.267	0.803574	0
13.534	0.0174416	119.8	0.78045	0
13.5707	0.0176175	122.116	0.797113	0
13.5689	0.017633	120.05	0.790312	0
13.5236	0.0174463	119.867	0.790992	0
13.5152	0.0170529	120.566	0.786231	0
13.5316	0.017698	121.399	0.774669	0
13.5281	0.0176259	119.933	0.803914	0
13.5269	0.0178899	119.334	0.78283	0
13.543	0.0173372	119.584	0.800173	0
13.5454	0.0175781	119.817	0.787251	0
13.5328	0.0172051	121.033	0.768547	0
13.5183	0.0175711	119.683	0.774328	0
13.512	0.0174822	120.583	0.771948	0
13.5149	0.0173854	121.533	0.768207	0
13.5039	0.0180968	118.367	0.797453	0
13.4926	0.0175804	121.683	0.802894	0
13.5246	0.0175365	120.566	0.786571	0
13.5311	0.0174408	120.067	0.778069	0
13.5217	0.0175308	120.083	0.793712	0
13.5311	0.017479	119.467	0.773648	0
13.5139	0.017521	120.483	0.796433	0
13.4969	0.0179258	120.466	0.787251	0
13.5027	0.0174408	119.567	0.788611	0
13.5107	0.0177884	119.883	0.777729	0
13.5079	0.0176179	120.017	0.78113	0
13.4958	0.0180156	120.5	0.806635	0
13.4947	0.0176388	119.367	0.800173	0
13.5166	0.0173843	120.8	0.799833	0
13.5239	0.0177349	119.534	0.795413	0
13.4989	0.0175312	120.816	0.776369	0
13.5142	0.0173726	120.433	0.78351	0
13.5617	0.0174851	121.216	0.796093	0
13.5539	0.0177367	120.217	0.796773	0
13.518	0.0175769	120.783	0.788271	0
13.5036	0.0179111	118.601	0.78419	0
13.5251	0.0179459	119.933	0.804934	0
13.5365	0.0173805	119.967	0.786231	0
13.5446	0.0176782	119.95	0.776029	0
13.5467	0.0175857	120.05	0.788271	0
13.5273	0.0174207	120.583	0.767187	0
13.4971	0.0174273	119.983	0.78249	0
13.5015	0.0174733	120.5	0.806975	0
13.5212	0.0171836	121.166	0.789631	0
13.5279	0.017378	119.983	0.794732	0
13.5189	0.0176398	122.282	0.789631	0
13.496	0.0179	120.283	0.759026	0
13.5057	0.0177154	121.116	0.778409	0
13.5447	0.018461	119.384	0.786231	0
13.525	0.0174795	120	0.787931	0
13.5126	0.017671	119.517	0.792012	0
13.5408	0.0178183	121.1	0.787251	0
13.5236	0.0173928	120.75	0.791332	0
13.507	0.017669	118.667	0.797453	0
13.542	0.0175497	120.2	0.764807	0
13.5443	0.0180858	120.45	0.792012	0
13.4943	0.0173325	120.15	0.767527	0
13.4965	0.0176561	120.25	0.794392	0
13.5405	0.017698	120.317	0.800514	0
13.5513	0.0174406	120.983	0.776029	0
13.5078	0.0175884	119.134	0.78181	0
13.5093	0.0176662	120.267	0.791332	0
13.5431	0.0175719	120.067	0.794732	0
13.5272	0.0171827	121.183	0.799833	0
13.5137	0.0174941	120.033	0.775349	0
13.5121	0.0172584	119.017	0.805955	0
13.5242	0.0176861	119.567	0.801534	0
13.5213	0.0175035	119.2	0.766847	0
13.4925	0.0175328	119.767	0.796093	0
13.5085	0.0173824	119.067	0.772968	0
13.5328	0.0178378	120.95	0.798133	0
13.5142	0.0178597	118.95	0.774669	0
13.5175	0.0172147	118.767	0.758005	0
13.5072	0.0175615	120.483	0.787251	0
13.4818	0.017079	119.967	0.78045	0
13.5132	0.0177959	119.933	0.799493	0
13.5354	0.0175948	119.983	0.789971	0
13.5231	0.0179054	119.983	0.794732	0
13.5278	0.0175659	120.733	0.800854	0
13.5394	0.0174597	120.716	0.795413	0
13.5132	0.0170066	120.8	0.785211	0
13.4921	0.0171602	120.183	0.789971	0
13.4945	0.0178436	119.567	0.790312	0
13.504	0.0175792	119.8	0.799493	0
13.5035	0.0176215	120.616	0.812416	0
13.5003	0.0170251	120.283	0.795413	0
13.5113	0.0177406	120.35	0.786571	0
13.5117	0.0176027	121.166	0.795072	0
13.5017	0.0182182	119.633	0.766507	0
13.5148	0.0176065	119.567	0.796433	0
13.5085	0.0174264	119.5	0.78045	0
13.5272	0.0172641	120.333	0.785891	0
13.5365	0.0172739	120.4	0.78045	0
13.5038	0.0178972	119.617	0.778069	0
13.5086	0.0176493	121.016	0.798133	0
13.5466	0.0176281	118.784	0.78317	0
13.5495	0.0175962	121.016	0.798133	0
13.5305	0.0173911	120.766	0.771608	0
13.5325	0.0178868	119.883	0.789291	0
13.5457	0.0177942	121.066	0.801194	0
13.5286	0.0172958	119.267	0.785551	0
13.5097	0.0179787	120.7	0.794732	0
13.5326	0.0180062	119.55	0.791672	0
13.5202	0.0176862	118.967	0.774669	0
13.5155	0.0173645	119.35	0.790652	0
13.546	0.0178103	121.333	0.779429	0
13.5553	0.0176892	119.317	0.795072	0
13.519	0.0172052	118.784	0.78249	0
13.5246	0.0175231	120.15	0.785211	0
13.5273	0.0171963	119.35	0.763786	0
13.4993	0.0176371	119.1	0.78351	0
13.5238	0.0176711	120.933	0.78385	0
13.516	0.0176839	120.483	0.796093	0
13.5169	0.0173452	119.817	0.78147	0
13.5642	0.017299	119.9	0.779429	0
13.5344	0.0177023	120.75	0.78181	0
13.5051	0.0174111	120.033	0.790652	0
13.515	0.0175851	119.767	0.775349	0
13.5237	0.0177906	121.733	0.78147	0
13.5207	0.0178878	118.567	0.797453	0
13.5095	0.0174128	120.45	0.777389	0
13.5028	0.0175362	121.499	0.786911	0
13.5257	0.0174653	121.283	0.787931	0
13.5347	0.017413	120.65	0.813096	0
13.527	0.0178372	121.033	0.787931	0
13.5123	0.0177778	120.533	0.802554	0
13.5044	0.0173825	120.933	0.794732	0
13.513	0.0175736	120.233	0.771948	0
13.5162	0.0175163	120.317	0.791672	0
13.524	0.0174089	120.466	0.788951	0
13.5367	0.0174465	120.233	0.796433	0
13.533	0.0174781	118.9	0.758005	0
13.4924	0.0173414	119.434	0.791332	0
13.5037	0.0175182	121.233	0.794392	0
13.5449	0.0177417	119.767	0.789291	0
13.5019	0.0174038	119.517	0.766507	0
13.4883	0.0171953	121.05	0.77977	0
13.5374	0.0173686	120.716	0.779089	0
13.5118	0.0176483	120.683	0.791672	0
13.503	0.0175951	119.783	0.796093	0
13.5364	0.0175552	120.167	0.807655	0
13.5322	0.0170326	120.75	0.799833	0
13.5084	0.0175628	119.65	0.804934	0
13.5046	0.0173652	120.533	0.78011	0
13.5321	0.017595	120.566	0.776029	0
13.5441	0.0179187	121.15	0.793372	0
13.5006	0.0177947	120	0.789631	0
13.4817	0.0174619	120.8	0.803234	0
13.5228	0.0175342	120.933	0.787251	0
13.5393	0.0176619	119.3	0.777049	0
13.532	0.0178056	120.516	0.775349	0
13.537	0.0174517	120.75	0.785551	0
13.5406	0.0174208	119.833	0.790312	0
13.5185	0.0174559	121.816	0.776029	0
13.5166	0.017795	119.4	0.788271	0
13.5329	0.0173066	119.9	0.78011	0
13.5322	0.0174615	120.916	0.790992	0
13.5164	0.0173893	119.15	0.765147	0
13.5008	0.0172773	119.467	0.772968	0
13.4815	0.0177978	120.516	0.78283	0
13.4785	0.017862	119.8	0.793032	0
13.5049	0.0176254	119.384	0.794392	0
13.5398	0.0179065	119.717	0.772968	0
13.5374	0.0173642	120.866	0.796773	0
13.5037	0.0177265	119.467	0.798473	0
13.4922	0.0174663	119.917	0.768207	0
13.5152	0.0175443	119.933	0.776369	0
13.5279	0.0179307	119.384	0.789971	0
13.507	0.017614	120.267	0.810715	0
13.4895	0.017647	120.95	0.796093	0
13.5066	0.0178584	120.15	0.78249	0
13.5038	0.0175648	121.233	0.791672	0
13.4804	0.0175207	118.234	0.78045	0
13.5229	0.0175584	120.333	0.768887	0
13.5617	0.0172876	119.65	0.789631	0
13.5188	0.017289	120.05	0.806295	0
13.4899	0.017745	120.45	0.784871	0
13.5167	0.0174617	120.067	0.792692	0
13.5212	0.0176759	120.15	0.793712	0
13.4938	0.0175844	119.267	0.78181	0
13.5064	0.0177764	120.6	0.788611	0
13.5175	0.0176617	119.15	0.797113	0
13.4979	0.0176824	120.533	0.791672	0
13.4812	0.0175375	120.733	0.774328	0
13.4894	0.0175778	119.633	0.78011	0
13.5108	0.0170663	120.816	0.779089	0
13.5262	0.0173848	119	0.799153	0
13.5311	0.0175145	120.8	0.78215	0
13.5284	0.0175462	120.367	0.796093	0
13.4986	0.0174192	118.85	0.793712	0
13.4787	0.0176466	120.25	0.78351	0
13.4978	0.0174509	120.733	0.78011	0
13.5346	0.0176641	120.766	0.810375	0
13.5332	0.0176222	120.333	0.772628	0
13.5169	0.0176147	119.117	0.793712	0
13.5441	0.0172753	120.133	0.787251	0
13.5557	0.0176167	120.433	0.78317	0
13.5256	0.0173064	120.65	0.778749	0
13.5093	0.0175337	119.85	0.779089	0
13.5454	0.0174574	121.15	0.790312	0
13.5518	0.0180097	120.383	0.790992	0
13.5196	0.017577	121	0.785551	0
13.518	0.0174661	120.1	0.789291	0
13.5109	0.0174514	120.083	0.793032	0
13.5039	0.0175522	120.8	0.795413	0
13.5246	0.0177177	121.066	0.797453	0
13.5231	0.0179467	120.633	0.784871	0
13.5129	0.0173712	119.917	0.795753	0
13.5306	0.0177764	119.833	0.785891	0
13.5197	0.0174402	120.167	0.797113	0
13.5042	0.0180889	120.433	0.777729	0
13.5118	0.0177647	120.217	0.774328	0
13.5062	0.0173765	119.217	0.78147	0
13.5066	0.0175574	121.883	0.799833	0
13.5063	0.0179785	119.633	0.789971	0
13.4955	0.0174299	119.35	0.775349	0
13.5141	0.0179876	119.067	0.772288	0
13.5062	0.0181109	120.966	0.788951	0
13.5135	0.0170832	121.649	0.805614	0
13.5411	0.0169081	119.9	0.791332	0
13.5452	0.0175564	120.483	0.778069	0
13.5212	0.0175847	119.733	0.78113	0
13.4995	0.0175641	120.333	0.78249	0
13.5139	0.0175683	119.933	0.793712	0
13.5265	0.0175199	119.633	0.803234	0
13.5098	0.0177899	119.9	0.792692	0
13.5132	0.0181196	119.15	0.760726	0
13.5479	0.0178464	121.349	0.789631	0
13.5423	0.0176762	120.516	0.798133	0
13.5063	0.0170846	120.566	0.786911	0
13.5187	0.017151	119.2	0.786231	0
13.5357	0.0176955	120.05	0.785211	0
13.5042	0.0174278	120.067	0.768887	0
13.4898	0.0174426	120.633	0.768547	0
13.543	0.0174512	119.617	0.772288	0
13.5381	0.0175353	120.566	0.772968	0
13.4901	0.0174046	121.966	0.78181	0
13.4953	0.0175179	119.467	0.794052	0
13.4959	0.0173786	118.701	0.775689	0
13.4921	0.017235	120.017	0.786571	0
13.508	0.0173212	119.234	0.787251	0
13.5179	0.0179275	120.516	0.788951	0
13.5316	0.017844	118.451	0.779089	0
13.5215	0.0179003	120.017	0.784871	0
13.5218	0.0172463	121.183	0.779429	0
13.5476	0.0176955	120.3	0.785551	0
13.52	0.0174805	120	0.78351	0
13.5093	0.0176228	120.4	0.779089	0
13.5375	0.01742	120.067	0.778749	0
13.5033	0.0175521	119.4	0.803574	0
13.4801	0.0177519	119.267	0.789631	0
13.5127	0.0178325	121.549	0.797453	0
13.5215	0.0174467	120.133	0.796433	0
13.5117	0.0175949	120.283	0.762766	0
13.5102	0.0173856	119.7	0.78147	0
13.4929	0.017272	120	0.788271	0
13.4888	0.0173767	119.8	0.777389	0
13.503	0.017143	119.484	0.776709	0
13.51	0.0174013	119.983	0.814116	0
13.5355	0.0175953	118.384	0.787931	0
13.5367	0.0173846	118.184	0.792012	0
13.5156	0.0174055	120	0.78079	0
13.5013	0.0179685	121	0.766167	0
13.5032	0.0172433	121.399	0.786911	0
13.5011	0.0175583	119.284	0.786231	0
13.4899	0.0175197	121.183	0.78283	0
13.5109	0.0178757	121.033	0.769228	0
13.5082	0.0177081	119.484	0.786571	0
13.4873	0.0175376	120.683	0.808335	0
13.5022	0.0173875	118.534	0.796433	0
13.5	0.0181278	119.367	0.797793	0
13.5048	0.0175293	119.833	0.775349	0
13.5244	0.0175796	118.167	0.773648	0
13.5097	0.0176733	120.3	0.777389	0
13.5087	0.0176007	118.117	0.778749	0
13.5172	0.0177438	121.416	0.800173	0
13.504	0.0180918	120.2	0.778069	0
13.4947	0.0172135	121.749	0.807655	0
13.4989	0.0174372	120.167	0.797453	0
13.5114	0.0175098	120.367	0.800173	0
13.5218	0.0170344	120.033	0.78419	0
13.5066	0.0179752	119.3	0.769568	0
13.5083	0.0175921	119.534	0.789631	0
13.5321	0.0171022	120.566	0.795753	0
13.5346	0.0174198	120.4	0.785551	0
13.5342	0.0178215	119.15	0.790652	0
13.5086	0.0175832	120.816	0.775009	0
13.4969	0.0176245	121.066	0.785211	0
13.5379	0.0171358	120.566	0.78419	0
13.5302	0.0177019	118.367	0.788611	0
13.5077	0.0172076	119.633	0.78317	0
13.5126	0.0173721	119.783	0.793712	0
13.4881	0.0178068	119.434	0.763446	0
13.515	0.0172229	118.8	0.778069	0
13.5328	0.017241	118.117	0.760046	0
13.4948	0.0174237	119.05	0.779429	0
13.5086	0.0175795	120.616	0.808675	0
13.5424	0.0177147	120.65	0.78113	0
13.5266	0.0177723	121.449	0.812416	0
13.5044	0.0174757	120.3	0.78283	0
13.5082	0.0175249	121.016	0.77977	0
13.5049	0.0177219	120.167	0.78317	0
13.4913	0.0176727	120.25	0.78419	0
13.5048	0.0174967	119.334	0.802894	0
13.5076	0.0178951	121.066	0.774328	0
13.5087	0.0177417	118.884	0.799153	0
13.4951	0.0173096	119.017	0.806295	0
13.4668	0.0173766	120	0.786231	0
13.4877	0.0174744	119.883	0.776029	0
13.5	0.0175126	118.85	0.774328	0
13.5074	0.0177228	120.85	0.790652	0
13.5466	0.0174086	119.933	0.790652	0
13.5324	0.0170561	119.534	0.778069	0
13.5132	0.0169647	120.133	0.78011	0
13.5037	0.0173883	120.1	0.778069	0
13.4856	0.017436	119.117	0.799493	0
13.5066	0.0173748	119.084	0.794732	0
13.5218	0.0178925	120.433	0.791332	0
13.5008	0.0176411	120.35	0.788271	0
13.4893	0.0172098	121.966	0.766847	0
13.4986	0.0176992	120.616	0.788271	0
13.5131	0.0175555	118.8	0.78351	0
13.5143	0.0177314	120.916	0.789631	0
13.517	0.0176299	121.283	0.771268	0
13.5681	0.0173364	120.733	0.785891	0
13.554	0.017658	120.55	0.790992	0
13.4819	0.0173931	118.567	0.785551	0
13.4899	0.0174289	120.267	0.786231	0
13.5014	0.0175401	119.117	0.770928	0
13.4853	0.0175316	121.15	0.807655	0
13.5321	0.0177354	120.75	0.764467	0
13.5424	0.0174147	120.317	0.800173	0
13.5098	0.0175702	120.416	0.786911	0
13.5054	0.0177872	120.283	0.790312	0
13.521	0.0174417	120.05	0.786231	0
13.5465	0.0179024	119.2	0.798813	0
13.5259	0.0177973	120.533	0.792012	0
13.4915	0.0171361	120.583	0.794732	0
13.5052	0.0174949	120.1	0.794052	0
13.5088	0.0176147	121.649	0.801874	0
13.4987	0.0172726	120.483	0.78283	0
13.4895	0.0176655	120.2	0.785891	0
13.4829	0.0175666	119.733	0.775349	0
13.5148	0.017431	118.717	0.78215	0
13.5309	0.0174169	121.333	0.801874	0
13.519	0.0173673	120.133	0.779429	0
13.522	0.0175424	119.5	0.78283	0
13.5181	0.0175179	120.783	0.793372	0
13.5024	0.0177228	119.633	0.789291	0
13.5049	0.0179029	121	0.792352	0
13.4899	0.01728	120.033	0.787251	0
13.4782	0.0173669	118.784	0.778749	0
13.5159	0.0170626	120.333	0.77977	0
13.5062	0.0176023	121.466	0.779429	0
13.4908	0.0176169	120.666	0.78453	0
13.5055	0.0177707	119.767	0.800173	0
13.4934	0.0176198	120.033	0.798133	0
13.4729	0.0175938	120.816	0.775009	0
13.4882	0.0179937	119.65	0.759366	0
13.5036	0.017495	119.2	0.770588	0
13.5251	0.0175323	121.1	0.797793	0
13.5269	0.0179061	120.167	0.785551	0
13.5016	0.0173416	120.616	0.768547	0
13.4916	0.0174469	120	0.802214	0
13.4877	0.0179013	120.416	0.78249	0
13.5056	0.0174997	119.633	0.790652	0
13.5367	0.0175514	121.866	0.796093	0
13.5245	0.0177541	119.234	0.776709	0
13.4809	0.0177312	118.601	0.777049	0
13.4906	0.0177731	121.716	0.804594	0
13.5235	0.0178393	120.183	0.788951	0
13.5312	0.018094	119.983	0.788611	0
13.5422	0.0175938	120.267	0.789631	0
13.5236	0.0174408	120.716	0.804254	0
13.5103	0.0176662	121.05	0.78147	0
13.5322	0.0173322	120.233	0.778749	0
13.5177	0.0179096	119.717	0.796433	0
13.4758	0.0174928	119.35	0.792012	0
13.4929	0.0173388	120.25	0.789971	0
13.5183	0.0177301	119.484	0.807655	0
13.504	0.0179075	120.883	0.78351	0
13.5171	0.0173397	120.367	0.789631	0
13.5418	0.0176078	118.867	0.804934	0
13.4913	0.0171989	119.45	0.791332	0
13.475	0.0173802	120.916	0.798473	0
13.5273	0.017433	119.417	0.772628	0
13.5392	0.0177526	120	0.770248	0
13.5159	0.017891	119.467	0.793372	0
13.5045	0.0175749	120.25	0.802214	0
13.5127	0.0174543	119.85	0.795753	0
13.5335	0.01777	120.5	0.800514	0
13.538	0.0177496	120.267	0.787251	0
13.5009	0.0173478	120.5	0.790992	0
13.4925	0.0171851	118.217	0.78453	0
13.5135	0.0175685	121.383	0.794392	0
13.5121	0.0175997	120.1	0.790652	0
13.4951	0.0176276	119	0.793372	0
13.5149	0.0173515	121.399	0.793032	0
13.5246	0.0178098	119.783	0.785211	0
13.5229	0.0180342	120.733	0.792012	0
13.5195	0.017859	118.967	0.785551	0
13.5019	0.0177747	121.133	0.785211	0
13.5255	0.0173676	120.133	0.78215	0
13.5185	0.0171297	119.317	0.765487	0
13.5094	0.0175471	121.383	0.763786	0
13.5412	0.017623	120.3	0.778749	0
13.5294	0.0176365	120.017	0.791332	0
13.4987	0.0179181	120.317	0.769908	0
13.5278	0.0175056	120.95	0.769228	0
13.5579	0.0177774	120.333	0.78283	0
13.5417	0.0179679	120.8	0.785211	0
13.5006	0.0178935	119.717	0.792692	0
13.4913	0.0177891	121.449	0.773648	0
13.5151	0.0176095	119.833	0.786231	0
13.5308	0.0175537	119.35	0.803234	0
13.5119	0.018113	119.733	0.78249	0
13.5085	0.017383	120.6	0.790312	0
13.531	0.017486	120.367	0.791332	0
13.5204	0.017259	120.2	0.790652	0
13.506	0.0175052	119.783	0.78317	0
13.5237	0.017592	120.816	0.785891	0
13.5108	0.0180411	120.4	0.788271	0
13.4883	0.0174338	119.25	0.779089	0
13.4923	0.017957	119.384	0.797793	0
13.4995	0.017989	120.85	0.802894	0
13.4806	0.0179878	119.683	0.78011	0
13.4862	0.0179602	121.933	0.78351	0
13.534	0.017987	119.584	0.78351	0
13.5342	0.0179376	120.55	0.777389	0
13.5077	0.0180477	118.95	0.804254	0
13.4957	0.0174348	119.733	0.791332	0
13.501	0.0176015	119.7	0.793372	0
13.5285	0.0180006	120.3	0.797793	0
13.542	0.0178812	119.517	0.78283	0
13.5226	0.0177537	120.733	0.792012	0
13.5187	0.0176289	120.333	0.798813	0
13.5192	0.0172682	119.783	0.786231	0
13.5368	0.0174535	121.833	0.791672	0
13.5608	0.0174621	120.716	0.785891	0
13.5106	0.0178489	119.35	0.771608	0
13.4874	0.0179848	120.1	0.795753	0
13.5012	0.0176428	119.384	0.772288	0
13.4976	0.0171818	119.3	0.787591	0
13.4937	0.0177208	118.734	0.789291	0
13.4709	0.0175766	120.267	0.793372	0
13.4771	0.0173617	120.3	0.796433	0
13.5012	0.0180899	119.234	0.803914	0
13.4968	0.0178948	120.5	0.797793	0
13.5112	0.0177193	120.133	0.801874	0
13.5178	0.0174131	119.3	0.772288	0
13.4868	0.0169753	120.566	0.799833	0
13.4972	0.017474	120.1	0.777729	0
13.5214	0.0172321	120.466	0.767527	0
13.5252	0.0176571	120.367	0.772968	0
13.5057	0.0175266	120.167	0.791332	0
13.4882	0.0175048	120.533	0.78419	0
13.5051	0.0176373	119.8	0.798813	0
13.5199	0.0171184	120.633	0.792012	0
13.5016	0.0174397	119.65	0.787931	0
13.5185	0.0172918	119.334	0.796093	0
13.5239	0.0176417	118.9	0.793372	0
13.5073	0.0171823	121.266	0.812756	0
13.5162	0.0177075	121.599	0.810375	0
13.5235	0.0176594	120.067	0.790652	0
13.5238	0.0170136	119.334	0.793712	0
13.4928	0.0176511	121.05	0.795413	0
13.4985	0.0177823	121.133	0.786911	0
13.4949	0.0174914	119.667	0.788951	0
13.4759	0.0173789	119.184	0.77977	0
13.5063	0.0173615	119.484	0.777389	0
13.526	0.0174765	120.666	0.787591	0
13.4903	0.017725	119.334	0.787251	0
13.4879	0.0171747	119.9	0.770588	0
13.515	0.0177324	120.766	0.78079	0
13.5222	0.0172296	120.866	0.788951	0
13.5169	0.0173816	121.299	0.778409	0
13.5223	0.01717	119.55	0.790312	0
13.5178	0.0174635	120.85	0.793032	0
13.5085	0.017666	119.95	0.801534	0
13.5194	0.0179609	119.983	0.78079	0
13.5334	0.0179475	120.7	0.817177	0
13.4992	0.0173842	119.584	0.78181	0
13.4841	0.0173855	120.383	0.78045	0
13.5016	0.017754	119.45	0.794052	0
13.5261	0.0177449	122.366	0.779429	0
13.5431	0.0177253	119.117	0.779429	0
13.511	0.0176242	120.283	0.774669	0
13.5024	0.0175362	120.55	0.771268	0
13.5029	0.0176699	119.967	0.802894	0
13.5044	0.0177886	118.701	0.805955	0
13.5385	0.0173589	119.683	0.791332	0
13.5145	0.0175925	119.5	0.787591	0
13.4916	0.0175685	119.217	0.775009	0
13.5036	0.0175726	120	0.795072	0
13.5026	0.0175755	119.5	0.774669	0
13.5335	0.0176942	120.167	0.786231	0
13.5454	0.0175964	119.5	0.78011	0
13.5442	0.0176039	120.383	0.768207	0
13.5352	0.0172251	119.55	0.785891	0
13.4848	0.017497	119.65	0.778069	0
13.488	0.0177701	120.35	0.777729	0
13.5258	0.0175512	120.666	0.803574	0
13.5353	0.0178611	118.8	0.785551	0
13.5171	0.0176459	120.15	0.791332	0
13.4974	0.0177783	120.416	0.790312	0
13.5143	0.017114	120	0.795413	0
13.5189	0.0174799	120.283	0.777049	0
13.4952	0.0176981	119.4	0.796773	0
13.5178	0.018008	120.466	0.803234	0
13.5379	0.0176831	120.2	0.786231	0
13.4999	0.0176935	120.15	0.78249	0
13.5068	0.0175696	120.95	0.785891	0
13.5362	0.017664	120.816	0.795753	0
13.5211	0.0171663	120.45	0.77977	0
13.5184	0.0176939	120.516	0.785211	0
13.5189	0.0176564	120.283	0.761066	0
13.5158	0.0177636	119.484	0.770588	0
13.5262	0.0176501	120.8	0.78419	0
13.5234	0.0175722	120.083	0.789631	0
13.5085	0.0177653	120.466	0.800514	0
13.5081	0.0177734	120.167	0.786231	0
13.505	0.0171355	119.2	0.796773	0
13.4979	0.0175783	119.883	0.806635	0
13.4994	0.0176894	120.033	0.798473	0
13.5242	0.0176371	121.15	0.795072	0
13.5453	0.0173404	119.2	0.777049	0
13.4918	0.0176423	120.35	0.775009	0
13.4896	0.017507	119.933	0.789631	0
13.5409	0.0173071	120.317	0.790652	0
13.5039	0.0176066	119.717	0.778409	0
13.4764	0.0174348	120.6	0.793372	0
13.5127	0.0171677	120.283	0.764467	0
13.5292	0.0175576	120.666	0.796433	0
13.5349	0.0177137	120.067	0.777729	0
13.5397	0.0173943	120.033	0.799153	0
13.5296	0.0174845	120.05	0.78453	0
13.5126	0.0174777	119.384	0.797453	0
13.4911	0.0172523	118.934	0.788271	0
13.4887	0.0171923	119.034	0.796433	0
13.5073	0.0173076	120	0.777389	0
13.496	0.0172953	119.417	0.78419	0
13.4891	0.0173858	119.534	0.77977	0
13.5085	0.0174964	120.8	0.776029	0
13.5041	0.0175535	119.8	0.801534	0
13.4885	0.0174134	120.516	0.791332	0
13.4973	0.0176275	119.783	0.793372	0
13.5165	0.0175672	120.983	0.785551	0
13.5229	0.0172193	120.25	0.78181	0
13.523	0.0176112	119.134	0.778749	0
13.5323	0.0177446	119.484	0.78283	0
13.4931	0.017514	120.067	0.796773	0
13.4702	0.0177265	121.783	0.78045	0
13.5132	0.0173091	119.434	0.78317	0
13.5044	0.0174013	118.417	0.794392	0
13.4827	0.0174493	120.716	0.788951	0
13.4933	0.0178045	120.583	0.789971	0
13.5093	0.0174389	120.616	0.786911	0
13.5124	0.0174985	118.101	0.792012	0
13.5248	0.0178705	120.2	0.801534	0
13.5292	0.0176254	120.983	0.774669	0
13.4927	0.0171222	119.967	0.777049	0
13.5007	0.0173241	120.15	0.803914	0
13.5266	0.0180751	119.167	0.777049	0
13.5072	0.017891	119.767	0.775009	0
13.4932	0.0175624	119.35	0.771948	0
13.4973	0.0174768	120.05	0.801874	0
13.5261	0.0173579	120.1	0.78011	0
13.5324	0.0173041	119.833	0.785551	0
13.4754	0.0175875	118.667	0.764807	0
13.4634	0.017314	119.8	0.769908	0
13.5071	0.0173077	120.783	0.803574	0
13.5216	0.0175137	120.033	0.78181	0
13.4894	0.01749	118.651	0.771608	0
13.51	0.0177721	119.717	0.799833	0
13.5445	0.0176657	119.4	0.772628	0
13.5258	0.017265	120.85	0.796093	0
13.504	0.0174198	119.817	0.794052	0
13.4875	0.0179057	118.867	0.779089	0
13.4911	0.0176239	119.484	0.785891	0
13.5205	0.0179553	120.433	0.813096	0
13.5195	0.0179364	120.017	0.774328	0
13.5115	0.0174109	119.95	0.786231	0
13.536	0.01751	118.634	0.784871	0
13.5258	0.017697	120.883	0.794392	0
13.4998	0.0177096	119.7	0.804594	0
13.505	0.0170954	120.8	0.789971	0
13.5088	0.017116	119.75	0.775009	0
13.5019	0.0178797	119.767	0.795072	0
13.4979	0.0172243	118.884	0.790992	0
13.5078	0.0176187	118.784	0.778749	0
13.4973	0.0176678	120.267	0.811396	0
13.4875	0.017532	120.067	0.776369	0
13.5108	0.0177428	119.3	0.787251	0
13.5193	0.0182737	120.816	0.801534	0
13.5031	0.0177224	120.317	0.804934	0
13.4981	0.0173625	121.283	0.797113	0
13.5071	0.0176147	119.067	0.78011	0
13.5042	0.0178076	119.983	0.760726	0
13.5118	0.0175403	119.817	0.789291	0
13.5324	0.0181743	120.167	0.766847	0
13.5199	0.0177186	120.8	0.78113	0
13.5131	0.017073	120.233	0.773988	0
13.5108	0.0173265	119.717	0.792352	0
13.5051	0.0177307	118.85	0.789291	0
13.5134	0.0173553	119.917	0.790992	0
13.5041	0.0177219	120.55	0.776029	0
13.5039	0.0176946	120.683	0.801194	0
13.5072	0.017485	121.433	0.770928	0
13.4989	0.0175809	119.467	0.775349	0
13.4894	0.0174816	121.033	0.78317	0
13.4888	0.0176573	119.783	0.791332	0
13.5104	0.0171566	118.867	0.797113	0
13.5395	0.0176213	119.967	0.804594	0
13.5425	0.017791	120.733	0.800173	0
13.5193	0.017507	118.817	0.768887	0
13.4928	0.0174526	119.667	0.785891	0
13.5082	0.0178612	119.167	0.78181	0
13.543	0.0177427	119.467	0.789971	0
13.5303	0.0181356	119.134	0.766507	0
13.5037	0.0178403	120.566	0.776369	0
13.51	0.0171402	119.317	0.778749	0
13.4994	0.0177917	119.3	0.761406	0
13.5091	0.0175554	121.233	0.767187	0
13.5242	0.0174044	119.25	0.787251	0
13.5121	0.0172532	121.249	0.787931	0
13.5064	0.0172715	120.9	0.763786	0
13.5267	0.0175447	121.283	0.761746	0
13.5144	0.0180135	119.933	0.800514	0
13.4974	0.017872	120.416	0.788611	0
13.5441	0.0179552	119.65	0.785551	0
13.5567	0.0175639	121.266	0.792352	0
13.5394	0.0174693	120.566	0.787931	0
13.5223	0.0174913	119.85	0.791672	0
13.498	0.0172143	119.2	0.805274	0
13.4992	0.0176577	120.083	0.795753	0
13.5277	0.0177868	119.983	0.768207	0
13.5397	0.0173052	119.7	0.797453	0
13.4938	0.0173061	120.367	0.810375	0
13.4865	0.0179064	118.367	0.768547	0
13.5124	0.0176778	119.917	0.794732	0
13.5015	0.0171674	118.751	0.78283	0
13.5034	0.0173752	120.766	0.799493	0
13.5329	0.0173968	120.317	0.78045	0
13.5096	0.0175033	119.883	0.787931	0
13.4927	0.0175477	120.05	0.787931	0
13.5165	0.0177084	121.066	0.788951	0
13.5149	0.0174187	118.584	0.774669	0
13.5148	0.0177614	121.516	0.800173	0
13.5512	0.017715	120.017	0.805955	0
13.5343	0.0174942	119.667	0.785211	0
13.4995	0.0181969	119.517	0.788271	0
13.5109	0.018011	119.717	0.794392	0
13.5206	0.0177694	119.933	0.777389	0
13.5002	0.0176863	121.899	0.787251	0
13.5018	0.0178053	120.333	0.787591	0
13.5212	0.0176275	120	0.796773	0
13.5135	0.0175335	119.733	0.792012	0
13.4989	0.0177033	120.05	0.791672	0
13.519	0.0173413	119.983	0.801874	0
13.5162	0.0176265	120.8	0.770588	0
13.5109	0.0177706	119.534	0.794052	0
13.5071	0.0174064	119.783	0.798133	0
13.5047	0.0175737	119.317	0.789291	0
13.5293	0.0175667	120.383	0.791332	0
13.5204	0.017611	120.816	0.802214	0
13.4842	0.0173872	118.717	0.778409	0
13.4917	0.0174696	120.75	0.78011	0
13.5238	0.0177698	120.6	0.789631	0
13.5223	0.0171495	120.433	0.785891	0
13.498	0.0171418	121.283	0.794732	0
13.5186	0.017219	122.149	0.800854	0
13.5027	0.0173658	119.2	0.789971	0
13.4931	0.0171909	121.216	0.785551	0
13.5421	0.017901	119.767	0.787591	0
13.5366	0.0175699	121.15	0.776029	0
13.5013	0.0173625	120.033	0.767527	0
13.4883	0.0171006	120.117	0.791332	0
13.5023	0.0172826	120.167	0.776029	0
13.5311	0.0177468	120.7	0.78283	0
13.5311	0.017781	119.5	0.796773	0
13.529	0.0175005	121	0.794052	0
13.5227	0.0171166	120.6	0.801194	0
13.4968	0.0173799	118.517	0.78147	0
13.5033	0.0174703	119.783	0.785551	0
13.5195	0.0174378	120.75	0.790312	0
13.5232	0.0175579	120.7	0.800854	0
13.5193	0.0174113	119.833	0.790312	0
13.5187	0.017715	120.6	0.786911	0
13.4965	0.0176015	121.299	0.788271	0
13.5138	0.0176537	120.4	0.788951	0
13.5278	0.0175594	119.65	0.791672	0
13.4975	0.0173968	119.733	0.789291	0
13.5076	0.0174702	119.117	0.78453	0
13.5199	0.0174369	120.9	0.791332	0
13.5151	0.0174703	121.633	0.78453	0
13.521	0.0176204	120.883	0.797113	0
13.5123	0.0176412	119.8	0.792352	0
13.5078	0.0178939	119.217	0.793372	0
13.4991	0.0177099	119.733	0.791672	0
13.4905	0.0173254	120.416	0.78181	0
13.5071	0.0174548	121.599	0.808335	0
13.5039	0.0179804	120.4	0.778409	0
13.4983	0.0176741	119.833	0.789971	0
13.5364	0.0176821	120.433	0.777049	0
13.5425	0.0179554	120.633	0.801194	0
13.5157	0.0175583	120.533	0.788951	0
13.5139	0.0172822	119.434	0.78351	0
13.5216	0.0178902	120.4	0.78385	0
13.5301	0.0175323	120.616	0.771608	0
13.5189	0.0179426	120.616	0.78419	0
13.4923	0.0169895	121.466	0.803234	0
13.4986	0.0172758	119.184	0.775009	0
13.5019	0.0173167	120.117	0.796773	0
13.4896	0.0172994	120.217	0.794732	0
13.4869	0.0174762	119.517	0.772288	0
13.4967	0.0178365	120.95	0.776709	0
13.5066	0.0178321	118.867	0.788611	0
13.5062	0.0175697	120.45	0.78181	0
13.5284	0.0173154	120.333	0.798133	0
13.5415	0.0176054	120.3	0.767187	0
13.5059	0.0177484	121.516	0.784871	0
13.4729	0.0176261	119.817	0.78249	0
13.496	0.0176726	121.066	0.78419	0
13.5111	0.0173715	119.567	0.758685	0
13.4938	0.0174254	119.067	0.769568	0
13.5103	0.0178252	120.067	0.794052	0
13.5276	0.0176938	121.066	0.78385	0
13.5189	0.0176704	120.15	0.799493	0
13.5096	0.0176824	120.233	0.792012	0
13.4993	0.0175163	119.883	0.800514	0
13.5107	0.0175338	121.183	0.789291	0
13.5169	0.017512	119.184	0.798813	0
13.4874	0.0175427	121.133	0.794052	0
13.4979	0.0172807	120.083	0.784871	0
13.513	0.0174779	120.183	0.785211	0
13.4894	0.0178541	119.817	0.801194	0
13.4923	0.0172809	121.166	0.800514	0
13.5151	0.0173044	120.183	0.796773	0
13.499	0.0177582	120.1	0.777389	0
13.4791	0.0177468	119.434	0.797113	0
13.4941	0.0177054	119.867	0.791332	0
13.5162	0.0179234	120.583	0.794052	0
13.5269	0.0173772	120.233	0.785891	0
13.5069	0.016993	121.716	0.798473	0
13.5135	0.0173969	120.3	0.771608	0
13.5269	0.0175692	120.25	0.772968	0
13.5241	0.0179237	120.183	0.78351	0
13.507	0.0175209	119.833	0.769908	0
13.4795	0.0176025	118.867	0.772628	0
13.4821	0.0176945	120.666	0.775689	0
13.5088	0.0173904	121.166	0.793712	0
13.5342	0.017531	120.2	0.784871	0
13.5193	0.0176614	118.95	0.799833	0
13.4994	0.0179868	120.683	0.792692	0
13.5127	0.0181878	119.434	0.761066	0
13.5018	0.0180658	119.85	0.789631	0
13.4746	0.0176897	120.15	0.798473	0
13.4832	0.0175878	118.201	0.784871	0
13.5076	0.0175804	119.434	0.788951	0
13.4906	0.0173395	119.534	0.771948	0
13.4932	0.0174731	120.033	0.775009	0
13.5243	0.0175173	120.766	0.789631	0
13.5268	0.0175666	119.667	0.78147	0
13.5218	0.0177501	120.033	0.796773	0
13.5099	0.0175709	119.717	0.773988	0
13.501	0.0178738	120.383	0.767527	0
13.5058	0.0178092	118.451	0.814456	0
13.5003	0.0175676	120.117	0.785551	0
13.5009	0.0175134	119.983	0.789631	0
13.5109	0.0175885	118.884	0.777729	0
13.5164	0.017597	120.033	0.793372	0
13.523	0.017685	120.267	0.764807	0
13.5011	0.0177297	119.334	0.78453	0
13.4817	0.0178225	119.617	0.796093	0
13.5034	0.0179855	120.083	0.795753	0
13.5312	0.0173472	120.85	0.78283	0
13.527	0.0174413	120.283	0.775009	0
13.5154	0.0172055	120.3	0.776369	0
13.5261	0.0177384	120.483	0.796433	0
13.5173	0.0179245	119.317	0.78385	0
13.4864	0.0177365	120.117	0.808675	0
13.5092	0.0178074	120.816	0.805614	0
13.5346	0.0177019	119.817	0.78181	0
13.5132	0.0178114	120.416	0.786911	0
13.4947	0.0176476	120.383	0.792012	0
13.4903	0.0177845	120.466	0.800854	0
13.5121	0.0176129	121.749	0.78317	0
13.5188	0.0175615	119.4	0.791672	0
13.5007	0.0173761	120.6	0.797453	0
13.5109	0.0173615	120.75	0.799153	0
13.5057	0.0174729	119.617	0.78453	0
13.4951	0.0174863	119.584	0.791672	0
13.5055	0.0176136	120.067	0.808675	0
13.5038	0.017182	121.349	0.777729	0
13.503	0.0176192	121.466	0.790652	0
13.519	0.018061	120	0.779089	0
13.511	0.0174683	117.884	0.798133	0
13.4863	0.0174484	120.25	0.791672	0
13.4878	0.0174777	118.767	0.774669	0
13.5234	0.017932	120.067	0.790652	0
13.5208	0.0177651	120.733	0.78419	0
13.4898	0.0178328	119.55	0.786911	0
13.4879	0.0176415	120.85	0.807655	0
13.5067	0.0176186	119.683	0.789971	0
13.5046	0.0168459	119.517	0.784871	0
13.4875	0.0174188	120.5	0.799833	0
13.4724	0.0174698	120.416	0.776369	0
13.5045	0.0175448	120.5	0.795753	0
13.5468	0.0176678	120.616	0.792692	0
13.513	0.0177486	120.683	0.779089	0
13.5103	0.0175486	119.384	0.78283	0
13.5455	0.0178333	121	0.792692	0
13.4995	0.0177073	120.017	0.796773	0
13.4773	0.0174693	119.967	0.786571	0
13.5324	0.0174913	119.167	0.789291	0
13.5489	0.0177581	120.7	0.798813	0
13.5377	0.0175964	119.217	0.786911	0
13.5229	0.0176366	119.65	0.788271	0
13.5288	0.0176283	120.55	0.799153	0
13.5308	0.0173389	119.667	0.794392	0
13.5024	0.0176036	120.983	0.775349	0
13.489	0.0172207	118.151	0.803234	0
13.524	0.0173509	120.9	0.762766	0
13.538	0.0172532	120.666	0.772968	0
13.4976	0.0170027	121.033	0.793372	0
13.5005	0.0174764	119.334	0.78453	0
13.5047	0.0175799	119.65	0.786571	0
13.4999	0.0179109	120.267	0.775349	0
0	0	0	0	0
0	0	0	0	0
0	0	0	0	0
0	0	0	0	0
0	0	0	0	0
0	0	0	0	0
0	0	0	0	0
0	0	0	0	0
0	0	0	0	0
0	0	0	0	0
0	0	0	0	0
0	0	0	0	0
0	0	0	0	0
0	0	0	0	0
0	0	0	0	0
0	0	0	0	0
0	0	0	0	0
0	0	0	0	0
0	0	0	0	0
0	0	0	0	0
0	0	0	0	0
0	0	0	0	0
0	0	0	0	0
0	0	0	0	0
0	0	0	0	0
0	0	0	0	0
0	0	0	0	0
0	0	0	0	0
0	0	0	0	0
0	0	0	0	0
0	0	0	0	0
0	0	0	0	0
0	0	0	0	0
0	0	0	0	0
0	0	0	0	0
0	0	0	0	0
0	0	0	0	0
0	0	0	0	0
0	0	0	0	0
0	0	0	0	0
0	0	0	0	0
0	0	0	0	0
0	0	0	0	0
0	0	0	0	0
0	0	0	0	0
0	0	0	0	0
0	0	0	0	0
0	0	0	0	0
0	0	0	0	0
0	0	0	0	0
0	0	0	0	0
0	0	0	0	0
0	0	0	0	0
0	0	0	0	0
0	0	0	0	0
0	0	0	0	0
0	0	0	0	0
0	0	0	0	0
0	0	0	0	0
0	0	0	0	0
0	0	0	0	0
0	0	0	0	0
0	0	0	0	0
0	0	0	0	0
0	0	0	0	0
0	0	0	0	0
0	0	0	0	0
0	0	0	0	0
0	0	0	0	0
0	0	0	0	0
0	0	0	0	0
0	0	0	0	0
0	0	0	0	0
0	0	0	0	0
0	0	0	0	0
0	0	0	0	0
0	0	0	0	0
0	0	0	0	0
0	0	0	0	0
0	0	0	0	0
0	0	0	0	0
0	0	0	0	0
0	0	0	0	0
0	0	0	0	0
0	0	0	0	0
0	0	0	0	0
0	0	0	0	0
0	0	0	0	0
0	0	0	0	0
0	0	0	0	0
0	0	0	0	0
0	0	0	0	0
0	0	0	0	0
0	0	0	0	0
0	0	0	0	0
0	0	0	0	0
0	0	0	0	0
0	0	0	0	0
0	0	0	0	0
0	0	0	0	0
0	0	0	0	0
0	0	0	0	0
0	0	0	0	0
0	0	0	0	0
0	0	0	0	0
0	0	0	0	0
0	0	0	0	0
0	0	0	0	0
0	0	0	0	0
0	0	0	0	0
0	0	0	0	0
0	0	0	0	0
0	0	0	0	0
0	0	0	0	0
0	0	0	0	0
0	0	0	0	0
0	0	0	0	0
0	0	0	0	0
0	0	0	0	0
0	0	0	0	0
0	0	0	0	0
0	0	0	0	0
0	0	0	0	0
0	0	0	0	0
0	0	0	0	0
0	0	0	0	0
0	0	0	0	0
0	0	0	0	0
0	0	0	0	0
0	0	0	0	0
0	0	0	0	0
0	0	0	0	0
0	0	0	0	0
0	0	0	0	0
0	0	0	0	0
0	0	0	0	0
0	0	0	0	0
0	0	0	0	0
0	0	0	0	0
0	0	0	0	0
0	0	0	0	0
0	0	0	0	0
0	0	0	0	0
0	0	0	0	0
0	0	0	0	0
0	0	0	0	0
0	0	0	0	0
0	0	0	0	0
0	0	0	0	0
0	0	0	0	0
0	0	0	0	0
0	0	0	0	0
0	0	0	0	0
0	0	0	0	0
0	0	0	0	0
0	0	0	0	0
0	0	0	0	0
0	0	0	0	0
0	0	0	0	0
0	0	0	0	0
0	0	0	0	0
0	0	0	0	0
0	0	0	0	0
0	0	0	0	0
0	0	0	0	0
0	0	0	0	0
0	0	0	0	0
0	0	0	0	0
0	0	0	0	0
0	0	0	0	0
0	0	0	0	0
0	0	0	0	0
0	0	0	0	0
0	0	0	0	0
0	0	0	0	0
0	0	0	0	0
0	0	0	0	0
0	0	0	0	0
0	0	0	0	0
0	0	0	0	0
0	0	0	0	0
0	0	0	0	0
0	0	0	0	0
0	0	0	0	0
0	0	0	0	0
0	0	0	0	0
0	0	0	0	0
0	0	0	0	0
0	0	0	0	0
0	0	0	0	0
0	0	0	0	0
0	0	0	0	0
0	0	0	0	0
0	0	0	0	0
0	0	0	0	0
0	0	0	0	0
0	0	0	0	0
0	0	0	0	0
0	0	0	0	0
0	0	0	0	0
0	0	0	0	0
0	0	0	0	0
0	0	0	0	0
0	0	0	0	0
0	0	0	0	0
0	0	0	0	0
0	0	0	0	0
0	0	0	0	0
0	0	0	0	0
0	0	0	0	0
0	0	0	0	0
0	0	0	0	0
0	0	0	0	0
0	0	0	0	0
0	0	0	0	0
0	0	0	0	0
0	0	0	0	0
0	0	0	0	0
0	0	0	0	0
0	0	0	0	0
0	0	0	0	0
0	0	0	0	0
0	0	0	0	0
0	0	0	0	0
0	0	0	0	0
0	0	0	0	0
0	0	0	0	0
0	0	0	0	0
0	0	0	0	0
0	0	0	0	0
0	0	0	0	0
0	0	0	0	0
0	0	0	0	0
0	0	0	0	0
0	0	0	0	0
0	0	0	0	0
0	0	0	0	0
0	0	0	0	0
0	0	0	0	0
0	0	0	0	0
0	0	0	0	0
0	0	0	0	0
0	0	0	0	0
0	0	0	0	0
0	0	0	0	0
0	0	0	0	0
0	0	0	0	0
0	0	0	0	0
0	0	0	0	0
0	0	0	0	0
0	0	0	0	0
0	0	0	0	0
0	0	0	0	0
0	0	0	0	0
0	0	0	0	0
0	0	0	0	0
0	0	0	0	0
0	0	0	0	0
0	0	0	0	0
0	0	0	0	0
0	0	0	0	0
0	0	0	0	0
0	0	0	0	0
0	0	0	0	0
0	0	0	0	0
0	0	0	0	0
0	0	0	0	0
0	0	0	0	0
0	0	0	0	0
0	0	0	0	0
0	0	0	0	0
0	0	0	0	0
0	0	0	0	0
0	0	0	0	0
0	0	0	0	0
0	0	0	0	0
0	0	0	0	0
0	0	0	0	0
0	0	0	0	0
0	0	0	0	0
0	0	0	0	0
0	0	0	0	0
0	0	0	0	0
0	0	0	0	0
0	0	0	0	0
0	0	0	0	0
0	0	0	0	0
0	0	0	0	0
0	0	0	0	0
0	0	0	0	0
0	0	0	0	0
0	0	0	0	0
0	0	0	0	0
0	0	0	0	0
0	0	0	0	0
0	0	0	0	0
0	0	0	0	0
0	0	0	0	0
0	0	0	0	0
0	0	0	0	0
0	0	0	0	0
0	0	0	0	0
0	0	0	0	0
0	0	0	0	0
0	0	0	0	0
0	0	0	0	0
0	0	0	0	0
0	0	0	0	0
0	0	0	0	0
0	0	0	0	0
0	0	0	0	0
0	0	0	0	0
0	0	0	0	0
0	0	0	0	0
0	0	0	0	0
0	0	0	0	0
0	0	0	0	0
0	0	0	0	0
0	0	0	0	0
0	0	0	0	0
0	0	0	0	0
0	0	0	0	0
0	0	0	0	0
0	0	0	0	0
0	0	0	0	0
0	0	0	0	0
0	0	0	0	0
0	0	0	0	0
0	0	0	0	0
0	0	0	0	0
0	0	0	0	0
0	0	0	0	0
0	0	0	0	0
0	0	0	0	0
0	0	0	0	0
0	0	0	0	0
0	0	0	0	0
0	0	0	0	0
0	0	0	0	0
0	0	0	0	0
0	0	0	0	0
0	0	0	0	0
0	0	0	0	0
0	0	0	0	0
0	0	0	0	0
0	0	0	0	0
0	0	0	0	0
0	0	0	0	0
0	0	0	0	0
0	0	0	0	0
0	0	0	0	0
0	0	0	0	0
0	0	0	0	0
0	0	0	0	0
0	0	0	0	0
0	0	0	0	0
0	0	0	0	0
0	0	0	0	0
0	0	0	0	0
0	0	0	0	0
0	0	0	0	0
0	0	0	0	0
0	0	0	0	0
0	0	0	0	0
0	0	0	0	0
0	0	0	0	0
0	0	0	0	0
0	0	0	0	0
0	0	0	0	0
0	0	0	0	0
0	0	0	0	0
0	0	0	0	0
0	0	0	0	0
0	0	0	0	0
0	0	0	0	0
0	0	0	0	0
0	0	0	0	0
0	0	0	0	0
0	0	0	0	0
0	0	0	0	0
0	0	0	0	0
0	0	0	0	0
0	0	0	0	0
0	0	0	0	0
0	0	0	0	0
0	0	0	0	0
0	0	0	0	0
0	0	0	0	0
0	0	0	0	0
0	0	0	0	0
0	0	0	0	0
0	0	0	0	0
0	0	0	0	0
0	0	0	0	0
0	0	0	0	0
0	0	0	0	0
0	0	0	0	0
0	0	0	0	0
0	0	0	0	0
0	0	0	0	0
