a2610613.301730
Narit-cm 06/01/2026 12:03:05 06/01/2026 13:30:17 0045 0013.384714 0052.542598 00.0 00.0
0004094 0010 0000000 0010 05 0000000 0010 0000000 0010
1 0 1 01600 1 0000 3.75 00000.o 0 0 01 000 16 004094 0.500 BT0
1 2 1 02000 1 0000 3.75 00000.o 0 0 01 000 16 004094 0.500 S2A0
1 1 1 01600 1 0000 3.75 00000.o 0 0 00 000 00 004094 3.1746 BC0
1 3 1 02000 1 0000 3.75 00000.o 0 0 00 000 00 004094 3.1746 S2P0
1 5 0 01600 0 0000 1.00 00000.o 0 0 00 000 00 000000 0.000 OF0
0.000 .o Analog 0 	0.000 .o Analog StErr 0 	0.000 .o Photon Counting 0 	0.000 .o PC StErr 0 	0.000 .o Overflow Info 0 
28.7183	0.0762281	155.388	0.661118	0
47.4939	0.118003	161.241	0.63821	0
109.332	0.533813	85.1001	0.901649	0
295.76	1.11822	0.605765	0.0800244	0
485.702	0.381242	31.6463	0.633934	1
499.994	0.00647957	147.504	0.984728	1
499.98	0.0112388	138.241	1.01588	1
499.965	0.0139498	38.2511	0.641264	1
500	0	22.8627	0.466249	1
500	0	43.703	0.602779	1
499.994	0.0064833	87.1422	0.762676	1
499.989	0.00765293	139.336	0.838271	1
500	0	165.95	0.810476	1
500	0	145.559	0.801466	1
500	0	123.234	0.786347	1
499.994	0.0064833	115.603	0.753818	1
499.994	0.00647957	116.961	0.746793	1
500	0	120.254	0.747862	1
499.964	0.00784495	120.469	0.720831	1
491.453	0.181942	126.448	0.746335	1
458.102	0.327803	145.335	0.7416	1
419.1	0.312652	164.455	0.731521	0
384.096	0.293222	180.225	0.719762	0
352.452	0.276196	190.103	0.70449	0
324.372	0.259026	195.3	0.703115	0
299.487	0.244981	195.906	0.707391	0
277.263	0.229332	197.89	0.691814	0
257.513	0.213251	197.069	0.700519	0
239.815	0.198783	194.196	0.69441	0
223.852	0.185643	192.506	0.699297	0
209.382	0.176216	190.826	0.684789	0
196.025	0.16894	189.399	0.684484	0
183.648	0.160018	187.445	0.677153	0
172.232	0.156143	184.924	0.675321	0
161.461	0.154366	183.527	0.681888	0
151.196	0.152491	182.521	0.687538	0
141.524	0.150483	180.44	0.671197	0
132.431	0.149487	179.687	0.688607	0
123.814	0.149723	176.776	0.666616	0
115.627	0.149393	175.242	0.668754	0
107.832	0.149191	174.275	0.666768	0
100.401	0.149882	172.584	0.667227	0
93.326	0.150881	170.601	0.661118	0
86.5482	0.151894	168.94	0.658216	0
80.0387	0.152511	168.53	0.673641	0
73.8032	0.15277	166.937	0.65898	0
67.88	0.151805	166.419	0.651497	0
62.2695	0.150105	163.234	0.654856	0
57.0029	0.147687	163.381	0.664019	0
52.0988	0.143602	162.149	0.647373	0
47.5859	0.13729	158.583	0.641723	0
43.473	0.130092	157.391	0.646457	0
39.7617	0.122321	156.952	0.626756	0
36.5375	0.112923	154.626	0.64722	0
33.7271	0.102667	152.809	0.632865	0
31.2635	0.0921237	151.656	0.622938	0
29.2106	0.0808364	150.191	0.626298	0
27.5137	0.0700119	149.057	0.626909	0
26.0696	0.0608046	147.357	0.626756	0
24.8776	0.0521084	146.458	0.624007	0
23.9096	0.0444737	144.924	0.620189	0
23.078	0.0386751	144.016	0.632254	0
22.3859	0.0336413	143.058	0.632559	0
21.8231	0.0293612	142.364	0.623549	0
21.358	0.026299	141.993	0.608735	0
20.9646	0.0242909	138.72	0.608125	0
20.6304	0.022469	138.964	0.61515	0
20.3458	0.0211608	138.857	0.614539	0
20.0997	0.0199704	138.368	0.614844	0
19.8499	0.0192492	136.61	0.607514	0
19.6266	0.0182948	135.154	0.620953	0
19.4894	0.0180818	134.861	0.613622	0
19.3446	0.0181595	135.066	0.612706	0
19.1951	0.0177562	134.636	0.611943	0
19.0705	0.0178163	134.841	0.617288	0
18.9603	0.0175066	134.226	0.620189	0
18.8595	0.0172635	133.933	0.609499	0
18.7176	0.0169096	133.092	0.614539	0
18.5801	0.0171942	133.766	0.603696	0
18.5075	0.017232	133.522	0.620342	0
18.4434	0.0173387	131.842	0.614691	0
18.3134	0.0169559	133.708	0.618662	0
18.225	0.0167722	132.281	0.602321	0
18.2052	0.0169276	131.734	0.618509	0
18.1165	0.0169175	132.975	0.609499	0
18.0381	0.0167956	131.969	0.618357	0
18.0095	0.0168705	131.646	0.614844	0
17.9492	0.0167868	131.441	0.614691	0
17.873	0.0165865	131.216	0.602321	0
17.8297	0.0162876	130.601	0.615913	0
17.7544	0.0162234	130.65	0.614691	0
17.7024	0.0161719	131.724	0.616524	0
17.6988	0.016568	131.226	0.607514	0
17.6517	0.0166263	130.523	0.61347	0
17.6003	0.0162665	129.643	0.613012	0
17.5549	0.016225	130.2	0.604612	0
17.5038	0.0160632	131.363	0.614691	0
17.4515	0.0160023	131.099	0.604917	0
17.4108	0.0158087	130.288	0.613317	0
17.3933	0.0159331	129.995	0.612706	0
17.3466	0.016278	130.083	0.61744	0
17.3066	0.0159808	129.555	0.621106	0
17.2957	0.0161663	129.858	0.608277	0
17.258	0.0161773	129.448	0.622633	0
17.2185	0.0161034	130.874	0.602932	0
17.1956	0.0156917	129.868	0.603696	0
17.1667	0.0157728	129.526	0.60843	0
17.131	0.0159671	128.559	0.606139	0
17.1032	0.0161386	129.448	0.603848	0
17.0883	0.015599	128.373	0.607972	0
17.0484	0.0158613	128.539	0.606292	0
17.0122	0.0155934	129.262	0.597892	0
17.0028	0.0156242	129.477	0.611179	0
16.9526	0.0154502	128.959	0.616219	0
16.8762	0.0157246	129.555	0.618357	0
16.8668	0.015435	128.344	0.602016	0
16.8603	0.0156565	128.754	0.623549	0
16.8275	0.0154227	128.236	0.614691	0
16.7827	0.0155766	128.735	0.612095	0
16.7486	0.0156713	128.07	0.599114	0
16.7262	0.0157332	128.324	0.604917	0
16.6971	0.0154012	128.442	0.612553	0
16.6505	0.0156004	128.862	0.617288	0
16.6118	0.0155437	128.207	0.616371	0
16.5937	0.0154394	128.109	0.613775	0
16.5626	0.0154728	128.617	0.609957	0
16.5184	0.0156204	128.901	0.607208	0
16.4796	0.0155425	127.367	0.609041	0
16.4309	0.0152976	127.328	0.619731	0
16.4078	0.0154371	127.631	0.600183	0
16.4052	0.0155914	128.031	0.602779	0
16.3546	0.0154797	127.982	0.611484	0
16.3192	0.0156767	127.562	0.618051	0
16.3164	0.0156462	127.601	0.600489	0
16.2978	0.0153247	126.888	0.593922	0
16.2636	0.015452	126.663	0.61347	0
16.2154	0.0156635	126.917	0.618509	0
16.1922	0.0157957	126.536	0.612095	0
16.1577	0.0153908	126.976	0.604765	0
16.1225	0.0152856	126.927	0.605528	0
16.1129	0.0155503	126.175	0.614386	0
16.0589	0.0152708	126.693	0.617899	0
16.0125	0.0152901	126.448	0.609194	0
15.9844	0.0150359	126.615	0.597129	0
15.9317	0.0153281	125.755	0.607972	0
15.8923	0.0152152	126.712	0.607972	0
15.8854	0.0153249	127.592	0.607056	0
15.8524	0.0151144	125.901	0.613622	0
15.7985	0.0151163	126.673	0.617746	0
15.7942	0.0153191	126.595	0.610568	0
15.7633	0.0153272	126.37	0.597282	0
15.6998	0.0152461	126.839	0.609346	0
15.6718	0.0151918	125.462	0.592547	0
15.6284	0.0156318	124.758	0.612248	0
15.6119	0.0156389	125.559	0.603848	0
15.5932	0.0152436	124.797	0.61179	0
15.5327	0.0157028	124.944	0.608583	0
15.4748	0.0155402	125.129	0.616219	0
15.4504	0.0153374	125.344	0.618509	0
15.4461	0.0155792	125.149	0.614997	0
15.4288	0.0154156	125.09	0.600489	0
15.3792	0.0153636	124.045	0.60507	0
15.3487	0.0155342	124.993	0.605834	0
15.3461	0.0155852	124.416	0.614844	0
15.3077	0.0153895	124.025	0.610568	0
15.2728	0.0155262	124.397	0.610415	0
15.2599	0.0155528	125.354	0.601405	0
15.2279	0.015218	124.045	0.615608	0
15.1738	0.0153095	123.547	0.61347	0
15.1401	0.0150287	123.947	0.604917	0
15.1245	0.0154348	122.843	0.612553	0
15.1177	0.0153985	123.81	0.602779	0
15.1211	0.014924	123.625	0.612401	0
15.0884	0.0151312	123.42	0.612248	0
15.0417	0.0153205	124.573	0.612706	0
15.0343	0.0152444	123.312	0.607208	0
15.0062	0.0149911	122.501	0.593005	0
14.9656	0.0151536	123.986	0.615608	0
14.9681	0.0151124	123.009	0.611179	0
14.9457	0.0151234	123.048	0.598503	0
14.904	0.0152549	123.605	0.598503	0
14.8969	0.0148492	123.234	0.599572	0
14.879	0.0147338	123.742	0.618509	0
14.8569	0.0149523	123.771	0.605528	0
14.8267	0.0149275	122.687	0.601863	0
14.7841	0.0146869	123.937	0.623244	0
14.7816	0.0146985	122.599	0.598961	0
14.785	0.0146817	122.912	0.597587	0
14.7298	0.0149642	122.13	0.61576	0
14.7043	0.0145121	121.798	0.606597	0
14.7027	0.0147617	122.638	0.599572	0
14.6788	0.0144762	122.824	0.596518	0
14.6658	0.014436	122.404	0.602779	0
14.6379	0.014378	121.583	0.605834	0
14.6052	0.0144614	122.56	0.602627	0
14.6021	0.0145518	122.267	0.605528	0
14.5937	0.0143744	121.895	0.6011	0
14.564	0.0140764	121.798	0.607972	0
14.5595	0.014291	121.632	0.605834	0
14.5611	0.0145439	121.485	0.606445	0
14.5271	0.0143333	122.638	0.605834	0
14.517	0.0145528	121.827	0.599572	0
14.5087	0.0142591	121.544	0.602779	0
14.4538	0.0146064	121.817	0.607361	0
14.448	0.014451	122.022	0.594685	0
14.4637	0.014315	122.384	0.616982	0
14.4234	0.0144273	121.886	0.591784	0
14.4016	0.0143213	122.785	0.604612	0
14.3942	0.0141982	121.612	0.61179	0
14.3858	0.0143466	121.329	0.600641	0
14.3553	0.0143346	120.948	0.605528	0
14.3323	0.0143685	121.28	0.607666	0
14.3421	0.014228	121.739	0.608277	0
14.3246	0.0143862	120.938	0.606139	0
14.3026	0.014413	120.41	0.606139	0
14.3202	0.0143829	120.987	0.59942	0
14.3097	0.0139994	120.518	0.603085	0
14.2625	0.0141722	120.616	0.590867	0
14.2579	0.0141103	120.987	0.607361	0
14.2648	0.0141083	121.339	0.610873	0
14.2433	0.0140455	121.309	0.605834	0
14.2447	0.0137347	121.28	0.606903	0
14.2481	0.0141146	121.085	0.599725	0
14.2226	0.0142338	119.98	0.598656	0
14.2016	0.0138041	121.143	0.612095	0
14.2169	0.0137733	119.238	0.616677	0
14.2239	0.0141864	121.329	0.609194	0
14.186	0.0138266	120.782	0.60675	0
14.1779	0.0142447	120.596	0.607208	0
14.1834	0.013779	120.518	0.602474	0
14.149	0.0139912	120.02	0.608125	0
14.1355	0.0140672	120.664	0.604917	0
14.1462	0.0140413	119.541	0.598351	0
14.1513	0.013927	120.166	0.596976	0
14.1542	0.0138007	119.658	0.609194	0
14.1303	0.0137376	120.645	0.597892	0
14.1081	0.0138589	121.329	0.616829	0
14.1011	0.0139021	120.469	0.60171	0
14.1011	0.0137383	120.156	0.611943	0
14.1012	0.0139997	120.391	0.600794	0
14.0792	0.0138851	120.293	0.612401	0
14.0793	0.0138648	120.645	0.604001	0
14.0591	0.0137659	121.358	0.590715	0
14.0313	0.0140097	120.156	0.611179	0
14.0443	0.0140427	120.234	0.589798	0
14.0627	0.0137839	119.775	0.604001	0
14.0417	0.0140751	120.166	0.600489	0
14.0425	0.0137963	119.638	0.604765	0
14.0578	0.0141377	120.967	0.608125	0
14.0462	0.0139064	119.199	0.605528	0
14.021	0.0138175	120.078	0.616677	0
14.0174	0.0139212	119.912	0.611332	0
14.0366	0.0139499	120.195	0.606903	0
14.0014	0.013846	120.186	0.600183	0
13.9633	0.0138191	119.717	0.596823	0
13.9941	0.0138096	120.195	0.609957	0
14.0023	0.0137697	119.687	0.607819	0
13.9747	0.0136244	119.971	0.598045	0
13.9827	0.0138423	119.99	0.594685	0
14.0026	0.0135568	119.785	0.607208	0
13.9996	0.0134699	119.58	0.602779	0
13.9548	0.0138943	120.274	0.593769	0
13.9452	0.0137979	120.352	0.6011	0
13.9499	0.0139599	119.218	0.591478	0
13.9284	0.0135203	119.746	0.604154	0
13.9509	0.0136428	119.218	0.598045	0
13.9627	0.0136106	119.922	0.611026	0
13.9335	0.0136672	119.775	0.595449	0
13.9246	0.0137705	119.003	0.599572	0
13.9291	0.0134793	120.127	0.606903	0
13.9302	0.0136596	120.264	0.610568	0
13.9327	0.0137451	120.215	0.598045	0
13.9281	0.0136527	120.713	0.609652	0
13.919	0.0137568	119.941	0.610568	0
13.9137	0.013671	119.443	0.60507	0
13.9177	0.0135374	119.101	0.600641	0
13.8968	0.0134446	120.42	0.605986	0
13.9032	0.0135906	119.873	0.612248	0
13.9407	0.0134971	119.961	0.59606	0
13.924	0.0136806	119.248	0.591784	0
13.8873	0.0135943	119.961	0.610721	0
13.8842	0.0134666	119.648	0.607208	0
13.8947	0.0136308	121.153	0.604001	0
13.8958	0.0136132	120.899	0.621869	0
13.8943	0.013649	118.407	0.608125	0
13.8728	0.0135808	118.945	0.600183	0
13.8652	0.0134289	120.059	0.600183	0
13.8886	0.0135611	120.332	0.604154	0
13.8666	0.0137981	118.622	0.611943	0
13.8376	0.0134918	119.756	0.596365	0
13.852	0.0135497	119.57	0.605681	0
13.8685	0.0135673	119.082	0.607819	0
13.8788	0.0135599	119.883	0.597282	0
13.8775	0.0133154	119.541	0.617288	0
13.8555	0.0136798	119.267	0.610721	0
13.8464	0.0134301	119.531	0.612859	0
13.8281	0.0137696	119.472	0.592242	0
13.8241	0.0134346	119.101	0.609041	0
13.8475	0.0135847	118.867	0.604154	0
13.8332	0.0135458	118.271	0.608735	0
13.8244	0.0133588	118.525	0.603085	0
13.8263	0.0134015	118.701	0.602474	0
13.8235	0.0134848	119.15	0.61179	0
13.825	0.0136283	118.359	0.596365	0
13.8128	0.0134042	120.088	0.611026	0
13.824	0.0136815	118.769	0.600183	0
13.8299	0.0136831	119.209	0.601405	0
13.8143	0.0135129	118.544	0.612553	0
13.811	0.0134169	118.554	0.612095	0
13.8092	0.0134428	120.547	0.593158	0
13.8094	0.0134039	119.013	0.602627	0
13.8255	0.0132924	119.394	0.601252	0
13.8196	0.013463	119.355	0.61347	0
13.8002	0.013537	120.195	0.613012	0
13.8104	0.0133389	118.935	0.598503	0
13.823	0.0134742	118.964	0.615455	0
13.8039	0.0132422	120.107	0.603543	0
13.798	0.0135308	120.166	0.593311	0
13.8183	0.0134281	118.349	0.597587	0
13.8076	0.0132153	119.111	0.604765	0
13.7864	0.0134811	119.472	0.609957	0
13.7879	0.0133325	119.521	0.615455	0
13.8006	0.0132972	119.893	0.606292	0
13.7918	0.0133275	119.082	0.602169	0
13.7717	0.0133514	118.984	0.602932	0
13.7915	0.013514	119.209	0.60003	0
13.8102	0.0134351	119.287	0.598045	0
13.7942	0.0135703	118.74	0.603543	0
13.7869	0.013443	119.16	0.606445	0
13.7914	0.0132923	119.111	0.610721	0
13.7889	0.0134166	119.13	0.610873	0
13.7852	0.0132336	119.052	0.602932	0
13.7801	0.0135285	118.544	0.602474	0
13.7716	0.0131672	120	0.620189	0
13.7743	0.0132306	119.14	0.598961	0
13.7713	0.0132115	118.701	0.599572	0
13.7617	0.0131545	119.326	0.600183	0
13.7714	0.0133988	118.554	0.599572	0
13.7651	0.013456	119.218	0.604307	0
13.7456	0.0133382	119.082	0.59942	0
13.7482	0.0132805	118.319	0.600336	0
13.7601	0.0135486	119.101	0.61179	0
13.7593	0.0136155	119.228	0.599572	0
13.764	0.0134981	119.306	0.591326	0
13.7636	0.0136204	118.808	0.604459	0
13.7687	0.0133183	119.414	0.607819	0
13.7689	0.0134399	118.593	0.604765	0
13.7666	0.0136118	119.433	0.602016	0
13.7856	0.01319	119.111	0.601252	0
13.7569	0.0134703	119.17	0.60003	0
13.7349	0.0131785	118.837	0.606292	0
13.7641	0.0130454	119.277	0.597892	0
13.7634	0.0132396	118.925	0.604612	0
13.7572	0.0134892	118.984	0.604459	0
13.7513	0.0132022	118.359	0.591936	0
13.7567	0.0133247	118.74	0.612553	0
13.7656	0.0134781	119.13	0.600947	0
13.7469	0.0133204	120.127	0.611332	0
13.7497	0.0131564	119.179	0.600489	0
13.7691	0.0134137	118.056	0.601252	0
13.7788	0.0134881	119.414	0.600641	0
13.7694	0.013511	118.661	0.593158	0
13.7399	0.0133665	119.267	0.606903	0
13.7381	0.0133104	120.156	0.612248	0
13.7521	0.0133741	118.407	0.596976	0
13.7363	0.0132564	118.896	0.605834	0
13.7423	0.013636	119.736	0.598503	0
13.7493	0.0132252	118.495	0.595754	0
13.7385	0.013271	118.456	0.602779	0
13.7414	0.0135925	119.101	0.59774	0
13.7523	0.0131821	118.534	0.605681	0
13.753	0.0132094	119.14	0.610721	0
13.7351	0.013586	118.31	0.602627	0
13.7499	0.0132615	119.922	0.60003	0
13.7733	0.0133165	118.574	0.601863	0
13.7522	0.0132893	118.964	0.605528	0
13.7429	0.0132011	120.44	0.612248	0
13.7332	0.0134568	118.251	0.594533	0
13.7286	0.0133479	118.72	0.59942	0
13.7294	0.0133636	118.896	0.610873	0
13.7281	0.0132879	119.003	0.608277	0
13.7385	0.0134491	118.964	0.59942	0
13.7435	0.0132785	118.896	0.605376	0
13.7507	0.0133911	119.59	0.604765	0
13.758	0.0132848	118.417	0.610873	0
13.7405	0.013313	118.964	0.604459	0
13.7255	0.0133778	118.681	0.605681	0
13.7394	0.0133603	119.248	0.607361	0
13.7546	0.0132668	119.697	0.604917	0
13.7348	0.0132418	119.257	0.61179	0
13.7176	0.0133549	118.212	0.611637	0
13.7231	0.0134557	119.726	0.597587	0
13.7214	0.0132361	119.736	0.605528	0
13.7501	0.0131781	119.814	0.604307	0
13.7468	0.013403	118.534	0.602016	0
13.7089	0.0136701	119.433	0.600794	0
13.7201	0.0132322	117.909	0.613164	0
13.7268	0.0132505	119.56	0.594838	0
13.7178	0.013146	118.671	0.598809	0
13.7153	0.0132772	119.844	0.602474	0
13.7196	0.0135267	118.437	0.598961	0
13.7173	0.0133673	119.297	0.605681	0
13.7182	0.0132554	118.417	0.607208	0
13.7314	0.0133086	119.248	0.598351	0
13.7435	0.0133565	119.306	0.593922	0
13.7114	0.0133411	119.13	0.602169	0
13.7048	0.0133906	118.486	0.603543	0
13.7292	0.0132257	119.834	0.609652	0
13.7279	0.0133567	118.017	0.59606	0
13.7188	0.0133773	118.622	0.601405	0
13.7202	0.0135844	119.59	0.600947	0
13.7173	0.0134107	118.808	0.599572	0
13.7013	0.0135043	119.511	0.605986	0
13.7081	0.0132485	119.023	0.599114	0
13.722	0.0130967	119.658	0.611484	0
13.7175	0.0132041	119.629	0.597434	0
13.7081	0.0129575	118.935	0.610415	0
13.7175	0.0134128	119.267	0.600489	0
13.7182	0.0132406	119.717	0.595907	0
13.7104	0.0130573	118.964	0.599725	0
13.7185	0.0131837	117.567	0.604612	0
13.7278	0.0132707	119.599	0.61515	0
13.7142	0.0133002	119.16	0.599878	0
13.7118	0.0135805	118.222	0.605834	0
13.7205	0.0132056	119.257	0.611637	0
13.7058	0.0129336	119.492	0.614997	0
13.6976	0.01317	119.58	0.613775	0
13.6894	0.0133893	118.583	0.592547	0
13.7002	0.0131933	119.482	0.594685	0
13.7242	0.0133726	118.417	0.596365	0
13.7056	0.0133492	117.723	0.596213	0
13.6751	0.0134927	119.072	0.607361	0
13.6837	0.0133321	118.994	0.596976	0
13.7038	0.0131679	118.261	0.616677	0
13.7099	0.0136759	119.775	0.602474	0
13.7141	0.0130013	119.13	0.609499	0
13.7048	0.0132571	118.271	0.611332	0
13.6884	0.0129257	117.899	0.602932	0
13.6908	0.0131809	119.267	0.611179	0
13.6779	0.013136	119.101	0.604612	0
13.6661	0.0132524	120.127	0.598961	0
13.7062	0.0130226	118.505	0.612859	0
13.7212	0.0133587	119.277	0.60507	0
13.6866	0.0132137	118.955	0.598809	0
13.6814	0.0130886	118.955	0.606445	0
13.694	0.0131469	119.99	0.606292	0
13.7017	0.0133448	118.173	0.604001	0
13.7127	0.0134664	119.629	0.609957	0
13.7043	0.0132449	118.652	0.59942	0
13.6837	0.0135799	118.241	0.599725	0
13.7026	0.0134289	118.925	0.61576	0
13.7134	0.013315	119.521	0.592853	0
13.6902	0.0131655	118.876	0.604917	0
13.6744	0.0132388	118.876	0.607819	0
13.6824	0.012982	118.329	0.60339	0
13.6769	0.0133137	118.798	0.594685	0
13.6818	0.0132546	120.107	0.605528	0
13.7007	0.0133996	119.013	0.619426	0
13.6927	0.0132791	119.023	0.616219	0
13.6966	0.0133223	118.632	0.602016	0
13.7142	0.0134835	118.876	0.598961	0
13.6904	0.0132502	117.89	0.605986	0
13.6729	0.0134846	118.388	0.597587	0
13.6885	0.0135998	120.195	0.60675	0
13.6831	0.0133783	118.095	0.605376	0
13.6736	0.013391	119.775	0.604154	0
13.687	0.0131833	119.209	0.602321	0
13.6942	0.0132841	118.554	0.604307	0
13.6762	0.013095	118.417	0.610721	0
13.6633	0.0130857	117.088	0.601558	0
13.6709	0.0135623	119.717	0.614691	0
13.6892	0.0132787	119.238	0.607514	0
13.6892	0.0131549	119.297	0.604154	0
13.6833	0.013092	118.984	0.606292	0
13.6867	0.0129068	119.648	0.600489	0
13.6801	0.0131112	118.574	0.609041	0
13.6654	0.0130011	118.847	0.605986	0
13.6714	0.0132777	119.932	0.610415	0
13.6897	0.0131215	119.56	0.6011	0
13.6801	0.0133049	119.297	0.613164	0
13.6564	0.0130589	118.945	0.595602	0
13.6579	0.0136636	118.73	0.597587	0
13.6655	0.013544	119.365	0.602169	0
13.6619	0.0132814	118.085	0.604001	0
13.6881	0.0132983	119.56	0.603543	0
13.6912	0.013154	119.697	0.609957	0
13.6617	0.0132158	118.3	0.602321	0
13.6683	0.0130735	120.166	0.608583	0
13.6833	0.0132207	119.101	0.605223	0
13.6663	0.0133295	118.642	0.604307	0
13.6678	0.0130105	118.486	0.616066	0
13.6775	0.0131696	119.424	0.619426	0
13.683	0.0133303	117.499	0.608735	0
13.6922	0.0134384	120.684	0.605223	0
13.6734	0.0133451	118.183	0.601252	0
13.6545	0.013265	117.567	0.61011	0
13.6725	0.0133156	119.14	0.598198	0
13.6825	0.0131516	117.02	0.611179	0
13.6641	0.0133379	118.398	0.594991	0
13.6398	0.0132691	118.085	0.605986	0
13.6502	0.0132939	118.808	0.617135	0
13.6559	0.0134042	118.661	0.599572	0
13.6507	0.0135618	119.072	0.609194	0
13.6544	0.0134615	118.505	0.610568	0
13.6688	0.0132855	118.769	0.613317	0
13.6958	0.0132401	119.492	0.61011	0
13.6995	0.0132011	118.554	0.608583	0
13.6751	0.0133237	119.091	0.601405	0
13.678	0.0133809	119.228	0.602321	0
13.6851	0.0133626	119.062	0.610263	0
13.663	0.0135484	118.075	0.598809	0
13.6407	0.013115	117.46	0.608583	0
13.6463	0.0130119	119.57	0.608125	0
13.6761	0.0128583	118.192	0.614081	0
13.6588	0.0129799	117.616	0.589646	0
13.6334	0.0133042	118.603	0.60843	0
13.6662	0.0133608	117.87	0.601863	0
13.6674	0.0131815	118.886	0.596823	0
13.6462	0.0130656	118.945	0.602627	0
13.6751	0.013138	118.681	0.594227	0
13.6831	0.0131872	119.121	0.591631	0
13.6686	0.0131188	118.378	0.600489	0
13.6797	0.0130842	118.202	0.596976	0
13.6543	0.0133523	118.056	0.606597	0
13.6391	0.01334	117.518	0.602474	0
13.646	0.0133456	117.44	0.600641	0
13.6396	0.0135832	118.818	0.602932	0
13.6571	0.0133269	119.023	0.596823	0
13.6626	0.0133465	119.179	0.59774	0
13.6506	0.0132173	117.665	0.610721	0
13.626	0.0134218	118.222	0.614081	0
13.6326	0.0133269	118.515	0.607208	0
13.6731	0.0132271	118.192	0.610568	0
13.6529	0.0133017	117.723	0.607208	0
13.6577	0.013253	118.026	0.606903	0
13.6811	0.0131081	118.867	0.593464	0
13.6629	0.0131405	118.261	0.613775	0
13.6475	0.012873	118.28	0.609957	0
13.6505	0.0134683	119.003	0.60675	0
13.6408	0.013301	117.577	0.614539	0
13.6388	0.0128524	118.368	0.597434	0
13.6517	0.0131453	118.906	0.604001	0
13.6556	0.0131985	118.691	0.609652	0
13.664	0.0132924	119.365	0.609346	0
13.6678	0.0133038	118.583	0.602016	0
13.6646	0.0131554	119.15	0.594533	0
13.6652	0.0130303	118.407	0.5927	0
13.6608	0.0132799	118.613	0.613928	0
13.6353	0.0133002	118.896	0.597892	0
13.6369	0.0130994	118.261	0.593005	0
13.6503	0.0131096	118.945	0.614081	0
13.6536	0.0131662	118.915	0.602932	0
13.6473	0.0134322	118.74	0.598809	0
13.6394	0.013295	119.414	0.604765	0
13.6528	0.013247	118.407	0.603543	0
13.6451	0.013265	118.886	0.606597	0
13.6473	0.0132358	118.495	0.59774	0
13.6546	0.0132163	118.788	0.617288	0
13.6576	0.013393	118.681	0.612401	0
13.6433	0.0133671	118.359	0.596976	0
13.6416	0.0133045	117.831	0.607666	0
13.6659	0.0131256	117.86	0.602932	0
13.6639	0.0132546	118.906	0.607972	0
13.6502	0.0131847	118.378	0.599267	0
13.6605	0.013401	119.531	0.609346	0
13.6586	0.0132009	119.062	0.60675	0
13.6412	0.0129561	118.173	0.594074	0
13.6535	0.0132485	120.645	0.602016	0
13.67	0.0130181	118.671	0.598351	0
13.656	0.0130927	120.107	0.615455	0
13.641	0.0132534	117.694	0.609346	0
13.6592	0.0132126	117.45	0.603085	0
13.6712	0.0131702	118.671	0.609499	0
13.6626	0.0131927	117.245	0.599267	0
13.6667	0.013283	118.915	0.6011	0
13.6593	0.0132371	117.909	0.604765	0
13.6332	0.01322	118.564	0.599572	0
13.6555	0.0133402	117.938	0.599725	0
13.6704	0.0131193	118.417	0.602779	0
13.6457	0.0132351	118.271	0.603696	0
13.6367	0.0133492	117.919	0.603238	0
13.6426	0.0131684	117.851	0.614997	0
13.6384	0.0133981	118.622	0.61011	0
13.6505	0.0133084	119.306	0.604917	0
13.6708	0.0131055	118.857	0.599878	0
13.6594	0.0132071	118.075	0.607514	0
13.6414	0.0134815	118.876	0.599114	0
13.6368	0.0131465	118.691	0.606445	0
13.6464	0.0132487	118.232	0.605376	0
13.6487	0.0132089	119.58	0.599114	0
13.6472	0.0132114	118.349	0.59606	0
13.636	0.013154	119.16	0.601252	0
13.6337	0.0132441	118.319	0.60507	0
13.6388	0.0133615	117.88	0.598961	0
13.6369	0.0131126	118.828	0.609346	0
13.6453	0.0132834	118.661	0.593616	0
13.6411	0.0131459	119.15	0.608583	0
13.6337	0.0132528	119.297	0.602474	0
13.6425	0.0132346	119.375	0.606139	0
13.6359	0.0134599	119.502	0.597892	0
13.62	0.0133194	118.847	0.607361	0
13.6378	0.0129738	118.74	0.612248	0
13.6588	0.0131016	119.072	0.603848	0
13.6617	0.0133088	119.814	0.600489	0
13.6601	0.0134606	118.486	0.59606	0
13.642	0.0133366	119.541	0.596213	0
13.6409	0.013287	119.511	0.590715	0
13.6677	0.0133675	118.896	0.602627	0
13.6594	0.0132987	118.574	0.61347	0
13.6309	0.0132253	119.062	0.609957	0
13.6359	0.0134582	119.668	0.59606	0
13.6428	0.0130786	118.759	0.609194	0
13.6206	0.0133782	118.407	0.617593	0
13.6328	0.0132257	118.105	0.600489	0
13.6703	0.0132879	118.886	0.603238	0
13.6498	0.0131431	119.267	0.602169	0
13.627	0.0130854	119.17	0.606903	0
13.632	0.0133689	118.378	0.611332	0
13.6549	0.0131848	118.661	0.595449	0
13.664	0.0132413	119.209	0.606292	0
13.641	0.0133314	118.642	0.612095	0
13.6448	0.0134984	117.938	0.60171	0
13.6462	0.0132075	118.886	0.613928	0
13.6505	0.0129983	119.209	0.602627	0
13.6606	0.0133256	118.388	0.610721	0
13.6569	0.0132604	118.525	0.612248	0
13.6588	0.0131483	118.036	0.60339	0
13.642	0.013317	118.632	0.609041	0
13.6289	0.0132146	117.557	0.598656	0
13.6446	0.0131558	117.704	0.603543	0
13.6603	0.0130553	118.134	0.602474	0
13.654	0.013124	118.984	0.609804	0
13.6295	0.0132442	118.691	0.600183	0
13.622	0.0133281	117.919	0.606139	0
13.6377	0.0129836	118.192	0.597282	0
13.6341	0.0130917	118.876	0.602169	0
13.6253	0.0132158	118.886	0.604154	0
13.6333	0.0135377	118.378	0.600641	0
13.6277	0.0134874	118.368	0.597434	0
13.6369	0.0131916	119.756	0.60339	0
13.6634	0.0132407	117.606	0.609804	0
13.658	0.0134696	119.16	0.60843	0
13.6431	0.0135472	117.753	0.613775	0
13.6316	0.0132653	118.71	0.60843	0
13.6377	0.0131852	118.955	0.604307	0
13.6573	0.0131887	118.144	0.599878	0
13.629	0.0131471	118.925	0.608735	0
13.5982	0.0132702	118.271	0.602016	0
13.6372	0.0134936	118.339	0.601558	0
13.6717	0.0133727	119.16	0.602627	0
13.6527	0.0131457	119.805	0.612553	0
13.6521	0.0133303	118.329	0.602169	0
13.6746	0.013143	119.238	0.616524	0
13.6765	0.0133491	119.384	0.594991	0
13.6489	0.0130305	118.114	0.599267	0
13.6249	0.0132497	118.593	0.611943	0
13.6417	0.013492	120.039	0.609804	0
13.6424	0.0134291	117.489	0.593922	0
13.6226	0.0132012	118.378	0.604917	0
13.6241	0.0132635	118.955	0.619273	0
13.6312	0.0134297	118.74	0.610721	0
13.6363	0.0134417	118.525	0.610721	0
13.6353	0.0132137	118.847	0.606292	0
13.6259	0.0132346	117.743	0.600794	0
13.6326	0.0133089	119.15	0.598351	0
13.6508	0.0134569	118.671	0.587966	0
13.6333	0.0130148	118.202	0.601405	0
13.6135	0.0132564	119.414	0.601558	0
13.6407	0.0132544	118.661	0.600336	0
13.6601	0.0130377	117.548	0.595449	0
13.6464	0.0131091	118.749	0.604459	0
13.6506	0.01298	119.257	0.602627	0
13.6548	0.0130864	119.17	0.606139	0
13.6455	0.0132449	118.114	0.598961	0
13.6524	0.0132366	118.808	0.614386	0
13.6516	0.0132047	119.16	0.60339	0
13.6381	0.0130275	117.909	0.59942	0
13.6456	0.0129362	119.16	0.606597	0
13.6579	0.013316	118.574	0.597434	0
13.6293	0.0129267	117.206	0.600336	0
13.6182	0.0132099	119.482	0.616371	0
13.649	0.0131988	117.89	0.606292	0
13.649	0.0132506	118.915	0.607361	0
13.6351	0.0134108	119.463	0.607208	0
13.6277	0.0129098	119.375	0.617593	0
13.6158	0.0133834	118.339	0.597282	0
13.6377	0.0132298	118.974	0.605528	0
13.6554	0.013132	118.163	0.600183	0
13.6381	0.0131224	118.378	0.596823	0
13.6358	0.0131222	118.026	0.599572	0
13.6483	0.0132078	118.28	0.599114	0
13.6532	0.0132773	119.228	0.597129	0
13.6529	0.0133161	118.28	0.603543	0
13.6404	0.0135515	118.456	0.600183	0
13.6496	0.0134116	118.232	0.596976	0
13.6697	0.0133186	118.828	0.60339	0
13.6548	0.0132218	118.857	0.609041	0
13.6368	0.0133391	118.583	0.604307	0
13.6396	0.013358	118.896	0.607208	0
13.6385	0.013304	119.16	0.603696	0
13.6424	0.0135998	118.534	0.601405	0
13.6385	0.0132183	117.968	0.605681	0
13.6282	0.0133377	118.427	0.597892	0
13.6344	0.0133397	118.642	0.603085	0
13.627	0.0133237	118.407	0.605528	0
13.634	0.0133371	117.958	0.600947	0
13.6458	0.0129239	119.531	0.604154	0
13.6474	0.0131541	119.404	0.605376	0
13.6562	0.0132672	118.661	0.602932	0
13.6348	0.0130676	118.486	0.60171	0
13.6153	0.013243	119.238	0.598351	0
13.6293	0.0132974	119.795	0.608888	0
13.6458	0.0131523	118.769	0.613317	0
13.6264	0.0130957	118.525	0.611484	0
13.6121	0.0130159	119.257	0.601558	0
13.6502	0.0129066	119.072	0.601252	0
13.6619	0.0131323	118.271	0.593464	0
13.6549	0.0133641	118.603	0.606597	0
13.6667	0.0132097	118.525	0.592853	0
13.6627	0.0130291	118.681	0.611637	0
13.6417	0.0131847	117.909	0.599878	0
13.6298	0.0134136	118.525	0.595907	0
13.6351	0.0130552	118.476	0.611637	0
13.6442	0.0131522	118.964	0.599114	0
13.6496	0.0132066	118.915	0.585217	0
13.6311	0.0130465	118.593	0.610873	0
13.6345	0.0133319	119.521	0.607514	0
13.6564	0.0131103	117.255	0.605528	0
13.6505	0.0132581	118.798	0.613317	0
13.6487	0.0133233	118.544	0.598351	0
13.6425	0.0133169	119.472	0.60003	0
13.6457	0.013165	118.788	0.6011	0
13.6561	0.0132596	118.642	0.606292	0
13.6202	0.0132094	118.232	0.596976	0
13.613	0.0131502	118.31	0.598503	0
13.6452	0.0131167	118.534	0.600641	0
13.6272	0.0130965	118.163	0.613928	0
13.6072	0.0135248	117.831	0.593005	0
13.6312	0.0132749	118.388	0.609194	0
13.6466	0.013306	118.447	0.599267	0
13.6484	0.0131386	119.766	0.61179	0
13.6371	0.0132599	117.87	0.604765	0
13.6112	0.0132022	118.72	0.602016	0
13.638	0.0130615	119.414	0.605834	0
13.6566	0.0132104	118.613	0.603696	0
13.6227	0.0132069	118.173	0.605681	0
13.6335	0.0133756	118.642	0.599878	0
13.6548	0.0131814	118.964	0.607819	0
13.6173	0.013234	118.652	0.605834	0
13.6053	0.013244	118.955	0.597892	0
13.6487	0.013108	119.902	0.610568	0
13.6607	0.0132357	118.251	0.599878	0
13.6243	0.0129736	119.101	0.598809	0
13.615	0.0132493	117.753	0.591936	0
13.6343	0.0134304	118.134	0.603085	0
13.6281	0.0132563	119.306	0.600794	0
13.6144	0.0132825	116.571	0.604459	0
13.6207	0.0130718	118.241	0.596213	0
13.6403	0.0130973	118.994	0.593158	0
13.6402	0.0133625	118.828	0.609652	0
13.6258	0.0130594	119.189	0.614081	0
13.6274	0.0132423	118.867	0.605376	0
13.6145	0.0134126	118.642	0.607361	0
13.6285	0.0131804	118.74	0.600336	0
13.6466	0.0133491	116.864	0.611484	0
13.6161	0.0131496	118.476	0.592547	0
13.625	0.0132723	119.248	0.598809	0
13.6528	0.0129667	119.16	0.606445	0
13.6312	0.0132067	117.587	0.596976	0
13.631	0.0132049	118.447	0.605376	0
13.6484	0.0132613	118.153	0.60171	0
13.6292	0.0130009	118.691	0.606139	0
13.635	0.0134137	119.248	0.607361	0
13.6395	0.0129045	118.3	0.598656	0
13.6144	0.0131976	117.89	0.607819	0
13.625	0.0132514	118.554	0.616524	0
13.6476	0.0132006	118.681	0.598961	0
13.6389	0.0129232	118.984	0.619273	0
13.6232	0.0132712	118.407	0.605223	0
13.633	0.0131187	118.505	0.604459	0
13.6299	0.0129861	118.134	0.593616	0
13.6175	0.0132728	118.144	0.604917	0
13.644	0.0128096	119.023	0.598961	0
13.667	0.0134196	118.544	0.60171	0
13.6342	0.0131337	118.788	0.58201	0
13.617	0.0131	117.714	0.61515	0
13.629	0.0132269	117.372	0.6011	0
13.6323	0.0133263	117.87	0.602932	0
13.6271	0.013125	118.359	0.593158	0
13.6191	0.0131511	118.925	0.616066	0
13.6383	0.0133839	118.261	0.597892	0
13.6425	0.0132817	117.616	0.605223	0
13.6253	0.0130974	118.769	0.60339	0
13.6443	0.0129654	119.082	0.602169	0
13.6496	0.0131396	118.075	0.603543	0
13.6181	0.0134943	118.867	0.604154	0
13.6128	0.0134098	118.388	0.608888	0
13.6295	0.0132757	118.28	0.612248	0
13.6248	0.0131194	118.31	0.600947	0
13.6245	0.0131289	119.316	0.607972	0
13.6452	0.0132698	118.407	0.596671	0
13.6334	0.0130687	119.033	0.605986	0
13.6337	0.0132484	119.189	0.597434	0
13.6642	0.0131233	118.642	0.604612	0
13.6461	0.0131819	118.661	0.622327	0
13.6335	0.0131521	118.417	0.607819	0
13.6337	0.0133001	119.13	0.592242	0
13.6328	0.0130814	117.948	0.612248	0
13.6404	0.0131867	118.495	0.609499	0
13.637	0.013265	120.039	0.602779	0
13.6274	0.01328	118.935	0.601405	0
13.6325	0.0133202	118.134	0.602627	0
13.6326	0.0132469	118.74	0.595449	0
13.6293	0.0128339	118.339	0.600489	0
13.6382	0.0131819	119.16	0.609499	0
13.6468	0.0132103	118.417	0.608583	0
13.643	0.0132166	118.466	0.598503	0
13.6473	0.0133546	119.248	0.598198	0
13.6421	0.0131553	118.701	0.595907	0
13.6244	0.0129477	119.121	0.609194	0
13.6306	0.0130809	118.124	0.6011	0
13.6328	0.013187	119.189	0.60171	0
13.6446	0.0132447	118.749	0.603238	0
13.6483	0.0132782	118.74	0.615913	0
13.6309	0.0133851	119.043	0.601863	0
13.6349	0.013448	119.111	0.616829	0
13.6382	0.0132568	118.359	0.619731	0
13.61	0.013379	118.476	0.604612	0
13.6309	0.0131304	118.798	0.602474	0
13.6746	0.0132645	118.271	0.600947	0
13.6403	0.0129306	118.72	0.597282	0
13.6107	0.0130516	119.277	0.614997	0
13.6307	0.0131588	117.89	0.60507	0
13.6237	0.0129512	118.232	0.609652	0
13.6284	0.01308	120.02	0.609194	0
13.6559	0.0130845	118.359	0.607819	0
13.6345	0.0131201	119.17	0.591478	0
13.6087	0.0131226	119.199	0.604612	0
13.6419	0.0132426	118.583	0.610568	0
13.6348	0.0132932	117.675	0.594838	0
13.6015	0.0132175	118.486	0.609652	0
13.6247	0.0132751	118.388	0.60339	0
13.6394	0.0134334	119.384	0.597587	0
13.6327	0.013287	117.997	0.603543	0
13.6317	0.0132643	118.779	0.594533	0
13.6326	0.0130352	118.476	0.61179	0
13.6285	0.0131262	118.779	0.587355	0
13.628	0.0132152	118.466	0.608888	0
13.6201	0.0131289	118.632	0.625687	0
13.6231	0.0132955	119.345	0.621258	0
13.6394	0.0132766	119.267	0.614233	0
13.6271	0.0129129	118.251	0.607056	0
13.6172	0.013202	118.359	0.598961	0
13.6406	0.0133767	118.886	0.608735	0
13.6497	0.0130967	118.945	0.593769	0
13.6284	0.0134111	117.557	0.605528	0
13.6258	0.0133151	119.033	0.613164	0
13.64	0.0132367	118.622	0.608888	0
13.6285	0.0130673	119.13	0.60507	0
13.6223	0.0132703	118.837	0.600947	0
13.6502	0.0132579	118.437	0.613775	0
13.6513	0.013085	118.456	0.600183	0
13.6274	0.0131983	117.479	0.604154	0
13.6133	0.0130247	118.114	0.610721	0
13.6105	0.0132792	117.821	0.605223	0
13.6206	0.0131448	118.681	0.611026	0
13.6116	0.013153	119.218	0.603085	0
13.6087	0.0131233	117.303	0.602932	0
13.633	0.013094	118.319	0.597587	0
13.6441	0.0132687	119.375	0.598961	0
13.6271	0.013177	119.482	0.604001	0
13.6124	0.0131462	119.609	0.608735	0
13.6268	0.0130326	119.257	0.615913	0
13.6483	0.0128309	118.28	0.596671	0
13.6378	0.0129553	118.329	0.600947	0
13.6197	0.0130351	118.622	0.593158	0
13.6207	0.0130639	118.974	0.608735	0
13.6228	0.0129881	118.652	0.598656	0
13.6405	0.0130131	118.251	0.602779	0
13.6487	0.0132551	118.222	0.60507	0
13.6277	0.0133422	119.326	0.605681	0
13.6153	0.0130782	118.368	0.587966	0
13.6178	0.0130214	118.437	0.60339	0
13.6232	0.013138	119.287	0.611637	0
13.6378	0.0132445	117.372	0.608735	0
13.6413	0.0132475	119.58	0.605528	0
13.6327	0.0133096	118.31	0.591173	0
13.6187	0.0130115	118.593	0.612248	0
13.6183	0.0131342	118.671	0.61179	0
13.6288	0.0128425	117.264	0.600641	0
13.6182	0.013302	117.841	0.616677	0
13.6249	0.0133228	118.163	0.598656	0
13.6602	0.0132996	118.105	0.593311	0
13.641	0.0131263	118.486	0.607514	0
13.6178	0.0131447	118.681	0.598503	0
13.6395	0.0133185	117.655	0.605834	0
13.6357	0.0133678	117.978	0.596823	0
13.6221	0.0134613	117.665	0.599267	0
13.6401	0.0135061	117.675	0.588118	0
13.6462	0.0133098	118.964	0.603085	0
13.627	0.0132398	118.114	0.608277	0
13.6159	0.0132805	118.476	0.612859	0
13.6202	0.0132311	118.075	0.592547	0
13.6346	0.013018	119.228	0.596365	0
13.6368	0.0132595	117.469	0.596976	0
13.631	0.0132488	118.603	0.611179	0
13.6301	0.0131804	117.557	0.606445	0
13.6302	0.0133336	119.345	0.604154	0
13.6355	0.0131779	119.521	0.59606	0
13.6318	0.0130799	118.095	0.595754	0
13.618	0.0131335	118.544	0.606597	0
13.6253	0.0132884	117.958	0.602474	0
13.6236	0.0129265	118.749	0.612553	0
13.6138	0.0134049	118.476	0.605986	0
13.6379	0.0131366	118.271	0.600794	0
13.6431	0.0129082	117.763	0.6011	0
13.6201	0.012993	119.033	0.604917	0
13.6264	0.0132292	118.105	0.594074	0
13.6218	0.0130105	117.528	0.594533	0
13.6065	0.0130974	118.622	0.607514	0
13.6237	0.0132107	118.505	0.612248	0
13.6439	0.0131077	118.447	0.605986	0
13.6404	0.013138	118.632	0.604765	0
13.6247	0.0130977	118.007	0.595907	0
13.6151	0.0131082	117.87	0.600641	0
13.6215	0.0130373	118.857	0.604612	0
13.6346	0.0129721	117.714	0.605834	0
13.6443	0.0135213	119.609	0.614539	0
13.645	0.0130749	118.417	0.598045	0
13.6113	0.013132	118.906	0.617288	0
13.6148	0.0131498	118.788	0.606292	0
13.6483	0.0133093	117.978	0.597282	0
13.6351	0.0133191	119.844	0.608277	0
13.6295	0.0132251	118.3	0.610873	0
13.6438	0.0133223	118.183	0.600336	0
13.6479	0.0133139	118.329	0.601252	0
13.6453	0.0132695	119.101	0.597587	0
13.6392	0.0132067	118.134	0.612401	0
13.6354	0.0132727	119.091	0.604154	0
13.64	0.0133465	117.978	0.598809	0
13.6277	0.0134929	118.134	0.601558	0
13.6402	0.0131562	119.013	0.607361	0
13.6491	0.0134795	118.906	0.606139	0
13.62	0.0133398	118.622	0.600489	0
13.6202	0.0133834	118.319	0.61179	0
13.6314	0.013211	117.987	0.602016	0
13.6165	0.0132744	119.218	0.600183	0
13.6004	0.0130821	119.189	0.618815	0
13.6077	0.0133636	117.567	0.610263	0
13.6241	0.0133846	118.818	0.601405	0
13.6218	0.0132031	118.808	0.591784	0
13.6229	0.0132243	118.261	0.599878	0
13.6164	0.0133828	118.661	0.59942	0
13.6235	0.0130795	118.886	0.598809	0
13.658	0.0131514	118.857	0.6011	0
13.6477	0.0131486	118.232	0.606903	0
13.6236	0.0135059	118.779	0.597587	0
13.6114	0.0132653	119.101	0.620495	0
13.6114	0.0131747	118.495	0.606139	0
13.6315	0.0131867	119.199	0.604765	0
13.6267	0.0132758	118.036	0.591936	0
13.6051	0.0130925	119.033	0.609804	0
13.6307	0.0132084	119.365	0.608888	0
13.6541	0.013318	118.251	0.602627	0
13.6341	0.0130797	117.811	0.600489	0
13.6069	0.0131793	118.779	0.609957	0
13.6136	0.0133031	119.297	0.602932	0
13.6365	0.0132982	118.994	0.608888	0
13.6348	0.0132907	118.974	0.605528	0
13.6352	0.0132691	118.72	0.605223	0
13.6334	0.0132008	119.043	0.614997	0
13.623	0.0133801	117.841	0.597282	0
13.6264	0.013216	118.564	0.6011	0
13.6346	0.0130393	118.407	0.611179	0
13.6366	0.0132222	117.929	0.604765	0
13.6394	0.0132344	118.603	0.607514	0
13.634	0.0132311	119.443	0.598351	0
13.6373	0.0130932	118.476	0.613775	0
13.639	0.0132966	118.183	0.598351	0
13.6243	0.0133023	118.593	0.608277	0
13.6337	0.013042	119.326	0.598503	0
13.6266	0.0133886	118.886	0.607514	0
13.6236	0.013517	118.544	0.604917	0
13.6354	0.0133964	118.847	0.599572	0
13.6318	0.0135361	119.355	0.60171	0
13.6222	0.0131815	119.599	0.601558	0
13.6205	0.0131797	117.225	0.604459	0
13.62	0.0132354	118.173	0.6011	0
13.6249	0.0133088	119.013	0.598045	0
13.6289	0.0131707	118.222	0.598198	0
13.6256	0.0133045	118.407	0.593616	0
13.6285	0.0131224	118.945	0.598198	0
13.64	0.0133989	119.111	0.596518	0
13.6459	0.0132501	118.808	0.595143	0
13.6312	0.0131255	117.626	0.597892	0
13.6276	0.0131869	119.16	0.606903	0
13.6322	0.0133739	118.026	0.607666	0
13.6348	0.0132551	118.534	0.598809	0
13.63	0.0132623	118.28	0.604001	0
13.604	0.0129173	118.251	0.605376	0
13.6149	0.0131813	119.463	0.602321	0
13.6367	0.0132002	118.974	0.596671	0
13.6359	0.0128954	118.593	0.598045	0
13.6486	0.0128866	118.114	0.598656	0
13.6398	0.0132215	118.613	0.607819	0
13.6109	0.0132739	117.469	0.60675	0
13.6423	0.0132851	118.505	0.616524	0
13.6552	0.013383	118.163	0.606597	0
13.616	0.0133235	117.968	0.6011	0
13.6292	0.0131789	119.482	0.601558	0
13.649	0.0133227	118.788	0.605834	0
13.6309	0.0132556	118.994	0.616677	0
13.627	0.0130122	119.287	0.596213	0
13.6168	0.0133502	118.153	0.623396	0
13.6215	0.0133594	118.915	0.60675	0
13.6447	0.0131663	118.339	0.602474	0
13.6288	0.0130634	118.017	0.607514	0
13.6127	0.013322	118.456	0.596823	0
13.6311	0.0131802	118.632	0.609652	0
13.6337	0.0131378	119.326	0.604765	0
13.6197	0.0130629	118.29	0.586591	0
13.632	0.0132676	118.984	0.604001	0
13.6435	0.0134699	118.505	0.610873	0
13.6334	0.0132452	118.153	0.599725	0
13.6333	0.0133279	118.779	0.600183	0
13.6384	0.0131994	118.261	0.602016	0
13.6404	0.0131026	119.59	0.600489	0
13.646	0.0132372	117.772	0.607514	0
13.6358	0.0131319	119.697	0.595602	0
13.6426	0.0130509	118.798	0.610873	0
13.6466	0.0130441	118.847	0.595907	0
13.6374	0.0134073	117.342	0.614081	0
13.6279	0.0130394	119.521	0.607666	0
13.6108	0.0133763	118.476	0.611332	0
13.6137	0.0131558	119.424	0.602779	0
13.637	0.0133817	118.456	0.611026	0
13.6313	0.013328	118.026	0.593311	0
13.6215	0.013128	119.726	0.615455	0
13.6247	0.012911	118.28	0.603696	0
13.6269	0.0129985	118.398	0.60507	0
13.6283	0.0129903	116.834	0.589798	0
13.622	0.0130743	118.671	0.595296	0
13.6186	0.012977	119.326	0.612248	0
13.607	0.0132731	119.101	0.600947	0
13.6227	0.0130423	118.486	0.598503	0
13.6523	0.013499	118.847	0.595296	0
13.6547	0.0132654	118.974	0.606139	0
13.6517	0.0130585	117.958	0.600183	0
13.641	0.0131536	119.16	0.602321	0
13.6284	0.0131614	118.857	0.609499	0
13.6445	0.0131151	118.515	0.601252	0
13.6467	0.0130164	118.769	0.61011	0
13.6204	0.0130425	119.052	0.618357	0
13.6222	0.0130538	118.407	0.603696	0
13.654	0.0133115	118.515	0.606139	0
13.6591	0.0134572	118.72	0.604459	0
13.6207	0.0134114	118.935	0.605376	0
13.614	0.0134977	117.655	0.607819	0
13.6228	0.01334	118.788	0.612248	0
13.6153	0.0131539	118.407	0.608583	0
13.6293	0.0132726	118.73	0.613622	0
13.6315	0.0131789	117.372	0.600183	0
13.6369	0.0130721	119.209	0.609957	0
13.6471	0.0130379	118.818	0.618357	0
13.6265	0.0132535	118.847	0.61576	0
13.6218	0.0133483	118.574	0.605681	0
13.6288	0.0132445	119.599	0.60003	0
13.6082	0.0131486	117.811	0.600947	0
13.611	0.0131475	118.007	0.59438	0
13.651	0.0133798	117.684	0.619731	0
13.6476	0.0132293	118.505	0.609957	0
13.6272	0.0132105	118.222	0.613622	0
13.6336	0.013091	117.235	0.602321	0
13.6471	0.0131359	118.163	0.614997	0
13.6371	0.0131025	118.388	0.611026	0
13.6201	0.0132652	118.73	0.612859	0
13.6521	0.0130558	118.876	0.606445	0
13.6713	0.0132515	117.841	0.602474	0
13.6345	0.0130293	119.003	0.600947	0
13.6224	0.0131748	118.368	0.597129	0
13.6161	0.0130063	118.134	0.596671	0
13.6111	0.0130097	118.388	0.614386	0
13.6373	0.0129726	118.212	0.603543	0
13.6531	0.0133089	118.417	0.605834	0
13.6387	0.0131985	119.199	0.604154	0
13.6287	0.0132482	118.407	0.611484	0
13.6463	0.0131622	118.046	0.611484	0
13.6544	0.013127	119.814	0.602321	0
13.6355	0.0130641	119.052	0.604307	0
13.6299	0.0135082	118.837	0.607514	0
13.6414	0.0130652	117.938	0.593158	0
13.6164	0.0133162	118.632	0.601558	0
13.6037	0.0133675	118.105	0.609041	0
13.6132	0.0131109	119.052	0.600794	0
13.6227	0.0129136	118.124	0.602932	0
13.6067	0.0131378	119.893	0.612706	0
13.6046	0.0130314	117.509	0.613928	0
13.6184	0.0132404	118.71	0.603085	0
13.6189	0.0135186	118.544	0.595907	0
13.6209	0.0132477	118.867	0.587813	0
13.6164	0.0132786	119.052	0.595907	0
13.6229	0.0133928	117.792	0.602474	0
13.632	0.0133071	118.642	0.603848	0
13.6234	0.0132689	117.509	0.612401	0
13.6146	0.0132488	118.652	0.61515	0
13.6208	0.0132921	118.349	0.59438	0
13.6164	0.0133177	119.297	0.602474	0
13.6264	0.0133703	117.567	0.6011	0
13.6421	0.0131939	118.495	0.597892	0
13.6506	0.0130885	118.73	0.60003	0
13.6457	0.0131694	117.255	0.59438	0
13.6226	0.0131504	119.472	0.60339	0
13.6056	0.0130122	118.769	0.586897	0
13.6182	0.013302	118.153	0.602169	0
13.6407	0.0132519	118.603	0.601252	0
13.642	0.0132593	118.593	0.607666	0
13.6362	0.0132525	118.955	0.608735	0
13.6519	0.0132676	118.925	0.605376	0
13.6544	0.0130762	118.192	0.596671	0
13.6398	0.0132264	118.769	0.600947	0
13.6212	0.0132318	119.023	0.60171	0
13.6179	0.0132095	118.192	0.604459	0
13.6173	0.0131179	118.613	0.596213	0
13.6039	0.0133344	118.105	0.599114	0
13.5993	0.0128479	118.378	0.607666	0
13.6259	0.0132696	118.554	0.611026	0
13.6285	0.013237	118.818	0.604917	0
13.6087	0.0134079	118.378	0.612248	0
13.6069	0.0130015	118.368	0.594074	0
13.6032	0.0134181	118.456	0.607972	0
13.6187	0.0132488	118.065	0.592547	0
13.6389	0.0133063	119.287	0.616982	0
13.6305	0.0132149	119.306	0.591631	0
13.625	0.0132036	118.144	0.602474	0
13.628	0.0133518	118.72	0.599878	0
13.6319	0.0131653	118.701	0.601405	0
13.635	0.0135099	119.033	0.610568	0
13.6355	0.0131309	117.831	0.60171	0
13.6241	0.0130156	119.345	0.60003	0
13.6406	0.0133106	119.257	0.605834	0
13.6538	0.01333	118.407	0.605528	0
13.6321	0.0129751	118.534	0.602474	0
13.6329	0.0134651	118.906	0.614539	0
13.6325	0.0131708	118.456	0.602932	0
13.6306	0.0132336	117.841	0.600641	0
13.6447	0.0129969	119.052	0.60003	0
13.6376	0.013245	119.717	0.602169	0
13.6365	0.0134517	117.157	0.594838	0
13.6446	0.0130777	118.788	0.605834	0
13.6421	0.0135067	119.394	0.610873	0
13.628	0.0133342	118.681	0.598809	0
13.6308	0.0129578	117.792	0.596823	0
13.6451	0.0131142	118.691	0.601252	0
13.6504	0.0133207	119.443	0.597434	0
13.645	0.0134901	118.837	0.602474	0
13.6171	0.013269	118.437	0.603085	0
13.6092	0.0132773	118.906	0.594227	0
13.6266	0.0132292	118.271	0.602474	0
13.6334	0.0130843	118.466	0.598961	0
13.641	0.0129683	119.248	0.605834	0
13.6302	0.0132567	118.73	0.60003	0
13.6079	0.0134377	118.3	0.605986	0
13.6293	0.0132671	119.023	0.605986	0
13.6549	0.0131513	119.394	0.602169	0
13.6265	0.0132051	118.886	0.611484	0
13.6198	0.0130811	118.495	0.605528	0
13.646	0.0130526	118.964	0.612553	0
13.6462	0.013024	118.173	0.599267	0
13.6292	0.0129965	118.202	0.617288	0
13.6185	0.0136232	118.867	0.62248	0
13.6335	0.0132765	118.574	0.591478	0
13.6402	0.0130868	117.391	0.599725	0
13.6414	0.0133992	119.052	0.605834	0
13.6531	0.0132338	118.017	0.607208	0
13.6289	0.0134459	118.808	0.60171	0
13.6075	0.0131105	119.013	0.606292	0
13.6261	0.0131649	118.319	0.607056	0
13.6372	0.0129123	117.704	0.613164	0
13.6436	0.0131061	119.971	0.616066	0
13.6457	0.0131653	118.056	0.609957	0
13.6195	0.0128795	118.671	0.591784	0
13.6097	0.0129578	118.095	0.607208	0
13.6219	0.0131173	118.056	0.602627	0
13.6052	0.0133288	119.17	0.602627	0
13.6092	0.0130579	117.831	0.594074	0
13.6375	0.0132033	118.857	0.610873	0
13.6265	0.0131445	118.671	0.604765	0
13.6235	0.0132492	118.544	0.615302	0
13.6506	0.0131318	118.788	0.601405	0
13.641	0.013319	117.909	0.606597	0
13.6302	0.0131488	118.808	0.603848	0
13.6479	0.0132486	118.456	0.61515	0
13.6259	0.0132527	118.437	0.594074	0
13.6001	0.0133622	117.851	0.598503	0
13.6104	0.0131995	118.026	0.595754	0
13.621	0.0132164	118.945	0.602169	0
13.6313	0.0131447	118.808	0.605986	0
13.6302	0.0131014	118.466	0.619273	0
13.6337	0.0134778	118.319	0.600947	0
13.632	0.0133701	118.544	0.619578	0
13.6186	0.0132443	118.769	0.610263	0
13.6123	0.0133861	118.642	0.603543	0
13.5986	0.0131462	118.915	0.597282	0
13.6169	0.0132777	119.052	0.614081	0
13.636	0.0132117	118.613	0.611637	0
13.6309	0.0132432	118.788	0.60339	0
13.6458	0.0131821	119.072	0.598198	0
13.6405	0.0132073	118.075	0.604307	0
13.6174	0.0132108	118.964	0.602932	0
13.6264	0.01307	119.082	0.602016	0
13.6471	0.0131405	118.867	0.593005	0
13.6259	0.0131595	118.339	0.611943	0
13.6224	0.0133512	118.974	0.607208	0
13.633	0.0130576	118.779	0.607514	0
13.6034	0.0131701	117.88	0.599878	0
13.6214	0.0133492	119.228	0.618815	0
13.6591	0.0131909	117.616	0.602016	0
13.6359	0.0133592	118.105	0.601405	0
13.6186	0.013231	118.974	0.609804	0
13.6309	0.0131692	118.955	0.60843	0
13.6273	0.0130244	117.538	0.611332	0
13.6345	0.0130525	118.046	0.605986	0
13.6442	0.0130542	117.938	0.605376	0
13.6331	0.0132714	118.515	0.607056	0
13.6377	0.013299	118.818	0.594838	0
13.6348	0.0129943	120.264	0.61179	0
13.63	0.0132458	118.515	0.612095	0
13.6348	0.0132726	118.955	0.611637	0
13.6192	0.0133268	117.469	0.597587	0
13.6121	0.013268	118.925	0.594074	0
13.6342	0.0131016	118.3	0.611026	0
13.6485	0.0130852	119.58	0.595754	0
13.6323	0.0129466	118.407	0.598809	0
13.6096	0.0131574	118.769	0.610721	0
13.6109	0.0131555	119.394	0.607819	0
13.6311	0.0131647	118.818	0.607056	0
13.6393	0.0133831	118.036	0.59774	0
13.6307	0.0133878	119.306	0.606903	0
13.6272	0.0133983	118.886	0.601863	0
13.636	0.0132279	118.788	0.604154	0
13.6284	0.0134068	118.378	0.608277	0
13.6098	0.0132391	117.772	0.605681	0
13.6155	0.0131197	118.798	0.602169	0
13.6315	0.0127577	117.469	0.59438	0
13.6232	0.013429	118.417	0.595907	0
13.6246	0.0133407	120.127	0.609041	0
13.6376	0.01316	117.557	0.612553	0
13.6102	0.0131351	118.505	0.602321	0
13.5964	0.0129677	117.44	0.604917	0
13.6246	0.0132661	118.368	0.611484	0
13.6309	0.0131701	118.593	0.600641	0
13.6228	0.0130378	118.896	0.616677	0
13.6176	0.0132414	117.636	0.611943	0
13.6134	0.0129539	119.121	0.613928	0
13.6323	0.01332	119.384	0.604765	0
13.6449	0.0131799	118.163	0.604459	0
13.6323	0.0132112	118.163	0.599572	0
13.62	0.0132513	117.421	0.608583	0
13.6189	0.0131874	118.495	0.601252	0
13.6302	0.0134354	117.186	0.587355	0
13.6301	0.0131764	117.978	0.612401	0
13.6364	0.0130853	118.818	0.612553	0
13.6381	0.0130732	119.384	0.609194	0
13.6101	0.0133174	117.851	0.598045	0
13.5995	0.0132751	119.228	0.609957	0
13.6119	0.0131388	117.978	0.609346	0
13.635	0.0131065	117.851	0.599725	0
13.638	0.0131989	118.153	0.617288	0
13.6094	0.0133274	118.476	0.607056	0
13.6165	0.0133939	119.375	0.609499	0
13.6318	0.0131537	119.121	0.607972	0
13.6192	0.0133083	118.202	0.603543	0
13.6173	0.0130982	118.456	0.597892	0
13.6216	0.0130565	118.749	0.607666	0
13.6247	0.0133268	118.847	0.595143	0
13.6508	0.0132798	119.013	0.603696	0
13.6427	0.0133485	117.723	0.608583	0
13.6067	0.0131195	119.355	0.607972	0
13.6108	0.0133221	118.31	0.606292	0
13.6114	0.0130843	118.329	0.603238	0
13.611	0.0134262	117.811	0.606597	0
13.6179	0.0133425	118.29	0.601863	0
13.6131	0.0132269	117.196	0.597282	0
13.6228	0.0131117	118.534	0.609804	0
13.6438	0.0131428	118.319	0.604154	0
13.6332	0.0130406	118.261	0.614081	0
13.6162	0.0131465	118.974	0.597587	0
13.6271	0.0132875	118.71	0.594227	0
13.6195	0.0128232	117.176	0.614997	0
13.6108	0.0130885	119.316	0.604154	0
13.6472	0.0130967	118.681	0.600183	0
13.6564	0.0128046	117.997	0.600489	0
13.619	0.0131252	118.105	0.600183	0
13.6145	0.0128365	119.316	0.588271	0
13.6341	0.013183	118.359	0.602169	0
13.6343	0.0133466	118.847	0.600183	0
13.6276	0.0132148	119.15	0.600183	0
13.6345	0.0132105	117.665	0.603696	0
13.631	0.0130503	117.86	0.603696	0
13.6131	0.0132765	117.382	0.607208	0
13.6067	0.0134343	118.837	0.59102	0
13.6167	0.0133141	117.255	0.59438	0
13.6293	0.0132201	118.31	0.608125	0
13.6305	0.0133743	118.29	0.598045	0
13.6385	0.013195	118.74	0.607514	0
13.6205	0.0130478	118.134	0.598198	0
13.6107	0.0129702	119.717	0.604001	0
13.6305	0.0130579	117.919	0.60507	0
13.6171	0.0129022	119.257	0.606292	0
13.62	0.0133927	118.056	0.602169	0
13.6362	0.0131235	119.003	0.596976	0
13.6417	0.0130319	117.978	0.602474	0
13.6459	0.0130394	118.212	0.596976	0
13.6262	0.0130655	118.779	0.604001	0
13.6088	0.0129851	118.3	0.602321	0
13.6236	0.0131754	119.16	0.608277	0
13.6409	0.0133879	119.003	0.59102	0
13.6166	0.0131345	117.352	0.599267	0
13.5962	0.0133546	118.388	0.619731	0
13.6056	0.0133732	118.095	0.601252	0
13.6203	0.0132003	118.163	0.597129	0
13.6257	0.0131887	118.222	0.594685	0
13.614	0.0131918	118.661	0.604001	0
13.6101	0.0131211	118.349	0.611484	0
13.6158	0.0132001	119.668	0.606292	0
13.6243	0.0131918	118.398	0.610721	0
13.6297	0.0131408	118.603	0.593769	0
13.6296	0.0132959	117.675	0.609499	0
13.6171	0.0133868	117.997	0.599572	0
13.6262	0.0132351	119.59	0.60843	0
13.6473	0.0130301	118.007	0.602321	0
13.6388	0.0133923	119.14	0.599878	0
13.6478	0.0134519	117.88	0.606139	0
13.6173	0.0131663	119.482	0.606903	0
13.5896	0.0133403	118.114	0.599114	0
13.6183	0.013337	118.3	0.607208	0
13.6337	0.0136294	118.085	0.604459	0
13.6457	0.0132267	117.137	0.600336	0
13.6543	0.0131165	119.345	0.614539	0
13.6163	0.013208	118.085	0.608583	0
13.5885	0.01321	117.469	0.603848	0
13.6152	0.012894	118.124	0.602474	0
13.6323	0.0130224	119.209	0.593311	0
13.6279	0.0132285	117.723	0.605528	0
13.6302	0.013341	118.554	0.608583	0
13.65	0.0131211	118.574	0.603543	0
13.6379	0.0132806	118.447	0.602321	0
13.6069	0.0131177	119.257	0.603848	0
13.6191	0.013041	117.479	0.603848	0
13.6446	0.0130023	117.636	0.606292	0
13.6329	0.0132511	119.013	0.601558	0
13.6205	0.013289	118.046	0.60843	0
13.6354	0.0134142	119.726	0.604459	0
13.6435	0.0130769	119.531	0.612553	0
13.6329	0.0132768	117.616	0.609194	0
13.6202	0.0130506	117.03	0.607056	0
13.621	0.0132607	118.319	0.593769	0
13.6379	0.0132154	118.271	0.599725	0
13.6415	0.0131243	117.831	0.613164	0
13.623	0.0132192	119.336	0.612553	0
13.6213	0.0132698	118.593	0.599725	0
13.6398	0.0132886	118.192	0.594074	0
13.6333	0.0129635	118.867	0.607972	0
13.6326	0.0132706	118.212	0.594685	0
13.637	0.0132219	119.678	0.604154	0
13.6261	0.0131802	118.202	0.60003	0
13.6348	0.0135235	117.245	0.603238	0
13.6333	0.0135153	118.466	0.601252	0
13.6214	0.0133015	116.688	0.600336	0
13.6386	0.013103	119.052	0.60675	0
13.6231	0.0131542	118.085	0.602474	0
13.6088	0.0130629	117.948	0.604154	0
13.6422	0.0133168	118.984	0.606139	0
13.6411	0.0134811	118.72	0.599572	0
13.6046	0.0128977	119.365	0.60171	0
13.598	0.0131238	118.427	0.600641	0
13.6212	0.0132761	117.626	0.591173	0
13.639	0.0133569	118.378	0.598961	0
13.6362	0.0132614	118.847	0.605376	0
13.6182	0.0130972	118.124	0.599267	0
13.6238	0.0132727	119.14	0.611179	0
13.6432	0.013616	117.948	0.603238	0
13.6318	0.0132964	118.671	0.602779	0
13.6245	0.0132552	117.841	0.604154	0
13.6359	0.0133082	118.828	0.598045	0
13.6334	0.01351	118.779	0.612706	0
13.6357	0.0130298	118.437	0.601405	0
13.6123	0.0131821	117.948	0.599725	0
13.611	0.0130439	119.619	0.606139	0
13.642	0.0132273	119.121	0.598961	0
13.6381	0.0131162	118.534	0.602627	0
13.6375	0.0133043	118.603	0.60507	0
13.6342	0.0132332	117.997	0.600183	0
13.6145	0.0131312	118.564	0.608277	0
13.632	0.0132942	118.153	0.616371	0
13.6484	0.0131561	117.763	0.608583	0
13.6228	0.0131959	118.026	0.601558	0
13.6304	0.01325	119.257	0.602627	0
13.6393	0.0132243	118.271	0.609346	0
13.6023	0.0129499	118.564	0.602474	0
13.6258	0.0133201	119.805	0.60171	0
13.6656	0.0130844	118.632	0.60675	0
13.6458	0.0130594	118.564	0.606597	0
13.63	0.0132714	118.261	0.604307	0
13.6307	0.0133218	118.935	0.604154	0
13.6232	0.0133335	117.968	0.594991	0
13.6161	0.0131774	119.648	0.598198	0
13.6351	0.0132586	118.456	0.603085	0
13.6471	0.0132213	117.548	0.605528	0
13.614	0.0132502	119.297	0.602627	0
13.5983	0.0131255	118.026	0.597282	0
13.6246	0.0131012	117.626	0.616677	0
13.6352	0.0130516	117.743	0.607972	0
13.6206	0.0133703	118.534	0.606292	0
13.6326	0.0132823	119.795	0.595602	0
13.6527	0.0132222	118.388	0.603543	0
13.6396	0.0132588	118.564	0.607361	0
13.6147	0.0130943	117	0.623549	0
13.6187	0.0132368	119.883	0.591326	0
13.6323	0.0133551	119.336	0.603238	0
13.6206	0.0133505	118.407	0.600336	0
13.6211	0.0131903	119.13	0.602474	0
13.6373	0.0130796	118.202	0.608735	0
13.6271	0.0130516	119.189	0.594227	0
13.6143	0.0131763	119.14	0.596671	0
13.6358	0.0129031	119.013	0.607056	0
13.6511	0.0131026	119.013	0.596518	0
13.6309	0.0130889	118.906	0.595449	0
13.6294	0.013292	118.652	0.607208	0
13.6386	0.0131798	119.443	0.598656	0
13.6402	0.0129327	117.958	0.60171	0
13.6429	0.0131726	118.681	0.608888	0
13.639	0.0130482	118.867	0.611332	0
13.6285	0.012974	118.105	0.606597	0
13.6227	0.0129715	119.629	0.614691	0
13.6165	0.0135167	117.802	0.599572	0
13.6273	0.0131102	118.017	0.595143	0
13.6381	0.0132475	117.811	0.601558	0
13.6212	0.0134077	120.234	0.596671	0
13.6247	0.013132	118.3	0.605834	0
13.6293	0.0131112	117.626	0.594685	0
13.626	0.013297	118.075	0.601405	0
13.6344	0.0131216	118.955	0.605681	0
13.6292	0.0132811	118.886	0.60003	0
13.6286	0.0131514	117.723	0.607514	0
13.6195	0.0131028	119.003	0.594685	0
13.6238	0.0132518	119.14	0.612095	0
13.63	0.0130828	117.587	0.603696	0
13.6139	0.0131129	118.622	0.600794	0
13.5998	0.0133386	118.661	0.610568	0
13.6072	0.0130722	118.915	0.604459	0
13.6256	0.0131435	118.534	0.608583	0
13.6223	0.0134157	119.521	0.607666	0
13.6078	0.0132949	118.564	0.604459	0
13.612	0.0131172	118.583	0.612859	0
13.6202	0.0132096	119.111	0.58766	0
13.6169	0.0129306	119.091	0.605834	0
13.6279	0.0130245	118.29	0.598351	0
13.6312	0.0133613	119.277	0.609652	0
13.6169	0.0131858	117.811	0.597892	0
13.6212	0.013297	117.821	0.598961	0
13.6196	0.0130779	118.701	0.596518	0
13.618	0.0130985	118.398	0.599878	0
13.633	0.0129866	118.29	0.602779	0
13.6399	0.0134288	117.655	0.590715	0
13.6335	0.0131421	118.71	0.596823	0
13.6078	0.0130727	118.652	0.598351	0
13.6047	0.0131395	117.997	0.593311	0
13.6116	0.0130298	117.831	0.602627	0
13.6269	0.0129015	118.261	0.60507	0
13.6459	0.0132571	118.105	0.598656	0
13.6248	0.0130102	119.111	0.597129	0
13.6027	0.0132671	118.456	0.60339	0
13.6289	0.0130396	118.271	0.59942	0
13.659	0.0132351	117.938	0.608277	0
13.6556	0.0131779	118.974	0.590715	0
13.6347	0.0131992	118.329	0.609041	0
13.6303	0.0131532	119.336	0.593769	0
13.6024	0.013175	117.518	0.599725	0
13.5951	0.013229	118.701	0.607819	0
13.636	0.0132401	118.896	0.608277	0
13.6317	0.01327	118.339	0.596671	0
13.6292	0.0132645	118.232	0.593158	0
13.6407	0.0133171	119.101	0.603696	0
13.6381	0.0133553	118.779	0.588118	0
13.6301	0.0131874	118.681	0.596671	0
13.625	0.0133912	118.417	0.600336	0
13.6186	0.0130234	117.714	0.606292	0
13.6218	0.0132175	118.759	0.596823	0
13.6274	0.0128335	118.427	0.60171	0
13.6292	0.0130373	118.456	0.605376	0
13.6371	0.0133682	118.681	0.604612	0
13.6406	0.0132262	118.906	0.600794	0
13.6286	0.0133264	118.681	0.618204	0
13.6262	0.0130833	118.671	0.596976	0
13.6398	0.0132089	118.964	0.603238	0
13.6312	0.0133827	117.938	0.604612	0
13.6265	0.013008	118.857	0.596976	0
13.6322	0.0130729	118.798	0.600794	0
13.6179	0.013297	117.782	0.59942	0
13.6247	0.0131839	118.652	0.607514	0
13.636	0.0128911	119.121	0.606903	0
13.6241	0.0132334	118.886	0.606903	0
13.6262	0.0131421	118.495	0.593158	0
13.633	0.0131995	117.763	0.600794	0
13.622	0.0132629	117.802	0.604917	0
13.6276	0.0130553	118.026	0.598961	0
13.6316	0.0132099	118.456	0.59774	0
13.6155	0.0130154	118.935	0.602016	0
13.6051	0.0133466	119.267	0.59606	0
13.6124	0.0131388	118.632	0.594685	0
13.6356	0.0131243	118.808	0.601863	0
13.6411	0.0132705	118.505	0.616982	0
13.6131	0.0132477	118.251	0.593158	0
13.6222	0.0132498	118.271	0.602169	0
13.6333	0.0133239	118.368	0.59774	0
13.6212	0.0130969	119.16	0.609194	0
13.6398	0.0131136	119.375	0.606139	0
13.6441	0.0129783	117.811	0.60843	0
13.6166	0.0131959	118.847	0.615608	0
13.6137	0.0134766	116.805	0.618509	0
13.6155	0.013232	117.978	0.599878	0
13.6215	0.0130219	118.554	0.60507	0
13.6385	0.0133299	118.378	0.623549	0
13.6289	0.0132965	118.554	0.608583	0
13.6264	0.0131285	118.769	0.613012	0
13.6328	0.0130775	118.29	0.615608	0
13.6123	0.0132337	118.935	0.600489	0
13.6088	0.013329	117.284	0.602016	0
13.6178	0.0130985	118.466	0.619731	0
13.6193	0.0133266	118.232	0.598351	0
13.6199	0.0131825	118.769	0.599725	0
13.6338	0.0133047	118.964	0.607361	0
13.6571	0.0133031	118.691	0.60843	0
13.6424	0.0131982	118.515	0.606597	0
13.6175	0.013187	118.622	0.604459	0
13.6256	0.0135874	117.157	0.611026	0
13.628	0.0131799	119.873	0.595907	0
13.6215	0.013242	118.095	0.611484	0
13.6186	0.0133891	118.368	0.59438	0
13.6098	0.0132724	118.769	0.600947	0
13.6103	0.0131962	118.818	0.609041	0
13.615	0.0131288	119.052	0.603848	0
13.6244	0.0131092	118.642	0.616066	0
13.6419	0.0130918	117.567	0.613928	0
13.6293	0.013262	119.56	0.603848	0
13.606	0.0131649	118.447	0.602016	0
13.6127	0.0131746	117.86	0.608277	0
13.6298	0.0130955	119.121	0.612706	0
13.6275	0.0131102	118.896	0.604307	0
13.6184	0.0129673	117.899	0.598809	0
13.6375	0.0131896	118.046	0.602627	0
13.6423	0.0133722	119.15	0.600489	0
13.6114	0.0133104	118.232	0.608583	0
13.6167	0.0132936	118.29	0.602932	0
13.6337	0.0130042	119.257	0.606292	0
13.6168	0.012661	118.427	0.603238	0
13.6159	0.0130219	118.505	0.598198	0
13.6378	0.0131829	119.629	0.620953	0
13.6295	0.0134411	118.632	0.601558	0
13.6211	0.0130994	119.541	0.608277	0
13.6389	0.0132177	118.574	0.598656	0
13.6386	0.0132092	117.909	0.595296	0
13.6207	0.0131804	118.574	0.602169	0
13.618	0.0132205	118.427	0.605986	0
13.6184	0.0132728	118.534	0.604001	0
13.6175	0.0132932	118.173	0.606139	0
13.6255	0.0130391	118.828	0.604154	0
13.6148	0.0127967	118.691	0.605528	0
13.6037	0.0131429	118.31	0.606903	0
13.6244	0.0130545	118.232	0.605528	0
13.6366	0.0134421	118.945	0.607514	0
13.6283	0.013341	118.398	0.609804	0
13.6164	0.0131208	119.433	0.604154	0
13.6279	0.0129525	118.554	0.603085	0
13.649	0.0129613	118.632	0.608735	0
13.6264	0.0130835	118.847	0.604154	0
13.6021	0.0134129	118.955	0.607514	0
13.6153	0.0134405	118.427	0.60003	0
13.6248	0.0133331	118.564	0.602016	0
13.6217	0.0132899	118.632	0.619273	0
13.6278	0.0131528	118.466	0.604612	0
13.6404	0.0133832	118.417	0.595296	0
13.6358	0.0129646	118.583	0.606292	0
13.6303	0.0133122	118.486	0.601558	0
13.6337	0.0132966	117.86	0.607514	0
13.6285	0.0129581	118.319	0.610415	0
13.6235	0.0133077	119.17	0.606292	0
13.616	0.0130268	118.437	0.609194	0
13.617	0.0132833	118.222	0.604917	0
13.6212	0.0134724	118.935	0.609346	0
13.6214	0.0129596	118.026	0.613012	0
13.6392	0.0130715	119.003	0.609194	0
13.6404	0.0132829	118.613	0.599725	0
13.6254	0.0132453	118.876	0.60675	0
13.6181	0.0128931	119.365	0.598961	0
13.6149	0.0129664	118.134	0.605834	0
13.6303	0.0133025	118.994	0.597892	0
13.6479	0.0130558	118.456	0.608888	0
13.6397	0.0133726	118.72	0.602627	0
0	0	0	0	0
0	0	0	0	0
0	0	0	0	0
0	0	0	0	0
0	0	0	0	0
0	0	0	0	0
0	0	0	0	0
0	0	0	0	0
0	0	0	0	0
0	0	0	0	0
0	0	0	0	0
0	0	0	0	0
0	0	0	0	0
0	0	0	0	0
0	0	0	0	0
0	0	0	0	0
0	0	0	0	0
0	0	0	0	0
0	0	0	0	0
0	0	0	0	0
0	0	0	0	0
0	0	0	0	0
0	0	0	0	0
0	0	0	0	0
0	0	0	0	0
0	0	0	0	0
0	0	0	0	0
0	0	0	0	0
0	0	0	0	0
0	0	0	0	0
0	0	0	0	0
0	0	0	0	0
0	0	0	0	0
0	0	0	0	0
0	0	0	0	0
0	0	0	0	0
0	0	0	0	0
0	0	0	0	0
0	0	0	0	0
0	0	0	0	0
0	0	0	0	0
0	0	0	0	0
0	0	0	0	0
0	0	0	0	0
0	0	0	0	0
0	0	0	0	0
0	0	0	0	0
0	0	0	0	0
0	0	0	0	0
0	0	0	0	0
0	0	0	0	0
0	0	0	0	0
0	0	0	0	0
0	0	0	0	0
0	0	0	0	0
0	0	0	0	0
0	0	0	0	0
0	0	0	0	0
0	0	0	0	0
0	0	0	0	0
0	0	0	0	0
0	0	0	0	0
0	0	0	0	0
0	0	0	0	0
0	0	0	0	0
0	0	0	0	0
0	0	0	0	0
0	0	0	0	0
0	0	0	0	0
0	0	0	0	0
0	0	0	0	0
0	0	0	0	0
0	0	0	0	0
0	0	0	0	0
0	0	0	0	0
0	0	0	0	0
0	0	0	0	0
0	0	0	0	0
0	0	0	0	0
0	0	0	0	0
0	0	0	0	0
0	0	0	0	0
0	0	0	0	0
0	0	0	0	0
0	0	0	0	0
0	0	0	0	0
0	0	0	0	0
0	0	0	0	0
0	0	0	0	0
0	0	0	0	0
0	0	0	0	0
0	0	0	0	0
0	0	0	0	0
0	0	0	0	0
0	0	0	0	0
0	0	0	0	0
0	0	0	0	0
0	0	0	0	0
0	0	0	0	0
0	0	0	0	0
0	0	0	0	0
0	0	0	0	0
0	0	0	0	0
0	0	0	0	0
0	0	0	0	0
0	0	0	0	0
0	0	0	0	0
0	0	0	0	0
0	0	0	0	0
0	0	0	0	0
0	0	0	0	0
0	0	0	0	0
0	0	0	0	0
0	0	0	0	0
0	0	0	0	0
0	0	0	0	0
0	0	0	0	0
0	0	0	0	0
0	0	0	0	0
0	0	0	0	0
0	0	0	0	0
0	0	0	0	0
0	0	0	0	0
0	0	0	0	0
0	0	0	0	0
0	0	0	0	0
0	0	0	0	0
0	0	0	0	0
0	0	0	0	0
0	0	0	0	0
0	0	0	0	0
0	0	0	0	0
0	0	0	0	0
0	0	0	0	0
0	0	0	0	0
0	0	0	0	0
0	0	0	0	0
0	0	0	0	0
0	0	0	0	0
0	0	0	0	0
0	0	0	0	0
0	0	0	0	0
0	0	0	0	0
0	0	0	0	0
0	0	0	0	0
0	0	0	0	0
0	0	0	0	0
0	0	0	0	0
0	0	0	0	0
0	0	0	0	0
0	0	0	0	0
0	0	0	0	0
0	0	0	0	0
0	0	0	0	0
0	0	0	0	0
0	0	0	0	0
0	0	0	0	0
0	0	0	0	0
0	0	0	0	0
0	0	0	0	0
0	0	0	0	0
0	0	0	0	0
0	0	0	0	0
0	0	0	0	0
0	0	0	0	0
0	0	0	0	0
0	0	0	0	0
0	0	0	0	0
0	0	0	0	0
0	0	0	0	0
0	0	0	0	0
0	0	0	0	0
0	0	0	0	0
0	0	0	0	0
0	0	0	0	0
0	0	0	0	0
0	0	0	0	0
0	0	0	0	0
0	0	0	0	0
0	0	0	0	0
0	0	0	0	0
0	0	0	0	0
0	0	0	0	0
0	0	0	0	0
0	0	0	0	0
0	0	0	0	0
0	0	0	0	0
0	0	0	0	0
0	0	0	0	0
0	0	0	0	0
0	0	0	0	0
0	0	0	0	0
0	0	0	0	0
0	0	0	0	0
0	0	0	0	0
0	0	0	0	0
0	0	0	0	0
0	0	0	0	0
0	0	0	0	0
0	0	0	0	0
0	0	0	0	0
0	0	0	0	0
0	0	0	0	0
0	0	0	0	0
0	0	0	0	0
0	0	0	0	0
0	0	0	0	0
0	0	0	0	0
0	0	0	0	0
0	0	0	0	0
0	0	0	0	0
0	0	0	0	0
0	0	0	0	0
0	0	0	0	0
0	0	0	0	0
0	0	0	0	0
0	0	0	0	0
0	0	0	0	0
0	0	0	0	0
0	0	0	0	0
0	0	0	0	0
0	0	0	0	0
0	0	0	0	0
0	0	0	0	0
0	0	0	0	0
0	0	0	0	0
0	0	0	0	0
0	0	0	0	0
0	0	0	0	0
0	0	0	0	0
0	0	0	0	0
0	0	0	0	0
0	0	0	0	0
0	0	0	0	0
0	0	0	0	0
0	0	0	0	0
0	0	0	0	0
0	0	0	0	0
0	0	0	0	0
0	0	0	0	0
0	0	0	0	0
0	0	0	0	0
0	0	0	0	0
0	0	0	0	0
0	0	0	0	0
0	0	0	0	0
0	0	0	0	0
0	0	0	0	0
0	0	0	0	0
0	0	0	0	0
0	0	0	0	0
0	0	0	0	0
0	0	0	0	0
0	0	0	0	0
0	0	0	0	0
0	0	0	0	0
0	0	0	0	0
0	0	0	0	0
0	0	0	0	0
0	0	0	0	0
0	0	0	0	0
0	0	0	0	0
0	0	0	0	0
0	0	0	0	0
0	0	0	0	0
0	0	0	0	0
0	0	0	0	0
0	0	0	0	0
0	0	0	0	0
0	0	0	0	0
0	0	0	0	0
0	0	0	0	0
0	0	0	0	0
0	0	0	0	0
0	0	0	0	0
0	0	0	0	0
0	0	0	0	0
0	0	0	0	0
0	0	0	0	0
0	0	0	0	0
0	0	0	0	0
0	0	0	0	0
0	0	0	0	0
0	0	0	0	0
0	0	0	0	0
0	0	0	0	0
0	0	0	0	0
0	0	0	0	0
0	0	0	0	0
0	0	0	0	0
0	0	0	0	0
0	0	0	0	0
0	0	0	0	0
0	0	0	0	0
0	0	0	0	0
0	0	0	0	0
0	0	0	0	0
0	0	0	0	0
0	0	0	0	0
0	0	0	0	0
0	0	0	0	0
0	0	0	0	0
0	0	0	0	0
0	0	0	0	0
0	0	0	0	0
0	0	0	0	0
0	0	0	0	0
0	0	0	0	0
0	0	0	0	0
0	0	0	0	0
0	0	0	0	0
0	0	0	0	0
0	0	0	0	0
0	0	0	0	0
0	0	0	0	0
0	0	0	0	0
0	0	0	0	0
0	0	0	0	0
0	0	0	0	0
0	0	0	0	0
0	0	0	0	0
0	0	0	0	0
0	0	0	0	0
0	0	0	0	0
0	0	0	0	0
0	0	0	0	0
0	0	0	0	0
0	0	0	0	0
0	0	0	0	0
0	0	0	0	0
0	0	0	0	0
0	0	0	0	0
0	0	0	0	0
0	0	0	0	0
0	0	0	0	0
0	0	0	0	0
0	0	0	0	0
0	0	0	0	0
0	0	0	0	0
0	0	0	0	0
0	0	0	0	0
0	0	0	0	0
0	0	0	0	0
0	0	0	0	0
0	0	0	0	0
0	0	0	0	0
0	0	0	0	0
0	0	0	0	0
0	0	0	0	0
0	0	0	0	0
0	0	0	0	0
0	0	0	0	0
0	0	0	0	0
0	0	0	0	0
0	0	0	0	0
0	0	0	0	0
0	0	0	0	0
0	0	0	0	0
0	0	0	0	0
0	0	0	0	0
0	0	0	0	0
0	0	0	0	0
0	0	0	0	0
0	0	0	0	0
0	0	0	0	0
0	0	0	0	0
0	0	0	0	0
0	0	0	0	0
0	0	0	0	0
0	0	0	0	0
0	0	0	0	0
0	0	0	0	0
0	0	0	0	0
0	0	0	0	0
0	0	0	0	0
0	0	0	0	0
0	0	0	0	0
0	0	0	0	0
0	0	0	0	0
0	0	0	0	0
0	0	0	0	0
0	0	0	0	0
0	0	0	0	0
0	0	0	0	0
0	0	0	0	0
0	0	0	0	0
0	0	0	0	0
0	0	0	0	0
0	0	0	0	0
0	0	0	0	0
0	0	0	0	0
0	0	0	0	0
0	0	0	0	0
0	0	0	0	0
0	0	0	0	0
0	0	0	0	0
0	0	0	0	0
0	0	0	0	0
0	0	0	0	0
0	0	0	0	0
