a2610614.050057
Narit-cm 06/01/2026 13:35:02 06/01/2026 14:05:00 0045 0013.384714 0052.542598 00.0 00.0
0002401 0010 0000000 0010 05 0000000 0010 0000000 0010
1 0 1 01600 1 0000 3.75 00000.o 0 0 01 000 16 002401 0.500 BT0
1 2 1 02000 1 0000 3.75 00000.o 0 0 01 000 16 002401 0.500 S2A0
1 1 1 01600 1 0000 3.75 00000.o 0 0 00 000 00 002401 3.1746 BC0
1 3 1 02000 1 0000 3.75 00000.o 0 0 00 000 00 002401 3.1746 S2P0
1 5 0 01600 0 0000 1.00 00000.o 0 0 00 000 00 000000 0.000 OF0
0.000 .o Analog 0 	0.000 .o Analog StErr 0 	0.000 .o Photon Counting 0 	0.000 .o PC StErr 0 	0.000 .o Overflow Info 0 
30.0591	0.10702	154.402	0.843362	0
50.3592	0.165999	161.066	0.830779	0
117.526	0.741556	82.4823	1.15554	0
316.681	1.52663	0.549771	0.10338	0
493.426	0.306389	29.7876	0.806975	1
499.978	0.0156262	146.989	1.25076	1
498.332	0.117587	136.76	1.27728	1
498.04	0.125539	32.7863	0.775009	1
499.994	0.00531086	20.2416	0.569949	1
499.989	0.0110548	43.0321	0.777729	1
499.989	0.0110548	85.8809	0.977347	1
500	0	138.359	1.05284	1
499.978	0.0156306	164.865	1.02496	1
499.989	0.0110485	142.974	1.02122	1
500	0	121.599	1.01033	1
500	0	113.419	0.974287	1
500	0	113.719	0.977687	1
500	0	118.167	0.961704	1
500	0	119.117	0.974287	1
499.714	0.0315384	126.514	0.961364	1
481.057	0.293804	144.99	0.93926	1
441.809	0.333364	164.265	0.966805	1
405.161	0.309672	179.142	0.933479	0
372.212	0.287114	190.171	0.916476	0
342.892	0.271716	190.954	0.922257	0
316.765	0.253506	193.553	0.928718	0
293.267	0.233814	193.986	0.909334	0
272.362	0.216736	192.57	0.902533	0
253.639	0.205015	190.82	0.88655	0
236.675	0.191961	190.271	0.88825	0
221.314	0.180179	188.322	0.894372	0
207.284	0.170307	185.789	0.874308	0
194.345	0.163521	183.59	0.902193	0
182.289	0.157037	182.857	0.866826	0
170.953	0.153946	181.258	0.877708	0
160.272	0.151899	177.743	0.883149	0
150.205	0.147491	177.143	0.868186	0
140.697	0.144688	174.694	0.868186	0
131.605	0.14406	174.994	0.864786	0
122.913	0.142819	175.327	0.882129	0
114.704	0.142414	172.345	0.866486	0
106.856	0.142849	170.912	0.827379	0
99.2408	0.141171	169.796	0.8369	0
91.9862	0.141285	167.78	0.845742	0
85.0807	0.143092	165.648	0.881109	0
78.4244	0.143256	163.982	0.844382	0
72.0936	0.143209	164.248	0.849483	0
66.07	0.142139	163.582	0.848803	0
60.3235	0.140828	162.649	0.852884	0
54.9646	0.138497	159.817	0.841661	0
50.0545	0.134424	158.484	0.826699	0
45.5935	0.129752	157.668	0.838261	0
41.4897	0.124493	155.602	0.826018	0
37.8173	0.117218	155.135	0.812756	0
34.6768	0.109284	152.72	0.830779	0
32.0077	0.101802	153.02	0.822278	0
29.7353	0.0913799	150.637	0.807655	0
27.8654	0.0817856	148.905	0.823298	0
26.3111	0.0741145	149.538	0.802894	0
25.0231	0.0649842	147.222	0.806635	0
24.0271	0.0575144	146.739	0.809015	0
23.2373	0.0508732	146.689	0.800514	0
22.5491	0.0453315	144.573	0.806635	0
21.9578	0.0412631	143.457	0.787591	0
21.5184	0.0371108	143.357	0.809695	0
21.1204	0.0337835	141.224	0.796773	0
20.7487	0.0317675	140.458	0.775009	0
20.4561	0.0294305	140.392	0.814796	0
20.1681	0.02813	139.975	0.800514	0
19.9233	0.0271125	138.842	0.788951	0
19.7681	0.025142	139.259	0.805274	0
19.6062	0.0250406	137.859	0.816497	0
19.4148	0.0247108	137.259	0.808335	0
19.3029	0.023924	137.576	0.793712	0
19.1865	0.0232014	137.609	0.792692	0
19.0171	0.0236201	137.593	0.809355	0
18.8849	0.0233251	136.843	0.795072	0
18.733	0.0234015	135.177	0.799833	0
18.6186	0.0235584	137.343	0.810035	0
18.556	0.0231549	135.927	0.795072	0
18.4487	0.022811	135.61	0.785211	0
18.3288	0.0230408	134.494	0.790652	0
18.2425	0.0224073	135.077	0.802894	0
18.1535	0.0227766	134.161	0.802554	0
18.0696	0.0224235	135.077	0.794052	0
18.0195	0.0220331	134.944	0.830439	0
17.9284	0.0224992	132.928	0.802554	0
17.8354	0.0221673	135.16	0.796433	0
17.7987	0.0224418	134.627	0.769568	0
17.726	0.021749	133.794	0.810035	0
17.6461	0.0223597	133.628	0.815816	0
17.6068	0.0224454	134.494	0.765487	0
17.5864	0.0227788	133.311	0.811736	0
17.5273	0.0225095	134.044	0.788271	0
17.4564	0.0221549	133.294	0.798133	0
17.4312	0.0219399	134.761	0.803574	0
17.411	0.0227278	133.394	0.808335	0
17.3404	0.0220629	132.345	0.800854	0
17.2579	0.0219502	133.511	0.808335	0
17.2055	0.0222818	133.294	0.804934	0
17.2068	0.0219203	133.311	0.779089	0
17.2078	0.0219992	131.612	0.805955	0
17.1471	0.0216237	132.478	0.791332	0
17.136	0.0226373	132.178	0.792352	0
17.1046	0.0225782	133.444	0.802554	0
17.0018	0.0218092	131.345	0.796433	0
16.9737	0.0214335	131.429	0.78249	0
16.9787	0.0216786	132.695	0.798133	0
16.9591	0.0218403	132.511	0.78419	0
16.9176	0.0219571	132.695	0.798133	0
16.8889	0.0215258	132.561	0.786231	0
16.8822	0.0210703	131.762	0.804254	0
16.851	0.0216911	133.561	0.815476	0
16.7906	0.0213982	131.545	0.807315	0
16.7734	0.0218624	131.595	0.804934	0
16.7684	0.0221536	131.645	0.790992	0
16.698	0.0213117	131.595	0.806295	0
16.6619	0.0213946	131.778	0.78453	0
16.6714	0.0217756	131.179	0.804934	0
16.629	0.0212855	130.346	0.809355	0
16.6049	0.020498	131.362	0.776029	0
16.5983	0.0211857	131.662	0.790992	0
16.5498	0.0213939	132.012	0.790652	0
16.5142	0.0212356	129.946	0.789291	0
16.4734	0.0213192	129.679	0.796433	0
16.4237	0.0215827	130.296	0.800854	0
16.3985	0.020878	131.345	0.791672	0
16.3773	0.0201892	130.662	0.824658	0
16.3557	0.0209974	130.029	0.790312	0
16.3498	0.0204064	130.845	0.784871	0
16.3291	0.020354	130.796	0.816837	0
16.2608	0.0208791	129.979	0.819217	0
16.1931	0.0210249	130.746	0.776369	0
16.1637	0.0211403	130.729	0.775689	0
16.1448	0.0207007	130.995	0.787251	0
16.1553	0.0207877	130.129	0.786231	0
16.1334	0.0207389	131.212	0.777389	0
16.0798	0.0199341	129.746	0.797113	0
16.0351	0.0204469	130.279	0.78283	0
15.9987	0.0203378	128.347	0.798813	0
15.9985	0.0205512	129.713	0.806295	0
15.974	0.0209183	130.462	0.791332	0
15.9277	0.0206997	131.529	0.806975	0
15.884	0.0205547	129.496	0.789971	0
15.8476	0.0207977	130.229	0.801194	0
15.8163	0.0199735	128.113	0.795072	0
15.7659	0.0199297	130.062	0.795753	0
15.7458	0.0201628	128.297	0.78453	0
15.7292	0.0198351	130.346	0.793372	0
15.6845	0.0206355	128.197	0.801534	0
15.6464	0.0200767	129.313	0.78351	0
15.6235	0.0200733	128.397	0.797793	0
15.606	0.0200478	128.613	0.786571	0
15.589	0.020083	129.763	0.802554	0
15.5198	0.0198796	128.98	0.766847	0
15.4761	0.0200164	128.596	0.799493	0
15.4707	0.0197132	129.03	0.778749	0
15.4039	0.019827	127.63	0.804254	0
15.3464	0.0199647	126.93	0.804254	0
15.3661	0.0204067	127.663	0.795072	0
15.3606	0.0203982	127.847	0.798813	0
15.3225	0.0202101	128.663	0.791672	0
15.2991	0.0200842	127.38	0.78249	0
15.2607	0.0204238	128.347	0.789971	0
15.2021	0.0200613	129.013	0.789291	0
15.178	0.0198305	128.163	0.803574	0
15.157	0.019669	126.297	0.799493	0
15.1084	0.0194581	129.063	0.789631	0
15.1005	0.0194754	127.613	0.806635	0
15.0872	0.0200973	128.097	0.78317	0
15.0427	0.0199577	128.446	0.791672	0
15.0203	0.0199594	127.613	0.789631	0
15.01	0.0198015	126.514	0.802214	0
14.968	0.0195353	127.747	0.805614	0
14.9536	0.0195828	126.631	0.791672	0
14.9401	0.0196645	125.631	0.773308	0
14.9101	0.0197239	128.263	0.798133	0
14.9031	0.0193469	125.814	0.77977	0
14.865	0.019848	125.998	0.805274	0
14.8124	0.0199071	126.781	0.78249	0
14.7802	0.0196181	126.097	0.806635	0
14.755	0.0197738	126.864	0.803234	0
14.7535	0.0197388	127.98	0.800514	0
14.7606	0.0196353	126.281	0.802554	0
14.7151	0.0198919	126.197	0.790312	0
14.6578	0.0198934	126.497	0.800854	0
14.659	0.0192695	124.665	0.78317	0
14.6579	0.0194219	127.663	0.78249	0
14.6429	0.0194634	126.414	0.776709	0
14.6261	0.0196477	124.265	0.803914	0
14.6015	0.0198934	127.364	0.794052	0
14.585	0.0195457	126.131	0.785211	0
14.5624	0.0195221	126.347	0.809695	0
14.5513	0.0196206	125.581	0.786571	0
14.548	0.0196319	125.764	0.78079	0
14.5165	0.0192046	124.465	0.78215	0
14.4612	0.0191584	123.915	0.78351	0
14.4328	0.0193519	123.898	0.799493	0
14.4589	0.0191842	124.981	0.799493	0
14.4593	0.0191386	126.764	0.792352	0
14.4091	0.0189347	125.031	0.761406	0
14.3956	0.018672	125.081	0.801534	0
14.3783	0.0190645	124.098	0.774328	0
14.3523	0.019022	126.397	0.814456	0
14.3724	0.0193412	124.515	0.774669	0
14.3421	0.0192767	125.881	0.772288	0
14.3095	0.0190645	123.865	0.768547	0
14.2954	0.0193943	125.065	0.793712	0
14.2587	0.019186	124.082	0.798133	0
14.2656	0.0190687	124.915	0.788271	0
14.2824	0.0192719	124.715	0.78011	0
14.2532	0.018837	124.665	0.803574	0
14.2315	0.0190133	124.548	0.785891	0
14.2118	0.0186438	125.481	0.78011	0
14.2091	0.0189153	125.148	0.798813	0
14.2233	0.0188155	125.414	0.796433	0
14.1844	0.0188832	124.198	0.778409	0
14.1615	0.0187595	124.182	0.777049	0
14.1726	0.0187435	125.214	0.775349	0
14.1625	0.0188585	124.398	0.797793	0
14.1436	0.0187969	126.197	0.786911	0
14.1305	0.0185992	124.065	0.805614	0
14.1385	0.0188109	124.165	0.78385	0
14.1322	0.0187206	124.198	0.801194	0
14.0924	0.0191891	124.015	0.791332	0
14.0969	0.0185886	127.014	0.790652	0
14.1061	0.0189798	124.431	0.788271	0
14.0797	0.018549	123.998	0.795413	0
14.0773	0.0188258	124.848	0.778069	0
14.064	0.0189024	123.632	0.78317	0
14.0299	0.0190528	124.382	0.772288	0
14.0198	0.0186707	123.515	0.788271	0
14.0255	0.0184245	123.515	0.788271	0
14.0238	0.0183955	123.632	0.799493	0
14.0013	0.0187078	123.982	0.786231	0
13.9951	0.018527	125.898	0.777729	0
14.0066	0.0187332	123.215	0.798133	0
13.9646	0.0184372	123.798	0.799153	0
13.9695	0.0188543	123.982	0.794732	0
13.9932	0.0188081	124.082	0.802214	0
13.986	0.0190833	124.315	0.788611	0
13.9957	0.0187798	122.432	0.786231	0
13.9842	0.0185992	125.065	0.800173	0
13.958	0.0182858	123.349	0.789631	0
13.9441	0.0187675	124.948	0.778749	0
13.9355	0.0187934	122.849	0.760726	0
13.9145	0.0183952	122.932	0.800854	0
13.9336	0.0182705	122.099	0.78079	0
13.9356	0.0181659	121.966	0.791332	0
13.893	0.0182655	125.048	0.794392	0
13.8889	0.0185812	123.915	0.776709	0
13.9051	0.0187946	124.498	0.811056	0
13.8956	0.0183487	123.532	0.786571	0
13.8788	0.0182738	122.116	0.789291	0
13.8853	0.0185153	122.132	0.775689	0
13.8599	0.0181227	122.849	0.778749	0
13.8512	0.0184379	124.032	0.78283	0
13.8899	0.0187864	123.132	0.788271	0
13.8667	0.018531	124.148	0.788951	0
13.8329	0.0184976	122.882	0.784871	0
13.8422	0.0181262	124.032	0.800514	0
13.8373	0.0179998	124.648	0.775689	0
13.8328	0.0185479	121.999	0.770588	0
13.8609	0.0181341	123.665	0.778409	0
13.8585	0.0184474	123.748	0.78385	0
13.8248	0.0185725	122.399	0.811056	0
13.8173	0.018276	124.098	0.790312	0
13.7997	0.0183741	124.065	0.790312	0
13.7982	0.0179709	124.415	0.793372	0
13.7899	0.0184615	123.282	0.768887	0
13.8024	0.0183767	124.098	0.788271	0
13.8403	0.018704	123.982	0.769568	0
13.7862	0.0186494	124.598	0.775689	0
13.7476	0.0180583	123.798	0.796773	0
13.7891	0.0184228	123.182	0.773308	0
13.7819	0.0183717	122.082	0.787931	0
13.7635	0.0185218	123.032	0.802894	0
13.7634	0.0182862	124.448	0.808675	0
13.752	0.018479	123.349	0.795753	0
13.739	0.0176225	121.999	0.78419	0
13.7293	0.0181764	123.032	0.800173	0
13.7391	0.0183383	122.682	0.792692	0
13.7457	0.0182628	121.499	0.777049	0
13.7338	0.0180426	123.449	0.790652	0
13.7358	0.0180391	122.516	0.799833	0
13.7443	0.0182545	121.683	0.807995	0
13.7281	0.0184212	122.466	0.787931	0
13.7063	0.0179716	123.349	0.767527	0
13.6901	0.018485	121.666	0.794392	0
13.7013	0.0183373	123.848	0.800854	0
13.7137	0.0185199	123.465	0.777729	0
13.6817	0.0182888	123.132	0.789631	0
13.6812	0.0174694	123.315	0.775009	0
13.7055	0.0182469	122.649	0.768887	0
13.7147	0.0180198	123.199	0.793372	0
13.7011	0.0179026	121.666	0.789631	0
13.7096	0.0176824	122.999	0.794052	0
13.7014	0.0181408	123.199	0.796093	0
13.6764	0.0184801	122.332	0.788611	0
13.6803	0.0180774	124.182	0.791332	0
13.6768	0.0183511	122.766	0.804934	0
13.6768	0.0180212	123.382	0.78419	0
13.6962	0.0181859	123.065	0.78453	0
13.7046	0.0178476	123.349	0.790652	0
13.6786	0.0181855	122.316	0.789971	0
13.6615	0.018668	122.965	0.78351	0
13.6852	0.0183743	123.698	0.794732	0
13.6825	0.0182791	122.749	0.771608	0
13.6626	0.017968	122.299	0.78147	0
13.6815	0.018763	123.065	0.78419	0
13.6716	0.0184474	122.149	0.778069	0
13.6612	0.018154	122.766	0.78011	0
13.6948	0.0181523	122.132	0.777389	0
13.6696	0.0178629	122.349	0.78453	0
13.6436	0.0179301	122.832	0.789971	0
13.6715	0.0176477	122.832	0.807995	0
13.6619	0.0181034	123.315	0.78351	0
13.6486	0.0179905	121.649	0.802214	0
13.6486	0.0179765	123.948	0.789631	0
13.6254	0.0177493	121.983	0.798473	0
13.6243	0.018085	123.299	0.792692	0
13.6415	0.0182466	123.215	0.785211	0
13.6397	0.0180514	121.416	0.785551	0
13.6356	0.0179838	121.566	0.78453	0
13.6271	0.0183009	122.699	0.793712	0
13.6125	0.0178772	122.782	0.776709	0
13.6253	0.0181419	122.899	0.786571	0
13.6446	0.018064	122.316	0.77977	0
13.6306	0.0179566	123.082	0.794392	0
13.6403	0.0174686	122.332	0.798133	0
13.6415	0.0177135	122.882	0.791672	0
13.6203	0.0182484	122.632	0.796093	0
13.6251	0.0180602	122.199	0.776369	0
13.6382	0.0178118	122.599	0.798133	0
13.6032	0.0180207	121.699	0.78147	0
13.5817	0.0179659	121.549	0.78351	0
13.6338	0.0179761	122.016	0.804934	0
13.6494	0.0180909	122.399	0.789631	0
13.6154	0.0178903	122.399	0.794052	0
13.5966	0.0179473	122.166	0.797113	0
13.5889	0.0181309	122.616	0.799153	0
13.633	0.018429	123.399	0.776029	0
13.6597	0.0184043	122.832	0.78351	0
13.6316	0.0182539	123.615	0.794732	0
13.6118	0.0183055	122.332	0.786231	0
13.5995	0.0184218	121.066	0.778069	0
13.6013	0.0179279	120.2	0.78045	0
13.6185	0.0185771	121.549	0.797113	0
13.6281	0.0180571	122.832	0.778749	0
13.6053	0.018091	122.666	0.777049	0
13.6121	0.0180845	123.698	0.797793	0
13.6347	0.0180584	122.116	0.779089	0
13.6009	0.0182317	121.316	0.792352	0
13.5931	0.0181143	124.348	0.786231	0
13.5972	0.0181538	120.816	0.803914	0
13.5705	0.017802	121.949	0.786911	0
13.5691	0.0179131	121.15	0.810035	0
13.5808	0.0179128	123.482	0.809355	0
13.5826	0.0180545	122.282	0.790992	0
13.5967	0.0180787	122.199	0.796433	0
13.6038	0.0183718	122.815	0.786231	0
13.5823	0.0181297	122.599	0.790312	0
13.5541	0.0181498	121.1	0.789971	0
13.5691	0.0175398	122.399	0.790312	0
13.5863	0.0181642	123.165	0.802894	0
13.5858	0.0180472	123.165	0.803914	0
13.6122	0.0179866	123.049	0.792692	0
13.6141	0.018084	121.499	0.802214	0
13.5859	0.0178443	121.883	0.788611	0
13.5576	0.0185413	122.099	0.787931	0
13.546	0.018155	124.198	0.78249	0
13.5774	0.0178278	122.216	0.77977	0
13.5894	0.0177713	121.266	0.773988	0
13.563	0.0180639	122.466	0.774669	0
13.5406	0.0182525	121.083	0.784871	0
13.5519	0.0177908	122.082	0.795413	0
13.557	0.0179986	121.699	0.794732	0
13.5475	0.0184158	122.049	0.78113	0
13.5485	0.0176844	124.365	0.807655	0
13.5686	0.0179868	121.633	0.788611	0
13.5588	0.018085	122.849	0.799493	0
13.5449	0.0179988	122.249	0.789971	0
13.5573	0.0175715	122.982	0.797113	0
13.5735	0.018126	122.449	0.790992	0
13.5754	0.0179598	121.349	0.77977	0
13.5724	0.017818	123.482	0.796433	0
13.5691	0.0178625	123.482	0.774669	0
13.5338	0.0181347	122.582	0.776029	0
13.4905	0.0181699	123.082	0.797113	0
13.5305	0.018191	121.849	0.78283	0
13.5788	0.0180586	121.599	0.788951	0
13.54	0.0186402	121.349	0.801534	0
13.5326	0.0186231	123.698	0.784871	0
13.5824	0.0175102	121.749	0.750864	0
13.566	0.0178264	122.766	0.789631	0
13.5256	0.0179038	122.716	0.785891	0
13.5164	0.0176664	121.483	0.788951	0
13.5332	0.0178364	123.049	0.801194	0
13.5585	0.0182773	121.666	0.791672	0
13.5516	0.0183135	122.682	0.790992	0
13.5615	0.018086	121.983	0.766847	0
13.5744	0.0176663	121.916	0.793372	0
13.5282	0.0180125	123.015	0.78147	0
13.5085	0.0178351	121.933	0.804594	0
13.5301	0.017927	121.316	0.788611	0
13.511	0.0180654	120.766	0.774669	0
13.5036	0.0181164	120.183	0.763446	0
13.5247	0.018061	122.199	0.797113	0
13.5205	0.0180276	120.483	0.796093	0
13.5159	0.017745	122.282	0.779089	0
13.5363	0.0180542	120.75	0.808335	0
13.5498	0.0177466	122.899	0.775349	0
13.5383	0.0178821	123.682	0.791332	0
13.5336	0.0180329	121.2	0.797453	0
13.5358	0.0176399	122.016	0.801194	0
13.5165	0.0181062	121.699	0.78011	0
13.5137	0.0177243	121.633	0.78113	0
13.5511	0.0179191	122.099	0.794392	0
13.5271	0.0177727	122.299	0.776029	0
13.519	0.0179509	123.249	0.797113	0
13.5507	0.0176399	121.183	0.778069	0
13.5213	0.0181096	122.649	0.775349	0
13.5275	0.0179233	123.232	0.801194	0
13.5455	0.0176266	123.265	0.787931	0
13.5282	0.0179838	119.484	0.772628	0
13.5387	0.0183626	122.049	0.78317	0
13.5437	0.0177747	123.449	0.795413	0
13.5254	0.0178389	120.9	0.78079	0
13.5262	0.0178145	123.132	0.78419	0
13.5447	0.0181054	120.433	0.775349	0
13.5409	0.0178871	122.682	0.791332	0
13.5325	0.0176957	121.783	0.78351	0
13.5462	0.0179434	123.282	0.789971	0
13.5467	0.0182408	121.516	0.78079	0
13.5372	0.0182606	124.182	0.772628	0
13.5364	0.0180787	121.316	0.78317	0
13.5274	0.0179032	122.466	0.78453	0
13.5286	0.0179194	122.499	0.794392	0
13.5284	0.0177274	123.549	0.78181	0
13.5259	0.017631	123.365	0.795413	0
13.5293	0.0177863	121.683	0.768207	0
13.5253	0.0180203	121.766	0.794732	0
13.525	0.0181635	123.632	0.801874	0
13.514	0.0178917	122.132	0.806975	0
13.4981	0.0177832	121.899	0.793712	0
13.4944	0.0180069	121.466	0.775009	0
13.5077	0.017852	119.85	0.78147	0
13.5215	0.0181499	123.215	0.794052	0
13.5315	0.0182916	123.182	0.789971	0
13.5342	0.0183177	122.649	0.792012	0
13.5336	0.0182828	121.466	0.792012	0
13.5159	0.018092	122.449	0.788271	0
13.5132	0.0178162	122.632	0.801534	0
13.5034	0.017953	121.383	0.776709	0
13.4776	0.0182763	121.949	0.794392	0
13.4843	0.0178761	121.833	0.805274	0
13.5142	0.0177439	121.716	0.78011	0
13.5101	0.0178779	121.983	0.794392	0
13.5084	0.0177688	122.616	0.786571	0
13.5276	0.0180438	120.633	0.78317	0
13.5269	0.0180963	122.032	0.788271	0
13.5136	0.0180726	123.499	0.802894	0
13.5096	0.0180706	122.882	0.788611	0
13.5003	0.0182384	121.033	0.776369	0
13.5042	0.018085	121.449	0.760046	0
13.512	0.0182183	122.232	0.786231	0
13.5054	0.0183515	121.899	0.791672	0
13.4881	0.01804	121.1	0.77977	0
13.4608	0.0181088	122.482	0.78147	0
13.4781	0.0176937	123.182	0.797453	0
13.5057	0.0179089	122.466	0.804594	0
13.5291	0.0180476	121.116	0.767867	0
13.5342	0.0175598	121.933	0.793372	0
13.5034	0.0173321	121.2	0.770248	0
13.5035	0.0177247	122.882	0.803234	0
13.5237	0.018295	121.266	0.771608	0
13.5137	0.0173801	121.933	0.794052	0
13.492	0.0179593	122.599	0.78453	0
13.4806	0.0179423	121.599	0.799833	0
13.4833	0.0177959	122.416	0.772628	0
13.5023	0.0179355	122.582	0.792012	0
13.5113	0.0179999	121.666	0.789971	0
13.4882	0.0179089	120.966	0.797793	0
13.4825	0.0178965	121.633	0.794732	0
13.4908	0.0176949	122.699	0.801874	0
13.4991	0.0177232	123.432	0.78419	0
13.5088	0.0185326	122.799	0.787591	0
13.4823	0.0180598	123.415	0.803574	0
13.4801	0.0178637	123.082	0.788611	0
13.4986	0.0177841	122.182	0.792012	0
13.4618	0.0174033	121.449	0.803234	0
13.4803	0.0177219	121.016	0.798813	0
13.5237	0.0176144	122.932	0.778069	0
13.5021	0.0178232	121.749	0.792352	0
13.4903	0.018059	121.433	0.785891	0
13.4811	0.0178846	120.45	0.78011	0
13.4879	0.0178919	122.149	0.776029	0
13.4925	0.0177404	121.05	0.785211	0
13.4779	0.0179362	121.899	0.786231	0
13.4852	0.017709	122.066	0.807995	0
13.4944	0.018135	122.532	0.789631	0
13.4807	0.0178074	123.365	0.810715	0
13.4721	0.0179625	121.016	0.787251	0
13.4793	0.0177624	121.383	0.796433	0
13.4859	0.0180913	122.366	0.78011	0
13.4916	0.0181671	121.799	0.790652	0
13.484	0.0178545	122.149	0.794732	0
13.4509	0.0179936	121.366	0.793372	0
13.4629	0.0177863	120.95	0.785551	0
13.4833	0.0179727	121.133	0.794392	0
13.4825	0.0180569	121.949	0.792012	0
13.4974	0.0181152	122.799	0.800173	0
13.4939	0.0181875	121.999	0.773308	0
13.4768	0.0183805	121.933	0.801194	0
13.4848	0.0179669	121.15	0.795072	0
13.4684	0.0176968	122.216	0.794732	0
13.4705	0.0176729	122.066	0.773308	0
13.487	0.0179941	122.699	0.784871	0
13.4587	0.0182115	122.282	0.776029	0
13.4748	0.0182915	121.966	0.793712	0
13.497	0.0179575	123.232	0.790312	0
13.4778	0.0176772	122.032	0.791672	0
13.4783	0.0179254	122.566	0.787251	0
13.4917	0.0176401	122.782	0.789631	0
13.483	0.0183019	122.366	0.772628	0
13.4631	0.0176235	121.266	0.774328	0
13.4797	0.0173271	121.749	0.811396	0
13.482	0.0173366	122.099	0.794052	0
13.4589	0.0177086	121.549	0.797453	0
13.4697	0.0177899	123.549	0.78079	0
13.4705	0.0177385	121.733	0.803574	0
13.4465	0.0180082	123.065	0.78215	0
13.4876	0.0181511	121.449	0.787591	0
13.4937	0.0180473	121.566	0.800854	0
13.442	0.0179908	122.599	0.794052	0
13.458	0.0179879	121.016	0.801194	0
13.4624	0.0178526	122.732	0.804594	0
13.4553	0.0176569	121.583	0.777729	0
13.4925	0.0181506	122.099	0.78453	0
13.4886	0.0177734	120.683	0.787591	0
13.4433	0.0180193	121.733	0.801534	0
13.4429	0.0179977	121.483	0.790312	0
13.4637	0.0181076	121.283	0.810375	0
13.481	0.0179658	122.532	0.78249	0
13.4827	0.0181144	122.049	0.791332	0
13.4653	0.0179728	122.799	0.815136	0
13.4576	0.0176649	121.083	0.795413	0
13.4713	0.0180717	123.549	0.804934	0
13.4829	0.0179563	121.666	0.796773	0
13.4809	0.0182857	121.1	0.77977	0
13.4642	0.0179915	122.782	0.78011	0
13.4678	0.0183132	122.532	0.795413	0
13.4753	0.0174618	121.766	0.806635	0
13.4762	0.0177136	121.866	0.778069	0
13.4843	0.017772	121.816	0.779429	0
13.4776	0.0177679	122.232	0.786911	0
13.4433	0.0175688	121.349	0.793712	0
13.4284	0.0178333	122.965	0.794732	0
13.4449	0.0180053	121.399	0.801534	0
13.427	0.0180329	122.699	0.770248	0
13.4281	0.017613	121.066	0.791672	0
13.4707	0.0179525	121.1	0.774328	0
13.464	0.018016	121.283	0.790312	0
13.4582	0.018004	121.466	0.786231	0
13.4681	0.0176955	122.366	0.798473	0
13.4577	0.0180525	121.649	0.764127	0
13.472	0.017731	123.582	0.790312	0
13.4438	0.0177278	120.983	0.769908	0
13.3933	0.0177339	122.099	0.775349	0
13.4439	0.0182121	121.816	0.809015	0
13.4906	0.0176556	121.383	0.795753	0
13.4768	0.0176247	122.482	0.791672	0
13.458	0.0178001	121.466	0.763446	0
13.4464	0.0180979	121.483	0.799833	0
13.4536	0.0177489	122.149	0.78419	0
13.4477	0.0178196	122.332	0.792352	0
13.4283	0.0180385	122.599	0.796773	0
13.4619	0.0181583	122.066	0.777389	0
13.4677	0.0178493	121.283	0.777049	0
13.414	0.0180381	120.966	0.759366	0
13.4431	0.0181251	121.766	0.78419	0
13.4906	0.0183582	122.632	0.798813	0
13.4824	0.0184148	120.017	0.773988	0
13.4601	0.017817	120.8	0.793712	0
13.4377	0.0175889	122.132	0.792012	0
13.4258	0.018034	121.133	0.769908	0
13.435	0.0179745	122.449	0.778749	0
13.4502	0.0174933	121.2	0.785551	0
13.4466	0.0180672	121.766	0.791672	0
13.4652	0.0179465	122.599	0.787251	0
13.4934	0.0181108	122.482	0.770588	0
13.4747	0.0181461	122.132	0.769568	0
13.446	0.0181546	123.315	0.786911	0
13.442	0.017965	122.182	0.777049	0
13.4577	0.0179255	122.149	0.779429	0
13.4519	0.0179366	121.616	0.78215	0
13.4376	0.0175142	122.582	0.78419	0
13.4641	0.0176911	121.2	0.772288	0
13.4821	0.017747	122.266	0.78113	0
13.4685	0.0180311	122.632	0.776709	0
13.4498	0.0176943	121.766	0.78181	0
13.434	0.0179527	121.083	0.789971	0
13.445	0.0177901	122.366	0.803234	0
13.4801	0.0176758	122.149	0.786231	0
13.4819	0.0179551	122.432	0.787251	0
13.474	0.0179347	121.183	0.771268	0
13.4593	0.0180552	123.482	0.788951	0
13.4617	0.0183206	120.85	0.789971	0
13.4739	0.0178674	120.8	0.792352	0
13.4621	0.0180699	122.532	0.768547	0
13.4555	0.0180562	122.849	0.797793	0
13.4519	0.0180531	122.282	0.78045	0
13.4445	0.0177438	121.316	0.785891	0
13.4444	0.017604	121.483	0.773648	0
13.4537	0.0180852	122.232	0.78181	0
13.4641	0.0181478	120.117	0.774669	0
13.4413	0.0177668	121.999	0.773308	0
13.4406	0.0178166	121.916	0.784871	0
13.4565	0.0177693	121.583	0.786911	0
13.443	0.0179683	122.032	0.78045	0
13.443	0.0178537	121.549	0.792352	0
13.4736	0.0179386	120.017	0.770248	0
13.4808	0.0178498	121.133	0.785891	0
13.4498	0.0181199	122.616	0.794052	0
13.4369	0.0180548	122.382	0.767527	0
13.4541	0.0173667	120.45	0.784871	0
13.4627	0.0175013	120.616	0.775349	0
13.4473	0.0180232	121.733	0.786571	0
13.4439	0.0182175	121.583	0.800514	0
13.445	0.0177182	122.016	0.791672	0
13.4446	0.0178286	122.815	0.78147	0
13.469	0.0179682	121.433	0.78419	0
13.4616	0.0178293	122.566	0.78453	0
13.4308	0.0179727	121.449	0.769568	0
13.4194	0.0181515	120.217	0.789631	0
13.4396	0.0176829	123.132	0.777389	0
13.4469	0.0176128	121.916	0.806975	0
13.4271	0.0178772	120.75	0.798813	0
13.4183	0.0176628	122.299	0.778409	0
13.4471	0.0176907	121.799	0.798133	0
13.4481	0.018138	122.349	0.796093	0
13.4396	0.0179181	121.749	0.796093	0
13.4459	0.0178789	121.383	0.775009	0
13.4402	0.0177941	121.799	0.798133	0
13.4637	0.0182387	121.166	0.78453	0
13.4593	0.0176514	121.949	0.803574	0
13.4505	0.0175829	121.366	0.790652	0
13.4667	0.017907	121.566	0.794392	0
13.4843	0.0176701	121.2	0.779429	0
13.4893	0.0184251	121	0.806295	0
13.4849	0.0175748	121.933	0.788611	0
13.4427	0.0177187	121.349	0.798133	0
13.4135	0.0175454	122.449	0.778749	0
13.4217	0.0177804	122.032	0.799833	0
13.4622	0.0181322	121.583	0.804254	0
13.4698	0.0178995	120.683	0.804594	0
13.4411	0.0180778	122.882	0.78147	0
13.431	0.0172285	121.666	0.774669	0
13.4375	0.0181316	124.015	0.799493	0
13.4493	0.0179353	123.165	0.78351	0
13.4595	0.0180411	121.1	0.794732	0
13.444	0.0180105	121.949	0.78249	0
13.4444	0.0180981	121.433	0.778069	0
13.4801	0.0182	122.632	0.790992	0
13.4532	0.0182013	121.449	0.806295	0
13.4174	0.0181165	121.766	0.769908	0
13.4515	0.0178455	122.216	0.791332	0
13.4759	0.0180762	121.2	0.795753	0
13.4173	0.0179487	121.299	0.792352	0
13.4114	0.0175416	123.065	0.78419	0
13.4678	0.0174557	121.166	0.809015	0
13.4555	0.018147	121.083	0.789291	0
13.4297	0.0179779	121.433	0.796773	0
13.4661	0.0177583	121.633	0.785891	0
13.4807	0.0176661	122.549	0.78385	0
13.4416	0.0174155	121.366	0.802214	0
13.4415	0.0175528	122.149	0.802894	0
13.4592	0.0179143	122.516	0.78079	0
13.4643	0.0182519	122.399	0.810035	0
13.4737	0.0183215	122.032	0.795072	0
13.4856	0.0181332	121.616	0.799493	0
13.4768	0.0177337	121.599	0.788271	0
13.4933	0.0176911	122.549	0.78113	0
13.4874	0.0181668	121.799	0.802214	0
13.4437	0.0176165	121.183	0.78011	0
13.432	0.017404	122.382	0.777389	0
13.4129	0.0174568	120.95	0.768887	0
13.4221	0.0177199	122.666	0.792352	0
13.4549	0.0173374	121.383	0.766507	0
13.4476	0.0177769	123.665	0.795413	0
13.4161	0.0178717	119.8	0.772968	0
13.411	0.0176832	123.182	0.795753	0
13.4315	0.0176722	121.349	0.803574	0
13.4336	0.0179016	120.666	0.788611	0
13.4586	0.017738	121.699	0.802554	0
13.4763	0.0175992	122.116	0.797113	0
13.4313	0.0177799	122.466	0.790992	0
13.4075	0.0177517	121.366	0.801874	0
13.458	0.0175117	122.782	0.787251	0
13.4687	0.0179661	121.716	0.78147	0
13.4407	0.0175139	122.316	0.806975	0
13.4665	0.0180756	122.732	0.787931	0
13.4761	0.0176006	122.082	0.771948	0
13.4271	0.0178992	122.032	0.796773	0
13.4156	0.0176802	122.249	0.803234	0
13.4676	0.0177525	121.066	0.786911	0
13.4474	0.0175381	122.249	0.790312	0
13.4108	0.0182161	121	0.794732	0
13.4516	0.018028	121.816	0.770248	0
13.4746	0.0181151	121.833	0.771268	0
13.4578	0.0180353	122.815	0.790312	0
13.4754	0.0177409	122.382	0.78317	0
13.4665	0.018182	122.182	0.785551	0
13.4279	0.0181878	121.449	0.802894	0
13.4275	0.0178259	121.599	0.77977	0
13.4572	0.0177679	121.866	0.805274	0
13.4598	0.0178486	120.983	0.77977	0
13.4319	0.0175739	122.316	0.800514	0
13.4327	0.017505	121.266	0.77977	0
13.4326	0.0178971	121.116	0.788951	0
13.4182	0.0179093	123.115	0.763446	0
13.4607	0.0175986	121.1	0.78351	0
13.4828	0.0176145	122.332	0.799493	0
13.4472	0.0183139	121.499	0.78045	0
13.439	0.0176076	123.115	0.792012	0
13.4812	0.0180308	121.133	0.78249	0
13.4655	0.0182759	120.933	0.803234	0
13.4221	0.0176577	121.699	0.799153	0
13.4276	0.0176413	122.982	0.768207	0
13.453	0.0179811	121.449	0.78317	0
13.4411	0.0177295	121.716	0.785891	0
13.4403	0.0176926	122.199	0.785551	0
13.459	0.0178548	122.282	0.811736	0
13.4509	0.0180435	122.216	0.768887	0
13.45	0.0180734	121.616	0.78317	0
13.4655	0.0182073	122.982	0.796773	0
13.4799	0.0179275	122.166	0.78079	0
13.478	0.0176179	121.549	0.78453	0
13.4503	0.0175454	121.033	0.78113	0
13.4445	0.017988	123.049	0.778749	0
13.4726	0.0177426	121.183	0.805955	0
13.4718	0.0178984	122.316	0.798473	0
13.4757	0.0178151	121.033	0.78385	0
13.4735	0.0181772	121.583	0.793712	0
13.4423	0.0179883	121.066	0.776029	0
13.4499	0.0179721	120.816	0.801534	0
13.4565	0.0177367	121.349	0.797453	0
13.4558	0.0177324	121.683	0.756645	0
13.4734	0.0176684	121.783	0.803914	0
13.4713	0.0175868	121.449	0.78249	0
13.4606	0.0173713	122.682	0.810035	0
13.4547	0.0177949	120.45	0.787591	0
13.4332	0.0181467	122.549	0.774669	0
13.4181	0.0178402	120.966	0.785551	0
13.4346	0.0178105	121.483	0.784871	0
13.4536	0.0181838	122.466	0.786231	0
13.4651	0.0180595	121.033	0.78385	0
13.4783	0.0180688	120.85	0.802554	0
13.4575	0.0180904	122.649	0.799493	0
13.4293	0.0178102	121.649	0.790992	0
13.4616	0.017351	122.232	0.786231	0
13.4621	0.0179148	121.016	0.802214	0
13.4312	0.0177535	122.282	0.803574	0
13.4386	0.0178927	121.949	0.78147	0
13.447	0.0180944	121.916	0.776029	0
13.4379	0.0179909	122.516	0.768207	0
13.4411	0.0179114	121.866	0.816837	0
13.4474	0.0176976	121.033	0.803234	0
13.4458	0.0179232	121.799	0.78215	0
13.4456	0.0174454	122.566	0.811396	0
13.461	0.0172885	122.149	0.78215	0
13.4655	0.0180305	120.916	0.792692	0
13.4405	0.0178687	122.482	0.800514	0
13.4315	0.0177537	121.016	0.797113	0
13.4407	0.0179797	121.833	0.789291	0
13.4409	0.017905	120.683	0.804254	0
13.4401	0.0176853	121.716	0.804254	0
13.4338	0.0179848	121.166	0.789631	0
13.4396	0.0179096	122.999	0.792692	0
13.4649	0.0177394	122.316	0.791672	0
13.4729	0.0178186	120.733	0.771608	0
13.4502	0.0180844	121.683	0.788611	0
13.4626	0.0180252	121.066	0.802894	0
13.481	0.017774	122.166	0.775009	0
13.4455	0.0180544	122.482	0.786571	0
13.444	0.0176809	123.382	0.791672	0
13.468	0.0176526	121.1	0.78215	0
13.4468	0.0174467	122.999	0.786571	0
13.4369	0.0175208	122.616	0.784871	0
13.4444	0.0176116	121.399	0.803234	0
13.4485	0.0177047	121.266	0.788271	0
13.4447	0.0178292	122.832	0.806295	0
13.4414	0.0177757	121.383	0.799493	0
13.4584	0.0178024	120.883	0.802554	0
13.4765	0.0183618	122.865	0.792352	0
13.4656	0.0176745	122.899	0.793032	0
13.456	0.0177669	120.516	0.790652	0
13.4608	0.0176505	121.949	0.78249	0
13.4444	0.0177748	122.549	0.815476	0
13.447	0.0180048	120.7	0.785551	0
13.4566	0.0177395	120.5	0.78147	0
13.4472	0.0177664	122.432	0.792352	0
13.4573	0.0176754	121.733	0.794732	0
13.465	0.018002	121.933	0.763106	0
13.4674	0.0175782	122.582	0.792352	0
13.4442	0.0177851	122.899	0.799493	0
13.4185	0.0179909	121.033	0.779089	0
13.4404	0.0175563	122.149	0.78249	0
13.4433	0.0175926	123.182	0.778069	0
13.4179	0.0179996	121.666	0.78283	0
13.4296	0.0178066	121.449	0.78351	0
13.4553	0.017891	123.065	0.78317	0
13.4535	0.0179669	121.05	0.78351	0
13.4584	0.0181249	121.083	0.789631	0
13.4559	0.0178159	121.849	0.787931	0
13.4559	0.0180033	122.282	0.789971	0
13.4616	0.0179673	122.799	0.797793	0
13.4217	0.0182018	121.899	0.805955	0
13.4159	0.0180389	122.616	0.788611	0
13.4501	0.0178906	122.282	0.78249	0
13.4351	0.0181073	122.232	0.788951	0
13.4214	0.0177052	122.349	0.798813	0
13.4508	0.0178307	122.599	0.778749	0
13.4766	0.0178724	120.616	0.78181	0
13.4833	0.0180505	122.616	0.785551	0
13.4639	0.0173755	122.549	0.790992	0
13.4517	0.0182263	121.666	0.804594	0
13.4698	0.018019	122.932	0.789971	0
13.4752	0.0180213	122.782	0.788951	0
13.4469	0.0181111	121.533	0.778749	0
13.4498	0.0179767	122.332	0.779429	0
13.4526	0.0177505	120.217	0.814456	0
13.4329	0.0179982	122.332	0.801534	0
13.4419	0.0176713	121.249	0.789971	0
13.4405	0.0179307	122.699	0.797793	0
13.4284	0.0176723	122.865	0.786231	0
13.4334	0.0174566	121.666	0.809355	0
13.4361	0.0178967	121.399	0.771608	0
13.4399	0.017521	121.999	0.788611	0
13.4598	0.0172938	123.015	0.792692	0
13.4692	0.0174842	121.366	0.78079	0
13.4588	0.0178986	122.932	0.78351	0
13.4608	0.0177671	122.282	0.800514	0
13.4439	0.0177641	122.832	0.788951	0
13.4267	0.0176016	121.483	0.776029	0
13.4394	0.0178151	122.199	0.788611	0
13.4522	0.0177009	122.316	0.769228	0
13.46	0.0177492	119.867	0.78283	0
13.4635	0.0176449	121.549	0.803914	0
13.467	0.0177097	122.366	0.797453	0
13.4647	0.0176793	122.482	0.767187	0
13.4432	0.0183761	121.299	0.774669	0
13.4685	0.017833	122.516	0.801194	0
13.4793	0.017395	122.716	0.788271	0
13.4548	0.0178596	123.165	0.789291	0
13.4506	0.0179421	121.05	0.758345	0
13.4395	0.0177066	123.182	0.792012	0
13.4561	0.0177955	122.282	0.78351	0
13.4708	0.0176235	121.899	0.786571	0
13.4639	0.0177904	121.816	0.773308	0
13.4432	0.0180739	121.766	0.777389	0
13.4202	0.017712	122.899	0.814796	0
13.4315	0.0178232	120.383	0.78283	0
13.4412	0.0178498	123.782	0.794392	0
13.4278	0.0176038	122.332	0.775009	0
13.4371	0.017438	122.282	0.795072	0
13.4664	0.0178908	122.466	0.78419	0
13.4564	0.0177256	121.533	0.797453	0
13.4508	0.017601	122.216	0.790652	0
13.4343	0.0181671	120.983	0.78079	0
13.4065	0.0175207	122.632	0.803574	0
13.4407	0.0178363	122.099	0.804934	0
13.4544	0.0176109	122.049	0.795072	0
13.4454	0.0177256	121.583	0.785211	0
13.4689	0.0177045	122.549	0.766847	0
13.4905	0.0177464	122.482	0.796433	0
13.4527	0.0179862	121.849	0.777729	0
13.4146	0.0177871	122.149	0.791672	0
13.4253	0.0181834	119.783	0.809695	0
13.4222	0.0179122	122.532	0.810715	0
13.4347	0.0179733	121.449	0.814796	0
13.452	0.0182881	122.066	0.811056	0
13.4271	0.0175966	122.865	0.792352	0
13.4483	0.0180462	121.116	0.792352	0
13.4799	0.0176387	122.332	0.78419	0
13.4445	0.0181699	122.632	0.78317	0
13.437	0.0178664	121.299	0.779429	0
13.4499	0.0176647	122.232	0.790312	0
13.4519	0.017377	121.1	0.78453	0
13.4438	0.0183285	121.533	0.793712	0
13.4288	0.0179259	121.516	0.769568	0
13.4301	0.0180667	121.433	0.769908	0
13.4472	0.0180139	122.399	0.807315	0
13.4556	0.0179381	122.066	0.801194	0
13.4458	0.0174273	121.749	0.794052	0
13.4543	0.0177365	123.698	0.784871	0
13.4676	0.018004	123.798	0.794392	0
13.4575	0.0177813	122.566	0.788611	0
13.4573	0.0187419	120.6	0.790312	0
13.4437	0.0184933	122.366	0.794052	0
13.4159	0.0179629	123.115	0.796093	0
13.4193	0.0182067	121.583	0.762766	0
13.4471	0.0184031	122.299	0.814456	0
13.4377	0.0182364	122.232	0.77977	0
13.4219	0.018413	120.267	0.794052	0
13.4454	0.0185699	122.266	0.787591	0
13.4449	0.017663	122.632	0.778069	0
13.4271	0.0178487	121.749	0.800514	0
13.4555	0.0180501	121.916	0.800854	0
13.4406	0.0174086	121.749	0.767527	0
13.4218	0.0176065	121.799	0.787931	0
13.4259	0.0176669	121.183	0.762426	0
13.4443	0.0181964	121.683	0.78453	0
13.4587	0.0178989	122.266	0.796093	0
13.4394	0.0180599	122.149	0.802894	0
13.433	0.0180735	123.015	0.791332	0
13.4458	0.0181046	122.449	0.802554	0
13.458	0.0186335	122.232	0.786231	0
13.4421	0.0177873	121.933	0.776709	0
13.4295	0.0176944	121.366	0.779089	0
13.4361	0.0179068	119.75	0.789971	0
13.4371	0.0176837	122.199	0.800854	0
13.4358	0.0177202	123.032	0.769568	0
13.44	0.0174982	120.15	0.793712	0
13.4275	0.0175908	121.566	0.770928	0
13.4439	0.0181793	121.333	0.790992	0
13.4537	0.017731	122.199	0.799833	0
13.4337	0.0180401	121.916	0.785891	0
13.4336	0.0179461	121.499	0.777729	0
13.4623	0.0177961	121.216	0.778069	0
13.465	0.0177433	121.433	0.78045	0
13.4506	0.0181103	122.899	0.767867	0
13.4667	0.0182425	121.916	0.806295	0
13.4624	0.0176052	120.933	0.792352	0
13.4288	0.0177926	122.632	0.798813	0
13.4281	0.0179145	120.95	0.790312	0
13.4353	0.0178283	121.05	0.779429	0
13.4433	0.018095	120.8	0.809015	0
13.4636	0.0177887	122.882	0.806295	0
13.4604	0.017682	122.716	0.791332	0
13.4381	0.0180773	120.9	0.787251	0
13.42	0.0176399	121.349	0.811736	0
13.4307	0.0178169	122.432	0.785891	0
13.444	0.0178366	121.849	0.806975	0
13.4541	0.0176011	122.566	0.793032	0
13.4672	0.0186513	121.966	0.798133	0
13.4533	0.0181922	122.232	0.777049	0
13.4264	0.0179355	121.15	0.78113	0
13.4371	0.0180483	121.516	0.793712	0
13.4551	0.0180544	119.933	0.777729	0
13.4307	0.0175587	122.349	0.78249	0
13.4426	0.0174168	121.433	0.767867	0
13.47	0.0176643	121.233	0.803234	0
13.4481	0.0173165	122.282	0.788951	0
13.4567	0.0179809	120.883	0.77977	0
13.4649	0.0181051	121.349	0.791672	0
13.4413	0.017545	122.582	0.821257	0
13.4471	0.0177815	122.532	0.777389	0
13.4169	0.0180735	120.916	0.796093	0
13.3889	0.0178735	121.949	0.822958	0
13.4159	0.0175593	123.032	0.77977	0
13.4184	0.0176433	120.666	0.797453	0
13.416	0.0182687	122.566	0.771608	0
13.4583	0.0176525	121.466	0.78385	0
13.4825	0.0175033	121.399	0.788611	0
13.4561	0.0178853	122.949	0.788611	0
13.4695	0.0176985	122.216	0.766847	0
13.4815	0.0177832	121.616	0.775689	0
13.4285	0.0175131	122.815	0.788271	0
13.404	0.0177547	121.283	0.800514	0
13.4382	0.0175765	121.883	0.790652	0
13.4445	0.0180362	122.516	0.779089	0
13.4145	0.0174579	121.233	0.78147	0
13.4208	0.0174873	122.699	0.807995	0
13.4366	0.0173907	121.683	0.78147	0
13.4328	0.0178962	122.299	0.790652	0
13.4489	0.0179632	121.466	0.78249	0
13.4758	0.0178803	121.683	0.789971	0
13.4467	0.0176564	121.233	0.791672	0
13.4148	0.0181834	121.599	0.787931	0
13.444	0.017284	121.183	0.78113	0
13.4685	0.0184396	121.916	0.790652	0
13.4422	0.0177373	120.516	0.799833	0
13.4342	0.0177812	122.815	0.805614	0
13.4436	0.0179697	122.399	0.766167	0
13.4307	0.0178262	122.132	0.770928	0
13.4411	0.0179154	121.633	0.775009	0
13.4464	0.0180872	121.466	0.763786	0
13.432	0.0175677	122.649	0.803234	0
13.4433	0.017755	122.499	0.779429	0
13.4499	0.0180202	122.599	0.798473	0
13.4359	0.0181607	123.249	0.798813	0
13.4442	0.0183257	121.449	0.78453	0
13.4629	0.0178515	122.566	0.773988	0
13.4465	0.0175122	121.649	0.78317	0
13.4436	0.0178434	123.249	0.811396	0
13.4504	0.0180873	121.883	0.78181	0
13.4542	0.0175951	121.499	0.78351	0
13.4694	0.0178419	120.65	0.78317	0
13.435	0.0180765	121.366	0.804594	0
13.4216	0.0180272	122.199	0.795753	0
13.4415	0.0172209	121.966	0.772288	0
13.4451	0.0177276	121.616	0.78113	0
13.4315	0.0178823	122.182	0.78011	0
13.4308	0.0174771	120.95	0.801194	0
13.4354	0.0176829	122.416	0.776709	0
13.4414	0.0179708	123.299	0.792012	0
13.4474	0.017758	120.983	0.78385	0
13.4474	0.0186311	121.066	0.786231	0
13.4388	0.0177488	121.449	0.796093	0
13.4354	0.0180976	122.666	0.792692	0
13.4641	0.0176677	121.499	0.78249	0
13.4664	0.0181236	121.349	0.78317	0
13.4463	0.0181229	122.482	0.772628	0
13.4412	0.018056	121.883	0.806295	0
13.4399	0.0179082	121.766	0.772968	0
13.4339	0.0180647	121.799	0.809015	0
13.4455	0.0179254	122.049	0.775689	0
13.4703	0.0179814	120.933	0.777389	0
13.4622	0.0179757	121.249	0.806975	0
13.4416	0.0176686	121.616	0.771608	0
13.4661	0.0182404	123.215	0.786231	0
13.449	0.0175607	122.149	0.78079	0
13.4051	0.0177108	123.332	0.794052	0
13.4225	0.0179078	122.582	0.78045	0
13.4424	0.0180715	120.483	0.792352	0
13.4281	0.0180847	120.816	0.807315	0
13.4278	0.0174974	122.915	0.800173	0
13.4282	0.0177589	121.899	0.809355	0
13.4177	0.0175346	122.149	0.770928	0
13.4233	0.0176169	122.882	0.797793	0
13.439	0.0174246	121.383	0.779089	0
13.4488	0.0178309	122.699	0.797793	0
13.4322	0.0178037	122.749	0.799153	0
13.4234	0.0175606	122.066	0.78181	0
13.4445	0.017845	122.632	0.762086	0
13.4594	0.0176433	119.484	0.799833	0
13.4425	0.0177324	122.849	0.820237	0
13.4277	0.0174723	122.282	0.78011	0
13.4328	0.0177915	122.332	0.788611	0
13.4437	0.0177608	122.249	0.774669	0
13.4534	0.0174731	122.232	0.764127	0
13.4362	0.0177775	122.599	0.790312	0
13.4324	0.017975	120	0.78385	0
13.4508	0.0182991	121.549	0.775689	0
13.4594	0.0176241	122.299	0.798473	0
13.4352	0.0180791	121.616	0.774669	0
13.4255	0.0180713	121.283	0.764127	0
13.4367	0.0172296	121.949	0.790312	0
13.449	0.0176849	120.666	0.787931	0
13.4449	0.0176709	122.216	0.768547	0
13.4472	0.0178099	122.965	0.795753	0
13.4377	0.0176475	122.149	0.803914	0
13.3975	0.0177352	122.399	0.792692	0
13.4167	0.0179323	122.499	0.802214	0
13.4527	0.0177882	122.099	0.790992	0
13.4582	0.0178552	120.85	0.787931	0
13.4538	0.0183888	121.516	0.790312	0
13.4396	0.0178802	121.966	0.788611	0
13.4495	0.0180486	122.416	0.795753	0
13.486	0.0178322	122.049	0.772628	0
13.4802	0.017531	121.749	0.789971	0
13.4401	0.0180802	122.549	0.796773	0
13.4293	0.0178206	121.516	0.773988	0
13.4386	0.0178847	120.983	0.807655	0
13.436	0.0177171	122.299	0.78147	0
13.4182	0.0176263	122.849	0.794732	0
13.4545	0.0180808	121.533	0.773648	0
13.4647	0.017961	123.049	0.792692	0
13.442	0.0174829	122.399	0.800854	0
13.4749	0.017416	120.816	0.773648	0
13.4361	0.0175586	121.866	0.793712	0
13.4073	0.0176296	123.065	0.785211	0
13.4441	0.0179408	120.966	0.777049	0
13.4385	0.0176607	121.549	0.796093	0
13.4469	0.017652	121.283	0.765487	0
13.4354	0.018123	120.6	0.776709	0
13.4299	0.0180322	122.999	0.791332	0
13.457	0.0178568	122.682	0.772968	0
13.4566	0.0179708	123.582	0.792012	0
13.4574	0.0180917	121.449	0.773648	0
13.4599	0.0176315	121.066	0.77977	0
13.4411	0.0180587	123.015	0.799833	0
13.4076	0.0175473	121.533	0.787931	0
13.4174	0.0176896	122.832	0.796093	0
13.4493	0.018068	120.15	0.772968	0
13.432	0.0175102	121.899	0.794392	0
13.4332	0.017788	121.583	0.788611	0
13.4488	0.017897	120.716	0.78453	0
13.4337	0.018011	120.833	0.786911	0
13.4309	0.0181189	122.732	0.797113	0
13.4379	0.0176372	122.382	0.771268	0
13.4148	0.0183597	120.233	0.798473	0
13.4203	0.018179	123.299	0.78181	0
13.4455	0.0181564	122.782	0.798133	0
13.4544	0.0175994	121.133	0.808335	0
13.4628	0.0177146	122.815	0.796773	0
13.4549	0.0180564	120.95	0.78317	0
13.4215	0.0174552	122.832	0.801194	0
13.4257	0.0177769	122.716	0.788611	0
13.4405	0.0176821	120.367	0.794392	0
13.4449	0.0177826	122.749	0.778749	0
13.457	0.0179627	121.299	0.791672	0
13.4444	0.0178567	122.832	0.769228	0
13.4318	0.0182532	122.116	0.814116	0
13.4457	0.0179008	122.616	0.790312	0
13.444	0.0182581	122.599	0.793372	0
13.4497	0.018433	122.482	0.788611	0
13.4516	0.0179505	122.482	0.786571	0
13.4206	0.0178462	121.749	0.789291	0
13.422	0.0179067	120.416	0.778749	0
13.4359	0.0170612	121.349	0.792692	0
13.4306	0.0176647	121.066	0.78215	0
13.4286	0.017428	122.316	0.774328	0
13.4384	0.0177247	120.1	0.770588	0
13.458	0.017611	122.016	0.789971	0
13.4594	0.0179388	121.133	0.789291	0
13.444	0.0179219	122.666	0.798813	0
13.4402	0.0178838	120.983	0.798813	0
13.4387	0.0176578	121.999	0.803914	0
13.44	0.0174491	122.849	0.795413	0
13.4492	0.0177734	121.233	0.797113	0
13.4488	0.0176209	121.433	0.787251	0
13.4515	0.0177934	122.982	0.793032	0
13.4501	0.0178113	122.416	0.804934	0
13.4413	0.0171844	122.432	0.78215	0
13.4613	0.0173172	122.782	0.775009	0
13.46	0.0174056	121.716	0.768207	0
13.4498	0.0181328	120.9	0.78385	0
13.4647	0.0178208	121.866	0.775009	0
13.4688	0.0176995	123.315	0.794392	0
13.467	0.017417	121.949	0.775349	0
13.4423	0.0177577	122.116	0.785211	0
13.4358	0.0177107	121.783	0.78011	0
13.4324	0.0172973	122.832	0.795413	0
13.4154	0.0177633	121.599	0.803234	0
13.4194	0.0179315	121.499	0.798813	0
13.469	0.0178857	121.05	0.787251	0
13.4782	0.0181535	122.266	0.786911	0
13.4378	0.0179586	121.316	0.795072	0
13.4296	0.0176099	122.032	0.792692	0
13.4587	0.01744	122.382	0.78419	0
13.4561	0.018037	122.199	0.790652	0
13.4514	0.0178138	121.666	0.815816	0
13.4782	0.0181585	120.733	0.785551	0
13.4592	0.0175669	123.499	0.78113	0
13.4418	0.018042	120.5	0.798473	0
13.4656	0.0179706	121.983	0.78249	0
13.4671	0.0176166	122.249	0.807655	0
13.4501	0.017675	122.199	0.78079	0
13.4389	0.0177829	120.65	0.78385	0
13.4359	0.0182666	121.799	0.792012	0
13.4484	0.017704	121.399	0.78351	0
13.4329	0.0176101	121.016	0.793712	0
13.4297	0.0179329	120.3	0.799493	0
13.4487	0.0181002	121.583	0.796433	0
13.4289	0.0178897	121.449	0.785551	0
13.4326	0.018186	122.282	0.773648	0
13.4482	0.0184049	121.849	0.78351	0
13.4217	0.018001	123.315	0.805274	0
13.4298	0.0178805	123.698	0.812076	0
13.4488	0.0179973	121.333	0.798473	0
13.4111	0.0179284	120.9	0.766847	0
13.4119	0.017759	121.633	0.793372	0
13.445	0.0175888	120.15	0.789291	0
13.4355	0.0178646	122.416	0.784871	0
13.4309	0.0183499	122.032	0.787591	0
13.4351	0.0174181	122.432	0.78283	0
13.4345	0.0179111	122.182	0.787931	0
13.4424	0.0178603	121.783	0.798813	0
13.4328	0.017637	121.649	0.800854	0
13.4306	0.0179141	122.549	0.772288	0
13.4364	0.0176651	122.149	0.776709	0
13.4364	0.0177514	121.799	0.791332	0
13.4731	0.0176463	122.216	0.799153	0
13.4598	0.0176225	120.133	0.770928	0
13.4295	0.0177167	124.082	0.797113	0
13.4346	0.0175405	119.983	0.794732	0
13.4245	0.0177494	122.882	0.788951	0
13.4265	0.0180458	123.482	0.794392	0
13.4225	0.0179329	122.232	0.799153	0
13.4291	0.017871	123.182	0.801534	0
13.4549	0.0177869	120.733	0.777389	0
13.4463	0.0174862	122.516	0.773308	0
13.4415	0.0179748	121.583	0.789291	0
13.4654	0.017417	122.432	0.773988	0
13.4791	0.0178308	120.483	0.778409	0
13.4425	0.0179262	120.933	0.78351	0
13.418	0.0177188	120.866	0.797113	0
13.425	0.0175282	121.449	0.78045	0
13.3956	0.0177335	122.082	0.78317	0
13.4045	0.0175835	121.299	0.768547	0
13.4402	0.0180727	120.433	0.766847	0
13.4213	0.0174603	122.082	0.78283	0
13.4264	0.0177018	122.832	0.78181	0
13.4187	0.0175602	121.2	0.785891	0
13.4358	0.0174011	122.699	0.774328	0
13.4837	0.0174261	123.249	0.788271	0
13.4501	0.0176462	121.299	0.772288	0
13.4279	0.0173183	122.699	0.787591	0
13.4671	0.017618	121.499	0.815476	0
13.4663	0.017574	121	0.778409	0
13.4605	0.0179034	122.132	0.768207	0
13.4379	0.0177158	120.65	0.809015	0
13.4219	0.0179865	122.082	0.786911	0
13.4548	0.0177952	121.333	0.789631	0
13.457	0.0179074	121.766	0.789631	0
13.4505	0.0178303	121.133	0.78453	0
13.4779	0.0179803	121.566	0.790652	0
13.4841	0.0180156	121.716	0.771608	0
13.4465	0.0182694	122.382	0.779089	0
13.4066	0.0176315	120.317	0.773988	0
13.4224	0.0174718	123.099	0.78419	0
13.4572	0.0179464	122.416	0.799153	0
13.427	0.0179678	122.532	0.808675	0
13.4022	0.018094	121.299	0.78419	0
13.4386	0.0175868	122.915	0.772968	0
13.4516	0.0179988	120.833	0.778069	0
13.4313	0.0177673	122.232	0.796773	0
13.4564	0.0172296	121.799	0.778409	0
13.4576	0.0178692	122.965	0.788271	0
13.4231	0.0176565	120.833	0.789631	0
13.4204	0.0178292	124.182	0.767867	0
13.4509	0.0177828	121.516	0.785551	0
13.445	0.0179013	122.815	0.773308	0
13.423	0.0174005	121.516	0.785891	0
13.4051	0.0177664	121.949	0.775689	0
13.4437	0.0183082	121.383	0.790992	0
13.4645	0.0178292	121.383	0.790312	0
13.4273	0.0176191	122.982	0.776369	0
13.4366	0.0177017	121.816	0.784871	0
13.4424	0.0179345	122.815	0.776369	0
13.4273	0.0174037	122.699	0.802894	0
13.4436	0.0180062	123.832	0.78079	0
13.4527	0.0179884	123.465	0.796773	0
13.4376	0.018219	121.749	0.786231	0
13.4231	0.018045	121.15	0.804254	0
13.4557	0.0180104	122.132	0.789971	0
13.4669	0.0180401	122.849	0.78283	0
13.4258	0.01794	121.399	0.776369	0
13.4361	0.0175593	121.783	0.772288	0
13.4567	0.0178937	120.933	0.798813	0
13.4291	0.0176254	121.799	0.78181	0
13.4299	0.0174337	122.949	0.795753	0
13.4707	0.0176067	122.799	0.794732	0
13.4648	0.0176682	121.583	0.776709	0
13.4341	0.017747	120.766	0.802554	0
13.4492	0.0173946	120.283	0.789291	0
13.4583	0.0176092	122.049	0.794392	0
13.4479	0.0179236	122.199	0.801874	0
13.4461	0.0179488	121.299	0.78215	0
13.4358	0.0179427	122.599	0.785211	0
13.4289	0.0180842	122.032	0.774328	0
13.4245	0.0179691	120.933	0.77977	0
13.421	0.0178521	121.849	0.78249	0
13.4032	0.0177326	121.15	0.790312	0
13.4	0.0176732	121.05	0.793712	0
13.4359	0.0177675	123.798	0.779429	0
13.445	0.0180324	122.449	0.788611	0
13.4343	0.017419	121.783	0.786571	0
13.4689	0.0178683	122.116	0.790312	0
13.4633	0.0182115	123.065	0.803574	0
13.4086	0.018418	120.6	0.777049	0
13.4213	0.0176273	122.899	0.789291	0
13.4717	0.0174545	122.266	0.804254	0
13.4627	0.0175246	120.633	0.786231	0
13.4247	0.0174699	122.399	0.797793	0
13.4107	0.0173184	121.749	0.792352	0
13.4377	0.0176601	121.083	0.805614	0
13.4728	0.0174947	121.183	0.788611	0
13.4583	0.0178532	122.682	0.810375	0
13.4422	0.0180964	122.799	0.802214	0
13.4415	0.0179911	121.916	0.793372	0
13.4275	0.0180247	122.016	0.786571	0
13.4245	0.0180547	122.499	0.774669	0
13.4239	0.0175737	121.849	0.775349	0
13.404	0.0176456	122.382	0.77977	0
13.4031	0.0173922	121.583	0.773988	0
13.4145	0.0180281	122.032	0.801194	0
13.4203	0.0178576	121.616	0.796093	0
13.4466	0.0177339	122.216	0.792352	0
13.4643	0.0176124	122.249	0.788951	0
13.4493	0.0181114	121.999	0.778409	0
13.4467	0.0180661	121.633	0.78385	0
13.461	0.0178925	121.816	0.803234	0
13.4481	0.0178753	122.132	0.776369	0
13.4381	0.0181187	122.482	0.777389	0
13.4158	0.0179259	120.733	0.795753	0
13.4174	0.0183208	121.333	0.768887	0
13.4375	0.0175931	122.449	0.78215	0
13.4408	0.0179615	121.249	0.78079	0
13.434	0.0178968	121	0.78419	0
13.4225	0.0175731	122.582	0.796433	0
13.4363	0.0178611	121.966	0.774328	0
13.4313	0.0179642	122.982	0.793712	0
13.4372	0.0177775	122.199	0.778749	0
13.4436	0.0177304	122.266	0.769228	0
13.4168	0.0176257	122.482	0.800854	0
13.4355	0.0177559	121.016	0.812756	0
13.4447	0.0175331	120.95	0.775009	0
13.4145	0.0178085	121.849	0.78283	0
13.4068	0.0181016	121.816	0.790312	0
13.4205	0.0175604	120.733	0.78283	0
13.4266	0.0181862	121.816	0.790992	0
13.4114	0.0179359	122.532	0.804594	0
13.418	0.0179451	123.015	0.776369	0
13.4121	0.0177303	120.233	0.767527	0
13.4278	0.0176479	122.366	0.785891	0
13.4662	0.0179346	121.399	0.797793	0
13.4373	0.0179704	122.399	0.777389	0
13.4279	0.0174013	121.349	0.78351	0
13.4408	0.0175126	123.582	0.800854	0
13.4558	0.0175036	121.449	0.784871	0
13.4544	0.0178927	121.299	0.796773	0
13.4374	0.0175463	121.949	0.795753	0
13.4552	0.0178563	121.683	0.800854	0
13.4572	0.0183025	121.483	0.798813	0
13.4454	0.0178971	122.915	0.785211	0
13.4607	0.0182566	120.966	0.78317	0
13.4593	0.0181271	121.466	0.790992	0
13.4616	0.0182119	121.333	0.797793	0
13.4274	0.0175685	122.749	0.803914	0
13.4076	0.0177926	120.966	0.788611	0
13.4402	0.0174542	122.516	0.777729	0
13.4551	0.0182113	122.982	0.785551	0
13.4537	0.0183321	121.366	0.762766	0
13.4355	0.0174309	119.983	0.789631	0
13.4134	0.0178284	121.483	0.793712	0
13.4117	0.0177	120.483	0.78317	0
13.4421	0.0175453	121.583	0.78147	0
13.4335	0.0176914	121.716	0.805274	0
13.4089	0.0176754	121.683	0.794052	0
13.4321	0.0180452	121.299	0.792012	0
13.4574	0.0184097	121.899	0.800514	0
13.4382	0.0178882	121.649	0.771948	0
13.416	0.0175614	120.8	0.78147	0
13.437	0.017124	120.816	0.807655	0
13.4469	0.0174915	121.066	0.78147	0
13.4258	0.0184277	121.666	0.789631	0
13.4307	0.0179648	120.117	0.787931	0
13.4558	0.0179371	121.016	0.797453	0
13.4417	0.0176844	121.083	0.786911	0
13.4377	0.0181828	122.249	0.794732	0
13.4394	0.0177422	122.032	0.802894	0
13.4181	0.0177851	122.549	0.797453	0
13.4118	0.017786	120.25	0.790652	0
13.4246	0.0177948	122.616	0.801874	0
13.438	0.0177331	120.4	0.798133	0
13.4343	0.0180236	122.532	0.802894	0
13.4313	0.0176473	121.533	0.764467	0
13.4251	0.0174007	123.215	0.802554	0
13.4288	0.0177165	122.499	0.78317	0
13.4437	0.0177657	121.033	0.78351	0
13.4344	0.0179606	121.283	0.786231	0
13.4229	0.0174002	122.782	0.77977	0
13.4305	0.0176896	121.133	0.793712	0
13.4547	0.0179842	121.816	0.787591	0
13.4437	0.0175562	121.333	0.78045	0
13.4168	0.0173483	121.716	0.795413	0
13.429	0.0183234	121.266	0.796773	0
13.4415	0.0178144	120.516	0.764807	0
13.4444	0.0176548	123.582	0.800854	0
13.4715	0.0178818	121.633	0.78011	0
13.4606	0.0178903	122.599	0.801534	0
13.4427	0.0174126	120.866	0.800514	0
13.436	0.0177195	122.466	0.785551	0
13.4404	0.0178323	121.399	0.764807	0
13.4416	0.0175545	121.416	0.800514	0
13.4168	0.0176228	120.783	0.796773	0
13.4336	0.0179632	122.099	0.771608	0
13.4686	0.0181437	122.099	0.768887	0
13.4441	0.0177991	122.832	0.789631	0
13.4142	0.0178421	121.749	0.787591	0
13.4213	0.0180437	123.199	0.774328	0
13.4345	0.0175794	120.783	0.784871	0
13.463	0.0178888	122.216	0.803234	0
13.4475	0.017979	120.75	0.761066	0
13.4003	0.0181681	121.616	0.795753	0
13.4077	0.0178669	122.932	0.793372	0
13.448	0.0180209	121.466	0.798133	0
13.4385	0.0178816	121.549	0.803234	0
13.4092	0.0178969	123.565	0.805274	0
13.415	0.0180501	122.216	0.799833	0
13.4301	0.0177976	122.832	0.800173	0
13.4349	0.0178796	121.15	0.788271	0
13.4318	0.0171469	121.299	0.797453	0
13.4218	0.0179503	121.799	0.791672	0
13.4237	0.0183021	122.915	0.793032	0
13.4472	0.0182157	121.333	0.787591	0
13.4586	0.0177725	122.682	0.787931	0
13.4503	0.0184245	121.599	0.77977	0
13.4313	0.0178201	121.716	0.793712	0
13.4604	0.0180653	121.399	0.785551	0
13.4671	0.01773	121.433	0.78351	0
13.4075	0.0176525	122.699	0.78215	0
13.412	0.0175862	121.066	0.78249	0
13.4421	0.0177589	121.816	0.77977	0
13.4529	0.0179393	122.199	0.792352	0
13.4577	0.0179128	120.483	0.78249	0
13.4484	0.0172553	122.965	0.789971	0
13.4367	0.0176853	121.716	0.794392	0
13.4174	0.0181393	122.066	0.786911	0
13.4214	0.0178607	123.182	0.78079	0
13.4314	0.0177839	120.966	0.796773	0
13.4392	0.0177892	121.283	0.792352	0
13.4508	0.017714	123.132	0.788271	0
13.4405	0.017322	121.966	0.786231	0
13.4295	0.0177819	122.282	0.790652	0
13.4355	0.0176696	122.316	0.791672	0
13.4657	0.0178399	122.449	0.787591	0
13.4604	0.0178547	121.316	0.784871	0
13.4258	0.0179518	122.116	0.78147	0
13.4255	0.017968	121.816	0.78147	0
13.4307	0.0173117	121.233	0.789631	0
13.4485	0.0181084	122.116	0.789631	0
13.452	0.0179689	121.133	0.809695	0
13.4332	0.017712	123.615	0.790992	0
13.4386	0.0178017	122.466	0.787251	0
13.4442	0.0179842	122.416	0.78351	0
13.426	0.0180154	121.333	0.803914	0
13.4106	0.0180752	120.583	0.798133	0
13.4002	0.0180306	121.416	0.78283	0
13.4075	0.0178017	122.032	0.785891	0
13.4458	0.0178714	121.716	0.808675	0
13.4708	0.0179443	123.332	0.773988	0
13.4472	0.017767	122.499	0.792692	0
13.4125	0.0180169	122.116	0.798133	0
13.4244	0.0176951	122.499	0.778749	0
13.4382	0.0174587	122.316	0.791672	0
13.4406	0.0176185	120.533	0.804254	0
13.4509	0.0180802	122.766	0.801534	0
13.4364	0.017457	121.633	0.787591	0
13.4283	0.0179307	121.866	0.795072	0
13.4286	0.0180711	121.316	0.792692	0
13.4234	0.0174736	120.55	0.792012	0
13.4334	0.0176974	122.482	0.802554	0
13.4465	0.0180013	122.549	0.813096	0
13.4306	0.0174686	121.066	0.78283	0
13.4215	0.017526	121.899	0.78453	0
13.4459	0.017589	121.733	0.78283	0
13.4322	0.0175908	121.083	0.791332	0
13.4335	0.017913	122.332	0.785891	0
13.4525	0.0179966	121.916	0.78385	0
13.4593	0.017299	120.883	0.78283	0
13.4751	0.0181277	121.616	0.78011	0
13.4477	0.0182039	121.116	0.78249	0
13.4103	0.0177444	122.849	0.806635	0
13.4122	0.0177719	121.2	0.797453	0
13.4235	0.0179862	120.733	0.78385	0
13.4352	0.0177124	122.399	0.767527	0
13.4431	0.0177511	122.549	0.801194	0
13.4337	0.0176159	121.766	0.802214	0
13.4378	0.0178772	120.383	0.779089	0
13.447	0.0175594	120.8	0.788951	0
13.4346	0.0176787	123.065	0.804594	0
13.4291	0.0181702	122.399	0.801534	0
13.4321	0.0179156	121.283	0.78011	0
13.4222	0.0179547	122.599	0.790652	0
13.4299	0.0180151	122.199	0.775349	0
13.4312	0.0179014	120.6	0.792352	0
13.4291	0.0182846	122.982	0.775349	0
13.4772	0.0182763	121.649	0.786231	0
13.4786	0.017548	120.833	0.793372	0
13.4379	0.017486	121.216	0.796773	0
13.4223	0.0177692	123.015	0.78385	0
13.4399	0.017699	121.349	0.794732	0
13.4472	0.0181756	120.5	0.779429	0
13.4263	0.0175678	121.583	0.796773	0
13.4263	0.0177832	122.366	0.785891	0
13.4506	0.0177949	119.567	0.797793	0
13.4276	0.0177575	121.233	0.771268	0
13.4302	0.0176057	122.199	0.78419	0
13.4918	0.0180157	121.416	0.774328	0
13.4647	0.0175696	121.899	0.805614	0
13.4237	0.0182438	121.783	0.808675	0
13.4575	0.0174928	123.265	0.777049	0
13.448	0.0177007	122.116	0.78453	0
13.4273	0.0183901	122.699	0.789971	0
13.4412	0.0180058	122.566	0.801874	0
13.438	0.0176938	122.616	0.78317	0
13.4272	0.0181757	121.433	0.788951	0
13.4223	0.017707	121.783	0.78351	0
13.4391	0.0179454	121.249	0.78453	0
13.4527	0.0180924	121.516	0.803914	0
13.4348	0.0177616	123.665	0.786571	0
13.4384	0.0176639	121.999	0.796773	0
13.4575	0.0177568	121.683	0.78113	0
13.428	0.0176347	122.965	0.789631	0
13.4087	0.018111	121.783	0.78419	0
13.4378	0.0180497	121.383	0.793372	0
13.4411	0.0182055	119.567	0.772968	0
13.4324	0.0178069	122.449	0.78385	0
13.4248	0.0174965	122.716	0.788951	0
13.435	0.0179434	121.633	0.789631	0
13.4577	0.0183698	120.866	0.776369	0
13.431	0.0179508	122.499	0.787591	0
13.4285	0.0173882	122.516	0.811396	0
13.4525	0.0178127	121.333	0.793712	0
13.4396	0.0179801	122.116	0.776369	0
13.4346	0.0175736	122.316	0.788271	0
13.464	0.0176529	120.783	0.788951	0
13.463	0.0178466	121.966	0.792012	0
13.4303	0.0175363	121.566	0.794732	0
13.4217	0.0174941	120.766	0.794052	0
13.4348	0.0181852	121.399	0.788611	0
13.4342	0.0175303	121.399	0.775349	0
13.4323	0.0180822	121.866	0.795072	0
13.4387	0.0183064	120.217	0.754945	0
13.4491	0.0181807	121.833	0.813776	0
13.4477	0.0180736	122.466	0.791332	0
13.4342	0.0182312	121.399	0.799833	0
13.4355	0.0178976	120.3	0.792692	0
13.4223	0.0177715	121.716	0.78011	0
13.421	0.0182532	122.549	0.768887	0
13.4597	0.0179053	122.899	0.805955	0
13.4548	0.0177736	120.8	0.818197	0
13.4161	0.0177662	121.533	0.803234	0
13.3975	0.0179043	123.032	0.770588	0
13.4097	0.0176706	122.132	0.804254	0
13.4283	0.0176241	122.199	0.771268	0
13.4422	0.0177435	122.516	0.793712	0
13.4588	0.0179163	121.949	0.796093	0
13.4337	0.0177055	121.083	0.78385	0
13.4331	0.0179391	120.983	0.798813	0
13.4517	0.0183276	120.55	0.771948	0
13.4359	0.0179246	122.849	0.798473	0
13.4354	0.0176931	121.633	0.772628	0
13.445	0.017905	122.716	0.784871	0
13.4482	0.0174635	121.1	0.796093	0
13.435	0.017619	120.55	0.791332	0
13.4271	0.0176869	121.999	0.770248	0
13.3967	0.017683	121.133	0.777049	0
13.407	0.0171041	122.716	0.779429	0
13.4541	0.0179546	120.55	0.772628	0
13.436	0.0180541	121.866	0.788271	0
13.4176	0.0173334	122.249	0.771948	0
13.4242	0.0177476	121.399	0.790652	0
13.4133	0.0177421	123.315	0.793032	0
13.4085	0.0179437	121.949	0.78181	0
13.4391	0.0178297	122.482	0.799833	0
13.4503	0.0181114	122.249	0.803574	0
13.4262	0.0179641	122.749	0.78351	0
13.4404	0.0175918	121.266	0.788271	0
13.4472	0.0176397	120.816	0.776029	0
13.4363	0.0178719	122.282	0.801534	0
13.467	0.0182895	121.533	0.785551	0
13.4604	0.018129	122.766	0.803914	0
13.4311	0.0172984	120.783	0.773308	0
13.4532	0.0179847	120.85	0.806975	0
13.4429	0.0177693	122.782	0.797113	0
13.4488	0.0180866	122.216	0.776709	0
13.4657	0.0178327	121.516	0.790652	0
13.4201	0.0175583	121.1	0.785551	0
13.4186	0.0182004	122.965	0.809355	0
13.4439	0.0174516	121.849	0.809695	0
13.4482	0.0174321	121.983	0.769908	0
13.4334	0.017694	122.049	0.787591	0
13.4466	0.0176833	122.616	0.785211	0
13.4639	0.0178137	122.049	0.800514	0
13.4127	0.0179597	122.266	0.792352	0
13.4265	0.0178421	122.432	0.790652	0
13.4769	0.0178249	122.116	0.800514	0
13.4615	0.0178837	121.183	0.811056	0
13.4342	0.0178602	123.115	0.797453	0
13.4368	0.0179351	121.116	0.788271	0
13.4404	0.0178117	121.333	0.777389	0
13.4511	0.0178788	121.733	0.792012	0
13.4425	0.0177076	122.016	0.786571	0
13.4275	0.0177528	123.249	0.78317	0
13.4459	0.0179102	121.116	0.78317	0
13.443	0.017302	120.65	0.788271	0
13.412	0.0179082	122.016	0.78079	0
13.4324	0.0184038	120.466	0.78079	0
13.4585	0.017742	121.683	0.786911	0
13.4518	0.018313	122.066	0.794392	0
13.441	0.0177573	122.915	0.790992	0
13.4314	0.0179649	121.316	0.767527	0
13.4359	0.0176562	122.532	0.78045	0
13.4363	0.0180147	120.9	0.789971	0
13.4337	0.017781	122.682	0.796093	0
13.4368	0.0172608	121.616	0.778749	0
13.427	0.0173719	121.683	0.808675	0
13.4214	0.0178818	122.499	0.789291	0
13.434	0.0174926	120.866	0.78453	0
13.4234	0.0181189	121.366	0.798473	0
13.421	0.0175678	121.466	0.78113	0
13.4591	0.0177663	123.715	0.797113	0
13.4769	0.0181472	121.183	0.803914	0
13.4272	0.0178718	121.299	0.788271	0
13.4111	0.0179506	122.316	0.795753	0
13.4271	0.0177141	122.382	0.797113	0
13.4166	0.0178557	122.066	0.78419	0
13.428	0.0178683	122.166	0.769568	0
13.442	0.0175167	122.132	0.78453	0
13.4288	0.0181388	120.25	0.788611	0
13.421	0.0173947	122.149	0.770588	0
13.4306	0.0179098	121.999	0.78283	0
13.434	0.0177574	121.116	0.788271	0
13.4463	0.0178922	121.816	0.78317	0
13.4288	0.0177642	121.316	0.797793	0
0	0	0	0	0
0	0	0	0	0
0	0	0	0	0
0	0	0	0	0
0	0	0	0	0
0	0	0	0	0
0	0	0	0	0
0	0	0	0	0
0	0	0	0	0
0	0	0	0	0
0	0	0	0	0
0	0	0	0	0
0	0	0	0	0
0	0	0	0	0
0	0	0	0	0
0	0	0	0	0
0	0	0	0	0
0	0	0	0	0
0	0	0	0	0
0	0	0	0	0
0	0	0	0	0
0	0	0	0	0
0	0	0	0	0
0	0	0	0	0
0	0	0	0	0
0	0	0	0	0
0	0	0	0	0
0	0	0	0	0
0	0	0	0	0
0	0	0	0	0
0	0	0	0	0
0	0	0	0	0
0	0	0	0	0
0	0	0	0	0
0	0	0	0	0
0	0	0	0	0
0	0	0	0	0
0	0	0	0	0
0	0	0	0	0
0	0	0	0	0
0	0	0	0	0
0	0	0	0	0
0	0	0	0	0
0	0	0	0	0
0	0	0	0	0
0	0	0	0	0
0	0	0	0	0
0	0	0	0	0
0	0	0	0	0
0	0	0	0	0
0	0	0	0	0
0	0	0	0	0
0	0	0	0	0
0	0	0	0	0
0	0	0	0	0
0	0	0	0	0
0	0	0	0	0
0	0	0	0	0
0	0	0	0	0
0	0	0	0	0
0	0	0	0	0
0	0	0	0	0
0	0	0	0	0
0	0	0	0	0
0	0	0	0	0
0	0	0	0	0
0	0	0	0	0
0	0	0	0	0
0	0	0	0	0
0	0	0	0	0
0	0	0	0	0
0	0	0	0	0
0	0	0	0	0
0	0	0	0	0
0	0	0	0	0
0	0	0	0	0
0	0	0	0	0
0	0	0	0	0
0	0	0	0	0
0	0	0	0	0
0	0	0	0	0
0	0	0	0	0
0	0	0	0	0
0	0	0	0	0
0	0	0	0	0
0	0	0	0	0
0	0	0	0	0
0	0	0	0	0
0	0	0	0	0
0	0	0	0	0
0	0	0	0	0
0	0	0	0	0
0	0	0	0	0
0	0	0	0	0
0	0	0	0	0
0	0	0	0	0
0	0	0	0	0
0	0	0	0	0
0	0	0	0	0
0	0	0	0	0
0	0	0	0	0
0	0	0	0	0
0	0	0	0	0
0	0	0	0	0
0	0	0	0	0
0	0	0	0	0
0	0	0	0	0
0	0	0	0	0
0	0	0	0	0
0	0	0	0	0
0	0	0	0	0
0	0	0	0	0
0	0	0	0	0
0	0	0	0	0
0	0	0	0	0
0	0	0	0	0
0	0	0	0	0
0	0	0	0	0
0	0	0	0	0
0	0	0	0	0
0	0	0	0	0
0	0	0	0	0
0	0	0	0	0
0	0	0	0	0
0	0	0	0	0
0	0	0	0	0
0	0	0	0	0
0	0	0	0	0
0	0	0	0	0
0	0	0	0	0
0	0	0	0	0
0	0	0	0	0
0	0	0	0	0
0	0	0	0	0
0	0	0	0	0
0	0	0	0	0
0	0	0	0	0
0	0	0	0	0
0	0	0	0	0
0	0	0	0	0
0	0	0	0	0
0	0	0	0	0
0	0	0	0	0
0	0	0	0	0
0	0	0	0	0
0	0	0	0	0
0	0	0	0	0
0	0	0	0	0
0	0	0	0	0
0	0	0	0	0
0	0	0	0	0
0	0	0	0	0
0	0	0	0	0
0	0	0	0	0
0	0	0	0	0
0	0	0	0	0
0	0	0	0	0
0	0	0	0	0
0	0	0	0	0
0	0	0	0	0
0	0	0	0	0
0	0	0	0	0
0	0	0	0	0
0	0	0	0	0
0	0	0	0	0
0	0	0	0	0
0	0	0	0	0
0	0	0	0	0
0	0	0	0	0
0	0	0	0	0
0	0	0	0	0
0	0	0	0	0
0	0	0	0	0
0	0	0	0	0
0	0	0	0	0
0	0	0	0	0
0	0	0	0	0
0	0	0	0	0
0	0	0	0	0
0	0	0	0	0
0	0	0	0	0
0	0	0	0	0
0	0	0	0	0
0	0	0	0	0
0	0	0	0	0
0	0	0	0	0
0	0	0	0	0
0	0	0	0	0
0	0	0	0	0
0	0	0	0	0
0	0	0	0	0
0	0	0	0	0
0	0	0	0	0
0	0	0	0	0
0	0	0	0	0
0	0	0	0	0
0	0	0	0	0
0	0	0	0	0
0	0	0	0	0
0	0	0	0	0
0	0	0	0	0
0	0	0	0	0
0	0	0	0	0
0	0	0	0	0
0	0	0	0	0
0	0	0	0	0
0	0	0	0	0
0	0	0	0	0
0	0	0	0	0
0	0	0	0	0
0	0	0	0	0
0	0	0	0	0
0	0	0	0	0
0	0	0	0	0
0	0	0	0	0
0	0	0	0	0
0	0	0	0	0
0	0	0	0	0
0	0	0	0	0
0	0	0	0	0
0	0	0	0	0
0	0	0	0	0
0	0	0	0	0
0	0	0	0	0
0	0	0	0	0
0	0	0	0	0
0	0	0	0	0
0	0	0	0	0
0	0	0	0	0
0	0	0	0	0
0	0	0	0	0
0	0	0	0	0
0	0	0	0	0
0	0	0	0	0
0	0	0	0	0
0	0	0	0	0
0	0	0	0	0
0	0	0	0	0
0	0	0	0	0
0	0	0	0	0
0	0	0	0	0
0	0	0	0	0
0	0	0	0	0
0	0	0	0	0
0	0	0	0	0
0	0	0	0	0
0	0	0	0	0
0	0	0	0	0
0	0	0	0	0
0	0	0	0	0
0	0	0	0	0
0	0	0	0	0
0	0	0	0	0
0	0	0	0	0
0	0	0	0	0
0	0	0	0	0
0	0	0	0	0
0	0	0	0	0
0	0	0	0	0
0	0	0	0	0
0	0	0	0	0
0	0	0	0	0
0	0	0	0	0
0	0	0	0	0
0	0	0	0	0
0	0	0	0	0
0	0	0	0	0
0	0	0	0	0
0	0	0	0	0
0	0	0	0	0
0	0	0	0	0
0	0	0	0	0
0	0	0	0	0
0	0	0	0	0
0	0	0	0	0
0	0	0	0	0
0	0	0	0	0
0	0	0	0	0
0	0	0	0	0
0	0	0	0	0
0	0	0	0	0
0	0	0	0	0
0	0	0	0	0
0	0	0	0	0
0	0	0	0	0
0	0	0	0	0
0	0	0	0	0
0	0	0	0	0
0	0	0	0	0
0	0	0	0	0
0	0	0	0	0
0	0	0	0	0
0	0	0	0	0
0	0	0	0	0
0	0	0	0	0
0	0	0	0	0
0	0	0	0	0
0	0	0	0	0
0	0	0	0	0
0	0	0	0	0
0	0	0	0	0
0	0	0	0	0
0	0	0	0	0
0	0	0	0	0
0	0	0	0	0
0	0	0	0	0
0	0	0	0	0
0	0	0	0	0
0	0	0	0	0
0	0	0	0	0
0	0	0	0	0
0	0	0	0	0
0	0	0	0	0
0	0	0	0	0
0	0	0	0	0
0	0	0	0	0
0	0	0	0	0
0	0	0	0	0
0	0	0	0	0
0	0	0	0	0
0	0	0	0	0
0	0	0	0	0
0	0	0	0	0
0	0	0	0	0
0	0	0	0	0
0	0	0	0	0
0	0	0	0	0
0	0	0	0	0
0	0	0	0	0
0	0	0	0	0
0	0	0	0	0
0	0	0	0	0
0	0	0	0	0
0	0	0	0	0
0	0	0	0	0
0	0	0	0	0
0	0	0	0	0
0	0	0	0	0
0	0	0	0	0
0	0	0	0	0
0	0	0	0	0
0	0	0	0	0
0	0	0	0	0
0	0	0	0	0
0	0	0	0	0
0	0	0	0	0
0	0	0	0	0
0	0	0	0	0
0	0	0	0	0
0	0	0	0	0
0	0	0	0	0
0	0	0	0	0
0	0	0	0	0
0	0	0	0	0
0	0	0	0	0
0	0	0	0	0
0	0	0	0	0
0	0	0	0	0
0	0	0	0	0
0	0	0	0	0
0	0	0	0	0
0	0	0	0	0
0	0	0	0	0
0	0	0	0	0
0	0	0	0	0
0	0	0	0	0
0	0	0	0	0
0	0	0	0	0
0	0	0	0	0
0	0	0	0	0
0	0	0	0	0
0	0	0	0	0
0	0	0	0	0
0	0	0	0	0
0	0	0	0	0
0	0	0	0	0
0	0	0	0	0
0	0	0	0	0
0	0	0	0	0
0	0	0	0	0
0	0	0	0	0
0	0	0	0	0
0	0	0	0	0
0	0	0	0	0
0	0	0	0	0
0	0	0	0	0
0	0	0	0	0
0	0	0	0	0
0	0	0	0	0
0	0	0	0	0
0	0	0	0	0
0	0	0	0	0
0	0	0	0	0
0	0	0	0	0
0	0	0	0	0
0	0	0	0	0
0	0	0	0	0
0	0	0	0	0
0	0	0	0	0
0	0	0	0	0
