a2610623.050143
Narit-cm 06/01/2026 22:35:01 06/01/2026 23:05:01 0045 0013.384714 0052.542598 00.0 00.0
0002382 0010 0000000 0010 05 0000000 0010 0000000 0010
1 0 1 01600 1 0000 3.75 00000.o 0 0 01 000 16 002382 0.500 BT0
1 2 1 02000 1 0000 3.75 00000.o 0 0 01 000 16 002382 0.500 S2A0
1 1 1 01600 1 0000 3.75 00000.o 0 0 00 000 00 002382 3.1746 BC0
1 3 1 02000 1 0000 3.75 00000.o 0 0 00 000 00 002382 3.1746 S2P0
1 5 0 01600 0 0000 1.00 00000.o 0 0 00 000 00 000000 0.000 OF0
0.000 .o Analog 0 	0.000 .o Analog StErr 0 	0.000 .o Photon Counting 0 	0.000 .o PC StErr 0 	0.000 .o Overflow Info 0 
27.8685	0.156269	178.438	0.879973	0
62.8305	0.345384	195.819	0.87894	0
254.806	2.24378	119.144	1.34835	0
472.615	0.100118	1.32662	0.152455	0
473.457	0	0	0	0
473.457	0	0.0167926	0.016863	0
473.457	6.43272E-6	16.8934	0.544434	0
473.457	6.43272E-6	11.5869	0.478702	0
473.457	6.43272E-6	2.7372	0.255698	0
473.457	0	11.738	0.455645	0
473.457	0	39.4123	0.762276	0
473.457	6.43272E-6	101.377	1.04103	0
473.457	0	156.104	1.00868	0
473.457	0	134.022	1.08577	0
473.457	6.43272E-6	88.5139	0.906816	0
473.457	0	78.0856	0.881694	0
473.457	0	76.9941	0.904407	0
473.457	0	84.4668	0.889609	0
473.457	0	101.259	0.926088	0
473.457	0	116.507	0.929529	0
473.457	6.43272E-6	120.235	0.914043	0
473.457	0	133.585	0.929185	0
473.457	0	156.826	0.926776	0
473.457	0	175.113	0.927465	0
473.457	0	187.842	0.919893	0
473.457	0	195.886	0.896492	0
473.457	0	200.991	0.895115	0
473.457	6.43272E-6	206.65	0.896492	0
473.457	0	203.459	0.887888	0
473.457	0	204.87	0.927809	0
473.457	0	203.661	0.889953	0
473.457	0	202.469	0.885823	0
473.457	0	204.03	0.885823	0
473.457	0	201.511	0.8872	0
473.457	0	202.401	0.881005	0
475.26	0.123359	203.09	0.895115	1
492.61	0.228102	199.547	0.898557	1
499.991	0.00623016	201.36	0.870337	1
500	0	203.123	0.907848	1
500	0	202.25	0.876531	1
499.998	0.00232215	202.099	0.885479	1
499.297	0.071956	202.267	0.866207	1
486.772	0.347309	201.898	0.898557	1
447.211	0.513706	202.368	0.884791	1
402.37	0.508479	201.998	0.876876	0
360.751	0.513346	203.073	0.885479	0
319.628	0.523238	201.746	0.892362	0
279.283	0.518336	201.259	0.864486	0
240.392	0.517235	203.627	0.875499	0
203.525	0.505819	203.157	0.877564	0
169.63	0.476798	201.78	0.892362	0
138.94	0.442786	204.064	0.881005	0
112.152	0.403675	202.888	0.903375	0
89.7595	0.355023	201.024	0.876187	0
71.1921	0.304127	200.873	0.894083	0
55.961	0.255161	199.815	0.879285	0
43.8925	0.211865	198.589	0.904063	0
34.4961	0.173972	196.927	0.871025	0
27.4516	0.139037	195.5	0.860701	0
22.2541	0.110315	194.559	0.872058	0
18.22	0.0877859	193.031	0.860357	0
15.2688	0.0700447	192.04	0.861733	0
13.2693	0.0748116	191.822	0.845559	0
11.8072	0.199521	187.624	0.869304	0
10.5521	0.19845	186.633	0.866895	0
9.6279	0.203205	185.676	0.865863	0
8.65254	0.0318121	183.61	0.846247	1
8.03496	0.0583139	180.991	0.855883	0
7.48281	0.0546795	178.556	0.871025	0
6.98657	0.0252551	175.903	0.850032	1
6.62593	0.0384274	174.106	0.86896	0
6.27213	0.0275737	173.199	0.857259	0
6.02979	0.0225403	170.898	0.85898	1
5.90362	0.0247956	169.404	0.858636	0
5.79469	0.0222034	167.657	0.860701	0
5.6962	0.021183	166.096	0.849688	1
5.62924	0.0214126	163.98	0.851753	0
5.59588	0.0203867	163.795	0.854162	0
5.58888	0.0205403	162.72	0.841773	1
5.56599	0.020355	161.629	0.837643	0
5.55342	0.0200506	159.916	0.860701	0
5.58153	0.0195515	158.556	0.859324	0
5.59747	0.019089	157.582	0.844182	0
5.63105	0.019205	158.757	0.853474	0
5.67984	0.0190304	157.851	0.859324	0
5.7186	0.0191746	155.147	0.860701	0
5.75674	0.018559	152.712	0.847968	0
5.81483	0.0185828	154.895	0.844182	0
5.89093	0.0187824	152.779	0.867584	0
5.93335	0.0185159	151.285	0.833858	0
5.96834	0.0183426	152.309	0.844182	0
6.01368	0.0181582	152.443	0.855195	0
6.07305	0.0180274	151.352	0.84487	0
6.13846	0.017695	150.277	0.853474	0
6.17159	0.0175118	150.63	0.864831	0
6.20863	0.0179391	150.26	0.833514	0
6.27758	0.0176593	148.363	0.85485	0
6.3279	0.0176588	149.924	0.821124	0
6.33985	0.0175041	146.045	0.839708	0
6.37303	0.0172217	148.01	0.855539	0
6.43793	0.0170613	147.003	0.857604	0
6.48502	0.0170341	147.322	0.851065	0
6.49077	0.0172513	147.254	0.847968	0
6.50417	0.0167245	146.599	0.845214	0
6.54471	0.0163177	145.609	0.857604	0
6.55784	0.0165824	145.172	0.844526	0
6.56313	0.0161612	144.148	0.846247	0
6.60016	0.0161788	145.155	0.861733	0
6.61936	0.0160646	143.61	0.863798	0
6.59394	0.0158922	141.847	0.850377	0
6.60726	0.0156195	144.282	0.854506	0
6.64591	0.0158464	140.823	0.843494	0
6.66103	0.0158759	141.024	0.834202	0
6.66479	0.0154814	141.478	0.845214	0
6.65838	0.0153326	138.505	0.856915	0
6.68562	0.016224	138.841	0.836611	0
6.71343	0.0153459	140	0.836267	0
6.69988	0.015394	141.092	0.861389	0
6.70456	0.0150146	138.287	0.87722	0
6.72227	0.015286	137.599	0.855539	0
6.72541	0.0151393	137.078	0.857604	0
6.74112	0.0149517	137.414	0.815274	0
6.76821	0.0148906	137.599	0.823878	0
6.7886	0.0148667	138.657	0.852786	0
6.80101	0.0149971	135.953	0.846935	0
6.80021	0.014881	135.903	0.845214	0
6.82874	0.0145995	135.768	0.831105	0
6.85479	0.0144121	136.558	0.857604	0
6.84921	0.0142748	135.785	0.860701	0
6.85448	0.0145722	134.744	0.850377	0
6.87314	0.0145167	134.123	0.830416	0
6.88841	0.014764	135.382	0.82491	0
6.89109	0.0143584	133.401	0.856571	0
6.86765	0.0140073	133.602	0.843494	0
6.86907	0.0139965	134.492	0.846591	0
6.88909	0.0143278	132.83	0.845559	0
6.88304	0.0138832	133.182	0.851409	0
6.88812	0.0140395	132.359	0.84487	0
6.90058	0.0141352	134.106	0.837643	0
6.90195	0.0140989	132.225	0.847279	0
6.87753	0.0138441	130.915	0.84487	0
6.86207	0.0137632	131.016	0.845903	0
6.88661	0.0135938	130.21	0.866207	0
6.88874	0.0138003	131.05	0.855539	0
6.89303	0.0137479	130.831	0.846935	0
6.88795	0.0135108	129.673	0.862077	0
6.85651	0.0135335	129.353	0.834546	0
6.88071	0.0132849	128.917	0.852441	0
6.8847	0.0128554	129.202	0.828696	0
6.84098	0.012946	128.262	0.848656	0
6.83318	0.0133917	128.346	0.85485	0
6.83893	0.0132393	126.851	0.840741	0
6.82022	0.0131842	127.859	0.836955	0
6.80814	0.0129579	126.381	0.829384	0
6.7894	0.012731	125.424	0.827663	0
6.76965	0.0125546	126.146	0.843838	0
6.76869	0.0126371	126.029	0.847279	0
6.75462	0.0127767	123.61	0.848656	0
6.73031	0.0126696	125.659	0.849344	0
6.72357	0.0127325	124.819	0.846247	0
6.70898	0.0123938	123.661	0.842805	0
6.67951	0.0123043	125.189	0.845559	0
6.67436	0.0124522	121.612	0.836267	0
6.66441	0.012392	122.989	0.847623	0
6.63148	0.0124743	122.586	0.852097	0
6.61771	0.0120958	121.377	0.835234	0
6.61092	0.0121906	121.511	0.837299	0
6.59175	0.0120422	120.285	0.849688	0
6.58903	0.0119381	120.722	0.858292	0
6.5593	0.0119951	119.244	0.861733	0
6.50212	0.0119118	118.875	0.849688	0
6.50235	0.0117612	118.791	0.856571	0
6.50531	0.0115496	117.649	0.852441	0
6.4667	0.0115875	116.507	0.832481	0
6.43053	0.0114433	117.246	0.848312	0
6.41323	0.0112783	116.138	0.863454	0
6.38049	0.0113121	115.315	0.82904	0
6.33407	0.0111138	115.751	0.855539	0
6.3105	0.0110129	113.753	0.828351	0
6.28254	0.0110626	113.199	0.844526	0
6.23309	0.010953	111.671	0.837643	0
6.19821	0.0111337	111.537	0.852441	0
6.18298	0.0108562	111.721	0.835578	0
6.15063	0.0106093	108.934	0.869304	0
6.10682	0.0105535	109.773	0.850721	0
6.07108	0.0103569	108.128	0.817683	0
6.04206	0.0106164	107.439	0.823533	0
6.01139	0.0104312	105.542	0.816306	0
5.98819	0.0102295	107.506	0.843838	0
5.96208	0.0102775	105.172	0.823189	0
5.92937	0.0103951	104.87	0.844182	0
5.90161	0.0101671	103.056	0.822157	0
5.8808	0.0101277	103.375	0.837299	0
5.84905	0.0099377	101.763	0.831449	0
5.82541	0.0101829	102.049	0.837643	0
5.79572	0.00972877	99.4458	0.829728	0
5.75462	0.00979303	99.026	0.844526	0
5.73902	0.00964527	97.9009	0.832137	0
5.72542	0.00965459	98.2872	0.850032	0
5.69658	0.00962335	97.649	0.848656	0
5.6644	0.00958725	96.0537	0.826631	0
5.6359	0.00927789	95.6675	0.84487	0
5.62576	0.00923909	95.2813	0.832825	0
5.60621	0.00941343	94.173	0.82904	0
5.57432	0.00922688	92.8296	0.814586	0
5.5561	0.00934024	93.7364	0.842117	0
5.54844	0.00919078	93.4005	0.816651	0
5.52042	0.00910401	91.419	0.82904	0
5.48657	0.00899563	91.3182	0.835923	0
5.47463	0.00889901	89.7901	0.809079	0
5.45852	0.00889402	89.555	0.846247	0
5.42112	0.00873419	88.1444	0.832825	0
5.4033	0.00900555	87.0361	0.832481	0
5.39528	0.0088211	87.0529	0.823189	0
5.37139	0.0085972	85.8438	0.836267	0
5.3409	0.00877797	85.6927	0.841085	0
5.3248	0.00862431	83.9295	0.831449	0
5.31306	0.00834219	85.4576	0.8108	0
5.2839	0.0083863	81.8808	0.818715	0
5.25229	0.0083689	81.8808	0.834202	0
5.23743	0.00827799	80.8228	0.836611	0
5.22702	0.00849513	79.5802	0.841773	0
5.20788	0.00826802	80.2183	0.834202	0
5.18672	0.00829768	79.9328	0.82491	0
5.17608	0.00806164	78.6734	0.817339	0
5.15932	0.00808324	79.3115	0.817683	0
5.13574	0.00790398	77.4307	0.833514	0
5.11317	0.00803828	75.1973	0.823533	0
5.09325	0.0078789	75.2981	0.819748	0
5.08397	0.00811166	75.1637	0.81493	0
5.06868	0.00777598	72.5105	0.807359	0
5.04348	0.00766039	74.089	0.832825	0
5.03201	0.00777834	72.0907	0.820436	0
5.01929	0.00757709	72.1746	0.806326	0
4.99513	0.00748125	71.0831	0.796002	0
4.97905	0.00745145	70.932	0.781892	0
4.96984	0.00727311	69.6054	0.810112	0
4.96552	0.00759376	71.3518	0.810456	0
4.95598	0.00744233	69.555	0.821124	0
4.9385	0.00734138	69.3031	0.793249	0
4.91436	0.0071929	67.0361	0.811833	0
4.89045	0.00708328	67.1201	0.77673	0
4.88655	0.00701167	66.7674	0.805638	0
4.88546	0.00730652	66.3644	0.803573	0
4.86178	0.00711826	65.1721	0.798411	0
4.84363	0.00701029	64.6683	0.773633	0
4.83683	0.00703326	63.0563	0.800132	0
4.82192	0.0068899	64.5844	0.805638	0
4.80169	0.00701121	60.1343	0.771224	0
4.78904	0.00687513	62.2838	0.794281	0
4.7855	0.0069096	62.4181	0.788087	0
4.77476	0.00697143	61.0915	0.786366	0
4.76415	0.00677359	60.487	0.775009	0
4.75723	0.00675803	60.9572	0.778451	0
4.75578	0.0068175	61.5617	0.783957	0
4.75368	0.00667434	60.6381	0.780171	0
4.73259	0.00669384	60.0336	0.786022	0
4.72147	0.00667539	59.6977	0.777074	0
4.71778	0.00676906	59.4962	0.788431	0
4.7055	0.00669416	59.3283	0.783957	0
4.6934	0.00664736	58.5055	0.775698	0
4.6857	0.0064362	58.0185	0.784989	0
4.68242	0.00648963	58.2536	0.771568	0
4.67549	0.00653157	56.2888	0.756081	0
4.65746	0.00655967	56.3056	0.777074	0
4.65193	0.00641697	55.4156	0.757802	0
4.64784	0.00634594	54.8615	0.763997	0
4.62436	0.00640601	53.8539	0.760211	0
4.61021	0.00636715	54.895	0.758146	0
4.6074	0.00629179	53.7867	0.763308	0
4.59207	0.00613793	52.6952	0.743348	0
4.5817	0.00612454	52.1579	0.776386	0
4.58503	0.0061057	53.1822	0.760899	0
4.58573	0.00609533	51.0327	0.752296	0
4.57327	0.00610032	51.8388	0.754705	0
4.56045	0.00614712	51.6541	0.756426	0
4.55093	0.00592572	50.9992	0.731991	0
4.53313	0.00594055	50.0588	0.759867	0
4.52744	0.00591751	50.7137	0.752984	0
4.51955	0.00588364	48.7322	0.720635	0
4.49882	0.00577645	48.7154	0.765029	0
4.49659	0.00585253	48.8497	0.760211	0
4.48758	0.00575341	46.6163	0.727173	0
4.467	0.00568928	46.3644	0.735089	0
4.46558	0.00551192	46.9689	0.724764	0
4.4655	0.00561878	45.3904	0.728894	0
4.44913	0.00559601	46.0621	0.734745	0
4.43401	0.00551599	43.8791	0.719946	0
4.42426	0.00561242	44.3493	0.726141	0
4.41686	0.0053538	44.3661	0.740251	0
4.41008	0.0054747	43.3417	0.725109	0
4.40672	0.00532905	43.9966	0.718914	0
4.40151	0.00534677	42.4517	0.715128	0
4.38695	0.00545291	41.6961	0.704116	0
4.37839	0.00537283	42.0487	0.726829	0
4.36375	0.00522475	41.2259	0.712031	0
4.35098	0.00518392	39.8489	0.700674	0
4.35676	0.00514565	40.806	0.702395	0
4.35274	0.00527923	40.403	0.710655	0
4.32981	0.00509353	39.7313	0.693448	0
4.32356	0.00503623	39.2443	0.693103	0
4.32899	0.0050082	37.9177	0.692071	0
4.32489	0.00506288	39.597	0.708934	0
4.31884	0.00513909	38.3207	0.685188	0
4.30417	0.00504831	37.162	0.683812	0
4.29257	0.00494624	37.2796	0.683123	0
4.28831	0.00490239	37.3132	0.680714	0
4.28229	0.00492156	35.5164	0.686565	0
4.26926	0.0047738	36.843	0.66454	0
4.25546	0.00471722	34.492	0.667293	0
4.248	0.00470586	34.005	0.664195	0
4.24582	0.00469319	35.2645	0.673487	0
4.24291	0.00456054	34.5256	0.662819	0
4.23421	0.00465926	34.1898	0.67624	0
4.22558	0.00456027	33.0647	0.662819	0
4.21716	0.00450822	33.5516	0.643203	0
4.21007	0.00441272	31.2678	0.633911	0
4.20792	0.00453461	31.6709	0.625307	0
4.20783	0.00445289	32.1411	0.648021	0
4.19807	0.00447927	31.3182	0.645612	0
4.19044	0.00428354	31.5869	0.632534	0
4.18651	0.0043136	31.1167	0.643547	0
4.17619	0.00420575	30.3946	0.645956	0
4.17208	0.00429318	30.7641	0.644235	0
4.17014	0.00427284	30.3275	0.630814	0
4.16047	0.00423411	29.3031	0.623242	0
4.151	0.0042391	28.9169	0.624963	0
4.15052	0.00418803	29.7061	0.635976	0
4.15039	0.00412055	28.9169	0.611542	0
4.14076	0.00401336	28.2788	0.613951	0
4.14026	0.00411589	29.2527	0.621178	0
4.14088	0.00413493	28.6146	0.630125	0
4.13524	0.00410289	27.8421	0.609821	0
4.12516	0.00400693	26.7338	0.596055	0
4.11977	0.00405183	27.3216	0.588484	0
4.1115	0.00390473	26.2804	0.597432	0
4.10265	0.00398343	25.8102	0.606379	0
4.10867	0.00410867	27.1033	0.616704	0
4.10751	0.00396623	26.2301	0.593646	0
4.09104	0.00383928	25.2729	0.583666	0
4.09182	0.00383784	26.1629	0.599841	0
4.09575	0.00387992	25.6759	0.600185	0
4.0848	0.00383305	25.2561	0.60397	0
4.08527	0.00386278	25.8438	0.590205	0
4.08416	0.00372822	25.1385	0.589516	0
4.07532	0.00379787	24.3661	0.585043	0
4.07775	0.00385353	24.4165	0.581945	0
4.08004	0.00384552	25.021	0.594679	0
4.07311	0.00389088	24.45	0.583666	0
4.06251	0.00372671	24.8531	0.586419	0
4.0603	0.0037235	23.9463	0.579536	0
4.05484	0.00350852	23.3753	0.55579	0
4.04566	0.00364912	22.8883	0.562329	0
4.04745	0.0036952	22.8715	0.579536	0
4.05243	0.00375802	23.2074	0.570589	0
4.05011	0.00364873	22.8212	0.54409	0
4.04915	0.00373912	23.7615	0.570589	0
4.05344	0.00383554	23.9295	0.585387	0
4.04589	0.00365247	22.0655	0.552349	0
4.03697	0.00355933	23.5097	0.569212	0
4.0363	0.00360652	22.0655	0.559232	0
4.03214	0.00365575	22.5525	0.55407	0
4.02416	0.00350596	21.2762	0.542369	0
4.01992	0.00359176	22.0823	0.560264	0
4.01739	0.00355985	20.6381	0.547187	0
4.01398	0.00348739	21.8136	0.544434	0
4.01069	0.00343671	20.6885	0.545466	0
4.00761	0.00350249	20.4702	0.548563	0
4.00616	0.00352264	22.5693	0.561985	0
4.00359	0.00345024	20.7389	0.545466	0
3.99171	0.00329283	19.3787	0.512084	0
3.98698	0.00339136	19.6474	0.523097	0
3.98344	0.0032178	19.0596	0.528947	0
3.98261	0.0033244	19.2947	0.536518	0
3.98816	0.00321879	18.8245	0.514837	0
3.98725	0.00343048	20.2015	0.543745	0
3.97765	0.00332486	18.3543	0.518623	0
3.97445	0.00331298	18.7573	0.528259	0
3.97935	0.00327576	19.3283	0.527571	0
3.97396	0.00332913	18.8245	0.521376	0
3.96383	0.00324603	18.5558	0.528603	0
3.95973	0.00324255	17.33	0.50589	0
3.95857	0.00320409	18.623	0.521032	0
3.95567	0.00316444	18.2032	0.514149	0
3.95283	0.00318288	17.7834	0.505201	0
3.9503	0.00320514	17.0445	0.493156	0
3.94435	0.00306092	16.2552	0.485929	0
3.94623	0.00303185	18.1864	0.513461	0
3.951	0.0031435	17.9177	0.513461	0
3.94607	0.00318932	16.3392	0.489027	0
3.9401	0.00305265	16.4903	0.500728	0
3.94328	0.00312158	17.1788	0.514837	0
3.94161	0.0030667	16.2217	0.493845	0
3.93846	0.00305016	16.8934	0.502448	0
3.9402	0.00313877	16.356	0.504513	0
3.93379	0.00307694	16.4736	0.497974	0
3.9256	0.0030008	15.4156	0.479391	0
3.92919	0.00304307	16.4903	0.488338	0
3.92972	0.00306401	16.0873	0.484209	0
3.92261	0.00302758	15.6339	0.469411	0
3.92308	0.0030541	15.7179	0.474573	0
3.92027	0.0030325	15.1134	0.483176	0
3.91505	0.00295984	15.2645	0.478014	0
3.91571	0.0030132	15.5332	0.487994	0
3.9157	0.00288875	14.8447	0.470787	0
3.9126	0.00286387	14.9622	0.462184	0
3.91184	0.00288383	15.2477	0.479735	0
3.91093	0.00291389	14.8279	0.475605	0
3.90744	0.00289899	14.8783	0.471131	0
3.90303	0.00287136	15.0126	0.474573	0
3.90225	0.00287562	14.7943	0.47354	0
3.89992	0.00291402	14.6935	0.470787	0
3.89579	0.00280506	14.7271	0.480423	0
3.9005	0.00290569	14.895	0.476982	0
3.89723	0.00282088	14.4081	0.461495	0
3.88974	0.00282429	13.9882	0.46356	0
3.8916	0.00282882	14.089	0.465969	0
3.89236	0.00279804	14.2737	0.470443	0
3.89102	0.00281327	14.4752	0.475605	0
3.8903	0.00283315	13.9211	0.446353	0
3.8878	0.00283092	13.686	0.465969	0
3.8869	0.00279521	13.9043	0.45771	0
3.88732	0.00283112	14.4752	0.472852	0
3.88362	0.00278878	13.9715	0.457366	0
3.87725	0.0027937	13.9547	0.459086	0
3.87648	0.00271572	13.5348	0.452203	0
3.87828	0.00274986	13.4005	0.447041	0
3.87533	0.00277683	13.5181	0.458398	0
3.87185	0.00268244	13.7364	0.449794	0
3.87124	0.00270916	12.9975	0.451515	0
3.87173	0.00274815	13.2158	0.457366	0
3.87001	0.00271553	13.0647	0.461151	0
3.86642	0.00262133	12.6784	0.440503	0
3.87007	0.00275124	13.283	0.44945	0
3.87379	0.00267844	13.1486	0.446697	0
3.86701	0.00269767	12.5441	0.421919	0
3.85999	0.0025572	12.1579	0.425016	0
3.86162	0.00267234	13.0479	0.446697	0
3.86368	0.00268592	13.0311	0.439814	0
3.8601	0.00268041	12.2754	0.425704	0
3.85591	0.00259357	12.9135	0.442223	0
3.85315	0.00255136	12.4265	0.430178	0
3.85161	0.00254427	11.9228	0.436717	0
3.85139	0.00257033	12.4433	0.437405	0
3.85457	0.00260039	12.9639	0.4436	0
3.85492	0.00260066	12.3929	0.431899	0
3.84985	0.00261864	12.0235	0.432931	0
3.84847	0.00257991	11.4022	0.420886	0
3.84841	0.00253535	12.3258	0.432243	0
3.84606	0.00249314	12.1075	0.428458	0
3.84331	0.00254493	11.6373	0.423984	0
3.84142	0.00250102	11.419	0.41538	0
3.83879	0.00244516	11.2678	0.418822	0
3.84199	0.00255556	11.5701	0.421575	0
3.84237	0.00256784	12.1411	0.428802	0
3.83911	0.00255674	11.2846	0.407465	0
3.83543	0.00250331	11.8052	0.427425	0
3.83417	0.00249708	11.5197	0.429146	0
3.83533	0.00256803	12.0235	0.434308	0
3.83699	0.0025188	11.2343	0.418477	0
3.83528	0.00251506	11.2007	0.412971	0
3.83163	0.00248329	11.1839	0.42364	0
3.83114	0.00245185	10.848	0.408153	0
3.82987	0.00246852	10.848	0.411595	0
3.82979	0.00248001	11.2007	0.408842	0
3.82587	0.00240722	10.361	0.399894	0
3.8191	0.0023849	10.1763	0.396797	0
3.81808	0.00232766	10.1092	0.396108	0
3.81676	0.002319	10.2771	0.396452	0
3.8159	0.00229871	10.7137	0.409186	0
3.81495	0.00235247	9.97481	0.384407	0
3.8141	0.00232569	10.7473	0.412283	0
3.81726	0.00244122	10.361	0.405056	0
3.81896	0.00241542	11.3182	0.419166	0
3.81635	0.00236186	9.87406	0.394043	0
3.81299	0.00233107	10.2099	0.394043	0
3.8144	0.00231407	9.92443	0.393355	0
3.81318	0.00235031	10.2435	0.398173	0
3.81283	0.00239048	10.0084	0.389225	0
3.81402	0.00232247	10.3442	0.401959	0
3.81096	0.00228893	9.60537	0.383375	0
3.80808	0.00231978	10.3778	0.393011	0
3.81084	0.00235963	9.62217	0.384063	0
3.80863	0.00231125	10.4786	0.396108	0
3.80126	0.00230541	9.21914	0.386128	0
3.80067	0.00229609	9.50462	0.387849	0
3.80462	0.00230521	9.58858	0.390946	0
3.80358	0.00223058	9.84047	0.391634	0
3.80166	0.00231781	9.18556	0.377525	0
3.80032	0.00220977	9.40386	0.378557	0
3.80146	0.00227279	9.9916	0.397485	0
3.80039	0.0022892	9.33669	0.386128	0
3.79619	0.00220787	9.555	0.387161	0
3.79689	0.00229648	9.0848	0.37718	0
3.79166	0.00227791	8.79933	0.376492	0
3.78275	0.00217583	8.06045	0.360662	0
3.78243	0.00213422	8.26196	0.357908	0
3.77842	0.00213258	7.57347	0.35137	0
3.77296	0.00210796	7.23762	0.343799	0
3.77332	0.00200044	8.06045	0.356876	0
3.77325	0.00201633	7.77498	0.353435	0
3.76963	0.00196841	6.83459	0.326247	0
3.76338	0.00190678	6.73384	0.321085	0
3.76183	0.00185807	6.48195	0.320053	0
3.76476	0.00195633	6.68346	0.32728	0
3.76305	0.00187573	6.17968	0.311105	0
3.75926	0.00184514	6.70025	0.326591	0
3.7581	0.00185525	5.77666	0.303534	0
3.75874	0.00190481	6.49874	0.324871	0
3.75961	0.00192312	6.34761	0.319709	0
3.75398	0.00183103	5.87741	0.306287	0
3.74521	0.00174235	5.03778	0.281165	0
3.74234	0.00172016	4.97061	0.281509	0
3.74224	0.00171747	4.98741	0.282885	0
3.7404	0.00172069	5.07137	0.281853	0
3.74068	0.00172436	4.68514	0.272905	0
3.74255	0.00175449	4.80269	0.279788	0
3.74205	0.00175738	5.54156	0.296651	0
3.74363	0.00172863	4.90344	0.282197	0
3.74087	0.00168734	4.83627	0.275658	0
3.73726	0.00162912	4.90344	0.278067	0
3.73646	0.00164225	4.60118	0.272217	0
3.73832	0.0016924	4.97061	0.283574	0
3.73795	0.00168281	4.98741	0.280132	0
3.73459	0.00160339	4.65155	0.271184	0
3.73125	0.00164008	4.29891	0.265678	0
3.72734	0.00159026	4.50042	0.276002	0
3.72231	0.00151287	3.69437	0.244341	0
3.72074	0.00149364	3.71117	0.244685	0
3.72081	0.00152364	3.8623	0.249159	0
3.7184	0.00145084	3.25777	0.229199	0
3.71636	0.00144533	3.15701	0.229887	0
3.71729	0.0014064	3.25777	0.232985	0
3.7181	0.00144756	3.22418	0.235394	0
3.71919	0.0014494	3.45928	0.234017	0
3.72	0.00147854	3.50966	0.237803	0
3.71828	0.00141028	2.70361	0.21268	0
3.7179	0.001458	3.87909	0.252945	0
3.71777	0.00143253	3.39211	0.231952	0
3.71353	0.0013833	2.75399	0.208895	0
3.71427	0.00137962	3.42569	0.240212	0
3.71597	0.00140673	3.34173	0.234017	0
3.71322	0.00141605	3.08984	0.224037	0
3.71129	0.00138651	2.87154	0.218186	0
3.71164	0.00134083	2.70361	0.207174	0
3.71062	0.00132521	2.93871	0.221628	0
3.7114	0.00139459	3.07305	0.224725	0
3.71311	0.00136676	3.02267	0.224381	0
3.71099	0.00134523	3.25777	0.229199	0
3.71052	0.00134903	2.90512	0.220595	0
3.71124	0.00136131	3.10663	0.224381	0
3.71066	0.00139209	2.51889	0.203388	0
3.70747	0.0013512	2.75399	0.213024	0
3.70708	0.00130072	2.68682	0.210615	0
3.70704	0.00131845	2.88833	0.217498	0
3.70687	0.00131214	2.90512	0.219219	0
3.70781	0.00136301	3.35852	0.238147	0
3.70946	0.00135474	3.00588	0.218875	0
3.70647	0.00135258	2.78757	0.209927	0
3.7049	0.00134208	3.12343	0.232296	0
3.70632	0.00136708	2.93871	0.225413	0
3.70486	0.00133538	2.60285	0.207862	0
3.70394	0.00134359	2.82116	0.217842	0
3.70536	0.00134811	2.70361	0.220251	0
3.70488	0.00134483	2.67003	0.21268	0
3.705	0.00136374	2.65323	0.20683	0
3.70475	0.00132501	2.55248	0.203044	0
3.70372	0.00134765	2.88833	0.217498	0
3.70208	0.00128366	2.36776	0.193408	0
3.70051	0.00130972	2.68682	0.211992	0
3.70046	0.00130394	2.41814	0.205109	0
3.69945	0.00131063	2.67003	0.209927	0
3.69955	0.00130663	2.87154	0.21681	0
3.69917	0.00126285	2.58606	0.203044	0
3.70182	0.00135494	3.08984	0.225069	0
3.70154	0.00132101	2.65323	0.208206	0
3.6978	0.00129705	2.65323	0.204077	0
3.69887	0.00131313	2.68682	0.209239	0
3.69772	0.00131234	2.65323	0.209583	0
3.69874	0.00133879	2.75399	0.215433	0
3.69869	0.00133275	2.68682	0.210615	0
3.69663	0.00126784	2.25021	0.194785	0
3.6969	0.00132389	2.53568	0.20683	0
3.69786	0.00129862	2.46851	0.19857	0
3.69769	0.00131904	2.48531	0.204765	0
3.6984	0.00135855	2.7372	0.208206	0
3.69331	0.00127197	1.78002	0.172415	0
3.6929	0.00120502	2.03191	0.183084	0
3.69575	0.00127873	2.67003	0.211304	0
3.69483	0.0012274	2.18304	0.189278	0
3.69373	0.00130794	2.40134	0.198914	0
3.69529	0.0012704	2.43493	0.198914	0
3.69415	0.00124959	2.45172	0.203732	0
3.69426	0.00125786	2.45172	0.198226	0
3.6923	0.00117089	1.89757	0.175857	0
3.69231	0.00124545	2.30059	0.193752	0
3.6931	0.00124591	2.38455	0.19857	0
3.69035	0.00121953	2.18304	0.187558	0
3.69015	0.00121854	2.31738	0.194441	0
3.69323	0.0012555	2.51889	0.210271	0
3.69215	0.00128602	2.21662	0.192032	0
3.68958	0.00123987	2.11587	0.186525	0
3.68977	0.00124263	2.19983	0.189967	0
3.69262	0.00129055	2.5021	0.201323	0
3.6922	0.00129436	2.36776	0.199259	0
3.6889	0.0012406	2.31738	0.197194	0
3.68939	0.00120456	2.30059	0.195129	0
3.6914	0.00121296	2.25021	0.190311	0
3.6924	0.00123141	2.2838	0.194441	0
3.69056	0.00124224	2.14945	0.190999	0
3.68945	0.00121171	2.08228	0.183772	0
3.6918	0.00125169	2.23342	0.195473	0
3.69079	0.00125825	2.09908	0.18274	0
3.68907	0.00123863	2.31738	0.194441	0
3.68885	0.00124046	2.41814	0.203732	0
3.68779	0.00122445	2.14945	0.187902	0
3.68698	0.00124847	2.14945	0.187902	0
3.68838	0.00126521	2.40134	0.202012	0
3.68859	0.00129547	2.19983	0.186869	0
3.68625	0.00124125	2.21662	0.188934	0
3.68323	0.00115986	1.98153	0.179298	0
3.68348	0.00115999	1.84719	0.173792	0
3.6861	0.0011953	2.25021	0.190311	0
3.688	0.00120614	2.53568	0.204077	0
3.68765	0.00121093	2.23342	0.19272	0
3.68569	0.00120922	2.35097	0.194096	0
3.68402	0.00116268	2.08228	0.183772	0
3.68357	0.00113439	1.96474	0.180331	0
3.68312	0.00114653	2.01511	0.182396	0
3.68319	0.00115894	1.93115	0.178954	0
3.6821	0.00114063	1.91436	0.176545	0
3.68232	0.00111227	1.88077	0.175169	0
3.68463	0.00125372	2.43493	0.198914	0
3.68486	0.00121336	2.03191	0.189278	0
3.68219	0.00120712	2.0487	0.182396	0
3.68178	0.00117555	2.08228	0.185149	0
3.68384	0.00121171	2.25021	0.193408	0
3.6825	0.00117909	1.83039	0.17448	0
3.68069	0.00115192	2.01511	0.179298	0
3.68174	0.00119307	1.98153	0.18274	0
3.68053	0.00115362	1.84719	0.179987	0
3.67953	0.00113807	1.93115	0.178954	0
3.68133	0.00118369	2.11587	0.185149	0
3.6803	0.00118257	1.69605	0.165188	0
3.6769	0.00113242	1.8136	0.173792	0
3.67742	0.00113255	1.54492	0.163124	0
3.67922	0.00116019	1.84719	0.175169	0
3.67845	0.00113465	2.11587	0.186525	0
3.67646	0.00110446	1.72964	0.168286	0
3.6761	0.00108962	1.3602	0.152455	0
3.67517	0.00108089	1.54492	0.159682	0
3.6769	0.0011101	1.71285	0.167597	0
3.67692	0.00111647	1.66247	0.166909	0
3.67387	0.00107262	1.1419	0.136625	0
3.67458	0.00105385	1.56171	0.162435	0
3.67708	0.00106632	1.72964	0.170006	0
3.67636	0.00108818	1.66247	0.165188	0
3.67395	0.00108083	1.49454	0.155552	0
3.67378	0.00103134	1.20907	0.14041	0
3.67472	0.00107157	1.76322	0.171727	0
3.67375	0.00103291	1.29303	0.146949	0
3.67153	0.00102727	1.46096	0.155552	0
3.67026	0.00100843	1.04114	0.132495	0
3.67036	0.00100698	1.39379	0.152111	0
3.673	0.00103731	1.52813	0.158994	0
3.6732	0.00103711	1.41058	0.154864	0
3.67174	0.00100521	1.30982	0.145916	0
3.67306	0.00104781	1.44416	0.152799	0
3.67386	0.00104998	1.44416	0.154864	0
3.67213	0.00104105	1.52813	0.160715	0
3.67011	0.00100469	1.17548	0.14041	0
3.66979	0.000999632	1.22586	0.143163	0
3.67061	0.00104873	1.22586	0.143163	0
3.67016	0.00103567	1.17548	0.138345	0
3.66925	0.000957031	0.856423	0.118729	0
3.66948	0.000980137	1.30982	0.147981	0
3.67046	0.00101978	1.15869	0.139378	0
3.66975	0.000978167	1.30982	0.147981	0
3.66783	0.000982106	1.02435	0.129398	0
3.66929	0.000998319	1.19228	0.141443	0
3.66951	0.000976133	1.19228	0.141443	0
3.66923	0.000980399	1.20907	0.14041	0
3.66868	0.00101027	1.29303	0.144884	0
3.66925	0.0010167	1.32662	0.146949	0
3.66816	0.000979218	1.09152	0.133527	0
3.66706	0.000966155	1.22586	0.145228	0
3.67057	0.00100902	1.34341	0.149702	0
3.67191	0.00107499	1.52813	0.160715	0
3.66866	0.000987226	1.15869	0.139378	0
3.66591	0.000973507	1.10831	0.13456	0
3.66773	0.000991952	1.27624	0.144196	0
3.66902	0.00105917	1.42737	0.155897	0
3.66853	0.00102254	1.34341	0.147637	0
3.66846	0.00102536	1.29303	0.144884	0
3.66711	0.000973573	0.923594	0.123203	0
3.66729	0.00101801	1.39379	0.152111	0
3.66733	0.00103514	1.22586	0.143163	0
3.66684	0.00100541	1.07473	0.132495	0
3.66528	0.00100088	1.3602	0.14867	0
3.66546	0.000944625	0.940386	0.128709	0
3.66538	0.00100344	1.22586	0.141443	0
3.66652	0.000997269	1.22586	0.141443	0
3.66662	0.000974492	1.1419	0.13869	0
3.6666	0.00102195	1.24265	0.144196	0
3.66511	0.00100344	1.09152	0.133527	0
3.66469	0.00100377	1.19228	0.141443	0
3.66436	0.000983222	0.940386	0.124236	0
3.66447	0.000999107	1.20907	0.14041	0
3.66584	0.000980859	1.00756	0.128365	0
3.66609	0.000981187	1.25945	0.145228	0
3.66501	0.000983484	0.822838	0.11632	0
3.66496	0.000984994	1.10831	0.136625	0
3.66563	0.00101269	1.10831	0.136625	0
3.66592	0.000996678	1.17548	0.14041	0
3.6653	0.000962808	1.04114	0.13043	0
3.66483	0.000958344	0.990764	0.129742	0
3.66481	0.000961364	1.15869	0.139378	0
3.66354	0.000942328	1.10831	0.13456	0
3.66395	0.000964646	0.990764	0.129742	0
3.66436	0.000967993	1.1251	0.135592	0
3.66449	0.00100659	1.17548	0.14041	0
3.66228	0.000972391	1.1251	0.137657	0
3.66143	0.000999763	0.806045	0.115288	0
3.66214	0.00094561	1.02435	0.131807	0
3.66287	0.000968912	0.873216	0.122171	0
3.66399	0.000982434	1.02435	0.133872	0
3.66402	0.000981056	0.973971	0.128709	0
3.66145	0.000957885	1.04114	0.13043	0
3.66178	0.000968978	0.873216	0.119762	0
3.66291	0.000949417	0.940386	0.124236	0
3.66198	0.000946988	0.973971	0.130774	0
3.66301	0.00096865	1.1251	0.135592	0
3.66362	0.00100245	1.04114	0.13043	0
3.66126	0.000949811	0.789253	0.113911	0
3.66205	0.000945282	1.1419	0.13869	0
3.66393	0.000981646	1.17548	0.14041	0
3.66172	0.000923489	0.873216	0.12458	0
3.66137	0.000935961	0.806045	0.117697	0
3.66401	0.000930972	1.20907	0.14041	0
3.66324	0.000962348	1.07473	0.136625	0
3.66278	0.000944625	1.02435	0.129398	0
3.66292	0.000970881	1.15869	0.139378	0
3.66255	0.000962611	0.906801	0.122171	0
3.6618	0.00102352	1.05793	0.131463	0
3.66282	0.000959985	1.05793	0.131463	0
3.66232	0.000945085	0.973971	0.1263	0
3.65938	0.000903863	0.822838	0.118729	0
3.65985	0.00092874	0.890008	0.120794	0
3.66123	0.000939899	0.940386	0.124236	0
3.66011	0.000925065	0.957179	0.125268	0
3.659	0.000936158	0.990764	0.127333	0
3.66058	0.000945544	0.973971	0.1263	0
3.66043	0.00094922	1.07473	0.13456	0
3.65996	0.000943181	1.00756	0.128365	0
3.65986	0.000973507	0.990764	0.131807	0
3.6604	0.000927559	0.856423	0.118729	0
3.66095	0.000949417	1.04114	0.134904	0
3.65964	0.00089999	0.688497	0.109093	0
3.65917	0.00089382	0.873216	0.122171	0
3.65989	0.000929266	0.940386	0.124236	0
3.65896	0.000891391	0.671704	0.105308	0
3.65795	0.000904257	0.940386	0.1263	0
3.65918	0.000899859	0.755668	0.111502	0
3.65906	0.000897758	0.822838	0.118729	0
3.65853	0.000891588	0.806045	0.115288	0
3.65938	0.000901959	0.806045	0.117697	0
3.66	0.000911608	0.822838	0.11632	0
3.65949	0.000910558	0.839631	0.117353	0
3.66021	0.000905898	0.906801	0.122171	0
3.66036	0.000921783	0.789253	0.113911	0
3.6595	0.000885155	0.755668	0.114255	0
3.65901	0.000880036	0.806045	0.115288	0
3.65841	0.000881414	0.503778	0.0942951	0
3.65781	0.000885746	0.839631	0.117353	0
3.6587	0.000917122	0.873216	0.119762	0
3.65776	0.000904125	0.587741	0.0987689	0
3.65793	0.000947645	1.15869	0.137313	0
3.65855	0.000933335	0.890008	0.120794	0
3.65635	0.0009143	0.70529	0.107717	0
3.65778	0.000926574	0.822838	0.11632	0
3.65857	0.000902813	0.906801	0.122171	0
3.65779	0.000933532	0.839631	0.119762	0
3.65808	0.000952765	0.873216	0.119762	0
3.65937	0.000941475	1.05793	0.131463	0
3.65983	0.000910886	0.738875	0.11047	0
3.65763	0.000924539	0.755668	0.111502	0
3.65754	0.000892835	0.755668	0.114255	0
3.65742	0.000894739	0.738875	0.112879	0
3.65731	0.000862575	0.722082	0.109093	0
3.65653	0.000900581	0.890008	0.120794	0
3.65764	0.000898612	0.688497	0.106684	0
3.65715	0.000904585	0.906801	0.126645	0
3.65692	0.000870255	0.722082	0.109093	0
3.65665	0.000903206	0.755668	0.111502	0
3.65675	0.000895855	0.688497	0.106684	0
3.6571	0.000861788	0.77246	0.117697	0
3.65793	0.000912462	0.940386	0.1263	0
3.65836	0.000884827	0.923594	0.127677	0
3.65754	0.00088253	0.638119	0.102555	0
3.65834	0.00090406	0.755668	0.111502	0
3.65629	0.000872356	0.621327	0.101522	0
3.65562	0.000869664	0.77246	0.112879	0
3.65712	0.000883646	0.671704	0.108061	0
3.65732	0.000862641	0.604534	0.100146	0
3.65632	0.000898743	0.856423	0.118729	0
3.657	0.000897824	0.722082	0.109093	0
3.65654	0.000861131	0.738875	0.11047	0
3.6554	0.000851023	0.70529	0.107717	0
3.65574	0.000848791	0.570949	0.100146	0
3.65719	0.000908852	0.755668	0.114255	0
3.65711	0.000871371	0.671704	0.105308	0
3.65589	0.000842096	0.587741	0.0987689	0
3.65705	0.000882136	0.839631	0.117353	0
3.65932	0.000901434	0.856423	0.121138	0
3.65703	0.000883711	0.638119	0.102555	0
3.65587	0.000887584	0.688497	0.109093	0
3.6561	0.000884827	0.688497	0.109093	0
3.65611	0.000888437	0.604534	0.100146	0
3.65664	0.000865923	0.839631	0.117353	0
3.65663	0.000905241	0.77246	0.112879	0
3.65526	0.000859162	0.77246	0.112879	0
3.65611	0.000862181	0.638119	0.102555	0
3.65677	0.000846362	0.806045	0.115288	0
3.65659	0.000863166	0.654912	0.106684	0
3.65603	0.000898677	0.638119	0.102555	0
3.65683	0.000885615	0.738875	0.11047	0
3.65669	0.000851548	0.70529	0.107717	0
3.65602	0.000860803	0.654912	0.103931	0
3.65566	0.000831856	0.70529	0.107717	0
3.65662	0.000867827	0.688497	0.106684	0
3.65565	0.000853583	0.738875	0.112879	0
3.65556	0.00086205	0.638119	0.102555	0
3.65489	0.000859884	0.654912	0.103931	0
3.65455	0.000856011	0.722082	0.109093	0
3.65521	0.000862181	0.654912	0.103931	0
3.65628	0.000864479	0.671704	0.105308	0
3.65672	0.000884302	0.839631	0.119762	0
3.65532	0.000891457	0.822838	0.118729	0
3.65585	0.000889619	0.722082	0.111846	0
3.65647	0.000881414	0.604534	0.100146	0
3.65624	0.000903338	0.70529	0.11047	0
3.65639	0.00093642	0.671704	0.105308	0
3.65538	0.000867104	0.486986	0.0898212	0
3.65508	0.000864085	0.789253	0.11632	0
3.65534	0.000871831	0.587741	0.0987689	0
3.65432	0.000839207	0.554156	0.0956717	0
3.65509	0.000857258	0.806045	0.115288	0
3.65504	0.000865726	0.77246	0.112879	0
3.65329	0.000844918	0.570949	0.0973924	0
3.65423	0.000832184	0.503778	0.091542	0
3.65733	0.00089277	0.856423	0.118729	0
3.65774	0.000903206	0.604534	0.100146	0
3.65473	0.000846559	0.671704	0.105308	0
3.65453	0.000829624	0.587741	0.0987689	0
3.6561	0.000861853	0.671704	0.108061	0
3.65652	0.000856274	0.654912	0.103931	0
3.6554	0.000856274	0.77246	0.112879	0
3.65533	0.000869468	0.789253	0.113911	0
3.65458	0.000833234	0.570949	0.0973924	0
3.65408	0.000816496	0.70529	0.107717	0
3.65666	0.000863954	0.789253	0.113911	0
3.65674	0.000876425	0.789253	0.113911	0
3.65587	0.000889225	0.604534	0.100146	0
3.65567	0.000859884	0.688497	0.106684	0
3.65578	0.000876819	0.537364	0.0942951	0
3.656	0.000832381	0.587741	0.0987689	0
3.65512	0.00084925	0.621327	0.104275	0
3.65527	0.000852335	0.722082	0.109093	0
3.65589	0.000846165	0.688497	0.109093	0
3.65511	0.000840455	0.436608	0.0850032	0
3.65557	0.000866186	0.671704	0.105308	0
3.65477	0.000806387	0.486986	0.0898212	0
3.65398	0.000835269	0.520571	0.0929185	0
3.65417	0.000856799	0.537364	0.0942951	0
3.65489	0.000841505	0.570949	0.0973924	0
3.65407	0.000851285	0.470193	0.0884447	0
3.65471	0.000875309	0.671704	0.105308	0
3.65412	0.000817218	0.554156	0.0956717	0
3.65404	0.000829952	0.453401	0.086724	0
3.65443	0.000814461	0.570949	0.0973924	0
3.65375	0.000815577	0.537364	0.0942951	0
3.65447	0.000835072	0.570949	0.0973924	0
3.65559	0.00081387	0.470193	0.0884447	0
3.6557	0.000834547	0.554156	0.0956717	0
3.65591	0.000847872	0.77246	0.112879	0
3.65541	0.000844327	0.70529	0.112879	0
3.65418	0.000802777	0.403023	0.081906	0
3.65458	0.000800152	0.503778	0.091542	0
3.65452	0.000844393	0.486986	0.0898212	0
3.6548	0.000846165	0.671704	0.105308	0
3.65497	0.000839011	0.486986	0.0898212	0
3.65478	0.000813345	0.436608	0.0850032	0
3.65362	0.000822797	0.621327	0.101522	0
3.65416	0.000782035	0.403023	0.081906	0
3.65437	0.000839011	0.722082	0.109093	0
3.65485	0.000847872	0.554156	0.0956717	0
3.65405	0.000814855	0.453401	0.086724	0
3.65328	0.000820697	0.503778	0.091542	0
3.65427	0.000814264	0.638119	0.102555	0
3.65335	0.000781182	0.486986	0.0929185	0
3.65423	0.00088207	0.856423	0.121138	0
3.65446	0.000839339	0.403023	0.081906	0
3.65408	0.000843015	0.70529	0.107717	0
3.65515	0.000854699	0.554156	0.0956717	0
3.65504	0.000880036	0.688497	0.109093	0
3.65376	0.000805009	0.38623	0.0801852	0
3.65353	0.000800677	0.537364	0.0942951	0
3.65454	0.000812098	0.570949	0.100146	0
3.65539	0.000847412	0.654912	0.103931	0
3.65538	0.000822732	0.335852	0.074679	0
3.65526	0.000842096	0.554156	0.0956717	0
3.65528	0.00087485	0.789253	0.113911	0
3.65488	0.000845115	0.436608	0.0850032	0
3.65359	0.000813477	0.520571	0.0929185	0
3.65479	0.00079175	0.403023	0.081906	0
3.65467	0.000806256	0.587741	0.0987689	0
3.65413	0.000830609	0.554156	0.0956717	0
3.65557	0.000860606	0.77246	0.115288	0
3.65563	0.000861656	0.789253	0.113911	0
3.65456	0.000847806	0.688497	0.106684	0
3.65429	0.000831265	0.503778	0.091542	0
3.65551	0.000816299	0.70529	0.107717	0
3.65477	0.000847412	0.621327	0.101522	0
3.654	0.00084413	0.453401	0.086724	0
3.65429	0.00082155	0.621327	0.101522	0
3.65516	0.000853845	0.604534	0.100146	0
3.6545	0.000826867	0.520571	0.0929185	0
3.65487	0.000845771	0.722082	0.109093	0
3.65552	0.000869402	0.638119	0.102555	0
3.65472	0.000874259	0.554156	0.0956717	0
3.65407	0.000840389	0.537364	0.0942951	0
3.65418	0.000809079	0.503778	0.091542	0
3.65486	0.000819056	0.554156	0.0987689	0
3.6543	0.00081689	0.537364	0.0973924	0
3.6554	0.000810785	0.537364	0.0973924	0
3.65606	0.000832381	0.520571	0.0960158	0
3.65391	0.000797526	0.335852	0.074679	0
3.65378	0.000843343	0.436608	0.0850032	0
3.65472	0.00082713	0.436608	0.0850032	0
3.65617	0.000818793	0.671704	0.105308	0
3.65523	0.000801661	0.587741	0.0987689	0
3.65367	0.000819581	0.470193	0.091542	0
3.65373	0.000813805	0.38623	0.0836267	0
3.65358	0.00080304	0.554156	0.0956717	0
3.65327	0.000790896	0.486986	0.0898212	0
3.65473	0.000831331	0.436608	0.0850032	0
3.65452	0.000817481	0.654912	0.103931	0
3.65416	0.000805665	0.31906	0.0729582	0
3.6539	0.000791684	0.503778	0.091542	0
3.65543	0.000824832	0.486986	0.0898212	0
3.65474	0.000819909	0.503778	0.091542	0
3.65424	0.000817546	0.419815	0.0836267	0
3.6551	0.000813805	0.403023	0.081906	0
3.65435	0.000828574	0.352645	0.0801852	0
3.65379	0.000803696	0.486986	0.0898212	0
3.65341	0.000795951	0.419815	0.0836267	0
3.65419	0.000832053	0.604534	0.100146	0
3.65555	0.000848857	0.604534	0.100146	0
3.65563	0.000853714	0.570949	0.0973924	0
3.65518	0.000855224	0.77246	0.112879	0
3.65495	0.000829033	0.486986	0.0898212	0
3.65504	0.000852795	0.587741	0.0987689	0
3.65614	0.000839207	0.369437	0.0784645	0
3.65382	0.0008056	0.419815	0.0836267	0
3.65405	0.000784726	0.436608	0.0850032	0
3.65443	0.000791225	0.453401	0.0898212	0
3.65521	0.000804024	0.302267	0.0708934	0
3.65417	0.000780722	0.419815	0.0836267	0
3.65451	0.000804943	0.486986	0.0898212	0
3.65453	0.000794572	0.352645	0.0801852	0
3.65472	0.000781904	0.453401	0.0898212	0
3.6563	0.000814133	0.570949	0.0973924	0
3.65528	0.000814592	0.369437	0.0784645	0
3.65389	0.000781904	0.486986	0.0898212	0
3.65596	0.000781838	0.436608	0.0850032	0
3.65498	0.000801399	0.503778	0.091542	0
3.65351	0.000763656	0.31906	0.0729582	0
3.65528	0.000788862	0.638119	0.102555	0
3.65507	0.000817743	0.335852	0.074679	0
3.65478	0.000826014	0.537364	0.0942951	0
3.6558	0.000812164	0.654912	0.103931	0
3.65538	0.000816693	0.470193	0.091542	0
3.65338	0.000793719	0.369437	0.0784645	0
3.65395	0.000777768	0.453401	0.086724	0
3.65463	0.000787418	0.38623	0.0801852	0
3.65522	0.000799364	0.470193	0.0884447	0
3.65526	0.000788993	0.436608	0.0850032	0
3.65512	0.000806059	0.470193	0.0884447	0
3.65515	0.000773371	0.335852	0.074679	0
3.65468	0.000773502	0.436608	0.0850032	0
3.65484	0.000767791	0.268682	0.0671078	0
3.65493	0.000779869	0.503778	0.091542	0
3.65613	0.000825029	0.470193	0.091542	0
3.65557	0.000807175	0.369437	0.0784645	0
3.65508	0.000814724	0.403023	0.081906	0
3.65596	0.000801596	0.268682	0.0671078	0
3.65516	0.00082713	0.621327	0.104275	0
3.65441	0.000784201	0.285474	0.0691727	0
3.65519	0.000791356	0.453401	0.086724	0
3.65695	0.00080711	0.486986	0.0898212	0
3.65594	0.000810851	0.486986	0.0929185	0
3.65637	0.000819122	0.486986	0.0898212	0
3.656	0.00083435	0.453401	0.086724	0
3.65529	0.000785711	0.352645	0.0767438	0
3.65619	0.000802383	0.486986	0.0898212	0
3.65749	0.000793916	0.520571	0.0929185	0
3.65667	0.000800808	0.419815	0.0836267	0
3.65546	0.000805469	0.38623	0.0801852	0
3.65554	0.000774552	0.369437	0.0784645	0
3.65572	0.000781576	0.38623	0.0836267	0
3.65496	0.000792931	0.570949	0.0973924	0
3.65544	0.00081433	0.470193	0.0884447	0
3.65529	0.000787943	0.470193	0.0946392	0
3.65552	0.000809473	0.453401	0.086724	0
3.65655	0.00082155	0.537364	0.0973924	0
3.65592	0.000768973	0.369437	0.0784645	0
3.65613	0.000793128	0.453401	0.086724	0
3.65668	0.000817284	0.537364	0.0942951	0
3.65689	0.000813214	0.554156	0.0956717	0
3.65683	0.000802055	0.38623	0.0801852	0
3.65707	0.000772517	0.470193	0.0884447	0
3.65625	0.000770942	0.352645	0.0767438	0
3.65597	0.000744752	0.285474	0.0691727	0
3.65685	0.00077022	0.38623	0.0801852	0
3.65524	0.000790043	0.403023	0.081906	0
3.65526	0.000779278	0.335852	0.074679	0
3.65617	0.000818662	0.453401	0.0898212	0
3.65732	0.00081794	0.503778	0.091542	0
3.65644	0.000776653	0.335852	0.074679	0
3.65631	0.000769104	0.453401	0.086724	0
3.65664	0.000784923	0.335852	0.074679	0
3.65632	0.000781969	0.31906	0.0729582	0
3.65647	0.000776915	0.38623	0.0801852	0
3.65618	0.00078873	0.403023	0.081906	0
3.65628	0.000782823	0.38623	0.0836267	0
3.65642	0.000759521	0.352645	0.0767438	0
3.65623	0.000775077	0.352645	0.0767438	0
3.65586	0.000779409	0.369437	0.0784645	0
3.65663	0.000790634	0.436608	0.0850032	0
3.65631	0.00078919	0.38623	0.0801852	0
3.65524	0.000751709	0.201511	0.0581601	0
3.65595	0.000768907	0.369437	0.0784645	0
3.65662	0.000790962	0.486986	0.0898212	0
3.6565	0.000794835	0.352645	0.0767438	0
3.65562	0.000777768	0.31906	0.0729582	0
3.65621	0.000775799	0.251889	0.0646988	0
3.65724	0.00077744	0.436608	0.0884447	0
3.65709	0.000790896	0.453401	0.086724	0
3.6557	0.000770351	0.31906	0.0729582	0
3.65626	0.000776981	0.31906	0.0729582	0
3.65563	0.000760833	0.335852	0.074679	0
3.65612	0.000739894	0.302267	0.0708934	0
3.65696	0.000740485	0.268682	0.0671078	0
3.65698	0.00079943	0.419815	0.0836267	0
3.65638	0.000758405	0.403023	0.081906	0
3.65623	0.000768513	0.403023	0.081906	0
3.65776	0.000797132	0.419815	0.0836267	0
3.65749	0.000810392	0.403023	0.081906	0
3.65677	0.000788205	0.419815	0.0836267	0
3.65813	0.0007928	0.503778	0.091542	0
3.65822	0.000775405	0.31906	0.0729582	0
3.65775	0.000783413	0.302267	0.0708934	0
3.65745	0.000785842	0.31906	0.0729582	0
3.65789	0.00079129	0.486986	0.0898212	0
3.65881	0.00078512	0.352645	0.0767438	0
3.65798	0.000787286	0.369437	0.0784645	0
3.65744	0.000774027	0.335852	0.074679	0
3.65762	0.000754335	0.285474	0.0691727	0
3.6581	0.000765953	0.352645	0.0767438	0
3.65793	0.000764772	0.369437	0.0784645	0
3.65748	0.000761096	0.302267	0.0708934	0
3.65918	0.000826211	0.419815	0.0836267	0
3.65799	0.000786302	0.335852	0.074679	0
3.65598	0.000735956	0.31906	0.0729582	0
3.65702	0.000759389	0.335852	0.074679	0
3.65764	0.000771336	0.31906	0.0767438	0
3.65801	0.000780525	0.436608	0.0850032	0
3.65889	0.000751906	0.38623	0.0801852	0
3.65799	0.000785317	0.369437	0.0784645	0
3.65714	0.000767594	0.251889	0.0646988	0
3.65699	0.000758798	0.335852	0.074679	0
3.65891	0.000781838	0.38623	0.0801852	0
3.65857	0.000765297	0.201511	0.0581601	0
3.65812	0.000768054	0.419815	0.0836267	0
3.65939	0.000761752	0.335852	0.074679	0
3.65945	0.000779803	0.453401	0.086724	0
3.6579	0.000723615	0.218304	0.060225	0
3.65904	0.000727554	0.268682	0.0671078	0
3.65962	0.000789781	0.436608	0.0850032	0
3.65873	0.000742126	0.285474	0.0691727	0
3.65846	0.000779081	0.31906	0.0729582	0
3.65865	0.000773699	0.285474	0.0691727	0
3.65945	0.000766413	0.470193	0.0884447	0
3.66058	0.000778884	0.31906	0.0729582	0
3.65855	0.000792341	0.335852	0.074679	0
3.65807	0.000735759	0.251889	0.0646988	0
3.65803	0.000751972	0.302267	0.0708934	0
3.65778	0.000774749	0.38623	0.0801852	0
3.65832	0.000805665	0.31906	0.0729582	0
3.65913	0.000763196	0.268682	0.0671078	0
3.65872	0.000774486	0.403023	0.081906	0
3.65907	0.000789846	0.419815	0.0836267	0
3.65861	0.000788402	0.302267	0.0708934	0
3.65954	0.000788468	0.369437	0.081906	0
3.65941	0.000763065	0.403023	0.081906	0
3.65797	0.000769957	0.302267	0.0708934	0
3.65888	0.000755254	0.352645	0.0767438	0
3.65923	0.00077383	0.403023	0.081906	0
3.65949	0.000770154	0.352645	0.0767438	0
3.65926	0.000729392	0.31906	0.0801852	0
3.65908	0.000745474	0.167926	0.052998	0
3.65956	0.00077488	0.403023	0.081906	0
3.66	0.000752366	0.235097	0.062634	0
3.66053	0.00077127	0.352645	0.0767438	0
3.66105	0.000787614	0.486986	0.0898212	0
3.66009	0.00077232	0.302267	0.0708934	0
3.65922	0.000742979	0.201511	0.0581601	0
3.65918	0.000740485	0.268682	0.0708934	0
3.65999	0.000763328	0.352645	0.0767438	0
3.66038	0.000795951	0.38623	0.0801852	0
3.66084	0.000763656	0.201511	0.0581601	0
3.66051	0.000775143	0.470193	0.0884447	0
3.65924	0.000737728	0.184719	0.055407	0
3.65901	0.000775799	0.419815	0.086724	0
3.66136	0.000782035	0.369437	0.0784645	0
3.66059	0.000788074	0.486986	0.0898212	0
3.66011	0.000751644	0.352645	0.0767438	0
3.66111	0.000782495	0.352645	0.0767438	0
3.66051	0.000797329	0.335852	0.074679	0
3.6608	0.000779278	0.38623	0.0801852	0
3.66062	0.000775734	0.335852	0.074679	0
3.65994	0.000760111	0.184719	0.055407	0
3.66116	0.000748887	0.38623	0.0801852	0
3.66141	0.000741732	0.436608	0.0850032	0
3.66153	0.00077534	0.419815	0.0836267	0
3.66152	0.000800874	0.403023	0.081906	0
3.66048	0.000757289	0.235097	0.062634	0
3.66093	0.000764312	0.31906	0.0729582	0
3.66039	0.000763262	0.31906	0.0729582	0
3.66202	0.000753679	0.403023	0.081906	0
3.66268	0.00077849	0.38623	0.0801852	0
3.66282	0.000793456	0.335852	0.074679	0
3.66162	0.00073635	0.335852	0.074679	0
3.66195	0.000746786	0.31906	0.0729582	0
3.66188	0.00075893	0.235097	0.062634	0
3.66125	0.000746918	0.285474	0.0691727	0
3.66117	0.000719677	0.268682	0.0671078	0
3.66142	0.000755713	0.31906	0.0729582	0
3.6614	0.000754729	0.38623	0.0801852	0
3.66175	0.00077173	0.352645	0.0767438	0
3.66086	0.000763721	0.268682	0.0671078	0
3.66158	0.000756173	0.419815	0.0836267	0
3.66209	0.000759324	0.285474	0.0691727	0
3.66185	0.000781707	0.403023	0.081906	0
3.662	0.000790962	0.335852	0.074679	0
3.66292	0.000797067	0.486986	0.0898212	0
3.66192	0.000771139	0.268682	0.0671078	0
3.66102	0.000754926	0.167926	0.052998	0
3.66181	0.000770154	0.31906	0.0729582	0
3.66249	0.000756829	0.302267	0.0708934	0
3.66272	0.000766019	0.335852	0.074679	0
3.66259	0.000756895	0.352645	0.0767438	0
3.66349	0.000782166	0.419815	0.086724	0
3.66361	0.000757748	0.335852	0.074679	0
3.66205	0.000748493	0.285474	0.0691727	0
3.66231	0.000740354	0.352645	0.0801852	0
3.66198	0.000745933	0.251889	0.0646988	0
3.66189	0.000724731	0.335852	0.074679	0
3.66246	0.000760636	0.335852	0.074679	0
3.6624	0.000763787	0.31906	0.0729582	0
3.66215	0.000742717	0.302267	0.0708934	0
3.66259	0.000726569	0.302267	0.0750231	0
3.66227	0.00075381	0.285474	0.0691727	0
3.66169	0.000727029	0.285474	0.0691727	0
3.66248	0.000750987	0.167926	0.052998	0
3.6621	0.000736153	0.302267	0.0708934	0
3.66297	0.000770417	0.302267	0.0708934	0
3.66357	0.000727226	0.201511	0.0581601	0
3.66244	0.00077639	0.369437	0.0784645	0
3.66304	0.000762737	0.268682	0.0671078	0
3.6636	0.000738253	0.235097	0.062634	0
3.66402	0.00078302	0.31906	0.0729582	0
3.66397	0.000767397	0.251889	0.0646988	0
3.66305	0.000744555	0.235097	0.062634	0
3.66221	0.000738516	0.268682	0.0671078	0
3.66318	0.000705761	0.151134	0.0502448	0
3.66311	0.000725125	0.268682	0.0671078	0
3.66229	0.000728867	0.285474	0.0691727	0
3.66324	0.000742126	0.31906	0.0729582	0
3.66339	0.000706418	0.251889	0.0646988	0
3.66261	0.00073333	0.184719	0.055407	0
3.66281	0.00074206	0.302267	0.0708934	0
3.66392	0.000739894	0.268682	0.0671078	0
3.66283	0.000725125	0.167926	0.052998	0
3.66467	0.000741273	0.302267	0.0708934	0
3.66524	0.000755713	0.403023	0.081906	0
3.66481	0.000776653	0.285474	0.0691727	0
3.66357	0.000726963	0.352645	0.0767438	0
3.66327	0.000737465	0.31906	0.0729582	0
3.66334	0.000738056	0.31906	0.0729582	0
3.66331	0.000733921	0.285474	0.0691727	0
3.66414	0.000741732	0.285474	0.0691727	0
3.66283	0.000722171	0.184719	0.055407	0
3.66324	0.000736087	0.251889	0.0646988	0
3.66449	0.000740354	0.218304	0.060225	0
3.66396	0.000724206	0.218304	0.060225	0
3.66569	0.000759127	0.251889	0.0646988	0
3.66541	0.000764575	0.369437	0.0784645	0
3.66452	0.000772452	0.218304	0.060225	0
3.66491	0.000742914	0.235097	0.062634	0
3.66568	0.000741929	0.285474	0.0691727	0
3.66532	0.000730639	0.251889	0.0646988	0
3.66438	0.000747443	0.251889	0.0646988	0
3.6645	0.000742257	0.201511	0.062634	0
3.66487	0.000733658	0.302267	0.0708934	0
3.66567	0.000744752	0.235097	0.0671078	0
3.66548	0.000744095	0.268682	0.0671078	0
3.66533	0.000737662	0.31906	0.0729582	0
3.66509	0.000738713	0.285474	0.0691727	0
3.66481	0.000725322	0.218304	0.060225	0
3.66558	0.000749478	0.335852	0.074679	0
3.66639	0.000746852	0.251889	0.0646988	0
3.6657	0.000742914	0.268682	0.0671078	0
3.66603	0.000778031	0.369437	0.0784645	0
3.66619	0.000757354	0.352645	0.0801852	0
3.66575	0.000732017	0.218304	0.060225	0
3.66648	0.000739894	0.335852	0.074679	0
3.66583	0.000740091	0.218304	0.065043	0
3.66573	0.000721318	0.201511	0.0581601	0
3.66591	0.000721055	0.268682	0.0671078	0
3.66594	0.000737925	0.235097	0.062634	0
3.66587	0.000767003	0.335852	0.0784645	0
3.66655	0.000740091	0.201511	0.0581601	0
3.66629	0.000737794	0.235097	0.062634	0
3.66663	0.000738581	0.235097	0.062634	0
3.66672	0.000740419	0.369437	0.0784645	0
3.66729	0.000756764	0.251889	0.0646988	0
3.66776	0.000792931	0.201511	0.0581601	0
3.66725	0.000738384	0.235097	0.0671078	0
3.66634	0.000732739	0.268682	0.0671078	0
3.66635	0.000732411	0.285474	0.0691727	0
3.66664	0.000724272	0.134341	0.0474917	0
3.66641	0.000725847	0.285474	0.0691727	0
3.66666	0.000733658	0.251889	0.0646988	0
3.66733	0.000761949	0.251889	0.0646988	0
3.66711	0.000745999	0.201511	0.0581601	0
3.66706	0.000752694	0.251889	0.0646988	0
3.66661	0.000728473	0.167926	0.052998	0
3.66695	0.000736153	0.235097	0.062634	0
3.66812	0.000800414	0.38623	0.0801852	0
3.66694	0.000743045	0.134341	0.0474917	0
3.66633	0.000754204	0.302267	0.0708934	0
3.66813	0.000756829	0.285474	0.0691727	0
3.66974	0.000742979	0.38623	0.0801852	0
3.66848	0.000732674	0.268682	0.0671078	0
3.66707	0.000769498	0.285474	0.0691727	0
3.66806	0.000751316	0.218304	0.060225	0
3.66776	0.00070051	0.117548	0.0443944	0
3.66627	0.00070609	0.218304	0.060225	0
3.6687	0.000752957	0.302267	0.0708934	0
3.66839	0.000724666	0.268682	0.0671078	0
3.66855	0.000704252	0.184719	0.055407	0
3.66821	0.000693093	0.151134	0.0502448	0
3.6684	0.00072204	0.218304	0.060225	0
3.66913	0.000748099	0.302267	0.0708934	0
3.66856	0.000718692	0.151134	0.0502448	0
3.66832	0.000733855	0.251889	0.0646988	0
3.66915	0.000723812	0.235097	0.062634	0
3.66841	0.000729523	0.302267	0.0708934	0
3.66799	0.000722106	0.151134	0.0502448	0
3.66739	0.000695653	0.184719	0.055407	0
3.66791	0.000729917	0.167926	0.052998	0
3.66778	0.000714623	0.184719	0.055407	0
3.66857	0.000720859	0.31906	0.0729582	0
3.66892	0.000730705	0.218304	0.060225	0
3.66865	0.000729654	0.235097	0.062634	0
3.66888	0.000718889	0.167926	0.0581601	0
3.66859	0.000740222	0.184719	0.055407	0
3.66935	0.000739369	0.302267	0.0708934	0
3.6699	0.00074462	0.268682	0.0671078	0
3.66909	0.000756435	0.369437	0.0784645	0
3.66963	0.000746524	0.167926	0.0581601	0
3.6696	0.000732346	0.184719	0.0605691	0
3.67001	0.000726307	0.218304	0.060225	0
3.67047	0.000721515	0.201511	0.0581601	0
3.67151	0.000754926	0.235097	0.062634	0
3.67078	0.000722303	0.218304	0.060225	0
3.66947	0.000730245	0.268682	0.0708934	0
3.66977	0.000718955	0.167926	0.052998	0
3.66925	0.000728013	0.218304	0.060225	0
3.66989	0.000760702	0.31906	0.0729582	0
3.67013	0.00072355	0.134341	0.0474917	0
3.67014	0.000701363	0.134341	0.0474917	0
3.67034	0.000705564	0.134341	0.0474917	0
3.66979	0.000710159	0.31906	0.0767438	0
3.66952	0.00070307	0.134341	0.0474917	0
3.67039	0.000700773	0.235097	0.062634	0
3.67014	0.000752957	0.302267	0.0708934	0
3.67079	0.000739763	0.218304	0.060225	0
3.66943	0.000734052	0.201511	0.0581601	0
3.66998	0.000712391	0.251889	0.0646988	0
3.67009	0.000733199	0.151134	0.0502448	0
3.67012	0.000741666	0.268682	0.0708934	0
3.67031	0.000751119	0.218304	0.060225	0
3.67053	0.000721055	0.235097	0.062634	0
3.67159	0.000719349	0.251889	0.0646988	0
3.66999	0.000719874	0.235097	0.062634	0
3.67013	0.000709634	0.134341	0.0474917	0
3.6712	0.000711013	0.184719	0.055407	0
3.67073	0.000729064	0.235097	0.0671078	0
3.67139	0.000716264	0.218304	0.060225	0
3.672	0.000738713	0.235097	0.062634	0
3.67223	0.000747508	0.134341	0.0474917	0
3.6708	0.000718627	0.201511	0.0581601	0
3.67175	0.000707534	0.218304	0.060225	0
3.67234	0.000713507	0.134341	0.0474917	0
3.67046	0.000723156	0.302267	0.0708934	0
3.67157	0.000734249	0.251889	0.0646988	0
3.67214	0.000726504	0.218304	0.060225	0
3.67204	0.000706221	0.218304	0.060225	0
3.67235	0.000749084	0.235097	0.062634	0
3.67231	0.000721909	0.184719	0.055407	0
3.67194	0.0007225	0.134341	0.0474917	0
3.67306	0.000704383	0.285474	0.0729582	0
3.67329	0.000709372	0.184719	0.055407	0
3.67226	0.000734183	0.201511	0.0581601	0
3.67181	0.000724009	0.251889	0.0646988	0
3.67271	0.000709109	0.184719	0.055407	0
3.6731	0.000724534	0.218304	0.060225	0
3.67433	0.000764706	0.352645	0.0767438	0
3.67331	0.000764837	0.285474	0.0691727	0
3.67248	0.000718561	0.117548	0.0443944	0
3.67261	0.000732542	0.218304	0.060225	0
3.67285	0.000728013	0.235097	0.062634	0
3.67254	0.000718364	0.167926	0.052998	0
3.67335	0.000726372	0.218304	0.060225	0
3.67369	0.000729983	0.218304	0.060225	0
3.67331	0.000723878	0.201511	0.0581601	0
3.67374	0.000707205	0.251889	0.0646988	0
3.67233	0.0007118	0.151134	0.0502448	0
3.67366	0.000706352	0.0839631	0.0375116	0
3.67342	0.000692174	0.151134	0.0502448	0
3.67232	0.000712982	0.235097	0.062634	0
3.67351	0.000717445	0.235097	0.062634	0
3.67369	0.00072867	0.218304	0.060225	0
3.6734	0.000722171	0.184719	0.055407	0
3.67417	0.000721909	0.218304	0.060225	0
3.67465	0.000739172	0.335852	0.074679	0
3.67474	0.000733068	0.184719	0.055407	0
3.67484	0.000743504	0.302267	0.0708934	0
3.6745	0.000714426	0.134341	0.0474917	0
3.67478	0.000725716	0.235097	0.062634	0
3.67472	0.000725913	0.235097	0.062634	0
3.67366	0.000693946	0.0839631	0.0375116	0
3.67406	0.000706943	0.251889	0.0646988	0
3.67401	0.000701757	0.151134	0.0502448	0
3.67477	0.000716723	0.201511	0.0581601	0
3.67407	0.00071738	0.134341	0.0474917	0
3.67346	0.000686988	0.100756	0.040953	0
3.6742	0.000704186	0.167926	0.052998	0
3.67464	0.000718299	0.235097	0.062634	0
3.67454	0.000720727	0.167926	0.052998	0
3.67504	0.000713835	0.117548	0.0443944	0
3.6756	0.000735102	0.235097	0.062634	0
3.67588	0.000705171	0.201511	0.0581601	0
3.67512	0.00071738	0.184719	0.055407	0
3.67492	0.000702611	0.167926	0.052998	0
3.67466	0.000724534	0.184719	0.055407	0
3.67481	0.000725453	0.134341	0.0474917	0
3.67577	0.000725191	0.235097	0.062634	0
3.67596	0.000743701	0.285474	0.0691727	0
3.67641	0.000732608	0.235097	0.062634	0
3.67575	0.000694996	0.117548	0.0502448	0
3.67671	0.000737794	0.302267	0.0708934	0
3.67671	0.000751184	0.302267	0.0708934	0
3.67581	0.000696112	0.117548	0.0443944	0
3.67529	0.000686988	0.117548	0.0443944	0
3.67639	0.000691255	0.167926	0.052998	0
3.67599	0.000693158	0.151134	0.0502448	0
3.67503	0.000708912	0.134341	0.0474917	0
3.67571	0.000689876	0.100756	0.040953	0
3.67706	0.000700379	0.167926	0.052998	0
3.67653	0.000695325	0.100756	0.040953	0
3.67594	0.000706286	0.218304	0.060225	0
3.67708	0.000723615	0.167926	0.052998	0
3.67644	0.000697819	0.167926	0.052998	0
3.67655	0.000719808	0.251889	0.0646988	0
3.6782	0.00071482	0.235097	0.062634	0
3.67807	0.00072506	0.268682	0.0671078	0
3.67742	0.000712522	0.201511	0.0581601	0
3.67702	0.000731689	0.31906	0.0729582	0
3.67779	0.000709437	0.235097	0.062634	0
3.67699	0.00073228	0.235097	0.062634	0
3.67732	0.000715345	0.251889	0.0646988	0
3.67781	0.000721909	0.251889	0.0646988	0
3.6779	0.000717183	0.285474	0.0691727	0
3.67715	0.000707599	0.0839631	0.0375116	0
3.67756	0.000699591	0.251889	0.0646988	0
3.67753	0.000706615	0.184719	0.0605691	0
3.67713	0.000684494	0.100756	0.040953	0
3.67861	0.000738319	0.302267	0.0708934	0
3.679	0.00072716	0.218304	0.060225	0
3.67791	0.000725978	0.285474	0.0691727	0
3.67855	0.000727751	0.167926	0.052998	0
3.67857	0.000714032	0.184719	0.055407	0
3.67892	0.000698081	0.167926	0.052998	0
3.67937	0.000705893	0.268682	0.0671078	0
3.67875	0.000737072	0.117548	0.0443944	0
3.67867	0.000711866	0.184719	0.055407	0
3.67949	0.000713113	0.184719	0.055407	0
3.67962	0.000726635	0.184719	0.055407	0
3.67892	0.00070353	0.151134	0.0502448	0
3.67915	0.000715017	0.151134	0.0502448	0
3.67841	0.000716264	0.285474	0.0691727	0
3.67875	0.000702086	0.151134	0.0502448	0
3.6792	0.00071587	0.251889	0.0646988	0
3.67978	0.00068712	0.151134	0.0502448	0
3.67942	0.000714557	0.184719	0.055407	0
3.68003	0.000729589	0.251889	0.0646988	0
3.67959	0.000732739	0.285474	0.0691727	0
3.67992	0.000702479	0.117548	0.0443944	0
3.67911	0.000698344	0.218304	0.060225	0
3.67958	0.000706483	0.184719	0.055407	0
3.68027	0.000704449	0.218304	0.060225	0
3.67982	0.000702939	0.167926	0.052998	0
3.67904	0.000723681	0.184719	0.055407	0
3.67953	0.000699329	0.134341	0.0474917	0
3.67942	0.000692896	0.151134	0.0502448	0
3.67948	0.000689876	0.151134	0.0502448	0
3.68049	0.000696244	0.117548	0.0443944	0
3.68032	0.000700379	0.251889	0.0646988	0
3.68058	0.000688039	0.167926	0.052998	0
3.68028	0.000692436	0.100756	0.040953	0
3.68142	0.000692108	0.184719	0.055407	0
3.68171	0.000722631	0.151134	0.0502448	0
3.68126	0.000710684	0.218304	0.060225	0
3.68231	0.000710684	0.151134	0.0502448	0
3.68161	0.00072565	0.251889	0.0646988	0
3.6811	0.000745933	0.218304	0.060225	0
3.68031	0.000693946	0.100756	0.040953	0
3.68111	0.000699394	0.134341	0.0474917	0
3.68156	0.000705827	0.167926	0.052998	0
3.68097	0.000696703	0.117548	0.0443944	0
3.68065	0.000722893	0.201511	0.0581601	0
3.68187	0.000716001	0.167926	0.052998	0
3.68101	0.000706483	0.100756	0.040953	0
3.68044	0.000711866	0.167926	0.052998	0
3.68168	0.000709962	0.184719	0.055407	0
3.68098	0.000679374	0.0671704	0.033726	0
3.68082	0.00067071	0.117548	0.0443944	0
3.68039	0.000699985	0.151134	0.0502448	0
3.68135	0.000698738	0.134341	0.052998	0
3.68136	0.000715739	0.184719	0.055407	0
3.68216	0.00071692	0.218304	0.060225	0
3.68248	0.000705171	0.0839631	0.0375116	0
3.68253	0.000705958	0.285474	0.0691727	0
3.68245	0.000697097	0.134341	0.0474917	0
3.68298	0.000708059	0.167926	0.052998	0
3.68366	0.000718824	0.184719	0.055407	0
3.68387	0.00068712	0.0839631	0.0375116	0
3.683	0.000683444	0.167926	0.052998	0
3.68421	0.000704711	0.151134	0.0502448	0
3.68374	0.000708584	0.117548	0.0443944	0
3.6823	0.000686791	0.100756	0.040953	0
3.68248	0.000694996	0.184719	0.055407	0
3.68331	0.000684166	0.0839631	0.0375116	0
3.68326	0.000712719	0.201511	0.0581601	0
3.68276	0.000689811	0.0839631	0.0375116	0
3.68201	0.000690139	0.117548	0.0443944	0
3.6828	0.000683969	0.201511	0.0581601	0
3.68317	0.000697294	0.117548	0.0443944	0
3.68281	0.000723747	0.201511	0.0581601	0
3.68318	0.00069329	0.134341	0.0474917	0
3.68402	0.000711013	0.184719	0.055407	0
3.68325	0.000728013	0.184719	0.055407	0
3.68364	0.000728013	0.218304	0.060225	0
3.68284	0.000718167	0.151134	0.0502448	0
3.68382	0.000714032	0.151134	0.0502448	0
3.68462	0.000718692	0.285474	0.0691727	0
3.6857	0.000718824	0.201511	0.0581601	0
3.6847	0.000721055	0.0671704	0.033726	0
3.68327	0.000705761	0.184719	0.055407	0
3.6846	0.000694077	0.100756	0.040953	0
3.68625	0.00071285	0.201511	0.0581601	0
3.68596	0.000748034	0.151134	0.0502448	0
3.68535	0.000705564	0.184719	0.055407	0
3.68513	0.000707927	0.134341	0.0474917	0
3.68531	0.000698541	0.100756	0.040953	0
3.68564	0.000701363	0.134341	0.0474917	0
3.68541	0.000703201	0.235097	0.062634	0
3.68655	0.000726701	0.302267	0.0708934	0
3.68555	0.000717051	0.117548	0.0443944	0
3.68435	0.000712588	0.268682	0.0671078	0
3.6851	0.000718102	0.134341	0.0474917	0
3.68538	0.000690533	0.0839631	0.0375116	0
3.68543	0.000688958	0.0839631	0.0375116	0
3.68457	0.000707337	0.167926	0.052998	0
3.6849	0.000709962	0.134341	0.0474917	0
3.68525	0.000712916	0.201511	0.0581601	0
3.68654	0.00070458	0.100756	0.040953	0
3.68588	0.000689154	0.201511	0.0581601	0
3.68579	0.000697163	0.167926	0.052998	0
3.68708	0.000720924	0.285474	0.0691727	0
3.68655	0.000724994	0.184719	0.055407	0
3.68549	0.000703792	0.235097	0.062634	0
3.68589	0.000706352	0.134341	0.0474917	0
3.68697	0.000715345	0.167926	0.052998	0
3.68748	0.000710816	0.218304	0.060225	0
3.68691	0.000716198	0.285474	0.0691727	0
3.68775	0.00071994	0.167926	0.052998	0
3.68711	0.000707665	0.100756	0.040953	0
3.68697	0.000698869	0.117548	0.0443944	0
3.68715	0.000697885	0.218304	0.060225	0
3.68735	0.000685085	0.100756	0.040953	0
3.68753	0.000695062	0.117548	0.0443944	0
3.68831	0.000721843	0.251889	0.0646988	0
3.68892	0.000717183	0.117548	0.0443944	0
3.68776	0.000684757	0.167926	0.052998	0
3.68762	0.000709109	0.167926	0.052998	0
3.68835	0.000727882	0.235097	0.062634	0
3.68702	0.000703727	0.134341	0.0474917	0
3.68687	0.000736547	0.235097	0.062634	0
3.68877	0.000729392	0.235097	0.062634	0
3.6879	0.000717511	0.117548	0.0443944	0
3.68701	0.000709306	0.201511	0.0581601	0
3.6879	0.000694668	0.167926	0.052998	0
3.68817	0.000701232	0.151134	0.0557511	0
3.68889	0.000709897	0.167926	0.052998	0
3.68783	0.000700182	0.117548	0.0443944	0
3.68879	0.000696375	0.218304	0.060225	0
3.68839	0.00070156	0.167926	0.052998	0
3.68789	0.000695062	0.0839631	0.0375116	0
3.68811	0.000712522	0.201511	0.0581601	0
3.69017	0.000708518	0.117548	0.0443944	0
3.68963	0.000736284	0.151134	0.0502448	0
3.68938	0.000723222	0.352645	0.0767438	0
3.68802	0.000700313	0.0839631	0.0375116	0
3.68785	0.000691452	0.100756	0.040953	0
3.68877	0.000686594	0.100756	0.040953	0
3.68951	0.000692699	0.100756	0.040953	0
3.69058	0.00069841	0.117548	0.0443944	0
3.69	0.000689876	0.134341	0.0474917	0
3.6897	0.000708781	0.218304	0.060225	0
3.6901	0.000707074	0.184719	0.055407	0
3.68926	0.000689417	0.201511	0.0581601	0
3.69018	0.000691386	0.151134	0.0502448	0
3.69034	0.000707927	0.151134	0.0502448	0
3.69063	0.000694668	0.151134	0.0502448	0
3.69068	0.000702217	0.151134	0.0502448	0
3.69126	0.000692896	0.201511	0.0581601	0
3.69102	0.000707205	0.134341	0.0474917	0
3.69112	0.000692305	0.100756	0.040953	0
3.69119	0.000682919	0.117548	0.0443944	0
3.69072	0.000683181	0.134341	0.0474917	0
3.69116	0.000700248	0.134341	0.0474917	0
3.69066	0.000708912	0.184719	0.055407	0
3.69039	0.000693421	0.134341	0.0474917	0
3.6918	0.000696966	0.100756	0.040953	0
3.69188	0.000685741	0.235097	0.062634	0
3.69267	0.000724534	0.218304	0.060225	0
3.69161	0.000709372	0.201511	0.0581601	0
3.69158	0.000739106	0.184719	0.055407	0
3.69217	0.000724337	0.184719	0.055407	0
3.69143	0.000712063	0.151134	0.0502448	0
3.69103	0.000706483	0.218304	0.060225	0
3.69175	0.000681934	0.134341	0.0474917	0
3.69194	0.000686988	0.100756	0.040953	0
3.69114	0.000697163	0.167926	0.052998	0
3.69207	0.000716067	0.201511	0.0581601	0
3.69149	0.000720071	0.201511	0.0581601	0
3.69027	0.000693881	0.117548	0.0443944	0
3.69126	0.00072355	0.167926	0.052998	0
3.69262	0.00068666	0.167926	0.052998	0
3.69286	0.000721909	0.268682	0.0671078	0
3.69313	0.00070865	0.167926	0.052998	0
3.69205	0.00071285	0.100756	0.040953	0
3.69307	0.000709109	0.134341	0.0474917	0
3.69247	0.000711997	0.218304	0.060225	0
3.69275	0.000684297	0.0671704	0.033726	0
3.69341	0.000673663	0.117548	0.0443944	0
3.69326	0.000685347	0.100756	0.040953	0
3.69294	0.000678652	0.100756	0.040953	0
3.6924	0.000686201	0.184719	0.055407	0
3.69346	0.00070924	0.0839631	0.0375116	0
3.69281	0.000692502	0.134341	0.0474917	0
3.69386	0.000701495	0.134341	0.0474917	0
3.69351	0.000696769	0.151134	0.0502448	0
3.69463	0.000679046	0.0839631	0.0375116	0
3.69423	0.000698738	0.201511	0.0581601	0
3.69284	0.000689154	0.151134	0.0502448	0
3.6932	0.000707862	0.100756	0.040953	0
3.69424	0.000705236	0.100756	0.040953	0
3.694	0.000727685	0.218304	0.060225	0
3.69259	0.000707402	0.167926	0.052998	0
3.69348	0.000700379	0.134341	0.0474917	0
3.69441	0.000712982	0.167926	0.052998	0
3.69437	0.000698016	0.117548	0.0443944	0
3.6945	0.000700379	0.134341	0.0474917	0
3.69471	0.000686266	0.0671704	0.033726	0
3.69464	0.000673007	0.100756	0.040953	0
0	0	0	0	0
0	0	0	0	0
0	0	0	0	0
0	0	0	0	0
0	0	0	0	0
0	0	0	0	0
0	0	0	0	0
0	0	0	0	0
0	0	0	0	0
0	0	0	0	0
0	0	0	0	0
0	0	0	0	0
0	0	0	0	0
0	0	0	0	0
0	0	0	0	0
0	0	0	0	0
0	0	0	0	0
0	0	0	0	0
0	0	0	0	0
0	0	0	0	0
0	0	0	0	0
0	0	0	0	0
0	0	0	0	0
0	0	0	0	0
0	0	0	0	0
0	0	0	0	0
0	0	0	0	0
0	0	0	0	0
0	0	0	0	0
0	0	0	0	0
0	0	0	0	0
0	0	0	0	0
0	0	0	0	0
0	0	0	0	0
0	0	0	0	0
0	0	0	0	0
0	0	0	0	0
0	0	0	0	0
0	0	0	0	0
0	0	0	0	0
0	0	0	0	0
0	0	0	0	0
0	0	0	0	0
0	0	0	0	0
0	0	0	0	0
0	0	0	0	0
0	0	0	0	0
0	0	0	0	0
0	0	0	0	0
0	0	0	0	0
0	0	0	0	0
0	0	0	0	0
0	0	0	0	0
0	0	0	0	0
0	0	0	0	0
0	0	0	0	0
0	0	0	0	0
0	0	0	0	0
0	0	0	0	0
0	0	0	0	0
0	0	0	0	0
0	0	0	0	0
0	0	0	0	0
0	0	0	0	0
0	0	0	0	0
0	0	0	0	0
0	0	0	0	0
0	0	0	0	0
0	0	0	0	0
0	0	0	0	0
0	0	0	0	0
0	0	0	0	0
0	0	0	0	0
0	0	0	0	0
0	0	0	0	0
0	0	0	0	0
0	0	0	0	0
0	0	0	0	0
0	0	0	0	0
0	0	0	0	0
0	0	0	0	0
0	0	0	0	0
0	0	0	0	0
0	0	0	0	0
0	0	0	0	0
0	0	0	0	0
0	0	0	0	0
0	0	0	0	0
0	0	0	0	0
0	0	0	0	0
0	0	0	0	0
0	0	0	0	0
0	0	0	0	0
0	0	0	0	0
0	0	0	0	0
0	0	0	0	0
0	0	0	0	0
0	0	0	0	0
0	0	0	0	0
0	0	0	0	0
0	0	0	0	0
0	0	0	0	0
0	0	0	0	0
0	0	0	0	0
0	0	0	0	0
0	0	0	0	0
0	0	0	0	0
0	0	0	0	0
0	0	0	0	0
0	0	0	0	0
0	0	0	0	0
0	0	0	0	0
0	0	0	0	0
0	0	0	0	0
0	0	0	0	0
0	0	0	0	0
0	0	0	0	0
0	0	0	0	0
0	0	0	0	0
0	0	0	0	0
0	0	0	0	0
0	0	0	0	0
0	0	0	0	0
0	0	0	0	0
0	0	0	0	0
0	0	0	0	0
0	0	0	0	0
0	0	0	0	0
0	0	0	0	0
0	0	0	0	0
0	0	0	0	0
0	0	0	0	0
0	0	0	0	0
0	0	0	0	0
0	0	0	0	0
0	0	0	0	0
0	0	0	0	0
0	0	0	0	0
0	0	0	0	0
0	0	0	0	0
0	0	0	0	0
0	0	0	0	0
0	0	0	0	0
0	0	0	0	0
0	0	0	0	0
0	0	0	0	0
0	0	0	0	0
0	0	0	0	0
0	0	0	0	0
0	0	0	0	0
0	0	0	0	0
0	0	0	0	0
0	0	0	0	0
0	0	0	0	0
0	0	0	0	0
0	0	0	0	0
0	0	0	0	0
0	0	0	0	0
0	0	0	0	0
0	0	0	0	0
0	0	0	0	0
0	0	0	0	0
0	0	0	0	0
0	0	0	0	0
0	0	0	0	0
0	0	0	0	0
0	0	0	0	0
0	0	0	0	0
0	0	0	0	0
0	0	0	0	0
0	0	0	0	0
0	0	0	0	0
0	0	0	0	0
0	0	0	0	0
0	0	0	0	0
0	0	0	0	0
0	0	0	0	0
0	0	0	0	0
0	0	0	0	0
0	0	0	0	0
0	0	0	0	0
0	0	0	0	0
0	0	0	0	0
0	0	0	0	0
0	0	0	0	0
0	0	0	0	0
0	0	0	0	0
0	0	0	0	0
0	0	0	0	0
0	0	0	0	0
0	0	0	0	0
0	0	0	0	0
0	0	0	0	0
0	0	0	0	0
0	0	0	0	0
0	0	0	0	0
0	0	0	0	0
0	0	0	0	0
0	0	0	0	0
0	0	0	0	0
0	0	0	0	0
0	0	0	0	0
0	0	0	0	0
0	0	0	0	0
0	0	0	0	0
0	0	0	0	0
0	0	0	0	0
0	0	0	0	0
0	0	0	0	0
0	0	0	0	0
0	0	0	0	0
0	0	0	0	0
0	0	0	0	0
0	0	0	0	0
0	0	0	0	0
0	0	0	0	0
0	0	0	0	0
0	0	0	0	0
0	0	0	0	0
0	0	0	0	0
0	0	0	0	0
0	0	0	0	0
0	0	0	0	0
0	0	0	0	0
0	0	0	0	0
0	0	0	0	0
0	0	0	0	0
0	0	0	0	0
0	0	0	0	0
0	0	0	0	0
0	0	0	0	0
0	0	0	0	0
0	0	0	0	0
0	0	0	0	0
0	0	0	0	0
0	0	0	0	0
0	0	0	0	0
0	0	0	0	0
0	0	0	0	0
0	0	0	0	0
0	0	0	0	0
0	0	0	0	0
0	0	0	0	0
0	0	0	0	0
0	0	0	0	0
0	0	0	0	0
0	0	0	0	0
0	0	0	0	0
0	0	0	0	0
0	0	0	0	0
0	0	0	0	0
0	0	0	0	0
0	0	0	0	0
0	0	0	0	0
0	0	0	0	0
0	0	0	0	0
0	0	0	0	0
0	0	0	0	0
0	0	0	0	0
0	0	0	0	0
0	0	0	0	0
0	0	0	0	0
0	0	0	0	0
0	0	0	0	0
0	0	0	0	0
0	0	0	0	0
0	0	0	0	0
0	0	0	0	0
0	0	0	0	0
0	0	0	0	0
0	0	0	0	0
0	0	0	0	0
0	0	0	0	0
0	0	0	0	0
0	0	0	0	0
0	0	0	0	0
0	0	0	0	0
0	0	0	0	0
0	0	0	0	0
0	0	0	0	0
0	0	0	0	0
0	0	0	0	0
0	0	0	0	0
0	0	0	0	0
0	0	0	0	0
0	0	0	0	0
0	0	0	0	0
0	0	0	0	0
0	0	0	0	0
0	0	0	0	0
0	0	0	0	0
0	0	0	0	0
0	0	0	0	0
0	0	0	0	0
0	0	0	0	0
0	0	0	0	0
0	0	0	0	0
0	0	0	0	0
0	0	0	0	0
0	0	0	0	0
0	0	0	0	0
0	0	0	0	0
0	0	0	0	0
0	0	0	0	0
0	0	0	0	0
0	0	0	0	0
0	0	0	0	0
0	0	0	0	0
0	0	0	0	0
0	0	0	0	0
0	0	0	0	0
0	0	0	0	0
0	0	0	0	0
0	0	0	0	0
0	0	0	0	0
0	0	0	0	0
0	0	0	0	0
0	0	0	0	0
0	0	0	0	0
0	0	0	0	0
0	0	0	0	0
0	0	0	0	0
0	0	0	0	0
0	0	0	0	0
0	0	0	0	0
0	0	0	0	0
0	0	0	0	0
0	0	0	0	0
0	0	0	0	0
0	0	0	0	0
0	0	0	0	0
0	0	0	0	0
0	0	0	0	0
0	0	0	0	0
0	0	0	0	0
0	0	0	0	0
0	0	0	0	0
0	0	0	0	0
0	0	0	0	0
0	0	0	0	0
0	0	0	0	0
0	0	0	0	0
0	0	0	0	0
0	0	0	0	0
0	0	0	0	0
0	0	0	0	0
0	0	0	0	0
0	0	0	0	0
0	0	0	0	0
0	0	0	0	0
0	0	0	0	0
0	0	0	0	0
0	0	0	0	0
0	0	0	0	0
0	0	0	0	0
0	0	0	0	0
0	0	0	0	0
0	0	0	0	0
0	0	0	0	0
0	0	0	0	0
0	0	0	0	0
0	0	0	0	0
0	0	0	0	0
0	0	0	0	0
0	0	0	0	0
0	0	0	0	0
0	0	0	0	0
0	0	0	0	0
0	0	0	0	0
0	0	0	0	0
0	0	0	0	0
0	0	0	0	0
0	0	0	0	0
0	0	0	0	0
0	0	0	0	0
0	0	0	0	0
0	0	0	0	0
0	0	0	0	0
0	0	0	0	0
0	0	0	0	0
0	0	0	0	0
0	0	0	0	0
0	0	0	0	0
0	0	0	0	0
0	0	0	0	0
0	0	0	0	0
0	0	0	0	0
0	0	0	0	0
0	0	0	0	0
0	0	0	0	0
0	0	0	0	0
0	0	0	0	0
0	0	0	0	0
0	0	0	0	0
0	0	0	0	0
0	0	0	0	0
0	0	0	0	0
0	0	0	0	0
0	0	0	0	0
0	0	0	0	0
