a2610904.030324
Narit-cm 09/01/2026 03:33:03 09/01/2026 04:03:03 0045 0013.384714 0052.542598 00.0 00.0
0002401 0010 0000000 0010 05 0000000 0010 0000000 0010
1 0 1 01600 1 0000 3.75 00000.o 0 0 01 000 16 002401 0.500 BT0
1 2 1 02000 1 0000 3.75 00000.o 0 0 01 000 16 002401 0.500 S2A0
1 1 1 01600 1 0000 3.75 00000.o 0 0 00 000 00 002401 3.1746 BC0
1 3 1 02000 1 0000 3.75 00000.o 0 0 00 000 00 002401 3.1746 S2P0
1 5 0 01600 0 0000 1.00 00000.o 0 0 00 000 00 000000 0.000 OF0
0.000 .o Analog 0 	0.000 .o Analog StErr 0 	0.000 .o Photon Counting 0 	0.000 .o PC StErr 0 	0.000 .o Overflow Info 0 
26.5053	0.149543	180.441	0.869207	0
59.7472	0.350516	195.519	0.890291	0
250.272	2.28339	116.268	1.33952	0
472.354	0.115087	1.26614	0.146908	0
473.457	6.3565E-6	0	0	0
473.457	0	0.116618	0.0438684	0
473.457	6.3565E-6	21.9575	0.643403	0
473.457	9.01586E-6	20.5248	0.646464	0
473.457	0	4.76468	0.348567	0
473.457	0	12.2782	0.484933	0
473.457	0	42.6656	0.804254	0
473.457	0	100.225	1.03074	0
473.457	6.3565E-6	146.989	1.02836	0
473.457	0	137.143	1.03856	0
473.457	0	100.625	0.946401	0
473.457	0	95.4436	0.934499	0
473.457	0	97.3428	0.94096	0
473.457	0	107.788	0.935859	0
473.457	0	123.015	0.946742	0
473.457	0	127.547	0.930078	0
473.457	0	126.764	0.928718	0
473.457	0	139.425	0.910355	0
473.457	0	159.484	0.918516	0
473.457	0	174.294	0.913415	0
473.457	0	188.488	0.905254	0
473.457	6.3565E-6	195.152	0.894712	0
473.457	0	202.332	0.897772	0
473.457	0	204.781	0.892331	0
473.457	0	203.249	0.88553	0
473.457	0	204.032	0.890631	0
473.457	0	203.499	0.88519	0
473.501	0.0219064	204.565	0.892671	1
473.884	0.0668632	201.466	0.893351	1
474.021	0.0781206	200.65	0.873628	1
474.595	0.102342	201.666	0.898112	1
485.656	0.250393	201.266	0.867506	1
499.487	0.0680429	202.216	0.88859	1
499.99	0.00889878	200.9	0.873287	1
499.573	0.0773197	201.416	0.879069	1
498.703	0.190536	202.049	0.849483	1
497.542	0.324527	200.733	0.88451	1
491.242	0.488945	200.983	0.882129	1
461.822	0.670793	202.132	0.876348	1
418.082	0.6901	202.349	0.88587	1
377.233	0.674849	202.865	0.882129	1
338.497	0.677799	203.349	0.880429	1
299.707	0.666412	202.499	0.896412	0
262.25	0.648804	201	0.866826	0
226.305	0.629708	202.999	0.88519	0
192.022	0.594591	203.615	0.88893	0
160.055	0.547294	201.799	0.889271	0
131.078	0.495166	202.899	0.879409	0
105.963	0.43653	202.266	0.880429	0
84.6709	0.377623	201.1	0.854244	0
66.6033	0.319771	198.784	0.88587	0
51.8022	0.26444	198.417	0.863086	0
40.1318	0.215261	197.035	0.862065	0
30.996	0.17144	196.668	0.862745	0
23.9986	0.133505	194.736	0.882469	0
18.792	0.101972	192.836	0.877028	0
14.9832	0.0786527	192.037	0.844042	0
12.1996	0.0613644	189.221	0.868186	0
10.1132	0.047797	189.155	0.851863	0
8.65699	0.0392707	185.006	0.850503	0
7.63418	0.0334375	184.023	0.838261	0
6.8248	0.0292079	181.891	0.866146	0
6.24846	0.0264074	178.875	0.853224	0
5.8272	0.0243546	178.909	0.862405	0
5.47524	0.022622	174.544	0.854924	0
5.21649	0.0214755	173.078	0.842001	0
5.04824	0.0211508	168.147	0.840981	0
4.95781	0.020983	169.113	0.839281	0
4.90866	0.0206768	166.697	0.849483	0
4.85416	0.0202695	164.348	0.852203	0
4.82806	0.019931	163.415	0.840301	0
4.81392	0.0198934	162.499	0.840301	0
4.79308	0.0197339	159.584	0.860365	0
4.85211	0.0193359	159.55	0.856964	0
4.88007	0.0186022	157.484	0.817517	0
4.87026	0.0188439	155.219	0.843362	0
4.95409	0.0186247	156.435	0.854924	0
5.02877	0.0186558	155.085	0.829419	0
5.05795	0.018793	153.453	0.83554	0
5.12505	0.0186262	151.653	0.830779	0
5.2096	0.0181544	152.436	0.851183	0
5.26773	0.0180369	150.154	0.837581	0
5.30987	0.0175814	150.137	0.841321	0
5.3649	0.0177829	149.238	0.838601	0
5.42052	0.01733	148.821	0.850503	0
5.49212	0.0169978	148.388	0.838261	0
5.57984	0.0172518	148.255	0.840301	0
5.6255	0.0174455	145.09	0.841321	0
5.68817	0.017565	148.588	0.861385	0
5.78529	0.0170508	145.706	0.844722	0
5.83234	0.0166788	145.723	0.823298	0
5.86561	0.0168946	146.406	0.844722	0
5.92388	0.0166279	144.64	0.839621	0
5.96668	0.0162553	143.957	0.865806	0
6.00667	0.0160834	144.19	0.839621	0
6.03251	0.0161643	143.807	0.849143	0
6.05654	0.0162433	143.657	0.851523	0
6.0886	0.0159414	142.191	0.854924	0
6.13572	0.0158778	142.224	0.852203	0
6.20003	0.0159889	141.508	0.840641	0
6.21722	0.0155406	139.642	0.8369	0
6.23368	0.0153657	140.408	0.849823	0
6.26768	0.0153979	141.041	0.848803	0
6.28689	0.0152269	139.075	0.841321	0
6.32213	0.0152931	139.125	0.841661	0
6.33364	0.0151335	138.576	0.842682	0
6.35035	0.0151987	139.525	0.844722	0
6.38513	0.014823	136.71	0.844382	0
6.38835	0.0149924	137.259	0.821598	0
6.40726	0.0147185	137.293	0.83214	0
6.47547	0.0143174	137.443	0.871247	0
6.49698	0.0145714	137.326	0.839961	0
6.49685	0.0145146	135.06	0.847443	0
6.53365	0.0146823	136.21	0.837921	0
6.5217	0.0145775	134.427	0.855944	0
6.50293	0.0148424	134.244	0.847102	0
6.52978	0.0143017	133.211	0.843022	0
6.53512	0.0141393	132.028	0.847443	0
6.53854	0.0138863	132.978	0.844042	0
6.54586	0.0138573	132.262	0.838601	0
6.53854	0.0137241	132.728	0.83282	0
6.56589	0.0137203	132.378	0.823298	0
6.58751	0.0136623	132.845	0.83452	0
6.5753	0.0134128	130.562	0.848803	0
6.57717	0.0137155	130.579	0.8318	0
6.58256	0.0135141	130.046	0.853564	0
6.60673	0.0136128	130.646	0.840301	0
6.62075	0.0135945	127.813	0.857644	0
6.61119	0.0133814	129.363	0.842001	0
6.62383	0.0134154	129.546	0.855604	0
6.64633	0.0133758	127.847	0.815136	0
6.65064	0.0140199	127.48	0.844722	0
6.64755	0.0136367	129.263	0.823638	0
6.64916	0.0134989	127.997	0.865806	0
6.64239	0.0134607	126.247	0.83588	0
6.65664	0.0137155	126.714	0.848123	0
6.65216	0.0131811	128.33	0.843362	0
6.62292	0.012972	125.448	0.853904	0
6.64482	0.0132338	125.698	0.870567	0
6.65452	0.0128355	125.698	0.83588	0
6.63906	0.0129776	125.698	0.828399	0
6.62824	0.0130187	124.182	0.849143	0
6.61107	0.0126646	126.447	0.843362	0
6.63538	0.0128664	123.265	0.859005	0
6.6483	0.0127893	123.932	0.844382	0
6.62385	0.0128282	121.866	0.83622	0
6.62056	0.0124904	123.898	0.83486	0
6.63015	0.0122073	122.632	0.845402	0
6.62568	0.0125278	121.449	0.857304	0
6.62318	0.0123728	122.399	0.841321	0
6.61135	0.0124592	122.949	0.849483	0
6.59732	0.0125423	121.716	0.850503	0
6.60593	0.0125751	121.066	0.842342	0
6.60568	0.0125832	121.766	0.83656	0
6.58358	0.0125058	119.217	0.824318	0
6.57391	0.0122572	119.45	0.850503	0
6.56956	0.0124111	118.467	0.83248	0
6.55439	0.0121095	120.4	0.839621	0
6.54526	0.0124178	120.916	0.853904	0
6.52233	0.0119537	118.134	0.830779	0
6.4922	0.0118282	118.251	0.851523	0
6.48108	0.0119887	115.818	0.83656	0
6.46328	0.0116367	117.384	0.83554	0
6.43592	0.0116405	115.002	0.843022	0
6.41277	0.0117458	115.052	0.844722	0
6.40128	0.0114687	116.102	0.867846	0
6.37706	0.0115917	114.719	0.83418	0
6.32473	0.0113594	112.77	0.83248	0
6.30125	0.0112753	113.486	0.842682	0
6.32335	0.0110518	111.787	0.837581	0
6.31851	0.0112299	112.237	0.83622	0
6.28402	0.0112726	111.937	0.831119	0
6.27848	0.0113752	113.02	0.856284	0
6.26167	0.0111608	110.154	0.861385	0
6.21073	0.0107168	109.388	0.837921	0
6.1976	0.0109675	110.021	0.822958	0
6.17659	0.0110412	108.222	0.83656	0
6.13453	0.0109199	109.321	0.855604	0
6.12351	0.0104748	107.222	0.850503	0
6.09459	0.0107314	107.289	0.864446	0
6.06238	0.0109834	105.706	0.860705	0
6.06503	0.0104448	106.456	0.830099	0
6.05073	0.0105133	104.406	0.871587	0
6.01354	0.0102632	102.807	0.840641	0
5.99387	0.0102357	104.257	0.848803	0
5.96244	0.0102293	101.691	0.840981	0
5.92127	0.0103545	100.991	0.871587	0
5.90509	0.0100715	101.125	0.861725	0
5.88581	0.010144	100.608	0.849143	0
5.8487	0.0100011	98.4257	0.8352	0
5.82218	0.00984694	98.4756	0.847102	0
5.802	0.00986627	97.576	0.838261	0
5.78469	0.00987431	96.693	0.849143	0
5.76031	0.0094542	96.5264	0.843362	0
5.72866	0.00965864	96.2099	0.852884	0
5.70936	0.00951938	97.1262	0.844382	0
5.67433	0.00955078	94.6106	0.852543	0
5.64561	0.00911516	94.7439	0.851523	0
5.62929	0.00931345	92.0283	0.8352	0
5.58185	0.00922134	90.9788	0.850503	0
5.56358	0.00919721	90.4456	0.856964	0
5.57334	0.00926714	90.6955	0.842682	0
5.54119	0.00913981	90.5789	0.826358	0
5.50247	0.00877314	88.2466	0.854244	0
5.49282	0.00873598	86.2474	0.842682	0
5.48154	0.00882925	87.2803	0.829759	0
5.46175	0.00878878	87.5469	0.8318	0
5.4469	0.00890079	86.3307	0.817517	0
5.41979	0.00835725	85.3311	0.800854	0
5.39447	0.0085925	84.2316	0.820917	0
5.37868	0.00857045	83.7484	0.830439	0
5.37272	0.00836529	83.3153	0.827719	0
5.36591	0.0086285	83.0487	0.825678	0
5.33501	0.00852323	81.8159	0.847102	0
5.30942	0.00846096	80.9663	0.827039	0
5.29985	0.00825288	80.05	0.829759	0
5.28324	0.00825094	80.1833	0.809695	0
5.26254	0.0083566	79.117	0.798813	0
5.25249	0.00813198	78.6006	0.813436	0
5.2305	0.00812005	77.2678	0.813096	0
5.21012	0.00814813	77.5677	0.814796	0
5.19488	0.00798889	76.2682	0.809015	0
5.18176	0.00805265	76.1849	0.838941	0
5.17087	0.00794537	75.2853	0.813776	0
5.15131	0.00801497	75.1687	0.813776	0
5.13255	0.00799129	75.0021	0.817177	0
5.11309	0.00804688	72.1699	0.811396	0
5.09137	0.00774196	73.536	0.817857	0
5.08617	0.00738989	70.9871	0.811056	0
5.06813	0.00742991	71.6701	0.808335	0
5.03558	0.00751566	69.1212	0.802554	0
5.02447	0.00753226	70.7539	0.812756	0
5.02077	0.00739339	68.8546	0.816497	0
5.01126	0.00737841	69.1712	0.817857	0
4.99273	0.00723973	67.0054	0.810715	0
4.9722	0.00726691	67.8884	0.810715	0
4.95268	0.0071715	66.8555	0.812756	0
4.93343	0.00725524	64.723	0.798133	0
4.91946	0.00703717	64.9563	0.804254	0
4.9119	0.00713245	63.5735	0.806635	0
4.88768	0.00709126	63.0404	0.796433	0
4.8719	0.00711559	63.0404	0.810035	0
4.8656	0.0070301	61.7243	0.804934	0
4.85119	0.0067211	61.6743	0.773988	0
4.83665	0.00686833	60.8413	0.801194	0
4.81012	0.00674185	59.5419	0.78113	0
4.79871	0.00673238	59.3919	0.765827	0
4.79809	0.0066659	58.9754	0.77977	0
4.78096	0.00642215	59.7584	0.777049	0
4.75902	0.00624533	56.4598	0.764467	0
4.75105	0.00638608	57.5594	0.771268	0
4.74376	0.00643084	55.8101	0.78011	0
4.7257	0.00627886	53.2611	0.759366	0
4.71952	0.00626116	55.7768	0.775009	0
4.71718	0.00633555	53.6943	0.755625	0
4.69933	0.0062823	54.7439	0.756645	0
4.67019	0.00604873	52.1783	0.758685	0
4.66201	0.00618572	53.0279	0.762426	0
4.66798	0.00602863	52.1616	0.747123	0
4.65156	0.0059853	51.6451	0.754945	0
4.63578	0.00595883	51.0621	0.751884	0
4.633	0.00612138	50.429	0.744743	0
4.62125	0.00612449	49.3294	0.739982	0
4.60186	0.00599509	49.5627	0.738282	0
4.59142	0.00597991	48.5464	0.740662	0
4.58332	0.00585726	47.88	0.736581	0
4.57346	0.00577618	47.9467	0.72876	0
4.56275	0.00574278	48.0466	0.751884	0
4.55192	0.00560079	46.8138	0.721278	0
4.54617	0.00561909	45.8809	0.714137	0
4.53835	0.00569776	46.464	0.747463	0
4.51983	0.00539317	44.7813	0.724679	0
4.49848	0.00548806	43.6985	0.718558	0
4.49314	0.00544947	44.065	0.717878	0
4.49996	0.00532409	43.3986	0.712097	0
4.48494	0.0053608	41.9159	0.709716	0
4.46854	0.00541542	41.8159	0.705635	0
4.47034	0.00542502	41.516	0.699514	0
4.45576	0.00539194	39.6835	0.687952	0
4.44299	0.00533103	40.2666	0.712097	0
4.44405	0.00516077	39.7668	0.685571	0
4.43593	0.00519767	40.5998	0.710056	0
4.42811	0.0050758	39.6335	0.698494	0
4.42097	0.0051367	39.4002	0.68047	0
4.41193	0.0050662	39.2503	0.698154	0
4.40322	0.0049512	37.4511	0.680811	0
4.39846	0.00497202	38.7005	0.67945	0
4.39243	0.00485423	37.7509	0.666868	0
4.38428	0.0047895	37.0845	0.67537	0
4.38407	0.00494179	38.2007	0.698154	0
4.38033	0.00486642	36.4015	0.67571	0
4.37578	0.00480681	37.7676	0.673329	0
4.37334	0.00472561	36.1683	0.683531	0
4.36596	0.00484216	36.9679	0.67707	0
4.36235	0.00483613	36.7514	0.691353	0
4.3622	0.00481654	36.3848	0.682511	0
4.36063	0.00488413	36.7847	0.671969	0
4.35483	0.0048026	35.7851	0.672309	0
4.3493	0.00471023	35.4686	0.666868	0
4.346	0.00464628	34.8855	0.661427	0
4.34592	0.00484061	36.0017	0.667208	0
4.34307	0.00491513	35.9517	0.67843	0
4.33386	0.00485533	34.9688	0.674689	0
4.32703	0.00465251	34.7688	0.668228	0
4.32532	0.00461028	35.0021	0.667208	0
4.31937	0.00460107	33.8192	0.656666	0
4.31243	0.00471795	35.252	0.689312	0
4.30737	0.00459225	33.8026	0.662107	0
4.29977	0.00456183	32.6364	0.662107	0
4.29637	0.00452525	33.686	0.660067	0
4.28963	0.00463084	32.3532	0.655306	0
4.28237	0.00454386	31.4202	0.648504	0
4.27616	0.00443652	31.5202	0.640003	0
4.27113	0.0044059	31.187	0.633201	0
4.2658	0.00435096	30.304	0.634222	0
4.26194	0.00448289	31.3869	0.645784	0
4.26197	0.00432158	30.7872	0.619259	0
4.25748	0.00434422	30.5706	0.635582	0
4.24122	0.00422805	29.3544	0.617898	0
4.23119	0.00426074	29.3878	0.634562	0
4.23738	0.00423343	29.2378	0.630141	0
4.23191	0.00424751	29.1878	0.62504	0
4.22217	0.00412686	29.0546	0.62334	0
4.22403	0.00406713	28.788	0.602255	0
4.22493	0.00427793	29.2378	0.632861	0
4.21666	0.00426022	28.2382	0.622659	0
4.20722	0.00407919	28.5381	0.616878	0
4.20545	0.0041853	27.2387	0.617218	0
4.20047	0.00415878	28.1883	0.615178	0
4.19356	0.00400927	27.2387	0.608377	0
4.18859	0.0039494	26.7722	0.606336	0
4.18292	0.00386527	26.0725	0.593414	0
4.17773	0.00391431	26.0558	0.593074	0
4.16815	0.00388207	25.3894	0.593074	0
4.16366	0.00388168	25.0396	0.589673	0
4.16631	0.00390763	25.2895	0.599875	0
4.16309	0.00382195	25.5394	0.598175	0
4.15212	0.00380009	24.3565	0.592734	0
4.14642	0.00374366	24.4898	0.579131	0
4.15303	0.0037997	25.4727	0.604636	0
4.14903	0.00380936	24.9563	0.597495	0
4.14097	0.0037168	23.8401	0.57471	0
4.13972	0.00377051	23.8067	0.57505	0
4.13119	0.00377349	22.1908	0.569269	0
4.12633	0.00362321	23.0071	0.569609	0
4.12945	0.00363728	23.5902	0.576411	0
4.12643	0.00353642	23.3403	0.567909	0
4.12499	0.0036546	23.7901	0.564168	0
4.12232	0.00367743	23.6068	0.583212	0
4.11553	0.00359104	21.9575	0.558727	0
4.10771	0.00354031	22.5739	0.563828	0
4.10525	0.00355024	21.9409	0.558727	0
4.10445	0.00347435	21.691	0.556007	0
4.10272	0.00347597	22.7572	0.569269	0
4.09825	0.00343764	21.2578	0.553966	0
4.09897	0.00342233	21.491	0.542404	0
4.09756	0.00350834	21.1912	0.549205	0
4.09233	0.00352027	21.0246	0.543764	0
4.09015	0.00341104	21.2245	0.546485	0
4.08969	0.00342869	21.691	0.549205	0
4.08842	0.00349374	21.3411	0.556687	0
4.08321	0.00346858	21.8909	0.549205	0
4.07618	0.00340748	20.5248	0.550226	0
4.07359	0.00351398	20.6747	0.542404	0
4.07137	0.00341811	20.6747	0.552946	0
4.0692	0.0034355	19.3419	0.532542	0
4.06757	0.00330934	20.7913	0.550906	0
4.06549	0.00339243	19.242	0.5237	0
4.05922	0.00340521	19.7584	0.548525	0
4.05664	0.00318694	19.0254	0.52302	0
4.0589	0.00325187	19.1753	0.529482	0
4.0578	0.00334806	20.1749	0.546145	0
4.05562	0.00330538	18.7422	0.515199	0
4.05281	0.00328456	18.7589	0.526761	0
4.05043	0.00328793	18.8588	0.508738	0
4.04357	0.00328521	18.2757	0.528461	0
4.03895	0.00328819	18.3757	0.515879	0
4.04024	0.00322314	17.8092	0.508057	0
4.03851	0.00324603	19.2253	0.517239	0
4.03149	0.00313434	17.8592	0.499556	0
4.02157	0.00306851	16.2432	0.480852	0
4.02055	0.00308446	18.1924	0.51996	0
4.02903	0.0031226	17.7593	0.513158	0
4.03184	0.0031562	18.2591	0.515199	0
4.02857	0.00312007	18.7922	0.51894	0
4.02714	0.00326387	17.5594	0.506357	0
4.02037	0.00309166	17.6093	0.498536	0
4.01348	0.00304425	17.4427	0.508397	0
4.01094	0.00300786	16.0267	0.483573	0
4.00811	0.00300552	16.1933	0.485273	0
4.01097	0.00307266	17.7759	0.513158	0
4.00797	0.00308822	16.3265	0.494795	0
3.99971	0.00301409	16.3599	0.491054	0
4.0039	0.00308485	16.6597	0.495135	0
3.99888	0.00304353	16.11	0.489014	0
3.99018	0.00302686	16.1599	0.492754	0
3.99353	0.00289604	15.6435	0.478812	0
3.99578	0.00290265	16.06	0.485613	0
3.99387	0.00298924	15.6768	0.474391	0
3.99256	0.00292873	15.5935	0.482212	0
3.98547	0.00280743	14.8105	0.453307	0
3.98219	0.00290148	15.3936	0.480172	0
3.98491	0.0028891	15.0604	0.46759	0
3.98373	0.00288871	14.8938	0.473371	0
3.98017	0.00288306	15.127	0.475751	0
3.97065	0.0028496	13.9942	0.460108	0
3.96422	0.00278253	14.8938	0.46759	0
3.96589	0.0028145	13.8442	0.460448	0
3.96735	0.00284817	14.7938	0.46827	0
3.96793	0.00289863	13.9942	0.461128	0
3.96264	0.00281956	13.9775	0.463509	0
3.96034	0.00279842	13.5777	0.459428	0
3.96235	0.00276657	13.7609	0.451947	0
3.96296	0.00276858	14.3607	0.47099	0
3.96245	0.00273129	13.9275	0.452287	0
3.95628	0.00275386	13.4777	0.453307	0
3.94792	0.00261603	12.1116	0.439364	0
3.95124	0.00274303	13.6776	0.46963	0
3.95371	0.00275431	12.6781	0.450246	0
3.94941	0.00272752	13.2445	0.450926	0
3.95024	0.00280036	13.9109	0.448546	0
3.94655	0.00273511	13.4611	0.449566	0
3.9463	0.00267615	13.6776	0.457048	0
3.94907	0.00266065	13.3611	0.440384	0
3.94459	0.00269256	13.0945	0.441065	0
3.93904	0.00271533	12.8446	0.438684	0
3.93762	0.00263503	12.3449	0.432563	0
3.93934	0.00263419	12.3782	0.431543	0
3.93795	0.00256109	12.0616	0.421341	0
3.93383	0.00252794	11.6285	0.430523	0
3.93343	0.00256991	12.5115	0.444805	0
3.93436	0.00258081	11.895	0.433243	0
3.93365	0.00264722	12.9113	0.438684	0
3.93344	0.00260818	12.6114	0.428822	0
3.92979	0.00260701	12.1949	0.439364	0
3.92418	0.00252716	11.2287	0.409098	0
3.92842	0.00260039	12.5614	0.428482	0
3.92884	0.00263367	12.0783	0.434603	0
3.9217	0.00266227	12.2616	0.435964	0
3.91983	0.00256718	11.8451	0.421681	0
3.9188	0.00248903	11.3786	0.414539	0
3.9163	0.00244447	11.3619	0.41896	0
3.91747	0.00254383	11.8117	0.422701	0
3.9191	0.00253735	11.2287	0.428482	0
3.9198	0.00254234	12.4282	0.433243	0
3.91868	0.00257776	11.7784	0.432903	0
3.91354	0.00257043	10.9954	0.421001	0
3.91106	0.00249149	11.3786	0.41658	0
3.91496	0.00246399	11.7451	0.424741	0
3.90957	0.00249687	10.6789	0.404678	0
3.90377	0.00245374	10.6456	0.407058	0
3.91056	0.00253845	11.2453	0.410459	0
3.91012	0.00247359	11.5785	0.41556	0
3.90497	0.00251212	11.0954	0.410459	0
3.90674	0.00244168	11.5119	0.41828	0
3.90577	0.00237571	10.3457	0.397876	0
3.90708	0.00249674	11.6118	0.424401	0
3.90737	0.00251562	10.7289	0.398896	0
3.90331	0.0024601	10.7289	0.409439	0
3.89854	0.0023822	10.2624	0.396516	0
3.89749	0.00235755	10.2457	0.396176	0
3.89511	0.0024156	10.1791	0.396176	0
3.89159	0.0023748	10.479	0.400597	0
3.89039	0.0023604	10.2124	0.405018	0
3.89021	0.00234711	10.1125	0.402637	0
3.88693	0.0023187	10.5623	0.403657	0
3.87827	0.00231117	8.79633	0.379173	0
3.87057	0.00224754	8.87963	0.36625	0
3.87008	0.00215025	8.84631	0.370331	0
3.8669	0.00215823	7.94669	0.352648	0
3.86007	0.00209641	7.71345	0.346867	0
3.85619	0.00208545	6.74719	0.332584	0
3.85313	0.00198063	6.78051	0.329863	0
3.85378	0.00201216	6.71387	0.328843	0
3.85232	0.00194373	6.79717	0.334284	0
3.84948	0.00193367	7.01374	0.328843	0
3.84821	0.00191013	6.63057	0.326463	0
3.84589	0.00189489	6.56393	0.3132	0
3.8415	0.00186083	6.13078	0.31422	0
3.84048	0.00191584	6.09746	0.31082	0
3.84319	0.00198141	6.68055	0.322382	0
3.84147	0.00191006	6.69721	0.323402	0
3.83885	0.00191713	6.68055	0.326463	0
3.83728	0.0018801	6.06414	0.31048	0
3.83593	0.00186719	5.66431	0.302658	0
3.83457	0.00176179	5.84756	0.3115	0
3.83218	0.001747	5.49771	0.293816	0
3.83219	0.00179526	5.38109	0.295857	0
3.83243	0.00177483	5.1312	0.287015	0
3.83093	0.00179104	5.8309	0.305038	0
3.83116	0.00177813	5.58101	0.299938	0
3.82915	0.00183943	5.26447	0.297217	0
3.82587	0.00179305	4.81466	0.280894	0
3.82474	0.00171327	5.36443	0.288035	0
3.82325	0.00175932	5.08122	0.285995	0
3.82025	0.00172008	4.76468	0.277833	0
3.8186	0.00170302	4.83132	0.273412	0
3.82183	0.00172034	5.41441	0.293816	0
3.82373	0.00176095	5.19783	0.296877	0
3.82198	0.0016859	5.18117	0.283274	0
3.82082	0.00170971	5.19783	0.290416	0
3.81969	0.00170374	4.84798	0.280554	0
3.81863	0.00166852	4.38151	0.266611	0
3.81867	0.00167416	5.11454	0.287695	0
3.81879	0.00168642	5.19783	0.280554	0
3.81799	0.00169102	4.94794	0.282934	0
3.81345	0.00163609	4.14827	0.254369	0
3.81114	0.0016512	4.5481	0.276813	0
3.81163	0.00161955	4.7147	0.276813	0
3.81147	0.00167825	4.38151	0.26253	0
3.81154	0.00169187	4.73136	0.276133	0
3.8108	0.00165243	4.58142	0.269332	0
3.80828	0.00161047	4.36485	0.265251	0
3.80885	0.00164627	4.8813	0.280554	0
3.81207	0.00175135	5.08122	0.288715	0
3.81085	0.0016667	4.43149	0.266951	0
3.81083	0.00164886	4.81466	0.279874	0
3.81016	0.001625	4.39817	0.266951	0
3.80806	0.00165788	4.13161	0.256069	0
3.8075	0.00155157	4.13161	0.25947	0
3.80724	0.00166664	4.76468	0.274773	0
3.80538	0.00160346	4.31487	0.26083	0
3.80454	0.00159801	4.14827	0.265251	0
3.80506	0.00151058	4.41483	0.26015	0
3.80603	0.00161293	4.58142	0.269332	0
3.80414	0.0015827	4.06497	0.255389	0
3.80453	0.00156539	4.28155	0.25879	0
3.80592	0.00159924	4.66472	0.270352	0
3.80222	0.00160022	4.18159	0.25947	0
3.80013	0.00155851	4.14827	0.256749	0
3.8012	0.00151843	3.9317	0.253009	0
3.80237	0.00161429	4.23157	0.26083	0
3.80376	0.00162292	4.73136	0.279874	0
3.80197	0.00156279	4.03165	0.254709	0
3.79864	0.0015434	4.43149	0.270012	0
3.79769	0.00156837	4.06497	0.254369	0
3.79885	0.00154573	4.19825	0.26117	0
3.79746	0.00159496	3.96501	0.256069	0
3.79325	0.00150493	3.6818	0.244167	0
3.79289	0.00148852	3.78176	0.246887	0
3.79411	0.00149397	4.31487	0.26185	0
3.79237	0.00146089	3.5152	0.236005	0
3.79225	0.00148282	3.94835	0.249268	0
3.79357	0.0015216	3.64848	0.246547	0
3.79151	0.00151428	3.74844	0.249268	0
3.79124	0.0014954	3.56518	0.242126	0
3.79303	0.00154204	3.66514	0.245867	0
3.79185	0.00154372	3.79842	0.248588	0
3.79012	0.00148392	3.44856	0.234985	0
3.78884	0.00147691	3.41524	0.235325	0
3.78921	0.00147153	3.56518	0.238386	0
3.78943	0.00149903	3.94835	0.255729	0
3.78796	0.0014727	3.33195	0.232945	0
3.78545	0.00144591	3.66514	0.241446	0
3.78588	0.00150999	3.74844	0.244847	0
3.7864	0.00147905	3.56518	0.245527	0
3.78549	0.00145746	3.36526	0.233965	0
3.78536	0.00143294	3.26531	0.229544	0
3.78412	0.00141439	2.98209	0.216962	0
3.78309	0.00142016	3.16535	0.227844	0
3.78453	0.00141303	3.19867	0.225123	0
3.78497	0.00142282	3.5152	0.233625	0
3.78307	0.00143748	2.78217	0.2105	0
3.78026	0.00134914	2.69888	0.2088	0
3.77849	0.00137288	2.99875	0.219002	0
3.77927	0.00137852	2.88213	0.214921	0
3.77993	0.00142528	3.16535	0.229204	0
3.77871	0.00137326	2.83215	0.217302	0
3.77585	0.00135841	2.51562	0.202339	0
3.7787	0.00136516	2.89879	0.216962	0
3.77948	0.00139357	3.08205	0.221382	0
3.77724	0.00139383	3.04873	0.224103	0
3.77731	0.00136846	2.91545	0.221382	0
3.77948	0.00142956	3.19867	0.228864	0
3.77774	0.00138883	2.58226	0.2088	0
3.77473	0.00134524	2.68222	0.20812	0
3.7754	0.00138267	2.66556	0.2105	0
3.77504	0.00132922	2.96543	0.221723	0
3.77411	0.00134336	2.68222	0.20948	0
3.77317	0.00128609	2.76551	0.20846	0
3.77352	0.00135069	2.54894	0.2088	0
3.77539	0.00138961	2.99875	0.214921	0
3.77476	0.00138591	2.91545	0.213561	0
3.77271	0.00136068	2.98209	0.216962	0
3.77027	0.0013516	2.59892	0.20812	0
3.77008	0.00131761	2.26572	0.193157	0
3.76976	0.00130289	2.51562	0.205059	0
3.76909	0.00131716	2.51562	0.200979	0
3.77101	0.00131249	2.49896	0.204379	0
3.77205	0.00131132	2.86547	0.218322	0
3.77017	0.00131307	2.46564	0.200638	0
3.7678	0.00124626	2.54894	0.203699	0
3.7675	0.0012281	2.28238	0.193837	0
3.76901	0.00127208	2.59892	0.20676	0
3.76824	0.00128797	2.5656	0.204039	0
3.76803	0.00130925	2.43232	0.200638	0
3.76762	0.00132163	2.43232	0.196558	0
3.76729	0.00133746	2.59892	0.20812	0
3.76516	0.00127863	2.21574	0.188396	0
3.76512	0.00125269	2.38234	0.196218	0
3.76574	0.00124296	2.34902	0.197578	0
3.76457	0.00125697	2.26572	0.190096	0
3.76529	0.00122466	2.29904	0.190096	0
3.76476	0.00125911	2.38234	0.197578	0
3.76565	0.00125496	2.13244	0.184995	0
3.76449	0.00122616	2.24906	0.192477	0
3.76372	0.00126689	2.29904	0.191457	0
3.76519	0.00126553	2.1491	0.185676	0
3.76354	0.00124315	2.3157	0.194857	0
3.76162	0.00121967	2.06581	0.183635	0
3.76086	0.00120307	2.18242	0.188396	0
3.76123	0.001208	2.09913	0.188056	0
3.7604	0.00122953	2.19908	0.190437	0
3.75914	0.00119133	1.73261	0.167992	0
3.75899	0.00119833	2.33236	0.191457	0
3.76022	0.00120138	1.81591	0.177854	0
3.75996	0.00119334	1.98251	0.183295	0
3.7595	0.0012126	2.18242	0.188396	0
3.75956	0.00122732	2.01583	0.184655	0
3.75946	0.00121169	2.06581	0.183635	0
3.75849	0.00119146	1.86589	0.175474	0
3.75713	0.00117868	1.63265	0.161531	0
3.75705	0.00117608	1.68263	0.163911	0
3.75704	0.00121552	1.98251	0.183295	0
3.75775	0.00118607	1.98251	0.178874	0
3.75729	0.00118769	1.89921	0.176834	0
3.75732	0.0012017	2.09913	0.188056	0
3.75781	0.00121318	1.76593	0.174113	0
3.75772	0.00118452	1.88255	0.176154	0
3.75767	0.00118225	1.94919	0.175814	0
3.75584	0.00116934	1.88255	0.177514	0
3.75532	0.00114741	1.56601	0.160171	0
3.75543	0.00116558	1.53269	0.15847	0
3.75529	0.00116713	1.83257	0.173773	0
3.75528	0.00117777	1.63265	0.168332	0
3.75446	0.00117193	1.91587	0.180575	0
3.75395	0.00117187	1.84923	0.173093	0
3.75449	0.00120495	2.09913	0.186696	0
3.75365	0.00116233	1.94919	0.178874	0
3.75411	0.00119191	1.68263	0.165612	0
3.75427	0.00120041	1.78259	0.171733	0
3.75484	0.00118075	2.06581	0.182275	0
3.75369	0.00116305	1.79925	0.172413	0
3.75205	0.00117401	1.81591	0.174794	0
3.75407	0.00118789	1.73261	0.169352	0
3.75403	0.00120041	2.06581	0.185336	0
3.75245	0.00116888	1.53269	0.15677	0
3.75091	0.00114865	1.51603	0.159491	0
3.75347	0.00116856	1.91587	0.174453	0
3.75387	0.00118542	1.94919	0.177514	0
3.7522	0.00116849	1.49938	0.15677	0
3.75302	0.001184	1.89921	0.176834	0
3.75424	0.0012377	2.06581	0.183635	0
3.75195	0.00119288	1.49938	0.15677	0
3.75076	0.00118711	1.89921	0.176834	0
3.75242	0.00116227	1.81591	0.173093	0
3.75213	0.00115572	1.88255	0.172753	0
3.74984	0.0011061	1.63265	0.163231	0
3.75068	0.00116032	1.69929	0.166292	0
3.75116	0.00114346	1.49938	0.162211	0
3.7498	0.00116441	1.59933	0.159831	0
3.75066	0.00119866	1.83257	0.177174	0
3.7499	0.00118938	1.54935	0.15745	0
3.74875	0.00115864	1.68263	0.165612	0
3.75001	0.00115169	1.83257	0.175474	0
3.74998	0.00116687	1.74927	0.166972	0
3.74849	0.00114988	1.49938	0.15677	0
3.749	0.00111972	1.74927	0.170373	0
3.74894	0.00111252	1.41608	0.152689	0
3.74829	0.00111343	1.3661	0.152009	0
3.7481	0.00112997	1.78259	0.170033	0
3.7488	0.00114333	1.78259	0.173433	0
3.74787	0.0011107	1.33278	0.148268	0
3.74634	0.00106783	1.31612	0.145548	0
3.74612	0.00108151	1.16618	0.137386	0
3.74588	0.00105291	1.49938	0.15677	0
3.7479	0.00114553	1.56601	0.163571	0
3.74751	0.00110084	1.39942	0.149969	0
3.74646	0.00109877	1.39942	0.149969	0
3.74667	0.00105972	1.31612	0.147588	0
3.74671	0.00110694	1.58267	0.160851	0
3.74644	0.00111336	1.39942	0.153709	0
3.74599	0.00109669	1.53269	0.160171	0
3.74826	0.00114274	1.61599	0.160851	0
3.74447	0.00105641	0.949604	0.124464	0
3.74378	0.00109948	1.48272	0.15779	0
3.74547	0.00110597	1.4494	0.15609	0
3.74497	0.00110435	1.56601	0.160171	0
3.74549	0.00111193	1.43274	0.153709	0
3.7456	0.00113535	1.63265	0.163231	0
3.74456	0.00109559	1.48272	0.15609	0
3.74391	0.00107204	1.4494	0.152689	0
3.74515	0.00111965	1.48272	0.159491	0
3.74601	0.00113081	1.51603	0.15575	0
3.74522	0.0010952	1.53269	0.15677	0
3.74466	0.00108748	1.29946	0.146568	0
3.74399	0.00109449	1.31612	0.147588	0
3.74371	0.00108502	1.54935	0.15745	0
3.74518	0.001076	1.48272	0.15439	0
3.74568	0.00111083	1.4494	0.15609	0
3.74373	0.0011312	1.59933	0.163571	0
3.74356	0.00112834	1.49938	0.15507	0
3.74233	0.00109293	1.2828	0.145888	0
3.74165	0.00108755	1.18284	0.140447	0
3.74158	0.00107665	1.14952	0.138407	0
3.74081	0.00104973	1.16618	0.137386	0
3.74204	0.00109014	1.66597	0.166632	0
3.74358	0.00110525	1.3661	0.152009	0
3.74292	0.00113645	1.4494	0.15609	0
3.74126	0.00110208	1.23282	0.143167	0
3.74126	0.00107561	1.24948	0.142147	0
3.74144	0.00107386	1.48272	0.15439	0
3.74032	0.00104279	1.13286	0.137386	0
3.73993	0.000993561	1.1995	0.139087	0
3.73989	0.0010557	1.06622	0.133646	0
3.74097	0.00105661	1.29946	0.150309	0
3.74265	0.00110039	1.2828	0.145888	0
3.74261	0.00112011	1.4494	0.152689	0
3.7419	0.00111129	1.41608	0.150989	0
3.73936	0.00105447	1.29946	0.144868	0
3.73957	0.00102508	1.08288	0.134666	0
3.74162	0.001052	1.38276	0.152689	0
3.74109	0.00107542	1.14952	0.136366	0
3.74092	0.00107295	1.24948	0.142147	0
3.7405	0.00104247	1.14952	0.136366	0
3.74103	0.00104759	1.41608	0.152689	0
3.73974	0.00102456	1.14952	0.138407	0
3.74049	0.00105369	1.1995	0.139087	0
3.73994	0.00103974	1.26614	0.142827	0
3.73866	0.00103793	1.1162	0.134326	0
3.73893	0.00105499	1.06622	0.131605	0
3.73849	0.00102975	1.01624	0.130585	0
3.73748	0.00101899	1.1995	0.141127	0
3.73815	0.00105278	1.04956	0.134666	0
3.73821	0.00105382	1.06622	0.131605	0
3.73706	0.001021	0.916285	0.122083	0
3.73879	0.00104065	1.08288	0.136706	0
3.73891	0.00102936	1.01624	0.128545	0
3.73738	0.00100647	1.13286	0.135346	0
3.73931	0.00103592	1.21616	0.140107	0
3.73931	0.00103546	1.01624	0.128545	0
3.73732	0.00104467	1.14952	0.138407	0
3.73748	0.00104033	1.08288	0.136706	0
3.73658	0.000998231	0.866306	0.118683	0
3.73707	0.00103773	1.1162	0.136366	0
3.73829	0.00105019	1.08288	0.134666	0
3.73597	0.00101633	0.849646	0.122423	0
3.73677	0.00102028	1.13286	0.135346	0
3.73865	0.00104182	1.1162	0.134326	0
3.73893	0.00104396	1.31612	0.147588	0
3.73997	0.00107613	1.21616	0.140107	0
3.73881	0.00105901	1.06622	0.131605	0
3.73664	0.00102229	0.966264	0.125484	0
3.73728	0.000992198	1.13286	0.137386	0
3.73844	0.00102541	0.999584	0.127524	0
3.73725	0.00102372	1.0329	0.131605	0
3.73811	0.00106206	1.31612	0.147588	0
3.73825	0.00104506	1.14952	0.138407	0
3.73665	0.00104597	1.16618	0.137386	0
3.7353	0.000998879	0.949604	0.124464	0
3.73551	0.00104577	0.999584	0.127524	0
3.73451	0.00101133	0.949604	0.124464	0
3.73382	0.000959443	0.783007	0.113242	0
3.73508	0.00101237	0.999584	0.129565	0
3.73527	0.00100802	1.21616	0.140107	0
3.73453	0.00096807	0.882965	0.120043	0
3.73594	0.0010136	1.01624	0.128545	0
3.73639	0.00100751	0.966264	0.125484	0
3.73638	0.00104603	1.1162	0.134326	0
3.73539	0.000991226	0.966264	0.125484	0
3.7352	0.00100997	0.932945	0.123104	0
3.73515	0.00100588	0.932945	0.123104	0
3.7329	0.000979485	0.799667	0.114262	0
3.73245	0.000967032	0.849646	0.120043	0
3.73475	0.00100738	0.999584	0.129565	0
3.73557	0.00103968	1.16618	0.139427	0
3.73539	0.00101672	0.949604	0.124464	0
3.73515	0.00101788	1.04956	0.130585	0
3.73611	0.00101334	0.932945	0.123104	0
3.73591	0.00102204	1.08288	0.134666	0
3.73569	0.00102748	0.866306	0.118683	0
3.73589	0.00102833	0.966264	0.131945	0
3.736	0.000986037	0.866306	0.118683	0
3.73519	0.000997387	1.14952	0.136366	0
3.7341	0.000991939	1.01624	0.128545	0
3.73493	0.000979226	1.13286	0.135346	0
3.73583	0.00103163	0.999584	0.131605	0
3.73473	0.00100867	0.999584	0.129565	0
3.73482	0.00100828	1.09954	0.133646	0
3.73547	0.00100491	0.932945	0.123104	0
3.73365	0.00102489	0.949604	0.124464	0
3.73353	0.000987853	0.716368	0.108141	0
3.7332	0.000968783	0.749688	0.113242	0
3.73407	0.000957821	0.716368	0.108141	0
3.73426	0.000993885	0.916285	0.122083	0
3.73361	0.000954319	0.949604	0.124464	0
3.73424	0.000981366	0.932945	0.123104	0
3.73583	0.00100245	0.949604	0.124464	0
3.73489	0.000979226	0.966264	0.125484	0
3.7349	0.000977864	1.06622	0.131605	0
3.73487	0.00103287	0.899625	0.123444	0
3.7324	0.00099395	0.733028	0.109501	0
3.73233	0.000971507	0.832986	0.116642	0
3.73431	0.0010088	1.1162	0.134326	0
3.73451	0.00101308	1.01624	0.128545	0
3.73391	0.00100705	0.966264	0.125484	0
3.73261	0.000966902	0.932945	0.123104	0
3.73297	0.00101231	0.849646	0.117663	0
3.73422	0.000959962	0.866306	0.118683	0
3.73322	0.00098195	0.783007	0.113242	0
3.7329	0.000985777	0.966264	0.125484	0
3.73341	0.000984934	0.949604	0.126504	0
3.73278	0.0010197	0.916285	0.122083	0
3.73178	0.000974426	0.832986	0.116642	0
3.7321	0.000974102	0.783007	0.113242	0
3.73171	0.000990447	0.882965	0.120043	0
3.73216	0.000993171	0.899625	0.123444	0
3.73238	0.000985064	0.899625	0.121063	0
3.73327	0.000974491	0.982924	0.128545	0
3.73358	0.00100913	1.06622	0.133646	0
3.73435	0.00101036	0.932945	0.125484	0
3.73428	0.00102249	1.08288	0.132625	0
3.73294	0.00100537	0.683049	0.10576	0
3.73315	0.00100446	0.966264	0.125484	0
3.73371	0.000982923	0.749688	0.110861	0
3.73456	0.00101412	0.982924	0.128545	0
3.73505	0.00103968	1.04956	0.134666	0
3.73241	0.000985323	0.683049	0.10576	0
3.73094	0.000975853	0.882965	0.120043	0
3.73211	0.000962946	0.649729	0.10338	0
3.73115	0.000952892	0.766347	0.114262	0
3.73216	0.000969951	0.733028	0.111881	0
3.73293	0.000940892	0.63307	0.10202	0
3.73156	0.000929217	0.716368	0.108141	0
3.73183	0.0009538	0.816327	0.115282	0
3.73238	0.000976956	0.866306	0.123444	0
3.73163	0.000959054	0.799667	0.116642	0
3.73197	0.000947833	0.799667	0.114262	0
3.73298	0.000970924	0.932945	0.123104	0
3.73244	0.000978513	1.0329	0.131605	0
3.73293	0.000991744	0.932945	0.123104	0
3.73301	0.000974815	0.766347	0.111881	0
3.73053	0.000936547	0.649729	0.10576	0
3.73156	0.000954578	0.849646	0.117663	0
3.73207	0.000990577	0.783007	0.113242	0
3.73058	0.000988242	0.783007	0.113242	0
3.73041	0.000978123	0.683049	0.10576	0
3.73195	0.000954903	0.649729	0.10338	0
3.73198	0.000955097	0.783007	0.113242	0
3.73133	0.000954838	0.866306	0.118683	0
3.73112	0.000947833	0.799667	0.114262	0
3.7313	0.00100206	0.649729	0.10338	0
3.7305	0.000955551	0.683049	0.10576	0
3.73052	0.000949843	0.516451	0.0921577	0
3.72907	0.000909564	0.58309	0.0979388	0
3.73008	0.000913391	0.666389	0.1044	0
3.73134	0.000954384	0.882965	0.120043	0
3.73194	0.000975983	0.733028	0.111881	0
3.73188	0.000997452	0.766347	0.114262	0
3.73196	0.000971507	0.816327	0.117663	0
3.73231	0.000990512	0.982924	0.126504	0
3.73345	0.00102106	0.882965	0.122423	0
3.7305	0.000949779	0.699708	0.109501	0
3.7308	0.000967097	0.716368	0.110861	0
3.73222	0.0009514	0.733028	0.109501	0
3.73115	0.000936612	0.716368	0.110861	0
3.73114	0.000946471	0.733028	0.114602	0
3.73196	0.000973194	0.832986	0.119023	0
3.73135	0.00093713	0.699708	0.107121	0
3.72908	0.000915531	0.433153	0.0843362	0
3.72932	0.000917607	0.61641	0.100659	0
3.73042	0.00089244	0.483132	0.0890971	0
3.73028	0.000947962	0.849646	0.117663	0
3.73084	0.000958146	0.783007	0.115622	0
3.73058	0.000974167	0.716368	0.108141	0
3.73105	0.000953995	0.816327	0.115282	0
3.73085	0.000940828	0.699708	0.107121	0
3.73102	0.000923639	0.649729	0.10576	0
3.73101	0.000920785	0.716368	0.110861	0
3.7306	0.00095847	0.749688	0.110861	0
3.72976	0.000916699	0.549771	0.0952183	0
3.72911	0.000908137	0.666389	0.1044	0
3.72939	0.000913521	0.499792	0.0907974	0
3.72944	0.000891662	0.549771	0.0952183	0
3.72914	0.000918061	0.499792	0.0907974	0
3.73073	0.00092539	0.683049	0.10576	0
3.73044	0.000955876	0.866306	0.123444	0
3.73086	0.000966448	0.799667	0.116642	0
3.73217	0.000958211	0.649729	0.10338	0
3.73133	0.000954513	0.59975	0.10474	0
3.73065	0.000942125	0.666389	0.1044	0
3.73133	0.000909759	0.683049	0.10576	0
3.73107	0.000969562	0.666389	0.109841	0
3.7315	0.000931293	0.59975	0.099299	0
3.73106	0.000945433	0.866306	0.118683	0
3.73168	0.000981302	0.733028	0.109501	0
3.73158	0.000950297	0.61641	0.100659	0
3.73053	0.000970664	0.749688	0.110861	0
3.73064	0.00096781	0.866306	0.121063	0
3.73129	0.000981626	0.866306	0.121063	0
3.73117	0.000948287	0.683049	0.10576	0
3.73068	0.000967745	0.849646	0.120043	0
3.73092	0.000940633	0.683049	0.108481	0
3.7313	0.000961713	0.832986	0.116642	0
3.72975	0.00093512	0.549771	0.0952183	0
3.72937	0.000921109	0.63307	0.10202	0
3.73007	0.000938557	0.666389	0.1044	0
3.73058	0.000940374	0.59975	0.099299	0
3.72947	0.000923574	0.549771	0.0952183	0
3.72877	0.000916245	0.566431	0.0965785	0
3.72908	0.00091391	0.533111	0.0935179	0
3.7305	0.000932785	0.733028	0.109501	0
3.72983	0.000937779	0.699708	0.109501	0
3.7301	0.000923769	0.63307	0.10474	0
3.72962	0.000926623	0.533111	0.0935179	0
3.72941	0.000934276	0.699708	0.107121	0
3.73019	0.000917283	0.699708	0.109501	0
3.73011	0.000912158	0.666389	0.1044	0
3.7306	0.000910407	0.533111	0.0935179	0
3.7303	0.000928179	0.516451	0.0952183	0
3.73132	0.000961259	0.61641	0.100659	0
3.73068	0.000941217	0.683049	0.10576	0
3.72954	0.000916958	0.483132	0.0890971	0
3.7297	0.000902429	0.549771	0.0952183	0
3.73032	0.000928958	0.749688	0.110861	0
3.73089	0.000934276	0.683049	0.10576	0
3.73149	0.000958989	0.61641	0.100659	0
3.73178	0.000961324	0.61641	0.100659	0
3.73083	0.000944914	0.683049	0.108481	0
3.73035	0.000943487	0.683049	0.10576	0
3.7305	0.00093006	0.699708	0.107121	0
3.73093	0.000953865	0.59975	0.10202	0
3.73003	0.000896267	0.533111	0.0935179	0
3.73006	0.000895229	0.516451	0.0921577	0
3.73055	0.000940763	0.699708	0.107121	0
3.72932	0.00091618	0.383174	0.0795753	0
3.72882	0.000894451	0.533111	0.0935179	0
3.72984	0.000914039	0.566431	0.0965785	0
3.73077	0.00093726	0.716368	0.110861	0
3.73191	0.000941346	0.783007	0.113242	0
3.73052	0.000943292	0.59975	0.10202	0
3.73018	0.000902299	0.533111	0.0935179	0
3.72991	0.000914429	0.649729	0.10338	0
3.72953	0.000917153	0.649729	0.10338	0
3.72941	0.000892116	0.516451	0.0921577	0
3.72983	0.000881219	0.499792	0.0907974	0
3.72988	0.000899964	0.416493	0.0829759	0
3.73069	0.000889781	0.58309	0.0979388	0
3.73143	0.000950427	0.61641	0.100659	0
3.72975	0.00093019	0.649729	0.10338	0
3.72887	0.00090885	0.499792	0.0907974	0
3.73014	0.000896786	0.61641	0.100659	0
3.73057	0.000900418	0.683049	0.10576	0
3.73004	0.00090885	0.699708	0.109501	0
3.73071	0.000926169	0.58309	0.0979388	0
3.72968	0.00090191	0.499792	0.0907974	0
3.72898	0.000903337	0.566431	0.0965785	0
3.73013	0.000913261	0.59975	0.099299	0
3.73029	0.000878495	0.499792	0.0907974	0
3.73011	0.000920915	0.733028	0.109501	0
3.73131	0.000901326	0.566431	0.0965785	0
3.73098	0.00089964	0.483132	0.0890971	0
3.73058	0.000950038	0.666389	0.1044	0
3.73017	0.000905413	0.59975	0.10202	0
3.72968	0.000906386	0.499792	0.0907974	0
3.7304	0.00090658	0.483132	0.0890971	0
3.73121	0.000927206	0.699708	0.109501	0
3.73096	0.000911834	0.59975	0.099299	0
3.73013	0.000893673	0.566431	0.0965785	0
3.73097	0.000918126	0.566431	0.0965785	0
3.72902	0.000877522	0.433153	0.0843362	0
3.73038	0.000924158	0.666389	0.1044	0
3.73095	0.000908591	0.499792	0.0907974	0
3.73018	0.000894127	0.399833	0.0812756	0
3.7308	0.000900743	0.61641	0.100659	0
3.73145	0.00093045	0.749688	0.113242	0
3.7304	0.000918969	0.533111	0.0935179	0
3.7299	0.000894775	0.516451	0.0921577	0
3.7313	0.000896656	0.61641	0.100659	0
3.73158	0.000926947	0.783007	0.113242	0
3.73104	0.000932979	0.483132	0.0890971	0
3.72953	0.000895359	0.59975	0.10202	0
3.73046	0.000895554	0.549771	0.0952183	0
3.73053	0.000901391	0.58309	0.0979388	0
3.72977	0.000922536	0.466472	0.0877368	0
3.73046	0.00091365	0.58309	0.0979388	0
3.73105	0.000925974	0.549771	0.0952183	0
3.73009	0.000869998	0.283215	0.0683531	0
3.72979	0.000879014	0.466472	0.0877368	0
3.73058	0.000903532	0.516451	0.0921577	0
3.73124	0.000902689	0.58309	0.0979388	0
3.73102	0.000901326	0.466472	0.0877368	0
3.7311	0.000914493	0.533111	0.0935179	0
3.73098	0.000904634	0.433153	0.0843362	0
3.7301	0.000899121	0.449813	0.0860365	0
3.73029	0.000907553	0.416493	0.0829759	0
3.73111	0.000915272	0.666389	0.109841	0
3.73076	0.000863771	0.316535	0.0724339	0
3.73149	0.000881284	0.483132	0.0921577	0
3.73224	0.000891143	0.566431	0.0965785	0
3.73124	0.000862539	0.433153	0.0843362	0
3.73255	0.000894775	0.533111	0.0935179	0
3.73214	0.000891143	0.549771	0.0952183	0
3.73118	0.00093486	0.58309	0.100659	0
3.73232	0.000900808	0.533111	0.0935179	0
3.73118	0.000908137	0.483132	0.0890971	0
3.73057	0.000896073	0.466472	0.0877368	0
3.73031	0.00086896	0.316535	0.0724339	0
3.73038	0.000870841	0.383174	0.0795753	0
3.73184	0.000922212	0.59975	0.099299	0
3.73209	0.000916374	0.566431	0.0965785	0
3.73075	0.000880441	0.466472	0.0877368	0
3.73005	0.000874992	0.483132	0.0890971	0
3.73122	0.000886797	0.366514	0.0778749	0
3.73148	0.000901716	0.63307	0.10202	0
3.73189	0.000892311	0.59975	0.099299	0
3.73202	0.000915077	0.566431	0.0965785	0
3.72917	0.0008783	0.399833	0.0812756	0
3.72991	0.000867922	0.349854	0.0761746	0
3.73206	0.000883749	0.499792	0.0907974	0
3.73227	0.000921758	0.61641	0.10338	0
3.73272	0.000912612	0.61641	0.10338	0
3.73186	0.000913845	0.683049	0.110861	0
3.7319	0.000891857	0.466472	0.0907974	0
3.73177	0.000884722	0.466472	0.0877368	0
3.73232	0.000922536	0.566431	0.0965785	0
3.7332	0.000893802	0.316535	0.0724339	0
3.7323	0.000906386	0.59975	0.099299	0
3.73237	0.000881803	0.499792	0.0907974	0
3.73285	0.000883749	0.466472	0.0877368	0
3.7318	0.00090658	0.59975	0.099299	0
3.7319	0.000920201	0.749688	0.113242	0
3.73231	0.000884332	0.366514	0.0778749	0
3.73056	0.000886668	0.449813	0.0860365	0
3.73077	0.000871295	0.433153	0.0843362	0
3.73115	0.000876938	0.416493	0.0829759	0
3.7306	0.000861955	0.299875	0.0703935	0
3.73153	0.000866755	0.499792	0.0907974	0
3.73224	0.000902948	0.516451	0.0921577	0
3.73226	0.000886019	0.449813	0.0860365	0
3.7319	0.000874409	0.533111	0.0935179	0
3.73241	0.000884722	0.383174	0.0795753	0
3.73203	0.000869479	0.383174	0.0795753	0
3.7318	0.000858452	0.316535	0.0724339	0
3.73251	0.000881738	0.533111	0.0935179	0
3.73156	0.000869803	0.316535	0.0724339	0
3.73243	0.000887057	0.566431	0.0965785	0
3.73319	0.000894905	0.399833	0.0812756	0
3.73346	0.000868052	0.449813	0.0860365	0
3.73298	0.00088803	0.566431	0.0965785	0
3.73304	0.000899316	0.333195	0.0741342	0
3.73235	0.000868312	0.449813	0.0860365	0
3.73154	0.000860852	0.483132	0.0890971	0
3.73177	0.000883619	0.449813	0.0860365	0
3.73262	0.000893348	0.566431	0.099299	0
3.73351	0.000910537	0.549771	0.0952183	0
3.73264	0.000885759	0.433153	0.0843362	0
3.73155	0.000894321	0.533111	0.0935179	0
3.73272	0.000851188	0.316535	0.0724339	0
3.73326	0.000847037	0.366514	0.0812756	0
3.73247	0.000889911	0.483132	0.0890971	0
3.73312	0.000883684	0.59975	0.099299	0
3.7324	0.000878625	0.333195	0.0778749	0
3.73168	0.000858128	0.383174	0.0795753	0
3.73296	0.000855015	0.549771	0.0979388	0
3.73195	0.000874084	0.349854	0.0795753	0
3.73197	0.000855144	0.466472	0.0877368	0
3.73326	0.000837761	0.299875	0.0703935	0
3.73281	0.000869155	0.433153	0.0843362	0
3.73361	0.000857155	0.416493	0.0829759	0
3.73325	0.000872333	0.383174	0.0795753	0
3.73283	0.00084561	0.283215	0.0683531	0
3.7325	0.000836529	0.349854	0.0761746	0
3.73384	0.000872398	0.516451	0.0952183	0
3.73363	0.000894256	0.449813	0.0860365	0
3.73316	0.000868636	0.383174	0.0795753	0
3.73318	0.00088537	0.433153	0.0843362	0
3.73281	0.000863641	0.383174	0.0795753	0
3.73216	0.000845869	0.399833	0.0812756	0
3.73292	0.000876225	0.499792	0.0907974	0
3.734	0.000886408	0.533111	0.0935179	0
3.73427	0.000905218	0.549771	0.0979388	0
3.73404	0.000905542	0.516451	0.0921577	0
3.73404	0.000872074	0.516451	0.0921577	0
3.73309	0.000861047	0.366514	0.0778749	0
3.73331	0.000885565	0.433153	0.0843362	0
3.73292	0.000850993	0.249896	0.0642723	0
3.73265	0.000843729	0.416493	0.0829759	0
3.73334	0.000844572	0.383174	0.0795753	0
3.73333	0.000843599	0.366514	0.0778749	0
3.73298	0.000835556	0.449813	0.0860365	0
3.73362	0.000848853	0.383174	0.0795753	0
3.7332	0.000834389	0.349854	0.0761746	0
3.73425	0.000850604	0.483132	0.0890971	0
3.73388	0.000853588	0.299875	0.0703935	0
3.73408	0.000879533	0.433153	0.0843362	0
3.7341	0.000855469	0.349854	0.0761746	0
3.73359	0.000850085	0.233236	0.0622319	0
3.73382	0.000847231	0.316535	0.0761746	0
3.73364	0.000868636	0.366514	0.0812756	0
3.73447	0.000869479	0.383174	0.0795753	0
3.73474	0.00085255	0.416493	0.0829759	0
3.73386	0.000830627	0.349854	0.0761746	0
3.73488	0.000879598	0.483132	0.0890971	0
3.73448	0.000874863	0.249896	0.0683531	0
3.73417	0.000909694	0.533111	0.0935179	0
3.73399	0.000887122	0.399833	0.0812756	0
3.73395	0.000848204	0.416493	0.0829759	0
3.7339	0.000873176	0.366514	0.0778749	0
3.73428	0.000858258	0.349854	0.0761746	0
3.73353	0.000842107	0.449813	0.0860365	0
3.73474	0.000868247	0.466472	0.0877368	0
3.73559	0.000886019	0.433153	0.0843362	0
3.73489	0.000864485	0.449813	0.0860365	0
3.73456	0.000834453	0.299875	0.0703935	0
3.73432	0.000845285	0.333195	0.0741342	0
3.73458	0.000853393	0.233236	0.0622319	0
3.73463	0.000856766	0.449813	0.0860365	0
3.73483	0.000844248	0.449813	0.0860365	0
3.73424	0.000870582	0.266556	0.0663127	0
3.73537	0.000864939	0.466472	0.0877368	0
3.73568	0.000867598	0.399833	0.0846762	0
3.73487	0.000839967	0.399833	0.0812756	0
3.7356	0.000856507	0.366514	0.0778749	0
3.73562	0.000857934	0.416493	0.0829759	0
3.73632	0.000868376	0.483132	0.0890971	0
3.73638	0.000884073	0.366514	0.0778749	0
3.73542	0.000867209	0.416493	0.0829759	0
3.73551	0.000854626	0.316535	0.0724339	0
3.73447	0.000844702	0.333195	0.0741342	0
3.73492	0.000835037	0.416493	0.0829759	0
3.73517	0.000855144	0.416493	0.0829759	0
3.73587	0.000849307	0.299875	0.0703935	0
3.73511	0.000863187	0.316535	0.0724339	0
3.73426	0.000861371	0.233236	0.0622319	0
3.735	0.000848788	0.399833	0.0812756	0
3.7353	0.000861631	0.366514	0.0778749	0
3.73514	0.000830627	0.249896	0.0683531	0
3.73522	0.000845869	0.383174	0.0795753	0
3.73548	0.000866041	0.349854	0.0761746	0
3.73522	0.000860074	0.366514	0.0778749	0
3.73579	0.000849761	0.383174	0.0795753	0
3.73663	0.000848464	0.499792	0.0907974	0
3.73677	0.000872074	0.399833	0.0812756	0
3.73713	0.000866431	0.499792	0.0907974	0
3.73641	0.000845999	0.333195	0.0741342	0
3.73519	0.000860074	0.399833	0.0812756	0
3.73623	0.000836983	0.316535	0.0724339	0
3.73685	0.00084334	0.299875	0.0703935	0
3.73745	0.000874863	0.533111	0.0935179	0
3.73675	0.000864614	0.366514	0.0778749	0
3.73578	0.0008903	0.366514	0.0778749	0
3.73705	0.000852809	0.283215	0.0683531	0
3.73815	0.000860658	0.433153	0.0843362	0
3.73807	0.000866431	0.433153	0.0843362	0
3.73666	0.000883749	0.499792	0.0907974	0
3.73673	0.000841199	0.416493	0.0829759	0
3.73663	0.000859944	0.449813	0.0860365	0
3.73624	0.000858258	0.233236	0.0622319	0
3.73659	0.000818886	0.383174	0.0795753	0
3.73662	0.000808314	0.383174	0.0795753	0
3.73551	0.000836983	0.266556	0.0663127	0
3.73679	0.000835556	0.233236	0.0622319	0
3.73657	0.000838669	0.333195	0.0741342	0
3.73727	0.000855534	0.333195	0.0778749	0
3.73786	0.000850085	0.433153	0.0843362	0
3.73759	0.000873825	0.299875	0.0703935	0
3.73698	0.000865587	0.299875	0.0703935	0
3.73771	0.000865912	0.416493	0.0860365	0
3.73864	0.000855469	0.283215	0.0683531	0
3.73678	0.000838799	0.316535	0.0724339	0
3.73729	0.000828875	0.383174	0.0795753	0
3.73725	0.000823167	0.266556	0.0663127	0
3.73765	0.000821546	0.333195	0.0741342	0
3.73914	0.000840875	0.366514	0.0778749	0
3.7385	0.000833286	0.316535	0.0761746	0
3.7378	0.000815578	0.333195	0.0741342	0
3.73811	0.00083841	0.283215	0.0683531	0
3.73761	0.000821546	0.233236	0.0622319	0
3.73829	0.000827124	0.366514	0.0812756	0
3.73892	0.000856507	0.449813	0.0860365	0
3.73847	0.000870582	0.499792	0.0907974	0
3.73667	0.000836399	0.316535	0.0724339	0
3.73621	0.000868895	0.316535	0.0724339	0
3.73805	0.000859361	0.383174	0.0829759	0
3.73791	0.000873695	0.299875	0.0703935	0
3.73696	0.000851577	0.316535	0.0724339	0
3.73661	0.000825243	0.249896	0.0642723	0
3.73802	0.000831275	0.266556	0.0663127	0
3.73912	0.000852291	0.316535	0.0761746	0
3.73895	0.000839902	0.349854	0.0761746	0
3.739	0.000879857	0.349854	0.0761746	0
3.73911	0.00085242	0.249896	0.0642723	0
3.73868	0.000815254	0.199917	0.057471	0
3.7394	0.000867663	0.366514	0.0778749	0
3.73872	0.000821546	0.233236	0.0622319	0
3.73846	0.000855988	0.333195	0.0741342	0
3.73944	0.000855339	0.533111	0.0935179	0
3.73945	0.000844312	0.316535	0.0724339	0
3.73884	0.000846777	0.266556	0.0663127	0
3.73872	0.000816941	0.166597	0.0527101	0
3.73863	0.000820832	0.283215	0.0683531	0
3.73802	0.000849826	0.283215	0.0683531	0
3.73891	0.000842626	0.316535	0.0724339	0
3.73891	0.000822908	0.283215	0.0683531	0
3.73907	0.000840745	0.266556	0.0663127	0
3.73909	0.000832702	0.333195	0.0741342	0
3.7389	0.000856701	0.216576	0.0598515	0
3.73841	0.000839123	0.299875	0.0741342	0
3.73925	0.000859101	0.333195	0.0741342	0
3.73891	0.000809676	0.299875	0.0703935	0
3.73924	0.000842302	0.366514	0.0778749	0
3.73922	0.000837372	0.399833	0.0812756	0
3.73867	0.000844248	0.299875	0.0703935	0
3.73959	0.000816357	0.249896	0.0642723	0
3.73927	0.000814541	0.366514	0.0778749	0
3.73911	0.000827383	0.299875	0.0703935	0
3.73986	0.000839837	0.233236	0.0622319	0
3.74042	0.000835815	0.299875	0.0703935	0
3.7405	0.000864031	0.349854	0.0761746	0
3.74035	0.000842042	0.266556	0.0663127	0
3.73997	0.000833934	0.349854	0.0761746	0
3.74002	0.000848529	0.316535	0.0724339	0
3.74101	0.0008268	0.266556	0.0663127	0
3.7402	0.000811233	0.316535	0.0724339	0
3.73927	0.000805006	0.166597	0.0527101	0
3.74067	0.000838215	0.333195	0.0741342	0
3.74066	0.000837697	0.249896	0.0642723	0
3.74108	0.000839772	0.316535	0.0724339	0
3.74147	0.000831535	0.199917	0.057471	0
3.74007	0.000865004	0.383174	0.0795753	0
3.7403	0.000830886	0.249896	0.0642723	0
3.74184	0.000821546	0.366514	0.0778749	0
3.74259	0.000834648	0.399833	0.0812756	0
3.74146	0.000838475	0.433153	0.0843362	0
3.74154	0.000845739	0.283215	0.0683531	0
3.74073	0.000816811	0.216576	0.0598515	0
3.74054	0.000828162	0.333195	0.0741342	0
3.74151	0.000842042	0.316535	0.0724339	0
3.74185	0.000849891	0.316535	0.0724339	0
3.74125	0.000837113	0.333195	0.0741342	0
3.74324	0.000835102	0.383174	0.0795753	0
3.74168	0.000818951	0.316535	0.0724339	0
3.74099	0.000826151	0.233236	0.0622319	0
3.74137	0.000818822	0.216576	0.0598515	0
3.74085	0.000818627	0.216576	0.0598515	0
3.74031	0.000828032	0.266556	0.0663127	0
3.74152	0.000827902	0.266556	0.0663127	0
3.74207	0.000827773	0.266556	0.0663127	0
3.74187	0.000832118	0.249896	0.0642723	0
3.74207	0.000856507	0.416493	0.0829759	0
3.74135	0.000839707	0.233236	0.0622319	0
3.74167	0.000829978	0.199917	0.057471	0
3.74251	0.000816811	0.333195	0.0741342	0
3.74255	0.000837048	0.249896	0.0642723	0
3.74181	0.000818238	0.266556	0.0663127	0
3.74299	0.000835361	0.383174	0.0795753	0
3.74233	0.000830886	0.216576	0.0598515	0
3.74143	0.000816876	0.283215	0.0683531	0
3.74142	0.000801698	0.233236	0.0622319	0
3.7422	0.000796639	0.166597	0.0527101	0
3.74169	0.000822454	0.233236	0.0622319	0
3.74241	0.000839253	0.249896	0.0642723	0
3.74223	0.000820508	0.233236	0.0622319	0
3.74271	0.000825892	0.349854	0.0795753	0
3.74382	0.000794239	0.266556	0.0663127	0
3.74386	0.000810908	0.399833	0.0812756	0
3.74357	0.000834713	0.233236	0.0622319	0
3.74349	0.000823492	0.233236	0.0622319	0
3.744	0.00084321	0.349854	0.0761746	0
3.74409	0.000837307	0.216576	0.0598515	0
3.7431	0.000834259	0.249896	0.0642723	0
3.74436	0.000844572	0.233236	0.0663127	0
3.7444	0.000838151	0.266556	0.0663127	0
3.74435	0.000837632	0.299875	0.0703935	0
3.74348	0.000825502	0.283215	0.0683531	0
3.74376	0.000829848	0.266556	0.0663127	0
3.74315	0.00083147	0.383174	0.0795753	0
3.74338	0.000829654	0.266556	0.0663127	0
3.74427	0.000849631	0.333195	0.0778749	0
3.74413	0.000835361	0.366514	0.0778749	0
3.74373	0.000835037	0.283215	0.0683531	0
3.74471	0.000832832	0.299875	0.0703935	0
3.74397	0.000843145	0.416493	0.0829759	0
3.74365	0.00083348	0.266556	0.0663127	0
3.74317	0.000795212	0.199917	0.057471	0
3.74314	0.000791515	0.199917	0.057471	0
3.744	0.000825567	0.266556	0.0663127	0
3.74527	0.000875771	0.333195	0.0741342	0
3.74488	0.000846648	0.316535	0.0724339	0
3.74408	0.000808249	0.183257	0.0550906	0
3.74345	0.00082427	0.233236	0.0622319	0
3.74507	0.000815189	0.266556	0.0663127	0
3.7445	0.000815773	0.233236	0.0622319	0
3.7447	0.000846842	0.333195	0.0741342	0
3.74571	0.000818692	0.183257	0.0550906	0
3.74536	0.000827124	0.216576	0.0598515	0
3.74478	0.000827448	0.283215	0.0683531	0
3.7452	0.000796185	0.166597	0.0527101	0
3.74473	0.000809676	0.183257	0.0550906	0
3.74452	0.000802865	0.199917	0.057471	0
3.74561	0.000841459	0.383174	0.0795753	0
3.74508	0.000806173	0.233236	0.0622319	0
3.7451	0.000823492	0.283215	0.0683531	0
3.74563	0.000823751	0.316535	0.0724339	0
3.74478	0.000800984	0.299875	0.0703935	0
3.74504	0.00083841	0.266556	0.0663127	0
3.74594	0.000833091	0.299875	0.0703935	0
3.74588	0.000836724	0.299875	0.0703935	0
3.74504	0.000808249	0.249896	0.0642723	0
3.74414	0.000815514	0.249896	0.0642723	0
3.74461	0.00081947	0.316535	0.0761746	0
3.74476	0.00081506	0.283215	0.0683531	0
3.74554	0.000814151	0.183257	0.0550906	0
3.74688	0.000813503	0.299875	0.0703935	0
3.74581	0.000823427	0.216576	0.0642723	0
3.74552	0.000821546	0.283215	0.0683531	0
3.74651	0.000834583	0.333195	0.0741342	0
3.74634	0.000848529	0.199917	0.0622319	0
3.74648	0.000829459	0.216576	0.0598515	0
3.74748	0.000853912	0.249896	0.0642723	0
3.74759	0.000828421	0.416493	0.0829759	0
3.74716	0.000828486	0.333195	0.0741342	0
3.74658	0.000804552	0.116618	0.0438684	0
3.74799	0.000824789	0.316535	0.0724339	0
3.74724	0.000823297	0.216576	0.0598515	0
3.74724	0.000823038	0.216576	0.0598515	0
3.7463	0.00081506	0.266556	0.0663127	0
3.74632	0.000818108	0.249896	0.0642723	0
3.74639	0.000797352	0.133278	0.046929	0
3.74745	0.000783407	0.199917	0.057471	0
3.74711	0.000804746	0.249896	0.0642723	0
3.74717	0.00081253	0.166597	0.0527101	0
3.74786	0.000807471	0.0999584	0.0408078	0
3.74741	0.000824011	0.266556	0.0663127	0
3.74687	0.000824724	0.333195	0.0741342	0
3.74746	0.000813892	0.183257	0.0550906	0
3.74804	0.000830691	0.333195	0.0741342	0
3.74759	0.00082414	0.233236	0.0622319	0
3.74758	0.0008076	0.299875	0.0703935	0
3.74737	0.000801114	0.183257	0.0550906	0
3.74703	0.000799557	0.283215	0.0683531	0
3.74807	0.000823621	0.283215	0.0683531	0
3.74851	0.000828291	0.266556	0.0663127	0
3.7477	0.000819535	0.249896	0.0642723	0
3.74839	0.000823946	0.233236	0.0622319	0
3.7494	0.000832313	0.283215	0.0683531	0
3.74871	0.000804811	0.183257	0.0550906	0
3.74809	0.000791839	0.149938	0.0499896	0
3.74855	0.000797612	0.249896	0.0642723	0
3.74926	0.000824529	0.299875	0.0703935	0
3.74949	0.000812206	0.199917	0.057471	0
3.74748	0.000798779	0.216576	0.0598515	0
3.74684	0.000808768	0.216576	0.0598515	0
3.74815	0.000811622	0.199917	0.057471	0
3.74832	0.000830237	0.299875	0.0703935	0
3.74859	0.000813179	0.249896	0.0642723	0
3.74829	0.000801828	0.149938	0.0499896	0
3.74759	0.000803838	0.233236	0.0622319	0
3.74838	0.00078198	0.266556	0.0663127	0
3.7482	0.000799947	0.183257	0.0550906	0
3.7487	0.0008172	0.199917	0.0622319	0
3.74949	0.000806044	0.216576	0.0598515	0
3.74925	0.000803319	0.149938	0.0499896	0
3.74922	0.000813957	0.283215	0.0683531	0
3.75035	0.000842561	0.366514	0.0778749	0
3.75054	0.000809092	0.133278	0.046929	0
3.7505	0.000814216	0.183257	0.0550906	0
3.75033	0.000802476	0.216576	0.0598515	0
3.74998	0.000807082	0.299875	0.0703935	0
3.75037	0.000826929	0.283215	0.0683531	0
3.75051	0.000811557	0.166597	0.0527101	0
3.74945	0.000803579	0.149938	0.0499896	0
3.75077	0.000807471	0.149938	0.0499896	0
3.75059	0.000806822	0.183257	0.0550906	0
3.75106	0.000812984	0.233236	0.0622319	0
3.75036	0.000817849	0.199917	0.057471	0
3.75004	0.000777893	0.216576	0.0598515	0
3.75103	0.000809157	0.333195	0.0741342	0
3.75023	0.000829978	0.216576	0.0598515	0
3.75031	0.000802606	0.199917	0.057471	0
3.75038	0.000794693	0.216576	0.0598515	0
3.75126	0.00079826	0.216576	0.0598515	0
3.75094	0.000851772	0.333195	0.0741342	0
3.75016	0.000815903	0.183257	0.0550906	0
3.75018	0.000814411	0.299875	0.0703935	0
3.75092	0.00080559	0.183257	0.0550906	0
3.75016	0.000809935	0.166597	0.0527101	0
3.75131	0.000803579	0.249896	0.0642723	0
3.75153	0.000797352	0.149938	0.0499896	0
3.75013	0.000790542	0.149938	0.0499896	0
3.75088	0.000802801	0.183257	0.0550906	0
3.75121	0.000800012	0.183257	0.0550906	0
3.75159	0.000815773	0.149938	0.0499896	0
3.75068	0.000781591	0.199917	0.057471	0
3.75042	0.000806692	0.199917	0.057471	0
3.75215	0.000838475	0.233236	0.0622319	0
3.75291	0.000799039	0.149938	0.0499896	0
3.75113	0.000775688	0.166597	0.0527101	0
3.75232	0.000793914	0.166597	0.0527101	0
3.7532	0.000814281	0.166597	0.0527101	0
3.752	0.000791255	0.149938	0.0499896	0
3.75152	0.00077971	0.0999584	0.0408078	0
3.75219	0.000813049	0.266556	0.0663127	0
3.75254	0.000806238	0.149938	0.0499896	0
3.75213	0.000789374	0.183257	0.0550906	0
3.75228	0.000789634	0.216576	0.0598515	0
3.75156	0.00079359	0.233236	0.0622319	0
3.75167	0.00081467	0.166597	0.0527101	0
3.75245	0.000812206	0.249896	0.0642723	0
3.75321	0.000806433	0.199917	0.057471	0
3.75289	0.000818951	0.166597	0.0527101	0
3.75279	0.000810325	0.166597	0.0527101	0
3.75283	0.000802671	0.266556	0.0663127	0
3.75297	0.000800401	0.216576	0.0642723	0
3.75324	0.000818368	0.216576	0.0598515	0
3.75306	0.000800984	0.233236	0.0622319	0
3.75263	0.000792617	0.166597	0.0527101	0
3.75384	0.000806303	0.183257	0.0550906	0
3.75472	0.000842561	0.316535	0.0724339	0
3.75329	0.000808054	0.166597	0.0527101	0
3.75276	0.000801438	0.183257	0.0550906	0
3.75363	0.000816032	0.183257	0.0550906	0
3.75441	0.000805071	0.216576	0.0598515	0
3.75451	0.000812011	0.283215	0.0683531	0
3.75504	0.000831016	0.316535	0.0724339	0
3.75381	0.000807925	0.166597	0.0527101	0
3.75378	0.000813114	0.166597	0.0527101	0
3.75465	0.000836205	0.249896	0.0642723	0
3.75525	0.000808444	0.233236	0.0622319	0
3.7549	0.00081733	0.249896	0.0642723	0
3.75471	0.000836788	0.216576	0.0598515	0
3.75429	0.000829654	0.249896	0.0642723	0
3.75442	0.000786131	0.266556	0.0663127	0
3.75469	0.000793136	0.149938	0.0499896	0
3.7535	0.000821611	0.249896	0.0642723	0
3.75337	0.00078438	0.116618	0.0438684	0
3.75389	0.000791385	0.183257	0.0550906	0
3.75498	0.000824465	0.316535	0.0724339	0
3.75503	0.000820767	0.199917	0.057471	0
3.75491	0.000806757	0.166597	0.0527101	0
3.75511	0.000815514	0.199917	0.057471	0
3.75504	0.000778153	0.149938	0.0499896	0
3.75576	0.000799493	0.316535	0.0724339	0
3.75631	0.000830756	0.366514	0.0778749	0
3.75635	0.000820703	0.199917	0.057471	0
3.75534	0.000790736	0.299875	0.0741342	0
3.75617	0.000827513	0.233236	0.0622319	0
3.75662	0.000817005	0.266556	0.0663127	0
3.75617	0.000801633	0.183257	0.0550906	0
3.75571	0.000823167	0.316535	0.0724339	0
3.75539	0.000824983	0.166597	0.0527101	0
3.75515	0.00080773	0.166597	0.0527101	0
3.75618	0.000768813	0.249896	0.0642723	0
3.75579	0.000762002	0.199917	0.057471	0
3.75548	0.000795601	0.199917	0.057471	0
3.75612	0.000817265	0.299875	0.0703935	0
3.75604	0.000783536	0.199917	0.057471	0
3.75602	0.000816616	0.316535	0.0724339	0
3.75658	0.000784185	0.149938	0.0499896	0
3.75598	0.00078438	0.199917	0.057471	0
3.7566	0.000779904	0.233236	0.0622319	0
3.75635	0.000755516	0.0999584	0.0408078	0
3.75627	0.00079346	0.183257	0.0550906	0
3.75844	0.000804228	0.166597	0.0527101	0
3.75725	0.000836594	0.316535	0.0724339	0
3.75755	0.000799428	0.133278	0.046929	0
3.75694	0.000803514	0.199917	0.057471	0
3.75674	0.000796314	0.249896	0.0642723	0
3.75771	0.000799622	0.249896	0.0642723	0
3.7579	0.000822194	0.249896	0.0642723	0
3.75723	0.000796509	0.149938	0.0499896	0
3.75807	0.000807341	0.199917	0.057471	0
3.75745	0.00081013	0.233236	0.0622319	0
3.75713	0.000825762	0.183257	0.0550906	0
3.75742	0.000783082	0.183257	0.0550906	0
3.75836	0.000785742	0.116618	0.0438684	0
3.75759	0.000809546	0.199917	0.057471	0
3.75825	0.000816487	0.249896	0.0642723	0
3.75815	0.000800595	0.149938	0.0499896	0
3.75785	0.000807471	0.183257	0.0550906	0
3.75822	0.000771537	0.183257	0.0550906	0
3.75731	0.000793914	0.133278	0.046929	0
3.75838	0.000794109	0.183257	0.0550906	0
3.75873	0.000784315	0.149938	0.0499896	0
3.75851	0.00077011	0.249896	0.0642723	0
3.75854	0.000792293	0.266556	0.0663127	0
3.75838	0.000821805	0.166597	0.0527101	0
3.75782	0.000792098	0.216576	0.0598515	0
3.75836	0.000790412	0.149938	0.0499896	0
3.75875	0.000818886	0.233236	0.0663127	0
3.75834	0.000805655	0.183257	0.0550906	0
3.75839	0.000787817	0.116618	0.0438684	0
3.75932	0.000785288	0.116618	0.0438684	0
3.75994	0.000808703	0.249896	0.0642723	0
3.76001	0.000812206	0.249896	0.0642723	0
3.76015	0.00080533	0.133278	0.0527101	0
3.75943	0.000780423	0.0499792	0.0289055	0
3.7599	0.000768683	0.133278	0.046929	0
3.76	0.000810844	0.333195	0.0741342	0
3.76017	0.000820897	0.183257	0.0550906	0
3.76018	0.000794044	0.183257	0.0550906	0
3.75833	0.000774196	0.116618	0.0438684	0
3.75933	0.000799168	0.199917	0.057471	0
3.75988	0.000785288	0.0999584	0.0408078	0
3.75907	0.000765959	0.0666389	0.0333264	0
3.75891	0.000791904	0.183257	0.0550906	0
3.75935	0.000796379	0.149938	0.0499896	0
3.76005	0.000803514	0.133278	0.046929	0
3.75994	0.000784639	0.216576	0.0598515	0
3.76035	0.000786844	0.183257	0.0550906	0
3.75979	0.000794368	0.183257	0.0550906	0
3.75948	0.00077932	0.199917	0.057471	0
3.76016	0.000790866	0.149938	0.0499896	0
3.76031	0.00078198	0.233236	0.0622319	0
3.76055	0.000777829	0.0999584	0.0408078	0
3.76047	0.000795406	0.183257	0.0550906	0
3.76108	0.000792682	0.249896	0.0642723	0
3.76113	0.00081266	0.349854	0.0761746	0
3.76159	0.000838605	0.233236	0.0622319	0
3.7614	0.000827513	0.316535	0.0724339	0
3.76079	0.000794368	0.116618	0.0438684	0
3.76169	0.000798909	0.183257	0.0550906	0
3.7614	0.000784963	0.233236	0.0622319	0
3.76166	0.000783212	0.166597	0.0527101	0
3.76257	0.000774326	0.149938	0.0499896	0
3.76259	0.000798195	0.233236	0.0622319	0
3.76322	0.000796379	0.233236	0.0622319	0
3.76283	0.000795341	0.216576	0.0598515	0
3.76152	0.00077705	0.116618	0.0438684	0
3.76127	0.000789439	0.199917	0.057471	0
3.76272	0.000789569	0.133278	0.046929	0
3.76256	0.000791904	0.199917	0.057471	0
3.7623	0.000809417	0.166597	0.0527101	0
3.7626	0.000783277	0.166597	0.0527101	0
3.76252	0.000776402	0.0999584	0.0408078	0
3.76242	0.000782045	0.149938	0.0499896	0
3.76221	0.000785612	0.216576	0.0598515	0
3.76264	0.000801179	0.199917	0.057471	0
3.76372	0.000820249	0.266556	0.0663127	0
3.7637	0.000808444	0.216576	0.0598515	0
3.76286	0.000808703	0.233236	0.0622319	0
3.76377	0.000819211	0.183257	0.0550906	0
3.76278	0.000789244	0.216576	0.0598515	0
3.76325	0.000826216	0.183257	0.0550906	0
3.7646	0.000812854	0.216576	0.0598515	0
3.7637	0.000825308	0.233236	0.0622319	0
3.76256	0.000790088	0.0999584	0.0408078	0
3.76343	0.000799557	0.216576	0.0598515	0
3.76348	0.000783082	0.0832986	0.0370671	0
3.76348	0.000780618	0.166597	0.0527101	0
3.76369	0.00078678	0.199917	0.057471	0
3.76351	0.000795925	0.149938	0.0499896	0
3.7639	0.00078639	0.133278	0.046929	0
3.76322	0.000777375	0.166597	0.0527101	0
3.76395	0.000780164	0.133278	0.046929	0
3.7645	0.000804292	0.166597	0.0527101	0
3.76362	0.000812984	0.183257	0.0550906	0
3.76331	0.000772121	0.166597	0.0527101	0
3.76289	0.000765051	0.133278	0.046929	0
3.76343	0.000797417	0.133278	0.046929	0
3.76324	0.000794044	0.116618	0.0438684	0
3.76447	0.000786261	0.166597	0.0527101	0
3.76531	0.000792358	0.183257	0.0550906	0
3.76471	0.000772575	0.249896	0.0642723	0
3.76456	0.000785547	0.149938	0.0499896	0
3.76506	0.00077705	0.149938	0.0499896	0
3.76524	0.000783407	0.116618	0.0438684	0
3.76454	0.000787039	0.133278	0.046929	0
3.76486	0.000790152	0.133278	0.046929	0
3.76474	0.000803709	0.199917	0.057471	0
3.76531	0.00077465	0.216576	0.0598515	0
3.76581	0.000761678	0.0999584	0.0408078	0
3.76483	0.000771278	0.116618	0.0438684	0
3.76445	0.000773677	0.133278	0.046929	0
3.76548	0.00079852	0.133278	0.046929	0
3.76614	0.000781915	0.166597	0.0527101	0
3.76605	0.000785547	0.133278	0.046929	0
3.76639	0.000805719	0.199917	0.0666528	0
3.76502	0.000758629	0.0999584	0.0408078	0
3.76406	0.000775623	0.199917	0.057471	0
3.76638	0.000782174	0.183257	0.0550906	0
3.76762	0.000808898	0.266556	0.0663127	0
3.76571	0.000767321	0.0999584	0.0408078	0
3.76567	0.000775234	0.116618	0.0438684	0
3.76585	0.000772769	0.216576	0.0598515	0
3.76602	0.000802087	0.166597	0.057471	0
3.76736	0.00082881	0.233236	0.0622319	0
3.76764	0.000789763	0.133278	0.046929	0
3.76646	0.000785872	0.116618	0.0438684	0
3.76651	0.000791644	0.233236	0.0622319	0
3.76687	0.00079119	0.149938	0.0499896	0
3.7667	0.000812335	0.0832986	0.0370671	0
3.76656	0.000776531	0.116618	0.0438684	0
3.7671	0.000768683	0.133278	0.046929	0
3.76743	0.000789763	0.133278	0.046929	0
0	0	0	0	0
0	0	0	0	0
0	0	0	0	0
0	0	0	0	0
0	0	0	0	0
0	0	0	0	0
0	0	0	0	0
0	0	0	0	0
0	0	0	0	0
0	0	0	0	0
0	0	0	0	0
0	0	0	0	0
0	0	0	0	0
0	0	0	0	0
0	0	0	0	0
0	0	0	0	0
0	0	0	0	0
0	0	0	0	0
0	0	0	0	0
0	0	0	0	0
0	0	0	0	0
0	0	0	0	0
0	0	0	0	0
0	0	0	0	0
0	0	0	0	0
0	0	0	0	0
0	0	0	0	0
0	0	0	0	0
0	0	0	0	0
0	0	0	0	0
0	0	0	0	0
0	0	0	0	0
0	0	0	0	0
0	0	0	0	0
0	0	0	0	0
0	0	0	0	0
0	0	0	0	0
0	0	0	0	0
0	0	0	0	0
0	0	0	0	0
0	0	0	0	0
0	0	0	0	0
0	0	0	0	0
0	0	0	0	0
0	0	0	0	0
0	0	0	0	0
0	0	0	0	0
0	0	0	0	0
0	0	0	0	0
0	0	0	0	0
0	0	0	0	0
0	0	0	0	0
0	0	0	0	0
0	0	0	0	0
0	0	0	0	0
0	0	0	0	0
0	0	0	0	0
0	0	0	0	0
0	0	0	0	0
0	0	0	0	0
0	0	0	0	0
0	0	0	0	0
0	0	0	0	0
0	0	0	0	0
0	0	0	0	0
0	0	0	0	0
0	0	0	0	0
0	0	0	0	0
0	0	0	0	0
0	0	0	0	0
0	0	0	0	0
0	0	0	0	0
0	0	0	0	0
0	0	0	0	0
0	0	0	0	0
0	0	0	0	0
0	0	0	0	0
0	0	0	0	0
0	0	0	0	0
0	0	0	0	0
0	0	0	0	0
0	0	0	0	0
0	0	0	0	0
0	0	0	0	0
0	0	0	0	0
0	0	0	0	0
0	0	0	0	0
0	0	0	0	0
0	0	0	0	0
0	0	0	0	0
0	0	0	0	0
0	0	0	0	0
0	0	0	0	0
0	0	0	0	0
0	0	0	0	0
0	0	0	0	0
0	0	0	0	0
0	0	0	0	0
0	0	0	0	0
0	0	0	0	0
0	0	0	0	0
0	0	0	0	0
0	0	0	0	0
0	0	0	0	0
0	0	0	0	0
0	0	0	0	0
0	0	0	0	0
0	0	0	0	0
0	0	0	0	0
0	0	0	0	0
0	0	0	0	0
0	0	0	0	0
0	0	0	0	0
0	0	0	0	0
0	0	0	0	0
0	0	0	0	0
0	0	0	0	0
0	0	0	0	0
0	0	0	0	0
0	0	0	0	0
0	0	0	0	0
0	0	0	0	0
0	0	0	0	0
0	0	0	0	0
0	0	0	0	0
0	0	0	0	0
0	0	0	0	0
0	0	0	0	0
0	0	0	0	0
0	0	0	0	0
0	0	0	0	0
0	0	0	0	0
0	0	0	0	0
0	0	0	0	0
0	0	0	0	0
0	0	0	0	0
0	0	0	0	0
0	0	0	0	0
0	0	0	0	0
0	0	0	0	0
0	0	0	0	0
0	0	0	0	0
0	0	0	0	0
0	0	0	0	0
0	0	0	0	0
0	0	0	0	0
0	0	0	0	0
0	0	0	0	0
0	0	0	0	0
0	0	0	0	0
0	0	0	0	0
0	0	0	0	0
0	0	0	0	0
0	0	0	0	0
0	0	0	0	0
0	0	0	0	0
0	0	0	0	0
0	0	0	0	0
0	0	0	0	0
0	0	0	0	0
0	0	0	0	0
0	0	0	0	0
0	0	0	0	0
0	0	0	0	0
0	0	0	0	0
0	0	0	0	0
0	0	0	0	0
0	0	0	0	0
0	0	0	0	0
0	0	0	0	0
0	0	0	0	0
0	0	0	0	0
0	0	0	0	0
0	0	0	0	0
0	0	0	0	0
0	0	0	0	0
0	0	0	0	0
0	0	0	0	0
0	0	0	0	0
0	0	0	0	0
0	0	0	0	0
0	0	0	0	0
0	0	0	0	0
0	0	0	0	0
0	0	0	0	0
0	0	0	0	0
0	0	0	0	0
0	0	0	0	0
0	0	0	0	0
0	0	0	0	0
0	0	0	0	0
0	0	0	0	0
0	0	0	0	0
0	0	0	0	0
0	0	0	0	0
0	0	0	0	0
0	0	0	0	0
0	0	0	0	0
0	0	0	0	0
0	0	0	0	0
0	0	0	0	0
0	0	0	0	0
0	0	0	0	0
0	0	0	0	0
0	0	0	0	0
0	0	0	0	0
0	0	0	0	0
0	0	0	0	0
0	0	0	0	0
0	0	0	0	0
0	0	0	0	0
0	0	0	0	0
0	0	0	0	0
0	0	0	0	0
0	0	0	0	0
0	0	0	0	0
0	0	0	0	0
0	0	0	0	0
0	0	0	0	0
0	0	0	0	0
0	0	0	0	0
0	0	0	0	0
0	0	0	0	0
0	0	0	0	0
0	0	0	0	0
0	0	0	0	0
0	0	0	0	0
0	0	0	0	0
0	0	0	0	0
0	0	0	0	0
0	0	0	0	0
0	0	0	0	0
0	0	0	0	0
0	0	0	0	0
0	0	0	0	0
0	0	0	0	0
0	0	0	0	0
0	0	0	0	0
0	0	0	0	0
0	0	0	0	0
0	0	0	0	0
0	0	0	0	0
0	0	0	0	0
0	0	0	0	0
0	0	0	0	0
0	0	0	0	0
0	0	0	0	0
0	0	0	0	0
0	0	0	0	0
0	0	0	0	0
0	0	0	0	0
0	0	0	0	0
0	0	0	0	0
0	0	0	0	0
0	0	0	0	0
0	0	0	0	0
0	0	0	0	0
0	0	0	0	0
0	0	0	0	0
0	0	0	0	0
0	0	0	0	0
0	0	0	0	0
0	0	0	0	0
0	0	0	0	0
0	0	0	0	0
0	0	0	0	0
0	0	0	0	0
0	0	0	0	0
0	0	0	0	0
0	0	0	0	0
0	0	0	0	0
0	0	0	0	0
0	0	0	0	0
0	0	0	0	0
0	0	0	0	0
0	0	0	0	0
0	0	0	0	0
0	0	0	0	0
0	0	0	0	0
0	0	0	0	0
0	0	0	0	0
0	0	0	0	0
0	0	0	0	0
0	0	0	0	0
0	0	0	0	0
0	0	0	0	0
0	0	0	0	0
0	0	0	0	0
0	0	0	0	0
0	0	0	0	0
0	0	0	0	0
0	0	0	0	0
0	0	0	0	0
0	0	0	0	0
0	0	0	0	0
0	0	0	0	0
0	0	0	0	0
0	0	0	0	0
0	0	0	0	0
0	0	0	0	0
0	0	0	0	0
0	0	0	0	0
0	0	0	0	0
0	0	0	0	0
0	0	0	0	0
0	0	0	0	0
0	0	0	0	0
0	0	0	0	0
0	0	0	0	0
0	0	0	0	0
0	0	0	0	0
0	0	0	0	0
0	0	0	0	0
0	0	0	0	0
0	0	0	0	0
0	0	0	0	0
0	0	0	0	0
0	0	0	0	0
0	0	0	0	0
0	0	0	0	0
0	0	0	0	0
0	0	0	0	0
0	0	0	0	0
0	0	0	0	0
0	0	0	0	0
0	0	0	0	0
0	0	0	0	0
0	0	0	0	0
0	0	0	0	0
0	0	0	0	0
0	0	0	0	0
0	0	0	0	0
0	0	0	0	0
0	0	0	0	0
0	0	0	0	0
0	0	0	0	0
0	0	0	0	0
0	0	0	0	0
0	0	0	0	0
0	0	0	0	0
0	0	0	0	0
0	0	0	0	0
0	0	0	0	0
0	0	0	0	0
0	0	0	0	0
0	0	0	0	0
0	0	0	0	0
0	0	0	0	0
0	0	0	0	0
0	0	0	0	0
0	0	0	0	0
0	0	0	0	0
0	0	0	0	0
0	0	0	0	0
0	0	0	0	0
0	0	0	0	0
0	0	0	0	0
0	0	0	0	0
0	0	0	0	0
0	0	0	0	0
0	0	0	0	0
0	0	0	0	0
0	0	0	0	0
0	0	0	0	0
0	0	0	0	0
0	0	0	0	0
0	0	0	0	0
0	0	0	0	0
0	0	0	0	0
0	0	0	0	0
0	0	0	0	0
0	0	0	0	0
0	0	0	0	0
0	0	0	0	0
0	0	0	0	0
0	0	0	0	0
0	0	0	0	0
0	0	0	0	0
0	0	0	0	0
0	0	0	0	0
0	0	0	0	0
0	0	0	0	0
0	0	0	0	0
0	0	0	0	0
0	0	0	0	0
0	0	0	0	0
0	0	0	0	0
0	0	0	0	0
0	0	0	0	0
0	0	0	0	0
0	0	0	0	0
0	0	0	0	0
0	0	0	0	0
0	0	0	0	0
0	0	0	0	0
0	0	0	0	0
0	0	0	0	0
0	0	0	0	0
0	0	0	0	0
0	0	0	0	0
