a2610906.030383
Narit-cm 09/01/2026 05:33:04 09/01/2026 06:03:03 0045 0013.384714 0052.542598 00.0 00.0
0002401 0010 0000000 0010 05 0000000 0010 0000000 0010
1 0 1 01600 1 0000 3.75 00000.o 0 0 01 000 16 002401 0.500 BT0
1 2 1 02000 1 0000 3.75 00000.o 0 0 01 000 16 002401 0.500 S2A0
1 1 1 01600 1 0000 3.75 00000.o 0 0 00 000 00 002401 3.1746 BC0
1 3 1 02000 1 0000 3.75 00000.o 0 0 00 000 00 002401 3.1746 S2P0
1 5 0 01600 0 0000 1.00 00000.o 0 0 00 000 00 000000 0.000 OF0
0.000 .o Analog 0 	0.000 .o Analog StErr 0 	0.000 .o Photon Counting 0 	0.000 .o PC StErr 0 	0.000 .o Overflow Info 0 
26.9856	0.155923	178.076	0.860365	0
65.2389	0.420563	195.135	0.871587	0
281.304	2.35373	111.07	1.36026	0
473.552	0.0589971	1.06622	0.133646	0
473.457	0	0	0	0
473.457	0	0.0666389	0.0333264	0
473.457	0	19.0754	0.561448	0
473.457	9.01586E-6	10.5123	0.464529	0
473.457	0	4.84798	0.323742	0
473.457	6.3565E-6	13.8942	0.510438	0
473.457	0	45.2978	0.812076	0
473.457	0	106.139	1.03108	0
473.457	0	156.168	1.04026	0
473.457	0	122.499	1.04842	0
473.457	0	83.2653	0.897772	0
473.457	0	73.8359	0.860025	0
473.457	0	72.903	0.861385	0
473.457	6.3565E-6	86.1474	0.922597	0
473.457	0	98.0758	0.946061	0
473.457	0	111.17	0.980068	0
473.457	0	125.598	0.99027	0
473.457	0	149.938	0.981088	0
473.457	0	175.077	1.00387	0
473.457	0	182.424	0.954223	0
473.457	0	173.978	0.967145	0
473.457	0	174.844	0.917156	0
473.457	6.3565E-6	185.023	0.898112	0
473.457	0	197.251	0.900493	0
473.457	0	200.317	0.892671	0
473.457	0	198.651	0.900833	0
473.457	0	204.598	0.895052	0
473.457	0	202.416	0.898792	0
473.457	0	201.916	0.893011	0
473.457	1.10266E-5	199.45	0.896412	0
474.343	0.0944602	199.3	0.895052	1
482.521	0.249428	200.333	0.893351	1
498.676	0.111082	201.666	0.910355	1
500	0	204.465	0.905254	1
500	0	203.365	0.874648	1
499.544	0.0658885	202.699	0.911375	1
491.422	0.382246	203.549	0.878388	1
455.747	0.70879	203.532	0.88519	1
403.499	0.71383	201.266	0.855604	1
358.968	0.748418	201.899	0.919876	0
315.084	0.725957	202.016	0.88689	0
273.312	0.696048	203.065	0.876348	0
234.897	0.684001	202.865	0.871247	0
197.998	0.634433	202.932	0.920557	0
163.809	0.577792	203.648	0.895052	0
133.53	0.53133	202.299	0.863086	0
106.899	0.472956	201.083	0.863766	0
84.0855	0.412159	200.367	0.88553	0
65.3276	0.353965	200	0.829759	0
50.3926	0.297686	196.985	0.898792	0
38.6729	0.245971	198.117	0.877708	0
29.6878	0.200157	194.452	0.870227	0
22.9275	0.162208	195.552	0.852203	0
17.9126	0.130336	191.72	0.865126	0
14.2349	0.105162	191.37	0.883829	0
11.4713	0.0840139	189.688	0.846082	0
9.47056	0.0656652	188.405	0.842682	0
8.0106	0.0530048	186.439	0.860025	0
6.95464	0.0442323	185.673	0.863426	0
6.23665	0.0363061	183.107	0.863766	0
5.68712	0.0321316	180.758	0.854584	0
5.28994	0.0293798	178.726	0.844042	0
5.02122	0.0265328	177.443	0.819217	0
4.8147	0.025095	174.261	0.851183	0
4.69622	0.0237464	172.461	0.824318	0
4.64654	0.0232917	169.546	0.850843	0
4.60345	0.0226591	168.33	0.847102	0
4.5398	0.0221384	166.98	0.828739	0
4.55237	0.0222388	165.981	0.873968	0
4.61736	0.0238648	164.348	0.845402	0
4.62139	0.0218727	161.083	0.841661	0
4.61612	0.0214197	161.016	0.855264	1
4.63777	0.0210341	160.466	0.854924	0
4.66672	0.0213472	159.617	0.845742	0
4.71463	0.0212657	158.317	0.850163	0
4.7715	0.0209706	158.701	0.871587	0
4.83054	0.0209767	157.251	0.83248	0
4.89347	0.020692	156.701	0.838261	0
4.9531	0.0203798	155.852	0.839961	0
5.02186	0.0199306	155.219	0.843702	0
5.06207	0.0198472	150.804	0.845742	0
5.12171	0.019381	153.203	0.866486	0
5.20682	0.0189827	151.154	0.861045	0
5.23848	0.019237	154.136	0.865126	0
5.29987	0.019094	151.837	0.824318	0
5.38895	0.0192867	149.005	0.849823	0
5.41943	0.0193141	148.338	0.855264	0
5.46371	0.0184865	148.855	0.842682	0
5.56681	0.0187699	147.189	0.846082	0
5.62643	0.0189174	147.539	0.83418	0
5.66046	0.0186201	146.656	0.8369	0
5.74611	0.0187236	147.955	0.845742	0
5.83797	0.0184164	146.822	0.8369	0
5.90238	0.0185517	147.322	0.822278	0
5.99991	0.0184734	146.139	0.839281	0
6.09681	0.0185469	146.206	0.856284	0
6.16026	0.0185673	145.556	0.865466	0
6.24225	0.0184871	145.806	0.839621	0
6.32026	0.0180719	145.173	0.838601	0
6.36378	0.0180499	145.206	0.845062	0
6.41328	0.017548	145.789	0.83486	0
6.44631	0.0178273	145.289	0.827039	0
6.46582	0.0177657	145.09	0.818197	0
6.51315	0.0173425	144.973	0.846082	0
6.54572	0.0170887	144.207	0.845742	0
6.56462	0.0171099	143.19	0.869207	0
6.59333	0.0170876	142.107	0.839961	0
6.60842	0.0170286	142.124	0.841661	0
6.63956	0.0171422	141.558	0.83622	0
6.67052	0.0168648	141.224	0.862065	0
6.68072	0.0170184	141.274	0.846422	0
6.67704	0.0164969	141.958	0.858325	0
6.67334	0.0164177	138.875	0.822958	0
6.68428	0.0170287	140.108	0.853224	0
6.65564	0.0161392	139.009	0.827719	0
6.60493	0.0162229	136.843	0.837581	0
6.5433	0.0157131	137.226	0.841321	0
6.45302	0.015268	136.227	0.847783	0
6.41554	0.0149827	132.711	0.841661	0
6.42582	0.015076	133.528	0.853224	0
6.40365	0.0150207	133.195	0.851863	0
6.39982	0.0149977	133.694	0.867506	0
6.43114	0.0150265	132.778	0.859345	0
6.46213	0.0151603	132.128	0.849483	0
6.48334	0.0147005	134.427	0.8369	0
6.47355	0.0149853	130.796	0.842342	0
6.47635	0.0143978	131.429	0.853224	0
6.51186	0.0149301	130.712	0.844042	0
6.52483	0.0145003	130.412	0.860705	0
6.51952	0.0141749	129.229	0.8352	0
6.51656	0.0144893	129.813	0.840301	0
6.52819	0.0140664	130.279	0.864786	0
6.54216	0.014366	128.946	0.853904	0
6.52346	0.0140784	127.247	0.851523	0
6.50554	0.0140483	128.73	0.848803	0
6.51046	0.0144121	127.73	0.846762	0
6.50047	0.0142222	127.197	0.856624	0
6.47609	0.0140271	126.214	0.869207	0
6.46307	0.0141553	124.548	0.857644	0
6.46424	0.0139102	125.764	0.852884	0
6.46438	0.0136376	125.998	0.861385	0
6.44003	0.01368	123.665	0.840301	0
6.41651	0.0135772	123.065	0.869887	0
6.41003	0.0133826	124.165	0.845062	0
6.40295	0.0135213	121.666	0.849823	0
6.39515	0.0128266	121.15	0.859345	0
6.37633	0.0130893	121.666	0.83588	0
6.33548	0.0128503	121.133	0.83248	0
6.30241	0.0127556	118.401	0.869207	0
6.27193	0.0130382	118.251	0.865126	0
6.24474	0.0128102	119.667	0.841661	0
6.23938	0.0126252	117.751	0.845062	0
6.21249	0.0126284	116.885	0.850843	0
6.16461	0.0129379	114.835	0.850503	0
6.14578	0.0129154	115.169	0.849483	0
6.13608	0.0123925	114.736	0.83554	0
6.10812	0.0122105	113.503	0.856284	0
6.08651	0.0121634	111.903	0.83316	0
6.06669	0.0119853	112.42	0.839621	0
6.02374	0.0118016	111.02	0.850503	0
5.97435	0.0117972	110.054	0.846082	0
5.94333	0.0117918	108.621	0.846422	0
5.92229	0.0115416	108.055	0.852203	0
5.8813	0.0115515	106.722	0.83622	0
5.82975	0.0111153	104.94	0.862405	0
5.78574	0.0109923	105.306	0.845062	0
5.75018	0.0107364	102.274	0.879749	0
5.71411	0.0104612	102.324	0.831119	0
5.69693	0.0104605	102.141	0.853224	0
5.67767	0.0103728	100.441	0.826699	0
5.63353	0.00986802	98.8755	0.8369	0
5.60869	0.0100496	98.2591	0.854924	0
5.60107	0.010165	97.8759	0.826699	0
5.58301	0.0101904	96.5264	0.845062	0
5.55567	0.0100339	96.2932	0.829079	0
5.52999	0.00990752	95.177	0.819897	0
5.50345	0.00960513	93.7276	0.852543	0
5.50051	0.00964775	95.4102	0.830779	0
5.50451	0.00968978	93.8442	0.843362	0
5.48216	0.00977994	92.4781	0.818537	0
5.45513	0.00961259	92.7613	0.851183	0
5.44048	0.00946743	90.1791	0.823978	0
5.42407	0.00953703	90.5456	0.827379	0
5.40829	0.00957478	90.9954	0.83452	0
5.40359	0.00927193	90.2624	0.841321	0
5.38289	0.00936741	87.93	0.820577	0
5.36158	0.00946107	88.4298	0.826358	0
5.35534	0.00919144	88.0633	0.838601	0
5.33355	0.00919955	87.1637	0.830099	0
5.30305	0.00902611	85.3311	0.8369	0
5.27938	0.00892382	83.965	0.850503	0
5.26242	0.00875284	84.3315	0.83384	0
5.24379	0.0088153	81.9992	0.83214	0
5.23249	0.0088382	82.8821	0.8335	0
5.22199	0.0087723	81.5494	0.847102	0
5.20272	0.00864906	82.9654	0.824998	0
5.17042	0.00839039	79.7168	0.821938	0
5.15037	0.00842308	79.5502	0.83316	0
5.15648	0.00859017	79.9833	0.810715	0
5.14055	0.00829757	77.7176	0.801874	0
5.1081	0.0082102	76.4348	0.816157	0
5.08924	0.00815429	76.8347	0.809695	0
5.07536	0.00825989	75.9017	0.824658	0
5.0569	0.00797242	76.4348	0.827719	0
5.03967	0.00790328	74.2191	0.818197	0
5.03636	0.0080367	74.4357	0.823298	0
5.02079	0.00807795	72.1533	0.813436	0
4.99125	0.00780339	72.7364	0.806295	0
4.97331	0.00752883	71.0037	0.799153	0
4.96267	0.0077321	70.4873	0.821257	0
4.94719	0.00755451	71.287	0.823298	0
4.92414	0.00752941	68.688	0.803574	0
4.90494	0.00737322	67.7884	0.812756	0
4.89909	0.0074925	68.2382	0.807315	0
4.87879	0.00736213	67.2053	0.801874	0
4.8588	0.00723273	67.0387	0.802894	0
4.85369	0.00729487	66.3557	0.815476	0
4.83831	0.00727742	64.0566	0.790992	0
4.81123	0.00727204	64.4565	0.799493	0
4.79358	0.0071787	63.2403	0.789971	0
4.77392	0.00698586	60.2749	0.793712	0
4.76235	0.00701927	61.8242	0.787931	0
4.75902	0.00677526	60.025	0.775349	0
4.73654	0.00674892	61.1412	0.794392	0
4.71826	0.00666486	58.7755	0.771948	0
4.71285	0.00686139	60.0083	0.766847	0
4.69724	0.00658826	57.4094	0.771608	0
4.67767	0.00662218	57.5927	0.788611	0
4.67589	0.00655064	57.2428	0.78045	0
4.6717	0.00650173	57.8092	0.772968	0
4.65155	0.00620596	55.3769	0.78011	0
4.6464	0.00637674	55.7768	0.756645	0
4.64191	0.00627744	54.9105	0.775009	0
4.62897	0.00629774	54.0941	0.768887	0
4.62107	0.00641008	54.9271	0.78317	0
4.60217	0.00614019	53.6776	0.773648	0
4.57787	0.00595287	51.945	0.744743	0
4.56359	0.00600787	50.7955	0.762086	0
4.54773	0.00587114	50.0292	0.756985	0
4.53273	0.00581581	49.3461	0.745423	0
4.52723	0.0058306	49.7626	0.755285	0
4.51656	0.00563147	48.2799	0.744063	0
4.5078	0.00546588	48.0133	0.752224	0
4.49267	0.0055275	45.4977	0.726379	0
4.46464	0.00555448	45.3644	0.718558	0
4.4579	0.00548917	45.4311	0.718218	0
4.45442	0.00561604	44.848	0.7291	0
4.43817	0.00545194	44.5481	0.725019	0
4.4205	0.00539946	43.232	0.7325	0
4.41034	0.00529023	41.566	0.708356	0
4.40436	0.00529964	41.7493	0.703595	0
4.39838	0.00533369	41.7659	0.696113	0
4.38269	0.00507333	40.05	0.698834	0
4.3645	0.00501554	38.4673	0.694413	0
4.35963	0.00511627	39.8501	0.689312	0
4.35568	0.00498246	38.484	0.684211	0
4.34092	0.00499946	38.4506	0.690672	0
4.32942	0.00485429	37.2845	0.67979	0
4.32419	0.00486441	37.2511	0.683871	0
4.31816	0.0048072	37.2845	0.692713	0
4.31154	0.0048576	37.2845	0.687952	0
4.30418	0.0047173	36.7847	0.67741	0
4.29299	0.0046215	35.3353	0.682511	0
4.28292	0.00463175	34.7355	0.655986	0
4.27732	0.00457772	34.3024	0.645784	0
4.27287	0.00473923	34.0025	0.67843	0
4.2639	0.00463824	34.4357	0.67537	0
4.25543	0.00449671	33.1695	0.661767	0
4.24852	0.00447803	32.8696	0.671289	0
4.23515	0.00440019	32.07	0.636942	0
4.22547	0.00436912	31.3536	0.650205	0
4.22261	0.00439111	30.8538	0.644084	0
4.21248	0.00431406	30.6872	0.643063	0
4.20202	0.00425263	30.504	0.642043	0
4.19807	0.00435693	29.621	0.632181	0
4.19118	0.00423162	29.5877	0.6281	0
4.17668	0.00418115	28.4048	0.607356	0
4.1722	0.00403139	28.5881	0.619259	0
4.16998	0.00399759	27.905	0.604976	0
4.15689	0.0040236	27.3219	0.619939	0
4.15166	0.00394006	26.6056	0.596474	0
4.15586	0.00400486	26.7389	0.610757	0
4.15223	0.00397736	26.3557	0.597495	0
4.13756	0.00384134	26.2057	0.598515	0
4.12491	0.00371914	26.1224	0.592734	0
4.11928	0.00369624	24.9229	0.585252	0
4.11745	0.00380761	25.5893	0.597835	0
4.10599	0.00374418	23.6235	0.57199	0
4.09714	0.00373289	24.2566	0.592054	0
4.09782	0.00367387	23.8567	0.592734	0
4.08721	0.00358397	22.5573	0.57437	0
4.08328	0.00361737	23.0404	0.563828	0
4.08259	0.00356191	21.9242	0.557367	0
4.07322	0.00356464	22.5239	0.563828	0
4.0677	0.00354258	21.8409	0.561448	0
4.0637	0.00338782	21.691	0.552606	0
4.06489	0.00348894	22.0908	0.554986	0
4.06255	0.00345898	21.6077	0.547845	0
4.05515	0.00333159	21.7409	0.552606	0
4.04696	0.0034222	19.3086	0.527441	0
4.04213	0.00331206	20.3082	0.539003	0
4.04007	0.00345268	19.9917	0.541044	0
4.0332	0.00331193	19.7085	0.530162	0
4.02778	0.00329033	19.7751	0.536963	0
4.02772	0.00337057	19.3253	0.529482	0
4.02301	0.00334287	18.7422	0.529141	0
4.01655	0.00325609	18.9588	0.526421	0
4.01628	0.00315341	17.9925	0.515199	0
4.0164	0.00319804	19.2087	0.5237	0
4.01435	0.00328871	18.4756	0.531182	0
4.0132	0.00323598	18.7589	0.513498	0
4.01185	0.00331141	18.8255	0.538323	0
4.00628	0.00322813	18.4423	0.52064	0
4.00643	0.00317618	18.4423	0.52336	0
4.00466	0.00319648	18.5256	0.5203	0
4.00121	0.00319077	18.8255	0.52234	0
3.99598	0.00321127	18.0092	0.52268	0
3.9922	0.00314446	18.1091	0.511118	0
3.99283	0.00321347	18.0092	0.52166	0
3.9913	0.00321548	18.1424	0.52336	0
3.98581	0.00314829	17.9758	0.508057	0
3.97861	0.00310788	16.9596	0.504317	0
3.97683	0.00306611	17.6926	0.509418	0
3.98068	0.00309147	17.2595	0.502276	0
3.97896	0.00302518	16.8263	0.498536	0
3.97574	0.00308621	16.9763	0.492754	0
3.97638	0.00312422	17.4927	0.502276	0
3.97576	0.00310833	17.1429	0.500576	0
3.97261	0.00307162	16.8263	0.498536	0
3.96997	0.00304768	17.0762	0.492414	0
3.96608	0.00303121	16.0766	0.490034	0
3.96397	0.00302544	17.0929	0.500916	0
3.96327	0.00314342	16.5598	0.491734	0
3.96193	0.00302797	16.6264	0.492414	0
3.96535	0.003022	17.2928	0.499216	0
3.95898	0.00296641	16.4265	0.485953	0
3.94881	0.00288293	16.2932	0.498196	0
3.94803	0.00297283	16.1266	0.486293	0
3.94528	0.00296855	15.3936	0.482553	0
3.9415	0.00299307	14.5606	0.461128	0
3.94281	0.00289662	16.06	0.483233	0
3.94416	0.00293781	15.9267	0.486633	0
3.93953	0.00289454	15.277	0.487654	0
3.93735	0.00295136	16.0766	0.489014	0
3.93316	0.00288637	14.9604	0.466569	0
3.92677	0.00287846	14.8272	0.465889	0
3.92531	0.00281768	14.4273	0.462149	0
3.92592	0.00289584	14.7772	0.47167	0
3.92256	0.00286341	14.6939	0.478472	0
3.911	0.00276417	13.3444	0.446506	0
3.90777	0.00265747	13.611	0.448206	0
3.90898	0.00271014	13.661	0.451947	0
3.904	0.00272007	13.6443	0.446846	0
3.90227	0.00272039	13.1612	0.447186	0
3.89942	0.00263724	12.4781	0.443105	0
3.89844	0.00269853	13.7443	0.460448	0
3.90305	0.002708	13.561	0.448886	0
3.8957	0.00265365	12.2782	0.439364	0
3.88584	0.00260915	11.7951	0.427802	0
3.88774	0.00260253	12.2949	0.424401	0
3.88949	0.00262173	12.4948	0.433243	0
3.88307	0.00258671	12.0616	0.428482	0
3.87748	0.00257114	12.095	0.428822	0
3.87571	0.00254812	11.8617	0.434943	0
3.87165	0.00259015	11.8451	0.420321	0
3.87226	0.00256868	11.6785	0.41896	0
3.87195	0.0025103	11.5285	0.423721	0
3.8693	0.00258094	11.7618	0.425082	0
3.86635	0.00246016	10.8955	0.403317	0
3.86711	0.00254435	11.5119	0.424061	0
3.86689	0.00252405	11.1454	0.41658	0
3.86618	0.00249616	11.1454	0.410459	0
3.86986	0.00257678	12.3615	0.446846	0
3.86483	0.0024839	11.0621	0.413179	0
3.85866	0.00246126	11.7118	0.424061	0
3.85586	0.00242831	11.0787	0.421001	0
3.8506	0.00246224	10.3957	0.401277	0
3.84952	0.00247443	11.0454	0.410119	0
3.84688	0.00239601	10.5623	0.405698	0
3.84288	0.00244174	10.0791	0.397196	0
3.84315	0.00245108	10.2124	0.405698	0
3.84311	0.00243402	10.3957	0.402637	0
3.84203	0.00237299	9.91254	0.387674	0
3.8429	0.00240315	10.1791	0.399917	0
3.84016	0.00241508	9.97918	0.398216	0
3.83676	0.00230015	9.69596	0.382573	0
3.83553	0.00230242	9.49604	0.380193	0
3.83669	0.00230845	9.62932	0.390395	0
3.8329	0.00236793	10.0958	0.401617	0
3.83105	0.00234056	9.7626	0.385974	0
3.83112	0.00229275	9.62932	0.378153	0
3.82912	0.0023102	10.2457	0.400597	0
3.82523	0.00237422	8.99625	0.373392	0
3.82375	0.00228302	10.0125	0.389715	0
3.82371	0.00223762	8.96293	0.373732	0
3.81847	0.00228419	9.11287	0.368291	0
3.8156	0.00221388	9.02957	0.380533	0
3.81634	0.0022982	8.61308	0.376792	0
3.81819	0.00229146	8.99625	0.383253	0
3.81961	0.00233303	9.61266	0.387334	0
3.8197	0.0023918	9.37943	0.389715	0
3.81479	0.0022609	8.21324	0.359789	0
3.81353	0.00232155	9.07955	0.381213	0
3.81235	0.00228873	8.59642	0.36251	0
3.8067	0.00222854	8.67972	0.361149	0
3.8047	0.00217198	8.69638	0.372031	0
3.80614	0.00218404	8.96293	0.374752	0
3.80244	0.00223898	8.01333	0.353668	0
3.79975	0.00216951	8.69638	0.36591	0
3.80101	0.00218223	8.61308	0.361829	0
3.79997	0.00221511	8.12995	0.369311	0
3.79755	0.00219922	8.26322	0.36727	0
3.79309	0.00218793	7.61349	0.350267	0
3.78924	0.00217036	7.21366	0.345846	0
3.78707	0.00211749	6.89713	0.331904	0
3.78686	0.00207929	7.09704	0.344146	0
3.78348	0.0020405	6.64723	0.330203	0
3.78131	0.00199899	6.93045	0.332244	0
3.77827	0.00199659	6.1641	0.3132	0
3.77239	0.00191091	6.0808	0.308779	0
3.77074	0.00201767	6.09746	0.31524	0
3.7714	0.00196429	6.19742	0.31354	0
3.76916	0.00194529	6.44731	0.315581	0
3.76579	0.00192109	5.76426	0.309119	0
3.7607	0.00188127	5.51437	0.295857	0
3.76096	0.00185091	5.38109	0.293136	0
3.76312	0.00188198	5.54769	0.301298	0
3.76562	0.0019172	6.1641	0.3149	0
3.76488	0.00192647	5.79758	0.304358	0
3.76162	0.00194872	5.31445	0.290756	0
3.76087	0.00189236	5.33111	0.292116	0
3.76171	0.00185299	5.69763	0.301298	0
3.761	0.0018716	5.93086	0.306059	0
3.76087	0.00194269	5.81424	0.305719	0
3.75534	0.00189378	5.24781	0.290416	0
3.75268	0.00187874	5.69763	0.306059	0
3.75226	0.00186181	4.8813	0.281574	0
3.74824	0.00182795	5.19783	0.289395	0
3.7492	0.00184961	5.48105	0.297217	0
3.75305	0.00185811	5.19783	0.292116	0
3.75068	0.00185156	5.06456	0.282594	0
3.74941	0.00184189	5.43107	0.300618	0
3.75083	0.00181504	4.93128	0.284635	0
3.74975	0.0018286	5.18117	0.289055	0
3.74944	0.00181666	5.24781	0.290416	0
3.749	0.00183178	5.03124	0.284635	0
3.7475	0.00182347	4.84798	0.280554	0
3.74212	0.00178151	4.73136	0.275113	0
3.73947	0.00177924	4.61474	0.275453	0
3.74101	0.00181984	4.84798	0.278853	0
3.73817	0.00181459	4.43149	0.264911	0
3.7345	0.00177055	4.74802	0.279534	0
3.73806	0.00177366	4.61474	0.270352	0
3.74016	0.00181588	4.93128	0.279534	0
3.7371	0.00179889	4.59808	0.273072	0
3.7368	0.00175154	4.798	0.275453	0
3.73607	0.0017376	4.86464	0.279194	0
3.73458	0.0017027	4.34819	0.265931	0
3.7354	0.0017302	4.74802	0.280554	0
3.73607	0.00170873	4.51479	0.267971	0
3.73481	0.00176387	4.86464	0.278173	0
3.73435	0.00176652	5.21449	0.287695	0
3.73317	0.00174635	4.39817	0.263891	0
3.73168	0.00181673	4.76468	0.279874	0
3.73212	0.00179701	4.69804	0.271032	0
3.72956	0.00173967	4.36485	0.26321	0
3.72765	0.0016968	4.28155	0.269332	0
3.72533	0.00172119	4.14827	0.257769	0
3.72559	0.00174674	4.34819	0.26049	0
3.72988	0.00173792	4.94794	0.278853	0
3.72956	0.00174635	4.66472	0.272392	0
3.72673	0.00172015	4.83132	0.275453	0
3.72637	0.00181828	4.48147	0.276133	0
3.72541	0.00175096	4.26489	0.26185	0
3.72348	0.00168571	4.29821	0.26253	0
3.72365	0.00169018	4.16493	0.26117	0
3.72353	0.00170718	4.31487	0.266271	0
3.72098	0.00168149	3.88172	0.249608	0
3.72067	0.00175381	4.38151	0.268652	0
3.72275	0.00174006	4.06497	0.25981	0
3.72104	0.00172462	4.48147	0.265931	0
3.71842	0.00174051	3.91504	0.250628	0
3.71861	0.00170315	4.48147	0.263891	0
3.71718	0.00168882	3.79842	0.254029	0
3.71691	0.00169531	3.94835	0.26015	0
3.71979	0.00168	4.14827	0.255389	0
3.71926	0.00172618	3.86506	0.250288	0
3.71507	0.00165412	3.21533	0.226823	0
3.71589	0.00166009	4.19825	0.257769	0
3.718	0.00169699	3.74844	0.243827	0
3.71558	0.00168525	3.74844	0.243827	0
3.71434	0.00164089	3.66514	0.242466	0
3.71448	0.00171399	4.08163	0.26015	0
3.71289	0.00168194	4.26489	0.26185	0
3.71276	0.00169894	3.91504	0.252668	0
3.71075	0.00165717	3.69846	0.243487	0
3.70965	0.00172715	3.66514	0.247227	0
3.7103	0.00167487	4.03165	0.253689	0
3.71289	0.0017147	4.33153	0.264571	0
3.71112	0.0016606	3.5152	0.237025	0
3.70791	0.00166858	3.58184	0.239066	0
3.70671	0.00161767	3.86506	0.253689	0
3.70682	0.00162331	3.54852	0.238046	0
3.70684	0.00165496	3.79842	0.248588	0
3.70537	0.00166093	3.63182	0.239406	0
3.70415	0.00165743	3.29863	0.234305	0
3.70208	0.00161617	3.08205	0.226483	0
3.70034	0.00159659	3.33195	0.229204	0
3.70119	0.00157233	3.33195	0.230564	0
3.70184	0.00162642	3.83174	0.249268	0
3.69954	0.00164627	3.48188	0.234985	0
3.69787	0.00159003	3.29863	0.230564	0
3.69801	0.00160807	3.38192	0.239066	0
3.69872	0.00159704	3.63182	0.244847	0
3.69811	0.00155708	3.14869	0.224783	0
3.69699	0.0015829	3.01541	0.219342	0
3.69637	0.00156811	2.81549	0.214241	0
3.69444	0.00159347	3.06539	0.227164	0
3.6936	0.00153419	2.74885	0.213221	0
3.69465	0.00155475	2.94877	0.217302	0
3.69588	0.00161163	3.63182	0.246207	0
3.6919	0.00156052	2.74885	0.215601	0
3.68758	0.0014989	2.3157	0.194857	0
3.6906	0.00158199	2.89879	0.214241	0
3.6914	0.00158024	2.93211	0.220362	0
3.68518	0.00149462	2.66556	0.20778	0
3.6849	0.00149527	2.73219	0.21118	0
3.68751	0.00149579	2.66556	0.20642	0
3.68729	0.00152822	3.08205	0.221382	0
3.68789	0.00152219	2.399	0.199618	0
3.68956	0.00153056	2.94877	0.219682	0
3.68984	0.00155313	3.09871	0.224443	0
3.68628	0.00155877	2.29904	0.192817	0
3.68593	0.00154716	2.93211	0.215261	0
3.68522	0.00147815	2.71554	0.217302	0
3.68289	0.00148392	2.4823	0.198258	0
3.68259	0.00146316	2.43232	0.199278	0
3.68231	0.00145434	2.41566	0.203019	0
3.68232	0.00152589	2.33236	0.198598	0
3.68074	0.00149631	2.11579	0.184315	0
3.68004	0.00151421	2.51562	0.199618	0
3.68183	0.00150643	2.46564	0.203359	0
3.68095	0.00149203	2.59892	0.20676	0
3.67916	0.00150675	2.04915	0.184655	0
3.67801	0.00143171	1.99917	0.182615	0
3.67875	0.00145	2.33236	0.195537	0
3.68041	0.00144364	2.53228	0.2071	0
3.68076	0.00147529	2.24906	0.191117	0
3.67807	0.00146563	2.49896	0.197578	0
3.67611	0.00142055	1.99917	0.182615	0
3.67689	0.00147594	2.69888	0.211521	0
3.67768	0.00146297	2.44898	0.201319	0
3.6721	0.00142665	1.84923	0.171393	0
3.67286	0.00145733	2.2324	0.191797	0
3.6753	0.00146031	2.18242	0.192817	0
3.67462	0.00150292	2.29904	0.197238	0
3.67462	0.00147646	2.11579	0.187376	0
3.6741	0.00146115	2.11579	0.184315	0
3.67303	0.00143333	2.04915	0.182955	0
3.6726	0.00137871	1.74927	0.166972	0
3.67271	0.00140797	2.28238	0.192137	0
3.67368	0.00146615	2.06581	0.183635	0
3.67312	0.00141685	1.98251	0.180235	0
3.67097	0.00140784	1.76593	0.171053	0
3.67083	0.0014535	2.11579	0.182615	0
3.67095	0.00143981	1.81591	0.173093	0
3.6683	0.00140602	1.68263	0.167312	0
3.66693	0.0013994	1.69929	0.167992	0
3.6663	0.0013719	1.63265	0.161531	0
3.66557	0.00136412	1.83257	0.173773	0
3.66632	0.00135997	1.84923	0.174794	0
3.66643	0.00136354	1.49938	0.15507	0
3.66596	0.0014031	1.58267	0.162551	0
3.66589	0.0013865	1.61599	0.164251	0
3.66731	0.00135912	2.11579	0.190096	0
3.66883	0.00142451	1.98251	0.177174	0
3.66802	0.00140641	2.18242	0.187036	0
3.66473	0.00139681	1.51603	0.15779	0
3.663	0.00137819	1.38276	0.150989	0
3.66365	0.00139765	1.41608	0.152689	0
3.66495	0.0014105	1.81591	0.174794	0
3.66198	0.00137735	1.13286	0.137386	0
3.66217	0.00134952	1.86589	0.173773	0
3.6624	0.00135283	1.46606	0.15711	0
3.66189	0.00140297	1.64931	0.165612	0
3.66277	0.00137547	1.53269	0.15847	0
3.66351	0.0013623	1.63265	0.164932	0
3.66091	0.00132676	1.46606	0.15507	0
3.66266	0.00135497	1.59933	0.161531	0
3.66312	0.00136483	1.48272	0.15439	0
3.66134	0.00135439	1.31612	0.145548	0
3.66238	0.00134297	1.66597	0.164932	0
3.66328	0.00140952	1.56601	0.15847	0
3.66033	0.00135478	1.41608	0.15439	0
3.65862	0.00131314	1.53269	0.15847	0
3.66115	0.00138312	1.63265	0.163231	0
3.66013	0.00136924	1.4494	0.15609	0
3.65853	0.0013527	1.63265	0.164932	0
3.65944	0.00133195	1.48272	0.15779	0
3.65722	0.0013479	1.2828	0.143848	0
3.65655	0.00137891	1.38276	0.150989	0
3.65883	0.00133435	1.59933	0.161531	0
3.65862	0.0013191	1.41608	0.152689	0
3.65691	0.0012833	1.39942	0.149969	0
3.65752	0.00132488	1.64931	0.167312	0
3.65904	0.00131139	1.39942	0.152009	0
3.6572	0.0012988	1.39942	0.153709	0
3.65693	0.00133986	1.56601	0.163571	0
3.65875	0.00135802	1.64931	0.162211	0
3.65733	0.00136957	1.4494	0.15439	0
3.65622	0.00139156	1.68263	0.170713	0
3.65603	0.00134304	1.0329	0.129565	0
3.6546	0.00135543	1.08288	0.134666	0
3.65501	0.00134369	1.23282	0.143167	0
3.65517	0.00132721	1.24948	0.143848	0
3.65425	0.00131846	1.38276	0.149289	0
3.65624	0.00133571	1.38276	0.149289	0
3.65701	0.00135121	1.34944	0.149289	0
3.65499	0.00134051	1.56601	0.161871	0
3.65397	0.00134667	1.26614	0.148608	0
3.65311	0.00132066	1.1995	0.141127	0
3.65426	0.0012774	1.46606	0.153369	0
3.65383	0.00134829	1.53269	0.160171	0
3.65251	0.00135439	1.4494	0.15609	0
3.65181	0.00131846	0.949604	0.124464	0
3.6534	0.00134109	1.3661	0.153709	0
3.65407	0.00134271	1.49938	0.15507	0
3.65372	0.00132326	1.61599	0.162551	0
3.652	0.0013564	1.46606	0.15507	0
3.65089	0.00128207	1.01624	0.128545	0
3.65244	0.00131476	1.2828	0.143848	0
3.65281	0.00135737	1.33278	0.146568	0
3.64942	0.00132118	0.916285	0.124464	0
3.65004	0.00130866	1.29946	0.148608	0
3.65046	0.0012894	0.932945	0.123104	0
3.64956	0.00126248	1.23282	0.143167	0
3.65063	0.00131625	1.21616	0.142147	0
3.65026	0.00129549	1.23282	0.141127	0
3.64988	0.00131839	1.2828	0.143848	0
3.64909	0.0013038	1.13286	0.135346	0
3.64924	0.00130159	1.18284	0.138407	0
3.65083	0.00132611	1.3661	0.148268	0
3.64987	0.00131035	1.14952	0.138407	0
3.64935	0.00132819	1.31612	0.145548	0
3.64918	0.00130016	0.966264	0.129565	0
3.6488	0.00130107	1.31612	0.147588	0
3.64859	0.0012977	1.29946	0.144868	0
3.64869	0.0013012	1.24948	0.143848	0
3.64879	0.00132352	1.23282	0.141127	0
3.64862	0.00127675	1.09954	0.135686	0
3.64856	0.00130036	1.26614	0.142827	0
3.64886	0.00129861	1.21616	0.142147	0
3.64834	0.00134719	1.26614	0.148608	0
3.64659	0.0013228	1.04956	0.130585	0
3.64756	0.00130354	1.01624	0.128545	0
3.64852	0.00129751	1.2828	0.147588	0
3.64683	0.00131813	1.14952	0.140447	0
3.64506	0.00131048	0.966264	0.125484	0
3.6452	0.00132974	1.23282	0.141127	0
3.64612	0.00132371	1.14952	0.136366	0
3.64358	0.00128278	0.899625	0.121063	0
3.64484	0.00125989	1.01624	0.128545	0
3.64635	0.00127292	1.06622	0.131605	0
3.6458	0.00128401	1.21616	0.140107	0
3.64628	0.00128259	1.18284	0.138407	0
3.64687	0.00126131	1.08288	0.136706	0
3.64632	0.00129258	1.21616	0.140107	0
3.64474	0.00124639	0.749688	0.110861	0
3.64362	0.00126332	1.01624	0.128545	0
3.64435	0.00127701	0.799667	0.114262	0
3.64373	0.0012726	1.0329	0.129565	0
3.6441	0.00128388	1.08288	0.136706	0
3.64455	0.00130814	1.16618	0.139427	0
3.64446	0.00132637	1.18284	0.138407	0
3.64406	0.00130659	1.06622	0.131605	0
3.64343	0.00130672	1.08288	0.132625	0
3.64382	0.00130198	1.01624	0.128545	0
3.64347	0.00125898	0.932945	0.123104	0
3.64306	0.00128745	1.1162	0.134326	0
3.6439	0.00128888	1.13286	0.137386	0
3.64343	0.0012678	0.866306	0.118683	0
3.64378	0.00128985	1.34944	0.149289	0
3.64474	0.00128577	1.09954	0.135686	0
3.64327	0.0012724	1.13286	0.135346	0
3.64267	0.00125463	0.899625	0.121063	0
3.64275	0.00128051	1.13286	0.135346	0
3.64296	0.00130743	1.13286	0.135346	0
3.64243	0.00126235	0.916285	0.122083	0
3.64368	0.00126572	1.14952	0.138407	0
3.64202	0.00126241	0.649729	0.10338	0
3.63983	0.001251	0.733028	0.109501	0
3.64252	0.00126274	1.06622	0.137726	0
3.64172	0.00125885	0.982924	0.128545	0
3.64179	0.00126358	1.0329	0.129565	0
3.6432	0.00128953	1.09954	0.133646	0
3.64256	0.00129595	0.866306	0.121063	0
3.64148	0.00129731	1.0329	0.129565	0
3.64103	0.00128427	1.13286	0.135346	0
3.64156	0.00125606	0.932945	0.125484	0
3.64184	0.00129893	1.09954	0.135686	0
3.63995	0.0012702	0.849646	0.117663	0
3.63868	0.00125547	0.866306	0.121063	0
3.63969	0.00124626	0.982924	0.126504	0
3.63931	0.00124438	0.982924	0.128545	0
3.63964	0.00130003	1.06622	0.133646	0
3.63864	0.00125677	0.882965	0.120043	0
3.63929	0.00125457	0.783007	0.113242	0
3.64014	0.00127253	0.749688	0.113242	0
3.63979	0.00124471	0.866306	0.118683	0
3.64012	0.00125152	0.916285	0.124464	0
3.64181	0.00128084	1.1162	0.134326	0
3.63994	0.00123822	0.749688	0.110861	0
3.63919	0.00125684	0.999584	0.129565	0
3.6405	0.00128933	0.949604	0.124464	0
3.64006	0.00125496	0.849646	0.117663	0
3.63818	0.00125398	0.832986	0.119023	0
3.63727	0.00122168	0.932945	0.125484	0
3.63699	0.00119619	0.666389	0.1044	0
3.63787	0.00120495	0.832986	0.119023	0
3.63938	0.00120962	1.13286	0.139427	0
3.6391	0.00121922	0.849646	0.117663	0
3.63847	0.00124613	0.866306	0.121063	0
3.63844	0.00124899	0.832986	0.116642	0
3.63816	0.00123679	0.966264	0.125484	0
3.63714	0.00123816	0.716368	0.108141	0
3.6383	0.00125483	0.816327	0.115282	0
3.63835	0.00122479	0.882965	0.122423	0
3.63712	0.00123958	0.849646	0.120043	0
3.63728	0.00126592	0.849646	0.117663	0
3.63723	0.001239	0.882965	0.122423	0
3.63744	0.00126566	0.783007	0.113242	0
3.63702	0.00125522	0.783007	0.113242	0
3.63778	0.00130535	1.23282	0.143167	0
3.63756	0.00123984	0.666389	0.1044	0
3.63613	0.00126164	0.783007	0.115622	0
3.63639	0.00123524	0.61641	0.100659	0
3.6368	0.00124114	0.882965	0.120043	0
3.63783	0.00126624	0.999584	0.127524	0
3.6387	0.0012499	0.932945	0.123104	0
3.63761	0.00126203	0.916285	0.126504	0
3.63615	0.00120754	0.549771	0.0952183	0
3.63692	0.00121532	0.882965	0.120043	0
3.63781	0.00125411	0.799667	0.114262	0
3.63543	0.00122259	0.516451	0.0921577	0
3.63412	0.00121591	0.783007	0.113242	0
3.63509	0.00122473	0.683049	0.110861	0
3.63536	0.0012473	0.932945	0.125484	0
3.63458	0.00119911	0.683049	0.10576	0
3.63504	0.00122337	0.816327	0.115282	0
3.63622	0.00120994	0.649729	0.10338	0
3.63501	0.00122428	0.783007	0.113242	0
3.63417	0.00119223	0.699708	0.109501	0
3.6362	0.00119308	0.899625	0.123444	0
3.63674	0.00123965	0.999584	0.127524	0
3.63648	0.00125405	0.783007	0.113242	0
3.63546	0.00123712	0.783007	0.113242	0
3.63427	0.00124737	0.832986	0.116642	0
3.63441	0.00125346	0.716368	0.110861	0
3.63473	0.00125288	0.683049	0.10576	0
3.6361	0.00123576	0.916285	0.122083	0
3.636	0.00126566	0.882965	0.120043	0
3.63508	0.00126014	0.799667	0.114262	0
3.63506	0.00121558	0.63307	0.10202	0
3.63577	0.00122544	0.899625	0.121063	0
3.63623	0.00125359	0.949604	0.126504	0
3.63678	0.0012499	0.716368	0.110861	0
3.6352	0.00122466	0.716368	0.108141	0
3.63455	0.00121701	0.733028	0.109501	0
3.63513	0.00124438	0.966264	0.127524	0
3.63387	0.00119554	0.649729	0.10338	0
3.6335	0.00119917	0.63307	0.107121	0
3.63362	0.0012102	0.733028	0.111881	0
3.63263	0.00122454	0.716368	0.110861	0
3.63343	0.00124626	0.899625	0.123444	0
3.63285	0.00121052	0.749688	0.110861	0
3.63235	0.00119677	0.716368	0.108141	0
3.63347	0.00122512	0.882965	0.122423	0
3.63402	0.00122512	0.749688	0.110861	0
3.63326	0.00122369	0.783007	0.113242	0
3.63471	0.00121189	0.733028	0.109501	0
3.63464	0.00125541	0.63307	0.10474	0
3.63347	0.00122129	0.666389	0.109841	0
3.63462	0.00123991	0.766347	0.111881	0
3.63335	0.00123225	0.58309	0.0979388	0
3.63317	0.00121811	0.749688	0.110861	0
3.63429	0.00121643	0.832986	0.119023	0
3.63331	0.00122214	0.533111	0.0965785	0
3.63425	0.00124782	0.899625	0.121063	0
3.63433	0.00125223	0.683049	0.10576	0
3.63352	0.0011899	0.61641	0.100659	0
3.63343	0.00118925	0.799667	0.114262	0
3.63372	0.00123478	0.549771	0.0952183	0
3.63528	0.00123751	0.849646	0.117663	0
3.63518	0.00122985	0.932945	0.123104	0
3.6338	0.0012102	0.733028	0.109501	0
3.63321	0.00123978	0.683049	0.10576	0
3.63466	0.00122804	0.916285	0.126504	0
3.63478	0.00123809	0.716368	0.108141	0
3.63331	0.00124646	0.716368	0.110861	0
3.63259	0.00121902	0.749688	0.110861	0
3.63203	0.0011912	0.749688	0.110861	0
3.63197	0.00121896	0.566431	0.0965785	0
3.63145	0.00122278	0.683049	0.10576	0
3.63146	0.00120579	0.63307	0.10202	0
3.63163	0.00120144	0.666389	0.1044	0
3.63183	0.00120041	0.699708	0.109501	0
3.63268	0.00123115	0.63307	0.10202	0
3.63244	0.00122116	0.766347	0.111881	0
3.6334	0.00120287	0.63307	0.10202	0
3.63269	0.00119444	0.749688	0.110861	0
3.63197	0.00119016	0.716368	0.108141	0
3.63311	0.0011923	0.733028	0.109501	0
3.63236	0.00122304	0.716368	0.108141	0
3.63295	0.00124185	0.816327	0.117663	0
3.63248	0.00127279	0.699708	0.107121	0
3.63247	0.00123083	0.63307	0.10202	0
3.63114	0.0012211	0.666389	0.1044	0
3.63169	0.00122434	0.916285	0.122083	0
3.63241	0.00121545	0.666389	0.1044	0
3.63184	0.00120287	0.549771	0.0952183	0
3.63231	0.00123725	0.849646	0.117663	0
3.63237	0.0012342	0.649729	0.10338	0
3.63176	0.00122473	0.683049	0.108481	0
3.63222	0.00121312	0.533111	0.0935179	0
3.63169	0.0011672	0.533111	0.0935179	0
3.6307	0.00118036	0.61641	0.100659	0
3.63228	0.0012294	0.799667	0.114262	0
3.631	0.0012283	0.59975	0.099299	0
3.63065	0.00120748	0.749688	0.110861	0
3.63141	0.00118432	0.533111	0.0935179	0
3.63067	0.00120365	0.699708	0.107121	0
3.63138	0.00119405	0.58309	0.100659	0
3.63293	0.00120281	0.916285	0.122083	0
3.63185	0.00123063	0.58309	0.0979388	0
3.63157	0.00122479	0.666389	0.1044	0
3.6317	0.00120994	0.716368	0.110861	0
3.63293	0.00121507	0.749688	0.113242	0
3.63286	0.00121396	0.683049	0.10576	0
3.63151	0.00119535	0.549771	0.0952183	0
3.63101	0.00119788	0.61641	0.100659	0
3.63069	0.00119171	0.549771	0.0952183	0
3.63092	0.00119431	0.58309	0.0979388	0
3.6309	0.00121513	0.58309	0.100659	0
3.63037	0.00119444	0.549771	0.0952183	0
3.63075	0.00118432	0.516451	0.0921577	0
3.63196	0.00120514	0.433153	0.0843362	0
3.63106	0.00118828	0.549771	0.0952183	0
3.63226	0.00121974	0.749688	0.110861	0
3.6316	0.00118886	0.733028	0.109501	0
3.63057	0.00120715	0.59975	0.099299	0
3.63091	0.00119353	0.533111	0.0935179	0
3.63206	0.00120877	0.666389	0.1044	0
3.63183	0.00122927	0.58309	0.100659	0
3.63132	0.00119917	0.58309	0.10338	0
3.63099	0.00117278	0.499792	0.0907974	0
3.62983	0.00121494	0.533111	0.0935179	0
3.63057	0.00120806	0.61641	0.100659	0
3.63095	0.00121448	0.699708	0.107121	0
3.62961	0.00117265	0.366514	0.0778749	0
3.62895	0.00116687	0.566431	0.0965785	0
3.63018	0.00118737	0.683049	0.108481	0
3.63122	0.00118484	0.449813	0.0860365	0
3.6313	0.00117394	0.63307	0.10474	0
3.63182	0.00120261	0.549771	0.0979388	0
3.63094	0.00119755	0.566431	0.0965785	0
3.63078	0.0011729	0.549771	0.0952183	0
3.63	0.00117154	0.549771	0.0952183	0
3.62891	0.00118341	0.433153	0.0877368	0
3.62866	0.00119184	0.483132	0.0890971	0
3.62919	0.00119288	0.61641	0.100659	0
3.63073	0.00117654	0.799667	0.114262	0
3.63052	0.00116674	0.59975	0.099299	0
3.63053	0.00117894	0.58309	0.0979388	0
3.6309	0.00115786	0.683049	0.10576	0
3.63094	0.00115941	0.466472	0.0877368	0
3.63101	0.00120709	0.58309	0.0979388	0
3.63099	0.00119515	0.516451	0.0952183	0
3.63071	0.00118931	0.58309	0.0979388	0
3.63026	0.00117394	0.449813	0.0860365	0
3.63116	0.00121818	0.59975	0.10202	0
3.631	0.00120371	0.449813	0.0890971	0
3.63057	0.00119989	0.466472	0.0877368	0
3.6311	0.00118646	0.59975	0.099299	0
3.63181	0.00118653	0.699708	0.107121	0
3.6322	0.00121124	0.61641	0.100659	0
3.63111	0.00119664	0.666389	0.107121	0
3.63013	0.00119392	0.63307	0.10202	0
3.62998	0.00118231	0.366514	0.0778749	0
3.63113	0.00120002	0.549771	0.0952183	0
3.63073	0.00118374	0.483132	0.0890971	0
3.63104	0.00123167	0.483132	0.0890971	0
3.63086	0.00119911	0.516451	0.0921577	0
3.6303	0.00119353	0.516451	0.0952183	0
3.6306	0.00119677	0.58309	0.0979388	0
3.62945	0.00119126	0.499792	0.0907974	0
3.62883	0.00117602	0.499792	0.093858	0
3.62965	0.00115902	0.399833	0.0812756	0
3.63033	0.0011851	0.466472	0.0877368	0
3.62981	0.00118614	0.433153	0.0843362	0
3.62972	0.00119651	0.63307	0.10202	0
3.63107	0.00119301	0.516451	0.0952183	0
3.6315	0.00120929	0.566431	0.0965785	0
3.63153	0.00123407	0.63307	0.10202	0
3.63101	0.0011912	0.349854	0.0761746	0
3.63055	0.00120761	0.533111	0.0935179	0
3.631	0.00118581	0.383174	0.0795753	0
3.63073	0.00117751	0.63307	0.10202	0
3.63045	0.00118075	0.383174	0.0795753	0
3.6298	0.00119801	0.499792	0.093858	0
3.63004	0.00116681	0.466472	0.0877368	0
3.6296	0.00119282	0.449813	0.0890971	0
3.63018	0.00120067	0.566431	0.099299	0
3.63113	0.00117187	0.516451	0.0921577	0
3.62926	0.00116661	0.483132	0.0890971	0
3.62916	0.0011445	0.433153	0.0843362	0
3.63066	0.00113931	0.483132	0.0890971	0
3.63091	0.0011696	0.533111	0.0935179	0
3.6303	0.00118017	0.516451	0.0921577	0
3.63055	0.00116583	0.499792	0.0907974	0
3.63037	0.00116914	0.383174	0.0795753	0
3.62995	0.00116804	0.516451	0.0952183	0
3.62983	0.0011729	0.566431	0.099299	0
3.63101	0.00118471	0.466472	0.0877368	0
3.63043	0.00117161	0.499792	0.093858	0
3.62951	0.00119204	0.316535	0.0724339	0
3.63077	0.00118121	0.59975	0.099299	0
3.62999	0.00117608	0.649729	0.10576	0
3.62895	0.00119204	0.366514	0.0778749	0
3.62949	0.00118906	0.349854	0.0761746	0
3.63093	0.00116778	0.499792	0.0907974	0
3.63103	0.00117595	0.399833	0.0812756	0
3.62943	0.00117796	0.283215	0.0683531	0
3.63033	0.00118276	0.533111	0.0935179	0
3.63105	0.0011825	0.383174	0.0795753	0
3.63113	0.00115377	0.366514	0.0778749	0
3.63036	0.00117407	0.416493	0.0829759	0
3.63146	0.0011888	0.433153	0.0907974	0
3.63076	0.00115896	0.433153	0.0843362	0
3.63013	0.00116798	0.383174	0.0795753	0
3.63054	0.00116882	0.366514	0.0778749	0
3.62963	0.00114754	0.316535	0.0724339	0
3.62995	0.00115345	0.416493	0.0829759	0
3.63054	0.00114034	0.466472	0.0877368	0
3.63126	0.00114177	0.433153	0.0843362	0
3.63116	0.00118763	0.499792	0.0907974	0
3.63006	0.00119191	0.466472	0.0877368	0
3.63	0.0011801	0.516451	0.0921577	0
3.63017	0.0011849	0.433153	0.0843362	0
3.63085	0.00119295	0.499792	0.0907974	0
3.62946	0.00115267	0.283215	0.0683531	0
3.62975	0.00114975	0.416493	0.0829759	0
3.63011	0.00114268	0.433153	0.0843362	0
3.63103	0.00115714	0.499792	0.0907974	0
3.63118	0.00118179	0.416493	0.0860365	0
3.63237	0.00117615	0.533111	0.0935179	0
3.63151	0.00116421	0.449813	0.0860365	0
3.63052	0.00115371	0.366514	0.0778749	0
3.63071	0.00117115	0.466472	0.0907974	0
3.631	0.00116486	0.449813	0.0860365	0
3.63026	0.0011694	0.416493	0.0829759	0
3.63115	0.00117018	0.466472	0.0877368	0
3.63133	0.0011779	0.483132	0.0921577	0
3.63128	0.00117018	0.466472	0.0877368	0
3.63083	0.0011731	0.516451	0.0921577	0
3.63	0.00114424	0.333195	0.0741342	0
3.63033	0.00116836	0.449813	0.0860365	0
3.63001	0.00115688	0.366514	0.0778749	0
3.62942	0.00114638	0.433153	0.0843362	0
3.63066	0.00112912	0.383174	0.0795753	0
3.63169	0.00117628	0.549771	0.0952183	0
3.63135	0.00118231	0.416493	0.0829759	0
3.6304	0.00116947	0.399833	0.0812756	0
3.63136	0.00115896	0.499792	0.0907974	0
3.63214	0.001184	0.383174	0.0829759	0
3.63156	0.00118828	0.466472	0.093858	0
3.63028	0.00116823	0.349854	0.0761746	0
3.63015	0.00116519	0.499792	0.0907974	0
3.63103	0.00116421	0.516451	0.0921577	0
3.63108	0.00116739	0.416493	0.0860365	0
3.63033	0.00116888	0.399833	0.0812756	0
3.63068	0.0011635	0.433153	0.0843362	0
3.63112	0.0011945	0.399833	0.0812756	0
3.63014	0.00118101	0.366514	0.0778749	0
3.6311	0.0011696	0.433153	0.0843362	0
3.6309	0.00115624	0.333195	0.0741342	0
3.63052	0.0011502	0.249896	0.0642723	0
3.63055	0.00115014	0.283215	0.0683531	0
3.63076	0.00114787	0.483132	0.0921577	0
3.63122	0.00118289	0.449813	0.0860365	0
3.63138	0.00117757	0.416493	0.0829759	0
3.63125	0.00117089	0.449813	0.0860365	0
3.63147	0.0011515	0.299875	0.0703935	0
3.63144	0.00120041	0.366514	0.0778749	0
3.63008	0.00114605	0.233236	0.0622319	0
3.63063	0.00111226	0.266556	0.0663127	0
3.63181	0.00116545	0.466472	0.0877368	0
3.63165	0.0011648	0.416493	0.0829759	0
3.63094	0.00116318	0.416493	0.0829759	0
3.63171	0.00114437	0.399833	0.0812756	0
3.63092	0.00115753	0.399833	0.0812756	0
3.6311	0.00113775	0.399833	0.0812756	0
3.63249	0.00117349	0.416493	0.0829759	0
3.63261	0.00116402	0.466472	0.0877368	0
3.63226	0.00116648	0.499792	0.0907974	0
3.63149	0.00113457	0.299875	0.0703935	0
3.63063	0.00112659	0.233236	0.0622319	0
3.63153	0.00114592	0.349854	0.0761746	0
3.63236	0.00115753	0.283215	0.0683531	0
3.63206	0.00117466	0.333195	0.0741342	0
3.63177	0.0011456	0.399833	0.0812756	0
3.63143	0.00116616	0.366514	0.0778749	0
3.63197	0.0011456	0.333195	0.0741342	0
3.63206	0.00113885	0.316535	0.0724339	0
3.63236	0.00115293	0.383174	0.0829759	0
3.63277	0.00118283	0.449813	0.0860365	0
3.63337	0.00118289	0.416493	0.0829759	0
3.63319	0.00116473	0.333195	0.0741342	0
3.63237	0.00116149	0.399833	0.0812756	0
3.63269	0.00112789	0.233236	0.0622319	0
3.63227	0.00115332	0.399833	0.0812756	0
3.63206	0.00118237	0.333195	0.0741342	0
3.63186	0.00117012	0.249896	0.0642723	0
3.63125	0.00113457	0.249896	0.0642723	0
3.63072	0.00114086	0.366514	0.0778749	0
3.63284	0.00115864	0.366514	0.0778749	0
3.63299	0.00117991	0.466472	0.0877368	0
3.63162	0.00116155	0.266556	0.0663127	0
3.6323	0.0011707	0.433153	0.0843362	0
3.63337	0.00115974	0.516451	0.0921577	0
3.63282	0.00115144	0.416493	0.0829759	0
3.63283	0.00115195	0.466472	0.0877368	0
3.63236	0.00113918	0.316535	0.0724339	0
3.63168	0.00114605	0.383174	0.0795753	0
3.63151	0.00115338	0.433153	0.0843362	0
3.63288	0.00114631	0.399833	0.0812756	0
3.63286	0.00115675	0.366514	0.0778749	0
3.633	0.00116421	0.349854	0.0761746	0
3.63234	0.00113859	0.316535	0.0724339	0
3.63307	0.00112329	0.366514	0.0778749	0
3.63362	0.00114884	0.316535	0.0724339	0
3.63336	0.00115876	0.416493	0.0829759	0
3.6329	0.00116603	0.383174	0.0795753	0
3.63372	0.00115014	0.299875	0.0703935	0
3.63326	0.00112108	0.399833	0.0812756	0
3.63316	0.00113807	0.333195	0.0741342	0
3.63409	0.0011624	0.449813	0.0860365	0
3.63315	0.00116343	0.316535	0.0724339	0
3.63209	0.00113905	0.249896	0.0642723	0
3.63333	0.00112452	0.399833	0.0812756	0
3.63336	0.00115844	0.399833	0.0812756	0
3.63301	0.00113541	0.283215	0.0683531	0
3.63344	0.00116266	0.249896	0.0642723	0
3.63402	0.00117213	0.433153	0.0877368	0
3.63419	0.00114722	0.333195	0.0741342	0
3.63299	0.00113366	0.183257	0.0550906	0
3.6326	0.00112886	0.283215	0.0683531	0
3.63306	0.00111583	0.249896	0.0642723	0
3.63378	0.00112744	0.333195	0.0741342	0
3.6341	0.00116759	0.449813	0.0860365	0
3.63416	0.00115124	0.349854	0.0761746	0
3.6344	0.00115293	0.333195	0.0741342	0
3.63444	0.00115915	0.433153	0.0843362	0
3.63376	0.00113879	0.316535	0.0724339	0
3.63322	0.00112569	0.299875	0.0703935	0
3.63413	0.00111057	0.283215	0.0683531	0
3.63342	0.00111349	0.366514	0.0778749	0
3.63369	0.00115299	0.383174	0.0795753	0
3.63451	0.00116914	0.383174	0.0795753	0
3.63429	0.00116519	0.349854	0.0761746	0
3.63496	0.00117543	0.399833	0.0846762	0
3.63571	0.00117511	0.383174	0.0829759	0
3.63405	0.00114787	0.316535	0.0724339	0
3.63397	0.00114586	0.366514	0.0778749	0
3.6335	0.00112724	0.266556	0.0663127	0
3.63374	0.00114618	0.283215	0.0683531	0
3.63445	0.00115889	0.416493	0.0829759	0
3.63497	0.00116318	0.349854	0.0761746	0
3.63469	0.00114255	0.333195	0.0741342	0
3.63507	0.00112517	0.266556	0.0663127	0
3.63392	0.00111998	0.283215	0.0683531	0
3.63231	0.00112309	0.116618	0.0438684	0
3.63348	0.00115876	0.316535	0.0724339	0
3.63571	0.00116596	0.349854	0.0761746	0
3.63482	0.00114774	0.333195	0.0741342	0
3.63537	0.00115137	0.366514	0.0778749	0
3.63533	0.00114034	0.399833	0.0812756	0
3.63455	0.00110915	0.316535	0.0761746	0
3.63448	0.00112186	0.249896	0.0642723	0
3.63619	0.00114962	0.59975	0.10202	0
3.63554	0.00115915	0.449813	0.0860365	0
3.63503	0.00114034	0.299875	0.0703935	0
3.63531	0.00114385	0.449813	0.0860365	0
3.63503	0.00115345	0.349854	0.0761746	0
3.63429	0.00113723	0.399833	0.0812756	0
3.63461	0.00112724	0.266556	0.0663127	0
3.63362	0.00112426	0.266556	0.0663127	0
3.63418	0.00111855	0.216576	0.0598515	0
3.63465	0.00111887	0.316535	0.0724339	0
3.63528	0.00111816	0.266556	0.0663127	0
3.63618	0.00114878	0.333195	0.0741342	0
3.63577	0.00113353	0.299875	0.0741342	0
3.63489	0.00114404	0.199917	0.057471	0
3.63507	0.00114715	0.266556	0.0663127	0
3.63619	0.00114274	0.266556	0.0663127	0
3.63632	0.00114929	0.316535	0.0724339	0
3.63603	0.00114981	0.366514	0.0778749	0
3.63711	0.00117777	0.483132	0.0890971	0
3.63668	0.0011635	0.233236	0.0622319	0
3.63477	0.0011166	0.183257	0.0550906	0
3.63685	0.00112101	0.316535	0.0724339	0
3.63727	0.00116739	0.333195	0.0741342	0
3.63604	0.00113859	0.366514	0.0812756	0
3.63628	0.00112251	0.233236	0.0622319	0
3.63724	0.0011347	0.283215	0.0683531	0
3.63742	0.00115345	0.366514	0.0778749	0
3.63663	0.00113386	0.383174	0.0829759	0
3.63521	0.00114339	0.299875	0.0703935	0
3.63555	0.00112406	0.249896	0.0642723	0
3.63524	0.00112004	0.233236	0.0622319	0
3.63559	0.00113918	0.333195	0.0741342	0
3.63613	0.00115293	0.249896	0.0642723	0
3.636	0.00111732	0.416493	0.0829759	0
3.63668	0.00113503	0.266556	0.0663127	0
3.63811	0.00115935	0.399833	0.0812756	0
3.63712	0.00114625	0.366514	0.0778749	0
3.6367	0.00115611	0.299875	0.0703935	0
3.6371	0.00115098	0.416493	0.0829759	0
3.63659	0.00114359	0.333195	0.0741342	0
3.63735	0.00114858	0.366514	0.0778749	0
3.63796	0.0011526	0.216576	0.0598515	0
3.63666	0.00115007	0.349854	0.0761746	0
3.638	0.0011323	0.316535	0.0724339	0
3.63726	0.00113976	0.183257	0.0550906	0
3.63706	0.00116311	0.299875	0.0703935	0
3.63775	0.00113412	0.249896	0.0642723	0
3.63782	0.00112808	0.266556	0.0663127	0
3.63799	0.00115902	0.266556	0.0663127	0
3.63801	0.00114884	0.383174	0.0795753	0
3.63766	0.00113626	0.349854	0.0761746	0
3.63678	0.00112121	0.283215	0.0683531	0
3.63804	0.00111972	0.149938	0.0499896	0
3.63811	0.00114151	0.299875	0.0703935	0
3.637	0.00110389	0.166597	0.0527101	0
3.63682	0.00110986	0.299875	0.0703935	0
3.63744	0.00111939	0.183257	0.0550906	0
3.63682	0.00113029	0.266556	0.0663127	0
3.63717	0.00114547	0.433153	0.0843362	0
3.63741	0.00111693	0.199917	0.0622319	0
3.6384	0.00115027	0.366514	0.0778749	0
3.63822	0.00113613	0.216576	0.0598515	0
3.63701	0.00110409	0.249896	0.0642723	0
3.63713	0.0011384	0.266556	0.0663127	0
3.63717	0.00114255	0.299875	0.0703935	0
3.6382	0.00113892	0.299875	0.0703935	0
3.63902	0.0011598	0.283215	0.0683531	0
3.63847	0.00115092	0.266556	0.0663127	0
3.63874	0.00114008	0.266556	0.0663127	0
3.6395	0.0011157	0.266556	0.0663127	0
3.63808	0.00112452	0.233236	0.0622319	0
3.63807	0.00113561	0.216576	0.0598515	0
3.63843	0.00110259	0.183257	0.0550906	0
3.6389	0.00112335	0.333195	0.0778749	0
3.63968	0.00114385	0.316535	0.0724339	0
3.63894	0.00109371	0.283215	0.0683531	0
3.63839	0.00109981	0.266556	0.0663127	0
3.63874	0.00112971	0.266556	0.0663127	0
3.63926	0.00112607	0.316535	0.0724339	0
3.6398	0.00113678	0.266556	0.0663127	0
3.63973	0.00115215	0.366514	0.0778749	0
3.63967	0.00114398	0.283215	0.0683531	0
3.63914	0.00115033	0.349854	0.0761746	0
3.63919	0.00113632	0.316535	0.0724339	0
3.6387	0.00113827	0.266556	0.0663127	0
3.63855	0.00113509	0.283215	0.0683531	0
3.63936	0.00113204	0.283215	0.0683531	0
3.6386	0.00110889	0.166597	0.0527101	0
3.63897	0.00111407	0.183257	0.0550906	0
3.64103	0.00114709	0.449813	0.0860365	0
3.64023	0.00116525	0.349854	0.0761746	0
3.63966	0.00112556	0.249896	0.0642723	0
3.63931	0.001119	0.266556	0.0663127	0
3.64022	0.0011419	0.266556	0.0663127	0
3.64054	0.00111855	0.249896	0.0642723	0
3.64074	0.00114696	0.299875	0.0703935	0
3.64149	0.0011408	0.333195	0.0741342	0
3.64046	0.00110409	0.333195	0.0741342	0
3.63996	0.00112763	0.249896	0.0642723	0
3.63913	0.00113191	0.266556	0.0663127	0
3.64021	0.00111187	0.349854	0.0761746	0
3.64057	0.00113399	0.166597	0.0527101	0
3.63944	0.00111913	0.349854	0.0761746	0
3.64171	0.00113431	0.266556	0.0663127	0
3.64195	0.00113023	0.266556	0.0663127	0
3.63976	0.00112309	0.283215	0.0683531	0
3.64083	0.00108495	0.116618	0.0438684	0
3.64179	0.00111142	0.199917	0.057471	0
3.64043	0.00111044	0.199917	0.057471	0
3.64074	0.00113185	0.283215	0.0683531	0
3.64026	0.00114469	0.266556	0.0663127	0
3.6402	0.00112763	0.199917	0.057471	0
3.64022	0.00112834	0.316535	0.0724339	0
3.64048	0.00114313	0.316535	0.0724339	0
3.64085	0.00113833	0.233236	0.0622319	0
3.63929	0.0011109	0.0999584	0.0408078	0
3.63988	0.00110785	0.149938	0.0499896	0
3.64073	0.0011118	0.199917	0.057471	0
3.64126	0.00113347	0.233236	0.0622319	0
3.64109	0.00111706	0.216576	0.0598515	0
3.64153	0.00112335	0.266556	0.0703935	0
3.64141	0.00111991	0.333195	0.0741342	0
3.64078	0.0011166	0.166597	0.0527101	0
3.64272	0.00113107	0.199917	0.057471	0
3.64283	0.00110259	0.316535	0.0724339	0
3.64098	0.00111862	0.149938	0.0499896	0
3.64135	0.0011216	0.283215	0.0683531	0
3.64318	0.00113405	0.249896	0.0642723	0
3.64233	0.00114437	0.316535	0.0724339	0
3.6415	0.00113314	0.233236	0.0622319	0
3.6421	0.00110778	0.166597	0.0527101	0
3.64269	0.00112796	0.166597	0.0527101	0
3.64215	0.00109689	0.199917	0.057471	0
3.64105	0.00111628	0.216576	0.0598515	0
3.64141	0.00111518	0.166597	0.0527101	0
3.64326	0.0011166	0.399833	0.0846762	0
3.64263	0.00113133	0.183257	0.0550906	0
3.64152	0.0010989	0.233236	0.0622319	0
3.64255	0.00110512	0.166597	0.0527101	0
3.64301	0.00110331	0.233236	0.0622319	0
3.64213	0.00110078	0.216576	0.0598515	0
3.64384	0.00114424	0.449813	0.0860365	0
3.64473	0.00114586	0.266556	0.0663127	0
3.64428	0.00112886	0.283215	0.0683531	0
3.64347	0.00114949	0.416493	0.0829759	0
3.64377	0.00111407	0.249896	0.0642723	0
3.64329	0.00111738	0.216576	0.0598515	0
3.64273	0.00111278	0.199917	0.057471	0
3.64332	0.00111226	0.199917	0.057471	0
3.64307	0.0011301	0.233236	0.0622319	0
3.64269	0.00111226	0.266556	0.0663127	0
3.64323	0.00110876	0.166597	0.0527101	0
3.6443	0.0010939	0.249896	0.0642723	0
3.6442	0.0011131	0.216576	0.0598515	0
3.64328	0.00112685	0.266556	0.0663127	0
3.64284	0.00111596	0.183257	0.0550906	0
3.64407	0.00111453	0.283215	0.0683531	0
3.6438	0.00112581	0.233236	0.0622319	0
3.64351	0.0011181	0.316535	0.0724339	0
3.64395	0.00111427	0.299875	0.0703935	0
3.64344	0.00112329	0.133278	0.046929	0
3.64449	0.00110162	0.266556	0.0663127	0
3.64538	0.00109449	0.266556	0.0663127	0
3.64491	0.00110629	0.316535	0.0724339	0
3.64391	0.00112614	0.166597	0.0527101	0
3.6449	0.0011096	0.199917	0.057471	0
3.6446	0.00112205	0.299875	0.0703935	0
3.64348	0.00112296	0.249896	0.0642723	0
3.64423	0.00112783	0.199917	0.057471	0
3.64563	0.00109864	0.149938	0.0499896	0
3.64558	0.00112004	0.283215	0.0683531	0
3.64513	0.00112354	0.233236	0.0622319	0
3.64515	0.00111511	0.266556	0.0663127	0
3.64515	0.00109267	0.183257	0.0550906	0
3.64448	0.00110123	0.166597	0.0527101	0
3.64519	0.00110603	0.266556	0.0663127	0
3.64577	0.00109533	0.249896	0.0642723	0
3.64562	0.00110052	0.216576	0.0598515	0
3.64483	0.00110856	0.183257	0.0550906	0
3.64449	0.00110545	0.149938	0.0499896	0
3.64581	0.0011229	0.266556	0.0663127	0
3.64564	0.00112491	0.249896	0.0642723	0
3.64575	0.00110558	0.249896	0.0642723	0
3.64576	0.00111803	0.266556	0.0663127	0
3.64512	0.00112867	0.166597	0.0527101	0
3.64504	0.00109786	0.199917	0.057471	0
3.64542	0.00111596	0.216576	0.0598515	0
3.6465	0.00112069	0.149938	0.0499896	0
3.64543	0.00109695	0.199917	0.057471	0
3.64526	0.00109423	0.233236	0.0622319	0
3.64633	0.00111122	0.283215	0.0683531	0
3.64689	0.00113061	0.333195	0.0741342	0
3.64617	0.00110091	0.199917	0.057471	0
3.64618	0.00110947	0.149938	0.0499896	0
3.6462	0.00112783	0.149938	0.0499896	0
3.64595	0.00109598	0.133278	0.046929	0
3.64645	0.00107853	0.149938	0.0499896	0
3.64753	0.00111206	0.366514	0.0778749	0
3.64761	0.00112841	0.283215	0.0683531	0
3.64656	0.00113165	0.316535	0.0724339	0
3.64627	0.00112796	0.216576	0.0598515	0
3.64623	0.0010843	0.133278	0.046929	0
3.64617	0.00110681	0.199917	0.057471	0
3.64623	0.00109034	0.199917	0.057471	0
3.64758	0.00109137	0.249896	0.0642723	0
3.64651	0.00109896	0.266556	0.0663127	0
3.64637	0.00109118	0.199917	0.057471	0
3.64785	0.00108255	0.183257	0.0550906	0
3.64695	0.00111031	0.249896	0.0642723	0
3.64733	0.00112244	0.299875	0.0703935	0
3.64736	0.00111401	0.133278	0.046929	0
3.64634	0.00111044	0.216576	0.0598515	0
3.64663	0.00110765	0.116618	0.0438684	0
3.6482	0.00109585	0.0832986	0.0370671	0
3.64761	0.00110486	0.199917	0.057471	0
3.64871	0.00112984	0.366514	0.0778749	0
3.64862	0.00113178	0.166597	0.0527101	0
3.64878	0.00111122	0.283215	0.0683531	0
3.64904	0.00112925	0.183257	0.0550906	0
3.64906	0.00111232	0.283215	0.0683531	0
3.64849	0.00111077	0.249896	0.0642723	0
3.64897	0.00112121	0.233236	0.0622319	0
3.64849	0.00112348	0.316535	0.0724339	0
3.64809	0.00110843	0.149938	0.0499896	0
3.64796	0.00110921	0.149938	0.0499896	0
3.64845	0.00108982	0.216576	0.0598515	0
3.64938	0.00110726	0.316535	0.0724339	0
3.64818	0.00110344	0.216576	0.0642723	0
3.64753	0.00108962	0.199917	0.057471	0
3.64785	0.0010989	0.166597	0.0527101	0
3.64843	0.00109617	0.116618	0.0438684	0
3.64851	0.00110733	0.249896	0.0642723	0
3.64912	0.00112581	0.133278	0.046929	0
3.64975	0.00111926	0.183257	0.0550906	0
3.64897	0.00110253	0.149938	0.0499896	0
3.64985	0.00113295	0.316535	0.0724339	0
3.6502	0.0011157	0.249896	0.0642723	0
3.64927	0.00109248	0.0499792	0.0289055	0
3.64934	0.00113425	0.216576	0.0598515	0
3.64996	0.0011227	0.149938	0.0499896	0
3.64945	0.00109254	0.133278	0.046929	0
3.65021	0.00113042	0.233236	0.0622319	0
3.65009	0.00109559	0.133278	0.046929	0
3.64906	0.00110856	0.133278	0.046929	0
3.64969	0.0011168	0.149938	0.0499896	0
3.65041	0.00110746	0.149938	0.0499896	0
3.65031	0.0011133	0.249896	0.0642723	0
3.65016	0.00109896	0.349854	0.0761746	0
3.65108	0.00110681	0.233236	0.0622319	0
3.64994	0.00111485	0.249896	0.0642723	0
3.64964	0.00112536	0.249896	0.0683531	0
3.64936	0.00108437	0.149938	0.0499896	0
3.64963	0.00107834	0.233236	0.0622319	0
3.65052	0.00109046	0.233236	0.0622319	0
3.65049	0.00112335	0.166597	0.0527101	0
3.65004	0.0011179	0.233236	0.0622319	0
3.65014	0.0011	0.133278	0.046929	0
3.65081	0.00109955	0.166597	0.0527101	0
3.65179	0.00113373	0.283215	0.0683531	0
3.65255	0.0011229	0.266556	0.0663127	0
3.65158	0.00110843	0.0999584	0.0408078	0
3.6502	0.00107788	0.0999584	0.0408078	0
3.65142	0.00111226	0.233236	0.0622319	0
3.65201	0.00110973	0.183257	0.0550906	0
3.65112	0.00112854	0.199917	0.057471	0
3.65148	0.00111583	0.116618	0.0438684	0
3.65222	0.00113846	0.249896	0.0642723	0
3.65151	0.00111965	0.183257	0.0550906	0
3.65099	0.00111109	0.149938	0.0499896	0
3.65296	0.00111265	0.233236	0.0622319	0
3.65272	0.00109507	0.166597	0.0527101	0
3.65118	0.00108923	0.116618	0.0438684	0
3.65168	0.00110558	0.299875	0.0703935	0
3.65256	0.00109176	0.233236	0.0622319	0
3.65294	0.00109591	0.166597	0.0527101	0
3.65267	0.00107626	0.116618	0.0438684	0
3.65252	0.00111673	0.199917	0.057471	0
3.65373	0.0011179	0.283215	0.0683531	0
3.65328	0.00110357	0.216576	0.0598515	0
3.65185	0.00109552	0.166597	0.0527101	0
3.65218	0.00109533	0.149938	0.0499896	0
3.6526	0.00109766	0.0999584	0.0408078	0
3.65318	0.0010917	0.216576	0.0598515	0
3.65305	0.00110902	0.149938	0.0499896	0
3.65311	0.00110512	0.249896	0.0642723	0
3.65395	0.00109565	0.199917	0.057471	0
3.65363	0.00110389	0.183257	0.0550906	0
3.65388	0.00111323	0.183257	0.0550906	0
3.65391	0.00110473	0.233236	0.0622319	0
3.65285	0.00111122	0.166597	0.0527101	0
3.65236	0.00109903	0.199917	0.057471	0
3.65262	0.00109235	0.133278	0.046929	0
3.65311	0.00109974	0.149938	0.0499896	0
3.6538	0.00109689	0.116618	0.0438684	0
3.65377	0.0011192	0.133278	0.046929	0
3.65353	0.00109248	0.149938	0.0499896	0
3.65466	0.00111083	0.266556	0.0663127	0
3.65427	0.00110039	0.133278	0.046929	0
3.65441	0.00109468	0.183257	0.0550906	0
3.65462	0.00109481	0.199917	0.057471	0
3.65433	0.00112737	0.216576	0.0598515	0
3.65488	0.00109929	0.249896	0.0642723	0
3.6541	0.00110052	0.166597	0.0527101	0
3.65391	0.00110389	0.199917	0.057471	0
3.65421	0.0011157	0.249896	0.0642723	0
3.65483	0.00109442	0.0832986	0.0370671	0
3.65428	0.00107983	0.0832986	0.0370671	0
3.65453	0.00108035	0.249896	0.0642723	0
3.65603	0.00110979	0.133278	0.046929	0
3.65501	0.0011022	0.183257	0.0550906	0
3.65486	0.00111012	0.199917	0.057471	0
3.65511	0.00110908	0.249896	0.0642723	0
3.65601	0.00112899	0.233236	0.0622319	0
3.6555	0.00112335	0.216576	0.0598515	0
3.6549	0.00110889	0.216576	0.0598515	0
3.65556	0.00109436	0.149938	0.0499896	0
3.656	0.00110208	0.233236	0.0622319	0
3.6561	0.00109539	0.116618	0.0438684	0
3.65536	0.00108768	0.0999584	0.0408078	0
3.65566	0.00110772	0.283215	0.0683531	0
3.6557	0.00108197	0.199917	0.057471	0
3.65511	0.00106951	0.0999584	0.0408078	0
3.65656	0.00108476	0.183257	0.0550906	0
3.65743	0.00112017	0.249896	0.0642723	0
3.65767	0.00108845	0.233236	0.0622319	0
3.65627	0.00109475	0.116618	0.0438684	0
3.65549	0.00109993	0.133278	0.046929	0
3.6566	0.00108781	0.149938	0.0499896	0
3.65668	0.00111336	0.233236	0.0622319	0
3.65676	0.00111485	0.199917	0.0622319	0
3.65706	0.00110824	0.133278	0.046929	0
3.65614	0.00110584	0.249896	0.0642723	0
3.6559	0.00111155	0.216576	0.0598515	0
3.65651	0.00110636	0.166597	0.0527101	0
3.65608	0.00109507	0.0999584	0.0408078	0
3.65664	0.00108041	0.149938	0.0499896	0
3.6569	0.00110681	0.233236	0.0622319	0
3.65822	0.0011046	0.116618	0.0438684	0
3.65712	0.00107866	0.0999584	0.0408078	0
3.6566	0.00108275	0.183257	0.0550906	0
3.65642	0.00107055	0.116618	0.0438684	0
3.65664	0.00106108	0.133278	0.046929	0
3.65802	0.00110246	0.199917	0.057471	0
3.65847	0.00112037	0.249896	0.0642723	0
3.65898	0.00111823	0.199917	0.057471	0
3.65876	0.00111686	0.233236	0.0622319	0
3.65811	0.00110104	0.0999584	0.0408078	0
3.65703	0.00111135	0.183257	0.0550906	0
3.65749	0.00111641	0.149938	0.0499896	0
3.65749	0.00109747	0.0832986	0.0370671	0
3.6581	0.00109753	0.116618	0.0438684	0
3.65829	0.00108249	0.116618	0.0438684	0
3.65831	0.00108106	0.166597	0.0527101	0
3.65907	0.0010915	0.249896	0.0642723	0
3.65878	0.0010808	0.0832986	0.0370671	0
3.65904	0.00108988	0.216576	0.0598515	0
3.65966	0.00111135	0.233236	0.0622319	0
3.65876	0.00110019	0.183257	0.0550906	0
3.65831	0.00108956	0.166597	0.0527101	0
3.65854	0.00109416	0.166597	0.0527101	0
3.65871	0.0011048	0.183257	0.0550906	0
3.65809	0.00107405	0.166597	0.0527101	0
3.65796	0.00107049	0.133278	0.046929	0
3.65877	0.00109248	0.249896	0.0642723	0
3.65905	0.00110097	0.166597	0.0527101	0
3.6591	0.00109559	0.216576	0.0642723	0
3.65944	0.00106355	0.233236	0.0622319	0
3.65981	0.00107587	0.133278	0.046929	0
3.65955	0.00108651	0.0999584	0.0408078	0
3.65928	0.00108281	0.183257	0.0550906	0
3.65928	0.0011011	0.116618	0.0438684	0
3.65984	0.00109442	0.183257	0.0550906	0
3.66032	0.00108424	0.149938	0.0499896	0
3.66062	0.0010819	0.216576	0.0598515	0
3.66108	0.00109753	0.199917	0.057471	0
3.66111	0.00111258	0.216576	0.0598515	0
3.66076	0.00109702	0.183257	0.0550906	0
3.66027	0.00108917	0.133278	0.046929	0
3.66073	0.0011094	0.0999584	0.0408078	0
3.66075	0.00109436	0.116618	0.0438684	0
3.66033	0.00108845	0.0999584	0.0408078	0
3.66033	0.00111304	0.233236	0.0622319	0
3.66082	0.00111077	0.149938	0.0499896	0
3.66044	0.00110623	0.133278	0.046929	0
3.66067	0.00110272	0.199917	0.057471	0
3.66045	0.00110104	0.133278	0.046929	0
3.66097	0.0011011	0.0999584	0.0408078	0
3.66109	0.00110272	0.233236	0.0622319	0
3.66102	0.00110169	0.149938	0.0499896	0
3.6613	0.0010965	0.133278	0.046929	0
3.66168	0.00109903	0.216576	0.0598515	0
3.66099	0.00108852	0.183257	0.0550906	0
3.6607	0.00108515	0.116618	0.0438684	0
3.66219	0.00108716	0.233236	0.0622319	0
3.66145	0.00108541	0.133278	0.046929	0
3.66149	0.00109559	0.149938	0.0499896	0
3.66188	0.00110772	0.0832986	0.0370671	0
3.66267	0.00109364	0.166597	0.0527101	0
3.6622	0.00109993	0.0999584	0.0408078	0
3.66214	0.00109046	0.0832986	0.0370671	0
3.66197	0.00107334	0.183257	0.0550906	0
3.66293	0.00108969	0.199917	0.057471	0
3.66224	0.00110389	0.249896	0.0724339	0
3.66155	0.00110499	0.266556	0.0663127	0
3.66237	0.00109741	0.233236	0.0622319	0
3.66227	0.00108748	0.166597	0.0527101	0
3.6616	0.00108119	0.0999584	0.0408078	0
3.66195	0.00107341	0.166597	0.0527101	0
3.66245	0.00108975	0.183257	0.0550906	0
3.66261	0.00108495	0.183257	0.0550906	0
3.66282	0.00107665	0.0999584	0.0408078	0
3.66365	0.00109851	0.233236	0.0622319	0
3.66383	0.00108975	0.133278	0.046929	0
3.66421	0.00110765	0.249896	0.0642723	0
3.66313	0.00110188	0.183257	0.0550906	0
3.66381	0.00108794	0.133278	0.046929	0
3.66414	0.00110668	0.199917	0.057471	0
3.66406	0.00109345	0.133278	0.046929	0
3.66346	0.00108476	0.249896	0.0642723	0
3.66438	0.00107632	0.149938	0.0499896	0
3.66366	0.00110311	0.133278	0.046929	0
3.66369	0.00110123	0.183257	0.0550906	0
3.66461	0.00107165	0.0999584	0.0408078	0
3.6646	0.00108476	0.166597	0.0527101	0
3.66529	0.00109261	0.0666389	0.0333264	0
3.66537	0.0010725	0.183257	0.0550906	0
3.66455	0.00110272	0.299875	0.0703935	0
3.66432	0.00109254	0.166597	0.0527101	0
3.66375	0.00108787	0.133278	0.046929	0
3.66502	0.00108041	0.0499792	0.0289055	0
3.66507	0.00109416	0.149938	0.0499896	0
3.66564	0.00110019	0.166597	0.0527101	0
3.66582	0.00109844	0.183257	0.0550906	0
3.66442	0.00110052	0.199917	0.0622319	0
3.6645	0.00109598	0.216576	0.0598515	0
3.66555	0.00109591	0.216576	0.0598515	0
3.66661	0.00108203	0.183257	0.0550906	0
3.66644	0.00107639	0.0999584	0.0408078	0
3.66624	0.00106938	0.233236	0.0622319	0
3.66594	0.00107295	0.149938	0.0499896	0
3.66548	0.00110512	0.166597	0.0527101	0
3.66581	0.00109844	0.149938	0.0499896	0
3.66724	0.00107535	0.183257	0.0550906	0
3.66721	0.00109163	0.0666389	0.0333264	0
3.66604	0.00110259	0.199917	0.057471	0
3.66637	0.00109578	0.149938	0.0499896	0
3.66634	0.00108074	0.133278	0.046929	0
3.66652	0.00108022	0.183257	0.0550906	0
3.66549	0.00107042	0.0832986	0.0370671	0
3.66649	0.00108748	0.116618	0.0438684	0
3.66737	0.00110311	0.116618	0.0438684	0
3.66715	0.00108975	0.133278	0.046929	0
3.66719	0.00108586	0.133278	0.046929	0
3.66667	0.00107496	0.0832986	0.0370671	0
3.66634	0.00108035	0.133278	0.046929	0
3.66786	0.00109462	0.183257	0.0550906	0
3.66683	0.00110214	0.149938	0.0499896	0
3.66618	0.00109766	0.183257	0.0550906	0
3.66714	0.0010941	0.116618	0.0438684	0
3.66806	0.0010808	0.133278	0.046929	0
3.66692	0.00108832	0.133278	0.046929	0
3.667	0.00109591	0.199917	0.057471	0
3.6672	0.00108087	0.133278	0.046929	0
3.66729	0.00109955	0.149938	0.0499896	0
3.66802	0.00106634	0.133278	0.046929	0
3.66761	0.00107996	0.183257	0.0550906	0
3.66745	0.00109053	0.149938	0.0499896	0
3.66795	0.00109708	0.216576	0.0598515	0
3.66764	0.00106906	0.0832986	0.0370671	0
3.66913	0.00108923	0.216576	0.0598515	0
3.669	0.00110019	0.133278	0.046929	0
3.6694	0.00108288	0.116618	0.0499896	0
3.66925	0.00107756	0.199917	0.057471	0
3.66906	0.00108087	0.149938	0.0499896	0
3.6697	0.00105991	0.0832986	0.0370671	0
3.66874	0.00107723	0.133278	0.046929	0
3.66847	0.00108378	0.233236	0.0622319	0
3.66965	0.00107749	0.0999584	0.0408078	0
3.66921	0.0010786	0.166597	0.0527101	0
3.66951	0.00109468	0.149938	0.0499896	0
3.66963	0.00109513	0.0666389	0.0333264	0
3.66927	0.00108288	0.133278	0.046929	0
3.66953	0.00110947	0.166597	0.0527101	0
3.66988	0.00109935	0.116618	0.0438684	0
3.66952	0.00107438	0.133278	0.046929	0
3.66984	0.00107782	0.199917	0.057471	0
3.67019	0.00109656	0.166597	0.0527101	0
3.66922	0.00109429	0.0999584	0.0408078	0
3.66931	0.00107944	0.116618	0.0438684	0
3.67024	0.00107399	0.183257	0.0550906	0
3.671	0.00108489	0.149938	0.0499896	0
3.6697	0.00109864	0.133278	0.046929	0
3.66946	0.00109059	0.183257	0.0550906	0
3.67089	0.00109974	0.116618	0.0438684	0
3.6724	0.0010963	0.199917	0.057471	0
3.67107	0.00110649	0.216576	0.0598515	0
3.67007	0.00108093	0.133278	0.046929	0
3.67031	0.00109163	0.183257	0.0550906	0
3.67073	0.00112134	0.199917	0.0622319	0
3.67104	0.00108904	0.166597	0.0527101	0
3.6718	0.0010965	0.133278	0.046929	0
3.67193	0.00108236	0.149938	0.0499896	0
3.6715	0.00108774	0.0832986	0.0370671	0
3.67146	0.00108612	0.133278	0.046929	0
3.67134	0.00107717	0.116618	0.0438684	0
3.67144	0.00107905	0.216576	0.0598515	0
3.67121	0.00107133	0.0999584	0.0408078	0
3.67173	0.00106348	0.233236	0.0622319	0
0	0	0	0	0
0	0	0	0	0
0	0	0	0	0
0	0	0	0	0
0	0	0	0	0
0	0	0	0	0
0	0	0	0	0
0	0	0	0	0
0	0	0	0	0
0	0	0	0	0
0	0	0	0	0
0	0	0	0	0
0	0	0	0	0
0	0	0	0	0
0	0	0	0	0
0	0	0	0	0
0	0	0	0	0
0	0	0	0	0
0	0	0	0	0
0	0	0	0	0
0	0	0	0	0
0	0	0	0	0
0	0	0	0	0
0	0	0	0	0
0	0	0	0	0
0	0	0	0	0
0	0	0	0	0
0	0	0	0	0
0	0	0	0	0
0	0	0	0	0
0	0	0	0	0
0	0	0	0	0
0	0	0	0	0
0	0	0	0	0
0	0	0	0	0
0	0	0	0	0
0	0	0	0	0
0	0	0	0	0
0	0	0	0	0
0	0	0	0	0
0	0	0	0	0
0	0	0	0	0
0	0	0	0	0
0	0	0	0	0
0	0	0	0	0
0	0	0	0	0
0	0	0	0	0
0	0	0	0	0
0	0	0	0	0
0	0	0	0	0
0	0	0	0	0
0	0	0	0	0
0	0	0	0	0
0	0	0	0	0
0	0	0	0	0
0	0	0	0	0
0	0	0	0	0
0	0	0	0	0
0	0	0	0	0
0	0	0	0	0
0	0	0	0	0
0	0	0	0	0
0	0	0	0	0
0	0	0	0	0
0	0	0	0	0
0	0	0	0	0
0	0	0	0	0
0	0	0	0	0
0	0	0	0	0
0	0	0	0	0
0	0	0	0	0
0	0	0	0	0
0	0	0	0	0
0	0	0	0	0
0	0	0	0	0
0	0	0	0	0
0	0	0	0	0
0	0	0	0	0
0	0	0	0	0
0	0	0	0	0
0	0	0	0	0
0	0	0	0	0
0	0	0	0	0
0	0	0	0	0
0	0	0	0	0
0	0	0	0	0
0	0	0	0	0
0	0	0	0	0
0	0	0	0	0
0	0	0	0	0
0	0	0	0	0
0	0	0	0	0
0	0	0	0	0
0	0	0	0	0
0	0	0	0	0
0	0	0	0	0
0	0	0	0	0
0	0	0	0	0
0	0	0	0	0
0	0	0	0	0
0	0	0	0	0
0	0	0	0	0
0	0	0	0	0
0	0	0	0	0
0	0	0	0	0
0	0	0	0	0
0	0	0	0	0
0	0	0	0	0
0	0	0	0	0
0	0	0	0	0
0	0	0	0	0
0	0	0	0	0
0	0	0	0	0
0	0	0	0	0
0	0	0	0	0
0	0	0	0	0
0	0	0	0	0
0	0	0	0	0
0	0	0	0	0
0	0	0	0	0
0	0	0	0	0
0	0	0	0	0
0	0	0	0	0
0	0	0	0	0
0	0	0	0	0
0	0	0	0	0
0	0	0	0	0
0	0	0	0	0
0	0	0	0	0
0	0	0	0	0
0	0	0	0	0
0	0	0	0	0
0	0	0	0	0
0	0	0	0	0
0	0	0	0	0
0	0	0	0	0
0	0	0	0	0
0	0	0	0	0
0	0	0	0	0
0	0	0	0	0
0	0	0	0	0
0	0	0	0	0
0	0	0	0	0
0	0	0	0	0
0	0	0	0	0
0	0	0	0	0
0	0	0	0	0
0	0	0	0	0
0	0	0	0	0
0	0	0	0	0
0	0	0	0	0
0	0	0	0	0
0	0	0	0	0
0	0	0	0	0
0	0	0	0	0
0	0	0	0	0
0	0	0	0	0
0	0	0	0	0
0	0	0	0	0
0	0	0	0	0
0	0	0	0	0
0	0	0	0	0
0	0	0	0	0
0	0	0	0	0
0	0	0	0	0
0	0	0	0	0
0	0	0	0	0
0	0	0	0	0
0	0	0	0	0
0	0	0	0	0
0	0	0	0	0
0	0	0	0	0
0	0	0	0	0
0	0	0	0	0
0	0	0	0	0
0	0	0	0	0
0	0	0	0	0
0	0	0	0	0
0	0	0	0	0
0	0	0	0	0
0	0	0	0	0
0	0	0	0	0
0	0	0	0	0
0	0	0	0	0
0	0	0	0	0
0	0	0	0	0
0	0	0	0	0
0	0	0	0	0
0	0	0	0	0
0	0	0	0	0
0	0	0	0	0
0	0	0	0	0
0	0	0	0	0
0	0	0	0	0
0	0	0	0	0
0	0	0	0	0
0	0	0	0	0
0	0	0	0	0
0	0	0	0	0
0	0	0	0	0
0	0	0	0	0
0	0	0	0	0
0	0	0	0	0
0	0	0	0	0
0	0	0	0	0
0	0	0	0	0
0	0	0	0	0
0	0	0	0	0
0	0	0	0	0
0	0	0	0	0
0	0	0	0	0
0	0	0	0	0
0	0	0	0	0
0	0	0	0	0
0	0	0	0	0
0	0	0	0	0
0	0	0	0	0
0	0	0	0	0
0	0	0	0	0
0	0	0	0	0
0	0	0	0	0
0	0	0	0	0
0	0	0	0	0
0	0	0	0	0
0	0	0	0	0
0	0	0	0	0
0	0	0	0	0
0	0	0	0	0
0	0	0	0	0
0	0	0	0	0
0	0	0	0	0
0	0	0	0	0
0	0	0	0	0
0	0	0	0	0
0	0	0	0	0
0	0	0	0	0
0	0	0	0	0
0	0	0	0	0
0	0	0	0	0
0	0	0	0	0
0	0	0	0	0
0	0	0	0	0
0	0	0	0	0
0	0	0	0	0
0	0	0	0	0
0	0	0	0	0
0	0	0	0	0
0	0	0	0	0
0	0	0	0	0
0	0	0	0	0
0	0	0	0	0
0	0	0	0	0
0	0	0	0	0
0	0	0	0	0
0	0	0	0	0
0	0	0	0	0
0	0	0	0	0
0	0	0	0	0
0	0	0	0	0
0	0	0	0	0
0	0	0	0	0
0	0	0	0	0
0	0	0	0	0
0	0	0	0	0
0	0	0	0	0
0	0	0	0	0
0	0	0	0	0
0	0	0	0	0
0	0	0	0	0
0	0	0	0	0
0	0	0	0	0
0	0	0	0	0
0	0	0	0	0
0	0	0	0	0
0	0	0	0	0
0	0	0	0	0
0	0	0	0	0
0	0	0	0	0
0	0	0	0	0
0	0	0	0	0
0	0	0	0	0
0	0	0	0	0
0	0	0	0	0
0	0	0	0	0
0	0	0	0	0
0	0	0	0	0
0	0	0	0	0
0	0	0	0	0
0	0	0	0	0
0	0	0	0	0
0	0	0	0	0
0	0	0	0	0
0	0	0	0	0
0	0	0	0	0
0	0	0	0	0
0	0	0	0	0
0	0	0	0	0
0	0	0	0	0
0	0	0	0	0
0	0	0	0	0
0	0	0	0	0
0	0	0	0	0
0	0	0	0	0
0	0	0	0	0
0	0	0	0	0
0	0	0	0	0
0	0	0	0	0
0	0	0	0	0
0	0	0	0	0
0	0	0	0	0
0	0	0	0	0
0	0	0	0	0
0	0	0	0	0
0	0	0	0	0
0	0	0	0	0
0	0	0	0	0
0	0	0	0	0
0	0	0	0	0
0	0	0	0	0
0	0	0	0	0
0	0	0	0	0
0	0	0	0	0
0	0	0	0	0
0	0	0	0	0
0	0	0	0	0
0	0	0	0	0
0	0	0	0	0
0	0	0	0	0
0	0	0	0	0
0	0	0	0	0
0	0	0	0	0
0	0	0	0	0
0	0	0	0	0
0	0	0	0	0
0	0	0	0	0
0	0	0	0	0
0	0	0	0	0
0	0	0	0	0
0	0	0	0	0
0	0	0	0	0
0	0	0	0	0
0	0	0	0	0
0	0	0	0	0
0	0	0	0	0
0	0	0	0	0
0	0	0	0	0
0	0	0	0	0
0	0	0	0	0
0	0	0	0	0
0	0	0	0	0
0	0	0	0	0
0	0	0	0	0
0	0	0	0	0
0	0	0	0	0
0	0	0	0	0
0	0	0	0	0
0	0	0	0	0
0	0	0	0	0
0	0	0	0	0
0	0	0	0	0
0	0	0	0	0
0	0	0	0	0
0	0	0	0	0
0	0	0	0	0
0	0	0	0	0
0	0	0	0	0
0	0	0	0	0
0	0	0	0	0
0	0	0	0	0
0	0	0	0	0
0	0	0	0	0
0	0	0	0	0
0	0	0	0	0
0	0	0	0	0
0	0	0	0	0
0	0	0	0	0
0	0	0	0	0
0	0	0	0	0
0	0	0	0	0
0	0	0	0	0
0	0	0	0	0
0	0	0	0	0
0	0	0	0	0
0	0	0	0	0
0	0	0	0	0
0	0	0	0	0
0	0	0	0	0
0	0	0	0	0
0	0	0	0	0
0	0	0	0	0
0	0	0	0	0
0	0	0	0	0
0	0	0	0	0
0	0	0	0	0
0	0	0	0	0
0	0	0	0	0
0	0	0	0	0
0	0	0	0	0
0	0	0	0	0
0	0	0	0	0
