a2610908.045996
Narit-cm 09/01/2026 07:35:01 09/01/2026 08:04:59 0045 0013.384714 0052.542598 00.0 00.0
0002401 0010 0000000 0010 05 0000000 0010 0000000 0010
1 0 1 01600 1 0000 3.75 00000.o 0 0 01 000 16 002401 0.500 BT0
1 2 1 02000 1 0000 3.75 00000.o 0 0 01 000 16 002401 0.500 S2A0
1 1 1 01600 1 0000 3.75 00000.o 0 0 00 000 00 002401 3.1746 BC0
1 3 1 02000 1 0000 3.75 00000.o 0 0 00 000 00 002401 3.1746 S2P0
1 5 0 01600 0 0000 1.00 00000.o 0 0 00 000 00 000000 0.000 OF0
0.000 .o Analog 0 	0.000 .o Analog StErr 0 	0.000 .o Photon Counting 0 	0.000 .o PC StErr 0 	0.000 .o Overflow Info 0 
29.6366	0.151564	182.074	0.882809	0
63.3981	0.32776	194.352	0.870227	0
244.602	2.16549	120.783	1.33646	0
471.746	0.143134	1.59933	0.164932	0
473.457	6.3565E-6	0	0	0
473.457	0	0.0333195	0.0234645	0
473.457	0	26.4223	0.681831	0
473.457	1.2713E-5	19.3253	0.647144	0
473.457	0	1.53269	0.184315	0
473.457	0	6.46397	0.345166	0
473.457	9.01586E-6	29.0212	0.683871	0
473.457	0	90.7455	1.00115	0
473.457	6.3565E-6	151.437	1.01237	0
473.457	6.3565E-6	122.999	1.09127	0
473.457	0	78.2507	0.897092	0
473.457	0	84.2649	0.907634	0
473.457	0	99.2087	0.924977	0
473.457	0	106.389	0.899813	0
473.457	0	114.769	0.923277	0
473.457	0	117.901	0.912395	0
473.457	0	132.328	0.932459	0
473.457	0	149.454	0.916476	0
473.457	0	167.314	0.903893	0
473.457	0	183.973	0.907294	0
473.457	0	193.453	0.88893	0
473.457	0	200.516	0.88587	0
473.457	0	201.933	0.881789	0
473.457	0	203.165	0.876688	0
473.457	0	204.015	0.893691	0
473.457	0	202.865	0.866486	0
473.457	0	201.383	0.879069	0
473.457	0	199.384	0.878729	0
473.654	0.0366656	199.6	0.889951	1
480.166	0.218237	199.25	0.889611	1
495.116	0.198044	200.083	0.869887	1
499.586	0.0646417	199.567	0.876348	1
499.99	0.00983462	200.616	0.88485	1
500	0	197.718	0.88519	1
499.991	0.00673971	198.201	0.872607	1
498.637	0.0971856	199.134	0.870567	1
485.446	0.384115	199.6	0.88485	1
454.995	0.623435	197.701	0.874308	1
417.782	0.685236	200	0.853904	1
381.181	0.719565	198.317	0.862065	1
344.769	0.739699	200.716	0.850503	0
309.534	0.755363	200.933	0.850163	0
274.672	0.784566	199.933	0.870227	0
239.53	0.811884	200.416	0.893011	0
205.24	0.823801	198.884	0.883149	0
172.635	0.815629	199.55	0.88451	0
142.801	0.782592	198.784	0.864106	0
116.539	0.72595	199.733	0.872947	0
93.8004	0.658427	199.933	0.88723	0
74.8626	0.583503	198.401	0.879069	0
59.8682	0.503688	197.418	0.874988	0
48.1218	0.426057	195.419	0.853904	0
38.8577	0.354104	195.602	0.871587	0
31.7823	0.291299	195.502	0.883149	0
26.5315	0.239101	192.303	0.868867	0
22.5835	0.194319	192.886	0.866146	0
19.5208	0.156478	190.887	0.862065	0
17.3066	0.125079	188.338	0.865466	0
15.7154	0.101686	188.788	0.852884	0
14.4637	0.0821672	186.422	0.843022	0
13.448	0.0663471	185.289	0.868186	0
12.554	0.0544608	183.707	0.848803	0
11.7582	0.0459752	181.791	0.88621	0
11.1899	0.0389141	182.724	0.856964	0
10.9379	0.0341528	180.158	0.857985	0
10.6934	0.0310166	177.659	0.864786	0
10.4112	0.0292329	178.026	0.856964	0
10.2493	0.0269085	174.411	0.866146	0
10.0845	0.0258551	173.195	0.847783	0
9.91337	0.0255622	173.778	0.840981	0
9.86087	0.0247627	172.178	0.831119	0
9.84952	0.0241176	172.378	0.843702	0
9.83571	0.0239273	170.762	0.837241	0
9.84456	0.0237096	168.913	0.852203	0
9.88335	0.0242947	169.746	0.852543	0
9.91122	0.0243158	168.147	0.868867	0
9.9353	0.0244835	169.196	0.851523	0
9.99513	0.0242346	166.214	0.870567	0
10.0468	0.0237748	168.43	0.840301	0
10.1233	0.0238477	167.647	0.870567	0
10.1546	0.0235959	167.28	0.843702	0
10.1912	0.0236727	167.08	0.827379	0
10.2526	0.0236805	163.882	0.843022	0
10.2594	0.0238357	165.781	0.821257	0
10.2441	0.0236788	165.414	0.847783	0
10.287	0.0237402	167.297	0.837581	0
10.301	0.0235904	164.215	0.842001	0
10.278	0.0235761	166.231	0.847102	0
10.2966	0.0229862	163.582	0.838261	0
10.3309	0.0229802	163.549	0.829419	0
10.3626	0.0226405	163.865	0.844042	0
10.3718	0.0228294	163.049	0.860705	0
10.3653	0.0222761	162.982	0.848123	0
10.3719	0.0223133	163.782	0.83248	0
10.3645	0.0220724	163.648	0.852543	0
10.3501	0.0220163	161.766	0.843702	0
10.362	0.0216388	162.449	0.843702	0
10.3482	0.0221191	161.616	0.843362	0
10.3783	0.0221926	160.983	0.8369	0
10.525	0.0216322	162.366	0.848123	0
10.534	0.0221297	162.399	0.826699	0
10.371	0.0218275	161.166	0.826358	0
10.2781	0.0216489	162.182	0.854584	0
10.2489	0.0207015	159.667	0.813776	0
10.2637	0.0208466	160.866	0.864106	0
10.2942	0.0207815	159.017	0.853224	0
10.274	0.0211559	158.567	0.856284	0
10.2716	0.0212216	158.917	0.838941	0
10.2702	0.0208162	159.733	0.83452	0
10.259	0.0201298	158.95	0.851183	0
10.2686	0.0210259	158.584	0.861045	0
10.2888	0.0211345	158.601	0.850843	0
10.268	0.0208535	157.768	0.83248	0
10.252	0.0205685	158.434	0.851183	0
10.2754	0.0205608	158.417	0.83452	0
10.2841	0.0205049	157.751	0.839961	0
10.2581	0.0205883	157.351	0.848803	0
10.253	0.0205816	157.135	0.829759	0
10.2819	0.0203145	157.035	0.848463	0
10.2933	0.019804	157.251	0.852203	0
10.2549	0.020064	157.501	0.859685	0
10.2257	0.0201432	155.752	0.846422	0
10.2352	0.0195029	156.585	0.852543	0
10.227	0.0200844	155.469	0.828739	0
10.2013	0.0200127	156.435	0.83452	0
10.2079	0.019606	156.635	0.826699	0
10.23	0.019925	156.468	0.855944	0
10.2068	0.0199927	155.369	0.861045	0
10.1779	0.0194447	156.168	0.844722	0
10.1846	0.0192617	153.969	0.837921	0
10.1857	0.0190896	155.085	0.837581	0
10.1538	0.0189564	154.402	0.83588	0
10.1166	0.0190595	155.735	0.861725	0
10.082	0.0189747	154.386	0.838601	0
10.0524	0.0186449	153.536	0.839961	0
10.0444	0.0184016	154.069	0.856964	0
10.0409	0.0185791	153.436	0.849823	0
10.0095	0.0187289	153.519	0.857304	0
9.97294	0.018712	152.953	0.849143	0
9.95469	0.0181984	152.42	0.83486	0
9.93818	0.0182319	151.72	0.823638	0
9.89357	0.0180661	154.336	0.83282	0
9.84665	0.0179428	151.987	0.830439	0
9.83922	0.0178048	153.636	0.8335	0
9.83691	0.017539	152.803	0.857644	0
9.80931	0.0174793	151.787	0.8335	0
9.7897	0.0176064	150.537	0.860365	0
9.80272	0.0180224	152.586	0.859005	0
9.77336	0.0178801	151.753	0.843702	0
9.72629	0.0175883	150.371	0.83622	0
9.74276	0.0174896	151.287	0.840981	0
9.74503	0.0171682	151.237	0.821257	0
9.70579	0.0171314	150.687	0.838601	0
9.6619	0.0168822	150.387	0.83554	0
9.65483	0.0174698	150.621	0.863426	0
9.65918	0.0172016	148.555	0.854244	0
9.59512	0.0171792	150.454	0.829419	0
9.56159	0.0173751	150.454	0.839281	0
9.58396	0.0168757	148.055	0.852203	0
9.56351	0.0170182	148.921	0.83656	0
9.50919	0.0172376	149.171	0.854924	0
9.48853	0.0171886	148.455	0.820577	0
9.47073	0.0170067	147.372	0.83384	0
9.43868	0.0166012	146.672	0.839281	0
9.41635	0.017141	146.339	0.818537	0
9.39103	0.0167204	148.272	0.839961	0
9.37767	0.0164514	145.789	0.845742	0
9.38572	0.0165671	148.355	0.863086	0
9.37973	0.0164203	147.888	0.839621	0
9.34576	0.0164774	147.039	0.856964	0
9.3047	0.0166684	146.139	0.837241	0
9.26779	0.0162785	146.872	0.844042	0
9.24499	0.0166884	146.939	0.849483	0
9.20911	0.0166015	145.589	0.839621	0
9.18067	0.0164446	146.056	0.847102	0
9.16142	0.0160696	143.823	0.824998	0
9.12276	0.0159627	145.706	0.821938	0
9.09102	0.0164561	144.39	0.837581	0
9.05915	0.0163456	143.757	0.8335	0
9.02666	0.0160587	144.84	0.845742	0
9.00427	0.0157285	144.14	0.846422	0
8.97719	0.0158605	143.257	0.819897	0
8.98124	0.0157955	143.457	0.839281	0
8.97488	0.0152657	141.274	0.826358	0
8.9098	0.0158919	142.807	0.830099	0
8.88783	0.0158256	142.874	0.846082	0
8.8851	0.015811	144.69	0.840301	0
8.85671	0.015862	141.958	0.839621	0
8.82408	0.0155746	143.057	0.829079	0
8.77882	0.0153647	141.241	0.83384	0
8.7397	0.0154025	142.257	0.853564	0
8.73911	0.0154334	140.125	0.83622	0
8.72655	0.0153087	140.508	0.826018	0
8.68647	0.0158384	141.224	0.827039	0
8.64956	0.0154398	141.841	0.846422	0
8.63561	0.0149294	138.892	0.826018	0
8.61991	0.0155156	138.892	0.863766	0
8.56495	0.0150584	138.459	0.83588	0
8.53588	0.0148526	139.559	0.851183	0
8.55098	0.0151278	139.925	0.840641	0
8.51347	0.0151808	138.709	0.83418	0
8.45725	0.0146087	138.776	0.840301	0
8.45368	0.0149131	139.992	0.845402	0
8.449	0.0151274	138.726	0.838941	0
8.43279	0.0149491	137.993	0.847102	0
8.42193	0.0148804	138.159	0.811736	0
8.38046	0.0146712	136.027	0.83248	0
8.33705	0.0145453	136.976	0.826699	0
8.33927	0.0147403	136.293	0.865806	0
8.32008	0.0148454	135.793	0.855944	0
8.28022	0.0143791	136.476	0.83384	0
8.28335	0.0145607	135.627	0.826358	0
8.28397	0.0145456	136.443	0.841321	0
8.24592	0.0147821	136.093	0.830099	0
8.21161	0.0144114	136.676	0.841661	0
8.21307	0.0151147	136.277	0.83656	0
8.20599	0.0147062	136.643	0.837921	0
8.18323	0.014362	135.893	0.845062	0
8.18429	0.0144164	134.96	0.842001	0
8.16182	0.0143697	135.294	0.861045	0
8.12482	0.0144021	133.778	0.844042	0
8.12789	0.0142395	134.377	0.8335	0
8.10393	0.0146613	135.344	0.824998	0
8.05511	0.0145037	134.877	0.83214	0
8.05627	0.0140835	132.628	0.852543	0
8.06459	0.0142752	135.577	0.83418	0
8.0553	0.0139405	134.227	0.83588	0
8.02559	0.0141864	132.961	0.863426	0
7.99699	0.0142746	133.178	0.827039	0
7.99975	0.0144162	131.778	0.840981	0
7.99119	0.0142605	132.645	0.83588	0
7.98225	0.0138615	134.111	0.812416	0
7.9705	0.0138777	133.278	0.822618	0
7.94843	0.0143534	132.911	0.844042	0
7.93049	0.0138314	133.328	0.848803	0
7.9124	0.0139678	132.145	0.83248	0
7.91117	0.0136135	132.745	0.8352	0
7.91971	0.0141678	131.995	0.847443	0
7.88486	0.0141744	132.578	0.83316	0
7.84498	0.0139341	131.445	0.864786	0
7.85539	0.0138689	131.878	0.830779	0
7.85502	0.0137054	132.511	0.862065	0
7.80726	0.0134685	130.629	0.847102	0
7.78413	0.0136725	131.412	0.839961	0
7.7893	0.0135986	131.745	0.83384	0
7.77864	0.0135355	131.545	0.811396	0
7.76263	0.0135994	130.279	0.845402	0
7.76686	0.0134912	130.579	0.829419	0
7.75834	0.0136372	132.062	0.827039	0
7.73065	0.013701	130.612	0.840981	0
7.71936	0.013479	131.778	0.817517	0
7.73176	0.0136366	130.196	0.8369	0
7.71951	0.0132544	129.879	0.855944	0
7.70309	0.0136018	129.663	0.83452	0
7.70032	0.0132136	130.412	0.856964	0
7.67866	0.0132429	130.179	0.837241	0
7.64435	0.0135902	127.897	0.839621	0
7.64124	0.0132422	129.563	0.828059	0
7.65952	0.0128972	130.262	0.846762	0
7.65147	0.0128603	128.18	0.8335	0
7.60039	0.0130486	127.947	0.843022	0
7.57987	0.0131765	127.863	0.824318	0
7.60089	0.0131593	128.73	0.830779	0
7.60923	0.0133733	128.097	0.826018	0
7.59283	0.013318	128.43	0.855264	0
7.57624	0.0132451	126.781	0.824658	0
7.55143	0.0133296	127.114	0.851183	0
7.54602	0.0131688	128.33	0.848803	0
7.56028	0.0132202	128.013	0.843022	0
7.56206	0.0130607	129.696	0.842682	0
7.55024	0.0130928	126.614	0.848123	0
7.53023	0.0133353	127.497	0.843702	0
7.51949	0.0132835	128.313	0.827719	0
7.51779	0.0129295	128.03	0.828059	0
7.50772	0.0130248	128.13	0.83418	0
7.50662	0.0132655	128.113	0.827379	0
7.50433	0.0131228	126.131	0.837241	0
7.4798	0.0133559	126.531	0.864106	0
7.46369	0.013021	127.564	0.83486	0
7.46432	0.012971	127.08	0.856624	0
7.46899	0.0132246	126.98	0.831459	0
7.47344	0.0128358	126.731	0.844722	0
7.46579	0.0131606	127.097	0.855604	0
7.45477	0.0128533	126.964	0.851183	0
7.442	0.0134133	125.464	0.839281	0
7.42588	0.0131639	125.881	0.822618	0
7.42247	0.0131691	125.814	0.837581	0
7.43879	0.0130403	127.064	0.83656	0
7.43852	0.0129304	126.581	0.83554	0
7.41687	0.0127778	127.663	0.848123	0
7.40166	0.0127763	125.914	0.827719	0
7.38818	0.0128017	126.014	0.837241	0
7.37599	0.0128311	125.881	0.856284	0
7.38631	0.0126862	126.914	0.850163	0
7.38729	0.0129629	126.547	0.837581	0
7.35584	0.0127374	125.181	0.843022	0
7.35823	0.0126841	126.181	0.83622	0
7.37486	0.0127658	125.165	0.849483	0
7.36159	0.012671	124.265	0.849143	0
7.3701	0.0127628	125.881	0.83656	0
7.39104	0.0126668	127.88	0.839621	0
7.37104	0.0126118	124.548	0.83282	0
7.33432	0.0130178	125.481	0.842001	0
7.34348	0.0128067	124.898	0.844382	0
7.3564	0.0127674	125.681	0.846762	0
7.31967	0.0125714	124.915	0.871927	0
7.29923	0.012838	125.015	0.83554	0
7.31448	0.0128706	125.031	0.824998	0
7.31102	0.0126363	126.131	0.846762	0
7.30741	0.0126324	125.848	0.838261	0
7.29166	0.0128289	125.514	0.839281	0
7.29932	0.0125137	124.898	0.83214	0
7.29443	0.0129745	123.915	0.8335	0
7.26135	0.0125601	125.781	0.830439	0
7.27771	0.0128429	125.831	0.848463	0
7.29833	0.0128111	124.848	0.856284	0
7.29199	0.0126831	127.613	0.83248	0
7.28092	0.012697	123.549	0.829419	0
7.26727	0.012855	125.165	0.863426	0
7.25735	0.0127715	123.998	0.837241	0
7.24484	0.0125211	124.531	0.83486	0
7.2484	0.0129202	123.815	0.845742	0
7.25041	0.0126385	124.831	0.8335	0
7.24183	0.0127183	125.348	0.8335	0
7.23515	0.0124625	123.599	0.828059	0
7.23084	0.012472	124.615	0.842001	0
7.23108	0.0123448	124.815	0.841321	0
7.2086	0.0124045	123.782	0.820577	0
7.21466	0.0126958	122.882	0.859005	0
7.25427	0.0126852	126.247	0.857304	0
7.23341	0.0127505	123.665	0.838261	0
7.19271	0.012544	124.615	0.8352	0
7.20025	0.0123629	123.115	0.804594	0
7.1958	0.0122476	123.365	0.838941	0
7.18538	0.0124892	124.931	0.83316	0
7.18864	0.0126633	123.682	0.827039	0
7.17927	0.0122896	123.399	0.83384	0
7.18573	0.0121177	123.898	0.845742	0
7.18508	0.0122513	123.149	0.824658	0
7.16549	0.0123153	123.182	0.848123	0
7.18296	0.0124248	122.349	0.83452	0
7.1903	0.0126852	122.749	0.857644	0
7.16593	0.0125455	125.764	0.83316	0
7.1575	0.0125826	122.832	0.853224	0
7.16511	0.0123559	123.199	0.852884	0
7.17641	0.012341	123.932	0.824998	0
7.17568	0.0122401	123.648	0.826358	0
7.14308	0.0121458	122.849	0.828399	0
7.14506	0.0122576	123.648	0.831119	0
7.16161	0.0120397	123.382	0.819557	0
7.14862	0.0124719	122.815	0.83588	0
7.14567	0.0124765	123.532	0.83384	0
7.15356	0.0122802	122.532	0.83384	0
7.15685	0.0123912	123.715	0.830099	0
7.14418	0.0124837	124.931	0.863426	0
7.12557	0.012396	122.516	0.829419	0
7.14249	0.0124643	124.481	0.83282	0
7.16206	0.012259	124.115	0.8318	0
7.14005	0.0123533	121.316	0.827379	0
7.1239	0.0123213	124.615	0.850163	0
7.1241	0.0125063	122.899	0.864786	0
7.11435	0.0122339	124.065	0.8369	0
7.10049	0.0124864	122.932	0.83588	0
7.10606	0.0123323	123.499	0.853904	0
7.1187	0.0121683	122.766	0.83418	0
7.11827	0.0121135	123.449	0.83316	0
7.11513	0.0125087	121.566	0.8352	0
7.11185	0.0123621	123.582	0.838261	0
7.10948	0.0126317	123.499	0.843702	0
7.11509	0.0123526	123.915	0.846762	0
7.10631	0.0124801	121.399	0.856964	0
7.10068	0.0128934	121.666	0.837241	0
7.10328	0.0122035	123.782	0.855264	0
7.11023	0.0125809	124.531	0.851523	0
7.10569	0.0122228	122.999	0.841321	0
7.08514	0.012285	122.366	0.850503	0
7.09592	0.0122501	123.315	0.839621	0
7.0927	0.0121016	122.282	0.83554	0
7.07696	0.0124626	122.082	0.826018	0
7.07971	0.0124587	123.182	0.83622	0
7.08251	0.0125582	123.449	0.831119	0
7.08978	0.0118703	122.416	0.819557	0
7.08774	0.0126655	123.115	0.846762	0
7.08825	0.0124815	122.749	0.850163	0
7.08041	0.0123522	121.449	0.83622	0
7.08842	0.0124771	123.382	0.825338	0
7.08797	0.0123464	123.532	0.845402	0
7.04981	0.0124189	121.749	0.838261	0
7.0653	0.0125428	121.516	0.829419	0
7.07552	0.0123149	122.366	0.825338	0
7.04334	0.0125859	122.099	0.841661	0
7.05962	0.0124624	123.698	0.83486	0
7.07694	0.0124817	122.666	0.823638	0
7.05615	0.0122871	123.149	0.841661	0
7.04871	0.0124213	122.216	0.83214	0
7.06554	0.0123783	123.848	0.844042	0
7.07331	0.0121391	121.716	0.846082	0
7.06907	0.0123404	122.466	0.843022	0
7.06265	0.0122681	123.932	0.848463	0
7.06609	0.0124435	121.949	0.826018	0
7.05236	0.0121907	120.65	0.845062	0
7.02232	0.0120406	123.332	0.841321	0
7.04162	0.0118895	123.865	0.819557	0
7.05532	0.0120854	122.049	0.809355	0
7.02878	0.0123607	122.016	0.815476	0
7.03442	0.0120928	122.366	0.841321	0
7.04374	0.0125293	120.966	0.856624	0
7.03315	0.0121886	122.799	0.837241	0
7.03113	0.0122302	122.549	0.819217	0
7.02087	0.0122179	122.282	0.830439	0
7.02103	0.0121178	123.199	0.8335	0
7.03531	0.0120883	121.983	0.83282	0
7.02613	0.0122911	122.416	0.829419	0
7.0112	0.0124292	121.816	0.851183	0
7.01439	0.0122841	121.266	0.837241	0
7.00517	0.0121052	120.716	0.843362	0
6.99696	0.0120573	122.116	0.843362	0
7.00419	0.0121689	121.449	0.831119	0
7.00343	0.0119828	121.233	0.828739	0
6.99759	0.0120184	122.032	0.83656	0
7.0182	0.0119164	122.299	0.854244	0
7.01728	0.0124258	121.733	0.83622	0
6.98938	0.0122766	121.633	0.840301	0
6.99319	0.0125066	122.299	0.841661	0
6.99307	0.0121669	121.316	0.8352	0
6.98003	0.0121935	121.033	0.838601	0
6.98844	0.0119398	123.099	0.83656	0
6.99347	0.0123063	122.749	0.845402	0
6.99231	0.0123227	120.733	0.850843	0
6.9848	0.0123417	122.766	0.847102	0
6.98363	0.0122874	120.816	0.847102	0
6.99897	0.0122758	123.332	0.846082	0
6.99531	0.0120909	121.299	0.840641	0
6.97731	0.0120067	122.532	0.852203	0
6.98051	0.0121823	119.7	0.83486	0
6.98295	0.0121951	121.933	0.839961	0
6.98305	0.0122678	120.766	0.840301	0
6.97079	0.0123748	121.666	0.857644	0
6.96638	0.0123937	121.166	0.826699	0
6.98392	0.0122487	122.666	0.859685	0
6.97444	0.0118932	120.117	0.843022	0
6.95963	0.0121089	122.466	0.842342	0
6.97776	0.0118396	121.449	0.838601	0
6.97715	0.0122655	122.532	0.828059	0
6.97628	0.0121613	120.583	0.839621	0
6.9878	0.0120839	122.066	0.850163	0
6.97395	0.011941	121.033	0.830439	0
6.96764	0.0120412	121	0.838941	0
6.96664	0.012165	121.316	0.858325	0
6.95721	0.0121403	122.499	0.83214	0
6.96338	0.0123698	120.333	0.859685	0
6.9735	0.0122765	121.1	0.838601	0
6.96748	0.0121759	121.449	0.822278	0
6.96871	0.0121105	122.366	0.830099	0
6.96592	0.0121455	120.616	0.839281	0
6.94897	0.0119116	121.249	0.831119	0
6.96294	0.0118271	120.45	0.819557	0
6.95937	0.011915	121.516	0.855604	0
6.9487	0.0123393	120.683	0.852203	0
6.94512	0.0122447	120.833	0.8335	0
6.94167	0.0117866	121.783	0.821938	0
6.96757	0.0120781	121.05	0.854584	0
6.97505	0.0121434	121.433	0.847102	0
6.95126	0.0121687	122.132	0.847443	0
6.95247	0.0119022	122.482	0.831459	0
6.96823	0.0119917	121.766	0.83316	0
6.95634	0.012142	122.449	0.849823	0
6.95977	0.0122891	123.399	0.830439	0
6.98234	0.0119961	121.616	0.838601	0
6.95936	0.0122596	122.132	0.844382	0
6.94643	0.012015	120.816	0.849143	0
6.97456	0.0124314	121.449	0.840301	0
6.96165	0.0124066	120.95	0.830779	0
6.93997	0.0120672	121.966	0.839961	0
6.95552	0.0121389	121.183	0.828399	0
6.94996	0.0120947	121.15	0.845402	0
6.94224	0.012278	121.2	0.840981	0
6.9463	0.0123391	121.349	0.8335	0
6.93547	0.0123273	119.7	0.821938	0
6.92594	0.0120679	121.283	0.797113	0
6.95471	0.0120695	122.082	0.817517	0
6.97565	0.0120886	121.716	0.8352	0
6.94755	0.0122147	121.766	0.821257	0
6.93547	0.0123057	121.366	0.852203	0
6.95375	0.0120352	121.716	0.824658	0
6.94939	0.0125008	119.867	0.847102	0
6.93283	0.0123361	121.766	0.847783	0
6.93918	0.0119481	121.966	0.853564	0
6.94779	0.0124014	122.466	0.822278	0
6.93953	0.0124495	120.383	0.849823	0
6.93905	0.0118335	121.899	0.844722	0
6.95336	0.011903	121.416	0.827719	0
6.93662	0.0118476	121.249	0.844042	0
6.93258	0.0124665	122.516	0.856624	0
6.94392	0.011953	120.733	0.847783	0
6.92764	0.0121778	120.7	0.828739	0
6.91562	0.0122061	120.7	0.856624	0
6.91847	0.0119012	120.616	0.837581	0
6.93049	0.0123858	122.616	0.849483	0
6.94293	0.0122555	121.783	0.83622	0
6.9314	0.0122599	121.249	0.830099	0
6.91358	0.0120878	121.699	0.841661	0
6.9141	0.0123762	121.383	0.8369	0
6.94084	0.0122073	122.499	0.840301	0
6.9417	0.0121357	121.116	0.827039	0
6.92121	0.0120731	121.833	0.848463	0
6.9345	0.0122618	120.866	0.816497	0
6.92829	0.0120755	121.549	0.826358	0
6.91479	0.0125237	121.733	0.8335	0
6.93492	0.012197	120.616	0.8335	0
6.93566	0.012161	122.432	0.845062	0
6.92854	0.01214	120.8	0.850163	0
6.92229	0.0119233	121.899	0.824658	0
6.91978	0.0121594	121.599	0.837241	0
6.90875	0.012012	119.467	0.818877	0
6.89828	0.0118658	121.583	0.845062	0
6.91591	0.0120888	121.016	0.845062	0
6.91356	0.01212	119.417	0.840641	0
6.89988	0.0120715	120.733	0.847443	0
6.90386	0.0121549	119.317	0.850843	0
6.89842	0.0122375	121.316	0.838941	0
6.88672	0.0122005	120.15	0.840641	0
6.89287	0.0119628	120.85	0.856964	0
6.89495	0.0118951	120.133	0.812756	0
6.89859	0.0118146	119.6	0.839961	0
6.91227	0.0119258	121.266	0.853224	0
6.90607	0.0117635	121.05	0.849823	0
6.89791	0.0123157	120.95	0.848463	0
6.91251	0.0121478	119.65	0.856964	0
6.89887	0.0122546	120.9	0.828059	0
6.85924	0.0120765	121	0.838261	0
6.87636	0.0119214	120.716	0.855264	0
6.91386	0.0122722	119.267	0.83486	0
6.91614	0.0122527	120.766	0.83622	0
6.90259	0.012152	120.666	0.838261	0
6.90778	0.0122658	122.699	0.828399	0
6.92281	0.0122049	121.233	0.807315	0
6.91404	0.0121336	120.9	0.866146	0
6.88957	0.0118917	119.45	0.829419	0
6.88202	0.0119922	121.716	0.849143	0
6.89013	0.0120316	119.4	0.843362	0
6.89713	0.0120234	121.616	0.853904	0
6.88788	0.0118468	121.366	0.830439	0
6.88196	0.012231	120.583	0.850843	0
6.88804	0.0118628	120.416	0.831459	0
6.88677	0.0120145	120.2	0.824658	0
6.89652	0.0122004	121.566	0.823978	0
6.90588	0.0121557	121.249	0.819557	0
6.89243	0.0118328	120.55	0.844042	0
6.89098	0.0119796	120.816	0.828399	0
6.89432	0.0119787	119.717	0.830439	0
6.88389	0.0119463	120.183	0.851183	0
6.87127	0.0121907	119.5	0.847783	0
6.86363	0.011933	123.132	0.842342	0
6.87754	0.0121616	120.05	0.842682	0
6.90323	0.0118082	120.383	0.837581	0
6.89182	0.0120777	121.083	0.827039	0
6.87021	0.0119755	121.783	0.855604	0
6.88211	0.0117261	119.733	0.843362	0
6.88055	0.0116588	120.35	0.844382	0
6.88097	0.0116711	120.367	0.826699	0
6.89262	0.0116929	120.416	0.8335	0
6.89656	0.0123356	121.449	0.83248	0
6.8905	0.0121999	120.866	0.857985	0
6.88817	0.0120279	120.35	0.820917	0
6.86913	0.0119921	121	0.837241	0
6.84277	0.011888	119.683	0.828399	0
6.87159	0.0118501	122.482	0.837921	0
6.89322	0.0119622	120.833	0.830099	0
6.86728	0.0120962	121.366	0.820577	0
6.86969	0.0120582	120.65	0.845402	0
6.87632	0.0119001	120.367	0.843362	0
6.86001	0.0117653	119.217	0.829419	0
6.86551	0.0121762	121.083	0.83452	0
6.87869	0.0120633	119.134	0.83656	0
6.87704	0.0122332	121.1	0.842342	0
6.87302	0.0120107	120.783	0.8369	0
6.86498	0.0121656	119.733	0.827719	0
6.85926	0.012124	120.983	0.83316	0
6.87961	0.0120706	120.167	0.857644	0
6.88621	0.0120957	119.667	0.841321	0
6.8681	0.0122221	121.15	0.842682	0
6.86537	0.0120237	120.983	0.846422	0
6.87234	0.0119693	119.717	0.830099	0
6.8612	0.0122373	119.883	0.841661	0
6.86428	0.0122434	118.251	0.841321	0
6.87402	0.0121009	121.1	0.813776	0
6.8688	0.0118075	119.6	0.815136	0
6.87782	0.0120662	121.599	0.829079	0
6.89154	0.0121261	120.3	0.856964	0
6.86411	0.0121952	119.917	0.830779	0
6.86079	0.0119325	120.033	0.847443	0
6.88735	0.0120672	120.683	0.824318	0
6.87067	0.0118754	120.217	0.820237	0
6.85792	0.0120011	120.4	0.849483	0
6.87556	0.0120873	121.266	0.844382	0
6.87428	0.0119219	121.066	0.853564	0
6.87293	0.0120207	121.683	0.820577	0
6.86383	0.0120529	119.167	0.8352	0
6.85293	0.0121948	120.866	0.83622	0
6.87643	0.0120246	121.866	0.83214	0
6.88374	0.0119383	119.434	0.850843	0
6.85863	0.0120482	119.967	0.826018	0
6.85739	0.0122086	120.633	0.858325	0
6.87109	0.0120168	121.766	0.812756	0
6.86695	0.012168	120.966	0.83452	0
6.86733	0.0124288	121.133	0.839281	0
6.87835	0.0118557	120.533	0.83486	0
6.88185	0.0117852	120.45	0.874648	0
6.85941	0.0121011	119.95	0.8318	0
6.85928	0.0119846	120.083	0.830779	0
6.88239	0.0120526	121.249	0.843702	0
6.87008	0.0123957	119.717	0.83588	0
6.84862	0.0121303	120.167	0.831459	0
6.86487	0.0118193	120.516	0.846762	0
6.8828	0.011883	119.633	0.830439	0
6.86367	0.0119786	120.566	0.830439	0
6.85971	0.0117771	120.267	0.820917	0
6.86885	0.0121256	120	0.823638	0
6.86229	0.0119855	120.233	0.827379	0
6.87676	0.0119699	120.183	0.858325	0
6.87703	0.0119379	121.016	0.831459	0
6.85498	0.0120076	119.484	0.848803	0
6.85968	0.0120405	120.833	0.838601	0
6.87316	0.0122058	122.149	0.825338	0
6.86257	0.0121981	119.367	0.852203	0
6.8596	0.0121745	120.75	0.831459	0
6.87565	0.0120829	121.083	0.850503	0
6.86833	0.0120478	120.05	0.845402	0
6.85557	0.0117294	120.1	0.840981	0
6.86826	0.0120397	120.167	0.845742	0
6.88059	0.0120544	121.949	0.840301	0
6.86705	0.0119154	120.367	0.830099	0
6.84905	0.0118225	120.133	0.856284	0
6.85218	0.0118007	120.55	0.820577	0
6.85222	0.0119219	119.75	0.862405	0
6.85692	0.0122206	119.184	0.848123	0
6.85566	0.0120039	119	0.849823	0
6.83904	0.0117313	120.033	0.848803	0
6.84834	0.0115349	119.234	0.826358	0
6.86688	0.011881	119.8	0.821257	0
6.86962	0.012138	120.483	0.837581	0
6.8684	0.0116885	121.083	0.83316	0
6.86784	0.0120981	121.066	0.83452	0
6.86447	0.011763	120.35	0.830439	0
6.86625	0.0120837	120.5	0.814116	0
6.85544	0.0123966	119.317	0.849823	0
6.84272	0.0122574	120.383	0.854584	0
6.86102	0.0121338	121.516	0.828059	0
6.86593	0.0117145	119.667	0.816837	0
6.83919	0.0120584	121.649	0.8369	0
6.84642	0.0122266	118.917	0.829759	0
6.84666	0.0121663	118.667	0.8352	0
6.84681	0.0118034	120.383	0.805274	0
6.86846	0.0121263	119.95	0.840301	0
6.88075	0.0120165	122.032	0.841661	0
6.87666	0.0120534	120.716	0.842682	0
6.85941	0.0122219	120.95	0.851523	0
6.87016	0.0121048	120.866	0.846762	0
6.88006	0.0122456	121.333	0.83282	0
6.84273	0.0118256	120.067	0.828739	0
6.82468	0.0117842	119.234	0.83282	0
6.84731	0.0120712	120.15	0.837581	0
6.85152	0.0119967	121.816	0.83486	0
6.83934	0.0119044	119.017	0.8318	0
6.84219	0.0118015	120.516	0.847783	0
6.86136	0.0117052	119.5	0.827719	0
6.84794	0.0117948	120.367	0.856624	0
6.83302	0.0122204	120.183	0.842342	0
6.863	0.0120054	120.533	0.855944	0
6.85749	0.012069	120.716	0.827379	0
6.83817	0.0122315	120	0.856284	0
6.84521	0.0119026	119.334	0.831119	0
6.84691	0.0118424	120.8	0.826018	0
6.85046	0.0118117	120.9	0.838261	0
6.84801	0.0118512	121.033	0.853564	0
6.84407	0.0119771	119.867	0.837921	0
6.86191	0.0121838	119.7	0.83418	0
6.86696	0.011996	120.3	0.821938	0
6.83566	0.0119355	119.9	0.839621	0
6.8416	0.0120279	120.433	0.846082	0
6.87624	0.0120759	121.816	0.831459	0
6.85872	0.0123109	120.25	0.826699	0
6.83344	0.0120432	121.016	0.845742	0
6.83984	0.0119977	118.95	0.846082	0
6.83937	0.0122202	120.45	0.847443	0
6.8389	0.0119894	118.784	0.851863	0
6.84263	0.0120932	119.434	0.820237	0
6.8325	0.0119112	119.983	0.817857	0
6.83766	0.0118854	120.65	0.830779	0
6.85278	0.0118803	120.716	0.851863	0
6.85862	0.0120401	120.383	0.826699	0
6.85527	0.0118858	121.216	0.842682	0
6.84905	0.0120741	121.499	0.842342	0
6.84912	0.0120671	121.599	0.859685	0
6.8508	0.0122426	120.616	0.824998	0
6.85497	0.0122523	121.416	0.856624	0
6.84968	0.0119384	119.65	0.847443	0
6.84945	0.0117062	119.8	0.845742	0
6.87985	0.011832	120.866	0.824318	0
6.88859	0.0120443	120.7	0.83554	0
6.84586	0.0123863	121.116	0.860025	0
6.82723	0.0122522	118.85	0.831459	0
6.8485	0.0121028	121.249	0.843702	0
6.84183	0.0119161	119.567	0.844382	0
6.84557	0.0118353	119.817	0.83316	0
6.86251	0.0121948	119.75	0.841661	0
6.84903	0.0121697	120	0.819217	0
6.85522	0.0121545	122.732	0.847443	0
6.84795	0.0120331	120.466	0.847443	0
6.83465	0.0118195	122.249	0.845402	0
6.86868	0.0117552	121.833	0.831459	0
6.8807	0.0120318	118.584	0.8335	0
6.85232	0.0120244	121.599	0.829759	0
6.85954	0.0119066	121.383	0.828739	0
6.88031	0.0120332	122.232	0.83384	0
6.85656	0.0121088	119.683	0.827379	0
6.848	0.0120972	121.449	0.852203	0
6.85514	0.0118172	118.284	0.8369	0
6.83035	0.012242	118.284	0.825678	0
6.83482	0.0119597	120.983	0.83214	0
6.84908	0.011785	120.333	0.817177	0
6.84123	0.0118043	120.05	0.863426	0
6.85881	0.0119974	121.399	0.842342	0
6.85491	0.0122362	120.983	0.841321	0
6.84395	0.0119943	121.283	0.853224	0
6.84095	0.0121508	119.617	0.83656	0
6.83482	0.0118898	121.249	0.856284	0
6.83822	0.012154	118.984	0.828059	0
6.84275	0.0120198	119.85	0.825338	0
6.84602	0.0118771	120.133	0.801874	0
6.83911	0.0122806	118.917	0.820917	0
6.81706	0.0119923	121.216	0.829079	0
6.82033	0.0119655	121.716	0.814456	0
6.83405	0.0119848	120.383	0.847102	0
6.84202	0.0118462	121.833	0.8318	0
6.86343	0.0118829	119.967	0.838941	0
6.86353	0.0117459	121.449	0.840641	0
6.86596	0.0122023	121.233	0.849483	0
6.87161	0.0119761	120.766	0.83418	0
6.85152	0.0120388	119.384	0.843022	0
6.83554	0.0123576	120.666	0.860705	0
6.84274	0.0120194	122.566	0.83316	0
6.84409	0.0120923	120	0.83452	0
6.8389	0.0122023	122.082	0.849143	0
6.84807	0.0118682	120.067	0.823638	0
6.84909	0.012195	120.117	0.843022	0
6.8355	0.0120617	120.05	0.822618	0
6.83331	0.0123463	119.667	0.838261	0
6.84246	0.0122299	119.5	0.837921	0
6.84665	0.0121931	120.666	0.843702	0
6.84475	0.0121417	120.1	0.83554	0
6.84788	0.0121837	120.183	0.822618	0
6.85987	0.0121201	121.866	0.826699	0
6.85058	0.011962	120.9	0.852884	0
6.81991	0.0120846	120.15	0.8369	0
6.8338	0.0117899	121.799	0.831459	0
6.85689	0.0120445	121.599	0.840301	0
6.847	0.0119741	121.399	0.860365	0
6.8406	0.0120039	119.484	0.826358	0
6.83062	0.0119017	120.35	0.83316	0
6.82772	0.0119869	120.017	0.8318	0
6.84321	0.0117494	120.533	0.864786	0
6.83323	0.011737	120.9	0.828399	0
6.80931	0.0118225	118.95	0.83588	0
6.82908	0.0120571	120.666	0.8352	0
6.85564	0.0119229	120.433	0.8369	0
6.84332	0.012065	119.067	0.855264	0
6.8388	0.0120456	119.584	0.83554	0
6.84439	0.0120325	120.466	0.830779	0
6.83882	0.0120323	119.1	0.842342	0
6.83741	0.0120813	121.183	0.83656	0
6.83838	0.0121407	119.15	0.839621	0
6.84121	0.0117783	120.35	0.851183	0
6.8504	0.0119537	120.35	0.8318	0
6.82765	0.0119216	119.683	0.826358	0
6.80927	0.0118445	119.4	0.855264	0
6.82279	0.0120697	119.6	0.856624	0
6.83402	0.0117743	121.2	0.841321	0
6.84026	0.011957	120.35	0.862405	0
6.83442	0.0118588	119.284	0.829079	0
6.83222	0.0120494	120.55	0.83282	0
6.83697	0.0121075	120.267	0.820577	0
6.82625	0.0122434	120.183	0.846082	0
6.81487	0.0120063	120.367	0.839281	0
6.81958	0.0117909	121.999	0.831119	0
6.83926	0.0117161	120.033	0.844042	0
6.83876	0.0118634	120.65	0.828739	0
6.83049	0.0119572	119.667	0.824998	0
6.84978	0.0121722	120.133	0.842001	0
6.82972	0.011775	118.401	0.818197	0
6.80625	0.0123044	119.933	0.829419	0
6.83701	0.0117617	119.933	0.848123	0
6.84714	0.0117405	120.283	0.842342	0
6.83544	0.0115726	120.117	0.823298	0
6.84386	0.012259	119.117	0.818197	0
6.83644	0.0118455	119.584	0.823298	0
6.81699	0.0123015	119.933	0.831459	0
6.83315	0.0121635	120.167	0.849483	0
6.84327	0.0118186	120.883	0.855604	0
6.82428	0.0115562	121.05	0.821938	0
6.83118	0.0119677	119.367	0.830439	0
6.84445	0.0119382	119.517	0.823638	0
6.8231	0.0120161	120.416	0.83452	0
6.80959	0.0121323	120.3	0.849143	0
6.83449	0.0120193	121.216	0.841321	0
6.84571	0.0121491	120.233	0.858665	0
6.83419	0.0122148	121.483	0.866826	0
6.83598	0.0119177	119.45	0.842682	0
6.84128	0.0120325	121.133	0.846422	0
6.8428	0.0118444	119.733	0.83418	0
6.83631	0.0119305	121.399	0.844382	0
6.84172	0.0124819	119.55	0.822618	0
6.82989	0.0122682	120.416	0.83622	0
6.81603	0.0120636	118.234	0.838941	0
6.83671	0.0121623	120.666	0.818877	0
6.83924	0.0120979	119.484	0.822958	0
6.83332	0.0121959	120.65	0.851183	0
6.84705	0.0120923	119.767	0.8352	0
6.84796	0.0120113	119.733	0.83622	0
6.83842	0.0121807	120.05	0.844042	0
6.83557	0.0120619	120.233	0.83282	0
6.83916	0.0117985	121.066	0.859005	0
6.84007	0.0120606	119.334	0.83418	0
6.84021	0.0119736	120.15	0.852884	0
6.82681	0.0119354	120.35	0.840981	0
6.8299	0.0117914	120.45	0.849143	0
6.85389	0.0120971	119	0.8369	0
6.84496	0.011927	119.467	0.822618	0
6.81535	0.0120386	119.883	0.83452	0
6.83362	0.0119291	120.716	0.840641	0
6.84781	0.0119192	119.7	0.838941	0
6.81632	0.0120723	121.116	0.851863	0
6.82304	0.0122345	120.516	0.837581	0
6.8516	0.0119472	121.349	0.83588	0
6.84654	0.0119527	119.434	0.849823	0
6.83394	0.0118055	119.534	0.8335	0
6.85463	0.0119456	121.066	0.846082	0
6.85867	0.0120636	120.45	0.83248	0
6.82188	0.0120297	119.45	0.820577	0
6.81397	0.0119453	120.5	0.829079	0
6.82802	0.0121444	118.867	0.842342	0
6.81509	0.0120879	120.05	0.826699	0
6.80332	0.0119745	120.217	0.842342	0
6.82166	0.0119822	119.55	0.8352	0
6.84445	0.0118554	120.616	0.83554	0
6.83709	0.0121671	119.417	0.846762	0
6.82263	0.011833	120.25	0.845402	0
6.83825	0.0117678	120.9	0.83384	0
6.84297	0.0120615	120.483	0.837921	0
6.81578	0.011875	120	0.829419	0
6.81666	0.0114277	120.75	0.83622	0
6.84244	0.0122095	120.217	0.8369	0
6.84312	0.0116619	120.233	0.846082	0
6.83698	0.012113	119.85	0.839281	0
6.8357	0.0120774	119.45	0.842342	0
6.82322	0.0119578	119.783	0.863766	0
6.82742	0.0119246	121.166	0.856964	0
6.83126	0.0118373	119.334	0.824998	0
6.82897	0.0118658	119.45	0.816837	0
6.83611	0.0118607	121.383	0.842342	0
6.84001	0.0119263	121.083	0.821598	0
6.83876	0.0120745	121	0.838601	0
6.86064	0.0122095	119.617	0.847102	0
6.85888	0.0119587	120.9	0.840641	0
6.83515	0.0121647	119.267	0.838261	0
6.83529	0.0118919	121.399	0.8335	0
6.84001	0.0119312	120.067	0.841321	0
6.84233	0.0118871	121.866	0.837921	0
6.83999	0.0122598	120.466	0.83316	0
6.81505	0.0121039	119.733	0.8335	0
6.8143	0.0120065	119.35	0.851863	0
6.83852	0.0118496	119.9	0.857304	0
6.83991	0.0119457	119.717	0.826018	0
6.82428	0.0117739	121.433	0.83248	0
6.83129	0.011983	118.784	0.822278	0
6.82149	0.0120515	119.45	0.828739	0
6.8128	0.0118683	119.467	0.830099	0
6.83159	0.0119427	120.017	0.83622	0
6.83634	0.0120957	121.166	0.849483	0
6.82927	0.0119207	119.25	0.830099	0
6.8288	0.0123892	120.183	0.838601	0
6.83029	0.0117436	121.349	0.845062	0
6.82486	0.0122319	118.534	0.827719	0
6.8244	0.012142	121.216	0.825678	0
6.83442	0.0120568	119.933	0.83248	0
6.83419	0.0115787	120.916	0.8335	0
6.83168	0.0122152	119.633	0.850503	0
6.82392	0.0120542	119.85	0.842682	0
6.82286	0.0119004	120.5	0.845402	0
6.82027	0.012025	120.616	0.83452	0
6.81291	0.0119816	120.1	0.828399	0
6.82031	0.0118064	121.449	0.843022	0
6.83522	0.0118623	121.249	0.830439	0
6.85019	0.0116833	121.899	0.838601	0
6.84641	0.0116986	118.734	0.841661	0
6.83516	0.0118903	121.233	0.827379	0
6.82589	0.0118893	120.25	0.824998	0
6.80956	0.0118287	119.384	0.814116	0
6.81733	0.0117817	120.833	0.848123	0
6.83049	0.0118205	120.167	0.831459	0
6.82265	0.0117828	120.616	0.83384	0
6.82316	0.0119287	119.284	0.855264	0
6.84649	0.0122531	120.8	0.819897	0
6.84552	0.0121172	121.299	0.822618	0
6.82393	0.0118544	119.317	0.843022	0
6.82579	0.0120186	118.967	0.841661	0
6.84231	0.0121603	119.134	0.83486	0
6.83167	0.0119105	118.984	0.839961	0
6.81938	0.0120416	120.683	0.8335	0
6.83127	0.0118195	119.9	0.854584	0
6.84794	0.012062	120.85	0.845742	0
6.83191	0.0118574	119.467	0.838261	0
6.81209	0.0118422	120.866	0.847443	0
6.83317	0.0117769	120.233	0.843362	0
6.83143	0.0118791	119.4	0.830099	0
6.82614	0.0118079	120.4	0.83656	0
6.83414	0.011984	120.433	0.83656	0
6.81994	0.0116106	120.15	0.83554	0
6.82772	0.011792	120.866	0.825338	0
6.8371	0.0119513	120.416	0.855604	0
6.82677	0.0118991	120.783	0.824658	0
6.82763	0.0118304	120.533	0.814456	0
6.83898	0.0118978	119.917	0.843022	0
6.83743	0.0120332	121.716	0.849143	0
6.8291	0.0121206	120.383	0.83656	0
6.82879	0.0119314	120.1	0.829419	0
6.82433	0.0120773	120.4	0.8352	0
6.80278	0.011906	118.417	0.852543	0
6.79719	0.0118031	119.25	0.853224	0
6.81787	0.0123917	119.5	0.817857	0
6.8275	0.0121062	121.749	0.827039	0
6.8451	0.0120264	120.267	0.826018	0
6.84361	0.0116977	119.5	0.852884	0
6.81881	0.0118625	119.184	0.843702	0
6.83085	0.012031	120.4	0.839961	0
6.8331	0.0122635	119.367	0.845402	0
6.81115	0.0119225	120.516	0.83486	0
6.82252	0.0118321	120.15	0.83214	0
6.82808	0.011926	121.083	0.849143	0
6.81371	0.012091	120.766	0.841321	0
6.83071	0.0116657	120.566	0.823298	0
6.85388	0.0119709	119.384	0.849823	0
6.84244	0.0120873	118.401	0.8352	0
6.83218	0.0119472	121.233	0.827719	0
6.83571	0.011741	120.466	0.816837	0
6.83923	0.0121949	119.467	0.839621	0
6.83281	0.0118529	119.067	0.841661	0
6.82569	0.0118007	120.716	0.856624	0
6.83865	0.0121306	119.883	0.843362	0
6.83109	0.0119531	119.9	0.817177	0
6.81232	0.0118874	119.517	0.854244	0
6.81748	0.0118891	119.4	0.850163	0
6.82918	0.0118922	119.95	0.853564	0
6.8324	0.0119221	119.234	0.846082	0
6.82355	0.0121862	118.9	0.83316	0
6.81734	0.011905	121.533	0.849143	0
6.83406	0.0121089	119.983	0.83384	0
6.83154	0.0120511	120.916	0.829419	0
6.8252	0.0119055	120.133	0.826018	0
6.84112	0.0122925	120.733	0.83554	0
6.81465	0.0120894	120.017	0.83316	0
6.81194	0.0117706	118.051	0.849823	0
6.85526	0.0119441	120.633	0.814116	0
6.85598	0.0119747	120.25	0.860365	0
6.82101	0.0118215	119.484	0.845062	0
6.8149	0.011812	118.701	0.826699	0
6.82632	0.0119452	121.616	0.853904	0
6.83895	0.0120328	120.633	0.827719	0
6.83441	0.0121194	120.85	0.851183	0
6.819	0.0119016	120.117	0.828399	0
6.83688	0.0119922	121.366	0.83282	0
6.84323	0.0119698	119.883	0.848463	0
6.81346	0.0119736	121	0.837581	0
6.79548	0.0117102	118.884	0.839281	0
6.79748	0.0119295	118.767	0.849823	0
6.80947	0.0119817	119.7	0.83248	0
6.81789	0.0118913	121.316	0.840301	0
6.82936	0.0117785	120.716	0.875668	0
6.84515	0.011635	121.449	0.829419	0
6.85489	0.0122219	120.35	0.844382	0
6.84491	0.0121759	120.35	0.825678	0
6.82868	0.0119762	118.934	0.828399	0
6.83237	0.01207	120.35	0.845062	0
6.82894	0.0119719	121.016	0.816497	0
6.81566	0.0118763	119.6	0.843362	0
6.82958	0.0119018	119.284	0.842682	0
6.83584	0.0119949	121.1	0.823978	0
6.81749	0.011953	121.783	0.846082	0
6.81635	0.0117488	120.1	0.844042	0
6.8252	0.0120102	120.983	0.851183	0
6.83304	0.0120185	121.533	0.861725	0
6.82856	0.0121012	120.666	0.838941	0
6.83038	0.0119434	120.9	0.843362	0
6.84279	0.0122642	119.7	0.839961	0
6.81941	0.0118415	121	0.810715	0
6.81238	0.0121917	119.234	0.83214	0
6.83584	0.0119825	119.45	0.83282	0
6.845	0.0119096	121.116	0.831119	0
6.8344	0.0120122	119.65	0.839621	0
6.82335	0.0118544	119.067	0.817857	0
6.81993	0.0120916	120.416	0.874988	0
6.82365	0.011794	119.567	0.848803	0
6.83506	0.0120693	121.066	0.83316	0
6.84206	0.0120766	120.2	0.815476	0
6.83953	0.0118658	120.017	0.840301	0
6.82	0.0121005	120.4	0.827719	0
6.80373	0.011967	119.05	0.855604	0
6.81825	0.0119801	120.766	0.823638	0
6.8404	0.0119055	117.951	0.83486	0
6.84402	0.0120964	121.366	0.854584	0
6.84014	0.0119836	119.217	0.851523	0
6.82726	0.0117858	119.85	0.847102	0
6.82078	0.0118599	120.35	0.831459	0
6.82913	0.0118716	118.917	0.843702	0
6.8445	0.0120646	120.167	0.837921	0
6.84194	0.0121562	120.35	0.845742	0
6.82484	0.0121238	121.399	0.844722	0
6.83686	0.011737	119.767	0.83418	0
6.82288	0.0120641	120.55	0.862745	0
6.8109	0.012025	118.684	0.851523	0
6.85144	0.0119301	121.499	0.83656	0
6.85851	0.0117268	119.05	0.838941	0
6.83411	0.0121246	121.15	0.843702	0
6.84432	0.0119342	120.75	0.816837	0
6.84959	0.0121804	120.45	0.818197	0
6.8302	0.0121876	119.717	0.818877	0
6.83444	0.0121639	120.666	0.825678	0
6.82939	0.012279	118.934	0.840641	0
6.80808	0.0122274	119.983	0.855604	0
6.82488	0.0120181	121.166	0.827379	0
6.8351	0.0118155	120.283	0.820577	0
6.83233	0.0120295	120.35	0.829419	0
6.84101	0.0119489	120.2	0.851863	0
6.83247	0.0118827	120.583	0.806295	0
6.82696	0.0117397	119.1	0.83656	0
6.83418	0.0118366	121.666	0.83622	0
6.83508	0.012127	119.584	0.849823	0
6.8183	0.011999	119.2	0.822958	0
6.82294	0.0120133	120.833	0.826018	0
6.8346	0.0120208	119.983	0.83214	0
6.8224	0.0118398	120.566	0.83452	0
6.82709	0.0117946	120.45	0.83214	0
6.8419	0.0117918	121.566	0.829419	0
6.83227	0.0122613	120.167	0.839621	0
6.8284	0.0121708	120.85	0.844722	0
6.83542	0.0120547	120.533	0.849143	0
6.82366	0.0116571	120.317	0.83554	0
6.82265	0.0120523	118.9	0.827039	0
6.83603	0.011813	121.233	0.838941	0
6.8332	0.0119417	120.65	0.83248	0
6.8237	0.0121678	120.983	0.8335	0
6.82427	0.0119336	119.95	0.849823	0
6.83053	0.012098	120.4	0.840301	0
6.8448	0.0120096	120.15	0.8369	0
6.84003	0.0118242	121.349	0.844722	0
6.8243	0.012065	120.683	0.847783	0
6.82625	0.0118313	119.034	0.83316	0
6.84262	0.0120658	120.666	0.838261	0
6.83505	0.0119084	121.05	0.829759	0
6.81717	0.0120432	120.033	0.83452	0
6.81052	0.011895	119.633	0.828739	0
6.81241	0.0120729	119.1	0.815816	0
6.8203	0.01215	119.883	0.83486	0
6.83868	0.0122002	119.833	0.831459	0
6.83919	0.0122945	118.984	0.842001	0
6.82026	0.012162	121.399	0.849483	0
6.82103	0.012133	118.834	0.821257	0
6.81352	0.0116332	119.05	0.83214	0
6.81933	0.0119271	119.683	0.8352	0
6.83985	0.0118473	121.549	0.837921	0
6.83849	0.0122079	118.884	0.83316	0
6.82864	0.0120807	120.183	0.850163	0
6.81884	0.0120729	119.917	0.83316	0
6.82447	0.0120793	118.984	0.850163	0
6.84318	0.0122329	120.833	0.837581	0
6.83785	0.0121713	119.45	0.822618	0
6.83036	0.0117395	119.767	0.843702	0
6.84034	0.012086	119.717	0.844042	0
6.82412	0.012178	120.533	0.843702	0
6.80604	0.0116515	119.883	0.841661	0
6.83439	0.0120338	120.317	0.830439	0
6.83655	0.0121183	121.749	0.821938	0
6.80881	0.0119727	119.783	0.83316	0
6.80768	0.0119826	121.233	0.843362	0
6.82588	0.0120123	120.267	0.831459	0
6.84599	0.0118959	120.3	0.846422	0
6.83673	0.0118603	120.75	0.844722	0
6.8253	0.0118047	120.516	0.852884	0
6.8348	0.0118634	119.833	0.829419	0
6.82325	0.0118049	120.233	0.825338	0
6.80833	0.0117136	119.917	0.829079	0
6.81362	0.0118512	119.484	0.846082	0
6.82013	0.011876	119.833	0.848803	0
6.8179	0.0120648	120.15	0.83622	0
6.82847	0.0120155	119.517	0.844722	0
6.82501	0.011725	119.917	0.820237	0
6.82665	0.0121407	120.5	0.862745	0
6.83775	0.0120142	119.667	0.860365	0
6.83548	0.0119046	120.15	0.827719	0
6.84365	0.0122905	120.683	0.823638	0
6.83411	0.0115328	118.467	0.850163	0
6.81491	0.0118633	120.45	0.821598	0
6.82411	0.0118852	119.25	0.83452	0
6.82518	0.01204	119.7	0.831459	0
6.80805	0.0121256	119.633	0.838261	0
6.82715	0.011695	120.766	0.837921	0
6.85566	0.0121053	120.067	0.862405	0
6.84514	0.0119687	121.133	0.840641	0
6.82317	0.011842	118.867	0.840301	0
6.81148	0.0117282	119.7	0.822958	0
6.81516	0.0120382	118.85	0.842001	0
6.84221	0.0121556	120.167	0.827039	0
6.84149	0.011973	119.384	0.83384	0
6.8206	0.0118752	118.434	0.831459	0
6.83682	0.011751	121.016	0.847102	0
6.84343	0.0120825	120.966	0.845062	0
6.82777	0.0119781	121.749	0.838261	0
6.82671	0.0117794	119.667	0.853564	0
6.81883	0.0121737	119.767	0.825678	0
6.81701	0.0117326	120.766	0.855944	0
6.83271	0.0119117	120.167	0.83452	0
6.83916	0.0117983	120.816	0.839621	0
6.84972	0.0122913	120.333	0.863086	0
6.84629	0.0115409	120.85	0.8369	0
6.82883	0.0118779	119.867	0.866486	0
6.82691	0.0120322	119.15	0.839281	0
6.83536	0.0115579	120.083	0.837921	0
6.835	0.0119478	121.416	0.847783	0
6.82189	0.011975	119.917	0.83282	0
6.82657	0.0118928	119.2	0.8369	0
6.83112	0.0117525	121.016	0.841661	0
6.82466	0.0117442	119.95	0.83588	0
6.84061	0.0117895	121.066	0.83384	0
6.85928	0.0120204	120.616	0.852203	0
6.85228	0.0121453	120.35	0.838261	0
6.84678	0.0119204	121.2	0.817517	0
6.82061	0.0119762	118.434	0.843702	0
6.81471	0.0120286	121.499	0.83282	0
6.84722	0.0117519	120.566	0.845402	0
6.83965	0.011713	120.117	0.817177	0
6.81774	0.0120347	119.983	0.838601	0
6.83131	0.0118201	120.416	0.850843	0
6.84219	0.0117684	121.05	0.83588	0
6.8387	0.0120525	120.933	0.826018	0
6.83695	0.0120553	118.884	0.847443	0
6.84345	0.0122647	121.433	0.817177	0
6.84261	0.0118583	119.967	0.850503	0
6.82638	0.0119624	121.1	0.829079	0
6.81955	0.011914	118.9	0.843022	0
6.83463	0.0119504	119.517	0.83554	0
6.82321	0.0121645	119.3	0.849483	0
6.81198	0.0121882	119.467	0.846082	0
6.83035	0.0118787	119.7	0.858325	0
6.83816	0.0121795	121.433	0.83656	0
6.83296	0.0119581	119.767	0.841321	0
6.83396	0.0121648	120.416	0.830779	0
6.83031	0.0121955	118.251	0.839621	0
6.82016	0.0120892	119.9	0.8352	0
6.82269	0.012034	119.467	0.820917	0
6.83592	0.0120759	118.684	0.843702	0
6.84487	0.012266	120.4	0.826018	0
6.83546	0.0119648	120.483	0.840641	0
6.82521	0.0118051	119.517	0.818877	0
6.83776	0.0119993	119.417	0.846762	0
6.85124	0.011941	122.149	0.849823	0
6.84375	0.011975	118.85	0.829759	0
6.84587	0.0119265	121.566	0.847443	0
6.85655	0.0120348	120.083	0.848463	0
6.82593	0.0119471	116.935	0.827039	0
6.82953	0.0117237	121.366	0.813776	0
6.85157	0.0121985	119.933	0.839961	0
6.83795	0.0121773	120.5	0.847783	0
6.82442	0.0121814	118.584	0.83452	0
6.82715	0.0118562	118.934	0.821938	0
6.84243	0.0119913	120.766	0.845742	0
6.85211	0.0120377	120.866	0.83656	0
6.83417	0.0119469	120.45	0.807995	0
6.81425	0.0121734	118.717	0.843702	0
6.82749	0.0119872	121.416	0.83316	0
6.83545	0.0118558	119.317	0.819217	0
6.82358	0.011773	120.15	0.819557	0
6.82648	0.0119035	121.233	0.8335	0
6.84366	0.0122168	121.349	0.841661	0
6.86024	0.0120754	121.05	0.824318	0
6.84462	0.0119529	119.6	0.815816	0
6.83946	0.011889	120.017	0.847443	0
6.85938	0.0120218	121.15	0.821257	0
6.8451	0.0119425	120.217	0.845062	0
6.81744	0.0120356	119.85	0.8352	0
6.82714	0.0117054	118.451	0.851523	0
6.83568	0.0117933	120.483	0.840301	0
6.83933	0.0118811	119.317	0.820577	0
6.84514	0.0122346	119.434	0.848463	0
6.84576	0.0121124	119.833	0.826018	0
6.83583	0.0118269	119.117	0.812756	0
6.82518	0.0120625	119.7	0.848123	0
6.84257	0.0120821	120.15	0.83486	0
6.84658	0.0120166	120.916	0.855604	0
6.8199	0.0119493	119.584	0.825678	0
6.82867	0.0117814	119.484	0.829759	0
6.85376	0.0121245	120.516	0.826699	0
6.84695	0.0117536	119.517	0.817517	0
6.84761	0.012133	120.95	0.83316	0
6.85173	0.0118201	120.816	0.822958	0
6.84177	0.0121383	119.4	0.817177	0
6.84911	0.0119565	121.849	0.83554	0
6.85995	0.0117591	119.617	0.8369	0
6.83277	0.0116698	120.916	0.817857	0
6.81571	0.011905	119.75	0.83316	0
6.81918	0.0118928	119.034	0.823978	0
6.82194	0.0121384	119.6	0.840641	0
6.82539	0.0117787	119.584	0.8335	0
6.82972	0.0121748	120.383	0.839621	0
6.83228	0.0121538	119.683	0.848123	0
6.82272	0.0118084	118.634	0.846422	0
6.81502	0.0121228	119.034	0.849483	0
6.83727	0.0123446	120.483	0.83554	0
6.83516	0.0118066	120.666	0.849823	0
6.82039	0.0118118	119.45	0.862065	0
6.83603	0.0119022	120.267	0.827039	0
6.83458	0.0118786	120.766	0.827719	0
6.83379	0.0119983	121.033	0.828739	0
6.85793	0.0117697	121.849	0.829759	0
6.85041	0.0118208	120.133	0.83418	0
6.83281	0.0117616	119.234	0.83248	0
6.83131	0.0118543	119.034	0.830099	0
6.83	0.0120028	122.049	0.8352	0
6.83242	0.0120548	120.45	0.851183	0
6.84226	0.011943	119.667	0.863766	0
6.84305	0.0120882	120.683	0.848463	0
6.83436	0.0123522	119.7	0.829759	0
6.83452	0.0121666	119.883	0.830779	0
6.84782	0.0119638	119.817	0.850503	0
6.83701	0.0120335	121.116	0.839961	0
6.82199	0.011891	119.467	0.807995	0
6.82348	0.0120802	120.383	0.839281	0
6.83511	0.0120395	120.416	0.841661	0
6.83277	0.0115611	120.8	0.861725	0
6.81857	0.0117136	120.167	0.83248	0
6.83615	0.0119571	120.35	0.848463	0
6.8431	0.0121151	119.617	0.846762	0
6.82516	0.0120045	119.983	0.831459	0
6.83119	0.0121529	120.983	0.828739	0
6.8455	0.0121331	121	0.83248	0
6.83426	0.0118853	119.367	0.822958	0
6.82685	0.0118517	119.717	0.83214	0
6.83564	0.0120052	118.301	0.825678	0
6.82624	0.0121239	120.35	0.837241	0
6.82835	0.0119746	118.351	0.840301	0
6.82973	0.0120445	119.65	0.8318	0
6.84316	0.0118189	121.549	0.816497	0
6.85291	0.0119079	119.184	0.83214	0
6.82419	0.0118948	119.767	0.817857	0
6.81603	0.0118361	121.416	0.845742	0
6.84925	0.0119279	119.85	0.838941	0
6.84325	0.0120401	120.516	0.860705	0
6.82374	0.0118008	120.466	0.829419	0
6.8403	0.0117915	121.399	0.83554	0
6.83414	0.0116783	120.55	0.83622	0
6.82022	0.0119152	120.183	0.831119	0
6.83972	0.0117827	120.2	0.838941	0
6.85474	0.0122496	120.05	0.838941	0
6.84173	0.0120885	118.734	0.841661	0
6.83148	0.0122287	120.2	0.848123	0
6.8455	0.0117973	121.616	0.838261	0
6.85296	0.0120261	120.05	0.812756	0
6.84872	0.0121822	120.716	0.839281	0
6.854	0.0121985	120.6	0.829759	0
6.86193	0.0121616	117.968	0.841321	0
6.84859	0.0121661	119.717	0.829079	0
6.82999	0.0121317	120.183	0.844042	0
6.82515	0.0119232	119.134	0.83316	0
6.82735	0.0119501	121.499	0.83384	0
6.84444	0.0119504	121.05	0.827379	0
6.84573	0.011782	120.7	0.851523	0
6.828	0.011946	119.667	0.822278	0
6.8368	0.0121023	119.683	0.826018	0
6.84951	0.0122453	119	0.841661	0
6.82384	0.0119496	117.968	0.8318	0
6.82094	0.012071	120.25	0.864106	0
6.85051	0.0119159	119.234	0.83418	0
6.85205	0.0120467	119.167	0.840301	0
6.82712	0.0117104	119.4	0.839281	0
6.84133	0.0118964	120.683	0.825678	0
6.85312	0.0118691	120.716	0.860365	0
6.82815	0.011777	121.716	0.851523	0
6.81187	0.0118851	120.483	0.845062	0
6.81433	0.0118411	119.45	0.845742	0
6.82055	0.0119945	120.317	0.859005	0
6.82568	0.0120074	121.166	0.824658	0
6.82628	0.0118874	120.466	0.83248	0
6.8375	0.0118527	120.45	0.846422	0
6.85196	0.0120337	119	0.839621	0
6.84178	0.0117549	119.95	0.823638	0
6.84103	0.0115226	120.683	0.840641	0
6.85342	0.0118623	120.816	0.838941	0
6.84584	0.0117505	119.6	0.817177	0
6.83103	0.0119655	120.167	0.824998	0
6.84157	0.0119203	120.3	0.839281	0
6.84272	0.0116721	119.85	0.827039	0
6.8301	0.0120473	119.317	0.859345	0
6.84099	0.0120619	121.133	0.837581	0
6.84124	0.0122324	118.317	0.843702	0
6.83133	0.0119722	119.5	0.845742	0
6.84959	0.0120261	121.033	0.863086	0
6.84637	0.0118608	119.833	0.83418	0
6.82715	0.0119736	119.5	0.8352	0
6.82879	0.0122317	120.283	0.855264	0
6.83557	0.0120199	119.15	0.865466	0
6.85055	0.0120726	120.966	0.838261	0
6.85616	0.011845	119.717	0.829079	0
6.84409	0.0118779	120.283	0.864106	0
6.8326	0.0120253	119.034	0.841661	0
6.82753	0.0121174	119.434	0.855264	0
6.81618	0.0119175	120.25	0.856964	0
6.83858	0.0120801	119.75	0.857985	0
6.86368	0.011923	120.966	0.825678	0
6.85209	0.0119693	119.567	0.845742	0
6.8387	0.0120411	119	0.841661	0
6.84237	0.0121109	121.583	0.838261	0
6.84298	0.0123013	119.733	0.826699	0
6.84301	0.0120384	120.317	0.815816	0
6.84321	0.0120511	120.666	0.846082	0
6.85909	0.0122052	121.566	0.839621	0
6.85466	0.0120895	118.417	0.855264	0
6.8234	0.0117704	121.633	0.820237	0
6.84486	0.0119904	121.116	0.846422	0
6.86718	0.0117463	119.55	0.840641	0
6.83628	0.0118639	120.65	0.837581	0
6.81851	0.0121419	120.217	0.847102	0
6.82831	0.0119293	120.383	0.839621	0
6.83933	0.0119519	120.033	0.853224	0
6.85481	0.0122369	120.033	0.839281	0
6.84784	0.0118738	120.1	0.854584	0
6.83726	0.0119097	119.767	0.829419	0
6.85052	0.0118289	119.617	0.8352	0
6.85166	0.0120037	120.383	0.8352	0
6.85434	0.0118386	121.316	0.828399	0
6.85189	0.0120581	121.266	0.838601	0
6.84415	0.0117263	119.567	0.839281	0
6.84887	0.0121436	120.017	0.847443	0
6.85342	0.0118515	121.666	0.8352	0
6.85953	0.0122214	119.883	0.840301	0
6.85772	0.0120355	120.65	0.837921	0
6.83845	0.0119152	121.733	0.826018	0
6.82687	0.0118598	120.7	0.8352	0
6.84731	0.0119648	117.768	0.803914	0
6.85729	0.0115843	119.6	0.849483	0
6.84682	0.011965	121.949	0.837241	0
6.85344	0.0119572	120.8	0.822278	0
6.84855	0.0120387	120.167	0.83486	0
6.8473	0.0119031	120.566	0.844722	0
6.85432	0.0119783	119.45	0.828739	0
6.85406	0.011843	119.817	0.830099	0
6.85126	0.0118274	121.299	0.849483	0
6.85196	0.0118959	119.167	0.856964	0
6.84922	0.0119714	120.367	0.837241	0
6.84272	0.0120178	120.566	0.83486	0
6.8401	0.0119512	119.217	0.843362	0
6.83052	0.0119031	119.833	0.83452	0
6.82817	0.0118214	120.183	0.851183	0
6.84295	0.0118637	120.017	0.866146	0
6.85109	0.0123116	120.267	0.845742	0
6.84003	0.0120518	119.45	0.849823	0
6.81743	0.0121099	119.75	0.853224	0
6.82637	0.0120013	119.05	0.838261	0
6.84131	0.0120996	121.483	0.838941	0
6.8336	0.0119406	119.35	0.830779	0
6.85112	0.0117545	121.583	0.850503	0
6.87247	0.0118302	120.333	0.846082	0
6.83691	0.0117634	121.433	0.820577	0
6.82652	0.0120696	118.534	0.8352	0
6.84856	0.0119111	121.1	0.845742	0
6.84299	0.0118833	119.933	0.849483	0
6.83695	0.0117806	120.183	0.819897	0
6.85187	0.01228	121.216	0.83282	0
6.85619	0.0117762	121.133	0.8335	0
6.84166	0.0120707	119.6	0.824998	0
6.84351	0.0118983	120.65	0.837241	0
6.84314	0.0118865	118.95	0.846422	0
6.84006	0.0116362	120.416	0.839621	0
6.8505	0.011902	119.917	0.830099	0
6.84328	0.0120975	120.333	0.827379	0
6.84141	0.0120938	120.05	0.8318	0
6.85049	0.0119115	120.067	0.855944	0
6.84141	0.0117406	119.617	0.83418	0
6.82855	0.0119738	119.25	0.812756	0
6.83765	0.0120615	119.9	0.829759	0
6.85228	0.0121593	120.633	0.847102	0
6.84871	0.0119947	120.083	0.839621	0
6.83601	0.0120788	120.117	0.8352	0
6.83825	0.0120652	119.633	0.821257	0
6.84083	0.0120747	118.95	0.849483	0
6.82699	0.0119654	120.866	0.83588	0
6.82608	0.0120726	119.3	0.824318	0
6.84731	0.0120036	119.5	0.83554	0
6.85215	0.0121591	120.3	0.819557	0
6.83938	0.0121459	119.184	0.847443	0
6.83824	0.0116986	120.9	0.83622	0
6.85299	0.0118254	120.05	0.848123	0
6.8335	0.0118797	119.717	0.840981	0
6.81634	0.0122193	119.567	0.848803	0
6.84928	0.0117385	119.05	0.839621	0
6.87167	0.0118401	121.183	0.83656	0
6.8504	0.0121286	120.816	0.842342	0
6.84315	0.0118343	120.666	0.865806	0
6.83874	0.011833	119.717	0.842001	0
6.83503	0.0120179	119.034	0.837241	0
6.8363	0.0119289	119.55	0.843022	0
6.83064	0.0119801	119.5	0.850843	0
6.85411	0.0118575	120.666	0.821598	0
6.86848	0.0119895	119.617	0.857985	0
6.86009	0.0121695	120.5	0.825678	0
6.8521	0.0119714	119.484	0.864446	0
6.84893	0.0119022	120.367	0.824658	0
6.85551	0.0122002	118.617	0.820237	0
6.83387	0.0121414	117.168	0.837241	0
6.83733	0.0124314	121.816	0.837581	0
6.86367	0.0124815	119.633	0.83588	0
6.85235	0.0119892	120.966	0.859345	0
6.85277	0.0118479	121.016	0.837581	0
6.8531	0.0117599	119.967	0.860705	0
6.83552	0.011766	119.867	0.821598	0
6.85089	0.0121758	120.816	0.845742	0
6.86047	0.0119198	120.733	0.819897	0
6.85816	0.0122171	119.567	0.849823	0
6.85414	0.0119477	119.067	0.8318	0
6.83681	0.0118146	120.6	0.816497	0
6.8328	0.0120004	118.584	0.849823	0
6.84802	0.0117558	121.183	0.853904	0
6.84564	0.0117434	120.133	0.83384	0
6.83523	0.011842	118.517	0.851523	0
6.8436	0.0120191	120.4	0.840641	0
6.85196	0.0120049	119.2	0.830439	0
6.83567	0.0119135	121.216	0.860025	0
6.83793	0.012036	120.317	0.859345	0
6.86016	0.0121656	120.017	0.839961	0
6.84605	0.0121724	119.4	0.83214	0
6.82604	0.0119653	120.95	0.828739	0
6.84767	0.0117725	119.633	0.831459	0
6.84764	0.0115827	120.616	0.862745	0
6.83974	0.0117745	119.5	0.847443	0
6.85861	0.0117047	121.399	0.850503	0
6.85936	0.012117	120.317	0.862745	0
6.83889	0.0122839	118.334	0.8318	0
6.84519	0.012082	120.65	0.8335	0
6.85364	0.0118723	120.033	0.830099	0
6.86045	0.0118555	120.7	0.8352	0
6.86128	0.012127	117.984	0.83248	0
6.84053	0.011723	121.383	0.822958	0
6.84741	0.0118873	121.166	0.850503	0
6.8531	0.0117551	120.6	0.830439	0
6.84437	0.0117604	120.6	0.8369	0
6.85225	0.0119111	119.833	0.825338	0
6.84673	0.0118799	119.867	0.848803	0
6.84654	0.0119832	120.5	0.824998	0
6.86452	0.0122753	119.767	0.859685	0
6.85607	0.0120109	119.933	0.812076	0
6.8397	0.0119305	118.85	0.83588	0
6.85736	0.0118289	120.85	0.848463	0
6.86386	0.0120725	119.95	0.838941	0
6.84575	0.0120838	120.483	0.859005	0
6.85814	0.0122609	119.334	0.8335	0
6.8581	0.0120865	120.333	0.822958	0
6.83588	0.0121422	119.85	0.843362	0
6.84224	0.0116981	119.417	0.837921	0
6.86448	0.0118579	121.399	0.848803	0
6.85242	0.0121833	118.167	0.837581	0
6.8341	0.0121732	119.967	0.823298	0
6.83858	0.0121	120.05	0.823978	0
6.86287	0.0121373	120.683	0.851183	0
6.84332	0.011842	120.433	0.850843	0
6.81981	0.0119603	120.3	0.831459	0
6.85614	0.0123554	120.333	0.83486	0
6.86862	0.0118403	120.466	0.828399	0
6.8409	0.012034	119.367	0.83282	0
6.83666	0.0116818	120.15	0.827719	0
6.85524	0.0118955	118.501	0.83486	0
6.86661	0.0118768	121.499	0.819557	0
6.8732	0.0122843	120.7	0.840981	0
6.86308	0.011869	120.433	0.830439	0
6.8558	0.011959	120.367	0.838261	0
6.84671	0.0121474	120	0.818877	0
6.8467	0.012008	119.6	0.83316	0
6.84325	0.012158	119.65	0.83554	0
6.83196	0.011983	119	0.843022	0
6.83617	0.0120888	121.2	0.851183	0
6.85247	0.0119851	120.283	0.841321	0
6.85812	0.0123449	121.233	0.839961	0
6.85408	0.0124162	119.933	0.8352	0
6.85735	0.0117957	120.033	0.831119	0
6.86103	0.01205	120.75	0.853224	0
6.84845	0.0119163	119.767	0.844722	0
6.8472	0.0118165	120.2	0.850163	0
6.84106	0.0121075	119.517	0.844722	0
6.83399	0.0121815	118.384	0.851183	0
6.83489	0.0120292	119.45	0.816157	0
6.82919	0.0120827	120.233	0.810715	0
6.83338	0.0115216	119.55	0.837241	0
6.84605	0.0123096	121.166	0.826018	0
6.84006	0.0118561	119.567	0.816497	0
6.8363	0.0118729	121.283	0.843022	0
6.85609	0.0119758	120.317	0.83452	0
6.85652	0.0121617	120.083	0.845402	0
6.84295	0.0121379	120.333	0.844042	0
6.84116	0.0121299	119.367	0.843022	0
6.83028	0.0120914	118.917	0.817517	0
6.83172	0.011651	119.584	0.813096	0
6.84243	0.0119758	119.733	0.8369	0
6.85277	0.0118996	119.55	0.845742	0
6.8575	0.012147	120.916	0.810375	0
6.84503	0.0118302	119.75	0.826699	0
6.84626	0.012244	120.35	0.842001	0
6.8566	0.0121607	119.234	0.844042	0
6.85547	0.0122134	120.433	0.844382	0
6.85708	0.0118055	119.833	0.851183	0
6.85623	0.0119864	120.6	0.83316	0
6.85186	0.0117626	119.034	0.813096	0
6.84434	0.011775	122.199	0.83622	0
6.84588	0.0120532	119.584	0.826358	0
6.85046	0.0117674	119.65	0.827039	0
6.85492	0.0120074	121.466	0.862405	0
6.85382	0.0121145	120.25	0.851183	0
6.85444	0.0120269	119.983	0.831119	0
6.85992	0.0120844	120.966	0.838261	0
6.84794	0.0121701	119.467	0.8352	0
6.84271	0.0120662	119.284	0.830099	0
6.84883	0.0118325	120.883	0.837921	0
6.84614	0.0117141	118.917	0.8335	0
6.83091	0.011605	119.767	0.83622	0
6.83983	0.0117256	119.15	0.8369	0
6.85966	0.0119359	119.55	0.846762	0
6.84734	0.0119655	120.466	0.862065	0
6.84519	0.0118123	121.266	0.847102	0
6.85055	0.0118285	120.533	0.838261	0
6.8468	0.0118788	119.434	0.825678	0
6.83969	0.0120165	120.25	0.852543	0
6.83378	0.0118748	119.517	0.8369	0
6.84404	0.0118432	119.517	0.843362	0
6.85398	0.011782	118.517	0.840981	0
6.85024	0.0121979	120.133	0.820237	0
6.86206	0.0118719	119.717	0.821257	0
6.86621	0.0119982	120.15	0.83588	0
6.85758	0.0118439	118.551	0.828059	0
6.84852	0.0121827	121	0.842342	0
6.84662	0.012026	120.05	0.811056	0
6.8707	0.0121435	121.233	0.83214	0
6.86708	0.0118625	118.95	0.846762	0
6.8196	0.0119898	120.033	0.817517	0
6.81982	0.0118139	120.533	0.837241	0
6.86388	0.0117935	120.367	0.8369	0
6.85894	0.011554	121.233	0.83282	0
6.85092	0.0117147	119.633	0.842682	0
6.85818	0.0118841	120.466	0.847783	0
6.8566	0.0117797	121.699	0.83418	0
6.85824	0.0118959	119.434	0.844382	0
6.87789	0.0123351	120.733	0.837581	0
6.86253	0.0119045	119.733	0.839961	0
6.84895	0.0117316	121.966	0.849143	0
6.87731	0.0119908	119.2	0.841661	0
6.85956	0.0120062	118.834	0.823298	0
6.83394	0.0119277	118.701	0.849143	0
6.86373	0.0119901	121.1	0.827379	0
6.8688	0.0120713	120.466	0.83282	0
6.84509	0.0120591	119.117	0.860025	0
6.84022	0.0119528	118.85	0.830099	0
6.85252	0.0120547	120.017	0.849823	0
6.87128	0.012125	119.9	0.8369	0
6.85731	0.0120458	119.317	0.871927	0
6.84955	0.0118251	119.933	0.843702	0
6.8591	0.0120402	120.55	0.816497	0
6.85787	0.0118583	120.533	0.856284	0
6.8547	0.0119891	119.1	0.837241	0
6.85374	0.0120371	119.933	0.83214	0
6.83673	0.0117143	119.633	0.83622	0
6.83317	0.0118555	120.367	0.841321	0
6.85411	0.0119936	120.9	0.844382	0
6.84767	0.0120275	119.6	0.8335	0
6.8439	0.0122454	121.216	0.852203	0
6.86318	0.0119677	120.9	0.847102	0
6.85045	0.0119312	119.7	0.83214	0
6.83711	0.0116586	119.95	0.8318	0
6.86337	0.0119823	121.716	0.840301	0
6.85144	0.0121084	118.501	0.819897	0
6.83748	0.0118117	119.633	0.844722	0
6.8688	0.0121779	118.784	0.826018	0
6.85897	0.0121929	120.6	0.854244	0
6.85565	0.0119467	119.35	0.848463	0
6.85729	0.012162	118.167	0.821938	0
6.83844	0.0119897	119.95	0.838601	0
6.83945	0.0116715	121.033	0.831119	0
6.84874	0.012001	120.433	0.853224	0
6.84465	0.0122055	118.95	0.83554	0
6.83532	0.0119421	120.35	0.83248	0
6.84934	0.0120286	121.583	0.83656	0
0	0	0	0	0
0	0	0	0	0
0	0	0	0	0
0	0	0	0	0
0	0	0	0	0
0	0	0	0	0
0	0	0	0	0
0	0	0	0	0
0	0	0	0	0
0	0	0	0	0
0	0	0	0	0
0	0	0	0	0
0	0	0	0	0
0	0	0	0	0
0	0	0	0	0
0	0	0	0	0
0	0	0	0	0
0	0	0	0	0
0	0	0	0	0
0	0	0	0	0
0	0	0	0	0
0	0	0	0	0
0	0	0	0	0
0	0	0	0	0
0	0	0	0	0
0	0	0	0	0
0	0	0	0	0
0	0	0	0	0
0	0	0	0	0
0	0	0	0	0
0	0	0	0	0
0	0	0	0	0
0	0	0	0	0
0	0	0	0	0
0	0	0	0	0
0	0	0	0	0
0	0	0	0	0
0	0	0	0	0
0	0	0	0	0
0	0	0	0	0
0	0	0	0	0
0	0	0	0	0
0	0	0	0	0
0	0	0	0	0
0	0	0	0	0
0	0	0	0	0
0	0	0	0	0
0	0	0	0	0
0	0	0	0	0
0	0	0	0	0
0	0	0	0	0
0	0	0	0	0
0	0	0	0	0
0	0	0	0	0
0	0	0	0	0
0	0	0	0	0
0	0	0	0	0
0	0	0	0	0
0	0	0	0	0
0	0	0	0	0
0	0	0	0	0
0	0	0	0	0
0	0	0	0	0
0	0	0	0	0
0	0	0	0	0
0	0	0	0	0
0	0	0	0	0
0	0	0	0	0
0	0	0	0	0
0	0	0	0	0
0	0	0	0	0
0	0	0	0	0
0	0	0	0	0
0	0	0	0	0
0	0	0	0	0
0	0	0	0	0
0	0	0	0	0
0	0	0	0	0
0	0	0	0	0
0	0	0	0	0
0	0	0	0	0
0	0	0	0	0
0	0	0	0	0
0	0	0	0	0
0	0	0	0	0
0	0	0	0	0
0	0	0	0	0
0	0	0	0	0
0	0	0	0	0
0	0	0	0	0
0	0	0	0	0
0	0	0	0	0
0	0	0	0	0
0	0	0	0	0
0	0	0	0	0
0	0	0	0	0
0	0	0	0	0
0	0	0	0	0
0	0	0	0	0
0	0	0	0	0
0	0	0	0	0
0	0	0	0	0
0	0	0	0	0
0	0	0	0	0
0	0	0	0	0
0	0	0	0	0
0	0	0	0	0
0	0	0	0	0
0	0	0	0	0
0	0	0	0	0
0	0	0	0	0
0	0	0	0	0
0	0	0	0	0
0	0	0	0	0
0	0	0	0	0
0	0	0	0	0
0	0	0	0	0
0	0	0	0	0
0	0	0	0	0
0	0	0	0	0
0	0	0	0	0
0	0	0	0	0
0	0	0	0	0
0	0	0	0	0
0	0	0	0	0
0	0	0	0	0
0	0	0	0	0
0	0	0	0	0
0	0	0	0	0
0	0	0	0	0
0	0	0	0	0
0	0	0	0	0
0	0	0	0	0
0	0	0	0	0
0	0	0	0	0
0	0	0	0	0
0	0	0	0	0
0	0	0	0	0
0	0	0	0	0
0	0	0	0	0
0	0	0	0	0
0	0	0	0	0
0	0	0	0	0
0	0	0	0	0
0	0	0	0	0
0	0	0	0	0
0	0	0	0	0
0	0	0	0	0
0	0	0	0	0
0	0	0	0	0
0	0	0	0	0
0	0	0	0	0
0	0	0	0	0
0	0	0	0	0
0	0	0	0	0
0	0	0	0	0
0	0	0	0	0
0	0	0	0	0
0	0	0	0	0
0	0	0	0	0
0	0	0	0	0
0	0	0	0	0
0	0	0	0	0
0	0	0	0	0
0	0	0	0	0
0	0	0	0	0
0	0	0	0	0
0	0	0	0	0
0	0	0	0	0
0	0	0	0	0
0	0	0	0	0
0	0	0	0	0
0	0	0	0	0
0	0	0	0	0
0	0	0	0	0
0	0	0	0	0
0	0	0	0	0
0	0	0	0	0
0	0	0	0	0
0	0	0	0	0
0	0	0	0	0
0	0	0	0	0
0	0	0	0	0
0	0	0	0	0
0	0	0	0	0
0	0	0	0	0
0	0	0	0	0
0	0	0	0	0
0	0	0	0	0
0	0	0	0	0
0	0	0	0	0
0	0	0	0	0
0	0	0	0	0
0	0	0	0	0
0	0	0	0	0
0	0	0	0	0
0	0	0	0	0
0	0	0	0	0
0	0	0	0	0
0	0	0	0	0
0	0	0	0	0
0	0	0	0	0
0	0	0	0	0
0	0	0	0	0
0	0	0	0	0
0	0	0	0	0
0	0	0	0	0
0	0	0	0	0
0	0	0	0	0
0	0	0	0	0
0	0	0	0	0
0	0	0	0	0
0	0	0	0	0
0	0	0	0	0
0	0	0	0	0
0	0	0	0	0
0	0	0	0	0
0	0	0	0	0
0	0	0	0	0
0	0	0	0	0
0	0	0	0	0
0	0	0	0	0
0	0	0	0	0
0	0	0	0	0
0	0	0	0	0
0	0	0	0	0
0	0	0	0	0
0	0	0	0	0
0	0	0	0	0
0	0	0	0	0
0	0	0	0	0
0	0	0	0	0
0	0	0	0	0
0	0	0	0	0
0	0	0	0	0
0	0	0	0	0
0	0	0	0	0
0	0	0	0	0
0	0	0	0	0
0	0	0	0	0
0	0	0	0	0
0	0	0	0	0
0	0	0	0	0
0	0	0	0	0
0	0	0	0	0
0	0	0	0	0
0	0	0	0	0
0	0	0	0	0
0	0	0	0	0
0	0	0	0	0
0	0	0	0	0
0	0	0	0	0
0	0	0	0	0
0	0	0	0	0
0	0	0	0	0
0	0	0	0	0
0	0	0	0	0
0	0	0	0	0
0	0	0	0	0
0	0	0	0	0
0	0	0	0	0
0	0	0	0	0
0	0	0	0	0
0	0	0	0	0
0	0	0	0	0
0	0	0	0	0
0	0	0	0	0
0	0	0	0	0
0	0	0	0	0
0	0	0	0	0
0	0	0	0	0
0	0	0	0	0
0	0	0	0	0
0	0	0	0	0
0	0	0	0	0
0	0	0	0	0
0	0	0	0	0
0	0	0	0	0
0	0	0	0	0
0	0	0	0	0
0	0	0	0	0
0	0	0	0	0
0	0	0	0	0
0	0	0	0	0
0	0	0	0	0
0	0	0	0	0
0	0	0	0	0
0	0	0	0	0
0	0	0	0	0
0	0	0	0	0
0	0	0	0	0
0	0	0	0	0
0	0	0	0	0
0	0	0	0	0
0	0	0	0	0
0	0	0	0	0
0	0	0	0	0
0	0	0	0	0
0	0	0	0	0
0	0	0	0	0
0	0	0	0	0
0	0	0	0	0
0	0	0	0	0
0	0	0	0	0
0	0	0	0	0
0	0	0	0	0
0	0	0	0	0
0	0	0	0	0
0	0	0	0	0
0	0	0	0	0
0	0	0	0	0
0	0	0	0	0
0	0	0	0	0
0	0	0	0	0
0	0	0	0	0
0	0	0	0	0
0	0	0	0	0
0	0	0	0	0
0	0	0	0	0
0	0	0	0	0
0	0	0	0	0
0	0	0	0	0
0	0	0	0	0
0	0	0	0	0
0	0	0	0	0
0	0	0	0	0
0	0	0	0	0
0	0	0	0	0
0	0	0	0	0
0	0	0	0	0
0	0	0	0	0
0	0	0	0	0
0	0	0	0	0
0	0	0	0	0
0	0	0	0	0
0	0	0	0	0
0	0	0	0	0
0	0	0	0	0
0	0	0	0	0
0	0	0	0	0
0	0	0	0	0
0	0	0	0	0
0	0	0	0	0
0	0	0	0	0
0	0	0	0	0
0	0	0	0	0
0	0	0	0	0
0	0	0	0	0
0	0	0	0	0
0	0	0	0	0
0	0	0	0	0
0	0	0	0	0
0	0	0	0	0
0	0	0	0	0
0	0	0	0	0
0	0	0	0	0
0	0	0	0	0
0	0	0	0	0
0	0	0	0	0
0	0	0	0	0
0	0	0	0	0
0	0	0	0	0
0	0	0	0	0
0	0	0	0	0
0	0	0	0	0
0	0	0	0	0
0	0	0	0	0
0	0	0	0	0
0	0	0	0	0
0	0	0	0	0
0	0	0	0	0
0	0	0	0	0
0	0	0	0	0
0	0	0	0	0
0	0	0	0	0
0	0	0	0	0
0	0	0	0	0
0	0	0	0	0
0	0	0	0	0
0	0	0	0	0
0	0	0	0	0
0	0	0	0	0
0	0	0	0	0
0	0	0	0	0
0	0	0	0	0
0	0	0	0	0
0	0	0	0	0
0	0	0	0	0
0	0	0	0	0
0	0	0	0	0
0	0	0	0	0
0	0	0	0	0
0	0	0	0	0
0	0	0	0	0
0	0	0	0	0
0	0	0	0	0
0	0	0	0	0
0	0	0	0	0
0	0	0	0	0
0	0	0	0	0
