a2610908.350047
Narit-cm 09/01/2026 08:05:00 09/01/2026 08:35:00 0045 0013.384714 0052.542598 00.0 00.0
0002401 0010 0000000 0010 05 0000000 0010 0000000 0010
1 0 1 01600 1 0000 3.75 00000.o 0 0 01 000 16 002401 0.500 BT0
1 2 1 02000 1 0000 3.75 00000.o 0 0 01 000 16 002401 0.500 S2A0
1 1 1 01600 1 0000 3.75 00000.o 0 0 00 000 00 002401 3.1746 BC0
1 3 1 02000 1 0000 3.75 00000.o 0 0 00 000 00 002401 3.1746 S2P0
1 5 0 01600 0 0000 1.00 00000.o 0 0 00 000 00 000000 0.000 OF0
0.000 .o Analog 0 	0.000 .o Analog StErr 0 	0.000 .o Photon Counting 0 	0.000 .o PC StErr 0 	0.000 .o Overflow Info 0 
32.6583	0.165407	180.725	0.862745	0
69.0014	0.356586	192.636	0.862065	0
254.445	2.16064	119.717	1.33782	0
472.533	0.107493	1.64931	0.165612	0
473.457	6.3565E-6	0	0	0
473.457	0	0.0666389	0.0333264	0
473.457	0	37.6676	0.815816	0
473.457	1.67993E-5	20.6914	0.660407	0
473.457	0	2.03249	0.20948	0
473.457	6.3565E-6	14.4606	0.486973	0
473.457	0	58.8755	0.890971	0
473.457	0	127.48	1.04162	0
473.457	6.3565E-6	170.629	0.935179	0
473.457	6.3565E-6	128.363	1.06168	0
473.457	0	86.9804	0.930078	0
473.457	0	83.0154	0.866486	0
473.457	0	91.5952	0.933139	0
473.457	0	97.0429	0.909674	0
473.457	0	102.441	0.914435	0
473.457	9.01586E-6	107.922	0.88893	0
473.457	0	124.581	0.953543	0
473.457	6.3565E-6	144.623	0.942661	0
473.457	0	167.997	0.893011	0
473.457	0	182.507	0.895392	0
473.457	0	194.119	0.890971	0
473.457	0	197.151	0.900493	0
473.457	0	199.434	0.879069	0
473.457	0	198.551	0.88655	0
473.457	0	198.934	0.870907	0
473.457	0	198.551	0.851863	0
473.724	0.0494293	196.401	0.881449	1
480.417	0.213042	195.285	0.876688	1
497.51	0.137809	196.835	0.877028	1
499.903	0.0307299	195.452	0.863426	1
499.989	0.0110548	195.185	0.907294	1
500	0	195.635	0.863766	1
500	0	194.619	0.893351	1
499.84	0.0288792	196.851	0.861045	1
494.44	0.208003	196.851	0.88655	1
466.463	0.404356	196.318	0.879069	1
429.349	0.405202	194.802	0.88723	0
395.162	0.400897	196.102	0.868186	0
360.491	0.407527	195.618	0.878729	0
325.921	0.404374	196.585	0.88587	0
292.537	0.408093	197.818	0.883489	0
259.243	0.408726	195.818	0.871247	0
226.378	0.404767	196.968	0.869887	0
194.844	0.407243	197.251	0.851523	0
165.098	0.404453	198.667	0.872267	0
137.573	0.390197	195.252	0.865806	0
112.703	0.369854	197.834	0.880089	0
90.9583	0.341263	195.419	0.865126	0
72.6199	0.300128	198.684	0.863426	0
57.7541	0.255242	195.985	0.864446	0
46.2875	0.213274	194.186	0.869547	0
37.6815	0.174226	193.219	0.855264	0
31.3041	0.143153	192.486	0.847783	0
26.6143	0.116666	191.237	0.871247	0
23.1954	0.0940267	189.188	0.838601	0
20.6356	0.0760848	188.938	0.849143	0
18.737	0.0624722	189.105	0.857304	0
17.3274	0.051065	186.756	0.859005	0
16.2492	0.043778	185.439	0.851183	0
15.4976	0.0393661	183.99	0.838261	0
14.9281	0.0367251	182.024	0.852203	0
14.421	0.0341011	181.691	0.851863	0
14.0246	0.0325375	181.424	0.844042	0
13.7874	0.0309333	180.075	0.867166	0
13.5714	0.0307747	178.259	0.865806	0
13.3265	0.0303303	178.192	0.851863	0
13.1482	0.0292844	175.144	0.849483	0
12.9939	0.0295302	175.91	0.831119	0
12.8829	0.0292641	174.761	0.846082	0
12.7587	0.0290663	174.311	0.855604	0
12.6528	0.0285644	172.012	0.847783	0
12.5674	0.0281912	172.212	0.859345	0
12.4414	0.0272365	172.045	0.857985	0
12.3813	0.0278769	170.796	0.878388	0
12.3719	0.0277291	171.312	0.847443	0
12.3287	0.0274617	169.613	0.852203	0
12.2769	0.0268802	169.263	0.83384	0
12.2609	0.026588	167.897	0.842342	0
12.2541	0.0265595	169.13	0.83656	0
12.2354	0.0272154	170.246	0.83282	0
12.2295	0.0262962	169.813	0.840301	0
12.2284	0.026493	166.081	0.814116	0
12.2196	0.0261108	168.063	0.829079	0
12.2242	0.0262488	168.113	0.840641	0
12.2253	0.0255805	168.496	0.840641	0
12.2053	0.0255873	166.281	0.827379	0
12.1873	0.0254064	165.548	0.849143	0
12.2105	0.0254837	168.147	0.855944	0
12.2593	0.0253658	165.048	0.843362	0
12.2712	0.0251004	164.915	0.849143	0
12.2852	0.0251649	166.297	0.853224	0
12.3074	0.0254953	165.964	0.839961	0
12.2823	0.0249488	166.597	0.83588	0
12.2909	0.0239237	164.831	0.837921	0
12.321	0.0243527	164.565	0.838941	0
12.3205	0.0242198	165.748	0.863086	0
12.3127	0.0246381	166.731	0.868186	0
12.3681	0.0245762	164.048	0.837241	0
12.4331	0.0252383	164.998	0.847783	0
12.4507	0.0248386	164.931	0.841321	0
12.4815	0.0240813	164.498	0.845062	0
12.5182	0.0242498	165.198	0.846762	0
12.4694	0.0239573	163.748	0.857985	0
12.3378	0.0233645	164.282	0.851863	0
12.2381	0.0234727	164.748	0.864106	0
12.162	0.0227625	163.182	0.852543	0
12.044	0.022169	162.416	0.8352	0
11.9559	0.0221007	164.015	0.821938	0
11.9513	0.0223011	162.649	0.831459	0
11.9648	0.0227877	161.999	0.848463	0
11.9586	0.0228514	161.566	0.845062	0
11.9363	0.022169	161.183	0.83282	0
11.9322	0.0215371	162.182	0.851523	0
11.878	0.021761	160.783	0.873968	0
11.8227	0.0219194	160.8	0.842001	0
11.8483	0.0214941	161.616	0.825338	0
11.8789	0.0219087	161.183	0.853904	0
11.8252	0.0222644	159.45	0.83316	0
11.7785	0.0219299	160.516	0.849483	0
11.8183	0.0219604	160.267	0.841321	0
11.8216	0.0220878	160.017	0.83214	0
11.8113	0.0224265	160.2	0.843702	0
11.8184	0.021488	160.733	0.83656	0
11.7856	0.0217719	160.167	0.850163	0
11.7461	0.0210184	158.817	0.83418	0
11.7565	0.0215842	159.9	0.844382	0
11.7758	0.0213592	159.983	0.845062	0
11.7001	0.0209612	159.633	0.830439	0
11.6629	0.02103	160.133	0.852203	0
11.7146	0.0215135	158.001	0.852203	0
11.7131	0.0212192	160.75	0.8352	0
11.6844	0.0204672	157.584	0.830099	0
11.6649	0.021227	158.334	0.804594	0
11.6236	0.02099	158.501	0.83486	0
11.5605	0.0206723	157.318	0.848463	0
11.5289	0.0206131	158.251	0.839621	0
11.5435	0.0208138	157.451	0.848463	0
11.5009	0.0200845	158.401	0.843022	0
11.4573	0.0201687	158.051	0.848123	0
11.4537	0.0201165	157.051	0.844382	0
11.4051	0.0199389	156.501	0.854584	0
11.3555	0.0195743	157.384	0.846082	0
11.3418	0.0198904	158.084	0.8352	0
11.313	0.020188	157.434	0.837581	0
11.2714	0.0195374	155.585	0.866486	0
11.2406	0.0191862	156.501	0.83554	0
11.2272	0.0195883	156.718	0.830779	0
11.204	0.0196384	156.202	0.840641	0
11.1537	0.0192791	155.885	0.817857	0
11.1164	0.0191389	155.785	0.851523	0
11.0892	0.0196423	156.068	0.847443	0
11.0506	0.0193702	154.002	0.8318	0
11.0316	0.019241	154.169	0.816157	0
11.0101	0.0190791	154.869	0.8335	0
10.9516	0.0192978	153.486	0.851523	0
10.9402	0.0189227	153.503	0.837921	0
10.9158	0.0192483	154.786	0.8369	0
10.8587	0.0189813	154.186	0.83486	0
10.8173	0.0188768	154.002	0.827039	0
10.7874	0.018717	153.12	0.845062	0
10.7593	0.0185303	151.77	0.850163	0
10.7247	0.0184402	153.436	0.854244	0
10.6675	0.0187126	152.453	0.83316	0
10.6084	0.0179835	152.72	0.853224	0
10.5966	0.0184422	152.486	0.855944	0
10.5986	0.0183828	152.936	0.838261	0
10.584	0.0185358	151.77	0.842682	0
10.5392	0.0187034	151.62	0.868186	0
10.4961	0.0179717	152.886	0.850163	0
10.4624	0.0180673	150.537	0.828399	0
10.4264	0.0181366	151.02	0.8369	0
10.3865	0.0180227	150.537	0.830779	0
10.3119	0.0183289	150.237	0.822958	0
10.2764	0.018181	150.521	0.843362	0
10.2525	0.0178634	150.704	0.806635	0
10.191	0.017831	149.488	0.83214	0
10.154	0.0173982	148.638	0.848123	0
10.1432	0.0178132	148.555	0.842342	0
10.0787	0.0177145	148.438	0.823638	0
10.0211	0.0175587	148.921	0.831459	0
10.0106	0.0171797	148.655	0.855604	0
9.98737	0.0171565	147.039	0.840641	0
9.96821	0.0171427	147.655	0.825678	0
9.95319	0.016976	146.522	0.846082	0
9.94033	0.0173612	147.788	0.843362	0
9.91016	0.017181	148.372	0.812756	0
9.88268	0.0166084	146.722	0.8369	0
9.85087	0.0163656	147.755	0.828059	0
9.80949	0.0172366	147.988	0.853224	0
9.77329	0.0167724	145.323	0.823978	0
9.73589	0.0166936	147.572	0.844042	0
9.71107	0.0165064	144.806	0.823978	0
9.71665	0.0162641	147.872	0.824998	0
9.71336	0.0167731	145.406	0.862065	0
9.66927	0.0164637	145.006	0.826699	0
9.6331	0.0166215	144.723	0.844382	0
9.63193	0.0164671	145.573	0.841661	0
9.62544	0.0166429	146.206	0.854244	0
9.60646	0.0164626	145.339	0.8352	0
9.57326	0.0164493	143.14	0.840981	0
9.52451	0.0160846	144.273	0.823978	0
9.49376	0.0163277	144.307	0.814456	0
9.48276	0.0162621	144.856	0.83418	0
9.46738	0.0157379	145.14	0.855944	0
9.43532	0.0162083	143.74	0.839621	0
9.42197	0.0160124	145.606	0.830779	0
9.40621	0.0162906	142.724	0.828059	0
9.34835	0.0164744	143.157	0.864786	0
9.32946	0.016287	144.456	0.830439	0
9.34046	0.0161579	142.307	0.845742	0
9.30151	0.015793	142.84	0.837581	0
9.25946	0.0154213	142.057	0.842342	0
9.26094	0.0163059	142.224	0.846082	0
9.27142	0.0162156	143.99	0.812756	0
9.26307	0.0161632	142.191	0.845742	0
9.24352	0.0159961	141.524	0.839961	0
9.21012	0.0157523	141.991	0.825338	0
9.17175	0.0154062	140.841	0.857644	0
9.17064	0.0162546	142.224	0.844722	0
9.1727	0.015958	142.007	0.810715	0
9.14825	0.0157765	142.557	0.8352	0
9.1337	0.0158422	142.657	0.827039	0
9.10806	0.0158571	141.308	0.829079	0
9.11499	0.0156327	141.741	0.830439	0
9.11949	0.0158169	139.725	0.823978	0
9.07827	0.0151752	141.941	0.829419	0
9.03642	0.0157681	140.108	0.823978	0
9.00032	0.0155023	141.424	0.824318	0
8.98985	0.015434	140.375	0.838601	0
8.97941	0.0151395	139.092	0.83418	0
8.96687	0.0155962	140.425	0.847783	0
8.96349	0.0151276	140.192	0.837241	0
8.9485	0.0152782	140.608	0.839961	0
8.9421	0.0152415	139.109	0.825338	0
8.92396	0.0152974	140.292	0.839281	0
8.90936	0.0150428	141.408	0.825338	0
8.90457	0.0149566	139.342	0.83452	0
8.88862	0.0150706	139.559	0.849483	0
8.89969	0.0151569	140.075	0.840641	0
8.89242	0.0148147	138.959	0.840981	0
8.85841	0.0155771	139.375	0.83452	0
8.84928	0.0151299	140.058	0.825338	0
8.83511	0.0150421	139.142	0.826018	0
8.79977	0.0148029	137.443	0.8335	0
8.78914	0.0147548	138.376	0.841661	0
8.79247	0.0151074	137.343	0.830099	0
8.80256	0.0150995	139.242	0.83418	0
8.78256	0.0152714	136.626	0.828399	0
8.74086	0.015168	137.526	0.852543	0
8.7555	0.0150254	139.475	0.83486	0
8.75951	0.0146057	137.709	0.824998	0
8.7312	0.014996	136.593	0.837581	0
8.70369	0.0146322	138.409	0.827039	0
8.69064	0.0152235	138.376	0.806975	0
8.68484	0.0146361	137.359	0.814116	0
8.68581	0.0149507	137.676	0.862405	0
8.68869	0.0147443	139.159	0.848463	0
8.67139	0.014728	137.959	0.827719	0
8.6531	0.0148743	136.86	0.819217	0
8.63841	0.0145868	136.91	0.821938	0
8.63385	0.0147854	137.893	0.828059	0
8.62396	0.0143819	136.81	0.83384	0
8.60046	0.0148272	137.609	0.845742	0
8.60053	0.0148498	136.76	0.8335	0
8.61228	0.0148718	137.559	0.821598	0
8.60314	0.014895	136.493	0.845062	0
8.58389	0.0143889	136.526	0.83316	0
8.58402	0.0144725	136.643	0.830099	0
8.57443	0.0145159	137.593	0.839281	0
8.55606	0.0145725	138.126	0.827719	0
8.55659	0.0147079	135.677	0.83452	0
8.56466	0.0145991	136.043	0.83384	0
8.5363	0.0146036	136.177	0.83486	0
8.51228	0.0145348	135.643	0.823298	0
8.54069	0.0146435	135.81	0.830439	0
8.55854	0.0146528	137.11	0.849143	0
8.54101	0.0143176	136.177	0.846422	0
8.51982	0.0142827	136.576	0.859345	0
8.51831	0.0146035	135.594	0.847102	0
8.52067	0.0141998	137.126	0.848803	0
8.49979	0.0145956	135.594	0.83418	0
8.48674	0.014464	136.243	0.816837	0
8.48698	0.0144819	136.776	0.829759	0
8.48619	0.0146796	133.944	0.827719	0
8.49211	0.0142442	137.459	0.845742	0
8.491	0.0142189	134.927	0.817857	0
8.48524	0.0142132	137.593	0.825678	0
8.49334	0.0139496	133.844	0.815476	0
8.46033	0.0145918	135.61	0.822278	0
8.4436	0.014232	136.277	0.850163	0
8.45955	0.0139781	135.16	0.821257	0
8.4679	0.0144234	136.526	0.837241	0
8.45783	0.0148123	136.143	0.847443	0
8.41852	0.014755	135.327	0.844042	0
8.40503	0.0142267	134.827	0.827379	0
8.43098	0.0140903	134.244	0.846422	0
8.43414	0.0142012	135.144	0.844382	0
8.42307	0.014385	136.893	0.842342	0
8.42501	0.0145589	136.36	0.828739	0
8.43042	0.0142561	135.51	0.840301	0
8.41077	0.0144166	134.761	0.83452	0
8.38481	0.0146779	135.927	0.809355	0
8.39549	0.0142557	134.81	0.83248	0
8.40866	0.0140734	134.711	0.83316	0
8.4068	0.014574	136.526	0.8318	0
8.39701	0.0143502	134.194	0.825338	0
8.38412	0.0142331	135.194	0.821257	0
8.37614	0.0142733	134.194	0.83486	0
8.36907	0.013995	136.127	0.827719	0
8.35945	0.014151	134.927	0.849823	0
8.34528	0.0144178	132.495	0.812076	0
8.36455	0.0140326	135.843	0.8352	0
8.3799	0.0144202	134.761	0.83452	0
8.35798	0.0142107	133.861	0.840981	0
8.34101	0.014164	135.344	0.843702	0
8.33487	0.0143106	134.744	0.838261	0
8.3329	0.0143833	134.227	0.839621	0
8.34874	0.0144332	134.677	0.838601	0
8.33558	0.0140936	133.744	0.842342	0
8.31029	0.0140079	134.577	0.823298	0
8.33578	0.0137136	135.677	0.840301	0
8.34301	0.0139859	134.011	0.851863	0
8.32242	0.0141151	134.311	0.839961	0
8.31762	0.0142789	134.144	0.845402	0
8.31949	0.014421	134.694	0.847783	0
8.31543	0.0144368	135.31	0.844042	0
8.30485	0.0139411	135.344	0.852543	0
8.30843	0.0139342	134.011	0.821257	0
8.32581	0.0139001	133.811	0.83316	0
8.29797	0.0138752	133.628	0.83418	0
8.27786	0.0136409	134.244	0.843702	0
8.29522	0.0141583	133.294	0.849143	0
8.28254	0.0140459	133.578	0.824318	0
8.27736	0.0137842	135.577	0.809015	0
8.28725	0.0141713	133.128	0.825678	0
8.27718	0.0145126	134.377	0.853904	0
8.27183	0.0141983	134.844	0.83282	0
8.26717	0.0138537	132.795	0.83452	0
8.25545	0.0141685	134.677	0.845742	0
8.2715	0.0141496	136.043	0.859685	0
8.26886	0.0138058	133.128	0.822278	0
8.24709	0.0139752	135.777	0.83554	0
8.24996	0.0139102	132.811	0.825678	0
8.26502	0.0140287	133.728	0.844722	0
8.26599	0.014131	134.444	0.830439	0
8.24584	0.0143505	134.327	0.828399	0
8.24947	0.0141925	134.844	0.83248	0
8.26125	0.0140311	134.86	0.842342	0
8.24624	0.0141617	133.128	0.83214	0
8.24358	0.0138105	134.744	0.861045	0
8.24113	0.0139159	133.061	0.810375	0
8.22046	0.0140537	135.643	0.822278	0
8.21377	0.0139233	133.911	0.823298	0
8.23472	0.0141528	134.411	0.842342	0
8.2353	0.0141003	132.995	0.83554	0
8.20725	0.0140846	133.594	0.845402	0
8.20044	0.0142788	133.594	0.853224	0
8.23355	0.0143867	134.394	0.851183	0
8.23624	0.0141362	135.127	0.829419	0
8.2092	0.0142963	133.711	0.850843	0
8.21053	0.014451	132.162	0.826699	0
8.22844	0.0146427	133.944	0.83282	0
8.22483	0.0140539	132.228	0.855944	0
8.21439	0.0141306	135.21	0.842342	0
8.21013	0.0141565	132.578	0.83656	0
8.1959	0.0142772	133.278	0.858665	0
8.19471	0.0142931	134.461	0.83214	0
8.20936	0.0142251	134.461	0.8335	0
8.20622	0.0142986	133.761	0.829759	0
8.19746	0.0140195	132.478	0.826018	0
8.19282	0.0139122	133.444	0.853904	0
8.19409	0.0141714	133.894	0.8318	0
8.18594	0.0140429	132.861	0.840641	0
8.18994	0.0140997	134.194	0.827379	0
8.21457	0.0142211	133.528	0.828059	0
8.20345	0.0141966	133.811	0.8318	0
8.19163	0.0141376	132.995	0.843702	0
8.19879	0.0139424	134.011	0.872607	0
8.19345	0.0140436	133.361	0.827379	0
8.19939	0.0143058	133.644	0.825338	0
8.20006	0.0142288	133.428	0.822618	0
8.17549	0.0137589	135.16	0.865806	0
8.18541	0.0139781	133.228	0.818877	0
8.18831	0.0139757	132.112	0.83282	0
8.16599	0.0141311	134.011	0.844722	0
8.16962	0.014429	134.077	0.817857	0
8.17258	0.0139487	134.727	0.840301	0
8.15612	0.0138289	133.128	0.812076	0
8.16877	0.0140403	131.795	0.856624	0
8.17909	0.0142056	134.311	0.812076	0
8.16742	0.014016	133.244	0.83384	0
8.16336	0.0143523	135.677	0.844042	0
8.1694	0.0137646	133.611	0.815476	0
8.15292	0.0138341	134.611	0.83248	0
8.14722	0.0142102	134.744	0.846422	0
8.17111	0.0139603	132.828	0.827719	0
8.18406	0.0143495	133.878	0.855604	0
8.15331	0.013837	133.145	0.83248	0
8.1367	0.0141664	134.211	0.83622	0
8.16156	0.0139904	132.961	0.839621	0
8.15985	0.0140328	133.594	0.824658	0
8.14989	0.0140481	134.827	0.843702	0
8.16011	0.013656	134.177	0.8369	0
8.1494	0.0138563	133.361	0.845062	0
8.13452	0.0142758	132.112	0.823638	0
8.13023	0.0139547	132.695	0.83418	0
8.12828	0.0138413	133.494	0.822278	0
8.13864	0.0138215	132.811	0.826699	0
8.13128	0.0136655	132.995	0.845742	0
8.11249	0.013594	133.528	0.83622	0
8.12998	0.0134209	133.494	0.83452	0
8.13565	0.0139841	133.028	0.848463	0
8.10196	0.0135826	132.545	0.8318	0
8.11095	0.0139767	134.577	0.831459	0
8.13033	0.0140328	132.478	0.822278	0
8.11695	0.0140405	133.644	0.830099	0
8.11947	0.0141326	133.278	0.83214	0
8.13088	0.0143181	132.978	0.83282	0
8.12081	0.014224	132.745	0.842682	0
8.11082	0.0144202	132.711	0.828059	0
8.11567	0.0137166	133.578	0.83656	0
8.11936	0.0141471	131.295	0.828399	0
8.08763	0.0140524	132.645	0.838261	0
8.07494	0.013816	132.895	0.826018	0
8.11329	0.0138652	133.844	0.8352	0
8.127	0.0142639	133.261	0.814116	0
8.10454	0.013705	131.429	0.850843	0
8.10871	0.0137726	132.295	0.853224	0
8.12154	0.0140124	134.827	0.837581	0
8.13553	0.014094	131.678	0.823638	0
8.13479	0.0143251	130.529	0.83214	0
8.11295	0.0140362	133.528	0.850163	0
8.1132	0.0138986	132.378	0.83418	0
8.09452	0.0136165	133.161	0.843022	0
8.08272	0.0138314	132.861	0.845062	0
8.11706	0.013873	132.445	0.83214	0
8.11041	0.0136392	131.728	0.822278	0
8.07802	0.0139002	133.911	0.846762	0
8.10375	0.0138927	134.427	0.828739	0
8.11321	0.0136614	131.229	0.83214	0
8.08962	0.0142332	133.178	0.829759	0
8.09222	0.0137664	131.595	0.83656	0
8.08306	0.0140368	133.344	0.841661	0
8.06984	0.0139711	134.027	0.841661	0
8.07613	0.0137417	133.561	0.831459	0
8.08229	0.0138435	132.328	0.824998	0
8.07959	0.0140191	132.845	0.851523	0
8.07858	0.0139219	133.444	0.842001	0
8.09974	0.0138235	134.511	0.830099	0
8.09992	0.0139895	131.745	0.841321	0
8.09041	0.0140027	134.294	0.838261	0
8.09555	0.013667	132.861	0.830439	0
8.07879	0.0136363	133.794	0.845742	0
8.07084	0.0137356	132.595	0.825338	0
8.09296	0.0135283	133.661	0.845742	0
8.09567	0.0142345	134.827	0.848463	0
8.08374	0.0139353	133.761	0.837921	0
8.06551	0.0136928	130.995	0.851863	0
8.07712	0.0141705	132.428	0.828059	0
8.0826	0.0138923	132.062	0.843362	0
8.07296	0.0138928	133.544	0.843702	0
8.07653	0.0138392	131.912	0.838261	0
8.09068	0.0138585	132.961	0.839281	0
8.09354	0.0135017	132.878	0.83282	0
8.06364	0.0137971	131.412	0.827379	0
8.05503	0.013809	131.878	0.841661	0
8.06738	0.013629	132.578	0.852884	0
8.07598	0.0139082	133.145	0.830439	0
8.10003	0.0140811	134.261	0.863426	0
8.08546	0.0141693	132.128	0.840301	0
8.06556	0.0138537	132.761	0.840981	0
8.08507	0.0138582	132.345	0.83486	0
8.07518	0.0138085	132.845	0.846082	0
8.06775	0.0140308	132.378	0.860705	0
8.07924	0.0142372	132.695	0.840981	0
8.06498	0.013714	131.245	0.812076	0
8.06279	0.0137674	132.645	0.841321	0
8.08067	0.0135269	132.411	0.838941	0
8.07196	0.0139223	132.645	0.852543	0
8.05074	0.013948	132.461	0.8352	0
8.06424	0.0139093	132.195	0.844042	0
8.08762	0.0141099	133.195	0.842001	0
8.08467	0.0138976	132.645	0.83248	0
8.06802	0.0142218	132.911	0.838261	0
8.06549	0.0140522	132.728	0.819557	0
8.0787	0.0143959	133.045	0.813436	0
8.05787	0.0138006	131.145	0.823978	0
8.05689	0.0137387	132.978	0.83384	0
8.08116	0.0139911	133.244	0.839961	0
8.06167	0.0137104	132.928	0.837921	0
8.06068	0.0136525	132.895	0.83282	0
8.06306	0.0137291	133.244	0.827039	0
8.04126	0.0142161	132.428	0.840981	0
8.06121	0.013946	132.228	0.822278	0
8.07726	0.0139995	132.878	0.850503	0
8.03668	0.0139932	132.262	0.840981	0
8.02572	0.0139207	133.628	0.822278	0
8.0354	0.0138299	132.112	0.831459	0
8.02123	0.0140139	133.728	0.810375	0
8.04444	0.0138026	131.995	0.83622	0
8.06644	0.0144138	132.428	0.860705	0
8.05208	0.0139692	134.077	0.840981	0
8.04747	0.0136843	132.528	0.838261	0
8.06608	0.0134214	133.145	0.844382	0
8.07089	0.0138236	131.695	0.83418	0
8.05838	0.0138898	132.578	0.841321	0
8.05303	0.0140053	132.595	0.827039	0
8.04606	0.0139242	132.978	0.842001	0
8.05123	0.0138243	132.711	0.823978	0
8.06653	0.0136082	132.495	0.83554	0
8.05005	0.0135581	132.028	0.824318	0
8.03624	0.0138833	130.012	0.828739	0
8.0545	0.0138087	133.145	0.840981	0
8.04971	0.013603	132.012	0.840981	0
8.03438	0.0136681	132.212	0.831119	0
8.02586	0.0137348	132.728	0.839621	0
8.01855	0.0137137	131.778	0.83486	0
8.01585	0.0138955	131.212	0.849143	0
8.01091	0.013783	132.528	0.848123	0
8.02724	0.013905	131.195	0.851183	0
8.04758	0.014022	131.745	0.829759	0
8.04631	0.0141314	131.862	0.840301	0
8.04837	0.014234	132.645	0.807995	0
8.03107	0.0137993	133.511	0.826358	0
8.01534	0.0137312	132.245	0.838601	0
8.03661	0.0135783	131.229	0.83588	0
8.05501	0.0134	132.395	0.855604	0
8.03725	0.0139732	133.111	0.857985	0
8.04159	0.0139697	133.578	0.828739	0
8.04512	0.0140342	133.378	0.803914	0
8.01354	0.0136457	132.878	0.813776	0
8.02163	0.0138044	132.062	0.829079	0
8.05341	0.0142134	132.578	0.844382	0
8.0204	0.0137649	130.429	0.83214	0
8.01568	0.0140917	133.778	0.845742	0
8.02934	0.0138246	131.012	0.821598	0
8.00193	0.013781	133.078	0.862065	0
8.00699	0.0141186	132.445	0.846762	0
8.01996	0.0137669	131.962	0.83282	0
7.99994	0.0139436	132.362	0.831119	0
7.9837	0.013812	131.495	0.827039	0
8.00861	0.0136061	132.895	0.83452	0
8.03494	0.013963	131.895	0.842342	0
8.0165	0.0137283	133.045	0.838261	0
7.99757	0.0138817	131.995	0.83248	0
8.00622	0.013652	133.061	0.83316	0
8.02508	0.0135402	131.579	0.840641	0
8.03429	0.0138412	133.078	0.83554	0
8.01396	0.013862	132.312	0.831119	0
8.00144	0.0133396	132.278	0.83588	0
8.01282	0.0136677	132.012	0.831119	0
8.02711	0.0137107	132.728	0.839621	0
8.04551	0.0140038	131.662	0.831119	0
8.02326	0.0136424	132.761	0.854244	0
8.00891	0.0141291	132.312	0.83248	0
8.02404	0.0137867	133.045	0.8369	0
8.00622	0.0134389	132.312	0.805955	0
8.01281	0.0137474	132.545	0.83282	0
8.03047	0.0137526	132.262	0.8318	0
8.01871	0.0138938	132.661	0.830779	0
8.02015	0.0140293	131.579	0.864446	0
8.00667	0.0135373	131.678	0.847102	0
7.9973	0.0138113	131.695	0.827039	0
8.01668	0.0138224	133.361	0.821257	0
8.01464	0.0137708	131.845	0.831459	0
8.00076	0.0137463	131.279	0.8352	0
8.00479	0.0140321	132.945	0.837241	0
8.00353	0.0139246	131.029	0.848463	0
8.00282	0.0138768	131.878	0.826018	0
8.01135	0.0137207	132.262	0.824658	0
8.01754	0.0138054	133.045	0.838601	0
8.00609	0.0134677	132.478	0.850503	0
8.01554	0.013828	132.461	0.829759	0
8.01925	0.0139613	133.694	0.829079	0
7.99856	0.0137789	133.078	0.823638	0
8.00732	0.0140164	131.912	0.840981	0
8.03133	0.0138375	133.261	0.855264	0
7.99985	0.0136518	130.945	0.850843	0
7.97367	0.013743	132.495	0.857644	0
8.00203	0.0138448	132.312	0.827719	0
8.02347	0.0138459	131.995	0.845402	0
7.9955	0.0136667	132.045	0.861725	0
7.97489	0.013697	132.212	0.829079	0
8.01468	0.0139702	133.278	0.856964	0
8.03394	0.0135	132.711	0.839961	0
8.00763	0.0140164	132.545	0.847443	0
7.99712	0.0134909	132.611	0.848123	0
8.00007	0.0136122	131.162	0.823298	0
7.99086	0.0137851	132.295	0.843362	0
8.00109	0.0136071	133.228	0.826699	0
8.01414	0.0140952	132.362	0.823638	0
7.9949	0.0136939	131.695	0.804254	0
7.98639	0.0136872	132.545	0.840301	0
8.0068	0.013382	133.211	0.8369	0
8.00688	0.0139002	130.696	0.825338	0
7.98692	0.0135515	133.145	0.811396	0
7.98807	0.0135942	131.762	0.846762	0
7.99115	0.0134853	132.745	0.847102	0
7.98958	0.0138493	133.578	0.828739	0
7.99864	0.0139154	132.811	0.831119	0
8.00017	0.0140989	132.895	0.846082	0
7.99982	0.0136911	132.861	0.820577	0
7.99613	0.0139317	133.344	0.843022	0
8.00008	0.0138646	132.278	0.844042	0
8.00392	0.0138262	131.695	0.818877	0
7.99941	0.0139772	130.512	0.83554	0
7.99764	0.0138702	133.378	0.842001	0
7.98621	0.0139764	131.762	0.849823	0
7.98422	0.013563	132.545	0.839281	0
8.00791	0.0142854	132.178	0.850843	0
8.00951	0.0142063	131.895	0.816497	0
8.0034	0.0138813	131.545	0.850163	0
8.00873	0.0138029	132.895	0.847783	0
8.01693	0.0140095	131.695	0.830779	0
7.98736	0.0138094	132.645	0.857644	0
7.95922	0.0133699	130.662	0.83622	0
7.97877	0.0140547	132.928	0.827719	0
7.99168	0.0137507	132.362	0.829759	0
7.99604	0.0136949	131.112	0.816497	0
8.01173	0.0135749	132.545	0.813776	0
8.00699	0.0137871	131.495	0.854924	0
7.97928	0.0140083	132.511	0.83452	0
7.96973	0.0139005	130.995	0.828739	0
7.97894	0.0137003	132.961	0.817177	0
7.98822	0.0134914	131.595	0.837921	0
7.99182	0.0133928	131.529	0.839281	0
8.01311	0.0139704	131.828	0.83622	0
8.00587	0.0137529	132.745	0.828059	0
7.97321	0.0138294	131.212	0.822618	0
7.9737	0.013637	132.445	0.846762	0
7.99074	0.0143374	131.778	0.841321	0
8.00851	0.014083	132.595	0.842342	0
8.00114	0.013881	131.878	0.843362	0
7.96598	0.0136852	131.978	0.827039	0
7.97483	0.0141426	133.444	0.837581	0
7.99568	0.0137371	133.528	0.838601	0
7.97648	0.0138072	131.928	0.799493	0
7.97044	0.0136094	133.428	0.843362	0
7.98403	0.013931	131.112	0.846422	0
7.99024	0.013657	132.945	0.859345	0
7.99321	0.014101	133.628	0.841661	0
7.97643	0.0136918	130.962	0.823638	0
7.97017	0.0135355	132.228	0.840301	0
8.00369	0.0137696	132.778	0.843022	0
8.00732	0.013991	132.328	0.8318	0
7.9841	0.0135563	132.928	0.839281	0
7.98291	0.0136535	132.328	0.831459	0
7.97832	0.0137711	132.528	0.846762	0
7.99061	0.0139541	131.845	0.829759	0
8.00719	0.0138872	132.345	0.823298	0
7.98909	0.0137402	133.294	0.831119	0
7.97989	0.0134537	130.579	0.838941	0
7.97944	0.0136222	133.111	0.823978	0
7.97725	0.0136832	130.729	0.822618	0
7.9798	0.0136809	132.062	0.83316	0
7.98459	0.0139644	133.011	0.811736	0
8.00514	0.0137371	132.895	0.838261	0
7.98776	0.0139292	131.179	0.845742	0
7.96517	0.0136421	132.611	0.816497	0
7.98427	0.0137512	131.495	0.827039	0
7.97459	0.0141169	132.545	0.830439	0
7.97004	0.0140488	132.162	0.840301	0
7.9909	0.0141448	131.862	0.83452	0
7.97272	0.0139678	131.112	0.827039	0
7.96171	0.0133301	132.645	0.816497	0
7.97844	0.0137648	133.045	0.828739	0
7.97918	0.0142032	129.513	0.822618	0
7.98649	0.0135525	132.628	0.841661	0
7.99137	0.0139492	131.778	0.839281	0
7.98563	0.0140738	132.262	0.847102	0
7.98829	0.0138144	132.895	0.8369	0
7.98381	0.0139085	133.644	0.83214	0
7.97107	0.0139781	131.845	0.853564	0
7.96419	0.0137833	131.212	0.830779	0
7.96961	0.0136924	131.628	0.822958	0
7.99178	0.0133031	134.011	0.83384	0
7.99815	0.0137433	132.428	0.849483	0
7.96261	0.0135323	131.029	0.842342	0
7.97404	0.0141619	130.979	0.821598	0
8.00005	0.0137075	132.545	0.854244	0
7.98771	0.0137893	132.728	0.809015	0
7.97624	0.0136981	132.428	0.861045	0
7.9696	0.0135737	131.728	0.8318	0
7.98546	0.0139856	133.628	0.863086	0
8.00082	0.0142926	132.245	0.826699	0
7.96361	0.0138084	129.563	0.841661	0
7.95989	0.0138792	133.028	0.825678	0
7.99914	0.0136474	133.911	0.843362	0
7.98459	0.0138066	132.262	0.829079	0
7.96273	0.0139198	133.294	0.857304	0
7.99706	0.0138916	132.795	0.850503	0
8.0039	0.0134825	132.811	0.8335	0
7.98847	0.0140861	131.812	0.83384	0
8.00376	0.0136563	131.562	0.863766	0
8.02305	0.0135541	134.544	0.837241	0
8.01508	0.013553	131.628	0.854924	0
7.97066	0.0134774	131.745	0.825678	0
7.96977	0.0137585	132.928	0.83588	0
8.01294	0.0140133	131.495	0.847443	0
7.99171	0.0141203	132.345	0.822958	0
7.96545	0.014369	130.696	0.855264	0
7.97802	0.0138889	131.728	0.828739	0
7.98218	0.0139091	133.311	0.838941	0
7.99742	0.0142429	131.662	0.843702	0
7.98495	0.0139277	132.145	0.827039	0
7.95831	0.014001	131.778	0.821598	0
7.95629	0.0133622	132.595	0.837921	0
7.96466	0.0137328	131.545	0.821938	0
7.95841	0.0136095	132.312	0.825678	0
7.97641	0.0135053	133.161	0.829759	0
7.99239	0.0136758	131.662	0.861045	0
7.97311	0.0137627	132.978	0.831119	0
7.98174	0.0132218	132.778	0.819557	0
8.01801	0.0138202	131.562	0.862065	0
7.98384	0.0137803	130.596	0.827039	0
7.93264	0.0137007	131.379	0.827719	0
7.97107	0.0139493	131.962	0.853564	0
8.00171	0.0137109	132.195	0.83486	0
7.96578	0.0139658	131.595	0.8369	0
7.95727	0.0137401	133.678	0.855944	0
7.9839	0.0141987	132.112	0.860705	0
7.97607	0.0142142	131.045	0.842001	0
7.95914	0.0138053	132.761	0.826699	0
7.96728	0.013581	131.412	0.827719	0
7.98091	0.0139427	132.828	0.847443	0
7.9745	0.0134447	131.862	0.83316	0
7.97496	0.0139181	132.012	0.828739	0
7.97788	0.0140311	132.112	0.838261	0
7.96338	0.0136636	132.961	0.8369	0
7.96516	0.0141017	131.279	0.83588	0
7.97896	0.0140695	132.461	0.843022	0
7.97319	0.0135604	132.345	0.83656	0
7.96772	0.0135415	132.012	0.827379	0
7.98379	0.0136429	130.895	0.829759	0
7.98928	0.0137272	131.712	0.83418	0
7.97412	0.0136344	132.595	0.819557	0
7.97715	0.0135814	132.162	0.825338	0
7.97223	0.0140299	131.445	0.830779	0
7.96503	0.0136578	133.711	0.810035	0
7.98409	0.0136145	133.244	0.839961	0
8.00241	0.0137718	132.928	0.856284	0
7.99346	0.0135794	132.411	0.839621	0
7.98328	0.0135807	134.144	0.8335	0
7.98137	0.013584	132.978	0.853224	0
7.95782	0.0134233	132.878	0.823638	0
7.96452	0.0135167	132.795	0.851183	0
7.98659	0.0135563	132.978	0.83248	0
7.9758	0.0138289	131.445	0.817857	0
7.98473	0.0136931	132.745	0.846422	0
7.99441	0.0140689	132.162	0.83214	0
7.97742	0.013831	132.861	0.827719	0
7.96716	0.0140632	131.695	0.844042	0
7.96308	0.0136401	132.995	0.827379	0
7.96388	0.0136037	131.512	0.837241	0
7.98112	0.0142107	131.678	0.853904	0
8.00179	0.0138409	131.029	0.822278	0
7.97171	0.013385	132.745	0.845062	0
7.94573	0.0138139	132.411	0.837241	0
7.98639	0.0135226	132.078	0.840641	0
7.99576	0.0134663	131.928	0.842682	0
7.96277	0.0139275	132.411	0.819557	0
7.98634	0.0143445	131.895	0.849823	0
7.9873	0.0142026	131.662	0.839961	0
7.94283	0.0138181	130.862	0.852203	0
7.95442	0.013589	132.545	0.853224	0
7.98353	0.013684	132.328	0.822278	0
7.98366	0.013752	132.162	0.840981	0
7.96789	0.0135606	131.462	0.83248	0
7.97097	0.0136775	132.078	0.841321	0
7.99759	0.014056	134.227	0.855944	0
7.9802	0.0136761	132.978	0.841661	0
7.96783	0.013817	132.162	0.823638	0
7.98251	0.0136102	131.695	0.83384	0
7.98412	0.0137535	131.978	0.846422	0
7.96391	0.0139534	133.744	0.823978	0
7.95238	0.0138561	130.012	0.852543	0
7.96741	0.0134636	134.144	0.8352	0
7.96128	0.0136224	130.929	0.8318	0
7.95686	0.0139267	131.845	0.827039	0
7.96639	0.0141432	132.078	0.839281	0
7.96643	0.0139162	130.962	0.83248	0
7.96763	0.0135594	133.844	0.840641	0
7.96753	0.0135653	132.461	0.83656	0
7.95809	0.0137151	134.144	0.831119	0
7.97072	0.0136497	132.761	0.838941	0
7.97886	0.0135688	132.528	0.839961	0
7.965	0.0137097	131.878	0.855264	0
7.97891	0.0138183	130.962	0.845742	0
7.97931	0.0137644	131.945	0.824658	0
7.95922	0.0138185	131.312	0.821938	0
7.95714	0.0137575	131.728	0.823978	0
7.96924	0.0135809	133.494	0.826018	0
7.96814	0.014188	132.895	0.826358	0
7.95798	0.0142767	132.695	0.840641	0
7.96097	0.0138731	131.878	0.839961	0
7.96496	0.0139686	131.012	0.830099	0
7.96102	0.0136602	132.295	0.83486	0
7.9816	0.0137441	133.178	0.83622	0
7.98501	0.0139519	132.062	0.828059	0
7.94845	0.0139248	132.911	0.828739	0
7.95401	0.0135629	131.962	0.843022	0
7.96818	0.0137378	131.695	0.852203	0
7.97114	0.0137721	132.062	0.827379	0
7.98255	0.0137424	131.795	0.83282	0
7.98015	0.0138439	132.345	0.8318	0
7.96981	0.0136098	132.112	0.839621	0
7.96435	0.0136338	132.578	0.83588	0
7.95729	0.0136187	132.028	0.83384	0
7.95942	0.0137395	132.595	0.83316	0
7.96546	0.013429	133.828	0.830439	0
7.98275	0.0138769	132.195	0.83554	0
7.96974	0.0137249	132.428	0.853224	0
7.93847	0.0136997	132.012	0.830099	0
7.96066	0.0140999	131.895	0.847783	0
7.97142	0.0139063	131.728	0.837921	0
7.96391	0.0134276	132.495	0.841321	0
7.96775	0.0138031	132.128	0.849823	0
7.95373	0.0135255	131.512	0.829419	0
7.94075	0.0134558	132.012	0.828739	0
7.96512	0.0139075	130.812	0.83316	0
7.99052	0.0141673	132.761	0.845402	0
7.98956	0.0141305	131.928	0.837921	0
7.95018	0.0141983	130.596	0.848123	0
7.93303	0.0140337	131.045	0.821598	0
7.94957	0.0136843	132.578	0.849143	0
7.93982	0.0137001	132.328	0.829419	0
7.93585	0.0134045	130.979	0.851523	0
7.94529	0.0136658	131.828	0.838941	0
7.96103	0.0136058	131.862	0.829759	0
7.9816	0.0136507	132.411	0.839281	0
7.98129	0.0141377	131.079	0.83248	0
7.97507	0.0139593	132.595	0.830099	0
7.96356	0.0137811	131.429	0.851183	0
7.96104	0.0140018	132.728	0.820237	0
7.96641	0.0139558	132.661	0.827379	0
7.95931	0.0139335	131.795	0.8335	0
7.94982	0.0136187	133.244	0.83214	0
7.97552	0.013573	132.678	0.827379	0
7.99162	0.0140625	132.478	0.83384	0
7.96498	0.0137267	132.012	0.819217	0
7.96002	0.0138948	131.445	0.843702	0
7.97976	0.0139911	130.945	0.850843	0
7.97001	0.0139903	134.027	0.831459	0
7.9382	0.0139458	130.979	0.847783	0
7.94832	0.014127	130.945	0.827719	0
7.9778	0.0138848	132.495	0.840301	0
7.98564	0.014064	132.511	0.831459	0
7.96597	0.0138764	130.196	0.83452	0
7.94364	0.0138502	132.645	0.844382	0
7.94684	0.0138122	132.212	0.815476	0
7.95814	0.0138722	132.495	0.830099	0
7.95999	0.0137854	130.879	0.83316	0
7.96143	0.0137915	131.095	0.83588	0
7.96126	0.0134654	131.295	0.844382	0
7.95266	0.0137902	132.411	0.826699	0
7.9605	0.0138726	132.861	0.83452	0
7.96766	0.0136941	130.446	0.83588	0
7.94516	0.0138799	131.612	0.850503	0
7.95332	0.0138495	131.712	0.839621	0
7.98078	0.0138843	131.429	0.831119	0
7.97733	0.0139558	132.828	0.852884	0
7.96122	0.0137673	130.379	0.841321	0
7.95939	0.0139182	131.812	0.817517	0
7.94968	0.0137732	132.495	0.854244	0
7.95735	0.0134949	132.128	0.828399	0
7.97627	0.0135371	130.646	0.815816	0
7.97848	0.0139413	131.495	0.840301	0
7.96234	0.0139272	132.045	0.828399	0
7.96826	0.0138964	130.262	0.8335	0
7.9933	0.0136692	132.545	0.83384	0
7.97338	0.0136893	132.561	0.840641	0
7.95904	0.0134785	131.379	0.828739	0
7.94896	0.0135012	132.195	0.821598	0
7.94806	0.0135063	131.828	0.825678	0
7.97528	0.0137002	130.362	0.830099	0
7.95696	0.013363	131.795	0.812756	0
7.95229	0.0137072	131.462	0.843022	0
7.96364	0.0137058	132.195	0.823638	0
7.94699	0.0139672	130.945	0.845062	0
7.94907	0.0138129	131.462	0.850163	0
7.98182	0.0140284	132.728	0.822618	0
7.9931	0.0138569	133.361	0.847102	0
7.98396	0.0140604	131.712	0.851863	0
7.95284	0.0135888	131.995	0.815136	0
7.93902	0.0138966	130.912	0.83282	0
7.95596	0.0139401	131.195	0.850163	0
7.96861	0.0136953	131.262	0.823298	0
7.97106	0.0138715	132.395	0.817517	0
7.9602	0.0141261	132.728	0.838261	0
7.95544	0.0135128	132.945	0.847443	0
7.97242	0.0135597	131.795	0.851863	0
7.97761	0.013964	132.495	0.83418	0
7.97112	0.0138745	130.146	0.859685	0
7.95775	0.0134664	130.762	0.821938	0
7.95785	0.013917	131.628	0.841321	0
7.95238	0.013592	130.962	0.820237	0
7.94339	0.0138038	132.345	0.849143	0
7.95891	0.0137374	132.911	0.826699	0
7.94614	0.0136311	131.545	0.8369	0
7.95049	0.0139147	132.162	0.842342	0
7.97309	0.0138781	131.612	0.844382	0
7.97753	0.0139087	132.062	0.83248	0
7.97887	0.0135809	131.245	0.83214	0
7.95103	0.0138065	132.212	0.83316	0
7.95931	0.0136051	132.878	0.821257	0
7.96972	0.0138225	131.812	0.823298	0
7.94745	0.0137425	132.461	0.851863	0
7.93125	0.0134958	132.212	0.843022	0
7.94603	0.0138448	132.961	0.826699	0
7.98917	0.0136083	133.511	0.857304	0
7.97125	0.0138468	132.545	0.856624	0
7.92869	0.0137886	131.945	0.8352	0
7.95212	0.013564	132.045	0.852884	0
7.97372	0.0135444	130.329	0.830099	0
7.95974	0.013648	131.962	0.827719	0
7.9603	0.0137704	131.712	0.839961	0
7.9583	0.0137678	132.395	0.845402	0
7.93976	0.0136531	131.595	0.814116	0
7.93645	0.0141026	130.796	0.854244	0
7.96244	0.0139294	132.645	0.851183	0
7.99163	0.0137206	132.345	0.844042	0
7.97953	0.013756	132.278	0.837921	0
7.97273	0.0140992	131.595	0.826358	0
7.97144	0.0138627	132.028	0.8335	0
7.95422	0.0137015	132.395	0.838941	0
7.96663	0.0137565	132.195	0.83248	0
7.97839	0.0138549	132.362	0.855944	0
7.95045	0.0135817	131.412	0.844722	0
7.95187	0.0139473	131.479	0.840641	0
7.96959	0.0141136	131.545	0.828059	0
7.96322	0.0136861	131.179	0.820237	0
7.96041	0.0135751	131.912	0.825678	0
7.94571	0.0138366	131.545	0.839621	0
7.93713	0.013877	130.945	0.820237	0
7.95311	0.0135678	132.445	0.83622	0
7.96218	0.0134524	132.728	0.817177	0
7.96069	0.0133776	132.245	0.831119	0
7.97329	0.0136989	133.128	0.802894	0
7.97148	0.0139656	132.411	0.850503	0
7.96232	0.0140311	131.012	0.843362	0
7.96077	0.0141819	132.511	0.847783	0
7.97735	0.0136417	132.411	0.846082	0
7.96956	0.0139229	131.862	0.839621	0
7.93853	0.0136091	133.278	0.847102	0
7.94317	0.0138272	132.595	0.83656	0
7.96387	0.0137072	131.229	0.844382	0
7.95087	0.013968	131.145	0.838941	0
7.94366	0.0135586	131.212	0.826358	0
7.96169	0.01381	133.594	0.828059	0
7.96285	0.0138561	132.661	0.840641	0
7.94412	0.014022	131.195	0.831459	0
7.95923	0.0139385	131.029	0.825678	0
7.98073	0.0141	132.545	0.83316	0
7.95755	0.0134793	132.312	0.826018	0
7.94897	0.0137275	132.611	0.821598	0
7.96597	0.0137052	131.928	0.842682	0
7.93697	0.014161	130.962	0.83384	0
7.92249	0.0139596	132.911	0.812076	0
7.96198	0.0136555	131.928	0.825678	0
7.958	0.0138148	131.795	0.83656	0
7.94848	0.013699	132.745	0.828399	0
7.94431	0.0136118	132.628	0.824998	0
7.92657	0.013556	131.628	0.840301	0
7.93872	0.0140637	132.012	0.819217	0
7.97374	0.013699	131.795	0.837581	0
7.97783	0.0136961	131.079	0.83622	0
7.95314	0.0138796	131.662	0.83452	0
7.93498	0.0138431	130.746	0.8369	0
7.94027	0.0138747	132.595	0.829079	0
7.96345	0.0140117	131.512	0.799833	0
7.97517	0.0138902	132.228	0.827039	0
7.97821	0.0133532	132.278	0.812416	0
7.96973	0.0138549	131.529	0.860705	0
7.95089	0.0140862	132.411	0.840981	0
7.95591	0.0138637	132.178	0.83214	0
7.97713	0.013712	133.061	0.828399	0
7.9707	0.0136405	132.511	0.83418	0
7.94829	0.0137832	132.162	0.8318	0
7.94253	0.0134823	131.279	0.816837	0
7.95557	0.013726	133.361	0.847783	0
7.94558	0.0137557	132.062	0.862405	0
7.94801	0.0139865	132.545	0.83622	0
7.98863	0.0139228	132.362	0.837581	0
7.98191	0.0138161	133.028	0.823638	0
7.95508	0.0135824	131.529	0.824998	0
7.96434	0.0139464	131.579	0.819557	0
7.96284	0.0140965	131.928	0.842682	0
7.95451	0.0137685	132.328	0.838941	0
7.96356	0.0135403	130.329	0.822618	0
7.96569	0.0135606	130.879	0.829759	0
7.95771	0.0134893	132.162	0.820237	0
7.95433	0.013637	132.911	0.848123	0
7.96579	0.0139226	132.411	0.837921	0
7.97725	0.0140332	130.596	0.830439	0
7.96519	0.0135853	132.295	0.842001	0
7.95993	0.0135053	131.229	0.814116	0
7.96125	0.0141482	131.795	0.846762	0
7.95159	0.0134958	131.562	0.813776	0
7.94195	0.0138349	132.012	0.843022	0
7.95072	0.0138847	132.645	0.851183	0
7.95648	0.0138307	130.796	0.830099	0
7.96779	0.0135752	132.461	0.816837	0
7.97368	0.0139281	131.628	0.8318	0
7.93999	0.0142702	130.079	0.817517	0
7.94372	0.0136295	132.028	0.844382	0
7.96439	0.0136529	131.645	0.843702	0
7.94552	0.0137838	132.162	0.831459	0
7.94719	0.0138493	131.579	0.83588	0
7.9351	0.0138561	131.195	0.810035	0
7.9219	0.0136001	131.212	0.849483	0
7.98147	0.0133749	133.344	0.849483	0
7.9918	0.0138091	131.928	0.815476	0
7.95107	0.0136949	131.995	0.828399	0
7.95578	0.0140484	131.129	0.838261	0
7.95839	0.0136838	132.445	0.842001	0
7.95618	0.0139076	132.195	0.83486	0
7.97656	0.0137106	132.795	0.829759	0
7.97029	0.0137319	132.195	0.847783	0
7.96469	0.0139282	131.562	0.826699	0
7.98073	0.0140732	132.445	0.843702	0
7.96428	0.0136512	130.779	0.838941	0
7.94863	0.0134138	131.412	0.837241	0
7.97682	0.0137747	131.778	0.826358	0
7.96802	0.0137463	130.862	0.814456	0
7.94416	0.0136867	131.362	0.843702	0
7.98087	0.013853	133.161	0.869547	0
7.97745	0.0139079	130.895	0.859005	0
7.94018	0.0135654	131.445	0.826699	0
7.96694	0.0136894	131.895	0.822618	0
7.97142	0.0138287	131.145	0.829079	0
7.96379	0.0136956	130.962	0.844382	0
7.98911	0.0136412	131.462	0.83282	0
7.97223	0.0135729	132.661	0.846082	0
7.96126	0.0140104	132.695	0.819897	0
7.95825	0.0133651	132.661	0.83248	0
7.94654	0.0141231	131.712	0.838601	0
7.95443	0.0140703	133.794	0.841661	0
7.95539	0.0141975	132.545	0.857644	0
7.95014	0.0135857	130.346	0.826699	0
7.94048	0.0135614	130.962	0.83554	0
7.92883	0.0136932	130.579	0.8318	0
7.95644	0.0132171	131.878	0.83588	0
7.99011	0.0142563	132.262	0.837241	0
7.96228	0.0140007	130.296	0.821938	0
7.94158	0.0140251	132.012	0.845062	0
7.96004	0.0139053	131.445	0.825678	0
7.96606	0.0141037	132.495	0.825338	0
7.9587	0.0141589	133.061	0.857304	0
7.96673	0.0138198	131.212	0.820577	0
7.97158	0.0134844	133.011	0.857644	0
7.96355	0.0142261	130.845	0.817857	0
7.94629	0.0136115	130.696	0.83588	0
7.93326	0.0136061	130.646	0.811396	0
7.94187	0.0137592	131.962	0.83452	0
7.96421	0.0140246	131.945	0.823978	0
7.97727	0.0135903	131.862	0.830099	0
7.95768	0.0136387	132.062	0.837241	0
7.95266	0.0137161	131.878	0.820917	0
7.95005	0.0137764	132.878	0.83656	0
7.95588	0.0136419	132.178	0.824998	0
7.97636	0.0138447	132.328	0.819897	0
7.98454	0.0137131	131.995	0.839621	0
7.98476	0.0135529	134.594	0.862745	0
7.9726	0.0137107	130.845	0.838941	0
7.94751	0.0136605	132.345	0.850503	0
7.9625	0.0137904	133.228	0.841661	0
7.98075	0.0138613	132.928	0.861725	0
7.97019	0.0139041	131.262	0.864786	0
7.96493	0.0137313	132.611	0.83248	0
7.98056	0.0137886	131.462	0.841321	0
7.98064	0.0137981	132.745	0.83282	0
7.96081	0.0137867	132.062	0.826699	0
7.96095	0.0137528	133.095	0.83384	0
7.9677	0.0140582	131.479	0.826699	0
7.96755	0.0137753	131.628	0.809695	0
7.96904	0.0138942	133.078	0.828739	0
7.96965	0.0139961	131.645	0.829759	0
7.96414	0.0141161	131.079	0.83214	0
7.97187	0.0138218	131.362	0.83384	0
7.97156	0.0138524	132.628	0.840641	0
7.96087	0.0136182	130.929	0.817517	0
7.96455	0.0138177	132.128	0.850503	0
7.97253	0.0137543	132.828	0.813436	0
7.98003	0.0138032	131.912	0.840641	0
7.96732	0.0137656	131.245	0.837921	0
7.94347	0.014042	132.795	0.855944	0
7.94307	0.0138043	131.579	0.839281	0
7.96016	0.0137715	131.529	0.828739	0
7.95412	0.0135589	130.162	0.820917	0
7.93352	0.0139432	130.812	0.821598	0
7.93679	0.0132426	131.495	0.857985	0
7.95104	0.0137444	132.895	0.83588	0
7.97768	0.0139965	132.112	0.826699	0
7.96638	0.014004	130.879	0.83214	0
7.95459	0.0137806	133.195	0.828739	0
7.96652	0.0134136	131.678	0.837581	0
7.94572	0.0139794	131.445	0.83656	0
7.9294	0.0134751	131.562	0.837581	0
7.95875	0.0135671	132.262	0.851183	0
7.94916	0.0137369	131.345	0.83214	0
7.94553	0.0138271	132.678	0.867506	0
7.96896	0.0140101	132.828	0.818197	0
7.96008	0.0135125	131.595	0.828739	0
7.96349	0.0141471	132.362	0.83384	0
7.97098	0.0139192	130.979	0.821938	0
7.96353	0.0138519	131.479	0.842682	0
7.96119	0.0138555	131.895	0.810035	0
7.94685	0.01328	131.762	0.838601	0
7.94309	0.0139493	132.028	0.855264	0
7.96925	0.013819	133.111	0.851523	0
7.97604	0.013775	131.795	0.818877	0
7.95873	0.0136365	131.978	0.847443	0
7.95147	0.0139974	133.361	0.860365	0
7.94378	0.0141085	131.029	0.823638	0
7.96674	0.0140111	132.095	0.828399	0
7.96296	0.0134266	132.362	0.8335	0
7.93087	0.0139432	132.345	0.842682	0
7.95367	0.0137878	132.945	0.83588	0
7.95358	0.0138902	131.529	0.843702	0
7.94655	0.013923	131.529	0.840301	0
7.96826	0.0137782	131.895	0.83452	0
7.96257	0.0136817	131.645	0.838261	0
7.94578	0.0136058	131.678	0.829759	0
7.96385	0.0140632	131.845	0.859685	0
7.9685	0.0138277	131.895	0.816497	0
7.94731	0.0142506	132.511	0.843022	0
7.9336	0.0135376	130.929	0.841661	0
7.94666	0.0142469	131.845	0.822958	0
7.95331	0.0138863	129.096	0.815476	0
7.94609	0.0137727	131.912	0.856964	0
7.95359	0.0140555	131.429	0.8352	0
7.96006	0.0140677	131.812	0.840301	0
7.95519	0.0138422	132.445	0.844722	0
7.95337	0.0138817	132.178	0.824998	0
7.96061	0.0139726	132.312	0.844722	0
7.95733	0.013871	130.662	0.831119	0
7.94932	0.0136595	133.128	0.852203	0
7.96454	0.0134985	133.628	0.8369	0
7.95519	0.0136669	131.595	0.842682	0
7.94197	0.0138255	132.095	0.827719	0
7.96598	0.0137317	132.528	0.828399	0
7.97185	0.0138666	132.078	0.838261	0
7.95064	0.0134535	132.095	0.846422	0
7.9407	0.0135759	131.495	0.838941	0
7.93232	0.0136703	130.512	0.840981	0
7.94354	0.013297	132.312	0.818877	0
7.98711	0.0137719	131.812	0.817857	0
7.97961	0.0137391	132.378	0.828399	0
7.94303	0.0137208	131.912	0.825338	0
7.96006	0.0136562	131.862	0.816157	0
7.97941	0.0137622	133.561	0.811056	0
7.95917	0.013706	131.662	0.812076	0
7.95002	0.0138534	133.611	0.837921	0
7.95227	0.0140138	131.595	0.838601	0
7.94472	0.0140219	132.478	0.821598	0
7.94393	0.0136008	131.295	0.824998	0
7.95408	0.0139849	131.245	0.844042	0
7.976	0.0141578	131.778	0.83588	0
7.96646	0.0140005	129.946	0.83316	0
7.95116	0.0136516	132.062	0.841661	0
7.97395	0.0136721	133.078	0.822958	0
7.96672	0.0135286	133.145	0.825338	0
7.94699	0.0139216	131.345	0.822618	0
7.97053	0.0140874	131.079	0.816837	0
7.99847	0.0138053	132.545	0.817517	0
7.97115	0.0137705	130.812	0.846762	0
7.95987	0.0138775	133.328	0.83588	0
7.99015	0.0138227	132.145	0.850163	0
7.97396	0.0141802	131.745	0.840301	0
7.95072	0.0140684	131.179	0.842001	0
7.95752	0.013617	131.978	0.829079	0
7.9626	0.013857	131.529	0.843702	0
7.94361	0.0140344	132.645	0.818877	0
7.95108	0.0139417	132.695	0.841661	0
7.97831	0.0134979	132.295	0.813436	0
7.96987	0.0135536	132.895	0.828399	0
7.95201	0.013838	133.478	0.830439	0
7.97045	0.0140431	133.511	0.83656	0
7.96736	0.0134253	133.028	0.8369	0
7.945	0.013335	131.162	0.829759	0
7.9457	0.0135971	132.312	0.830779	0
7.94507	0.0131467	131.462	0.855264	0
7.96623	0.0138574	132.461	0.845062	0
7.98826	0.0137968	134.211	0.848123	0
7.9799	0.0141166	131.712	0.822618	0
7.95975	0.0138938	132.395	0.818537	0
7.93809	0.0138272	131.062	0.846762	0
7.95072	0.0139375	132.511	0.849483	0
7.9685	0.0137145	131.762	0.838941	0
7.96985	0.0137109	132.678	0.856624	0
7.97812	0.0136049	131.079	0.810715	0
7.96228	0.0138728	132.761	0.848463	0
7.93717	0.013318	132.028	0.83282	0
7.95603	0.0134395	132.428	0.842342	0
7.94916	0.0137342	130.512	0.831119	0
7.93238	0.0133299	130.629	0.830439	0
7.96238	0.0137236	132.878	0.856964	0
7.98411	0.0138308	131.295	0.859685	0
7.95719	0.0136971	132.062	0.83316	0
7.9342	0.0134457	132.445	0.826358	0
7.94932	0.0134647	132.112	0.824998	0
7.96504	0.0137022	132.328	0.83282	0
7.93727	0.0135781	131.712	0.800173	0
7.93263	0.0138804	131.095	0.847102	0
7.96501	0.0136725	133.578	0.838601	0
7.96471	0.0135787	131.845	0.83622	0
7.95063	0.0136394	132.228	0.825338	0
7.93989	0.0138277	130.829	0.849143	0
7.94283	0.0136848	131.695	0.828739	0
7.96586	0.0137884	131.095	0.816837	0
7.97792	0.0137018	132.228	0.837921	0
7.96396	0.0138804	130.895	0.811056	0
7.9371	0.0136721	131.678	0.827039	0
7.95516	0.0133107	132.778	0.829079	0
7.98281	0.0139198	132.228	0.838941	0
7.95548	0.0137818	132.028	0.83214	0
7.93643	0.0135285	132.328	0.849483	0
7.95386	0.0137288	130.895	0.849143	0
7.94832	0.013639	131.745	0.830439	0
7.94509	0.0136263	134.794	0.83248	0
7.95024	0.0135515	131.262	0.83486	0
7.93229	0.0135855	129.763	0.825338	0
7.92296	0.0135093	132.045	0.841661	0
7.96192	0.0137207	132.078	0.83248	0
7.98261	0.0137265	130.479	0.841321	0
7.96235	0.0137748	132.045	0.843022	0
7.97589	0.0138045	131.912	0.841661	0
7.98226	0.0137188	133.128	0.819897	0
7.96271	0.0138331	132.145	0.824658	0
7.95828	0.0134886	132.811	0.837241	0
7.97124	0.0137695	132.945	0.815816	0
7.95671	0.0136746	133.978	0.846422	0
7.9404	0.0135455	131.978	0.827039	0
7.95037	0.0137393	131.479	0.840641	0
7.94438	0.0138659	130.712	0.842001	0
7.944	0.0136272	132.078	0.821938	0
7.95755	0.0137364	130.196	0.822618	0
7.95935	0.0137363	132.178	0.809015	0
7.96104	0.0133647	132.578	0.830439	0
7.95126	0.0135704	132.312	0.815476	0
7.95192	0.0137797	131.812	0.83486	0
7.9835	0.0139118	132.078	0.816497	0
7.97781	0.01362	131.695	0.801194	0
7.94642	0.0141273	131.295	0.8335	0
7.94457	0.0138783	131.195	0.8318	0
7.96017	0.0141351	132.678	0.829419	0
7.95846	0.0135093	132.661	0.823638	0
7.95975	0.0135851	131.312	0.856284	0
7.96291	0.0132527	131.579	0.83588	0
7.97336	0.0135598	131.512	0.818537	0
7.97409	0.0135709	129.663	0.826018	0
7.97045	0.0135674	132.528	0.857985	0
7.98363	0.0137598	132.778	0.844042	0
7.95303	0.0136928	132.678	0.846422	0
7.94529	0.0139674	130.612	0.843362	0
7.97145	0.0138375	130.762	0.837921	0
7.95604	0.0135172	131.628	0.821257	0
7.94316	0.0136176	132.312	0.831459	0
7.96332	0.0137196	131.845	0.816497	0
7.94667	0.0134788	131.479	0.824658	0
7.93833	0.0134774	131.978	0.8335	0
7.95079	0.0135846	130.945	0.838941	0
7.94034	0.0136452	132.678	0.827379	0
7.95142	0.0139605	129.446	0.8318	0
7.96496	0.0138022	131.828	0.852543	0
7.95398	0.013639	131.745	0.844382	0
7.95171	0.0137664	130.479	0.839961	0
7.95922	0.0134763	131.362	0.807995	0
7.97826	0.0138758	132.078	0.844722	0
7.9955	0.0136466	131.978	0.839621	0
7.96941	0.0136825	130.929	0.827039	0
7.95379	0.0138005	132.961	0.831119	0
7.97715	0.0137655	131.928	0.83656	0
7.97333	0.0140191	132.212	0.83554	0
7.96573	0.0137801	132.428	0.843362	0
7.98071	0.0139142	133.244	0.83656	0
7.96596	0.0134991	130.812	0.83486	0
7.957	0.0140474	133.244	0.845062	0
7.96067	0.0136308	132.228	0.823298	0
7.9555	0.0139241	130.296	0.825338	0
7.96704	0.0138135	130.729	0.826699	0
7.97013	0.0139868	133.344	0.818537	0
7.96606	0.0136261	131.862	0.810035	0
7.97204	0.0132758	131.595	0.83384	0
7.97085	0.0134951	132.145	0.844042	0
7.97812	0.0137579	132.245	0.844722	0
7.9668	0.0139171	130.629	0.839621	0
7.95773	0.0139996	131.095	0.856964	0
7.96744	0.0139399	132.328	0.837241	0
7.9519	0.0137638	130.829	0.807315	0
7.94812	0.0137367	130.962	0.8352	0
7.96564	0.0137659	129.946	0.837921	0
7.96276	0.0135702	130.279	0.829759	0
7.96864	0.0141465	132.745	0.849143	0
7.96356	0.0141605	132.828	0.842682	0
7.94972	0.0136031	130.845	0.843702	0
7.95664	0.0137766	131.778	0.840301	0
7.96229	0.013496	132.045	0.824658	0
7.97333	0.0139395	131.962	0.842682	0
7.98671	0.0137377	133.561	0.819217	0
7.99102	0.0137141	130.079	0.824318	0
7.96252	0.0136006	131.162	0.810375	0
7.94669	0.013541	132.745	0.829759	0
7.97623	0.0135309	130.429	0.823298	0
7.97451	0.0136656	131.195	0.827039	0
7.96768	0.0137788	131.795	0.83656	0
7.98173	0.0135407	131.712	0.828059	0
7.95486	0.0137639	132.295	0.841321	0
7.9491	0.0132747	132.278	0.826699	0
7.96721	0.0136974	131.245	0.816157	0
7.95268	0.013599	131.579	0.827719	0
7.94223	0.0135323	132.128	0.822278	0
7.95459	0.0135802	131.079	0.845742	0
7.96309	0.0137213	131.962	0.83656	0
7.96358	0.0137086	133.078	0.849143	0
7.94648	0.0133575	131.445	0.824318	0
7.94772	0.0136933	131.845	0.830099	0
7.95807	0.013768	131.212	0.858325	0
7.94299	0.0135604	132.162	0.83282	0
7.94298	0.0141143	131.162	0.828059	0
7.95748	0.0136167	130.845	0.826699	0
7.96809	0.0131724	131.945	0.828399	0
7.97709	0.0134357	131.579	0.830779	0
7.97609	0.0138784	132.378	0.813096	0
7.94348	0.0136018	130.629	0.827379	0
7.9393	0.0137596	131.845	0.830099	0
7.97602	0.0133429	132.578	0.820237	0
7.97164	0.0136186	132.278	0.842001	0
7.9534	0.01346	131.912	0.830779	0
7.96353	0.0133951	130.296	0.842342	0
7.95857	0.0136269	131.795	0.818537	0
7.95464	0.0136839	132.995	0.83486	0
7.96562	0.0136403	129.979	0.811736	0
7.95938	0.0140898	133.128	0.8369	0
7.95212	0.0135963	131.812	0.824658	0
7.95113	0.0140102	133.261	0.83248	0
7.9593	0.0139395	132.328	0.840981	0
7.97554	0.0138891	129.979	0.8369	0
7.96005	0.013879	131.479	0.841661	0
7.96502	0.014089	132.478	0.847783	0
7.97582	0.0139613	132.112	0.854924	0
7.95295	0.0139167	132.695	0.855944	0
7.94745	0.0138659	132.112	0.840301	0
7.96036	0.0136658	133.494	0.822618	0
7.96697	0.0136821	131.562	0.83486	0
7.97115	0.0139659	130.796	0.83248	0
7.95445	0.0137214	130.779	0.837241	0
7.94566	0.0136601	131.062	0.852203	0
7.9553	0.0133029	131.628	0.830099	0
7.96648	0.0134458	132.645	0.843702	0
7.96947	0.0140583	130.212	0.83554	0
7.96699	0.0137396	132.795	0.846082	0
7.97339	0.0135039	132.262	0.840981	0
7.98043	0.0133658	131.962	0.830099	0
7.97903	0.0138396	132.262	0.853224	0
7.96714	0.0134607	132.112	0.851183	0
7.97061	0.0136022	131.912	0.848123	0
7.97714	0.01383	131.045	0.837241	0
7.96542	0.0142501	130.529	0.8318	0
7.96193	0.0143054	131.762	0.83316	0
7.97014	0.0135584	131.029	0.828739	0
7.97141	0.0141339	132.745	0.861385	0
7.9708	0.0139069	131.762	0.853564	0
7.97528	0.0140274	131.045	0.840981	0
7.97601	0.0134224	132.128	0.821257	0
7.97864	0.0136534	130.579	0.809695	0
7.96821	0.0138888	131.529	0.83554	0
7.95366	0.0136084	131.345	0.853904	0
7.95847	0.0134096	131.728	0.825678	0
7.96418	0.0139505	131.928	0.812076	0
7.97521	0.0136328	132.528	0.812076	0
7.97639	0.013609	132.595	0.840301	0
7.97239	0.0140632	131.828	0.83384	0
7.97043	0.0136963	132.312	0.849483	0
7.95666	0.0139163	131.845	0.849143	0
7.97691	0.0137929	133.694	0.846082	0
7.99327	0.0138257	132.012	0.842682	0
7.97475	0.0139176	132.312	0.817857	0
7.96372	0.0138016	130.562	0.822278	0
7.96189	0.0133314	131.678	0.830099	0
7.96078	0.0133444	132.078	0.83554	0
7.96925	0.0133653	132.145	0.843362	0
7.95925	0.0135374	132.561	0.831459	0
7.95167	0.0134545	131.778	0.846762	0
7.96842	0.0136466	131.312	0.829759	0
7.9631	0.0133867	131.145	0.828739	0
7.96476	0.0137681	132.178	0.827379	0
7.98848	0.0138477	132.411	0.817857	0
7.97226	0.0138413	131.379	0.843362	0
7.96654	0.0137116	132.728	0.818537	0
7.99684	0.0135765	132.761	0.8335	0
7.99795	0.013509	131.928	0.827379	0
7.98669	0.0140541	133.328	0.839961	0
7.96372	0.0139715	132.112	0.840981	0
7.93735	0.0138316	130.729	0.8335	0
7.94957	0.0138044	132.678	0.819557	0
7.97812	0.0137614	132.112	0.853224	0
7.9719	0.0137355	133.228	0.841321	0
7.95755	0.0136582	131.845	0.822618	0
7.98242	0.0135143	130.995	0.83452	0
7.98804	0.0136337	132.595	0.839621	0
7.9614	0.0139204	131.429	0.827379	0
7.95677	0.014128	132.162	0.820577	0
7.96182	0.013307	130.962	0.842001	0
7.95437	0.0134779	131.095	0.830099	0
7.9403	0.0138657	130.895	0.83248	0
7.94316	0.0135882	132.811	0.815476	0
7.96114	0.0134919	132.345	0.820917	0
7.96727	0.0136193	132.328	0.842001	0
7.97381	0.0135334	132.278	0.826358	0
7.9748	0.0141255	130.796	0.822958	0
7.96847	0.0135944	131.479	0.83486	0
7.95913	0.013518	132.262	0.848123	0
7.97736	0.0136955	133.128	0.828739	0
7.97515	0.0136021	132.461	0.830779	0
7.94277	0.0134687	132.028	0.827039	0
7.9574	0.0134968	131.512	0.826699	0
7.95818	0.0135995	131.678	0.841661	0
7.93872	0.0137959	131.195	0.837581	0
7.95633	0.0136265	132.628	0.821257	0
7.97081	0.01406	132.028	0.804934	0
7.96701	0.0133452	131.412	0.828059	0
7.96488	0.013558	131.995	0.830439	0
7.97253	0.0136291	130.812	0.848123	0
7.96228	0.0136333	131.029	0.849143	0
7.9461	0.0134066	131.395	0.822618	0
7.96436	0.0134041	130.712	0.828399	0
7.97118	0.0136259	131.512	0.824998	0
7.94558	0.013925	131.129	0.840981	0
7.96416	0.0135469	132.978	0.856624	0
7.99389	0.0138232	131.245	0.852543	0
7.96702	0.0138663	131.162	0.823978	0
7.95229	0.0138013	132.112	0.842001	0
7.95287	0.0137088	131.928	0.824318	0
7.93888	0.0138401	130.462	0.83588	0
7.96598	0.0136697	132.728	0.856624	0
7.99246	0.013613	131.628	0.827719	0
7.96413	0.013556	131.728	0.849483	0
7.96558	0.013999	132.645	0.828399	0
7.98657	0.0138093	132.128	0.843022	0
7.95374	0.0137285	130.579	0.826358	0
7.91637	0.0135633	131.612	0.840641	0
7.9519	0.0140418	131.645	0.826358	0
7.97872	0.0137498	132.245	0.8352	0
7.96473	0.0140998	132.661	0.842682	0
7.95312	0.0142377	130.129	0.842001	0
7.94938	0.0138081	132.595	0.827719	0
7.94809	0.0140593	130.379	0.838601	0
7.96834	0.013607	133.994	0.815476	0
7.98032	0.0135807	132.611	0.843702	0
7.95546	0.0139214	131.029	0.852884	0
7.96417	0.0137899	131.245	0.83656	0
7.98819	0.0137952	132.845	0.848463	0
7.97256	0.0137371	130.296	0.829759	0
7.95979	0.0133929	131.429	0.838601	0
7.96641	0.0133886	130.979	0.805274	0
7.96708	0.0137806	132.845	0.83588	0
7.96107	0.0136176	131.762	0.8335	0
7.95228	0.0137068	130.396	0.807995	0
7.9466	0.0136465	132.262	0.860365	0
7.97388	0.013537	133.211	0.843022	0
8.00489	0.0139395	131.745	0.828739	0
7.9785	0.0136737	131.462	0.838601	0
7.95421	0.0136869	132.178	0.844722	0
7.9608	0.0134666	130.362	0.83282	0
7.97313	0.0138573	131.279	0.83248	0
7.96973	0.0138416	132.811	0.848123	0
7.96479	0.0135692	131.395	0.837921	0
7.97433	0.0136877	133.328	0.850163	0
7.96435	0.0136005	131.628	0.809355	0
7.95388	0.0136343	131.179	0.855604	0
7.98398	0.0137515	131.812	0.838941	0
7.9714	0.013772	130.279	0.814116	0
7.9461	0.0139048	131.129	0.822618	0
7.99057	0.0139058	133.494	0.83384	0
8.00536	0.0137771	131.579	0.852543	0
7.98493	0.0139792	132.678	0.840301	0
7.98916	0.0138	130.895	0.846082	0
7.98457	0.013838	132.028	0.842342	0
7.9822	0.0137648	132.428	0.852884	0
7.98643	0.0139253	131.878	0.837581	0
7.99553	0.0139407	131.295	0.825338	0
7.97695	0.0136008	131.778	0.844382	0
7.96658	0.0138577	133.145	0.825678	0
7.97339	0.0134484	131.495	0.828399	0
7.96717	0.013781	133.244	0.83656	0
7.97493	0.0135647	133.078	0.831459	0
7.96583	0.0137107	131.678	0.826358	0
7.95321	0.0135678	130.379	0.83316	0
7.98087	0.0137293	131.229	0.846422	0
8.00077	0.0137286	131.862	0.828399	0
7.96718	0.0137216	131.695	0.845062	0
7.95321	0.0134999	131.962	0.828399	0
7.97287	0.0140068	131.195	0.841321	0
7.95273	0.0141618	130.746	0.827379	0
7.94734	0.0138723	131.995	0.842001	0
7.99031	0.0137907	133.128	0.853564	0
7.97928	0.0138196	130.779	0.811396	0
7.94655	0.0137577	131.045	0.847443	0
7.95591	0.0139383	131.995	0.862745	0
7.97437	0.0138679	132.078	0.814796	0
7.96495	0.0141115	131.229	0.831459	0
7.95811	0.0138031	132.178	0.842682	0
7.96872	0.0137531	131.179	0.847102	0
7.97189	0.0140026	131.329	0.807995	0
7.96521	0.0138175	132.162	0.822958	0
7.98204	0.0140152	131.045	0.818197	0
7.99382	0.0134908	132.212	0.822958	0
7.9773	0.0137638	133.011	0.851523	0
7.96742	0.0139184	132.028	0.83214	0
7.95074	0.0136221	132.028	0.828059	0
7.94078	0.0138294	131.545	0.83588	0
7.97398	0.0137541	132.378	0.837581	0
7.99591	0.0140621	133.361	0.844382	0
7.98226	0.0136588	131.695	0.808335	0
7.97252	0.0136761	133.511	0.824998	0
7.97134	0.0134785	132.461	0.83452	0
7.96837	0.0138472	130.879	0.840981	0
7.97724	0.0136439	131.895	0.856624	0
7.98234	0.0138137	132.728	0.83452	0
7.97261	0.0138921	131.462	0.840301	0
7.98828	0.0136447	132.928	0.843362	0
8.00482	0.0136027	132.145	0.838261	0
7.97311	0.0135844	132.012	0.817517	0
7.97022	0.0134162	132.545	0.849823	0
7.98757	0.0133612	131.978	0.827379	0
7.97268	0.01385	132.362	0.857644	0
7.97717	0.013721	131.495	0.838941	0
7.9736	0.0138597	132.478	0.803574	0
7.958	0.0136133	132.295	0.828059	0
7.98211	0.0135538	132.095	0.822958	0
8.00813	0.0139454	131.279	0.838941	0
7.98808	0.0136861	131.179	0.83214	0
7.977	0.0137474	133.328	0.837241	0
7.98536	0.0135366	131.029	0.822958	0
7.9726	0.0133169	130.379	0.820917	0
7.961	0.0132804	131.212	0.837921	0
7.97256	0.0135288	131.728	0.83554	0
7.98064	0.0133308	131.795	0.837581	0
7.98942	0.0135463	133.761	0.83588	0
7.99074	0.0137481	131.978	0.848803	0
7.967	0.0138282	130.712	0.841321	0
7.95287	0.013979	131.445	0.825678	0
7.97255	0.0136855	131.512	0.842001	0
7.96763	0.0139873	131.878	0.826018	0
7.95277	0.0137747	131.512	0.829759	0
7.97294	0.0136741	131.645	0.829419	0
7.98628	0.0138026	132.012	0.831459	0
7.95987	0.0139945	130.429	0.849143	0
7.94838	0.0140709	133.045	0.83656	0
7.96568	0.01399	129.846	0.831119	0
7.9677	0.0133065	132.995	0.810035	0
7.96333	0.0134405	131.379	0.828739	0
7.97253	0.013367	131.912	0.83554	0
7.96318	0.0136232	131.895	0.837921	0
7.9558	0.0137619	130.895	0.83214	0
7.97388	0.0138345	131.562	0.841321	0
7.97903	0.0139436	132.528	0.854244	0
7.97691	0.0137277	132.045	0.822958	0
7.98065	0.0138422	130.196	0.816837	0
7.99036	0.0136646	131.595	0.849483	0
7.99514	0.0139561	133.211	0.853564	0
7.97714	0.0142375	132.045	0.828739	0
7.96805	0.0137635	132.245	0.840641	0
7.99906	0.0141485	130.829	0.824318	0
7.99521	0.0136538	133.095	0.828399	0
7.98297	0.013501	133.311	0.8369	0
7.99879	0.0139513	131.362	0.818877	0
7.9803	0.0139582	131.628	0.842682	0
7.96448	0.0138877	132.811	0.83656	0
7.98115	0.0140787	130.995	0.845402	0
7.98198	0.0139957	132.695	0.838941	0
7.9569	0.013796	130.612	0.855604	0
7.94739	0.0135747	130.845	0.838261	0
7.97099	0.0137692	132.678	0.838941	0
7.98558	0.0138004	132.045	0.829419	0
7.97016	0.0136833	129.929	0.846762	0
7.9548	0.0138098	132.278	0.841661	0
7.97926	0.0136962	132.478	0.844382	0
7.98555	0.0138561	132.262	0.819217	0
7.96111	0.0138335	132.811	0.83316	0
7.98551	0.0136387	133.128	0.838261	0
8.00428	0.0139578	132.028	0.827719	0
7.97367	0.0136568	130.629	0.850163	0
7.95611	0.0134367	129.496	0.839961	0
7.96194	0.0134797	132.295	0.849143	0
7.97155	0.0136817	131.545	0.83554	0
7.96935	0.0140368	130.546	0.842342	0
7.95591	0.0136913	131.345	0.83656	0
7.97063	0.0139898	132.395	0.838261	0
7.98077	0.0136051	131.529	0.849483	0
7.95101	0.0135864	131.912	0.840641	0
7.9496	0.0136929	131.379	0.826018	0
7.97829	0.0133978	130.796	0.838261	0
7.97815	0.0137631	131.062	0.843362	0
7.96207	0.0137793	132.095	0.847443	0
0	0	0	0	0
0	0	0	0	0
0	0	0	0	0
0	0	0	0	0
0	0	0	0	0
0	0	0	0	0
0	0	0	0	0
0	0	0	0	0
0	0	0	0	0
0	0	0	0	0
0	0	0	0	0
0	0	0	0	0
0	0	0	0	0
0	0	0	0	0
0	0	0	0	0
0	0	0	0	0
0	0	0	0	0
0	0	0	0	0
0	0	0	0	0
0	0	0	0	0
0	0	0	0	0
0	0	0	0	0
0	0	0	0	0
0	0	0	0	0
0	0	0	0	0
0	0	0	0	0
0	0	0	0	0
0	0	0	0	0
0	0	0	0	0
0	0	0	0	0
0	0	0	0	0
0	0	0	0	0
0	0	0	0	0
0	0	0	0	0
0	0	0	0	0
0	0	0	0	0
0	0	0	0	0
0	0	0	0	0
0	0	0	0	0
0	0	0	0	0
0	0	0	0	0
0	0	0	0	0
0	0	0	0	0
0	0	0	0	0
0	0	0	0	0
0	0	0	0	0
0	0	0	0	0
0	0	0	0	0
0	0	0	0	0
0	0	0	0	0
0	0	0	0	0
0	0	0	0	0
0	0	0	0	0
0	0	0	0	0
0	0	0	0	0
0	0	0	0	0
0	0	0	0	0
0	0	0	0	0
0	0	0	0	0
0	0	0	0	0
0	0	0	0	0
0	0	0	0	0
0	0	0	0	0
0	0	0	0	0
0	0	0	0	0
0	0	0	0	0
0	0	0	0	0
0	0	0	0	0
0	0	0	0	0
0	0	0	0	0
0	0	0	0	0
0	0	0	0	0
0	0	0	0	0
0	0	0	0	0
0	0	0	0	0
0	0	0	0	0
0	0	0	0	0
0	0	0	0	0
0	0	0	0	0
0	0	0	0	0
0	0	0	0	0
0	0	0	0	0
0	0	0	0	0
0	0	0	0	0
0	0	0	0	0
0	0	0	0	0
0	0	0	0	0
0	0	0	0	0
0	0	0	0	0
0	0	0	0	0
0	0	0	0	0
0	0	0	0	0
0	0	0	0	0
0	0	0	0	0
0	0	0	0	0
0	0	0	0	0
0	0	0	0	0
0	0	0	0	0
0	0	0	0	0
0	0	0	0	0
0	0	0	0	0
0	0	0	0	0
0	0	0	0	0
0	0	0	0	0
0	0	0	0	0
0	0	0	0	0
0	0	0	0	0
0	0	0	0	0
0	0	0	0	0
0	0	0	0	0
0	0	0	0	0
0	0	0	0	0
0	0	0	0	0
0	0	0	0	0
0	0	0	0	0
0	0	0	0	0
0	0	0	0	0
0	0	0	0	0
0	0	0	0	0
0	0	0	0	0
0	0	0	0	0
0	0	0	0	0
0	0	0	0	0
0	0	0	0	0
0	0	0	0	0
0	0	0	0	0
0	0	0	0	0
0	0	0	0	0
0	0	0	0	0
0	0	0	0	0
0	0	0	0	0
0	0	0	0	0
0	0	0	0	0
0	0	0	0	0
0	0	0	0	0
0	0	0	0	0
0	0	0	0	0
0	0	0	0	0
0	0	0	0	0
0	0	0	0	0
0	0	0	0	0
0	0	0	0	0
0	0	0	0	0
0	0	0	0	0
0	0	0	0	0
0	0	0	0	0
0	0	0	0	0
0	0	0	0	0
0	0	0	0	0
0	0	0	0	0
0	0	0	0	0
0	0	0	0	0
0	0	0	0	0
0	0	0	0	0
0	0	0	0	0
0	0	0	0	0
0	0	0	0	0
0	0	0	0	0
0	0	0	0	0
0	0	0	0	0
0	0	0	0	0
0	0	0	0	0
0	0	0	0	0
0	0	0	0	0
0	0	0	0	0
0	0	0	0	0
0	0	0	0	0
0	0	0	0	0
0	0	0	0	0
0	0	0	0	0
0	0	0	0	0
0	0	0	0	0
0	0	0	0	0
0	0	0	0	0
0	0	0	0	0
0	0	0	0	0
0	0	0	0	0
0	0	0	0	0
0	0	0	0	0
0	0	0	0	0
0	0	0	0	0
0	0	0	0	0
0	0	0	0	0
0	0	0	0	0
0	0	0	0	0
0	0	0	0	0
0	0	0	0	0
0	0	0	0	0
0	0	0	0	0
0	0	0	0	0
0	0	0	0	0
0	0	0	0	0
0	0	0	0	0
0	0	0	0	0
0	0	0	0	0
0	0	0	0	0
0	0	0	0	0
0	0	0	0	0
0	0	0	0	0
0	0	0	0	0
0	0	0	0	0
0	0	0	0	0
0	0	0	0	0
0	0	0	0	0
0	0	0	0	0
0	0	0	0	0
0	0	0	0	0
0	0	0	0	0
0	0	0	0	0
0	0	0	0	0
0	0	0	0	0
0	0	0	0	0
0	0	0	0	0
0	0	0	0	0
0	0	0	0	0
0	0	0	0	0
0	0	0	0	0
0	0	0	0	0
0	0	0	0	0
0	0	0	0	0
0	0	0	0	0
0	0	0	0	0
0	0	0	0	0
0	0	0	0	0
0	0	0	0	0
0	0	0	0	0
0	0	0	0	0
0	0	0	0	0
0	0	0	0	0
0	0	0	0	0
0	0	0	0	0
0	0	0	0	0
0	0	0	0	0
0	0	0	0	0
0	0	0	0	0
0	0	0	0	0
0	0	0	0	0
0	0	0	0	0
0	0	0	0	0
0	0	0	0	0
0	0	0	0	0
0	0	0	0	0
0	0	0	0	0
0	0	0	0	0
0	0	0	0	0
0	0	0	0	0
0	0	0	0	0
0	0	0	0	0
0	0	0	0	0
0	0	0	0	0
0	0	0	0	0
0	0	0	0	0
0	0	0	0	0
0	0	0	0	0
0	0	0	0	0
0	0	0	0	0
0	0	0	0	0
0	0	0	0	0
0	0	0	0	0
0	0	0	0	0
0	0	0	0	0
0	0	0	0	0
0	0	0	0	0
0	0	0	0	0
0	0	0	0	0
0	0	0	0	0
0	0	0	0	0
0	0	0	0	0
0	0	0	0	0
0	0	0	0	0
0	0	0	0	0
0	0	0	0	0
0	0	0	0	0
0	0	0	0	0
0	0	0	0	0
0	0	0	0	0
0	0	0	0	0
0	0	0	0	0
0	0	0	0	0
0	0	0	0	0
0	0	0	0	0
0	0	0	0	0
0	0	0	0	0
0	0	0	0	0
0	0	0	0	0
0	0	0	0	0
0	0	0	0	0
0	0	0	0	0
0	0	0	0	0
0	0	0	0	0
0	0	0	0	0
0	0	0	0	0
0	0	0	0	0
0	0	0	0	0
0	0	0	0	0
0	0	0	0	0
0	0	0	0	0
0	0	0	0	0
0	0	0	0	0
0	0	0	0	0
0	0	0	0	0
0	0	0	0	0
0	0	0	0	0
0	0	0	0	0
0	0	0	0	0
0	0	0	0	0
0	0	0	0	0
0	0	0	0	0
0	0	0	0	0
0	0	0	0	0
0	0	0	0	0
0	0	0	0	0
0	0	0	0	0
0	0	0	0	0
0	0	0	0	0
0	0	0	0	0
0	0	0	0	0
0	0	0	0	0
0	0	0	0	0
0	0	0	0	0
0	0	0	0	0
0	0	0	0	0
0	0	0	0	0
0	0	0	0	0
0	0	0	0	0
0	0	0	0	0
0	0	0	0	0
0	0	0	0	0
0	0	0	0	0
0	0	0	0	0
0	0	0	0	0
0	0	0	0	0
0	0	0	0	0
0	0	0	0	0
0	0	0	0	0
0	0	0	0	0
0	0	0	0	0
0	0	0	0	0
0	0	0	0	0
0	0	0	0	0
0	0	0	0	0
0	0	0	0	0
0	0	0	0	0
0	0	0	0	0
0	0	0	0	0
0	0	0	0	0
0	0	0	0	0
0	0	0	0	0
0	0	0	0	0
0	0	0	0	0
0	0	0	0	0
0	0	0	0	0
0	0	0	0	0
0	0	0	0	0
0	0	0	0	0
0	0	0	0	0
0	0	0	0	0
0	0	0	0	0
0	0	0	0	0
0	0	0	0	0
0	0	0	0	0
0	0	0	0	0
0	0	0	0	0
0	0	0	0	0
0	0	0	0	0
0	0	0	0	0
0	0	0	0	0
0	0	0	0	0
0	0	0	0	0
0	0	0	0	0
0	0	0	0	0
0	0	0	0	0
0	0	0	0	0
0	0	0	0	0
0	0	0	0	0
0	0	0	0	0
0	0	0	0	0
0	0	0	0	0
0	0	0	0	0
0	0	0	0	0
0	0	0	0	0
0	0	0	0	0
0	0	0	0	0
0	0	0	0	0
0	0	0	0	0
0	0	0	0	0
0	0	0	0	0
0	0	0	0	0
0	0	0	0	0
0	0	0	0	0
0	0	0	0	0
0	0	0	0	0
0	0	0	0	0
0	0	0	0	0
0	0	0	0	0
0	0	0	0	0
0	0	0	0	0
0	0	0	0	0
0	0	0	0	0
0	0	0	0	0
