a2610909.050188
Narit-cm 09/01/2026 08:35:00 09/01/2026 09:05:01 0045 0013.384714 0052.542598 00.0 00.0
0002401 0010 0000000 0010 05 0000000 0010 0000000 0010
1 0 1 01600 1 0000 3.75 00000.o 0 0 01 000 16 002401 0.500 BT0
1 2 1 02000 1 0000 3.75 00000.o 0 0 01 000 16 002401 0.500 S2A0
1 1 1 01600 1 0000 3.75 00000.o 0 0 00 000 00 002401 3.1746 BC0
1 3 1 02000 1 0000 3.75 00000.o 0 0 00 000 00 002401 3.1746 S2P0
1 5 0 01600 0 0000 1.00 00000.o 0 0 00 000 00 000000 0.000 OF0
0.000 .o Analog 0 	0.000 .o Analog StErr 0 	0.000 .o Photon Counting 0 	0.000 .o PC StErr 0 	0.000 .o Overflow Info 0 
35.6468	0.175062	179.942	0.872947	0
77.3128	0.43838	191.254	0.874648	0
288.561	2.24101	98.6256	1.31095	0
473.772	0.0380103	0.233236	0.0622319	0
473.457	0	0	0	0
473.457	0	6.59725	0.36319	0
473.457	9.01586E-6	82.0325	0.963405	0
473.457	1.42048E-5	23.8734	0.707336	0
473.457	9.01586E-6	6.14744	0.333264	0
473.457	6.3565E-6	20.6914	0.568929	0
473.457	0	65.6393	0.901853	0
473.457	0	135.577	1.02156	0
473.457	6.3565E-6	158.217	0.98925	0
473.457	6.3565E-6	108.172	0.978028	0
473.457	0	73.586	0.881109	0
473.457	0	69.2378	0.842342	0
473.457	0	77.3844	0.892671	0
473.457	6.3565E-6	87.1137	0.88587	0
473.457	0	92.778	0.896412	0
473.457	0	104.207	0.901173	0
473.457	0	124.298	0.941301	0
473.457	0	151.837	0.889951	0
473.457	6.3565E-6	172.245	0.900153	0
473.457	0	187.389	0.896072	0
473.457	6.3565E-6	195.668	0.878388	0
473.457	0	197.351	0.872267	0
473.457	0	199.034	0.896752	0
473.457	0	197.618	0.877708	0
473.457	0	195.802	0.882469	0
473.665	0.0384756	195.918	0.88893	1
484.867	0.241862	194.669	0.867846	1
498.907	0.100191	197.068	0.876008	1
499.932	0.0254061	193.886	0.868527	1
500	0	194.286	0.866486	1
500	0	193.486	0.873628	1
500	0	193.203	0.872607	1
498.643	0.0857096	195.319	0.879749	1
480.223	0.332358	193.853	0.882809	1
445.2	0.424326	193.469	0.880089	1
410.845	0.416739	193.569	0.872607	1
378.401	0.417982	193.936	0.857985	0
345.688	0.422567	192.853	0.877028	0
314.398	0.410171	194.319	0.844722	0
284.021	0.397152	192.32	0.870567	0
254.51	0.385388	191.387	0.865126	0
226.475	0.379406	194.152	0.842001	0
199.224	0.388548	194.952	0.858325	0
172.79	0.405113	193.719	0.854244	0
146.712	0.413145	193.803	0.876688	0
121.235	0.411528	193.769	0.88621	0
98.8162	0.389392	194.586	0.876348	0
80.0607	0.354562	194.252	0.863426	0
64.4004	0.319932	194.502	0.862745	0
52.0179	0.281531	192.87	0.862745	0
42.6611	0.237032	190.82	0.858325	0
35.7419	0.195197	189.304	0.874308	0
30.7538	0.16055	189.438	0.852884	0
27.1837	0.128445	188.155	0.856624	0
24.5712	0.0957884	186.356	0.851183	0
22.6819	0.0678459	184.99	0.840981	0
21.4484	0.0519907	183.374	0.843702	0
20.6063	0.0442095	183.94	0.849143	0
19.9579	0.0401834	181.858	0.852884	0
19.4435	0.0366748	180.791	0.838601	0
18.9938	0.0349111	179.375	0.847102	0
18.6109	0.0335225	179.175	0.853904	0
18.2982	0.0313826	178.209	0.856624	0
18.0378	0.0307008	177.143	0.8352	0
17.7728	0.0306462	175.26	0.858665	0
17.5404	0.0297759	175.677	0.841661	0
17.3292	0.0288031	172.045	0.866146	0
17.1055	0.0282331	173.428	0.846422	0
16.9216	0.0281165	173.494	0.846762	0
16.7617	0.0280533	171.612	0.841661	0
16.6213	0.0274522	171.579	0.827719	0
16.4949	0.0282309	168.663	0.846082	0
16.3544	0.0274263	170.362	0.842342	0
16.2441	0.0274089	170.862	0.844382	0
16.1529	0.026761	170.012	0.829079	0
16.0628	0.0272496	169.646	0.838261	0
15.9691	0.0272629	167.78	0.871587	0
15.8768	0.0266906	169.896	0.866146	0
15.813	0.0265073	169.729	0.850503	0
15.7086	0.0256838	166.847	0.83588	0
15.593	0.0262931	167.68	0.824998	0
15.5574	0.0263624	167.247	0.854244	0
15.5549	0.0266376	165.798	0.849483	0
15.4979	0.0255442	166.531	0.840641	0
15.4112	0.0256635	167.097	0.849483	0
15.3399	0.0258262	167.297	0.852884	0
15.2831	0.0253409	166.597	0.854584	0
15.274	0.0253792	167.297	0.83622	0
15.2756	0.0249506	165.631	0.827379	0
15.2409	0.0251203	166.547	0.850163	0
15.2009	0.0247162	166.131	0.848123	0
15.2307	0.024718	165.398	0.838601	0
15.2054	0.0246928	165.148	0.841321	0
15.0912	0.0245715	165.131	0.829419	0
15.0776	0.0248337	165.414	0.829419	0
15.0854	0.0247501	165.364	0.863426	0
15.0388	0.0251524	164.781	0.838941	0
15.0496	0.0248784	165.731	0.847443	0
15.0546	0.0243472	164.315	0.83384	0
15.0243	0.0242916	165.381	0.823638	0
15.0066	0.0246134	166.097	0.827719	0
14.9373	0.0240853	163.432	0.817857	0
14.8169	0.0234541	163.249	0.852543	0
14.7382	0.0239251	163.182	0.8369	0
14.6038	0.0243685	163.382	0.863766	0
14.4049	0.0234146	164.815	0.830099	0
14.3327	0.0233502	161.866	0.829759	0
14.3445	0.0232818	163.399	0.841321	0
14.2682	0.0236033	161.949	0.839621	0
14.1882	0.0229891	161.233	0.829079	0
14.1706	0.0223505	162.032	0.821598	0
14.1186	0.0228373	162.216	0.854924	0
14.0751	0.0230945	161.949	0.860365	0
14.0502	0.0227876	162.116	0.837241	0
14.0293	0.0227766	160.8	0.854244	0
14.0126	0.0225631	163.299	0.841321	0
13.9795	0.0223792	160.683	0.8318	0
13.9466	0.0227964	161.599	0.838261	0
13.9279	0.0222488	160.566	0.8318	0
13.8749	0.0222398	161.566	0.823638	0
13.8152	0.022087	161.1	0.865466	0
13.7813	0.0221101	160.833	0.823638	0
13.7713	0.0220888	160.9	0.844042	0
13.7425	0.0219775	161.216	0.844382	0
13.6799	0.0223843	161.933	0.831459	0
13.6303	0.022108	160.367	0.863086	0
13.6137	0.0217106	161.366	0.828739	0
13.6007	0.0211573	160.15	0.853564	0
13.5485	0.0214799	159.284	0.857304	0
13.5006	0.0218657	160.583	0.852203	0
13.4709	0.0215565	159.167	0.857985	0
13.399	0.0210184	158.051	0.83248	0
13.3694	0.0213475	160.85	0.824998	0
13.3596	0.021158	158.117	0.840981	0
13.2941	0.0211818	159.367	0.83384	0
13.2563	0.0212916	159.767	0.823638	0
13.1996	0.0216977	156.968	0.830439	0
13.1417	0.0214204	158.151	0.844382	0
13.1384	0.0206583	157.784	0.847102	0
13.079	0.0200295	157.734	0.8318	0
12.9814	0.0205605	157.951	0.845402	0
12.9336	0.0204788	156.601	0.853224	0
12.9208	0.0206622	157.284	0.849143	0
12.8839	0.0207319	156.435	0.838941	0
12.8116	0.0205918	158.151	0.83622	0
12.7561	0.0202726	155.485	0.845742	0
12.7109	0.0198104	155.685	0.823978	0
12.6881	0.0199075	156.152	0.841661	0
12.6243	0.0191612	156.052	0.837921	0
12.5535	0.0199341	156.118	0.840641	0
12.5548	0.0193569	155.552	0.83418	0
12.5046	0.0199243	155.768	0.822958	0
12.427	0.0196844	154.885	0.831119	0
12.3901	0.0194314	154.852	0.823978	0
12.36	0.0197781	157.318	0.83316	0
12.3357	0.019577	155.135	0.8352	0
12.2926	0.0193804	154.519	0.83656	0
12.2466	0.0189178	153.969	0.850843	0
12.2196	0.0197456	153.769	0.822278	0
12.1462	0.0190037	153.336	0.839961	0
12.0922	0.0185452	152.153	0.852203	0
12.0695	0.0189807	154.736	0.838941	0
12.0299	0.0189952	152.387	0.856624	0
11.9896	0.0188023	153.12	0.83622	0
11.9423	0.018733	153.353	0.820917	0
11.8873	0.0183405	152.62	0.837581	0
11.8576	0.0185409	153.286	0.815816	0
11.8207	0.0188195	152.003	0.819217	0
11.7784	0.0186595	152.37	0.856624	0
11.77	0.0185148	151.17	0.856624	0
11.7452	0.0183023	154.419	0.83316	0
11.7128	0.0186246	152.42	0.822618	0
11.7025	0.0186545	150.021	0.830439	0
11.6398	0.0183603	150.687	0.83452	0
11.5863	0.0182131	151.603	0.83248	0
11.5828	0.018604	150.854	0.83622	0
11.5661	0.0185655	151.72	0.826018	0
11.5067	0.0183959	150.87	0.838601	0
11.4576	0.0178836	150.82	0.845742	0
11.449	0.0177649	150.037	0.830099	0
11.416	0.0171267	150.404	0.828739	0
11.3685	0.0180947	149.821	0.821257	0
11.3412	0.0175734	149.105	0.830439	0
11.313	0.017544	150.587	0.845402	0
11.2921	0.0178761	149.838	0.83452	0
11.2883	0.0176392	150.937	0.849823	0
11.2605	0.0179136	147.455	0.839961	0
11.2166	0.0174864	149.538	0.828739	0
11.2034	0.0171517	149.571	0.814796	0
11.1862	0.0177088	149.088	0.850163	0
11.1534	0.0174664	148.471	0.829079	0
11.1246	0.017299	147.655	0.810375	0
11.0707	0.0173929	148.471	0.845402	0
11.0382	0.0176198	147.239	0.845742	0
11.0536	0.0171382	147.472	0.823298	0
11.034	0.0174829	148.138	0.843022	0
11.0081	0.0172335	149.204	0.838261	0
10.9861	0.0175652	148.022	0.83248	0
10.9664	0.0172656	150.337	0.820237	0
10.9744	0.0172251	148.521	0.83622	0
10.9458	0.0173121	148.621	0.857304	0
10.8968	0.0173138	146.022	0.837241	0
10.8633	0.0168042	146.572	0.806635	0
10.8494	0.0172859	146.805	0.811056	0
10.852	0.0169453	146.339	0.841661	0
10.8457	0.0174797	146.606	0.8318	0
10.8158	0.0171183	146.706	0.818877	0
10.7771	0.017323	147.255	0.823298	0
10.7736	0.0169683	146.706	0.8335	0
10.7667	0.0169322	145.339	0.829419	0
10.7105	0.0168412	146.056	0.829419	0
10.6866	0.0166304	145.989	0.827039	0
10.6973	0.0168962	145.823	0.83554	0
10.6934	0.0171404	146.489	0.83384	0
10.6685	0.0169139	145.523	0.838601	0
10.629	0.0164286	146.322	0.83282	0
10.6326	0.0173391	144.49	0.8318	0
10.6378	0.0168429	145.973	0.826699	0
10.6126	0.0168291	144.89	0.849483	0
10.577	0.0163989	144.973	0.838261	0
10.5835	0.0165344	146.022	0.838601	0
10.5788	0.0168191	144.856	0.846422	0
10.5398	0.016637	145.273	0.8352	0
10.542	0.0163188	145.789	0.839281	0
10.5177	0.0165342	144.04	0.8318	0
10.4697	0.0166052	145.04	0.840981	0
10.4949	0.0165135	144.007	0.83316	0
10.5093	0.0168045	145.023	0.823978	0
10.468	0.0167137	142.99	0.839961	0
10.4541	0.0160814	146.006	0.83486	0
10.4716	0.016569	143.64	0.846422	0
10.4395	0.0167232	144.157	0.848803	0
10.4179	0.0163511	145.006	0.838601	0
10.4154	0.0161968	143.24	0.837581	0
10.4114	0.0164174	144.506	0.8318	0
10.4256	0.0165919	143.09	0.819217	0
10.4056	0.016393	144.257	0.83452	0
10.3673	0.0161678	144.357	0.839281	0
10.3736	0.0169461	144.09	0.83248	0
10.3873	0.0168295	144.373	0.829079	0
10.3749	0.0166573	143.357	0.824998	0
10.3631	0.0166619	143.057	0.8335	0
10.3607	0.0160163	144.656	0.848463	0
10.3471	0.0166394	145.423	0.818537	0
10.3508	0.0161219	143.99	0.83214	0
10.3445	0.0166627	142.191	0.826699	0
10.313	0.0163285	144.09	0.8335	0
10.3159	0.0164449	145.273	0.826358	0
10.311	0.0161864	143.907	0.827379	0
10.2901	0.0158817	144.157	0.826699	0
10.292	0.0164922	144.506	0.840301	0
10.2792	0.0165712	143.707	0.821598	0
10.2483	0.0162148	143.673	0.848463	0
10.2732	0.016459	142.591	0.843362	0
10.2999	0.0160843	142.624	0.847102	0
10.2587	0.01613	142.707	0.854584	0
10.241	0.0161275	144.99	0.840981	0
10.2534	0.0162679	142.89	0.844722	0
10.233	0.0161453	141.874	0.823298	0
10.2208	0.0162617	142.807	0.83282	0
10.2363	0.0159794	142.407	0.83248	0
10.2292	0.0162458	143.04	0.83282	0
10.2233	0.0163313	142.307	0.821257	0
10.2161	0.0160227	142.757	0.827379	0
10.2021	0.0161504	141.941	0.820577	0
10.2087	0.0161737	143.94	0.83622	0
10.2069	0.0160779	142.741	0.83588	0
10.1942	0.0169544	143.973	0.852203	0
10.1856	0.016031	142.207	0.813776	0
10.1898	0.0160281	143.274	0.824998	0
10.1846	0.0160878	142.707	0.843362	0
10.1435	0.0159738	142.924	0.831459	0
10.1364	0.0162517	143.923	0.838601	0
10.1516	0.0164432	141.891	0.826358	0
10.1493	0.0158242	142.474	0.837921	0
10.1598	0.0157613	141.724	0.821938	0
10.1561	0.0161799	142.707	0.843022	0
10.1518	0.0164942	141.774	0.8318	0
10.135	0.0159711	142.824	0.841661	0
10.1126	0.0161438	142.391	0.822958	0
10.1075	0.0160159	141.791	0.812756	0
10.1153	0.0160916	143.34	0.8318	0
10.115	0.0156877	141.674	0.840301	0
10.1071	0.0164977	142.624	0.853224	0
10.1014	0.0165684	142.474	0.8352	0
10.0951	0.0165078	141.808	0.840981	0
10.1101	0.0165286	143.074	0.839281	0
10.1129	0.0161637	142.524	0.826358	0
10.1021	0.0163314	143.324	0.817857	0
10.1036	0.0160818	142.924	0.814796	0
10.0951	0.0159862	143.007	0.840641	0
10.0601	0.0158501	141.025	0.830779	0
10.0629	0.0157783	143.124	0.846082	0
10.0871	0.0158887	142.707	0.83316	0
10.0689	0.0162536	141.308	0.838261	0
10.0398	0.016076	141.708	0.83656	0
10.0346	0.0158558	141.708	0.8352	0
10.0535	0.01611	140.941	0.83384	0
10.068	0.0165528	142.191	0.824318	0
10.0455	0.0159526	143.823	0.83554	0
10.0311	0.0160562	141.991	0.842001	0
10.0398	0.0159725	142.374	0.841661	0
10.0517	0.0159041	142.041	0.820237	0
10.0405	0.0160642	142.241	0.829079	0
10.0057	0.0160615	140.741	0.826699	0
10.0035	0.0160628	142.374	0.83248	0
10.0306	0.0161235	141.125	0.845402	0
10.0091	0.0156188	141.291	0.837581	0
9.99255	0.0157681	143.607	0.830439	0
9.99729	0.0156511	142.324	0.855604	0
9.99983	0.0158697	142.357	0.831119	0
10.006	0.0164445	141.141	0.829759	0
10.0154	0.0159043	143.54	0.864786	0
9.99969	0.0164062	141.674	0.815816	0
9.96556	0.0162016	140.741	0.831119	0
9.99786	0.0160338	141.858	0.845742	0
10.0139	0.0158139	141.125	0.822278	0
9.96465	0.0157855	141.341	0.819557	0
9.9707	0.0151178	142.474	0.844382	0
9.99774	0.0155557	140.192	0.849143	0
9.97242	0.0159985	142.757	0.823978	0
9.97743	0.0158743	142.84	0.828399	0
10.0005	0.0161988	140.858	0.818537	0
9.97787	0.016042	140.491	0.828739	0
9.96894	0.0161513	141.891	0.829419	0
9.9858	0.0163432	141.125	0.826358	0
9.97025	0.0158421	142.491	0.829079	0
9.94207	0.0162072	140.575	0.857304	0
9.94032	0.0157861	141.991	0.829759	0
9.9599	0.0162359	143.274	0.83384	0
9.96748	0.0158217	142.241	0.843702	0
9.96845	0.0159312	142.224	0.818537	0
9.96768	0.016175	139.459	0.826358	0
9.97319	0.016151	142.757	0.842682	0
9.9569	0.01585	141.991	0.824658	0
9.9472	0.0157927	141.224	0.831459	0
9.95181	0.0157341	141.424	0.8352	0
9.93216	0.015833	141.508	0.829759	0
9.92733	0.0158296	141.958	0.816157	0
9.95038	0.0158811	142.041	0.850163	0
9.94616	0.01638	141.924	0.83588	0
9.92557	0.0161037	140.725	0.812756	0
9.92889	0.0155851	140.691	0.821938	0
9.93294	0.0157001	140.725	0.83656	0
9.9196	0.0156332	142.424	0.830779	0
9.91888	0.0160052	138.992	0.817517	0
9.90987	0.015758	140.991	0.83214	0
9.90509	0.0159722	142.657	0.83214	0
9.91086	0.015588	140.225	0.83622	0
9.92716	0.0156524	142.024	0.847102	0
9.92533	0.0160199	141.175	0.83588	0
9.89386	0.0160627	141.674	0.837241	0
9.89255	0.016063	140.158	0.837581	0
9.9239	0.0160521	141.591	0.817517	0
9.91613	0.0158285	141.091	0.824998	0
9.88505	0.0160672	141.774	0.83622	0
9.90672	0.0159168	142.074	0.847102	0
9.91661	0.0157535	140.108	0.854924	0
9.90319	0.0159583	141.474	0.846422	0
9.92813	0.0158047	140.658	0.810715	0
9.91661	0.0158704	140.675	0.847783	0
9.87154	0.0158125	140.875	0.83656	0
9.86144	0.0159107	141.591	0.826358	0
9.88446	0.0156918	141.208	0.847783	0
9.8935	0.0157396	140.075	0.827719	0
9.87349	0.0160999	140.691	0.824318	0
9.86751	0.0160872	141.424	0.83656	0
9.86782	0.0159954	141.008	0.819217	0
9.88309	0.0162872	141.608	0.83656	0
9.89504	0.0156732	141.208	0.827379	0
9.86115	0.0154877	142.291	0.838941	0
9.85806	0.0160896	140.808	0.846762	0
9.86996	0.0159653	141.691	0.838601	0
9.86447	0.0157159	142.89	0.8335	0
9.87145	0.0163806	140.708	0.825678	0
9.87246	0.0159711	140.841	0.824998	0
9.87018	0.0158737	140.042	0.812416	0
9.8621	0.0156111	140.125	0.840301	0
9.8705	0.0160277	141.908	0.817177	0
9.89753	0.0160996	141.708	0.8369	0
9.86422	0.0159699	140.975	0.820577	0
9.82287	0.0161119	141.041	0.830099	0
9.8432	0.0163217	140.508	0.847443	0
9.87243	0.0164905	140.841	0.838941	0
9.87997	0.0162248	141.291	0.83486	0
9.87161	0.016098	140.975	0.852543	0
9.85605	0.016285	140.108	0.816837	0
9.84811	0.0157314	140.625	0.842001	0
9.83924	0.0155037	139.925	0.812416	0
9.83476	0.0152616	141.208	0.813776	0
9.85336	0.0155641	142.291	0.840301	0
9.85669	0.0153275	140.908	0.826699	0
9.84413	0.0158579	142.124	0.83282	0
9.85817	0.0158933	142.041	0.830439	0
9.86903	0.0156251	140.392	0.853564	0
9.85274	0.01599	140.342	0.840641	0
9.84914	0.0159747	140.458	0.813096	0
9.85364	0.0157962	140.775	0.814116	0
9.85751	0.0158856	140.425	0.830099	0
9.86641	0.0160575	142.591	0.818877	0
9.85715	0.0159092	140.708	0.814456	0
9.83925	0.0160744	141.608	0.806635	0
9.8419	0.0157683	141.641	0.837241	0
9.84754	0.0156809	141.824	0.817857	0
9.8385	0.0157745	140.725	0.837241	0
9.83902	0.015915	140.891	0.843702	0
9.82752	0.0159352	139.725	0.845062	0
9.80945	0.0153458	141.374	0.819217	0
9.82475	0.015612	140.192	0.83656	0
9.81134	0.0158771	140.991	0.822958	0
9.79493	0.0157755	140.941	0.837921	0
9.81551	0.0156838	140.625	0.827039	0
9.81086	0.015666	142.357	0.828059	0
9.78891	0.0156874	140.342	0.820917	0
9.81699	0.0157664	141.958	0.83248	0
9.83085	0.0158811	140.125	0.851863	0
9.79499	0.0157824	140.825	0.812076	0
9.80877	0.01577	142.274	0.823638	0
9.82354	0.0157226	141.408	0.821938	0
9.81013	0.0161132	142.591	0.848803	0
9.8123	0.0157313	140.975	0.83622	0
9.83617	0.0158386	140.208	0.843702	0
9.84929	0.0157021	141.291	0.83248	0
9.81396	0.0156635	139.758	0.817517	0
9.78882	0.0156244	139.225	0.8335	0
9.79576	0.0155701	138.442	0.819557	0
9.81573	0.0157814	140.725	0.830779	0
9.8162	0.015777	140.958	0.838601	0
9.80106	0.0157838	140.175	0.819557	0
9.79678	0.0154549	141.008	0.822618	0
9.80242	0.0158085	141.791	0.826018	0
9.79088	0.0158579	139.908	0.825678	0
9.78394	0.0155515	140.725	0.815136	0
9.80048	0.0158562	140.441	0.837241	0
9.80224	0.0159278	140.441	0.822618	0
9.79297	0.0158621	141.224	0.817857	0
9.80406	0.0159365	140.108	0.817177	0
9.79538	0.0159753	140.591	0.845062	0
9.77083	0.0152675	139.275	0.83418	0
9.80251	0.0159203	140.292	0.840641	0
9.82215	0.0161894	140.741	0.821938	0
9.79753	0.0157536	140.125	0.83486	0
9.79699	0.0156075	139.958	0.840301	0
9.79507	0.015823	140.658	0.809695	0
9.79409	0.0156229	140.441	0.830439	0
9.80075	0.0157218	140.192	0.831119	0
9.78158	0.0159932	140.891	0.846422	0
9.77633	0.015662	141.091	0.819217	0
9.79357	0.0157257	141.641	0.840981	0
9.79997	0.0154429	140.375	0.821598	0
9.79286	0.015623	140.108	0.83656	0
9.7909	0.0159188	140.575	0.819217	0
9.78702	0.0157769	141.674	0.842682	0
9.77483	0.015863	140.475	0.825338	0
9.78461	0.0155282	141.075	0.844382	0
9.78303	0.0156028	142.107	0.830779	0
9.76865	0.0158513	139.242	0.822618	0
9.78392	0.015424	141.058	0.831459	0
9.77679	0.0153524	139.442	0.824318	0
9.77454	0.0157364	140.825	0.8335	0
9.7804	0.0155756	140.758	0.844382	0
9.76574	0.0153798	139.642	0.83248	0
9.79811	0.0159546	142.507	0.814456	0
9.81574	0.0159426	140.375	0.821257	0
9.77402	0.0155629	141.041	0.820237	0
9.76156	0.0154713	140.125	0.83588	0
9.78397	0.0159785	140.758	0.838941	0
9.81076	0.0159713	140.691	0.820577	0
9.80287	0.0154654	142.441	0.829759	0
9.78538	0.0159859	138.942	0.830099	0
9.77845	0.0160203	139.775	0.847443	0
9.79833	0.0158687	141.391	0.83418	0
9.78939	0.0157997	141.474	0.837581	0
9.76234	0.0164098	141.774	0.850163	0
9.78805	0.0155572	140.308	0.837581	0
9.79147	0.0158552	141.308	0.840301	0
9.78024	0.0155876	139.908	0.820237	0
9.79751	0.0159873	140.008	0.813436	0
9.77734	0.015821	140.675	0.83418	0
9.74361	0.0159193	140.358	0.820577	0
9.73704	0.0155034	140.658	0.819557	0
9.75886	0.0157338	140.225	0.840641	0
9.769	0.0154458	141.424	0.824658	0
9.75616	0.0155916	141.274	0.856624	0
9.74724	0.0158152	139.992	0.83282	0
9.75494	0.0156346	140.741	0.8318	0
9.76653	0.0154104	140.641	0.821598	0
9.75189	0.0158091	140.758	0.845062	0
9.75544	0.0160248	141.274	0.828059	0
9.77748	0.0158189	140.025	0.83622	0
9.78302	0.0162632	142.541	0.845402	0
9.75084	0.015651	139.825	0.83214	0
9.73249	0.0152814	140.941	0.850503	0
9.76987	0.0153342	141.008	0.817857	0
9.77569	0.0157247	141.991	0.841661	0
9.73623	0.0155129	139.775	0.838601	0
9.75874	0.0156553	139.908	0.807995	0
9.78509	0.0157508	140.525	0.867846	0
9.74499	0.0159771	139.892	0.857644	0
9.74601	0.0153552	142.291	0.864446	0
9.76377	0.0152688	139.792	0.840981	0
9.75073	0.0152674	140.275	0.825338	0
9.76162	0.0155695	140.491	0.83588	0
9.77655	0.0155254	140.342	0.849143	0
9.75578	0.0155496	139.592	0.826358	0
9.74044	0.0154743	140.458	0.822618	0
9.74756	0.0155447	139.009	0.831119	0
9.76159	0.0157547	140.825	0.829419	0
9.75539	0.0153957	141.941	0.856624	0
9.71673	0.0155519	139.908	0.831119	0
9.71036	0.0154881	139.725	0.8335	0
9.75168	0.0159483	140.042	0.824998	0
9.77216	0.0153401	141.291	0.83248	0
9.77307	0.0159892	140.625	0.818537	0
9.75646	0.0155909	139.542	0.824318	0
9.73357	0.0159077	139.708	0.822278	0
9.7352	0.0158934	138.992	0.822958	0
9.72615	0.0157243	138.642	0.813436	0
9.73358	0.0157968	140.525	0.830439	0
9.76827	0.0152507	140.208	0.819557	0
9.75754	0.0158218	141.541	0.8335	0
9.7107	0.015952	140.208	0.848803	0
9.71579	0.0157528	140.541	0.837921	0
9.75787	0.015638	141.491	0.841321	0
9.74726	0.0156543	140.725	0.8352	0
9.71784	0.0156269	139.758	0.852884	0
9.72693	0.0156705	140.841	0.83656	0
9.76381	0.0155701	141.241	0.819557	0
9.75764	0.0157211	139.459	0.830779	0
9.71503	0.0160436	139.858	0.83316	0
9.72717	0.0161339	140.591	0.839281	0
9.76129	0.0155027	140.791	0.830779	0
9.76038	0.0158434	140.775	0.838941	0
9.7422	0.0156749	138.975	0.830099	0
9.731	0.015626	141.075	0.821257	0
9.74001	0.0158655	140.042	0.845742	0
9.72379	0.0158715	140.042	0.841661	0
9.72059	0.0159404	140.075	0.844722	0
9.73958	0.0159959	140.608	0.830439	0
9.72897	0.0154071	141.391	0.851523	0
9.71742	0.0156837	140.508	0.818537	0
9.71911	0.0156934	140.175	0.838261	0
9.71642	0.0160666	139.375	0.829079	0
9.69225	0.0159216	139.575	0.829419	0
9.69942	0.0152857	140.392	0.820577	0
9.72625	0.0155433	140.025	0.823978	0
9.7181	0.0156079	140.292	0.842342	0
9.71907	0.0159158	140.308	0.817857	0
9.71861	0.0155507	140.975	0.840641	0
9.69391	0.0153656	142.491	0.847783	0
9.70377	0.0157458	140.841	0.831459	0
9.73065	0.0153578	140.175	0.826699	0
9.72174	0.0156901	140.292	0.811736	0
9.70889	0.0158108	140.358	0.825678	0
9.7031	0.0157444	138.509	0.831119	0
9.7	0.0154836	141.458	0.842001	0
9.7076	0.0157775	139.059	0.830779	0
9.71862	0.0157113	140.258	0.8352	0
9.71825	0.0151342	140.741	0.819897	0
9.7195	0.0154722	140.042	0.822958	0
9.73644	0.0156237	138.409	0.825338	0
9.71597	0.0156138	139.092	0.859685	0
9.69954	0.0156934	140.242	0.824318	0
9.72819	0.0157256	140.192	0.844722	0
9.73314	0.0157139	141.058	0.843702	0
9.72018	0.0157831	139.975	0.848803	0
9.72272	0.0157074	138.176	0.838601	0
9.69807	0.0157899	140.108	0.83316	0
9.69281	0.0157742	139.425	0.817517	0
9.7204	0.015715	139.975	0.83452	0
9.71653	0.0154502	141.374	0.845402	0
9.71598	0.0153929	140.142	0.845402	0
9.7342	0.0154464	141.008	0.810375	0
9.73909	0.0157494	141.941	0.83656	0
9.72571	0.0157919	140.575	0.823638	0
9.72006	0.0155223	140.941	0.827719	0
9.69765	0.015633	139.075	0.819897	0
9.68599	0.0156055	140.908	0.83316	0
9.72902	0.0157329	140.975	0.848123	0
9.73359	0.0157122	139.392	0.823638	0
9.6985	0.0158847	139.225	0.838261	0
9.71363	0.0159187	139.742	0.824318	0
9.72304	0.0152784	138.742	0.848123	0
9.70514	0.015375	139.259	0.831459	0
9.72307	0.0155166	140.625	0.83316	0
9.72404	0.0159317	141.558	0.847102	0
9.71552	0.0156458	140.541	0.8352	0
9.71633	0.0154259	139.942	0.83282	0
9.71097	0.0156292	140.758	0.804594	0
9.71577	0.0159254	141.641	0.818877	0
9.70703	0.0156421	138.792	0.828399	0
9.68698	0.0154974	139.342	0.841661	0
9.70599	0.016103	140.142	0.819217	0
9.71596	0.0155819	140.208	0.846422	0
9.70487	0.0160221	140.092	0.825678	0
9.71127	0.0157923	140.058	0.820917	0
9.70119	0.0156565	139.975	0.842342	0
9.69637	0.0157568	140.675	0.852203	0
9.70632	0.0159672	140.425	0.83554	0
9.69281	0.0160287	140.608	0.824658	0
9.69891	0.0157976	139.542	0.839281	0
9.70422	0.0157029	141.391	0.846082	0
9.68739	0.0150844	138.309	0.829759	0
9.69674	0.0150565	140.975	0.853564	0
9.7137	0.0153421	140.725	0.83384	0
9.71428	0.0156966	140.192	0.827379	0
9.68603	0.0154837	141.041	0.808335	0
9.67248	0.015767	139.842	0.807315	0
9.70636	0.0158865	141.641	0.806295	0
9.71653	0.0158779	140.658	0.83282	0
9.69768	0.0159251	141.208	0.838601	0
9.68552	0.0155791	140.558	0.840301	0
9.68666	0.0155418	138.925	0.823978	0
9.69994	0.0159458	140.558	0.829419	0
9.68976	0.0157811	139.758	0.848123	0
9.69759	0.0160423	140.575	0.850503	0
9.73033	0.0159349	140.208	0.827039	0
9.70989	0.0158454	139.775	0.8335	0
9.69627	0.0157007	141.191	0.857304	0
9.71827	0.0159882	140.008	0.841661	0
9.70635	0.0157044	139.825	0.840981	0
9.6865	0.0162368	140.958	0.819217	0
9.69847	0.0156494	139.975	0.821257	0
9.71341	0.0155878	141.125	0.847102	0
9.71479	0.0158069	140.292	0.838941	0
9.69959	0.0156281	140.192	0.818537	0
9.69601	0.0153345	140.608	0.842682	0
9.70728	0.0156978	141.358	0.838261	0
9.68909	0.0156839	140.458	0.814116	0
9.70103	0.0155544	141.208	0.842682	0
9.71567	0.0159601	139.092	0.823978	0
9.68594	0.0156886	139.342	0.820917	0
9.6961	0.015414	140.208	0.820237	0
9.7187	0.0159124	141.874	0.829079	0
9.69147	0.015748	139.075	0.852543	0
9.68991	0.0158828	140.408	0.842001	0
9.71026	0.0157536	140.675	0.838601	0
9.6859	0.015655	141.508	0.83656	0
9.69602	0.0159438	140.858	0.829419	0
9.71708	0.0156996	140.375	0.823978	0
9.67849	0.0154112	139.092	0.838601	0
9.6707	0.0158549	142.257	0.828399	0
9.69245	0.0159668	139.908	0.824658	0
9.67497	0.015475	140.375	0.823638	0
9.68628	0.0153303	140.491	0.837921	0
9.71779	0.0156248	139.575	0.846422	0
9.69982	0.0159961	140.825	0.8369	0
9.68356	0.015821	139.325	0.823638	0
9.70262	0.0160637	141.175	0.83282	0
9.6908	0.015805	141.141	0.83486	0
9.67353	0.0159542	138.925	0.824318	0
9.69076	0.016024	140.425	0.839621	0
9.69974	0.0157361	141.324	0.824658	0
9.6894	0.0157573	140.908	0.8352	0
9.69109	0.0158277	140.791	0.817177	0
9.70337	0.0157122	141.075	0.83486	0
9.69766	0.01586	140.975	0.818877	0
9.68903	0.0161238	139.275	0.844042	0
9.67492	0.0160214	140.125	0.820917	0
9.665	0.0154814	141.941	0.817517	0
9.68069	0.0155944	140.225	0.8335	0
9.6909	0.0158226	138.842	0.840641	0
9.67057	0.0153833	140.758	0.821257	0
9.67523	0.0160131	140.775	0.830439	0
9.70657	0.0158775	139.708	0.827039	0
9.69731	0.0153079	140.175	0.842001	0
9.66643	0.0160149	139.692	0.825678	0
9.66219	0.0154083	138.626	0.846082	0
9.68564	0.0161603	141.008	0.83384	0
9.69156	0.015875	139.125	0.83656	0
9.6912	0.0158193	139.925	0.849483	0
9.69607	0.0158429	140.258	0.846762	0
9.6719	0.0160031	139.675	0.838941	0
9.66576	0.0154976	140.042	0.814456	0
9.69064	0.0159507	140.525	0.83656	0
9.70226	0.0155368	140.691	0.83656	0
9.69976	0.0156411	140.658	0.828399	0
9.67601	0.0155389	139.325	0.83588	0
9.68131	0.0156179	140.458	0.83622	0
9.71279	0.0158702	141.241	0.826699	0
9.68941	0.0154195	140.192	0.848803	0
9.65956	0.0157078	139.159	0.826358	0
9.6746	0.0153316	140.208	0.818877	0
9.70288	0.0153159	140.975	0.83384	0
9.72005	0.0157846	141.125	0.83384	0
9.71335	0.0161157	140.658	0.844722	0
9.67889	0.0159708	140.242	0.837241	0
9.68219	0.0159576	141.591	0.840981	0
9.70568	0.0157789	139.908	0.827719	0
9.67451	0.0155849	140.558	0.822958	0
9.65469	0.0154459	140.758	0.842001	0
9.66837	0.0152419	140.658	0.820577	0
9.6626	0.0158828	140.508	0.861725	0
9.66771	0.0160654	140.425	0.83656	0
9.67922	0.0159409	140.075	0.814116	0
9.67772	0.0155651	138.925	0.826018	0
9.68343	0.0157865	141.141	0.821598	0
9.68105	0.0157194	139.808	0.819557	0
9.68482	0.0159109	140.575	0.822958	0
9.69672	0.0158457	139.775	0.827719	0
9.69241	0.0157812	141.191	0.842682	0
9.67838	0.0160058	138.042	0.83656	0
9.67496	0.0152477	140.225	0.839961	0
9.69035	0.0159552	140.641	0.847783	0
9.699	0.0159995	140.092	0.824318	0
9.68312	0.0154577	140.808	0.824318	0
9.68206	0.0158646	140.025	0.812756	0
9.68497	0.0156696	140.175	0.820237	0
9.66919	0.0158168	139.509	0.83554	0
9.66851	0.0157405	139.342	0.831459	0
9.6759	0.0154003	139.275	0.843702	0
9.68677	0.016017	141.308	0.828059	0
9.67432	0.0154028	140.292	0.824998	0
9.67098	0.0158643	139.592	0.824318	0
9.6831	0.0155531	140.808	0.83656	0
9.67276	0.0154633	139.175	0.827379	0
9.65185	0.0155292	139.908	0.818877	0
9.65069	0.0156629	139.242	0.820237	0
9.6669	0.0155286	139.509	0.83486	0
9.68804	0.0156855	140.925	0.812756	0
9.70308	0.0156546	140.242	0.83316	0
9.69717	0.0158067	138.842	0.821598	0
9.68395	0.0161096	141.674	0.83656	0
9.68312	0.0160987	138.309	0.83384	0
9.67546	0.015415	140.275	0.815136	0
9.66549	0.0158696	140.591	0.805274	0
9.66923	0.0156401	141.258	0.851523	0
9.70456	0.0157879	141.441	0.837581	0
9.70223	0.0154854	141.308	0.848803	0
9.67189	0.015734	139.309	0.824998	0
9.6685	0.0153464	140.275	0.839961	0
9.67262	0.0158414	141.258	0.837581	0
9.67874	0.0156642	140.808	0.823978	0
9.69244	0.0156998	138.792	0.83486	0
9.66989	0.0158914	140.525	0.849823	0
9.67247	0.0156578	138.609	0.824998	0
9.69814	0.0155466	141.774	0.83384	0
9.67583	0.0152943	138.276	0.850503	0
9.65874	0.0158872	139.858	0.844042	0
9.68681	0.015266	140.941	0.854244	0
9.69314	0.0154904	139.175	0.83554	0
9.65949	0.015639	141.041	0.828059	0
9.65665	0.0155669	140.941	0.842682	0
9.68469	0.0159088	140.908	0.829079	0
9.68877	0.0157207	141.008	0.83656	0
9.65935	0.0155268	140.641	0.83384	0
9.66266	0.0156102	139.625	0.825678	0
9.69189	0.0154603	141.274	0.819897	0
9.68393	0.0158233	140.342	0.820917	0
9.68468	0.0158339	139.292	0.850163	0
9.66803	0.015727	140.058	0.820917	0
9.63378	0.0155776	140.491	0.826699	0
9.6281	0.0157211	140.158	0.831119	0
9.65246	0.0158896	139.625	0.828399	0
9.70595	0.0164873	140.925	0.823638	0
9.69344	0.0161126	140.975	0.8369	0
9.62797	0.0157391	139.275	0.852543	0
9.6414	0.0158323	140.308	0.825678	0
9.67666	0.0161599	140.475	0.829759	0
9.64605	0.015766	139.342	0.83622	0
9.62839	0.0154573	140.558	0.802554	0
9.66975	0.0157312	139.442	0.815476	0
9.69903	0.0154578	139.109	0.822618	0
9.68851	0.0158312	140.808	0.826358	0
9.66437	0.0154964	139.942	0.839961	0
9.67178	0.0154759	140.242	0.830099	0
9.68387	0.0159697	140.408	0.853564	0
9.66021	0.0159961	138.892	0.811736	0
9.65275	0.0160345	139.159	0.810375	0
9.67758	0.0159237	141.708	0.845402	0
9.69616	0.0160543	139.009	0.843022	0
9.68684	0.0156215	139.625	0.846082	0
9.66199	0.0157104	140.825	0.814796	0
9.65338	0.0158579	140.975	0.842001	0
9.66393	0.015555	141.125	0.829079	0
9.68444	0.0156415	141.258	0.825338	0
9.68066	0.0155334	139.109	0.843362	0
9.6565	0.0155412	139.525	0.846082	0
9.6605	0.0156787	139.858	0.83656	0
9.66461	0.0155129	140.225	0.822618	0
9.66255	0.0156756	138.875	0.83316	0
9.66088	0.0154222	140.575	0.824318	0
9.65538	0.0159874	140.925	0.838601	0
9.66777	0.0156766	140.425	0.860025	0
9.67191	0.0157328	141.258	0.808335	0
9.66078	0.0156467	138.875	0.842682	0
9.67544	0.0151135	140.491	0.837921	0
9.67893	0.0151743	139.059	0.839961	0
9.64525	0.0156225	141.241	0.839281	0
9.64165	0.0155041	140.392	0.83214	0
9.66704	0.0157137	139.492	0.838261	0
9.66771	0.0159264	140.192	0.830099	0
9.67007	0.0155175	140.708	0.826018	0
9.67771	0.0153867	141.474	0.828399	0
9.67556	0.0161234	140.042	0.830439	0
9.67419	0.0158574	139.325	0.83214	0
9.66899	0.0150999	140.991	0.828059	0
9.6639	0.0156114	139.975	0.825678	0
9.65298	0.0157948	139.775	0.827719	0
9.64928	0.0161396	139.692	0.8369	0
9.66652	0.0158614	140.858	0.8352	0
9.66958	0.015906	139.692	0.850163	0
9.66397	0.0154925	139.742	0.823298	0
9.67646	0.0156307	140.175	0.83656	0
9.66397	0.0159312	138.526	0.827379	0
9.65405	0.0153589	141.291	0.838261	0
9.69245	0.0153803	141.158	0.827719	0
9.70613	0.0156216	141.341	0.857985	0
9.66878	0.0159392	140.208	0.827039	0
9.658	0.0157547	141.324	0.8318	0
9.69141	0.0156855	141.224	0.839281	0
9.68175	0.0158827	142.307	0.83656	0
9.65669	0.0151799	139.459	0.831459	0
9.66005	0.0152477	140.908	0.847102	0
9.65877	0.0155116	139.775	0.83554	0
9.65563	0.0158688	138.925	0.822278	0
9.66244	0.016093	139.642	0.825678	0
9.64522	0.0154787	141.358	0.838601	0
9.65477	0.0154494	139.642	0.824318	0
9.67151	0.0161224	139.225	0.816837	0
9.64589	0.0154075	140.025	0.849483	0
9.63724	0.0156423	141.291	0.812076	0
9.666	0.0154118	139.275	0.844382	0
9.66548	0.0154802	141.075	0.83554	0
9.65665	0.0156758	141.574	0.83418	0
9.68544	0.0157291	139.925	0.829419	0
9.69442	0.0152838	140.142	0.829419	0
9.66088	0.0162226	139.459	0.826358	0
9.65983	0.0156987	141.075	0.850163	0
9.67081	0.0153145	141.591	0.844722	0
9.66534	0.0154951	140.158	0.83588	0
9.66907	0.0157091	139.725	0.823298	0
9.65882	0.0152854	138.476	0.826358	0
9.66555	0.0155409	140.608	0.823298	0
9.68816	0.015585	139.542	0.830439	0
9.65454	0.015564	139.725	0.828399	0
9.64493	0.0150622	140.342	0.849143	0
9.67804	0.0155147	139.275	0.819897	0
9.65945	0.0156469	140.125	0.8335	0
9.63493	0.0156234	139.975	0.858665	0
9.65285	0.0155842	138.942	0.843362	0
9.66028	0.0155343	140.975	0.840301	0
9.65762	0.0159195	139.192	0.796433	0
9.67021	0.0154753	139.559	0.828739	0
9.68513	0.0156736	139.059	0.83588	0
9.68838	0.0156694	141.424	0.838601	0
9.6716	0.0152753	141.291	0.819217	0
9.66241	0.0157438	139.775	0.810375	0
9.67534	0.0158976	140.991	0.845402	0
9.68684	0.0162643	140.042	0.838601	0
9.67058	0.0156637	139.708	0.83554	0
9.65988	0.015464	140.125	0.843022	0
9.65224	0.0155527	138.792	0.807995	0
9.63571	0.0158075	140.991	0.864446	0
9.64636	0.0160192	139.192	0.843022	0
9.66733	0.0159314	139.892	0.83316	0
9.67348	0.0155671	140.275	0.809355	0
9.65735	0.015419	140.475	0.840301	0
9.65089	0.0153671	139.459	0.846422	0
9.67198	0.0156307	139.559	0.839621	0
9.67009	0.0156195	140.392	0.83588	0
9.65186	0.0154224	140.158	0.830439	0
9.65275	0.0154819	140.758	0.83384	0
9.65881	0.0155919	140.308	0.831119	0
9.65656	0.0157855	139.975	0.856624	0
9.66472	0.0157586	138.592	0.83656	0
9.67192	0.0153125	140.275	0.8369	0
9.66324	0.0157296	139.575	0.824658	0
9.66368	0.0154955	140.691	0.830439	0
9.66368	0.0155007	139.808	0.851523	0
9.64776	0.0157879	139.975	0.842682	0
9.64893	0.0156338	140.925	0.828059	0
9.67656	0.0155887	140.108	0.847783	0
9.67115	0.0159136	140.441	0.839621	0
9.64412	0.0157294	140.042	0.814456	0
9.65134	0.0155236	140.092	0.808675	0
9.65973	0.0154443	141.874	0.802894	0
9.66973	0.0155509	141.258	0.815816	0
9.68527	0.0154846	139.975	0.812416	0
9.68015	0.0159196	141.324	0.829759	0
9.65375	0.0154737	139.992	0.817857	0
9.67407	0.0151736	141.224	0.856624	0
9.69696	0.0157421	139.692	0.818537	0
9.65298	0.0155663	140.541	0.8352	0
9.62628	0.0157602	139.392	0.825338	0
9.64438	0.0157255	139.958	0.829419	0
9.66953	0.0158345	140.508	0.842342	0
9.65614	0.0156483	139.942	0.807315	0
9.65445	0.0157402	139.642	0.848123	0
9.66096	0.015699	139.075	0.824318	0
9.6318	0.0155498	138.409	0.854924	0
9.64556	0.0156353	139.892	0.840981	0
9.66877	0.0161806	139.725	0.817517	0
9.65093	0.0156928	140.008	0.843362	0
9.62964	0.0154772	139.842	0.845402	0
9.63033	0.0158679	138.859	0.822958	0
9.65075	0.0156569	142.207	0.827719	0
9.64847	0.0162443	140.142	0.824318	0
9.63605	0.0160058	139.142	0.820237	0
9.65668	0.0157842	140.625	0.846082	0
9.66669	0.0160492	138.709	0.847443	0
9.65328	0.015416	141.391	0.846422	0
9.6756	0.0157215	140.392	0.823638	0
9.69772	0.0155925	139.708	0.843702	0
9.68339	0.0154645	140.675	0.821598	0
9.66237	0.0157328	140.208	0.824658	0
9.66396	0.0159199	140.558	0.861385	0
9.65895	0.0160962	140.441	0.847102	0
9.65356	0.0157902	138.925	0.842001	0
9.66408	0.0159458	140.725	0.8318	0
9.65567	0.0156079	139.309	0.823978	0
9.65634	0.0157307	141.125	0.827719	0
9.67089	0.015775	139.309	0.843362	0
9.64438	0.0158127	140.958	0.839961	0
9.65013	0.0156457	141.075	0.828399	0
9.6714	0.015384	139.542	0.816837	0
9.63561	0.0156889	139.658	0.841321	0
9.63354	0.0158853	141.091	0.83384	0
9.67153	0.015662	141.191	0.845742	0
9.65621	0.0152255	139.142	0.846422	0
9.63593	0.0154056	141.491	0.853224	0
9.65758	0.0156478	139.758	0.868527	0
9.67827	0.0161743	139.375	0.838941	0
9.67001	0.0155439	142.341	0.823638	0
9.65218	0.0155843	139.592	0.826018	0
9.65167	0.0158668	138.526	0.826018	0
9.67524	0.0159378	140.325	0.83418	0
9.65344	0.0159607	139.259	0.838941	0
9.61701	0.0155786	139.875	0.852543	0
9.64375	0.0160344	139.325	0.827379	0
9.66439	0.0158033	140.208	0.820577	0
9.66135	0.0162315	140.558	0.839281	0
9.65383	0.0161191	138.925	0.831119	0
9.63521	0.0157157	140.891	0.842682	0
9.65826	0.0156258	138.892	0.839281	0
9.69264	0.0155052	141.291	0.826018	0
9.6831	0.015803	140.808	0.826699	0
9.6618	0.0154874	140.208	0.831119	0
9.66502	0.0154616	140.008	0.826018	0
9.64801	0.0157902	140.175	0.822958	0
9.63307	0.0154431	140.658	0.819557	0
9.62556	0.0155147	139.242	0.839961	0
9.61917	0.0161368	141.191	0.827719	0
9.63467	0.0156015	140.508	0.827379	0
9.64594	0.0158427	140.025	0.810035	0
9.65208	0.015852	141.708	0.829419	0
9.66156	0.0159413	140.808	0.847783	0
9.65596	0.0151882	139.492	0.854584	0
9.64648	0.0153792	140.508	0.820237	0
9.64644	0.015765	140.491	0.817857	0
9.64775	0.0156284	140.292	0.800854	0
9.6393	0.0155313	139.075	0.813436	0
9.64707	0.0153389	140.325	0.831119	0
9.67306	0.016096	141.891	0.846082	0
9.6524	0.0156437	139.625	0.83282	0
9.62017	0.0156709	138.392	0.830439	0
9.63418	0.0153686	139.775	0.840641	0
9.64846	0.0156303	139.825	0.844042	0
9.65188	0.0159252	138.959	0.83418	0
9.65887	0.0156393	139.125	0.817177	0
9.64752	0.0155315	142.407	0.83656	0
9.66609	0.0157512	138.542	0.827719	0
9.66258	0.0159941	139.742	0.83418	0
9.63783	0.0153836	139.908	0.8335	0
9.65187	0.0156388	138.959	0.827719	0
9.64024	0.01548	140.741	0.824318	0
9.64774	0.0158953	138.842	0.843702	0
9.68321	0.0156629	140.142	0.83316	0
9.64606	0.0156502	140.408	0.820237	0
9.63288	0.0159003	140.025	0.831459	0
9.67802	0.0153938	141.241	0.839621	0
9.66129	0.0158917	139.342	0.8335	0
9.65503	0.0159736	140.758	0.824318	0
9.69624	0.0158798	140.675	0.825678	0
9.66262	0.0155394	139.359	0.812076	0
9.60951	0.0155994	139.925	0.843362	0
9.64083	0.0158959	141.008	0.819557	0
9.66558	0.0153777	140.425	0.816837	0
9.63731	0.0155692	139.992	0.842001	0
9.64246	0.0159328	139.509	0.828399	0
9.66029	0.0155996	138.109	0.816157	0
9.64435	0.0158231	140.158	0.824998	0
9.65854	0.0156886	141.824	0.824998	0
9.69643	0.0157104	140.258	0.819557	0
9.66546	0.0155765	140.292	0.822278	0
9.62344	0.0157276	139.658	0.844722	0
9.64573	0.0155214	139.758	0.821598	0
9.6757	0.0157083	139.992	0.850503	0
9.6572	0.0152782	138.559	0.837921	0
9.63137	0.0157875	139.875	0.842682	0
9.63304	0.0152594	139.925	0.814116	0
9.6467	0.0159549	141.641	0.8318	0
9.65306	0.0158977	138.692	0.828399	0
9.64792	0.0154877	140.575	0.830779	0
9.64202	0.0156842	140.958	0.838941	0
9.64835	0.0154702	138.526	0.847783	0
9.66069	0.0159068	139.742	0.83418	0
9.66195	0.0152474	140.608	0.818877	0
9.67337	0.0158466	139.192	0.8318	0
9.66441	0.015681	140.541	0.845402	0
9.6258	0.0155249	140.008	0.830439	0
9.62994	0.0153998	139.559	0.818877	0
9.6536	0.0158715	140.558	0.823638	0
9.65361	0.015705	137.559	0.83554	0
9.65417	0.0154578	141.258	0.825678	0
9.64285	0.0152906	139.858	0.818197	0
9.63554	0.0155775	141.025	0.840301	0
9.67646	0.0159348	141.291	0.830439	0
9.68081	0.0155466	138.192	0.853564	0
9.63944	0.015793	139.359	0.8352	0
9.64398	0.0157265	141.524	0.842001	0
9.67021	0.0157802	139.875	0.823978	0
9.65367	0.0152445	139.525	0.855944	0
9.64833	0.0157443	139.259	0.837581	0
9.64	0.0156249	138.709	0.825338	0
9.63868	0.0155152	140.425	0.830439	0
9.66985	0.015604	138.859	0.844382	0
9.66532	0.0159577	139.325	0.843702	0
9.65312	0.0159614	140.125	0.800514	0
9.6721	0.0160273	139.509	0.843702	0
9.65744	0.0157214	139.942	0.852543	0
9.63335	0.0153514	141.258	0.837921	0
9.64658	0.0160434	140.858	0.841661	0
9.64088	0.015675	139.775	0.818197	0
9.63508	0.0155397	140.558	0.838601	0
9.64326	0.0153222	140.541	0.824658	0
9.62306	0.0153017	140.075	0.862065	0
9.64091	0.0157422	140.775	0.83656	0
9.66953	0.0159569	140.508	0.8318	0
9.64138	0.016007	139.575	0.83656	0
9.6284	0.0155648	139.092	0.83316	0
9.63996	0.0160386	139.142	0.823638	0
9.64891	0.0158422	140.441	0.83316	0
9.64621	0.016091	141.758	0.862065	0
9.65025	0.0154848	139.942	0.83248	0
9.66338	0.0155276	140.175	0.824998	0
9.64675	0.0156951	139.808	0.843022	0
9.63111	0.0154711	138.242	0.813776	0
9.63596	0.0154924	140.741	0.826018	0
9.63729	0.0154834	138.092	0.83622	0
9.63402	0.0154259	138.592	0.841321	0
9.66246	0.0156711	140.292	0.818197	0
9.63995	0.0157218	139.675	0.807995	0
9.62067	0.0157083	140.092	0.845742	0
9.65249	0.0159795	139.775	0.823298	0
9.64218	0.0153517	139.942	0.849143	0
9.61184	0.0158311	139.559	0.847102	0
9.63644	0.0155426	140.575	0.83384	0
9.66019	0.0156509	139.892	0.825338	0
9.64076	0.0156106	141.358	0.838261	0
9.65323	0.0157242	141.125	0.827379	0
9.66143	0.015815	140.358	0.808675	0
9.63785	0.0155571	141.308	0.839281	0
9.63486	0.0154148	139.042	0.837241	0
9.65451	0.0155539	140.825	0.825338	0
9.65348	0.0158191	138.959	0.850503	0
9.63595	0.0153496	140.408	0.840981	0
9.61733	0.0157095	139.459	0.819557	0
9.59269	0.0155566	140.375	0.864786	0
9.6286	0.0155142	139.892	0.838601	0
9.65911	0.0156269	140.891	0.83316	0
9.64652	0.0157613	138.492	0.823978	0
9.65173	0.0155439	140.275	0.83622	0
9.6787	0.015995	139.509	0.829759	0
9.68912	0.0154863	140.175	0.814456	0
9.64698	0.0154641	139.958	0.843022	0
9.59773	0.0156165	140.225	0.827039	0
9.60193	0.0157505	139.509	0.845402	0
9.63166	0.0157964	140.525	0.846762	0
9.63705	0.0155171	141.125	0.829759	0
9.64454	0.0154306	139.975	0.820577	0
9.65796	0.015684	140.308	0.831459	0
9.65391	0.0157302	139.625	0.846082	0
9.63354	0.0155799	140.941	0.810715	0
9.63016	0.0156673	139.025	0.829079	0
9.64861	0.0155304	139.625	0.824318	0
9.65619	0.0160149	140.775	0.83588	0
9.65486	0.0157981	139.658	0.846762	0
9.64051	0.0157427	140.075	0.829419	0
9.62301	0.0156303	140.658	0.8318	0
9.64761	0.0152733	140.042	0.83248	0
9.66084	0.0153191	139.409	0.83316	0
9.64808	0.0160581	138.526	0.83554	0
9.64924	0.0157122	139.858	0.815136	0
9.65421	0.0155239	140.525	0.838941	0
9.63416	0.0156036	140.808	0.842001	0
9.62149	0.0152882	140.875	0.850503	0
9.6462	0.0152052	141.508	0.824658	0
9.64141	0.015722	139.708	0.840641	0
9.61703	0.0155014	140.075	0.83418	0
9.64027	0.0155356	139.825	0.838261	0
9.6454	0.015609	140.025	0.831459	0
9.63562	0.0157874	141.191	0.813096	0
9.65057	0.0155409	140.608	0.839621	0
9.64993	0.0154381	141.224	0.843362	0
9.61583	0.0152945	138.442	0.8369	0
9.60109	0.015404	139.575	0.822958	0
9.64936	0.0153471	140.491	0.838601	0
9.67834	0.0157202	140.075	0.829759	0
9.64904	0.0153539	141.274	0.847102	0
9.63197	0.0152349	137.593	0.83384	0
9.63641	0.015298	140.342	0.828739	0
9.65625	0.0152598	140.025	0.822278	0
9.66188	0.015652	138.109	0.837581	0
9.65437	0.0160094	139.242	0.810035	0
9.63315	0.0155567	139.592	0.83214	0
9.63748	0.0154671	137.909	0.845062	0
9.65104	0.0154365	139.825	0.816497	0
9.63647	0.0162817	139.975	0.821938	0
9.63186	0.0152286	141.008	0.848803	0
9.64367	0.0155577	140.192	0.837921	0
9.64943	0.0156214	140.375	0.840301	0
9.64979	0.0154855	140.958	0.837921	0
9.63916	0.0153569	139.309	0.822278	0
9.62576	0.0153458	139.242	0.8369	0
9.64032	0.0156905	139.475	0.83214	0
9.66794	0.0156041	140.125	0.841321	0
9.64973	0.0155786	138.692	0.851183	0
9.61443	0.0158604	139.525	0.83384	0
9.62654	0.0154322	140.275	0.829419	0
9.63213	0.0153277	140.408	0.830099	0
9.64561	0.0155621	141.175	0.83452	0
9.67404	0.0158459	139.359	0.829759	0
9.64887	0.0154888	141.724	0.8352	0
9.64364	0.0154951	140.392	0.820917	0
9.66722	0.0155405	138.376	0.824998	0
9.65255	0.0156986	139.808	0.830099	0
9.64124	0.0155887	141.175	0.841321	0
9.64944	0.0158663	139.442	0.8369	0
9.63826	0.0153432	139.958	0.825338	0
9.61234	0.0156207	140.675	0.830439	0
9.63462	0.0157191	138.909	0.838941	0
9.64578	0.0154448	139.792	0.826699	0
9.64473	0.0156647	140.358	0.842342	0
9.64563	0.0159246	137.759	0.848803	0
9.62987	0.0156932	139.159	0.816157	0
9.64147	0.0152443	141.541	0.828399	0
9.65153	0.0159201	138.242	0.8369	0
9.64545	0.0159046	140.225	0.818537	0
9.64278	0.0156472	140.225	0.825678	0
9.63768	0.0153112	140.925	0.8318	0
9.63057	0.0156185	139.608	0.823298	0
9.64541	0.0156165	140.342	0.839961	0
9.64025	0.015894	138.442	0.821598	0
9.62165	0.0158597	138.442	0.849483	0
9.63503	0.0156154	139.942	0.855264	0
9.6641	0.015529	141.291	0.839961	0
9.66874	0.0154077	139.109	0.811056	0
9.64373	0.0158308	139.359	0.8369	0
9.61703	0.015945	139.942	0.820237	0
9.63994	0.0154181	141.491	0.822278	0
9.64503	0.0157971	140.608	0.847783	0
9.62354	0.0155566	139.509	0.820577	0
9.63935	0.0157621	139.559	0.843702	0
9.6382	0.015607	140.375	0.840641	0
9.63741	0.0158357	139.675	0.844042	0
9.64307	0.0152213	140.741	0.8352	0
9.64042	0.0160355	139.259	0.819217	0
9.64471	0.015647	139.875	0.841661	0
9.66059	0.0153054	141.324	0.83656	0
9.65502	0.0157838	139.342	0.824998	0
9.65009	0.0159052	139.009	0.824998	0
9.66383	0.015358	139.925	0.83622	0
9.63882	0.0160984	139.675	0.819897	0
9.6005	0.015718	139.858	0.838601	0
9.60372	0.0153256	139.275	0.839281	0
9.63026	0.0157722	140.008	0.845402	0
9.63086	0.0156996	139.342	0.838261	0
9.62212	0.015361	139.708	0.83418	0
9.65047	0.0157446	141.041	0.819217	0
9.66111	0.0155496	139.425	0.825338	0
9.64855	0.0156816	140.691	0.848803	0
9.63171	0.0154603	139.658	0.829079	0
9.6322	0.0154692	140.725	0.846422	0
9.61484	0.01558	138.959	0.844722	0
9.60449	0.0155042	139.775	0.83622	0
9.63973	0.015735	140.292	0.837921	0
9.65017	0.0156554	140.641	0.821938	0
9.65166	0.0160567	140.075	0.809695	0
9.63971	0.0157958	139.192	0.837581	0
9.64047	0.0157558	138.542	0.831459	0
9.65179	0.0159947	139.875	0.829419	0
9.6427	0.0156351	139.625	0.83452	0
9.64643	0.0160038	140.408	0.820917	0
9.64365	0.0152153	140.192	0.852543	0
9.63813	0.0157052	139.375	0.812756	0
9.64513	0.0157478	138.459	0.823298	0
9.6441	0.0152997	139.292	0.848123	0
9.6414	0.0158366	141.591	0.843022	0
9.64706	0.0156606	141.374	0.806975	0
9.63967	0.0154054	140.092	0.823638	0
9.61668	0.0151141	139.825	0.829419	0
9.64726	0.0158473	140.741	0.811056	0
9.6767	0.0153338	141.191	0.853564	0
9.64113	0.0154674	139.209	0.823638	0
9.61615	0.0151694	139.658	0.819217	0
9.63869	0.0153372	141.141	0.826018	0
9.64847	0.0157918	140.308	0.826699	0
9.66021	0.0156877	140.025	0.8335	0
9.65533	0.0157028	141.091	0.824998	0
9.63499	0.0157095	139.242	0.847102	0
9.64452	0.0154792	139.125	0.821938	0
9.62831	0.0155978	140.608	0.844722	0
9.60941	0.015462	140.025	0.840301	0
9.64227	0.0157877	139.792	0.824658	0
9.63398	0.0154486	140.775	0.819217	0
9.61736	0.0155318	140.458	0.827379	0
9.62071	0.0152795	138.842	0.824658	0
9.61577	0.0150419	139.459	0.838601	0
9.62537	0.0156987	139.125	0.846082	0
9.63587	0.0155794	139.775	0.850503	0
9.64946	0.0158337	140.158	0.828399	0
9.63556	0.0156768	140.258	0.854584	0
9.63153	0.0161144	139.975	0.818877	0
9.6583	0.0160267	138.726	0.819217	0
9.64642	0.0159132	141.341	0.8318	0
9.63109	0.0156474	140.491	0.820917	0
9.6567	0.0153402	139.442	0.843702	0
9.66464	0.0153434	141.075	0.821938	0
9.63084	0.0158172	139.992	0.817857	0
9.63336	0.0152172	139.958	0.8369	0
9.66151	0.0157965	141.091	0.814796	0
9.64856	0.0154737	139.509	0.827719	0
9.63467	0.0153862	140.608	0.826358	0
9.64007	0.0158771	139.908	0.83588	0
9.62481	0.0154318	139.958	0.830439	0
9.63728	0.0154362	139.942	0.826358	0
9.66483	0.0153407	140.691	0.817857	0
9.66066	0.0155121	139.842	0.850843	0
9.63796	0.0153982	139.392	0.817857	0
9.64034	0.0157109	140.791	0.814796	0
9.64153	0.0156921	138.726	0.840301	0
9.63938	0.0156325	138.492	0.810715	0
9.65593	0.0158976	141.308	0.851523	0
9.65121	0.0158426	139.792	0.847102	0
9.64224	0.0156985	139.925	0.839961	0
9.63492	0.015267	140.342	0.83622	0
9.62015	0.0155574	139.142	0.815816	0
9.65248	0.0155842	138.909	0.846082	0
9.65933	0.015654	140.691	0.816497	0
9.63611	0.0157617	139.342	0.823638	0
9.65077	0.0157627	139.592	0.829079	0
9.64935	0.0154223	139.542	0.845062	0
9.64274	0.0160362	140.625	0.840981	0
9.63844	0.0153365	140.458	0.83282	0
9.60961	0.0158977	139.758	0.830779	0
9.60399	0.0163422	139.742	0.83214	0
9.63572	0.0157667	141.658	0.845742	0
9.67182	0.0160299	140.841	0.8335	0
9.65103	0.0154297	140.841	0.848803	0
9.61263	0.0157082	140.425	0.820237	0
9.62018	0.0159175	140.175	0.837241	0
9.65525	0.0155836	141.708	0.827379	0
9.66936	0.0155448	140.775	0.846082	0
9.65572	0.0158011	140.208	0.820237	0
9.66454	0.0153533	140.908	0.819557	0
9.65484	0.0158361	140.175	0.8318	0
9.6217	0.0157877	139.442	0.851863	0
9.61906	0.0156163	140.275	0.828399	0
9.65552	0.015621	140.408	0.829079	0
9.65775	0.0156362	141.441	0.829759	0
9.63774	0.0159215	139.192	0.851183	0
9.64715	0.0157988	140.575	0.83316	0
9.66616	0.0155728	137.976	0.843702	0
9.65879	0.0155209	140.541	0.8335	0
9.64387	0.0153893	140.525	0.818877	0
9.63078	0.0155233	139.658	0.824998	0
9.62819	0.0156238	141.141	0.826699	0
9.64499	0.0153176	139.592	0.831459	0
9.64612	0.0157551	141.191	0.822278	0
9.65906	0.0157839	139.359	0.823978	0
9.66561	0.0160681	140.042	0.842682	0
9.66129	0.0156684	139.509	0.842342	0
9.64092	0.0159632	139.042	0.822958	0
9.64843	0.0157479	139.958	0.848803	0
9.66016	0.0158704	139.225	0.842342	0
9.64243	0.0158598	138.676	0.840301	0
9.62198	0.0157615	140.441	0.841661	0
9.6252	0.0156026	140.708	0.83452	0
9.64611	0.0155762	140.358	0.83486	0
9.648	0.0155566	140.375	0.83282	0
9.65076	0.0157922	137.959	0.83282	0
9.64596	0.0156411	137.943	0.83486	0
9.64679	0.015514	140.242	0.826018	0
9.64716	0.0156406	140.175	0.830099	0
9.64562	0.0156655	140.525	0.844382	0
9.64243	0.0158804	139.259	0.841321	0
9.64125	0.0152621	139.958	0.83588	0
9.6526	0.0152485	140.292	0.83384	0
9.63291	0.015249	138.609	0.818537	0
9.60728	0.0162527	139.425	0.826018	0
9.64846	0.0158121	141.141	0.824658	0
9.6705	0.0157051	139.792	0.83384	0
9.62094	0.0158641	139.409	0.853564	0
9.62261	0.0159104	138.709	0.8335	0
9.64524	0.0156195	140.491	0.840641	0
9.64459	0.0158952	140.575	0.848463	0
9.64836	0.0162523	140.991	0.844382	0
9.65585	0.0162226	139.259	0.805955	0
9.64743	0.0157778	139.725	0.809695	0
9.63234	0.0154693	140.825	0.830099	0
9.62481	0.0159523	140.158	0.839281	0
9.62196	0.0157354	139.375	0.8335	0
9.62377	0.0156762	141.408	0.843362	0
9.65382	0.015708	139.425	0.826358	0
9.65694	0.0157488	141.025	0.844722	0
9.64934	0.0159475	139.692	0.827039	0
9.64608	0.0157814	139.858	0.839961	0
9.63744	0.015229	139.492	0.8335	0
9.63534	0.0156689	140.441	0.8335	0
9.63389	0.0157573	141.324	0.827039	0
9.6248	0.0156303	139.342	0.814456	0
9.6235	0.01546	138.909	0.843022	0
9.61292	0.0152688	139.642	0.847102	0
9.61705	0.0159409	139.942	0.839961	0
9.62844	0.015657	140.025	0.83248	0
9.63681	0.0152965	141.508	0.8318	0
9.63706	0.0156772	139.842	0.820577	0
9.62702	0.0154385	139.309	0.83656	0
9.61662	0.0153536	140.725	0.820237	0
9.63544	0.0158725	139.525	0.858665	0
9.64119	0.0157362	140.142	0.815816	0
9.62972	0.0155177	140.142	0.823638	0
9.65683	0.0154052	140.825	0.811056	0
9.64425	0.0159703	139.009	0.829759	0
9.6115	0.0157072	140.575	0.825678	0
9.63793	0.0158859	140.641	0.823638	0
9.64975	0.0159928	139.775	0.852203	0
9.62498	0.0154961	138.492	0.8318	0
9.64194	0.0157854	139.925	0.845062	0
9.67025	0.0155963	139.359	0.840301	0
9.66286	0.0154998	140.541	0.854924	0
9.64417	0.0154706	140.591	0.83418	0
9.62663	0.0155001	139.342	0.842001	0
9.59403	0.0155793	139.342	0.854244	0
9.58832	0.0153882	139.559	0.810035	0
9.63466	0.0155022	140.708	0.845062	0
9.65314	0.0158652	140.441	0.830779	0
9.64972	0.0163127	141.891	0.853904	0
9.65681	0.0155898	138.825	0.846082	0
9.65867	0.0156325	138.776	0.855944	0
9.65377	0.0155271	140.991	0.83554	0
9.63901	0.0156812	140.658	0.811736	0
9.63072	0.0154901	140.142	0.846762	0
9.64092	0.0155359	140.841	0.848123	0
9.64441	0.015291	139.459	0.841661	0
9.63337	0.0153131	140.092	0.843702	0
9.64223	0.015226	139.625	0.8352	0
9.63966	0.0157228	139.608	0.824998	0
9.6339	0.0157355	139.425	0.823978	0
9.64802	0.0160689	141.191	0.829079	0
9.65015	0.0155827	140.242	0.8352	0
9.62361	0.0156213	139.559	0.829079	0
9.63427	0.0151537	140.925	0.842001	0
9.64449	0.0153867	139.475	0.841321	0
9.61842	0.0151731	138.825	0.844042	0
9.64373	0.0159214	139.692	0.811396	0
9.66315	0.0153689	140.242	0.8352	0
9.61622	0.0150957	138.592	0.846082	0
9.6043	0.0159443	139.559	0.828399	0
9.63187	0.0159887	140.308	0.822618	0
9.64035	0.015124	139.808	0.83248	0
9.64178	0.0154526	140.258	0.830099	0
9.62981	0.015206	139.625	0.825338	0
9.62861	0.015587	139.359	0.819217	0
9.63733	0.0156417	140.758	0.844382	0
9.62796	0.0151935	139.675	0.820237	0
9.63323	0.0155721	140.475	0.820577	0
9.63835	0.0156447	140.891	0.818197	0
9.63741	0.0156041	140.725	0.829079	0
9.63581	0.0156303	139.575	0.841661	0
9.65442	0.0155928	139.708	0.849823	0
9.66609	0.0159319	139.692	0.819557	0
9.63495	0.0156503	140.441	0.828399	0
9.63475	0.0158049	140.325	0.848803	0
9.67705	0.0152353	141.258	0.827379	0
9.67165	0.0152903	140.608	0.822278	0
9.64083	0.0153285	138.592	0.815816	0
9.63556	0.0154503	141.458	0.827379	0
9.63907	0.0158879	140.375	0.83418	0
9.6443	0.0158307	139.242	0.8318	0
9.63616	0.0157769	140.791	0.83554	0
9.62875	0.0156414	139.542	0.823638	0
9.64674	0.0154422	139.792	0.831459	0
9.65365	0.0154374	140.441	0.8352	0
9.64016	0.015673	140.358	0.8318	0
9.63423	0.0155787	139.059	0.845062	0
9.60886	0.0152923	139.292	0.83588	0
9.60568	0.0154047	140.691	0.839281	0
9.64232	0.0156263	139.542	0.847102	0
9.6423	0.0153289	140.092	0.810715	0
9.64028	0.0157689	140.525	0.825338	0
9.63847	0.0152607	140.441	0.83554	0
9.62121	0.0156261	140.475	0.821257	0
9.63514	0.0152987	139.275	0.840981	0
9.63039	0.0157331	139.559	0.822958	0
9.62864	0.015905	139.925	0.83384	0
9.65571	0.0156437	138.825	0.840981	0
9.66365	0.0156482	139.192	0.847102	0
9.64893	0.0154225	140.025	0.83554	0
9.64556	0.0155901	139.908	0.846082	0
9.63258	0.0152438	139.209	0.849143	0
9.61983	0.0153573	139.442	0.8318	0
9.63363	0.0155284	139.758	0.8369	0
9.65915	0.0156145	140.591	0.816157	0
9.67213	0.0159315	139.192	0.823638	0
9.64047	0.0155173	140.225	0.83622	0
9.62454	0.0154209	141.191	0.810035	0
9.6533	0.0161238	141.008	0.83588	0
9.67186	0.0161643	141.241	0.838261	0
9.64814	0.0156739	139.409	0.827379	0
9.63121	0.0159474	141.541	0.83486	0
9.64928	0.0162969	139.325	0.848123	0
9.66541	0.016062	142.124	0.83248	0
9.65005	0.0159605	139.808	0.829419	0
9.62699	0.0155892	139.392	0.83214	0
9.62216	0.0152821	139.808	0.83588	0
9.63633	0.0158928	138.276	0.83418	0
9.64963	0.015766	139.658	0.83656	0
9.65696	0.0155445	141.075	0.822958	0
9.6521	0.0156613	139.925	0.827039	0
9.65156	0.0153152	140.558	0.844042	0
9.66119	0.0161511	141.308	0.829419	0
9.66093	0.0156003	139.675	0.83214	0
9.65409	0.0155382	141.041	0.822958	0
9.63536	0.0157278	139.292	0.828739	0
9.61118	0.0153939	139.509	0.83554	0
9.62873	0.0156646	140.258	0.831459	0
9.64444	0.0157457	140.758	0.855944	0
9.62382	0.0153085	140.708	0.824658	0
9.60722	0.0153032	139.142	0.844722	0
9.63052	0.0154971	139.875	0.826358	0
9.63659	0.0157551	139.858	0.845742	0
9.63884	0.0156666	140.158	0.814796	0
9.65849	0.0153206	139.658	0.837241	0
9.62571	0.0162215	139.059	0.853904	0
9.59585	0.0158518	139.292	0.820577	0
9.62967	0.0158289	139.309	0.824998	0
9.66111	0.0158217	139.109	0.822278	0
9.64586	0.015572	139.975	0.812416	0
9.65058	0.016015	140.125	0.838941	0
9.66097	0.0154859	139.592	0.850503	0
9.65988	0.0156514	138.559	0.823978	0
9.64665	0.0155289	139.509	0.837241	0
9.62116	0.0158273	139.192	0.814116	0
9.62524	0.0157437	139.758	0.83248	0
9.65954	0.0154834	140.975	0.844042	0
9.64917	0.0152341	140.491	0.83656	0
9.62609	0.0156923	140.475	0.852203	0
9.63456	0.015679	141.025	0.831119	0
9.6419	0.0155884	139.858	0.840641	0
9.64455	0.0155539	140.541	0.823978	0
9.64066	0.0154781	138.909	0.844042	0
9.65015	0.0155145	140.008	0.83282	0
9.66848	0.0156715	140.725	0.830439	0
9.66637	0.0153619	139.575	0.828739	0
9.65201	0.0158095	139.325	0.8352	0
9.64087	0.0154224	140.425	0.831119	0
9.63808	0.0154556	139.125	0.838601	0
9.65239	0.0160163	139.359	0.827719	0
9.64598	0.0155511	139.559	0.83656	0
9.63474	0.0155129	139.475	0.822958	0
9.64108	0.0156964	139.892	0.8318	0
9.64104	0.0155422	138.326	0.825678	0
9.64342	0.0155267	140.558	0.83248	0
9.63326	0.0155804	138.959	0.820577	0
9.60674	0.0153318	138.742	0.843702	0
9.62664	0.0154735	140.375	0.846762	0
9.64688	0.0153489	139.409	0.804934	0
9.64352	0.0157715	140.308	0.83554	0
9.65846	0.0154791	139.958	0.850503	0
9.67041	0.0158124	141.574	0.8369	0
9.65934	0.0157638	140.508	0.821257	0
9.65267	0.0155949	137.776	0.847443	0
9.64319	0.015565	140.008	0.844382	0
9.63251	0.015622	139.575	0.824318	0
9.6315	0.0156812	139.658	0.866826	0
9.63717	0.0156922	139.125	0.826018	0
9.63947	0.0155902	140.641	0.854244	0
9.62597	0.0156591	139.309	0.83554	0
9.61563	0.0153033	139.509	0.842001	0
9.6315	0.0152716	139.309	0.847443	0
9.63196	0.0154714	139.242	0.805614	0
9.63002	0.0155396	138.959	0.821938	0
9.63055	0.0155655	140.508	0.830099	0
9.64214	0.0156784	139.958	0.838941	0
9.65405	0.0152867	140.641	0.827719	0
9.63815	0.0156973	139.858	0.844382	0
9.63419	0.0155789	140.941	0.83214	0
9.63728	0.0156185	139.575	0.8335	0
9.65514	0.0149875	139.092	0.8335	0
9.67521	0.0156298	141.624	0.820917	0
9.66423	0.0152458	138.642	0.820917	0
9.63699	0.0156072	140.258	0.824998	0
9.63279	0.0154237	138.676	0.83622	0
9.6366	0.0158839	139.858	0.83384	0
9.62452	0.0156192	140.591	0.83554	0
9.62447	0.0156165	140.375	0.838601	0
9.64482	0.016019	141.608	0.848123	0
9.65119	0.015614	139.242	0.849823	0
9.64838	0.0158083	139.192	0.83384	0
9.65507	0.0156916	139.642	0.829079	0
9.65908	0.015802	139.675	0.828059	0
9.65175	0.0154232	138.975	0.83452	0
9.64979	0.0158304	140.208	0.828739	0
9.66656	0.0157301	140.575	0.852203	0
9.64809	0.0154817	139.142	0.831119	0
9.62789	0.0156336	138.892	0.816157	0
9.63719	0.0153855	140.975	0.817857	0
9.64999	0.0156354	137.543	0.816837	0
9.66169	0.0155455	140.708	0.831459	0
9.67003	0.0155694	140.458	0.811396	0
9.6476	0.0151025	140.275	0.817177	0
9.62636	0.0158643	138.442	0.845062	0
9.65302	0.0151553	139.858	0.83418	0
9.6742	0.0156443	139.475	0.840641	0
9.64403	0.0160805	138.859	0.83554	0
9.62071	0.0156745	137.609	0.828739	0
9.64454	0.0157019	140.791	0.821598	0
9.6548	0.0158126	139.625	0.804254	0
9.64965	0.0156447	139.025	0.83384	0
9.65114	0.0158073	139.525	0.829759	0
9.63593	0.0156297	140.525	0.825678	0
9.62559	0.0155397	139.492	0.857304	0
9.62762	0.0158785	140.608	0.83282	0
9.6412	0.0155426	139.392	0.824318	0
9.63573	0.0156733	140.175	0.837581	0
9.64045	0.0156303	139.492	0.83384	0
9.65655	0.0157963	140.108	0.840301	0
9.63937	0.0152538	141.641	0.827039	0
9.64385	0.0156157	137.793	0.820237	0
9.64528	0.015226	139.658	0.828059	0
9.62888	0.0154172	138.226	0.837241	0
9.63148	0.0155127	139.675	0.83452	0
9.63884	0.0149808	140.691	0.821257	0
9.63708	0.0153387	139.875	0.824658	0
9.642	0.01599	140.675	0.826018	0
9.65811	0.0157598	140.591	0.817857	0
9.64245	0.0155807	139.309	0.830439	0
9.60563	0.0158042	139.658	0.8318	0
9.62696	0.015643	140.258	0.844722	0
9.66671	0.0156069	140.741	0.83214	0
9.64837	0.0152923	140.142	0.822618	0
9.63534	0.0154471	139.708	0.826358	0
9.64581	0.0152291	138.759	0.809015	0
9.6362	0.0152951	139.658	0.83248	0
9.63609	0.0153951	139.592	0.83622	0
9.65573	0.01582	139.808	0.853564	0
9.64377	0.0157647	140.225	0.824658	0
9.64332	0.0157547	140.125	0.839621	0
9.65614	0.0157126	139.192	0.820577	0
9.63765	0.0154464	138.676	0.821598	0
9.62317	0.0160188	139.825	0.830099	0
9.64155	0.0160026	140.825	0.841661	0
9.65897	0.0155404	138.892	0.830779	0
9.6612	0.0156225	141.308	0.812756	0
9.65207	0.0161163	140.008	0.846762	0
9.62844	0.0156863	140.125	0.829079	0
9.62944	0.0157616	139.209	0.83452	0
9.65075	0.0159007	137.959	0.820237	0
9.65612	0.0157688	139.892	0.817857	0
9.65469	0.0155967	139.492	0.830099	0
9.65121	0.0155889	139.908	0.824658	0
9.6462	0.0155679	141.374	0.837921	0
9.63682	0.0154204	138.842	0.83486	0
9.62195	0.0157274	140.208	0.8318	0
9.64492	0.0155968	140.991	0.8335	0
9.65247	0.0153205	141.175	0.830099	0
9.63008	0.0156077	139.142	0.838261	0
9.63302	0.0155371	139.625	0.830099	0
9.64235	0.0157115	139.492	0.820237	0
9.61649	0.0153666	140.008	0.837581	0
9.62575	0.0159902	139.625	0.830439	0
9.66024	0.0157264	140.875	0.83316	0
9.64424	0.0159398	138.759	0.842001	0
9.62135	0.0158977	140.092	0.830779	0
9.61673	0.0153011	138.126	0.830439	0
9.60714	0.015804	140.342	0.814796	0
9.62669	0.0157147	141.241	0.843022	0
9.64066	0.0159594	140.392	0.837581	0
9.62723	0.0157471	138.459	0.823638	0
9.61614	0.0154564	140.392	0.840981	0
9.63897	0.015705	139.808	0.857304	0
9.65342	0.0155764	138.692	0.846422	0
9.62403	0.0157309	138.276	0.8369	0
9.61802	0.0157575	141.208	0.856964	0
9.63967	0.0155467	139.159	0.827719	0
9.63559	0.0152048	139.842	0.818197	0
9.65497	0.0154016	140.258	0.83452	0
9.66944	0.0158143	140.641	0.852884	0
9.65186	0.0158974	140.441	0.825678	0
9.65116	0.0155766	139.025	0.844382	0
9.66578	0.0154153	139.808	0.837241	0
9.64726	0.0152708	138.975	0.821938	0
9.64175	0.015724	140.758	0.848123	0
9.63648	0.015421	140.858	0.822958	0
0	0	0	0	0
0	0	0	0	0
0	0	0	0	0
0	0	0	0	0
0	0	0	0	0
0	0	0	0	0
0	0	0	0	0
0	0	0	0	0
0	0	0	0	0
0	0	0	0	0
0	0	0	0	0
0	0	0	0	0
0	0	0	0	0
0	0	0	0	0
0	0	0	0	0
0	0	0	0	0
0	0	0	0	0
0	0	0	0	0
0	0	0	0	0
0	0	0	0	0
0	0	0	0	0
0	0	0	0	0
0	0	0	0	0
0	0	0	0	0
0	0	0	0	0
0	0	0	0	0
0	0	0	0	0
0	0	0	0	0
0	0	0	0	0
0	0	0	0	0
0	0	0	0	0
0	0	0	0	0
0	0	0	0	0
0	0	0	0	0
0	0	0	0	0
0	0	0	0	0
0	0	0	0	0
0	0	0	0	0
0	0	0	0	0
0	0	0	0	0
0	0	0	0	0
0	0	0	0	0
0	0	0	0	0
0	0	0	0	0
0	0	0	0	0
0	0	0	0	0
0	0	0	0	0
0	0	0	0	0
0	0	0	0	0
0	0	0	0	0
0	0	0	0	0
0	0	0	0	0
0	0	0	0	0
0	0	0	0	0
0	0	0	0	0
0	0	0	0	0
0	0	0	0	0
0	0	0	0	0
0	0	0	0	0
0	0	0	0	0
0	0	0	0	0
0	0	0	0	0
0	0	0	0	0
0	0	0	0	0
0	0	0	0	0
0	0	0	0	0
0	0	0	0	0
0	0	0	0	0
0	0	0	0	0
0	0	0	0	0
0	0	0	0	0
0	0	0	0	0
0	0	0	0	0
0	0	0	0	0
0	0	0	0	0
0	0	0	0	0
0	0	0	0	0
0	0	0	0	0
0	0	0	0	0
0	0	0	0	0
0	0	0	0	0
0	0	0	0	0
0	0	0	0	0
0	0	0	0	0
0	0	0	0	0
0	0	0	0	0
0	0	0	0	0
0	0	0	0	0
0	0	0	0	0
0	0	0	0	0
0	0	0	0	0
0	0	0	0	0
0	0	0	0	0
0	0	0	0	0
0	0	0	0	0
0	0	0	0	0
0	0	0	0	0
0	0	0	0	0
0	0	0	0	0
0	0	0	0	0
0	0	0	0	0
0	0	0	0	0
0	0	0	0	0
0	0	0	0	0
0	0	0	0	0
0	0	0	0	0
0	0	0	0	0
0	0	0	0	0
0	0	0	0	0
0	0	0	0	0
0	0	0	0	0
0	0	0	0	0
0	0	0	0	0
0	0	0	0	0
0	0	0	0	0
0	0	0	0	0
0	0	0	0	0
0	0	0	0	0
0	0	0	0	0
0	0	0	0	0
0	0	0	0	0
0	0	0	0	0
0	0	0	0	0
0	0	0	0	0
0	0	0	0	0
0	0	0	0	0
0	0	0	0	0
0	0	0	0	0
0	0	0	0	0
0	0	0	0	0
0	0	0	0	0
0	0	0	0	0
0	0	0	0	0
0	0	0	0	0
0	0	0	0	0
0	0	0	0	0
0	0	0	0	0
0	0	0	0	0
0	0	0	0	0
0	0	0	0	0
0	0	0	0	0
0	0	0	0	0
0	0	0	0	0
0	0	0	0	0
0	0	0	0	0
0	0	0	0	0
0	0	0	0	0
0	0	0	0	0
0	0	0	0	0
0	0	0	0	0
0	0	0	0	0
0	0	0	0	0
0	0	0	0	0
0	0	0	0	0
0	0	0	0	0
0	0	0	0	0
0	0	0	0	0
0	0	0	0	0
0	0	0	0	0
0	0	0	0	0
0	0	0	0	0
0	0	0	0	0
0	0	0	0	0
0	0	0	0	0
0	0	0	0	0
0	0	0	0	0
0	0	0	0	0
0	0	0	0	0
0	0	0	0	0
0	0	0	0	0
0	0	0	0	0
0	0	0	0	0
0	0	0	0	0
0	0	0	0	0
0	0	0	0	0
0	0	0	0	0
0	0	0	0	0
0	0	0	0	0
0	0	0	0	0
0	0	0	0	0
0	0	0	0	0
0	0	0	0	0
0	0	0	0	0
0	0	0	0	0
0	0	0	0	0
0	0	0	0	0
0	0	0	0	0
0	0	0	0	0
0	0	0	0	0
0	0	0	0	0
0	0	0	0	0
0	0	0	0	0
0	0	0	0	0
0	0	0	0	0
0	0	0	0	0
0	0	0	0	0
0	0	0	0	0
0	0	0	0	0
0	0	0	0	0
0	0	0	0	0
0	0	0	0	0
0	0	0	0	0
0	0	0	0	0
0	0	0	0	0
0	0	0	0	0
0	0	0	0	0
0	0	0	0	0
0	0	0	0	0
0	0	0	0	0
0	0	0	0	0
0	0	0	0	0
0	0	0	0	0
0	0	0	0	0
0	0	0	0	0
0	0	0	0	0
0	0	0	0	0
0	0	0	0	0
0	0	0	0	0
0	0	0	0	0
0	0	0	0	0
0	0	0	0	0
0	0	0	0	0
0	0	0	0	0
0	0	0	0	0
0	0	0	0	0
0	0	0	0	0
0	0	0	0	0
0	0	0	0	0
0	0	0	0	0
0	0	0	0	0
0	0	0	0	0
0	0	0	0	0
0	0	0	0	0
0	0	0	0	0
0	0	0	0	0
0	0	0	0	0
0	0	0	0	0
0	0	0	0	0
0	0	0	0	0
0	0	0	0	0
0	0	0	0	0
0	0	0	0	0
0	0	0	0	0
0	0	0	0	0
0	0	0	0	0
0	0	0	0	0
0	0	0	0	0
0	0	0	0	0
0	0	0	0	0
0	0	0	0	0
0	0	0	0	0
0	0	0	0	0
0	0	0	0	0
0	0	0	0	0
0	0	0	0	0
0	0	0	0	0
0	0	0	0	0
0	0	0	0	0
0	0	0	0	0
0	0	0	0	0
0	0	0	0	0
0	0	0	0	0
0	0	0	0	0
0	0	0	0	0
0	0	0	0	0
0	0	0	0	0
0	0	0	0	0
0	0	0	0	0
0	0	0	0	0
0	0	0	0	0
0	0	0	0	0
0	0	0	0	0
0	0	0	0	0
0	0	0	0	0
0	0	0	0	0
0	0	0	0	0
0	0	0	0	0
0	0	0	0	0
0	0	0	0	0
0	0	0	0	0
0	0	0	0	0
0	0	0	0	0
0	0	0	0	0
0	0	0	0	0
0	0	0	0	0
0	0	0	0	0
0	0	0	0	0
0	0	0	0	0
0	0	0	0	0
0	0	0	0	0
0	0	0	0	0
0	0	0	0	0
0	0	0	0	0
0	0	0	0	0
0	0	0	0	0
0	0	0	0	0
0	0	0	0	0
0	0	0	0	0
0	0	0	0	0
0	0	0	0	0
0	0	0	0	0
0	0	0	0	0
0	0	0	0	0
0	0	0	0	0
0	0	0	0	0
0	0	0	0	0
0	0	0	0	0
0	0	0	0	0
0	0	0	0	0
0	0	0	0	0
0	0	0	0	0
0	0	0	0	0
0	0	0	0	0
0	0	0	0	0
0	0	0	0	0
0	0	0	0	0
0	0	0	0	0
0	0	0	0	0
0	0	0	0	0
0	0	0	0	0
0	0	0	0	0
0	0	0	0	0
0	0	0	0	0
0	0	0	0	0
0	0	0	0	0
0	0	0	0	0
0	0	0	0	0
0	0	0	0	0
0	0	0	0	0
0	0	0	0	0
0	0	0	0	0
0	0	0	0	0
0	0	0	0	0
0	0	0	0	0
0	0	0	0	0
0	0	0	0	0
0	0	0	0	0
0	0	0	0	0
0	0	0	0	0
0	0	0	0	0
0	0	0	0	0
0	0	0	0	0
0	0	0	0	0
0	0	0	0	0
0	0	0	0	0
0	0	0	0	0
0	0	0	0	0
0	0	0	0	0
0	0	0	0	0
0	0	0	0	0
0	0	0	0	0
0	0	0	0	0
0	0	0	0	0
0	0	0	0	0
0	0	0	0	0
0	0	0	0	0
0	0	0	0	0
0	0	0	0	0
0	0	0	0	0
0	0	0	0	0
0	0	0	0	0
0	0	0	0	0
0	0	0	0	0
0	0	0	0	0
0	0	0	0	0
0	0	0	0	0
0	0	0	0	0
0	0	0	0	0
0	0	0	0	0
0	0	0	0	0
0	0	0	0	0
0	0	0	0	0
0	0	0	0	0
0	0	0	0	0
0	0	0	0	0
0	0	0	0	0
0	0	0	0	0
0	0	0	0	0
0	0	0	0	0
0	0	0	0	0
0	0	0	0	0
0	0	0	0	0
0	0	0	0	0
0	0	0	0	0
0	0	0	0	0
0	0	0	0	0
0	0	0	0	0
0	0	0	0	0
0	0	0	0	0
0	0	0	0	0
0	0	0	0	0
0	0	0	0	0
0	0	0	0	0
0	0	0	0	0
0	0	0	0	0
0	0	0	0	0
0	0	0	0	0
0	0	0	0	0
0	0	0	0	0
0	0	0	0	0
