a2610910.350242
Narit-cm 09/01/2026 10:05:01 09/01/2026 10:35:02 0045 0013.384714 0052.542598 00.0 00.0
0002401 0010 0000000 0010 05 0000000 0010 0000000 0010
1 0 1 01600 1 0000 3.75 00000.o 0 0 01 000 16 002401 0.500 BT0
1 2 1 02000 1 0000 3.75 00000.o 0 0 01 000 16 002401 0.500 S2A0
1 1 1 01600 1 0000 3.75 00000.o 0 0 00 000 00 002401 3.1746 BC0
1 3 1 02000 1 0000 3.75 00000.o 0 0 00 000 00 002401 3.1746 S2P0
1 5 0 01600 0 0000 1.00 00000.o 0 0 00 000 00 000000 0.000 OF0
0.000 .o Analog 0 	0.000 .o Analog StErr 0 	0.000 .o Photon Counting 0 	0.000 .o PC StErr 0 	0.000 .o Overflow Info 0 
35.1447	0.150757	165.314	0.854244	0
63.5429	0.233477	172.145	0.837921	0
157.756	1.10116	100.008	1.2426	0
414.359	1.58626	0.716368	0.110861	1
473.54	0.0256849	18.1258	0.616538	1
473.457	5.59113E-5	128.43	1.20587	0
473.457	0	126.147	1.21777	0
473.457	0	24.3732	0.67537	0
473.457	0	9.21283	0.392095	0
473.457	0	19.975	0.547505	0
473.457	0	52.045	0.819217	0
473.457	0	100.425	0.98993	0
473.457	6.3565E-6	137.459	0.987209	0
473.457	0	122.266	0.995711	0
473.457	0	98.2591	0.945041	0
473.457	0	93.8776	0.914435	0
473.457	0	97.6093	0.910355	0
473.457	0	105.556	0.907294	0
474.509	0.0907456	112.187	0.912395	1
495.591	0.187067	118.551	0.931439	1
499.735	0.0538973	132.195	0.893691	1
499.735	0.0538973	153.269	0.919536	1
499.794	0.0459363	169.863	0.902193	1
499.996	0.00379049	179.925	0.896072	1
500	0	182.224	0.866146	1
497.866	0.0954266	185.989	0.88621	1
474.784	0.27881	186.506	0.892331	1
442.742	0.292692	187.005	0.897772	1
413.531	0.303631	187.322	0.88825	1
387.096	0.323277	185.823	0.861725	1
362.816	0.312023	185.206	0.870567	0
340.534	0.286995	185.14	0.868527	0
320.037	0.267858	182.957	0.869207	0
301.046	0.251964	182.791	0.872267	0
283.404	0.236998	182.207	0.876348	0
266.695	0.222501	181.091	0.859005	0
250.753	0.210325	178.992	0.837581	0
235.885	0.197547	179.892	0.864786	0
221.861	0.187051	177.06	0.861725	0
208.441	0.178551	177.726	0.854584	0
195.815	0.169768	177.376	0.862745	0
183.845	0.1624	176.96	0.849823	0
172.394	0.159106	175.46	0.854584	0
161.42	0.153852	176.21	0.854244	0
150.844	0.14854	175.46	0.846762	0
140.752	0.148044	175.91	0.870227	0
131.054	0.148978	172.978	0.842342	0
121.569	0.147897	172.428	0.83384	0
112.519	0.148555	172.528	0.843022	0
103.801	0.150372	170.596	0.812416	0
95.3409	0.15251	170.696	0.846422	0
87.299	0.152672	170.512	0.831459	0
79.6447	0.150449	170.129	0.839961	0
72.3914	0.148967	170.296	0.839281	0
65.5404	0.145069	168.93	0.8318	0
59.213	0.138082	169.063	0.840981	0
53.5162	0.129928	168.996	0.83588	0
48.3111	0.120588	167.53	0.83384	0
43.6517	0.109888	167.03	0.841661	0
39.7126	0.0995443	168.18	0.821257	0
36.2845	0.0905544	167.064	0.828059	0
33.3428	0.0780832	166.331	0.837921	0
31.0032	0.0684348	164.498	0.815816	0
29.1499	0.061862	164.765	0.839621	0
27.5902	0.0543977	165.065	0.83248	0
26.2346	0.0477834	162.549	0.840981	0
25.1236	0.0428493	161.883	0.851863	0
24.2126	0.0396266	161.449	0.822958	0
23.4149	0.0368033	161.433	0.799153	0
22.7363	0.0339504	162.049	0.83656	0
22.2139	0.0326274	160	0.819217	0
21.7807	0.0318816	157.918	0.814796	0
21.4046	0.0309459	158.401	0.83418	0
21.0589	0.0295416	157.801	0.817517	0
20.7106	0.0290325	157.001	0.823638	0
20.4385	0.0280921	157.085	0.802554	0
20.2012	0.0277567	156.718	0.829419	0
19.9814	0.0276165	155.102	0.809015	0
19.805	0.0267067	157.135	0.816157	0
19.656	0.0272547	154.002	0.807655	0
19.4813	0.0262902	155.302	0.812076	0
19.2953	0.0273579	154.052	0.822958	0
19.1665	0.0273414	155.735	0.818537	0
19.1072	0.0270354	155.069	0.828059	0
19.0028	0.0267191	155.885	0.818197	0
18.8491	0.026053	154.935	0.810375	0
18.7189	0.0258315	153.869	0.831459	0
18.6048	0.0263925	153.186	0.823638	0
18.5097	0.0264551	152.303	0.815136	0
18.4352	0.0258882	153.969	0.817177	0
18.3625	0.0256722	152.353	0.797113	0
18.3193	0.0252986	152.853	0.814116	0
18.2804	0.0261184	153.403	0.821938	0
18.1651	0.0251463	151.27	0.808335	0
18.0449	0.0257433	151.703	0.797453	0
17.9843	0.0257936	151.237	0.812076	0
17.8975	0.0258407	152.27	0.838941	0
17.8315	0.0260501	151.887	0.815476	0
17.7841	0.0259604	151.154	0.821938	0
17.7064	0.0250564	151.554	0.821598	0
17.6616	0.0249064	150.571	0.811056	0
17.5963	0.0258223	151.92	0.844042	0
17.5289	0.0257591	151.204	0.827039	0
17.4812	0.0249321	149.838	0.840641	0
17.4066	0.0242421	151.504	0.809355	0
17.3648	0.0246641	149.221	0.799153	0
17.3339	0.0249955	151.42	0.807315	0
17.2468	0.0248846	149.771	0.820577	0
17.2061	0.0246618	151.32	0.815476	0
17.2321	0.0247732	149.604	0.802214	0
17.1594	0.0240845	149.288	0.817177	0
17.065	0.0245291	150.587	0.812416	0
17.0455	0.0253521	150.054	0.798813	0
17.0021	0.0239998	150.87	0.823978	0
17.0001	0.0243881	150.621	0.812076	0
16.9911	0.0240009	150.004	0.8318	0
16.8922	0.0245304	149.888	0.813096	0
16.8583	0.0249104	150.787	0.803574	0
16.8362	0.0247121	149.221	0.804934	0
16.7835	0.0244543	151.337	0.812756	0
16.7511	0.0240732	149.704	0.814456	0
16.7056	0.0238529	148.938	0.805955	0
16.6731	0.0238576	149.088	0.83486	0
16.6568	0.0241421	147.788	0.816157	0
16.6078	0.02399	151.37	0.807315	0
16.5794	0.0239164	149.604	0.792012	0
16.5326	0.0242429	148.988	0.8369	0
16.466	0.0240178	150.354	0.809355	0
16.4858	0.0234597	149.854	0.837921	0
16.4494	0.0234074	148.588	0.803234	0
16.3709	0.0235575	149.288	0.813096	0
16.3881	0.0237777	150.454	0.847783	0
16.3706	0.0244973	148.755	0.816837	0
16.3213	0.0242442	146.622	0.820577	0
16.286	0.0235232	148.921	0.804934	0
16.2391	0.0237903	147.905	0.809695	0
16.2265	0.0239968	149.271	0.78351	0
16.1907	0.0237837	147.738	0.817857	0
16.1173	0.0237292	148.855	0.791332	0
16.1007	0.0233834	147.622	0.814796	0
16.1064	0.0236191	148.488	0.819557	0
16.084	0.0233168	148.621	0.803234	0
16.064	0.0236242	148.038	0.809355	0
16.0089	0.022748	147.172	0.803234	0
15.9775	0.0233568	148.421	0.842001	0
15.9563	0.0234899	148.272	0.819897	0
15.9038	0.0233693	146.789	0.812076	0
15.8781	0.0230421	147.572	0.820917	0
15.8656	0.0229269	148.888	0.811736	0
15.8366	0.0235077	146.406	0.837581	0
15.7941	0.0235306	147.872	0.824998	0
15.7631	0.022948	147.339	0.830099	0
15.7398	0.0230606	146.872	0.796433	0
15.6937	0.0227429	148.005	0.831119	0
15.6771	0.0223771	148.005	0.802554	0
15.6595	0.0225218	148.455	0.798133	0
15.6052	0.0224003	148.105	0.83656	0
15.5935	0.0232287	147.272	0.813776	0
15.5687	0.0220049	147.172	0.816157	0
15.5255	0.0229999	145.356	0.815136	0
15.5165	0.0218849	147.222	0.824998	0
15.4896	0.0223835	147.522	0.818537	0
15.4367	0.0229038	147.422	0.83452	0
15.4262	0.0227538	145.806	0.816837	0
15.4218	0.0218934	146.822	0.828399	0
15.3453	0.0223289	147.905	0.822618	0
15.2997	0.0225417	145.473	0.814456	0
15.3001	0.0224417	147.805	0.825338	0
15.2793	0.0227263	147.289	0.818877	0
15.2515	0.022138	146.889	0.809015	0
15.2336	0.0227174	147.139	0.823978	0
15.1986	0.0218973	146.256	0.821598	0
15.1747	0.0221308	145.606	0.838261	0
15.1431	0.0226543	145.289	0.820237	0
15.0999	0.0218676	146.006	0.819217	0
15.1053	0.0220527	145.506	0.806975	0
15.0755	0.0223577	145.356	0.797793	0
14.9961	0.0218797	145.773	0.828739	0
14.9919	0.0220092	146.739	0.819557	0
15.0079	0.0223848	145.173	0.797453	0
14.9439	0.0224153	146.739	0.830439	0
14.9237	0.0221808	146.256	0.818197	0
14.9435	0.022174	144.706	0.802554	0
14.8995	0.0221789	144.79	0.800173	0
14.8502	0.0219807	146.639	0.804254	0
14.8624	0.0223479	145.873	0.804254	0
14.8526	0.022053	146.022	0.816497	0
14.8106	0.0220291	144.406	0.818877	0
14.7875	0.0216507	144.073	0.823978	0
14.743	0.0217631	146.089	0.813776	0
14.6866	0.0215223	144.14	0.828059	0
14.6486	0.022178	143.923	0.83418	0
14.6401	0.0216851	144.073	0.808335	0
14.6682	0.0215632	144.423	0.809015	0
14.647	0.0216135	144.39	0.813776	0
14.5807	0.0209622	143.074	0.810035	0
14.5786	0.0214694	144.49	0.819217	0
14.5811	0.0214972	145.19	0.827379	0
14.5289	0.0215473	145.673	0.838601	0
14.4924	0.0215858	145.106	0.827039	0
14.5115	0.0213464	143.44	0.827719	0
14.4684	0.0218486	144.706	0.804934	0
14.4117	0.0220736	144.756	0.816837	0
14.403	0.021467	143.457	0.809695	0
14.3948	0.0219214	144.373	0.815476	0
14.3933	0.0215855	143.49	0.797453	0
14.3647	0.0216735	143.007	0.811056	0
14.3286	0.0215436	143.99	0.788271	0
14.3066	0.0219534	142.974	0.800854	0
14.2795	0.0217799	142.607	0.840301	0
14.2593	0.0210268	144.423	0.812076	0
14.2687	0.0215396	143.623	0.838261	0
14.2456	0.0209107	143.89	0.808335	0
14.2001	0.0212127	143.407	0.824998	0
14.196	0.0208718	143.657	0.821598	0
14.1758	0.0212013	143.44	0.83418	0
14.1527	0.0206455	143.79	0.816837	0
14.1589	0.0206335	143.324	0.823298	0
14.1595	0.0208787	143.324	0.83452	0
14.1405	0.0208779	143.89	0.801874	0
14.1118	0.0207391	144.756	0.804934	0
14.0812	0.0208074	144.323	0.813436	0
14.076	0.0209708	141.674	0.827379	0
14.0698	0.0213714	141.424	0.790992	0
14.0457	0.0214967	142.407	0.805274	0
14.0202	0.020902	142.824	0.817177	0
14.0068	0.0209329	143.49	0.806975	0
14.0176	0.0210605	143.49	0.799833	0
14.0031	0.0207804	143.49	0.804594	0
13.9334	0.0208334	142.207	0.803574	0
13.9199	0.0212886	143.44	0.815476	0
13.9393	0.02099	143.057	0.83282	0
13.9218	0.0208523	141.941	0.8352	0
13.8946	0.0211328	141.308	0.810035	0
13.847	0.0210084	144.406	0.815816	0
13.8332	0.0209615	142.957	0.800514	0
13.8644	0.0208626	143.157	0.826699	0
13.8425	0.0206481	142.691	0.801534	0
13.7888	0.020483	142.057	0.799833	0
13.8083	0.0206207	141.125	0.810035	0
13.8104	0.0212054	143.757	0.822958	0
13.7836	0.0205972	141.474	0.815136	0
13.7658	0.0211567	142.674	0.804934	0
13.7639	0.0212759	142.541	0.820917	0
13.767	0.0204404	143.04	0.820237	0
13.7534	0.0201591	142.724	0.814796	0
13.7042	0.0203175	142.407	0.812756	0
13.682	0.0201266	141.524	0.803914	0
13.6782	0.0201892	142.774	0.809695	0
13.665	0.0210213	140.975	0.818877	0
13.6544	0.0204761	142.241	0.821257	0
13.65	0.0201866	142.641	0.816837	0
13.654	0.0203424	141.141	0.806635	0
13.601	0.0204855	141.058	0.807655	0
13.5965	0.0203227	141.891	0.800173	0
13.6334	0.0200371	141.974	0.813096	0
13.603	0.0202093	142.591	0.820917	0
13.5952	0.0204306	142.791	0.828399	0
13.6	0.0202813	140.641	0.818877	0
13.5698	0.0211267	141.958	0.794052	0
13.5652	0.0202525	140.841	0.803234	0
13.5446	0.0195568	141.974	0.829079	0
13.5154	0.0205514	141.408	0.804254	0
13.5324	0.0203357	140.891	0.811056	0
13.5155	0.0199729	141.291	0.811396	0
13.4857	0.0199505	140.258	0.827719	0
13.4777	0.0203444	140.208	0.826358	0
13.4676	0.019806	141.208	0.825338	0
13.4694	0.0203406	142.357	0.805274	0
13.4901	0.0210492	141.191	0.797453	0
13.4751	0.0201719	140.625	0.820237	0
13.4341	0.0198028	140.558	0.815136	0
13.4281	0.0202539	140.225	0.805955	0
13.4286	0.0197267	140.042	0.793712	0
13.4342	0.020296	144.123	0.807315	0
13.4298	0.0200372	140.608	0.789971	0
13.3878	0.0203473	141.125	0.830439	0
13.3874	0.0205592	141.891	0.814796	0
13.3934	0.020047	140.441	0.814796	0
13.3413	0.0195965	141.608	0.795753	0
13.3477	0.0204402	140.941	0.827039	0
13.385	0.0202396	141.091	0.800173	0
13.3488	0.0199422	140.591	0.796093	0
13.3368	0.0203317	142.241	0.816837	0
13.3371	0.0196435	140.658	0.801194	0
13.3064	0.0201648	140.975	0.800173	0
13.2958	0.0202105	140.691	0.827379	0
13.308	0.0198742	140.092	0.839961	0
13.3136	0.0195353	142.091	0.809015	0
13.2695	0.0204334	141.058	0.799493	0
13.2426	0.0196301	141.658	0.811736	0
13.2659	0.0197408	140.491	0.791672	0
13.2763	0.0197192	141.791	0.814116	0
13.2568	0.0199922	141.691	0.798473	0
13.2243	0.0200917	140.208	0.796433	0
13.2296	0.0200805	140.825	0.806975	0
13.2583	0.0192656	140.791	0.83214	0
13.2513	0.0200746	140.841	0.810375	0
13.2342	0.0198603	140.791	0.83214	0
13.2372	0.0201875	140.158	0.818197	0
13.2214	0.0197345	140.808	0.802214	0
13.2143	0.0194962	140.408	0.814456	0
13.2368	0.0196301	139.925	0.813776	0
13.2384	0.0192675	140.491	0.830099	0
13.2111	0.0195932	140.025	0.801874	0
13.2001	0.0200825	140.441	0.810715	0
13.203	0.0197294	140.208	0.818537	0
13.1935	0.0197015	141.608	0.798133	0
13.1857	0.0193217	139.375	0.840641	0
13.1886	0.0195317	140.075	0.815476	0
13.1905	0.0197146	139.908	0.800173	0
13.1691	0.0200709	139.908	0.826018	0
13.1779	0.0196801	139.942	0.801874	0
13.1874	0.0201133	141.075	0.828399	0
13.1715	0.0196949	140.075	0.804594	0
13.1754	0.0202418	139.359	0.806635	0
13.1871	0.0198606	141.175	0.821257	0
13.1688	0.0201735	140.008	0.803574	0
13.1283	0.019878	138.742	0.820237	0
13.1326	0.0192945	140.791	0.807315	0
13.1658	0.0201125	141.058	0.831459	0
13.1568	0.0197124	140.908	0.811056	0
13.1274	0.0199951	138.792	0.825338	0
13.1283	0.019779	140.541	0.823638	0
13.1283	0.0203768	140.092	0.817517	0
13.0976	0.0198062	140.292	0.821257	0
13.102	0.0196982	140.325	0.813776	0
13.1252	0.0191945	140.425	0.807655	0
13.097	0.0195361	139.958	0.823978	0
13.0948	0.0195617	139.475	0.809355	0
13.1142	0.0201112	140.558	0.822958	0
13.1002	0.0203434	138.992	0.799493	0
13.0895	0.0195153	139.159	0.799153	0
13.1068	0.0195472	140.675	0.809355	0
13.0958	0.0199233	140.242	0.824318	0
13.0554	0.0199874	139.758	0.793712	0
13.0568	0.0200775	138.859	0.803574	0
13.0676	0.0201065	139.209	0.804254	0
13.0542	0.0197139	139.509	0.820917	0
13.0581	0.0194403	141.241	0.797453	0
13.042	0.0192684	141.241	0.791332	0
13.0329	0.0196563	139.092	0.794052	0
13.0637	0.0194791	140.758	0.803574	0
13.0676	0.0198706	139.742	0.802214	0
13.0317	0.0199677	140.675	0.807655	0
13.032	0.0198531	139.658	0.819897	0
13.059	0.0197644	140.108	0.820237	0
13.0699	0.019439	140.875	0.828739	0
13.0423	0.019722	139.259	0.811396	0
13.0066	0.0198762	138.776	0.808675	0
13.002	0.0196353	140.042	0.796433	0
13.0018	0.0193524	138.592	0.828739	0
13.0102	0.0193665	139.325	0.818877	0
13.005	0.0195529	139.658	0.810715	0
13.0086	0.019642	139.242	0.823978	0
13.0017	0.0197171	139.509	0.809695	0
12.9538	0.0192496	138.842	0.811396	0
12.9717	0.019961	139.942	0.809015	0
13.0189	0.0200474	139.192	0.805614	0
12.9953	0.0195873	137.993	0.823978	0
12.983	0.0191301	139.442	0.810035	0
13.015	0.0196736	137.726	0.828059	0
12.982	0.0196618	139.025	0.83214	0
12.9545	0.0196578	139.192	0.817177	0
12.9944	0.0196268	138.809	0.821257	0
13	0.0192458	138.392	0.806975	0
12.9497	0.0197968	138.526	0.806975	0
12.9576	0.0195158	140.042	0.823298	0
12.9844	0.019561	139.992	0.821598	0
12.9669	0.0194999	139.292	0.803574	0
12.9654	0.019707	138.292	0.804594	0
12.9983	0.0195352	138.109	0.818197	0
12.996	0.0194646	139.758	0.809015	0
12.9641	0.0195629	138.859	0.804594	0
12.9404	0.0193389	138.875	0.812076	0
12.9498	0.0192193	138.592	0.793372	0
12.9648	0.0192334	138.759	0.794392	0
12.9426	0.019406	138.526	0.823298	0
12.945	0.0196576	139.775	0.815816	0
12.9413	0.0202326	138.825	0.811736	0
12.9196	0.0192301	138.859	0.799833	0
12.9144	0.0196838	139.092	0.805955	0
12.9109	0.0197046	138.042	0.811396	0
12.9138	0.0193015	138.776	0.808675	0
12.9163	0.0192594	139.758	0.804254	0
12.8813	0.0192832	141.091	0.818537	0
12.8756	0.019628	138.476	0.802214	0
12.9085	0.0198913	137.676	0.8352	0
12.9002	0.0192212	139.309	0.794392	0
12.8914	0.019625	137.743	0.794392	0
12.9095	0.0195687	138.859	0.806635	0
12.9253	0.0195883	140.058	0.818197	0
12.901	0.0195636	138.576	0.825678	0
12.8877	0.0189658	138.892	0.78453	0
12.8977	0.0188846	139.325	0.816837	0
12.8922	0.0194688	138.359	0.810715	0
12.8927	0.0192655	139.125	0.796433	0
12.887	0.0193855	139.742	0.814456	0
12.8738	0.0189865	137.676	0.798813	0
12.8831	0.019375	138.992	0.792012	0
12.9	0.0193578	140.691	0.83554	0
12.8963	0.0194244	139.725	0.806635	0
12.9094	0.0193046	139.242	0.812076	0
12.9106	0.0198827	138.042	0.810035	0
12.8801	0.0193678	139.109	0.811396	0
12.8619	0.019194	140.808	0.805614	0
12.8687	0.0196491	139.242	0.806975	0
12.8891	0.0193317	139.125	0.820577	0
12.9004	0.0193555	138.859	0.812076	0
12.8762	0.0192204	138.626	0.796093	0
12.859	0.0195854	138.259	0.802894	0
12.8732	0.0188962	139.908	0.831459	0
12.8851	0.0191744	137.376	0.811056	0
12.8568	0.0192841	139.925	0.78385	0
12.8428	0.0194481	139.309	0.818537	0
12.8444	0.0193751	138.875	0.813096	0
12.8401	0.019154	139.242	0.828059	0
12.8668	0.0194475	138.009	0.788271	0
12.8677	0.0196059	138.359	0.825678	0
12.8711	0.0197282	140.575	0.809355	0
12.8775	0.0193541	137.293	0.798473	0
12.8549	0.0189705	139.958	0.821257	0
12.8818	0.0197061	139.975	0.819557	0
12.8985	0.0192462	138.326	0.813776	0
12.8663	0.0189642	137.709	0.799153	0
12.8645	0.0193872	140.508	0.840981	0
12.8678	0.0194826	138.459	0.799833	0
12.8353	0.0191607	139.758	0.806635	0
12.8376	0.0197136	139.459	0.820917	0
12.8576	0.0195069	137.876	0.797453	0
12.8523	0.0191588	136.81	0.821257	0
12.8498	0.0196426	139.692	0.807315	0
12.8698	0.0190735	138.042	0.809355	0
12.869	0.0193286	138.492	0.791332	0
12.8683	0.0191959	137.843	0.803574	0
12.8776	0.0195075	139.159	0.811736	0
12.8683	0.0197094	138.809	0.823298	0
12.8702	0.0192721	138.092	0.795753	0
12.8901	0.0197951	139.642	0.808335	0
12.8664	0.0193349	139.625	0.827379	0
12.8524	0.0189463	139.958	0.798133	0
12.8368	0.0193972	139.109	0.799153	0
12.8187	0.0190897	138.792	0.824998	0
12.8708	0.0193235	139.892	0.815136	0
12.8763	0.0197161	139.075	0.804254	0
12.8259	0.0192997	138.359	0.806635	0
12.8263	0.0196688	139.509	0.827379	0
12.826	0.0187063	139.042	0.818877	0
12.8222	0.0190656	139.042	0.809695	0
12.8386	0.0193668	137.893	0.797453	0
12.8297	0.0190826	138.309	0.807655	0
12.8139	0.0193108	138.576	0.799833	0
12.8218	0.0190019	138.742	0.790652	0
12.8182	0.018995	140.325	0.807655	0
12.8299	0.0189483	138.609	0.802894	0
12.8399	0.0190652	138.209	0.818537	0
12.8499	0.0190138	140.008	0.828059	0
12.8359	0.0193729	139.642	0.806635	0
12.8042	0.0192849	138.676	0.806295	0
12.8228	0.0195885	140.342	0.809355	0
12.8553	0.0198504	138.142	0.820237	0
12.8419	0.0197993	137.943	0.817517	0
12.8178	0.0198525	137.693	0.813776	0
12.8289	0.0194826	138.975	0.796433	0
12.8478	0.0200568	138.276	0.799833	0
12.8203	0.01907	138.842	0.825338	0
12.8204	0.0192324	139.175	0.808675	0
12.8449	0.0191824	140.358	0.786911	0
12.8519	0.019588	138.792	0.800173	0
12.8312	0.0199188	138.242	0.802894	0
12.8176	0.0193729	139.292	0.803574	0
12.8407	0.0198989	139.342	0.83282	0
12.8326	0.0193895	138.509	0.816837	0
12.8008	0.0193795	139.292	0.809355	0
12.8186	0.0195794	139.675	0.797453	0
12.8241	0.0193684	138.992	0.798133	0
12.7935	0.0193324	137.976	0.806975	0
12.7969	0.0194676	140.092	0.796093	0
12.8087	0.0187406	138.159	0.817177	0
12.801	0.0194406	138.925	0.812756	0
12.8252	0.0193044	139.042	0.805274	0
12.8614	0.0193689	139.992	0.800854	0
12.8408	0.0195804	139.559	0.801874	0
12.8281	0.0192313	138.709	0.83452	0
12.8445	0.0194523	138.642	0.794052	0
12.8302	0.0195472	139.725	0.815136	0
12.8001	0.0191828	136.926	0.801874	0
12.7966	0.019216	139.858	0.788611	0
12.8194	0.0189708	138.909	0.804594	0
12.8386	0.0196823	139.625	0.815476	0
12.8312	0.0196843	139.075	0.815136	0
12.8126	0.0191955	138.276	0.821598	0
12.793	0.0194237	139.675	0.807655	0
12.7925	0.0195698	137.06	0.820237	0
12.7978	0.0193115	137.876	0.824318	0
12.8126	0.0194109	139.642	0.808675	0
12.8226	0.0190722	138.309	0.806635	0
12.8112	0.0192767	138.326	0.809015	0
12.8106	0.0190846	140.275	0.804594	0
12.8052	0.0192393	139.892	0.812756	0
12.7731	0.0191905	138.226	0.829079	0
12.7797	0.0198806	139.192	0.807995	0
12.8312	0.019101	137.943	0.809355	0
12.8526	0.0194207	138.242	0.821598	0
12.8577	0.0196538	138.476	0.796433	0
12.8362	0.0193115	138.742	0.813096	0
12.814	0.0194898	138.642	0.800854	0
12.817	0.0192567	138.176	0.806635	0
12.814	0.0195164	139.675	0.795413	0
12.8011	0.019636	138.326	0.797793	0
12.801	0.0198195	137.793	0.812416	0
12.7886	0.019514	138.726	0.821257	0
12.7854	0.0188937	139.492	0.817857	0
12.8185	0.0193929	137.693	0.799833	0
12.8224	0.0192665	139.559	0.815476	0
12.8016	0.0193724	137.559	0.815816	0
12.7805	0.0190588	138.975	0.793372	0
12.7627	0.0191889	139.159	0.810715	0
12.7634	0.0192059	137.893	0.814796	0
12.758	0.0196912	138.609	0.799833	0
12.7981	0.0190161	139.492	0.795413	0
12.8081	0.0191632	138.875	0.813776	0
12.7666	0.0192276	138.459	0.822618	0
12.7803	0.0186541	138.026	0.809015	0
12.7744	0.0193573	138.809	0.820237	0
12.7689	0.0193882	140.358	0.787931	0
12.8031	0.0194887	138.342	0.799493	0
12.7946	0.0193212	138.176	0.794052	0
12.7647	0.0189188	138.409	0.819557	0
12.7751	0.0189842	139.509	0.808335	0
12.8025	0.0188332	140.008	0.806975	0
12.7929	0.0193013	139.758	0.813436	0
12.7769	0.0202099	137.193	0.795753	0
12.7733	0.0189991	138.309	0.809355	0
12.7684	0.0191238	138.792	0.819217	0
12.7824	0.0193606	140.042	0.826018	0
12.7677	0.0193416	138.909	0.827719	0
12.7598	0.0194563	138.825	0.816837	0
12.7907	0.0187977	138.642	0.811736	0
12.7999	0.0195137	138.226	0.823298	0
12.7795	0.0189675	138.975	0.805955	0
12.7509	0.0189722	138.392	0.808335	0
12.72	0.0192798	137.06	0.802894	0
12.7192	0.0196175	137.943	0.816497	0
12.7328	0.0192824	137.976	0.818197	0
12.7484	0.0193138	138.459	0.821257	0
12.7677	0.01896	138.559	0.815476	0
12.747	0.0190983	138.426	0.815136	0
12.7405	0.019228	138.026	0.798813	0
12.7412	0.0187798	137.709	0.791672	0
12.7374	0.0192261	137.276	0.811396	0
12.7353	0.0188721	138.009	0.841661	0
12.7569	0.0190725	138.692	0.787931	0
12.7655	0.0190386	138.825	0.800514	0
12.7257	0.0194771	138.292	0.801534	0
12.7296	0.019556	137.993	0.827719	0
12.754	0.0196472	138.809	0.806295	0
12.7447	0.0193961	138.809	0.824318	0
12.7477	0.0196546	137.893	0.794732	0
12.7621	0.0195905	138.426	0.815136	0
12.7654	0.0193084	137.909	0.824658	0
12.7776	0.0190468	139.409	0.798473	0
12.7613	0.0188873	137.759	0.809015	0
12.7457	0.0191307	139.542	0.785891	0
12.7739	0.0189663	138.476	0.807995	0
12.7586	0.0189867	138.426	0.787251	0
12.7409	0.0190789	139.608	0.830779	0
12.7674	0.0190189	138.376	0.829079	0
12.7758	0.0200437	137.276	0.829759	0
12.7477	0.0197042	136.876	0.810715	0
12.7452	0.0193345	138.342	0.811056	0
12.7414	0.0190532	137.393	0.791672	0
12.7234	0.0194759	138.126	0.816497	0
12.7476	0.0196277	139.125	0.814456	0
12.774	0.0195902	139.242	0.816837	0
12.7648	0.0193862	139.792	0.800854	0
12.7628	0.0187676	138.459	0.824998	0
12.7538	0.0192919	137.726	0.817857	0
12.738	0.019137	139.459	0.787931	0
12.7618	0.0190126	138.742	0.802894	0
12.7691	0.0191115	136.643	0.814116	0
12.7367	0.0194515	139.559	0.808675	0
12.7309	0.019439	138.376	0.816157	0
12.7458	0.0193978	138.426	0.809015	0
12.7532	0.0190661	138.975	0.807655	0
12.7314	0.0187875	138.859	0.796773	0
12.7206	0.019469	138.609	0.809355	0
12.7501	0.0189659	138.476	0.807995	0
12.76	0.0191018	138.309	0.818877	0
12.7343	0.0190171	138.009	0.792692	0
12.7252	0.0184943	138.659	0.820237	0
12.7302	0.0188716	138.909	0.793032	0
12.7466	0.0190997	140.092	0.820237	0
12.7641	0.0187758	137.843	0.803234	0
12.758	0.0190818	138.192	0.819557	0
12.7524	0.019291	136.576	0.83214	0
12.7589	0.0194083	139.025	0.816837	0
12.7578	0.0188473	139.442	0.828399	0
12.732	0.0190579	138.459	0.810035	0
12.7445	0.0192858	138.942	0.806295	0
12.7601	0.0193887	139.075	0.804594	0
12.7373	0.0194451	139.409	0.826699	0
12.7545	0.0192485	138.742	0.818197	0
12.7664	0.0189351	139.042	0.812076	0
12.7377	0.0192651	139.442	0.806295	0
12.7503	0.0185926	138.026	0.814116	0
12.7579	0.0192254	137.843	0.803914	0
12.7309	0.0194209	138.909	0.803234	0
12.7535	0.0189018	138.209	0.801534	0
12.7972	0.0196514	139.625	0.795072	0
12.7605	0.0190837	139.075	0.821938	0
12.7053	0.0192215	137.793	0.812416	0
12.7198	0.0193151	139.259	0.809355	0
12.7411	0.0193421	138.892	0.819217	0
12.7283	0.0193085	139.025	0.813096	0
12.7294	0.0191641	137.976	0.823298	0
12.7067	0.0192206	139.042	0.819897	0
12.7099	0.0191248	139.092	0.823638	0
12.7411	0.0191229	138.526	0.806295	0
12.7312	0.0197874	138.825	0.796093	0
12.7151	0.019054	137.626	0.806295	0
12.7205	0.0192524	138.509	0.806295	0
12.7188	0.0192076	139.875	0.800854	0
12.7053	0.0194944	137.859	0.796433	0
12.7441	0.0195273	139.009	0.811736	0
12.7662	0.0193314	139.792	0.819217	0
12.7363	0.0192215	137.709	0.813436	0
12.7237	0.0191878	136.843	0.804254	0
12.7166	0.0191837	140.258	0.816497	0
12.7529	0.0192871	139.525	0.811056	0
12.7719	0.0192874	137.976	0.802554	0
12.7316	0.019482	138.392	0.804594	0
12.734	0.0199633	139.409	0.791332	0
12.7523	0.0188764	137.643	0.819897	0
12.745	0.0188677	138.392	0.810715	0
12.7478	0.0192779	138.959	0.817177	0
12.7105	0.0190384	138.975	0.800173	0
12.6823	0.0191137	137.676	0.786231	0
12.7336	0.0186698	139.459	0.814116	0
12.7604	0.0188123	139.742	0.83418	0
12.7268	0.0192451	138.076	0.800173	0
12.7352	0.0193621	138.626	0.791672	0
12.7614	0.0194021	137.609	0.794392	0
12.7282	0.01919	138.825	0.817517	0
12.7222	0.0192651	139.509	0.805274	0
12.7476	0.0192127	140.325	0.793032	0
12.7485	0.019116	137.959	0.810715	0
12.743	0.0191096	138.676	0.812076	0
12.7314	0.0189961	137.926	0.807655	0
12.7332	0.0194188	138.576	0.806975	0
12.7169	0.0187049	138.792	0.800854	0
12.6799	0.0189891	138.492	0.818537	0
12.7169	0.0197372	138.875	0.789631	0
12.7452	0.0188981	138.859	0.797453	0
12.713	0.0192178	138.476	0.801534	0
12.7099	0.0193762	138.276	0.819217	0
12.7252	0.0189581	140.108	0.824318	0
12.7271	0.0195367	137.843	0.816157	0
12.6994	0.0188144	138.526	0.823638	0
12.7044	0.0191462	137.226	0.809695	0
12.7281	0.0188166	139.892	0.793712	0
12.7229	0.0186805	139.808	0.802894	0
12.7424	0.0194517	137.643	0.814116	0
12.7497	0.0189284	139.192	0.803574	0
12.7269	0.019576	138.459	0.810035	0
12.7336	0.0188289	138.659	0.816157	0
12.7581	0.0198407	138.676	0.801194	0
12.7376	0.019617	137.893	0.808675	0
12.6887	0.0186889	137.409	0.803574	0
12.6875	0.0192237	138.259	0.800514	0
12.7341	0.0193435	137.526	0.788611	0
12.7531	0.0191421	138.792	0.813096	0
12.7379	0.019175	138.442	0.83214	0
12.7216	0.019279	137.659	0.798133	0
12.7027	0.0194511	138.542	0.818537	0
12.7158	0.0190857	139.425	0.798813	0
12.7281	0.0191993	137.843	0.815136	0
12.7384	0.0186096	140.008	0.803234	0
12.7458	0.0191449	139.475	0.794732	0
12.7254	0.0189886	138.359	0.817857	0
12.7279	0.0192886	137.426	0.810035	0
12.7368	0.0188197	138.742	0.820577	0
12.723	0.0188599	139.459	0.810715	0
12.7014	0.018987	138.076	0.803234	0
12.7148	0.0193641	138.842	0.807655	0
12.7338	0.0189685	138.642	0.797793	0
12.7343	0.0190226	138.209	0.793712	0
12.751	0.0189714	139.142	0.807655	0
12.7158	0.0189574	138.226	0.800854	0
12.6705	0.0186605	138.009	0.812756	0
12.703	0.0189783	137.393	0.800854	0
12.7347	0.0190041	139.292	0.793712	0
12.7332	0.0185042	138.342	0.806975	0
12.7345	0.0192087	140.075	0.795072	0
12.7374	0.019439	139.209	0.806635	0
12.7352	0.0192329	138.726	0.805955	0
12.7188	0.0191247	138.759	0.804934	0
12.7126	0.0190233	138.242	0.814456	0
12.6903	0.0195861	138.809	0.805274	0
12.6995	0.0191295	137.676	0.794392	0
12.7142	0.0192494	138.642	0.791672	0
12.7054	0.0192633	138.542	0.818537	0
12.6842	0.0187649	138.309	0.801194	0
12.6808	0.0191249	138.742	0.808675	0
12.7144	0.0194888	138.526	0.812756	0
12.7087	0.0191189	140.375	0.83622	0
12.6865	0.0190352	138.676	0.816497	0
12.7147	0.0192617	138.009	0.798473	0
12.7123	0.0189922	136.926	0.811056	0
12.6823	0.0193644	137.809	0.811056	0
12.6945	0.018939	138.209	0.806295	0
12.6962	0.019177	139.925	0.803914	0
12.6961	0.0191244	138.676	0.813096	0
12.7379	0.0191796	139.625	0.798473	0
12.732	0.0189769	137.643	0.820237	0
12.7035	0.0192334	138.476	0.799153	0
12.7072	0.0189254	137.776	0.795072	0
12.7219	0.0195651	139.592	0.802894	0
12.7133	0.0189436	137.693	0.789291	0
12.685	0.0188355	137.026	0.812076	0
12.7067	0.0195729	137.843	0.804594	0
12.7195	0.01934	138.776	0.818877	0
12.7136	0.0189927	138.726	0.829419	0
12.7316	0.0189474	137.943	0.789291	0
12.724	0.0189771	138.909	0.819897	0
12.7177	0.0189482	139.159	0.83452	0
12.7236	0.0190685	138.842	0.801534	0
12.6966	0.0190787	136.66	0.799153	0
12.7076	0.019243	138.592	0.795753	0
12.7588	0.0194038	138.292	0.818537	0
12.7408	0.019022	138.742	0.790652	0
12.7127	0.0187439	137.709	0.808675	0
12.7117	0.0189107	139.525	0.793712	0
12.6876	0.0192011	138.109	0.815136	0
12.6993	0.0189295	138.276	0.798133	0
12.7228	0.0191401	138.492	0.796433	0
12.6938	0.0191682	137.176	0.799493	0
12.6946	0.0198923	137.126	0.806295	0
12.7134	0.0193414	138.342	0.806975	0
12.696	0.0191083	138.726	0.805274	0
12.7048	0.0191263	138.076	0.807995	0
12.6841	0.0193559	137.809	0.808335	0
12.6731	0.0186985	138.776	0.804594	0
12.7223	0.0190931	138.842	0.801534	0
12.7151	0.0187909	137.626	0.806635	0
12.7038	0.0196836	138.709	0.785551	0
12.7124	0.0193565	137.759	0.808675	0
12.6861	0.0191989	137.126	0.811736	0
12.6924	0.0191822	139.559	0.802554	0
12.7298	0.0187307	138.642	0.802554	0
12.7018	0.0192656	138.842	0.811736	0
12.6813	0.0196386	139.475	0.826699	0
12.707	0.0193449	138.759	0.810035	0
12.7164	0.0191123	137.909	0.821257	0
12.7142	0.0193712	139.608	0.814796	0
12.7111	0.0189559	137.976	0.807315	0
12.72	0.0188502	138.776	0.809015	0
12.7037	0.0190632	137.576	0.805614	0
12.6903	0.0195517	138.409	0.83588	0
12.7344	0.0193919	139.675	0.820577	0
12.7279	0.019194	137.326	0.819217	0
12.7273	0.0193877	138.626	0.797113	0
12.7515	0.0192699	139.692	0.795413	0
12.7154	0.0192297	139.559	0.800514	0
12.6984	0.019275	139.042	0.805274	0
12.7202	0.0191058	138.925	0.790312	0
12.7198	0.0191962	140.525	0.814456	0
12.7465	0.0191677	138.975	0.810715	0
12.7511	0.0192847	138.276	0.798133	0
12.7033	0.0189126	137.626	0.789971	0
12.7332	0.0192726	138.009	0.816837	0
12.7378	0.0193515	138.809	0.819217	0
12.6872	0.0193177	138.909	0.805614	0
12.6903	0.018935	137.876	0.803914	0
12.7048	0.0189255	138.709	0.826018	0
12.7038	0.0195787	138.342	0.809355	0
12.6904	0.0196463	137.043	0.799153	0
12.6847	0.0190104	139.159	0.815816	0
12.6961	0.0189609	139.075	0.811056	0
12.6991	0.0191001	137.793	0.806975	0
12.6964	0.0187957	137.626	0.807315	0
12.7015	0.0193679	137.859	0.799833	0
12.7067	0.0189729	139.175	0.805274	0
12.7019	0.0190871	138.592	0.808675	0
12.6907	0.0192771	137.193	0.809695	0
12.683	0.019301	139.642	0.813436	0
12.7081	0.0190134	138.126	0.818877	0
12.7127	0.0189661	139.042	0.821598	0
12.6947	0.0193616	138.925	0.809015	0
12.6837	0.0190102	136.293	0.809015	0
12.6995	0.0191384	136.826	0.829419	0
12.7124	0.0187629	138.276	0.821598	0
12.7089	0.0193107	138.026	0.819557	0
12.6975	0.0199332	139.225	0.808335	0
12.7419	0.0195589	139.209	0.811736	0
12.7418	0.0191341	138.509	0.790312	0
12.706	0.0196131	139.592	0.810035	0
12.7315	0.019079	137.859	0.823638	0
12.7239	0.0188826	138.692	0.814116	0
12.6901	0.0187916	138.226	0.806295	0
12.7064	0.0192751	138.042	0.794392	0
12.6905	0.019166	138.042	0.823978	0
12.6918	0.0190881	138.792	0.804594	0
12.7384	0.0185013	139.575	0.8335	0
12.7149	0.0191098	138.959	0.816497	0
12.6982	0.0194305	140.142	0.793712	0
12.7192	0.0193667	139.275	0.806635	0
12.7098	0.018968	138.426	0.799833	0
12.7133	0.0194794	137.209	0.822618	0
12.7348	0.0193704	139.425	0.801194	0
12.7069	0.0193727	139.175	0.800514	0
12.7049	0.0192917	139.009	0.808675	0
12.7179	0.019102	140.125	0.795753	0
12.7023	0.0187346	138.326	0.799153	0
12.677	0.0188656	138.759	0.793032	0
12.6785	0.0194534	139.442	0.819897	0
12.6909	0.0192727	138.692	0.807995	0
12.6916	0.0191056	139.908	0.799153	0
12.7026	0.0192614	139.009	0.813776	0
12.7049	0.0191025	137.859	0.799493	0
12.7074	0.0193998	137.926	0.795413	0
12.7008	0.0192528	138.459	0.801874	0
12.6951	0.0192773	136.61	0.803234	0
12.7184	0.0190782	139.042	0.821598	0
12.7166	0.0190792	137.776	0.838941	0
12.6901	0.0192405	139.275	0.800854	0
12.6996	0.0192712	137.676	0.794732	0
12.6909	0.0190765	138.009	0.809355	0
12.6811	0.0189699	138.459	0.799833	0
12.6953	0.0188442	138.492	0.798813	0
12.6858	0.0189756	138.126	0.807995	0
12.6907	0.0189436	139.042	0.8335	0
12.707	0.0191529	137.676	0.815816	0
12.6865	0.0191673	137.893	0.812076	0
12.6783	0.0192642	137.776	0.798813	0
12.6914	0.0191034	139.159	0.797113	0
12.6913	0.0189945	140.008	0.801874	0
12.672	0.0188987	137.493	0.820237	0
12.6823	0.0196112	137.559	0.799493	0
12.6965	0.0190439	140.075	0.828399	0
12.6811	0.0189434	137.06	0.795753	0
12.7116	0.0194665	138.276	0.827039	0
12.7354	0.0191042	138.742	0.821598	0
12.6935	0.0190938	137.693	0.8352	0
12.6843	0.0190277	139.059	0.818877	0
12.7183	0.0186017	140.158	0.797793	0
12.7094	0.0191305	139.009	0.826699	0
12.7065	0.018694	140.142	0.804594	0
12.716	0.0192592	139.259	0.828739	0
12.6915	0.0193342	138.659	0.826699	0
12.6826	0.0192799	138.726	0.819897	0
12.7072	0.0197399	138.925	0.817517	0
12.7205	0.0190734	137.409	0.810375	0
12.724	0.0190802	137.393	0.799493	0
12.7247	0.0191091	138.825	0.809695	0
12.7072	0.0196341	137.759	0.812756	0
12.7101	0.0195697	138.392	0.806635	0
12.718	0.0200423	138.509	0.795753	0
12.734	0.0193579	138.742	0.819217	0
12.7144	0.01972	138.092	0.814116	0
12.6817	0.0194528	138.576	0.805614	0
12.7081	0.0194822	139.658	0.821257	0
12.7245	0.0190347	137.793	0.798473	0
12.6956	0.0191405	139.559	0.819557	0
12.6935	0.0196689	137.809	0.826699	0
12.7102	0.0192873	138.492	0.815476	0
12.7127	0.0194848	138.192	0.803574	0
12.6853	0.0192248	138.376	0.799833	0
12.6875	0.0194848	138.992	0.803574	0
12.7461	0.0192409	139.492	0.819897	0
12.7473	0.0193553	137.876	0.804594	0
12.7054	0.0190929	137.676	0.802894	0
12.6913	0.0189769	138.326	0.800514	0
12.6934	0.0192559	137.393	0.776709	0
12.6715	0.0197506	138.042	0.804254	0
12.6537	0.0192455	137.843	0.790312	0
12.6814	0.0190117	137.659	0.824658	0
12.6978	0.0193295	139.725	0.83248	0
12.713	0.0195193	136.793	0.802894	0
12.7143	0.0191883	139.642	0.808675	0
12.7081	0.0195534	139.525	0.823978	0
12.7147	0.0194157	139.692	0.816497	0
12.6979	0.0194547	138.076	0.815476	0
12.6931	0.019058	138.726	0.786571	0
12.7224	0.0193887	138.442	0.821938	0
12.7035	0.019142	138.159	0.814116	0
12.6727	0.0193277	138.126	0.786571	0
12.6821	0.019101	137.293	0.814796	0
12.6864	0.0192124	138.792	0.806295	0
12.713	0.0189196	140.458	0.807655	0
12.7288	0.0196682	137.643	0.809355	0
12.6978	0.0191765	137.559	0.817517	0
12.6711	0.0191265	137.343	0.794392	0
12.6989	0.0195996	140.242	0.818877	0
12.7257	0.0192289	139.025	0.807995	0
12.6872	0.0194038	137.543	0.789291	0
12.6688	0.0187462	139.142	0.802894	0
12.7096	0.018958	136.793	0.800854	0
12.6865	0.0186016	138.309	0.826018	0
12.6489	0.0189839	137.743	0.807655	0
12.682	0.019218	136.643	0.810035	0
12.6865	0.0187718	137.026	0.805274	0
12.6807	0.0195193	137.293	0.809355	0
12.6992	0.0195239	139.625	0.800854	0
12.6973	0.0190277	138.309	0.810375	0
12.6807	0.0192566	139.142	0.806635	0
12.7027	0.0193163	139.758	0.826018	0
12.7001	0.0190164	139.459	0.799833	0
12.6801	0.0190602	137.593	0.808335	0
12.6862	0.0190184	138.242	0.796433	0
12.6899	0.0194839	137.576	0.817177	0
12.6755	0.0185029	137.709	0.812756	0
12.6798	0.019242	139.942	0.797793	0
12.7085	0.0191905	139.492	0.811736	0
12.7145	0.0190296	138.309	0.795413	0
12.6975	0.0194286	137.243	0.807655	0
12.7027	0.0186464	138.509	0.816837	0
12.7217	0.0189306	139.092	0.809015	0
12.6944	0.0192143	137.893	0.807655	0
12.6724	0.0191564	139.775	0.820237	0
12.687	0.0189108	137.843	0.799153	0
12.6987	0.0188571	137.509	0.819897	0
12.673	0.0195789	137.993	0.795413	0
12.667	0.0192289	138.609	0.824318	0
12.695	0.0193161	139.858	0.805955	0
12.7104	0.0198312	138.042	0.815476	0
12.6874	0.019384	139.275	0.816497	0
12.6839	0.0194192	138.476	0.814796	0
12.7198	0.0196742	138.709	0.785211	0
12.7239	0.0194382	137.809	0.801874	0
12.6954	0.019221	138.492	0.78317	0
12.6775	0.0194453	138.809	0.799493	0
12.6771	0.0189911	137.976	0.822618	0
12.6919	0.0189526	139.642	0.811056	0
12.7199	0.018996	140.008	0.817857	0
12.7079	0.0193528	136.993	0.800514	0
12.6997	0.019778	138.226	0.819897	0
12.7132	0.0186835	138.359	0.816837	0
12.7183	0.0189817	137.359	0.811396	0
12.7119	0.0191876	137.993	0.814116	0
12.6923	0.0193067	138.975	0.825678	0
12.6927	0.0183543	137.343	0.809355	0
12.6931	0.0189127	137.326	0.843702	0
12.702	0.0190695	138.459	0.823638	0
12.7231	0.0193203	138.426	0.789631	0
12.6874	0.0192409	137.876	0.810715	0
12.6779	0.0193676	139.175	0.811056	0
12.7176	0.0192692	137.909	0.801874	0
12.6866	0.0189522	138.042	0.809695	0
12.6574	0.0189515	137.809	0.816157	0
12.6536	0.0198084	138.859	0.809355	0
12.6525	0.0186389	138.426	0.803234	0
12.6791	0.0190368	139.125	0.825678	0
12.6987	0.0189259	140.758	0.812756	0
12.7014	0.0188158	138.776	0.78215	0
12.6926	0.0194497	139.592	0.797113	0
12.6931	0.0191839	139.459	0.83384	0
12.6951	0.0194979	138.326	0.801534	0
12.694	0.0192387	137.043	0.795072	0
12.6783	0.018965	137.743	0.83384	0
12.6754	0.0193199	137.876	0.801874	0
12.676	0.0187861	137.726	0.809015	0
12.6604	0.0189563	138.042	0.817857	0
12.6878	0.0187636	138.159	0.813096	0
12.7157	0.0194931	137.943	0.822618	0
12.6952	0.0189712	138.909	0.806635	0
12.6941	0.0191979	138.259	0.805614	0
12.6958	0.0193838	137.459	0.807655	0
12.6799	0.018953	139.542	0.803574	0
12.7024	0.0193664	139.025	0.818877	0
12.7004	0.0192119	138.209	0.790312	0
12.7016	0.0192971	138.459	0.811736	0
12.7295	0.0192977	138.626	0.804254	0
12.6893	0.0192598	139.658	0.810715	0
12.6475	0.0189574	137.16	0.78045	0
12.6542	0.0186553	139.209	0.78453	0
12.689	0.0192643	137.609	0.796433	0
12.6918	0.0187891	139.825	0.814456	0
12.7065	0.0194301	138.392	0.825338	0
12.7161	0.0189294	136.76	0.795413	0
12.6922	0.0189629	138.459	0.811396	0
12.6913	0.0191244	137.193	0.815136	0
12.7029	0.0191222	139.692	0.818537	0
12.7243	0.0188656	139.042	0.817517	0
12.7284	0.0189239	138.109	0.806295	0
12.7011	0.0190403	138.592	0.830099	0
12.688	0.018761	138.592	0.802554	0
12.6815	0.0189358	136.976	0.795413	0
12.654	0.019017	136.86	0.816157	0
12.6468	0.0194693	137.176	0.819217	0
12.6714	0.0187457	138.176	0.808335	0
12.71	0.019231	138.359	0.786231	0
12.719	0.0192683	137.726	0.797453	0
12.6987	0.019014	140.641	0.802554	0
12.7074	0.019004	138.892	0.800854	0
12.722	0.0190355	137.909	0.814796	0
12.7043	0.0192464	138.359	0.798813	0
12.7116	0.0191942	138.159	0.823638	0
12.7162	0.0196901	137.876	0.788271	0
12.6903	0.0190451	137.776	0.799833	0
12.6773	0.0189836	136.626	0.788951	0
12.701	0.0188882	137.909	0.807315	0
12.7083	0.0189664	138.176	0.787251	0
12.6907	0.0193122	139.109	0.821598	0
12.6903	0.0188661	138.259	0.813776	0
12.6896	0.0190306	138.092	0.805274	0
12.6697	0.0187876	137.16	0.810035	0
12.6639	0.0190792	138.242	0.797453	0
12.7038	0.019184	140.208	0.826358	0
12.6966	0.0192614	138.509	0.837921	0
12.6748	0.019071	138.209	0.800173	0
12.7071	0.0187966	139.159	0.814796	0
12.72	0.0187585	140.008	0.843362	0
12.7069	0.0192625	139.059	0.820237	0
12.6791	0.0191107	139.858	0.804254	0
12.6755	0.019522	138.392	0.818877	0
12.7043	0.0192734	140.042	0.816837	0
12.7037	0.019305	138.176	0.816497	0
12.6506	0.0192513	137.759	0.815136	0
12.6685	0.0191167	136.993	0.800854	0
12.7202	0.0193049	136.693	0.801534	0
12.7189	0.0194789	139.608	0.822958	0
12.6931	0.0185996	139.225	0.812076	0
12.6997	0.0187032	138.692	0.807995	0
12.7056	0.0187061	139.792	0.815816	0
12.6925	0.0191785	137.409	0.787591	0
12.6953	0.0187406	136.66	0.824998	0
12.6981	0.0189034	138.109	0.815476	0
12.6986	0.0196959	137.959	0.8318	0
12.6873	0.0197057	138.559	0.818537	0
12.6678	0.0191495	139.459	0.787251	0
12.684	0.0190042	138.059	0.824998	0
12.7032	0.0188429	138.359	0.840641	0
12.6881	0.0192014	137.026	0.798813	0
12.6921	0.0189834	138.126	0.815136	0
12.7146	0.0192917	137.126	0.822958	0
12.7036	0.0189391	137.993	0.815816	0
12.6858	0.0194555	137.809	0.797793	0
12.7016	0.0191121	139.175	0.804254	0
12.6933	0.0191967	139.192	0.808675	0
12.6784	0.0191038	139.142	0.803574	0
12.6883	0.0189986	137.359	0.807655	0
12.6777	0.0192018	137.16	0.825338	0
12.6742	0.0193207	138.009	0.805614	0
12.6862	0.0196581	138.359	0.807655	0
12.6924	0.0190837	138.326	0.796773	0
12.7134	0.0190843	138.925	0.813776	0
12.7283	0.0192163	137.726	0.821938	0
12.6851	0.0192183	137.376	0.827379	0
12.6856	0.0193041	138.042	0.794392	0
12.7238	0.0193796	138.742	0.798473	0
12.711	0.0190586	138.859	0.803914	0
12.7102	0.0192431	137.243	0.806635	0
12.7079	0.0190405	138.892	0.804254	0
12.7052	0.0195792	137.859	0.807655	0
12.703	0.0194626	138.909	0.801534	0
12.6944	0.0187163	139.309	0.803234	0
12.7094	0.019196	139.492	0.826018	0
12.7014	0.019248	138.642	0.819217	0
12.6998	0.0194839	137.793	0.815816	0
12.706	0.0193306	136.493	0.807315	0
12.6681	0.0192443	137.759	0.815476	0
12.6723	0.0189112	138.792	0.805614	0
12.6895	0.0188879	137.609	0.820917	0
12.6612	0.0191533	138.492	0.790652	0
12.6716	0.0191197	137.709	0.830439	0
12.7107	0.0192746	137.243	0.802894	0
12.6828	0.0192866	137.526	0.799833	0
12.6822	0.0190039	138.576	0.811056	0
12.7373	0.0193711	138.626	0.822958	0
12.7202	0.0194445	138.009	0.797453	0
12.6882	0.0185886	138.042	0.807995	0
12.6847	0.0189788	138.626	0.809355	0
12.6673	0.0189539	138.376	0.815816	0
12.6515	0.0192443	138.542	0.810375	0
12.6677	0.0191387	137.659	0.801534	0
12.6796	0.0193804	139.559	0.790992	0
12.6724	0.0193098	138.692	0.813776	0
12.6928	0.0190244	137.243	0.816157	0
12.6784	0.0187614	138.126	0.803234	0
12.6416	0.0189696	138.909	0.804254	0
12.6633	0.0189384	137.909	0.813096	0
12.7057	0.0191395	138.726	0.817177	0
12.7028	0.019656	137.676	0.816497	0
12.687	0.020026	139.109	0.828059	0
12.6635	0.0194292	137.709	0.802214	0
12.6767	0.0191284	140.008	0.793712	0
12.7088	0.01964	139.109	0.806295	0
12.6814	0.0195844	139.142	0.799493	0
12.6476	0.0198049	137.859	0.794052	0
12.6589	0.0197384	138.559	0.819217	0
12.712	0.0193121	138.459	0.841661	0
12.7155	0.019416	139.275	0.816157	0
12.6852	0.0190682	138.859	0.821598	0
12.6733	0.0190881	136.976	0.824658	0
12.6838	0.0188119	139.292	0.811736	0
12.7027	0.0188097	140.142	0.801194	0
12.7069	0.0189	137.143	0.819897	0
12.703	0.0193395	139.259	0.814796	0
12.6975	0.0193324	138.442	0.792692	0
12.6677	0.0191029	138.975	0.837581	0
12.6636	0.0188732	139.325	0.803574	0
12.6736	0.0189027	137.893	0.818537	0
12.6685	0.0189697	137.909	0.809355	0
12.687	0.0191955	137.893	0.796433	0
12.6866	0.0186099	137.193	0.812076	0
12.6658	0.0187561	138.975	0.794392	0
12.6797	0.0189033	141.158	0.796093	0
12.6963	0.0191083	137.709	0.808675	0
12.6806	0.0188272	137.959	0.811736	0
12.6718	0.019037	139.708	0.812756	0
12.6626	0.0193002	137.776	0.810035	0
12.651	0.0187665	138.492	0.815816	0
12.6899	0.0190235	138.292	0.806635	0
12.7088	0.0193141	138.942	0.806295	0
12.6875	0.0197711	138.409	0.807655	0
12.6742	0.0194141	138.442	0.815136	0
12.6785	0.0196971	137.809	0.785211	0
12.6644	0.0187559	139.525	0.811736	0
12.6847	0.0192961	139.159	0.823978	0
12.7179	0.0190914	136.793	0.798813	0
12.7022	0.0194359	138.576	0.803234	0
12.6894	0.0192857	138.642	0.801874	0
12.6903	0.0193168	138.526	0.817177	0
12.6828	0.0190216	139.725	0.812416	0
12.6912	0.0192336	137.526	0.804254	0
12.6948	0.0192405	138.975	0.817517	0
12.6859	0.0190627	139.409	0.806295	0
12.6837	0.0189231	137.959	0.830099	0
12.6941	0.0194309	137.843	0.816837	0
12.7097	0.0192149	139.242	0.823978	0
12.6913	0.0194997	137.826	0.820577	0
12.6553	0.0191693	137.709	0.802554	0
12.6591	0.0194706	138.292	0.802894	0
12.6881	0.019168	140.275	0.806975	0
12.6735	0.019454	137.659	0.822958	0
12.6373	0.0189487	137.493	0.812756	0
12.64	0.0192302	138.542	0.824658	0
12.67	0.018858	137.626	0.806975	0
12.6833	0.0194503	138.092	0.802214	0
12.6975	0.0194643	138.142	0.798133	0
12.7135	0.0194189	138.026	0.816157	0
12.6868	0.0190086	139.242	0.807995	0
12.6579	0.0191075	137.743	0.821598	0
12.6901	0.0193201	139.792	0.815816	0
12.6951	0.0193122	137.993	0.810375	0
12.6844	0.019217	139.142	0.803914	0
12.7141	0.0189941	139.225	0.806975	0
12.7062	0.0188967	137.909	0.823978	0
12.6837	0.0188323	137.809	0.788271	0
12.6983	0.0189589	138.159	0.823298	0
12.7181	0.0190348	137.876	0.830779	0
12.6932	0.0192561	140.375	0.810715	0
12.6644	0.0190217	137.543	0.802214	0
12.6496	0.0192635	138.092	0.822958	0
12.6535	0.0192322	138.242	0.802894	0
12.6892	0.0186844	137.893	0.801874	0
12.6866	0.0188599	139.242	0.789631	0
12.6717	0.0194029	138.809	0.803914	0
12.7014	0.0193749	139.059	0.811396	0
12.7143	0.0193582	137.726	0.808675	0
12.6711	0.0194017	139.159	0.827379	0
12.6404	0.0194213	138.426	0.821257	0
12.6739	0.0194565	138.059	0.805955	0
12.6925	0.0190539	138.376	0.812756	0
12.6641	0.0191418	138.159	0.803234	0
12.671	0.0191517	136.926	0.816837	0
12.7025	0.0191825	138.626	0.821938	0
12.7017	0.0191933	139.342	0.811396	0
12.694	0.019347	137.843	0.797453	0
12.6945	0.019128	138.409	0.819897	0
12.6947	0.0193685	139.009	0.823298	0
12.6783	0.0196535	139.342	0.806635	0
12.6505	0.0189112	140.008	0.809355	0
12.6669	0.0185492	138.692	0.808335	0
12.6864	0.0189499	137.626	0.812076	0
12.673	0.0184199	138.726	0.817517	0
12.6883	0.0190059	138.009	0.776029	0
12.6851	0.0193584	138.626	0.814796	0
12.6621	0.0190154	137.759	0.823978	0
12.6542	0.0192064	138.459	0.794732	0
12.6588	0.0188977	138.259	0.792692	0
12.6706	0.019096	139.175	0.810375	0
12.7008	0.0189747	137.526	0.800854	0
12.6966	0.0186702	138.859	0.8318	0
12.6984	0.0191904	139.309	0.789631	0
12.7091	0.0190916	139.459	0.817857	0
12.6797	0.0184173	138.326	0.808675	0
12.6884	0.0189273	137.826	0.839281	0
12.7061	0.0190272	137.276	0.819557	0
12.6829	0.0192094	138.459	0.797113	0
12.6703	0.0186157	138.409	0.78419	0
12.667	0.019169	139.375	0.796773	0
12.6682	0.019177	137.259	0.806975	0
12.6814	0.0190606	137.943	0.809015	0
12.6698	0.0190587	138.392	0.826699	0
12.6716	0.0188871	137.01	0.796773	0
12.7034	0.0191804	139.575	0.800854	0
12.6779	0.0195512	137.609	0.810375	0
12.6604	0.0193158	139.159	0.807315	0
12.7039	0.0189827	137.626	0.807655	0
12.7043	0.0187418	139.359	0.800854	0
12.6843	0.019472	138.659	0.810715	0
12.6783	0.0192323	138.859	0.829419	0
12.6753	0.0193754	137.876	0.814796	0
12.669	0.0193408	138.259	0.794052	0
12.6709	0.0187462	137.526	0.830099	0
12.6741	0.0188593	137.959	0.825338	0
12.6833	0.0193709	139.159	0.815816	0
12.6844	0.0191752	137.326	0.815136	0
12.671	0.0192817	138.959	0.804594	0
12.6905	0.019242	138.992	0.812416	0
12.6815	0.0190899	136.793	0.792692	0
12.6486	0.0191152	137.559	0.815136	0
12.6634	0.0192998	139.908	0.824658	0
12.7184	0.0193862	137.359	0.799493	0
12.7155	0.0194426	137.609	0.824658	0
12.6681	0.0189163	138.459	0.806975	0
12.6982	0.0188642	138.909	0.809015	0
12.7104	0.0189694	138.776	0.817857	0
12.6754	0.0189378	139.525	0.804254	0
12.6677	0.0194636	138.842	0.814116	0
12.6854	0.0190751	141.324	0.809695	0
12.7028	0.0189101	137.259	0.796433	0
12.6914	0.019024	137.193	0.798133	0
12.6667	0.0185427	137.859	0.809695	0
12.6641	0.0192577	139.259	0.810035	0
12.7034	0.0186789	139.825	0.810375	0
12.6969	0.0189079	137.476	0.815816	0
12.6379	0.0190169	137.01	0.814116	0
12.6261	0.019029	138.875	0.799493	0
12.6438	0.0190256	138.492	0.828739	0
12.6552	0.0191931	137.11	0.815816	0
12.6784	0.0192325	138.342	0.819897	0
12.7035	0.0195945	138.742	0.807655	0
12.6858	0.0189108	138.842	0.814116	0
12.6465	0.0188708	137.509	0.803914	0
12.6287	0.0186879	138.142	0.809695	0
12.6374	0.018952	137.593	0.801874	0
12.657	0.0197733	138.309	0.83384	0
12.6635	0.0190191	138.292	0.810715	0
12.6447	0.0195988	138.192	0.804254	0
12.6694	0.0193374	138.476	0.798813	0
12.7003	0.0192932	136.293	0.793712	0
12.6727	0.0190522	138.875	0.804934	0
12.6807	0.0193757	139.309	0.823298	0
12.6805	0.0194754	136.21	0.792692	0
12.6606	0.0189739	138.309	0.805614	0
12.6852	0.0191015	137.843	0.812416	0
12.6851	0.0189631	137.693	0.806975	0
12.6817	0.0192817	139.592	0.816497	0
12.6907	0.0192437	138.026	0.775689	0
12.691	0.0189607	139.292	0.805274	0
12.6886	0.0194377	138.409	0.826699	0
12.6687	0.0196485	137.826	0.820237	0
12.6733	0.0192512	139.409	0.803234	0
12.7031	0.0190397	138.142	0.808335	0
12.6812	0.0192781	137.043	0.800514	0
12.6476	0.019255	138.442	0.804934	0
12.6716	0.0193546	138.359	0.804594	0
12.6786	0.0188999	137.376	0.779089	0
12.6792	0.0190363	138.309	0.810375	0
12.7031	0.0194504	137.976	0.809695	0
12.6925	0.019466	138.142	0.796773	0
12.6339	0.0191176	137.926	0.807315	0
12.6429	0.0188606	139.092	0.813776	0
12.6977	0.0191811	137.509	0.807995	0
12.7033	0.0188276	137.909	0.797113	0
12.6966	0.0192101	139.692	0.806635	0
12.6834	0.018888	139.109	0.818537	0
12.6697	0.0191392	138.709	0.821938	0
12.7034	0.0190655	138.975	0.816157	0
12.7124	0.018911	137.459	0.816157	0
12.6542	0.0192653	139.075	0.827379	0
12.6722	0.0192318	138.192	0.807315	0
12.7171	0.0193386	137.976	0.811736	0
12.6973	0.0193118	137.209	0.802554	0
12.6783	0.019257	137.943	0.803234	0
12.6981	0.0193281	137.226	0.790652	0
12.7061	0.0197263	138.126	0.820917	0
12.7002	0.0196638	138.676	0.810715	0
12.711	0.0193437	138.542	0.813096	0
12.7185	0.0191352	137.276	0.800173	0
12.7075	0.0188171	139.392	0.828739	0
12.6997	0.0188066	139.825	0.811396	0
12.6891	0.0189511	138.709	0.817517	0
12.6816	0.0189336	139.125	0.827039	0
12.6859	0.0191344	138.009	0.812076	0
12.6888	0.0192454	139.125	0.811736	0
12.6767	0.0189437	138.442	0.816157	0
12.6747	0.018937	138.359	0.821598	0
12.6784	0.0188755	136.81	0.815136	0
12.6736	0.0188717	138.642	0.814456	0
12.691	0.0193316	138.126	0.802214	0
12.6921	0.0191282	139.958	0.822278	0
12.69	0.0189543	138.242	0.808335	0
12.7083	0.0193019	138.376	0.816837	0
12.686	0.0197016	137.01	0.804594	0
12.66	0.0194228	137.376	0.806295	0
12.6735	0.0190855	137.926	0.804594	0
12.6801	0.0187638	138.942	0.805614	0
12.6918	0.0192905	137.143	0.817177	0
12.7061	0.0195072	136.66	0.810715	0
12.7103	0.0194232	139.175	0.804934	0
12.6866	0.0188586	138.659	0.808675	0
12.6606	0.0192681	138.609	0.807995	0
12.6763	0.0194316	139.575	0.827379	0
12.6912	0.0194219	138.975	0.813096	0
12.6709	0.0193641	137.359	0.810375	0
12.6707	0.0190336	138.559	0.789971	0
12.7048	0.0193635	137.943	0.822618	0
12.6785	0.019543	138.376	0.803234	0
12.6653	0.018638	137.793	0.807655	0
12.6826	0.0189014	137.776	0.822958	0
12.6633	0.019133	138.142	0.812416	0
12.6848	0.0196906	138.476	0.823638	0
12.7013	0.0189052	138.226	0.801874	0
12.6691	0.0190211	138.909	0.822618	0
12.6768	0.0190577	138.492	0.813436	0
12.6885	0.0185745	139.442	0.801194	0
12.6724	0.0188068	138.975	0.823638	0
12.6837	0.0183969	137.576	0.797793	0
12.7157	0.0189999	138.925	0.800173	0
12.7056	0.0189206	138.642	0.818537	0
12.6676	0.019236	137.459	0.821598	0
12.6496	0.0194932	137.976	0.816497	0
12.6562	0.019776	138.709	0.812076	0
12.6803	0.0195869	138.159	0.807315	0
12.6875	0.0189926	138.509	0.806295	0
12.6837	0.0191761	137.193	0.819217	0
12.7114	0.0191225	138.542	0.798133	0
12.7022	0.0188784	137.176	0.810715	0
12.6582	0.0190469	138.076	0.806295	0
12.6552	0.019173	139.509	0.815816	0
12.6877	0.0194722	137.809	0.797453	0
12.7122	0.0194399	139.425	0.798813	0
12.7024	0.0195514	138.909	0.814796	0
12.6689	0.0189794	136.743	0.809695	0
12.6698	0.0193837	139.592	0.822618	0
12.6922	0.0186917	139.275	0.811056	0
12.6605	0.0189856	137.443	0.78317	0
12.639	0.01908	138.642	0.795753	0
12.6443	0.0185107	137.693	0.807315	0
12.6607	0.019236	138.242	0.805614	0
12.6882	0.0195045	138.109	0.819897	0
12.688	0.0191916	140.242	0.826358	0
12.6737	0.0195123	137.993	0.800854	0
12.6999	0.018986	138.659	0.814796	0
12.7193	0.01917	137.793	0.801194	0
12.6905	0.0194329	139.708	0.811056	0
12.678	0.0189436	138.142	0.817857	0
12.6794	0.0191051	139.209	0.805274	0
12.6762	0.0185468	138.559	0.812076	0
12.6748	0.0191918	139.792	0.810035	0
12.6915	0.0193635	139.892	0.778749	0
12.6848	0.0192685	138.309	0.817517	0
12.6581	0.0190776	138.309	0.826699	0
12.6887	0.0192027	138.026	0.788951	0
12.6918	0.0192903	137.626	0.816157	0
12.6448	0.01903	138.042	0.794392	0
12.6631	0.0192011	138.509	0.825678	0
12.6838	0.0190859	137.443	0.816837	0
12.6384	0.0191693	139.009	0.790652	0
12.6383	0.0193689	138.392	0.813776	0
12.6779	0.0189123	137.459	0.814116	0
12.675	0.019392	138.376	0.808335	0
12.6938	0.0191128	137.626	0.809015	0
12.7019	0.0188046	137.06	0.816157	0
12.6708	0.0188177	139.658	0.802554	0
12.6633	0.0188294	136.46	0.813096	0
12.6652	0.0189893	138.059	0.800854	0
12.6772	0.0186829	138.576	0.794052	0
12.6952	0.0189966	136.993	0.827039	0
12.6524	0.0187344	138.776	0.819557	0
12.6386	0.0189422	138.009	0.808675	0
12.6632	0.0189497	137.576	0.795413	0
12.6593	0.0191079	137.359	0.820577	0
12.6823	0.0190068	138.442	0.821938	0
12.6959	0.019136	137.559	0.814116	0
12.6563	0.0192903	137.893	0.807655	0
12.6545	0.0193074	136.793	0.792352	0
12.6695	0.0192646	139.475	0.814456	0
12.6534	0.0191325	138.792	0.821938	0
12.6463	0.0191819	138.809	0.821257	0
12.662	0.0190185	138.109	0.812756	0
12.6636	0.0189544	139.608	0.809695	0
12.6699	0.0189109	137.393	0.793032	0
12.6735	0.019058	138.576	0.807655	0
12.6514	0.0194183	137.593	0.807995	0
12.641	0.019326	137.459	0.777729	0
12.6449	0.0187732	137.743	0.811736	0
12.6565	0.0192749	139.025	0.808335	0
12.666	0.0192112	139.875	0.798133	0
12.6744	0.0193969	138.509	0.813776	0
12.6868	0.0193314	137.459	0.805955	0
12.6792	0.0189882	138.609	0.798813	0
12.6706	0.0189139	138.376	0.817517	0
12.6608	0.0187098	139.309	0.796433	0
12.6523	0.0190425	137.926	0.807315	0
12.6569	0.0191716	139.042	0.808675	0
12.661	0.0187468	138.959	0.816157	0
12.6831	0.0187525	137.376	0.797113	0
12.712	0.0185332	137.343	0.823298	0
12.6993	0.0189321	139.459	0.816837	0
12.6753	0.0190777	138.226	0.801874	0
12.6757	0.019413	136.543	0.800514	0
12.6805	0.0190584	138.042	0.815476	0
12.6716	0.019215	138.426	0.807655	0
12.6679	0.0191023	137.959	0.823978	0
12.6743	0.0194754	138.542	0.815136	0
12.6967	0.0190502	137.509	0.809015	0
12.6983	0.0191248	137.559	0.826358	0
12.6797	0.0186472	137.826	0.791672	0
12.6786	0.0191463	137.459	0.797453	0
12.6889	0.0188695	138.126	0.812416	0
12.693	0.0192426	138.142	0.826018	0
12.6889	0.0193532	137.893	0.811056	0
12.6938	0.0191663	139.042	0.797113	0
12.6725	0.0192194	139.858	0.821598	0
12.6692	0.0193023	139.192	0.826699	0
12.6756	0.0188427	137.993	0.809355	0
12.648	0.0190307	139.409	0.811396	0
12.6544	0.0190742	137.859	0.794392	0
12.6613	0.0193048	137.776	0.804594	0
12.6295	0.0189519	138.109	0.829079	0
12.655	0.0192492	137.959	0.830099	0
12.6916	0.0193271	137.576	0.814116	0
12.6851	0.0192935	139.242	0.822278	0
12.6802	0.0188003	138.759	0.801874	0
12.6321	0.0191798	137.426	0.807995	0
12.6443	0.0190298	139.359	0.807315	0
12.7042	0.0190212	139.159	0.800854	0
12.6641	0.0187953	137.626	0.804594	0
12.6306	0.0194109	138.692	0.803914	0
12.6475	0.018862	136.81	0.806295	0
12.6606	0.0189371	138.242	0.810375	0
12.6634	0.0189829	137.726	0.815476	0
12.6581	0.0189421	139.275	0.819557	0
12.6801	0.0196517	138.659	0.826018	0
12.6852	0.0191363	138.592	0.806975	0
12.6663	0.0191024	137.843	0.807315	0
12.6834	0.0190024	136.693	0.784871	0
12.7058	0.0190634	138.659	0.844042	0
12.6981	0.0193516	138.742	0.797113	0
12.6971	0.0192856	138.676	0.814796	0
12.7018	0.0187951	138.809	0.793032	0
12.6892	0.0189248	138.609	0.813776	0
12.6771	0.0190643	138.259	0.785891	0
12.6687	0.0188432	137.776	0.813096	0
12.6687	0.0194375	138.642	0.815136	0
12.654	0.018742	138.142	0.796773	0
12.6404	0.0188018	138.176	0.823298	0
12.6576	0.0193282	138.659	0.810035	0
12.6747	0.0193391	138.092	0.820917	0
12.6826	0.018816	138.159	0.810715	0
12.6798	0.0187324	138.759	0.78283	0
12.6747	0.0192853	137.976	0.789291	0
12.6834	0.0190772	138.142	0.796433	0
12.6773	0.018942	138.526	0.821938	0
12.6811	0.0191558	139.425	0.805955	0
12.6884	0.018792	137.826	0.806975	0
12.6752	0.0191504	137.959	0.813436	0
12.6755	0.0188103	138.259	0.786231	0
12.6919	0.0192374	137.476	0.830439	0
12.6877	0.0194412	138.059	0.78453	0
12.6873	0.0191093	138.042	0.817177	0
12.6615	0.0192211	136.926	0.820577	0
12.6486	0.0192289	137.326	0.807315	0
12.6737	0.0189567	139.075	0.808335	0
12.6853	0.0193045	136.443	0.806975	0
12.6791	0.0189975	138.959	0.808335	0
12.6801	0.0196296	138.642	0.796773	0
12.6874	0.0192451	138.992	0.823298	0
12.6926	0.0188036	139.492	0.792692	0
12.6855	0.0186969	137.609	0.806635	0
12.6784	0.0190161	138.059	0.806295	0
12.6706	0.0193785	137.459	0.809015	0
12.6598	0.0192011	137.693	0.826018	0
12.6718	0.0193021	138.992	0.805955	0
12.6776	0.0194406	139.225	0.803574	0
12.6451	0.0191096	136.893	0.78079	0
12.6729	0.0190902	139.608	0.811056	0
12.7094	0.0193855	137.409	0.788611	0
12.6733	0.0188722	137.593	0.813776	0
12.6648	0.0193535	138.259	0.813436	0
12.6696	0.0190054	138.426	0.789291	0
12.6823	0.0189471	140.275	0.802554	0
12.6842	0.0195031	138.342	0.805955	0
12.6517	0.018953	139.442	0.815136	0
12.6486	0.0188884	138.042	0.824658	0
12.6756	0.0189671	139.092	0.820577	0
12.7002	0.0191253	139.275	0.818197	0
12.6899	0.0191935	138.276	0.795072	0
12.6843	0.0189406	138.392	0.787251	0
12.677	0.0190647	138.609	0.810375	0
12.6532	0.0192965	138.242	0.812416	0
12.6663	0.0193035	137.459	0.819897	0
12.6841	0.018669	139.342	0.811736	0
12.6695	0.0187438	137.259	0.822618	0
12.665	0.0187592	137.076	0.804254	0
12.6769	0.0191476	138.376	0.806295	0
12.6503	0.01925	139.142	0.813776	0
12.6786	0.0199466	139.009	0.830779	0
12.7136	0.0191822	137.376	0.794392	0
12.6664	0.0192345	136.793	0.787591	0
12.657	0.0186126	139.792	0.801874	0
12.6733	0.0184629	136.976	0.841661	0
12.6601	0.0190318	138.209	0.811056	0
12.6773	0.0193338	137.493	0.795072	0
12.684	0.019525	139.142	0.792012	0
12.6865	0.0190667	138.609	0.796433	0
12.6761	0.0187597	137.893	0.822618	0
12.6378	0.0193707	137.509	0.795072	0
12.6356	0.0190156	137.693	0.83622	0
12.6801	0.0189525	138.276	0.810715	0
12.6986	0.0189351	138.309	0.796433	0
12.6727	0.0191207	136.776	0.801194	0
12.6754	0.0196075	138.142	0.816837	0
12.7127	0.0195651	138.459	0.807315	0
12.6784	0.0193559	137.826	0.807995	0
12.6318	0.0197541	138.159	0.822958	0
12.6753	0.018876	137.676	0.801534	0
12.6949	0.0190974	138.742	0.802894	0
12.6566	0.0189167	138.526	0.817177	0
12.6259	0.0194243	137.276	0.811396	0
12.6488	0.0190543	138.776	0.800514	0
12.6882	0.0196145	140.175	0.83316	0
12.6791	0.0192625	137.409	0.774669	0
12.6685	0.0192295	137.243	0.814116	0
12.6893	0.0190513	139.225	0.813096	0
12.7129	0.0195392	138.342	0.816157	0
12.7026	0.0187623	138.742	0.813436	0
12.6809	0.0194814	138.692	0.791332	0
12.6637	0.0190806	137.826	0.822958	0
12.6607	0.0192036	138.226	0.805955	0
12.6599	0.0192269	138.809	0.822278	0
12.6616	0.0193278	137.593	0.820237	0
12.664	0.0190741	137.709	0.818877	0
12.6524	0.0188376	139.708	0.799493	0
12.6556	0.0194949	139.259	0.787591	0
12.6777	0.0190366	139.409	0.823638	0
12.6795	0.0193866	138.376	0.808675	0
12.6688	0.0195018	138.792	0.816837	0
12.6815	0.0192852	139.692	0.797793	0
12.663	0.0191256	137.343	0.827719	0
12.6541	0.0194252	138.142	0.794392	0
12.6498	0.0189877	137.826	0.797113	0
12.674	0.019425	138.509	0.806295	0
12.7272	0.0190621	137.076	0.828399	0
12.6892	0.0190485	138.509	0.795753	0
12.6551	0.0191093	139.958	0.817517	0
12.6999	0.0192722	138.042	0.813436	0
12.7072	0.018991	138.126	0.816157	0
12.6673	0.0192312	138.742	0.812416	0
12.67	0.0191758	138.392	0.815816	0
12.6888	0.0191187	138.842	0.813776	0
12.679	0.0195058	138.326	0.817517	0
12.6659	0.0192427	136.726	0.808675	0
12.6676	0.0192633	139.692	0.817177	0
12.6668	0.0191176	139.325	0.813436	0
12.6895	0.0195274	139.059	0.805614	0
12.697	0.0192803	138.176	0.817517	0
12.6499	0.0190748	137.776	0.798133	0
12.6413	0.0184941	140.158	0.814796	0
12.6628	0.018693	139.025	0.789631	0
12.6613	0.0190545	137.026	0.798133	0
12.6617	0.0192904	139.725	0.808335	0
12.6916	0.0191649	137.993	0.816497	0
12.6875	0.0193499	139.275	0.797453	0
12.6598	0.0193357	139.159	0.807315	0
12.6564	0.019454	138.026	0.812416	0
12.6602	0.0193722	137.609	0.813436	0
12.6723	0.0194282	138.792	0.807655	0
12.6957	0.0191146	137.293	0.817857	0
12.6775	0.0189682	139.192	0.798813	0
12.6641	0.018691	138.059	0.815136	0
12.6768	0.0188616	139.125	0.819557	0
12.6654	0.0184909	135.91	0.829419	0
12.6521	0.0191016	140.591	0.801874	0
12.6754	0.0190182	140.025	0.8318	0
12.6882	0.0192648	139.092	0.817517	0
12.6823	0.0197206	139.575	0.812076	0
12.6827	0.0193308	137.143	0.802894	0
12.6734	0.0195519	138.042	0.796773	0
12.6641	0.0191949	138.842	0.829759	0
12.669	0.0190394	139.642	0.802894	0
12.6705	0.0192883	137.626	0.808675	0
12.6704	0.0193186	138.209	0.814796	0
12.6865	0.019053	137.793	0.812416	0
12.6981	0.0188142	138.192	0.803574	0
12.6868	0.0186273	138.959	0.793032	0
12.6741	0.0187632	138.426	0.800854	0
12.6674	0.0189093	138.726	0.824998	0
12.6695	0.0188178	138.559	0.796773	0
12.6933	0.0192325	137.609	0.813096	0
12.6847	0.0193428	136.943	0.807315	0
12.6434	0.0191678	139.242	0.806975	0
12.6582	0.0188806	139.275	0.789971	0
12.6813	0.0195518	138.326	0.799493	0
12.6681	0.018921	139.059	0.824658	0
0	0	0	0	0
0	0	0	0	0
0	0	0	0	0
0	0	0	0	0
0	0	0	0	0
0	0	0	0	0
0	0	0	0	0
0	0	0	0	0
0	0	0	0	0
0	0	0	0	0
0	0	0	0	0
0	0	0	0	0
0	0	0	0	0
0	0	0	0	0
0	0	0	0	0
0	0	0	0	0
0	0	0	0	0
0	0	0	0	0
0	0	0	0	0
0	0	0	0	0
0	0	0	0	0
0	0	0	0	0
0	0	0	0	0
0	0	0	0	0
0	0	0	0	0
0	0	0	0	0
0	0	0	0	0
0	0	0	0	0
0	0	0	0	0
0	0	0	0	0
0	0	0	0	0
0	0	0	0	0
0	0	0	0	0
0	0	0	0	0
0	0	0	0	0
0	0	0	0	0
0	0	0	0	0
0	0	0	0	0
0	0	0	0	0
0	0	0	0	0
0	0	0	0	0
0	0	0	0	0
0	0	0	0	0
0	0	0	0	0
0	0	0	0	0
0	0	0	0	0
0	0	0	0	0
0	0	0	0	0
0	0	0	0	0
0	0	0	0	0
0	0	0	0	0
0	0	0	0	0
0	0	0	0	0
0	0	0	0	0
0	0	0	0	0
0	0	0	0	0
0	0	0	0	0
0	0	0	0	0
0	0	0	0	0
0	0	0	0	0
0	0	0	0	0
0	0	0	0	0
0	0	0	0	0
0	0	0	0	0
0	0	0	0	0
0	0	0	0	0
0	0	0	0	0
0	0	0	0	0
0	0	0	0	0
0	0	0	0	0
0	0	0	0	0
0	0	0	0	0
0	0	0	0	0
0	0	0	0	0
0	0	0	0	0
0	0	0	0	0
0	0	0	0	0
0	0	0	0	0
0	0	0	0	0
0	0	0	0	0
0	0	0	0	0
0	0	0	0	0
0	0	0	0	0
0	0	0	0	0
0	0	0	0	0
0	0	0	0	0
0	0	0	0	0
0	0	0	0	0
0	0	0	0	0
0	0	0	0	0
0	0	0	0	0
0	0	0	0	0
0	0	0	0	0
0	0	0	0	0
0	0	0	0	0
0	0	0	0	0
0	0	0	0	0
0	0	0	0	0
0	0	0	0	0
0	0	0	0	0
0	0	0	0	0
0	0	0	0	0
0	0	0	0	0
0	0	0	0	0
0	0	0	0	0
0	0	0	0	0
0	0	0	0	0
0	0	0	0	0
0	0	0	0	0
0	0	0	0	0
0	0	0	0	0
0	0	0	0	0
0	0	0	0	0
0	0	0	0	0
0	0	0	0	0
0	0	0	0	0
0	0	0	0	0
0	0	0	0	0
0	0	0	0	0
0	0	0	0	0
0	0	0	0	0
0	0	0	0	0
0	0	0	0	0
0	0	0	0	0
0	0	0	0	0
0	0	0	0	0
0	0	0	0	0
0	0	0	0	0
0	0	0	0	0
0	0	0	0	0
0	0	0	0	0
0	0	0	0	0
0	0	0	0	0
0	0	0	0	0
0	0	0	0	0
0	0	0	0	0
0	0	0	0	0
0	0	0	0	0
0	0	0	0	0
0	0	0	0	0
0	0	0	0	0
0	0	0	0	0
0	0	0	0	0
0	0	0	0	0
0	0	0	0	0
0	0	0	0	0
0	0	0	0	0
0	0	0	0	0
0	0	0	0	0
0	0	0	0	0
0	0	0	0	0
0	0	0	0	0
0	0	0	0	0
0	0	0	0	0
0	0	0	0	0
0	0	0	0	0
0	0	0	0	0
0	0	0	0	0
0	0	0	0	0
0	0	0	0	0
0	0	0	0	0
0	0	0	0	0
0	0	0	0	0
0	0	0	0	0
0	0	0	0	0
0	0	0	0	0
0	0	0	0	0
0	0	0	0	0
0	0	0	0	0
0	0	0	0	0
0	0	0	0	0
0	0	0	0	0
0	0	0	0	0
0	0	0	0	0
0	0	0	0	0
0	0	0	0	0
0	0	0	0	0
0	0	0	0	0
0	0	0	0	0
0	0	0	0	0
0	0	0	0	0
0	0	0	0	0
0	0	0	0	0
0	0	0	0	0
0	0	0	0	0
0	0	0	0	0
0	0	0	0	0
0	0	0	0	0
0	0	0	0	0
0	0	0	0	0
0	0	0	0	0
0	0	0	0	0
0	0	0	0	0
0	0	0	0	0
0	0	0	0	0
0	0	0	0	0
0	0	0	0	0
0	0	0	0	0
0	0	0	0	0
0	0	0	0	0
0	0	0	0	0
0	0	0	0	0
0	0	0	0	0
0	0	0	0	0
0	0	0	0	0
0	0	0	0	0
0	0	0	0	0
0	0	0	0	0
0	0	0	0	0
0	0	0	0	0
0	0	0	0	0
0	0	0	0	0
0	0	0	0	0
0	0	0	0	0
0	0	0	0	0
0	0	0	0	0
0	0	0	0	0
0	0	0	0	0
0	0	0	0	0
0	0	0	0	0
0	0	0	0	0
0	0	0	0	0
0	0	0	0	0
0	0	0	0	0
0	0	0	0	0
0	0	0	0	0
0	0	0	0	0
0	0	0	0	0
0	0	0	0	0
0	0	0	0	0
0	0	0	0	0
0	0	0	0	0
0	0	0	0	0
0	0	0	0	0
0	0	0	0	0
0	0	0	0	0
0	0	0	0	0
0	0	0	0	0
0	0	0	0	0
0	0	0	0	0
0	0	0	0	0
0	0	0	0	0
0	0	0	0	0
0	0	0	0	0
0	0	0	0	0
0	0	0	0	0
0	0	0	0	0
0	0	0	0	0
0	0	0	0	0
0	0	0	0	0
0	0	0	0	0
0	0	0	0	0
0	0	0	0	0
0	0	0	0	0
0	0	0	0	0
0	0	0	0	0
0	0	0	0	0
0	0	0	0	0
0	0	0	0	0
0	0	0	0	0
0	0	0	0	0
0	0	0	0	0
0	0	0	0	0
0	0	0	0	0
0	0	0	0	0
0	0	0	0	0
0	0	0	0	0
0	0	0	0	0
0	0	0	0	0
0	0	0	0	0
0	0	0	0	0
0	0	0	0	0
0	0	0	0	0
0	0	0	0	0
0	0	0	0	0
0	0	0	0	0
0	0	0	0	0
0	0	0	0	0
0	0	0	0	0
0	0	0	0	0
0	0	0	0	0
0	0	0	0	0
0	0	0	0	0
0	0	0	0	0
0	0	0	0	0
0	0	0	0	0
0	0	0	0	0
0	0	0	0	0
0	0	0	0	0
0	0	0	0	0
0	0	0	0	0
0	0	0	0	0
0	0	0	0	0
0	0	0	0	0
0	0	0	0	0
0	0	0	0	0
0	0	0	0	0
0	0	0	0	0
0	0	0	0	0
0	0	0	0	0
0	0	0	0	0
0	0	0	0	0
0	0	0	0	0
0	0	0	0	0
0	0	0	0	0
0	0	0	0	0
0	0	0	0	0
0	0	0	0	0
0	0	0	0	0
0	0	0	0	0
0	0	0	0	0
0	0	0	0	0
0	0	0	0	0
0	0	0	0	0
0	0	0	0	0
0	0	0	0	0
0	0	0	0	0
0	0	0	0	0
0	0	0	0	0
0	0	0	0	0
0	0	0	0	0
0	0	0	0	0
0	0	0	0	0
0	0	0	0	0
0	0	0	0	0
0	0	0	0	0
0	0	0	0	0
0	0	0	0	0
0	0	0	0	0
0	0	0	0	0
0	0	0	0	0
0	0	0	0	0
0	0	0	0	0
0	0	0	0	0
0	0	0	0	0
0	0	0	0	0
0	0	0	0	0
0	0	0	0	0
0	0	0	0	0
0	0	0	0	0
0	0	0	0	0
0	0	0	0	0
0	0	0	0	0
0	0	0	0	0
0	0	0	0	0
0	0	0	0	0
0	0	0	0	0
0	0	0	0	0
0	0	0	0	0
0	0	0	0	0
0	0	0	0	0
0	0	0	0	0
0	0	0	0	0
0	0	0	0	0
0	0	0	0	0
0	0	0	0	0
0	0	0	0	0
0	0	0	0	0
0	0	0	0	0
0	0	0	0	0
0	0	0	0	0
0	0	0	0	0
0	0	0	0	0
0	0	0	0	0
0	0	0	0	0
0	0	0	0	0
0	0	0	0	0
0	0	0	0	0
0	0	0	0	0
0	0	0	0	0
0	0	0	0	0
0	0	0	0	0
0	0	0	0	0
0	0	0	0	0
0	0	0	0	0
0	0	0	0	0
0	0	0	0	0
0	0	0	0	0
0	0	0	0	0
0	0	0	0	0
0	0	0	0	0
0	0	0	0	0
0	0	0	0	0
0	0	0	0	0
0	0	0	0	0
0	0	0	0	0
0	0	0	0	0
0	0	0	0	0
0	0	0	0	0
0	0	0	0	0
0	0	0	0	0
0	0	0	0	0
0	0	0	0	0
0	0	0	0	0
0	0	0	0	0
0	0	0	0	0
0	0	0	0	0
0	0	0	0	0
0	0	0	0	0
0	0	0	0	0
