a2610913.350552
Narit-cm 09/01/2026 13:05:05 09/01/2026 13:35:05 0045 0013.384714 0052.542598 00.0 00.0
0002375 0010 0000000 0010 05 0000000 0010 0000000 0010
1 0 1 01600 1 0000 3.75 00000.o 0 0 01 000 16 002375 0.500 BT0
1 2 1 02000 1 0000 3.75 00000.o 0 0 01 000 16 002375 0.500 S2A0
1 1 1 01600 1 0000 3.75 00000.o 0 0 00 000 00 002375 3.1746 BC0
1 3 1 02000 1 0000 3.75 00000.o 0 0 00 000 00 002375 3.1746 S2P0
1 5 0 01600 0 0000 1.00 00000.o 0 0 00 000 00 000000 0.000 OF0
0.000 .o Analog 0 	0.000 .o Analog StErr 0 	0.000 .o Photon Counting 0 	0.000 .o PC StErr 0 	0.000 .o Overflow Info 0 
31.3804	0.115373	154.021	0.847226	0
52.4078	0.160783	160.943	0.824067	0
113.726	0.684033	93.4063	1.16247	0
304.551	1.49969	0.724211	0.116835	0
491.304	0.370287	23.0905	0.727972	1
499.955	0.0223279	140.076	1.30523	1
494.738	0.199588	148.008	1.29106	1
488.686	0.242915	41.8358	0.890089	1
499.391	0.0732862	18.8126	0.561015	1
499.975	0.016013	34.0211	0.734193	1
500	0	70.4	0.947469	1
500	0	119.528	1.06119	1
500	0	156.463	1.02766	1
499.989	0.0111759	143.141	1.07018	1
499.989	0.0111694	120.522	1.00761	1
500	0	112.926	0.983418	1
500	0	114.223	0.957148	1
500	0	121.465	0.963715	1
500	0	122.425	0.978233	1
500	0	125.053	0.96095	1
498.267	0.0933513	140.042	0.961987	1
472.398	0.297654	156.564	0.966135	1
435.141	0.280689	173.154	0.953345	0
401.381	0.257472	186.509	0.905989	0
371.067	0.238938	190.956	0.927075	0
343.873	0.222522	193.735	0.929494	0
319.41	0.205376	194.728	0.915668	0
297.315	0.189184	194.173	0.928803	0
277.379	0.175078	193.886	0.897348	0
259.455	0.163813	190.501	0.914977	0
243.237	0.154617	188.531	0.905644	0
228.404	0.146656	188.783	0.919125	0
214.732	0.140697	188.463	0.90357	0
202.007	0.136942	185.617	0.870386	0
190.165	0.132328	182.063	0.898385	0
179.174	0.12835	180.497	0.876262	0
168.828	0.126436	180.547	0.88836	0
159.031	0.123975	180.059	0.895965	0
149.71	0.119283	177.634	0.860361	0
140.856	0.11584	173.592	0.909792	0
132.428	0.113696	175.259	0.875571	0
124.34	0.111729	173.019	0.870386	0
116.654	0.110341	173.575	0.872114	0
109.354	0.10995	170.914	0.893545	0
102.294	0.108504	169.499	0.877299	0
95.6041	0.106987	169.869	0.874534	0
89.2625	0.106537	165.659	0.845152	0
83.0651	0.107135	165.743	0.838584	0
77.0575	0.106713	165.474	0.861053	0
71.3085	0.104548	163.015	0.842041	0
65.759	0.102924	162.526	0.848954	0
60.4724	0.101314	160.808	0.835128	0
55.5601	0.0982889	160.404	0.83098	0
50.9907	0.0935855	159.276	0.844115	0
46.7252	0.0884137	157.928	0.850683	0
42.7993	0.0844847	156.699	0.856905	0
39.2425	0.0789641	154.307	0.826832	0
36.0839	0.0718389	154.375	0.816808	0
33.3159	0.0645097	153.331	0.826832	0
30.9255	0.0582949	152.926	0.848609	0
28.891	0.0519967	148.547	0.815771	0
27.1955	0.047389	148.531	0.821301	0
25.7653	0.0425439	148.985	0.816808	0
24.5839	0.0380097	146.425	0.805055	0
23.6449	0.0348133	144.977	0.805055	0
22.8867	0.0325238	144.606	0.800907	0
22.2354	0.0303126	142.653	0.822684	0
21.7073	0.0279407	141.726	0.810931	0
21.2807	0.0276308	141.676	0.809549	0
20.8618	0.0270602	139.924	0.816462	0
20.5328	0.025915	139.84	0.816116	0
20.2964	0.0248839	139.739	0.810586	0
20.0624	0.0243514	139.84	0.807129	0
19.8122	0.0243761	136.792	0.786389	0
19.5973	0.0243295	137.617	0.814734	0
19.4385	0.0247543	135.461	0.794685	0
19.3077	0.0242553	138.257	0.81266	0
19.1819	0.0237012	137.583	0.79192	0
19.0273	0.0235409	134.501	0.796413	0
18.8679	0.0228847	136.135	0.7895	0
18.7426	0.0234064	135.242	0.810931	0
18.6539	0.0236564	134.771	0.777747	0
18.5673	0.0229043	133.878	0.809549	0
18.4884	0.0234744	134.922	0.777056	0
18.3957	0.0227359	136.017	0.784315	0
18.3194	0.0229352	133.928	0.809549	0
18.2835	0.0227002	135.057	0.791574	0
18.214	0.022421	134.198	0.834091	0
18.1373	0.022897	134.602	0.783624	0
18.1083	0.0229007	133.406	0.803672	0
18.0131	0.0227814	132.295	0.806783	0
17.9361	0.0222418	134.063	0.772908	0
17.9076	0.0226265	132.143	0.798833	0
17.8619	0.0228386	134.316	0.803672	0
17.8257	0.022285	134.349	0.807475	0
17.7707	0.0229824	132.783	0.78708	0
17.6938	0.0229275	133.423	0.794685	0
17.6874	0.0222443	132.531	0.800216	0
17.6881	0.022188	133.255	0.800561	0
17.6091	0.0222502	131.301	0.801598	0
17.5657	0.0221198	131.874	0.801944	0
17.5284	0.0226263	130.695	0.816116	0
17.4678	0.0222318	131.975	0.809894	0
17.4641	0.0219876	133.204	0.817153	0
17.4274	0.0223198	133.642	0.793648	0
17.3362	0.0217615	131.048	0.815771	0
17.3104	0.0220378	132.194	0.790883	0
17.2955	0.0213794	132.547	0.79745	0
17.2357	0.0218811	132.227	0.815425	0
17.2098	0.0218441	132.211	0.804709	0
17.189	0.0210492	131.469	0.807475	0
17.149	0.021603	131.924	0.789846	0
17.0872	0.0218499	130.661	0.814388	0
17.0383	0.0213248	130.257	0.793648	0
17.0338	0.0216941	131.655	0.797796	0
17.008	0.0217087	131.958	0.806783	0
16.9747	0.0214283	131.604	0.803327	0
16.945	0.0219342	130.88	0.796759	0
16.8924	0.0215057	131.722	0.79745	0
16.8804	0.022109	131.149	0.801944	0
16.8655	0.0214765	131.065	0.792611	0
16.8106	0.0215121	130.341	0.806092	0
16.8006	0.0213812	130.796	0.788117	0
16.8039	0.0212504	131.419	0.788809	0
16.76	0.0213649	129.819	0.80782	0
16.7167	0.0210552	131.032	0.808512	0
16.708	0.0211058	128.792	0.799524	0
16.661	0.0206105	129.549	0.801598	0
16.6426	0.0207604	129.549	0.798142	0
16.6711	0.0213222	131.907	0.796068	0
16.6251	0.0213254	130.695	0.797105	0
16.5785	0.0212959	130.863	0.80782	0
16.5747	0.0215019	128.943	0.784315	0
16.5219	0.020605	130.156	0.78708	0
16.4776	0.0205617	130.745	0.788117	0
16.4867	0.0204595	131.082	0.786043	0
16.473	0.0209059	131.335	0.803327	0
16.4681	0.0211748	129.566	0.787772	0
16.4698	0.0208602	129.819	0.807129	0
16.4238	0.0213396	129.432	0.80229	0
16.4034	0.0213712	133.558	0.799179	0
16.4302	0.0205152	129.819	0.793302	0
16.4151	0.0202395	128.859	0.802635	0
16.3766	0.0205385	131.032	0.780858	0
16.3527	0.0212079	129.768	0.783278	0
16.3585	0.0210954	129.937	0.81266	0
16.3372	0.0205012	128.943	0.808166	0
16.2996	0.0203475	129.651	0.785352	0
16.2964	0.020687	130.223	0.809203	0
16.2618	0.020487	130.56	0.808512	0
16.2213	0.0208424	129.667	0.774291	0
16.2311	0.020925	128.674	0.779476	0
16.2255	0.0208557	130.998	0.787772	0
16.18	0.0206792	128.623	0.79192	0
16.1455	0.020599	130.156	0.808512	0
16.1482	0.0205388	130.796	0.800216	0
16.1247	0.0208835	130.56	0.80782	0
16.0935	0.0207943	129.583	0.795376	0
16.0746	0.0205169	130.088	0.801253	0
16.0485	0.0207236	128.64	0.797796	0
16.0284	0.0204632	129.061	0.794339	0
16.0369	0.0205849	130.358	0.816808	0
15.9918	0.0203372	128.589	0.811623	0
15.9148	0.0206835	127.68	0.790537	0
15.8984	0.0202933	127.175	0.797105	0
15.8836	0.0197836	128.539	0.805401	0
15.8446	0.0199943	127.714	0.805401	0
15.8325	0.0198336	128.135	0.809203	0
15.8248	0.0204054	129.078	0.821301	0
15.8105	0.0205331	128	0.7895	0
15.7707	0.0205584	127.629	0.790191	0
15.7308	0.0208545	128.152	0.780513	0
15.7308	0.0201834	129.078	0.788117	0
15.713	0.0199864	127.528	0.781204	0
15.6802	0.0198938	127.175	0.793648	0
15.6674	0.0197784	126.72	0.809549	0
15.6437	0.0200623	127.697	0.797105	0
15.6022	0.019316	127.832	0.791574	0
15.5908	0.0201555	128.808	0.786389	0
15.5511	0.0200891	127.495	0.789154	0
15.5281	0.0194585	128.556	0.801253	0
15.5348	0.0199949	127.613	0.801253	0
15.4778	0.0204146	127.141	0.785352	0
15.4573	0.020241	128.371	0.79987	0
15.4654	0.019576	128.253	0.79987	0
15.4035	0.019718	128.303	0.787426	0
15.3687	0.0197325	126.653	0.792265	0
15.352	0.0195829	127.141	0.788117	0
15.3002	0.0200491	126.737	0.797105	0
15.2769	0.0196532	127.444	0.810931	0
15.2742	0.0195611	127.629	0.795031	0
15.2741	0.0196454	126.669	0.788809	0
15.2487	0.0199046	127.124	0.784315	0
15.1897	0.0190809	127.208	0.790191	0
15.1904	0.0196252	126.939	0.799524	0
15.1915	0.0200417	127.528	0.820956	0
15.1414	0.019802	126.872	0.797105	0
15.121	0.0197388	126.872	0.804709	0
15.1084	0.0194005	125.322	0.801598	0
15.064	0.0191846	125.996	0.799179	0
15.0317	0.0190984	125.895	0.787772	0
15.059	0.0191567	125.895	0.802635	0
15.0634	0.0190661	125.726	0.793302	0
14.9895	0.0196777	125.272	0.800907	0
14.9538	0.0193289	125.743	0.786735	0
14.9472	0.0195209	125.912	0.774636	0
14.8827	0.0189338	124.547	0.806092	0
14.8445	0.0191484	125.912	0.807129	0
14.8605	0.0194451	126.855	0.806783	0
14.8743	0.0193646	127.394	0.786043	0
14.8598	0.0191272	125.491	0.788809	0
14.8173	0.0193437	125.895	0.781895	0
14.7968	0.0197923	124.648	0.798487	0
14.7991	0.0194232	125.457	0.802635	0
14.796	0.0195665	125.743	0.79192	0
14.7642	0.0196892	125.086	0.790191	0
14.7291	0.0194263	124.295	0.786735	0
14.7294	0.0192164	124.918	0.791228	0
14.7248	0.0192434	123.267	0.780858	0
14.6896	0.0193493	125.322	0.796068	0
14.6823	0.0193912	125.524	0.818536	0
14.7088	0.0194675	125.592	0.800907	0
14.689	0.0192716	125.979	0.800907	0
14.6392	0.0189274	126.366	0.800216	0
14.6251	0.0192102	123.739	0.808857	0
14.6067	0.0187035	125.608	0.814388	0
14.5879	0.0187856	123.823	0.798487	0
14.5632	0.0190252	124.598	0.797105	0
14.5689	0.0186101	124.531	0.790191	0
14.5966	0.0192109	123.705	0.788463	0
14.5537	0.0191461	124.413	0.772908	0
14.5065	0.0191032	124.429	0.788117	0
14.5187	0.0187873	122.964	0.783624	0
14.5262	0.0189047	125.339	0.806092	0
14.5041	0.0187072	124.8	0.799179	0
14.4711	0.0192649	125.053	0.782932	0
14.4873	0.0191322	124.211	0.789154	0
14.4962	0.0186537	125.288	0.808857	0
14.4475	0.0191088	123.469	0.777747	0
14.4332	0.0191353	124.362	0.809549	0
14.4449	0.0189309	126.434	0.810586	0
14.444	0.0186362	122.964	0.782932	0
14.4506	0.0186328	123.166	0.78708	0
14.4727	0.0186765	124.648	0.794685	0
14.4785	0.0191972	125.036	0.791574	0
14.4345	0.0194628	123.149	0.7895	0
14.4236	0.0186803	125.962	0.794339	0
14.44	0.0194319	121.937	0.791228	0
14.3875	0.019543	123.672	0.791574	0
14.3554	0.0188521	124.109	0.787772	0
14.3694	0.0188744	123.032	0.784315	0
14.3869	0.0189322	124.076	0.79987	0
14.3963	0.019379	123.368	0.787772	0
14.3624	0.0193952	123.722	0.790191	0
14.3251	0.0192846	123.402	0.800216	0
14.3195	0.0186417	124.547	0.803327	0
14.3103	0.0187832	123.436	0.786735	0
14.3249	0.018857	122.846	0.788117	0
14.3267	0.0190479	123.891	0.78155	0
14.2667	0.0192168	124.362	0.800216	0
14.2429	0.0185528	124.227	0.816808	0
14.2503	0.018522	122.678	0.793994	0
14.2363	0.0186115	123.217	0.772217	0
14.2369	0.0189818	125.036	0.802981	0
14.2196	0.0185263	122.442	0.783969	0
14.1882	0.0180838	123.941	0.809549	0
14.2202	0.0189888	124.025	0.807129	0
14.2286	0.0189276	124.8	0.798487	0
14.1932	0.0182399	122.459	0.799179	0
14.1922	0.0188446	123.284	0.795031	0
14.191	0.0194195	124.16	0.79192	0
14.1929	0.0184977	124.362	0.810586	0
14.1652	0.0181903	122.829	0.792957	0
14.122	0.0188883	123.975	0.817499	0
14.1386	0.019376	122.476	0.778439	0
14.1286	0.0192661	122.964	0.795722	0
14.0907	0.0190102	123.975	0.800561	0
14.1162	0.0190352	124.025	0.794339	0
14.1366	0.0186681	123.453	0.7895	0
14.1108	0.0188069	122.981	0.790883	0
14.0908	0.0184477	122.779	0.802981	0
14.079	0.0186129	123.436	0.803327	0
14.0731	0.0190544	123.453	0.787426	0
14.0452	0.0190213	121.027	0.778784	0
14.0063	0.0186798	122.627	0.806092	0
13.9736	0.01823	122.139	0.798142	0
13.9423	0.0187513	122.695	0.795031	0
13.9416	0.0182561	123.149	0.808166	0
13.957	0.0188576	123.133	0.781895	0
13.9401	0.0185489	121.802	0.785352	0
13.9416	0.0182041	122.863	0.796413	0
13.9615	0.0184466	122.981	0.785006	0
13.9339	0.017987	122.509	0.796068	0
13.9085	0.0183524	121.465	0.79987	0
13.8718	0.0183831	123.284	0.769451	0
13.853	0.0178347	121.533	0.791574	0
13.8694	0.0184291	122.897	0.799179	0
13.8341	0.0181346	122.712	0.797796	0
13.8157	0.0179676	123.688	0.798833	0
13.87	0.0179542	121.752	0.804364	0
13.876	0.0184262	122.493	0.785698	0
13.8372	0.0176359	121.331	0.782587	0
13.8442	0.0180548	123.065	0.799524	0
13.8522	0.0180274	123.2	0.783624	0
13.8215	0.0178958	122.947	0.793302	0
13.8405	0.0184527	122.829	0.804709	0
13.8693	0.018195	121.566	0.795722	0
13.8465	0.0186398	121.785	0.79745	0
13.824	0.0184715	121.802	0.784315	0
13.8304	0.0188127	123.284	0.79745	0
13.8256	0.0186294	123.133	0.788117	0
13.8041	0.0185584	120.893	0.77671	0
13.8159	0.01804	122.846	0.806783	0
13.8367	0.0186347	122.004	0.803327	0
13.8261	0.0180233	122.947	0.797105	0
13.8036	0.0184461	123.352	0.791574	0
13.7873	0.0185687	122.745	0.773254	0
13.7642	0.0181177	122.779	0.782587	0
13.7573	0.018002	122.358	0.761155	0
13.782	0.0179852	121.364	0.801944	0
13.7893	0.017924	121.465	0.780858	0
13.7612	0.0184866	122.863	0.815771	0
13.7625	0.0182403	120.606	0.796759	0
13.7673	0.0183988	121.331	0.78708	0
13.7605	0.0182965	122.594	0.800561	0
13.7688	0.0183131	120.556	0.797796	0
13.7476	0.0180738	121.112	0.800561	0
13.7376	0.018189	123.368	0.791574	0
13.7609	0.0182304	122.291	0.785698	0
13.7335	0.0182088	123.267	0.775673	0
13.7295	0.0182254	123.082	0.7895	0
13.7498	0.0180128	122.307	0.775328	0
13.7332	0.0177917	121.752	0.777056	0
13.7266	0.0179784	121.465	0.770834	0
13.7069	0.0177536	122.038	0.793648	0
13.7268	0.0183972	123.015	0.790537	0
13.7729	0.0183153	122.408	0.800907	0
13.7589	0.018065	123.251	0.76876	0
13.7379	0.018134	122.509	0.766686	0
13.7539	0.0179736	119.562	0.805401	0
13.7276	0.0179043	123.402	0.798142	0
13.7065	0.0177685	121.516	0.788117	0
13.7336	0.0180789	120.354	0.779821	0
13.7196	0.01823	121.432	0.788463	0
13.6995	0.0183146	120.758	0.795722	0
13.7025	0.0183101	122.796	0.779476	0
13.6961	0.0177356	121.634	0.800561	0
13.689	0.0176808	121.078	0.7895	0
13.6979	0.0182665	121.162	0.7895	0
13.7189	0.0183538	121.415	0.784315	0
13.723	0.0178825	121.078	0.783624	0
13.6951	0.0180012	121.095	0.786735	0
13.6887	0.0185749	122.324	0.781895	0
13.7123	0.0184596	120.455	0.768069	0
13.7123	0.0182362	121.331	0.796759	0
13.693	0.0178521	121.061	0.789154	0
13.6593	0.018643	122.509	0.798487	0
13.6633	0.0183217	121.634	0.778439	0
13.6982	0.0176649	121.297	0.791228	0
13.7073	0.0178804	122.964	0.784315	0
13.6917	0.0184573	120.556	0.785698	0
13.6845	0.0179243	122.173	0.7895	0
13.6971	0.017509	122.072	0.777056	0
13.7113	0.0180293	121.819	0.79192	0
13.7066	0.0181399	121.735	0.805401	0
13.6742	0.0184767	121.752	0.789154	0
13.65	0.0180034	121.314	0.796413	0
13.665	0.0178298	122.021	0.805401	0
13.6738	0.0181121	121.634	0.801253	0
13.6774	0.0180827	121.482	0.782932	0
13.6808	0.0176179	121.331	0.803327	0
13.6657	0.0183775	121.836	0.790191	0
13.6617	0.0180692	120.876	0.793994	0
13.6633	0.01808	120.808	0.790537	0
13.6497	0.0178641	121.903	0.801944	0
13.649	0.0176442	121.364	0.793994	0
13.6724	0.0181859	122.206	0.793994	0
13.6863	0.0177202	122.055	0.782932	0
13.6683	0.0178211	121.246	0.786043	0
13.6399	0.0182864	122.796	0.79987	0
13.6609	0.0178441	122.425	0.79745	0
13.6612	0.0177732	120.135	0.797796	0
13.6411	0.018199	121.6	0.795031	0
13.6524	0.0179157	121.634	0.779821	0
13.6426	0.0179217	121.566	0.767377	0
13.655	0.0184421	122.122	0.781895	0
13.7123	0.0180971	122.796	0.771525	0
13.6967	0.0183535	121.364	0.787426	0
13.6273	0.0174668	121.903	0.794685	0
13.6319	0.0174911	122.038	0.780858	0
13.6507	0.0184232	121.061	0.800561	0
13.6411	0.018236	122.509	0.781895	0
13.6185	0.0178887	121.314	0.796759	0
13.5977	0.0181781	120.657	0.79192	0
13.6212	0.0179124	121.651	0.790883	0
13.653	0.0181602	121.516	0.791574	0
13.6535	0.018269	121.465	0.777747	0
13.6212	0.0182219	121.314	0.785352	0
13.6027	0.0178899	122.577	0.801598	0
13.6202	0.0180302	120.303	0.781895	0
13.61	0.0173915	120.707	0.787772	0
13.611	0.0176501	121.667	0.792957	0
13.6472	0.0178798	122.712	0.786389	0
13.6541	0.0179341	121.92	0.785352	0
13.6053	0.0180075	121.331	0.813005	0
13.6002	0.0180295	120.741	0.773254	0
13.6565	0.0177841	122.459	0.807129	0
13.6405	0.0186875	120.472	0.795031	0
13.6066	0.018047	122.829	0.809203	0
13.5977	0.0181752	120.741	0.803327	0
13.5916	0.0179683	120.236	0.79987	0
13.6124	0.0179049	122.779	0.78155	0
13.6161	0.0176197	122.038	0.778439	0
13.5958	0.0182617	121.785	0.786389	0
13.6199	0.0179233	122.813	0.782932	0
13.6363	0.0177528	122.189	0.785352	0
13.6149	0.0179879	120.792	0.788809	0
13.5928	0.0183455	122.56	0.800561	0
13.6015	0.0181575	120.691	0.820264	0
13.6033	0.0180462	121.499	0.791228	0
13.5775	0.0180338	122.947	0.791228	0
13.5911	0.0180818	121.987	0.788463	0
13.5998	0.0179984	122.173	0.775673	0
13.5808	0.0179239	122.728	0.792265	0
13.6134	0.0180048	120.034	0.786735	0
13.6342	0.0176884	121.331	0.780513	0
13.5785	0.0177325	120.354	0.779476	0
13.5955	0.0178697	122.055	0.783278	0
13.6158	0.0180659	121.314	0.790883	0
13.5553	0.0179855	121.583	0.797796	0
13.5531	0.0181664	121.415	0.811623	0
13.5891	0.0180881	120.758	0.800216	0
13.5685	0.0179721	122.526	0.797796	0
13.5625	0.0181065	121.566	0.787772	0
13.5678	0.0180849	120.051	0.771871	0
13.5869	0.0180986	122.122	0.808512	0
13.6269	0.0173273	120.657	0.780513	0
13.6097	0.0180418	120.354	0.800561	0
13.5848	0.0178048	121.28	0.797796	0
13.5634	0.0180297	120.202	0.768069	0
13.5449	0.0182406	122.139	0.781204	0
13.5619	0.0178722	121.145	0.794339	0
13.5603	0.0177881	121.415	0.786043	0
13.5477	0.0174715	120.387	0.797796	0
13.5607	0.0178437	122.375	0.775328	0
13.5628	0.0178212	121.432	0.777056	0
13.5549	0.0177042	121.162	0.783624	0
13.5514	0.0181123	120.219	0.783969	0
13.5392	0.0178248	119.326	0.797796	0
13.5462	0.0182364	121.533	0.793302	0
13.5427	0.0185418	120.185	0.793302	0
13.5379	0.0177393	121.112	0.798833	0
13.5516	0.0180204	119.175	0.803327	0
13.5494	0.0176358	121.971	0.773945	0
13.551	0.0179804	119.714	0.791574	0
13.5737	0.0180686	122.189	0.786389	0
13.5865	0.0180715	120.589	0.803672	0
13.5709	0.0180125	121.078	0.787772	0
13.5519	0.0185486	121.735	0.792265	0
13.5432	0.0177697	120.589	0.786043	0
13.5366	0.0180344	120.488	0.802635	0
13.5136	0.0179443	118.989	0.798487	0
13.5031	0.0179912	122.021	0.774291	0
13.5318	0.0173731	121.246	0.777056	0
13.5419	0.01802	120.269	0.777402	0
13.5514	0.0179503	121.971	0.800216	0
13.5745	0.0179353	120.994	0.807475	0
13.5572	0.017849	122.695	0.810931	0
13.5187	0.0179298	120.185	0.774982	0
13.5275	0.0183283	120.488	0.77913	0
13.5397	0.0176765	119.747	0.78155	0
13.5228	0.01801	121.954	0.801598	0
13.5362	0.017579	123.116	0.791228	0
13.5477	0.0178371	121.314	0.806783	0
13.5322	0.0181371	121.297	0.793994	0
13.5412	0.0181386	120.741	0.794339	0
13.5342	0.0179511	120.96	0.802635	0
13.5112	0.0179201	121.971	0.806783	0
13.5418	0.0173952	121.836	0.772217	0
13.5635	0.0179405	120.691	0.783278	0
13.545	0.0174946	121.078	0.815771	0
13.5627	0.0179539	121.566	0.810586	0
13.55	0.0178122	119.411	0.786389	0
13.5055	0.0181642	121.213	0.792265	0
13.5535	0.0175591	121.651	0.794339	0
13.5771	0.0180789	120.371	0.783969	0
13.5551	0.0177802	121.145	0.7895	0
13.5466	0.0178602	121.6	0.809549	0
13.5087	0.0175738	120.371	0.78155	0
13.5381	0.0182916	122.577	0.78708	0
13.5823	0.0178587	121.651	0.797105	0
13.5317	0.0179719	122.004	0.778093	0
13.5365	0.0180886	120.488	0.79745	0
13.5634	0.0177961	121.213	0.799179	0
13.5353	0.0182151	122.375	0.815771	0
13.5426	0.017272	121.415	0.792265	0
13.5625	0.0181309	121.634	0.788463	0
13.5302	0.0183591	120.236	0.78708	0
13.499	0.0178941	121.6	0.800561	0
13.5163	0.0181156	120.084	0.796759	0
13.5282	0.0178879	122.189	0.778439	0
13.5377	0.0181691	121.229	0.790883	0
13.5266	0.0175899	121.448	0.801253	0
13.5176	0.0178078	121.651	0.803672	0
13.5285	0.017282	121.819	0.799524	0
13.5519	0.0179792	120.589	0.786389	0
13.5574	0.0182436	120.64	0.795376	0
13.5339	0.0182368	121.651	0.794685	0
13.528	0.01798	122.358	0.79192	0
13.5368	0.0177141	121.314	0.789154	0
13.5535	0.017986	121.634	0.781895	0
13.5424	0.0179084	120.253	0.781895	0
13.5272	0.0179078	121.128	0.795376	0
13.5321	0.0180996	120.977	0.823375	0
13.5194	0.0179153	120.994	0.802981	0
13.5053	0.0178683	121.448	0.767032	0
13.5188	0.0177158	121.886	0.788809	0
13.5222	0.0174273	119.478	0.772562	0
13.5026	0.0178048	121.331	0.787772	0
13.5016	0.0178754	121.213	0.787772	0
13.4987	0.0175661	120.253	0.794339	0
13.5076	0.0181323	121.482	0.806783	0
13.5423	0.0179229	120.253	0.788463	0
13.509	0.0180239	122.072	0.795722	0
13.4786	0.0184022	120.808	0.777747	0
13.4941	0.0180027	121.415	0.795722	0
13.5122	0.0177969	121.263	0.80229	0
13.5187	0.0180808	119.057	0.795031	0
13.4909	0.0178581	120.539	0.793302	0
13.5061	0.0180762	121.415	0.807475	0
13.5414	0.017908	121.701	0.805746	0
13.5418	0.0181115	121.566	0.790537	0
13.5296	0.0176953	121.583	0.802981	0
13.5232	0.0177216	122.981	0.787426	0
13.5034	0.0179747	120.017	0.778784	0
13.5148	0.0182143	120.808	0.780167	0
13.5426	0.0185242	120.505	0.787772	0
13.5273	0.0179127	121.566	0.798833	0
13.5179	0.0173592	120.977	0.792265	0
13.5432	0.0174326	121.061	0.79745	0
13.5381	0.0178966	120.741	0.80229	0
13.5171	0.0182195	120.994	0.795031	0
13.5374	0.0177993	121.415	0.804709	0
13.5441	0.0178983	120.691	0.772908	0
13.5092	0.0181909	121.886	0.785698	0
13.5112	0.0178766	120.168	0.780858	0
13.5576	0.0178737	122.594	0.786043	0
13.5347	0.0178514	121.263	0.79987	0
13.512	0.0180793	121.28	0.779476	0
13.5559	0.0177829	121.566	0.799524	0
13.5591	0.01789	122.846	0.782932	0
13.5204	0.0182281	121.937	0.777402	0
13.508	0.0179639	121.28	0.795031	0
13.5146	0.0178143	121.886	0.787772	0
13.5202	0.0179444	121.971	0.794685	0
13.5239	0.0179732	120.185	0.776365	0
13.5154	0.0178383	120.505	0.795722	0
13.4898	0.0176405	121.314	0.791574	0
13.5145	0.0177404	121.718	0.791228	0
13.5348	0.0175764	120.556	0.796068	0
13.5123	0.0182201	120.943	0.806438	0
13.5243	0.0180278	120.202	0.809203	0
13.5306	0.0179119	120.404	0.809894	0
13.4988	0.0177351	120.943	0.787426	0
13.4925	0.0177779	120.185	0.800216	0
13.5065	0.0177536	119.714	0.801598	0
13.5201	0.0181687	121.785	0.783969	0
13.5316	0.0178842	121.651	0.796068	0
13.5033	0.0176318	120.909	0.780858	0
13.4985	0.0177433	120.32	0.789846	0
13.5212	0.0179094	120.842	0.786389	0
13.4974	0.0178842	122.274	0.77913	0
13.4928	0.0183693	121.785	0.792957	0
13.5169	0.0184719	121.465	0.790883	0
13.5091	0.0181423	122.661	0.815425	0
13.4881	0.017995	120.505	0.785006	0
13.5023	0.017611	120.707	0.79987	0
13.5262	0.0177579	121.145	0.806438	0
13.5143	0.0180192	120.337	0.803672	0
13.5013	0.0180262	121.398	0.800216	0
13.5076	0.0174769	119.343	0.804018	0
13.521	0.0175495	121.162	0.797105	0
13.5153	0.0178114	121.987	0.783969	0
13.5167	0.017954	120.724	0.795031	0
13.5312	0.0180712	120.657	0.802981	0
13.5217	0.0173545	121.162	0.808857	0
13.5128	0.018001	121.499	0.800907	0
13.5092	0.0177508	121.886	0.786389	0
13.5168	0.0177608	122.105	0.809203	0
13.5006	0.0179732	120.084	0.790537	0
13.4843	0.0177279	121.162	0.797796	0
13.5173	0.0179943	121.701	0.759773	0
13.4909	0.0180244	120.472	0.811968	0
13.4639	0.0174761	120.825	0.789154	0
13.5227	0.0176897	120.623	0.783969	0
13.5466	0.0174402	121.364	0.806438	0
13.5048	0.0175689	120.067	0.770143	0
13.4686	0.0175796	120.674	0.798142	0
13.485	0.0179398	120.724	0.776365	0
13.4949	0.0178751	120.691	0.793648	0
13.5055	0.0182594	121.566	0.792957	0
13.5265	0.0177723	122.055	0.770143	0
13.5215	0.018259	120.404	0.762538	0
13.5018	0.0181243	119.764	0.785698	0
13.5085	0.0181627	121.364	0.774636	0
13.4992	0.0178128	121.549	0.790537	0
13.4984	0.0174678	121.954	0.774982	0
13.5374	0.0180658	119.966	0.817153	0
13.5181	0.0176804	121.398	0.764958	0
13.4948	0.0178626	121.331	0.789154	0
13.5051	0.0177596	120.741	0.776019	0
13.4814	0.0175802	121.819	0.780858	0
13.4935	0.0179885	121.128	0.807129	0
13.5031	0.017957	120.758	0.781204	0
13.4954	0.0181141	122.661	0.805055	0
13.5162	0.0180038	120.623	0.793302	0
13.5097	0.0177036	121.246	0.793994	0
13.5046	0.017633	120.926	0.789846	0
13.5136	0.0175562	121.617	0.799179	0
13.5162	0.0181374	119.882	0.799179	0
13.5047	0.0182259	119.764	0.80782	0
13.4944	0.0181453	120.404	0.772908	0
13.4989	0.0181989	122.173	0.778093	0
13.4984	0.0181661	121.836	0.759081	0
13.4941	0.018337	120.202	0.785698	0
13.4887	0.0178295	120.589	0.770143	0
13.4897	0.0179426	120.168	0.795376	0
13.5022	0.0178318	121.667	0.795722	0
13.5015	0.0178386	120.792	0.804018	0
13.4983	0.0177627	120.101	0.800907	0
13.4912	0.0180011	120.825	0.789846	0
13.4878	0.0182765	121.162	0.791228	0
13.5211	0.0182602	122.055	0.775673	0
13.5324	0.0181089	121.011	0.785006	0
13.5041	0.0177969	122.055	0.801253	0
13.5019	0.0178867	120.421	0.802635	0
13.511	0.0175036	120.067	0.791228	0
13.4928	0.0181896	120.404	0.78155	0
13.4854	0.0182453	122.173	0.781204	0
13.5029	0.0176124	120.371	0.806783	0
13.5046	0.01813	120.825	0.805746	0
13.4894	0.0180331	120.943	0.789154	0
13.5066	0.0174586	119.747	0.790537	0
13.5115	0.0175051	119.495	0.795031	0
13.4937	0.0176442	119.731	0.804364	0
13.4993	0.0180148	120.909	0.769106	0
13.5007	0.0179575	119.04	0.793648	0
13.4754	0.0182914	122.004	0.78708	0
13.4915	0.018181	122.189	0.788117	0
13.5127	0.017954	121.162	0.806092	0
13.4888	0.017577	120.505	0.791574	0
13.4749	0.0176695	121.044	0.803672	0
13.4877	0.0177998	121.971	0.792957	0
13.4959	0.0178546	121.229	0.799179	0
13.493	0.0182472	121.617	0.787426	0
13.4898	0.0185187	119.916	0.786043	0
13.5085	0.0181431	119.309	0.796759	0
13.4903	0.017549	120.825	0.791228	0
13.4764	0.0177008	120.707	0.80229	0
13.4937	0.0177157	120.792	0.763575	0
13.4881	0.0174714	120.589	0.813697	0
13.4895	0.017423	120.825	0.817153	0
13.4795	0.018149	120.707	0.788463	0
13.4739	0.0176315	120.472	0.801598	0
13.5061	0.0177603	121.987	0.765303	0
13.5164	0.0179546	121.465	0.786389	0
13.4943	0.0179202	121.398	0.793994	0
13.4976	0.0179737	121.432	0.78155	0
13.5137	0.0179176	121.768	0.796413	0
13.5088	0.0178117	119.427	0.797105	0
13.4995	0.0180696	122.493	0.80229	0
13.4944	0.0180916	120.168	0.794685	0
13.4854	0.0173658	121.886	0.798833	0
13.4934	0.0175589	120.118	0.79987	0
13.4968	0.0172033	119.916	0.797105	0
13.4911	0.0179291	120.387	0.795031	0
13.4832	0.0179145	120.909	0.798142	0
13.4917	0.0184276	121.229	0.78708	0
13.5065	0.018361	119.613	0.77913	0
13.5092	0.0177774	120.421	0.7895	0
13.5073	0.0175038	120.488	0.79192	0
13.504	0.017602	121.364	0.794339	0
13.4789	0.0178734	120.522	0.781895	0
13.4806	0.017911	121.415	0.793302	0
13.5083	0.0178206	119.832	0.776365	0
13.4932	0.0176984	121.314	0.785006	0
13.481	0.0182006	121.92	0.806783	0
13.4829	0.0179796	120.152	0.771871	0
13.4542	0.0172783	121.112	0.789154	0
13.475	0.0174718	121.095	0.792265	0
13.5083	0.0180216	121.078	0.764266	0
13.4845	0.0175563	121.684	0.79745	0
13.4577	0.0178112	120.589	0.804018	0
13.446	0.017827	120.236	0.794339	0
13.4618	0.0179059	121.533	0.785006	0
13.4829	0.0178304	122.223	0.780513	0
13.4736	0.0181498	120.707	0.778093	0
13.4786	0.0178523	120.404	0.791574	0
13.4998	0.0179189	120.32	0.791574	0
13.4729	0.0176555	121.213	0.800561	0
13.4598	0.0178569	120.472	0.78708	0
13.468	0.0178965	121.701	0.791574	0
13.467	0.0181373	121.482	0.808166	0
13.5074	0.0181304	121.145	0.801944	0
13.5114	0.0177632	121.853	0.772908	0
13.4826	0.0178507	121.516	0.786389	0
13.4894	0.0178623	121.937	0.812314	0
13.5032	0.0180017	120.859	0.809549	0
13.5063	0.0178538	120.657	0.78155	0
13.4915	0.0179492	120.219	0.778784	0
13.4772	0.0179026	121.634	0.792265	0
13.4703	0.0180199	119.764	0.826486	0
13.4619	0.0179963	121.752	0.780858	0
13.4633	0.0177167	121.735	0.78708	0
13.4645	0.0176658	121.533	0.793302	0
13.4898	0.0178352	121.836	0.789154	0
13.51	0.0179088	121.415	0.783969	0
13.4926	0.0176905	119.865	0.795376	0
13.4977	0.0180716	120.488	0.79192	0
13.5221	0.0183566	120.488	0.796068	0
13.4972	0.0179685	120.977	0.787426	0
13.4814	0.0176824	120.488	0.786389	0
13.4779	0.017569	120.337	0.791228	0
13.4637	0.0171831	120.775	0.789846	0
13.4871	0.0175076	121.836	0.81024	0
13.5043	0.0183424	120.64	0.785352	0
13.4831	0.0178428	120.775	0.783624	0
13.4822	0.017657	120.691	0.801253	0
13.4921	0.0178363	119.714	0.787426	0
13.4942	0.0180061	121.314	0.799524	0
13.4827	0.0182085	119.124	0.782932	0
13.466	0.0178764	119.562	0.785352	0
13.4817	0.0174898	121.802	0.811623	0
13.4984	0.0179662	120.893	0.790537	0
13.4718	0.0175138	119.983	0.798142	0
13.4715	0.0177668	121.196	0.796413	0
13.4835	0.0179787	120.488	0.806783	0
13.4507	0.0183175	119.697	0.801253	0
13.4431	0.0178316	120.758	0.79745	0
13.4915	0.0178466	121.768	0.793648	0
13.504	0.0177592	120.556	0.788809	0
13.447	0.0178534	120.674	0.793648	0
13.4389	0.0177601	120.707	0.795722	0
13.4908	0.0181123	121.011	0.785698	0
13.4895	0.0179339	120.337	0.804364	0
13.4754	0.0181455	120.488	0.792265	0
13.4905	0.0179796	120.977	0.815425	0
13.4989	0.0179852	119.798	0.780513	0
13.478	0.0176249	121.701	0.791574	0
13.4548	0.017764	121.432	0.778093	0
13.4863	0.0180369	120.371	0.783969	0
13.5046	0.0180155	121.331	0.791228	0
13.4874	0.0180202	120.269	0.811277	0
13.5094	0.0181352	119.528	0.789846	0
13.4939	0.018019	120.387	0.7895	0
13.4533	0.0174487	122.004	0.786735	0
13.4665	0.0181223	120.404	0.772562	0
13.4886	0.0181396	120.96	0.795031	0
13.4842	0.0180366	120.741	0.785352	0
13.4836	0.0175685	122.627	0.795031	0
13.4995	0.0176564	120.573	0.777402	0
13.5035	0.0176924	121.263	0.77913	0
13.505	0.0177847	121.651	0.804709	0
13.508	0.0177744	122.173	0.818536	0
13.4915	0.0176467	121.583	0.780513	0
13.4789	0.0172413	121.701	0.817153	0
13.4723	0.0178204	120.876	0.789846	0
13.4464	0.0180688	121.28	0.795722	0
13.4394	0.0177845	121.684	0.776365	0
13.4692	0.0179535	120.303	0.762538	0
13.4807	0.0176115	121.011	0.79192	0
13.4881	0.018176	120.421	0.801253	0
13.4774	0.0176854	119.798	0.785698	0
13.4713	0.0178847	121.432	0.76634	0
13.4935	0.018319	121.179	0.79192	0
13.5001	0.017811	120.286	0.785698	0
13.4836	0.0180926	119.865	0.804709	0
13.4819	0.0179116	120.842	0.789154	0
13.4803	0.0180742	120.152	0.789154	0
13.471	0.0184698	120.522	0.805746	0
13.4892	0.0177689	119.933	0.78708	0
13.4934	0.0175414	120.842	0.764266	0
13.4924	0.0178336	121.112	0.795031	0
13.4965	0.0176678	120.505	0.803327	0
13.4954	0.0178221	120.741	0.783624	0
13.5048	0.0174192	120.32	0.788463	0
13.4755	0.0172937	121.128	0.776365	0
13.4667	0.0177394	121.634	0.793302	0
13.4988	0.0179444	119.815	0.791574	0
13.4884	0.0180698	121.415	0.793994	0
13.4695	0.0181832	120.825	0.807475	0
13.488	0.0177233	119.916	0.787426	0
13.4932	0.0171811	120.842	0.800907	0
13.476	0.0173971	121.263	0.774636	0
13.4641	0.0174128	120.977	0.792265	0
13.4631	0.0172632	120.354	0.786389	0
13.4701	0.0179632	120.354	0.798833	0
13.4595	0.0180053	121.229	0.794685	0
13.4491	0.0180613	120.135	0.789846	0
13.4635	0.017616	120.808	0.809894	0
13.4967	0.0183944	121.718	0.788463	0
13.5042	0.0175094	121.954	0.783624	0
13.4839	0.0176925	121.179	0.801253	0
13.4747	0.0179254	120.472	0.795376	0
13.486	0.0179504	121.28	0.800561	0
13.5094	0.0176452	120.337	0.772562	0
13.5071	0.0179305	119.68	0.804364	0
13.4774	0.0183941	122.459	0.793302	0
13.4669	0.0182754	120.438	0.783624	0
13.4761	0.0178327	120.64	0.782932	0
13.4767	0.0182041	120.674	0.793302	0
13.4857	0.017703	121.836	0.780513	0
13.4764	0.0176682	120.168	0.790191	0
13.4542	0.0179	121.061	0.780858	0
13.4794	0.0182997	120.573	0.786735	0
13.4784	0.0173951	120.438	0.795722	0
13.4644	0.017663	121.213	0.783969	0
13.4894	0.0181665	120.691	0.77671	0
13.4787	0.0179384	121.061	0.791574	0
13.4678	0.0177019	120.034	0.774982	0
13.4823	0.0177997	121.196	0.81024	0
13.4849	0.0181151	119.747	0.793648	0
13.496	0.0181565	121.802	0.782587	0
13.5071	0.0178985	121.314	0.789154	0
13.4963	0.0177821	120.606	0.794339	0
13.4866	0.0178865	121.583	0.792957	0
13.4631	0.0177526	121.044	0.797796	0
13.4786	0.0181547	121.667	0.790883	0
13.5213	0.0176889	121.213	0.786735	0
13.4681	0.017652	119.545	0.805746	0
13.4344	0.0180152	120.034	0.792611	0
13.4931	0.0173269	120.758	0.796759	0
13.4957	0.0176953	122.678	0.784661	0
13.472	0.0179915	121.128	0.814042	0
13.4788	0.018121	120.657	0.782241	0
13.4755	0.0179727	122.173	0.813697	0
13.4874	0.0180227	120.573	0.806438	0
13.4876	0.0174714	119.006	0.805746	0
13.4669	0.0177954	120.606	0.796413	0
13.464	0.0176257	119.966	0.782587	0
13.4652	0.0183496	121.347	0.799179	0
13.4599	0.0178483	121.886	0.791228	0
13.4851	0.0178318	122.493	0.803327	0
13.5002	0.018002	120.404	0.793994	0
13.4582	0.0175713	120.303	0.796759	0
13.4679	0.0183314	121.078	0.790537	0
13.4941	0.0181889	120.556	0.801253	0
13.4824	0.0182612	120.219	0.809894	0
13.4594	0.0176747	121.011	0.795031	0
13.4511	0.017895	121.246	0.801253	0
13.4746	0.0174136	121.095	0.785698	0
13.4948	0.0180394	121.28	0.805401	0
13.4936	0.0177898	122.644	0.794685	0
13.4763	0.0178201	119.394	0.785006	0
13.4752	0.017965	120.371	0.770834	0
13.4912	0.0184216	119.899	0.773945	0
13.4821	0.0180125	120.792	0.778093	0
13.4655	0.017979	120.691	0.793648	0
13.4664	0.0176798	120.96	0.77671	0
13.458	0.018115	120.337	0.794339	0
13.4655	0.0176189	121.061	0.777056	0
13.4885	0.0176485	120.691	0.798142	0
13.4816	0.0180223	119.68	0.788463	0
13.4788	0.0180812	118.888	0.770143	0
13.4861	0.017842	120.926	0.777056	0
13.4894	0.0177037	120.926	0.767723	0
13.4802	0.0177633	121.314	0.809203	0
13.4874	0.0170776	121.634	0.799179	0
13.5047	0.0176483	121.263	0.793302	0
13.5129	0.0180816	119.966	0.799179	0
13.5054	0.0173834	120.994	0.79192	0
13.479	0.0176953	121.684	0.794339	0
13.4858	0.0174035	120.202	0.80229	0
13.5038	0.0179562	120.017	0.781204	0
13.5077	0.0176678	120.573	0.785698	0
13.483	0.0179053	121.617	0.807475	0
13.4741	0.0177034	122.156	0.782587	0
13.5106	0.0177724	122.442	0.79987	0
13.4728	0.0178409	121.785	0.770143	0
13.44	0.0177375	121.465	0.780858	0
13.4741	0.0182105	120.472	0.801944	0
13.4776	0.0180111	121.684	0.801253	0
13.4617	0.0174172	120.32	0.821301	0
13.4662	0.017663	120.421	0.802635	0
13.4935	0.0175236	120.421	0.790537	0
13.4744	0.0179839	120.808	0.796068	0
13.4563	0.0181551	122.156	0.800907	0
13.4921	0.0177068	120.387	0.801598	0
13.486	0.0174751	120.505	0.789846	0
13.484	0.0180255	121.869	0.794685	0
13.4998	0.0176748	120.977	0.78155	0
13.4998	0.0180147	120.118	0.775328	0
13.483	0.0182421	119.764	0.783969	0
13.4698	0.0178125	121.583	0.792957	0
13.4683	0.0182964	122.274	0.802635	0
13.4722	0.0175852	120.909	0.804018	0
13.5157	0.0177927	120.876	0.787772	0
13.53	0.0176104	121.448	0.785006	0
13.4935	0.0179957	120.825	0.800216	0
13.4852	0.0176647	120.067	0.773945	0
13.4644	0.0180372	121.145	0.770834	0
13.4354	0.0179572	120.135	0.788463	0
13.4663	0.0177	120.893	0.784315	0
13.4887	0.0173855	120.606	0.79987	0
13.4709	0.0178077	121.802	0.79192	0
13.491	0.017597	121.735	0.790191	0
13.501	0.0182044	119.208	0.780513	0
13.4801	0.0174231	121.011	0.795376	0
13.4925	0.0175891	120.792	0.797796	0
13.4864	0.0176556	121.044	0.813351	0
13.4741	0.0172048	120.168	0.788117	0
13.4823	0.0177213	120.792	0.797796	0
13.4703	0.017962	120.017	0.773599	0
13.4571	0.0175515	119.579	0.786043	0
13.4387	0.0182141	121.095	0.795722	0
13.4253	0.017795	121.566	0.801944	0
13.4681	0.0176554	121.398	0.78708	0
13.5111	0.0181634	121.331	0.783969	0
13.4847	0.0180289	121.398	0.798142	0
13.4542	0.0176169	120.674	0.79745	0
13.4857	0.0179145	121.196	0.796759	0
13.4868	0.0176693	121.92	0.810931	0
13.4644	0.0174207	121.583	0.792957	0
13.4714	0.018154	121.987	0.796068	0
13.4808	0.0179831	120.758	0.787426	0
13.4957	0.0177738	119.731	0.799179	0
13.4924	0.0179228	121.735	0.790537	0
13.491	0.0173897	120.421	0.787772	0
13.4958	0.0173294	122.442	0.78155	0
13.47	0.0176377	119.276	0.784661	0
13.4585	0.0181054	121.516	0.77671	0
13.4781	0.0175704	120.775	0.797105	0
13.4638	0.0178262	122.189	0.795376	0
13.472	0.0179983	120.589	0.797796	0
13.4945	0.0179829	120.303	0.809203	0
13.4829	0.0174007	121.667	0.78708	0
13.4695	0.017186	119.141	0.764612	0
13.4742	0.0174549	120.219	0.795376	0
13.4968	0.0175871	120.404	0.795031	0
13.5116	0.0178627	121.061	0.793302	0
13.5	0.0173395	119.747	0.788809	0
13.4802	0.017887	120.707	0.783969	0
13.4867	0.0180833	121.112	0.783624	0
13.4664	0.0179404	120.152	0.785352	0
13.4641	0.0180252	122.425	0.789154	0
13.4972	0.0175031	120.387	0.785698	0
13.4796	0.0175946	120.623	0.775328	0
13.4709	0.0178555	120.674	0.79745	0
13.499	0.017997	120.792	0.800216	0
13.4914	0.017872	121.516	0.791574	0
13.4659	0.0177577	120.101	0.794339	0
13.485	0.0176954	121.145	0.785698	0
13.4841	0.017955	119.916	0.777056	0
13.4558	0.0178142	121.196	0.794339	0
13.4646	0.0177749	120.236	0.787426	0
13.4842	0.0178661	121.061	0.781204	0
13.4731	0.0173663	120.421	0.79192	0
13.4786	0.0175895	122.947	0.778439	0
13.4952	0.0181185	120.741	0.778093	0
13.4895	0.0178425	119.697	0.795031	0
13.4632	0.0177931	121.011	0.807129	0
13.4725	0.0182383	121.617	0.775328	0
13.4816	0.0180864	120.488	0.794685	0
13.465	0.0179113	121.465	0.783278	0
13.4431	0.0177039	121.364	0.792265	0
13.4444	0.0177423	120.084	0.802981	0
13.4792	0.0174355	120.707	0.808166	0
13.4836	0.0178453	120.438	0.779821	0
13.4679	0.018062	121.347	0.79987	0
13.4602	0.017904	119.933	0.794685	0
13.4501	0.0176538	120.202	0.804018	0
13.471	0.0176504	120.64	0.794685	0
13.4842	0.0177668	120.269	0.779476	0
13.4672	0.0175819	120.185	0.793648	0
13.4668	0.0177123	120.623	0.806783	0
13.4677	0.018175	120.808	0.800907	0
13.4814	0.0178208	120.859	0.795722	0
13.4966	0.0182736	120.909	0.785698	0
13.4918	0.0178792	120.876	0.775673	0
13.482	0.0177598	119.983	0.782587	0
13.4721	0.0176913	120.64	0.788809	0
13.4745	0.0177288	121.398	0.793994	0
13.4728	0.0181501	120.152	0.784315	0
13.4602	0.018051	120.488	0.789846	0
13.4804	0.0175949	122.206	0.796759	0
13.5079	0.0176776	121.735	0.775328	0
13.4913	0.0176847	121.718	0.794685	0
13.4576	0.0180242	121.651	0.782932	0
13.4782	0.0180419	121.364	0.781204	0
13.4972	0.01768	122.728	0.778439	0
13.4793	0.0178364	120.623	0.790883	0
13.4651	0.0184003	120.674	0.786735	0
13.4964	0.0182612	121.364	0.787772	0
13.5214	0.018101	120.926	0.786043	0
13.5045	0.0184517	122.728	0.808166	0
13.5019	0.01798	121.785	0.77913	0
13.4809	0.0174875	121.802	0.809894	0
13.4656	0.0180994	120.977	0.78708	0
13.4883	0.0178438	120.606	0.793302	0
13.4699	0.0179982	120.286	0.795376	0
13.4567	0.017747	121.499	0.781204	0
13.4815	0.0175824	120.943	0.772217	0
13.4481	0.0179081	120.269	0.781204	0
13.4628	0.0178987	120.269	0.802635	0
13.4985	0.0179582	121.802	0.78155	0
13.4693	0.0181275	119.832	0.804364	0
13.4446	0.0176688	120.472	0.816808	0
13.4741	0.0175492	121.583	0.804709	0
13.4972	0.0179975	121.28	0.807129	0
13.4663	0.0175769	119.663	0.792611	0
13.444	0.0175661	120.488	0.774291	0
13.4714	0.0179034	122.459	0.792265	0
13.4921	0.0176924	120.724	0.805055	0
13.4747	0.0177214	123.267	0.794339	0
13.4597	0.0184688	120.017	0.792957	0
13.4489	0.0179124	120.354	0.809894	0
13.4501	0.0178823	119.613	0.797105	0
13.4902	0.0181855	122.779	0.796413	0
13.4898	0.0178492	120	0.793648	0
13.4648	0.0176235	121.28	0.808166	0
13.5047	0.0178622	121.448	0.78708	0
13.517	0.0179105	120.842	0.785698	0
13.4703	0.0180396	121.145	0.784315	0
13.4722	0.0182698	120.825	0.782587	0
13.4892	0.0179826	120.606	0.802981	0
13.4749	0.0174834	121.381	0.77913	0
13.4771	0.0177896	120.286	0.79987	0
13.4896	0.0179312	121.28	0.810586	0
13.4864	0.018057	119.781	0.786735	0
13.4845	0.0179351	121.246	0.782587	0
13.4769	0.0178174	120.724	0.79987	0
13.4589	0.0178132	119.916	0.775328	0
13.4462	0.0175642	121.28	0.798833	0
13.4432	0.0179769	121.128	0.795031	0
13.4461	0.0180064	120.067	0.81266	0
13.465	0.0177781	120.724	0.79192	0
13.4582	0.017706	121.583	0.793648	0
13.4484	0.017831	121.903	0.796413	0
13.4672	0.0178495	121.869	0.788809	0
13.4598	0.0176494	121.819	0.814734	0
13.4406	0.0176607	121.28	0.800907	0
13.4449	0.0178352	120.438	0.792957	0
13.4845	0.0179717	122.105	0.782241	0
13.5057	0.0178403	119.848	0.787772	0
13.4626	0.0178904	120.556	0.772908	0
13.4567	0.0179319	122.206	0.797796	0
13.48	0.0178219	121.954	0.798487	0
13.4855	0.0182484	121.28	0.793302	0
13.4887	0.018034	119.545	0.789154	0
13.4711	0.0175012	121.28	0.790537	0
13.4854	0.0176799	120.32	0.790883	0
13.4897	0.017952	122.24	0.77913	0
13.4613	0.0182325	120.994	0.787772	0
13.4727	0.0178749	120.775	0.780167	0
13.4874	0.0179218	122.055	0.804364	0
13.4893	0.0174877	120.64	0.795376	0
13.4873	0.017856	120.067	0.793302	0
13.4831	0.0176127	120.135	0.800216	0
13.4643	0.017987	119.747	0.805746	0
13.4695	0.0177641	120.623	0.78155	0
13.4911	0.0180011	120.118	0.805055	0
13.4719	0.0178968	121.011	0.792611	0
13.4664	0.0180756	121.583	0.791574	0
13.4779	0.0176947	121.027	0.790537	0
13.4604	0.0178935	121.229	0.804709	0
13.4603	0.0176501	120.926	0.809894	0
13.4977	0.0172516	121.044	0.808857	0
13.4965	0.0181118	120.269	0.80229	0
13.4639	0.0177348	121.027	0.814734	0
13.4806	0.0179258	121.482	0.783278	0
13.4925	0.0178586	121.196	0.786735	0
13.4834	0.0176427	120.994	0.792957	0
13.4686	0.0176967	120.926	0.800561	0
13.4647	0.0176205	120.876	0.779821	0
13.4771	0.0180599	120.152	0.791574	0
13.4739	0.0178095	120.438	0.793302	0
13.4879	0.0179641	121.516	0.778439	0
13.5057	0.0177619	120.337	0.785006	0
13.4878	0.0179252	121.28	0.755625	0
13.4639	0.0177467	120.556	0.788463	0
13.4557	0.0173076	121.752	0.779821	0
13.4489	0.0174474	120.758	0.789154	0
13.4736	0.0179754	121.802	0.769797	0
13.4921	0.0179699	120.825	0.785006	0
13.4586	0.0174319	121.196	0.801598	0
13.4518	0.0179806	120.724	0.808512	0
13.4605	0.0180366	122.122	0.799179	0
13.4469	0.0180444	120.488	0.777747	0
13.4507	0.0174665	120.118	0.791574	0
13.4692	0.017502	122.088	0.793994	0
13.4778	0.0177497	120.691	0.803327	0
13.4711	0.0183334	120.051	0.780513	0
13.4673	0.0182003	120.758	0.794685	0
13.4482	0.018116	121.853	0.778439	0
13.4449	0.0179285	121.533	0.79745	0
13.4775	0.0182583	121.28	0.804018	0
13.4708	0.0178209	121.869	0.786389	0
13.462	0.0174339	122.072	0.786735	0
13.4902	0.0177029	121.28	0.78155	0
13.4803	0.0182537	120.303	0.790537	0
13.4592	0.0179852	120.859	0.792957	0
13.4741	0.0177637	119.848	0.782932	0
13.4706	0.0175198	120.387	0.7895	0
13.4749	0.017527	119.899	0.800216	0
13.4717	0.0173092	119.663	0.786735	0
13.4399	0.0175878	121.617	0.791228	0
13.448	0.0177282	121.297	0.793994	0
13.4515	0.0175025	119.697	0.783969	0
13.4489	0.0176231	121.162	0.793648	0
13.4831	0.0179877	121.549	0.795722	0
13.4768	0.0175777	120.707	0.787426	0
13.458	0.01801	120	0.78708	0
13.4869	0.0178439	120.808	0.795031	0
13.4883	0.0177553	121.364	0.801598	0
13.4784	0.0175914	118.905	0.778784	0
13.4766	0.0176875	120.354	0.796759	0
13.4721	0.0173611	120.909	0.794685	0
13.4861	0.0176193	120.421	0.792611	0
13.4877	0.0175909	120.674	0.782587	0
13.4586	0.0179352	119.798	0.782587	0
13.4658	0.0177021	120.691	0.800216	0
13.4766	0.0179624	120.977	0.784315	0
13.4656	0.0180456	120.573	0.79192	0
13.4695	0.0175605	120.623	0.787772	0
13.4412	0.0178836	120.589	0.777402	0
13.4212	0.0177957	121.297	0.792265	0
13.4483	0.0174748	120.387	0.7895	0
13.4646	0.0174952	121.027	0.77671	0
13.465	0.0178225	118.282	0.813351	0
13.4723	0.0175011	121.213	0.809203	0
13.5006	0.0178621	120.32	0.800216	0
13.4763	0.0179805	122.206	0.801598	0
13.4485	0.0173232	120.303	0.793302	0
13.4859	0.0179299	121.196	0.805401	0
13.4835	0.017519	121.196	0.787772	0
13.4615	0.018345	120.741	0.804364	0
13.4612	0.0180111	120.135	0.779476	0
13.4588	0.017813	120.404	0.789846	0
13.4824	0.0180039	121.802	0.793994	0
13.471	0.0180935	120.707	0.795722	0
13.4351	0.0175693	118.669	0.790883	0
13.4787	0.0180793	122.24	0.792957	0
13.5128	0.0178706	120.657	0.795722	0
13.4622	0.0180183	120.994	0.790537	0
13.4675	0.0175769	121.229	0.794685	0
13.5063	0.0179545	119.545	0.790537	0
13.4595	0.0179375	119.377	0.78708	0
13.4331	0.0184038	121.297	0.779821	0
13.4986	0.0176824	121.701	0.790537	0
13.5082	0.0181832	120.303	0.802981	0
13.4689	0.0179684	120.067	0.795376	0
13.4731	0.0181879	119.882	0.78708	0
13.4902	0.0175416	120.842	0.785352	0
13.4892	0.0178604	120.455	0.782932	0
13.4711	0.017912	121.381	0.800907	0
13.4708	0.0180088	121.971	0.79192	0
13.4904	0.0182563	121.364	0.780858	0
13.492	0.0179479	120.505	0.784661	0
13.4942	0.0177112	121.533	0.78708	0
13.4868	0.0180562	119.343	0.803327	0
13.4573	0.017625	121.381	0.797105	0
13.4723	0.0184096	120.202	0.793648	0
13.4785	0.0182098	120.876	0.776019	0
13.4578	0.0177487	120.792	0.790537	0
13.4506	0.0175773	120.185	0.7895	0
13.4415	0.0178167	123.065	0.800216	0
13.468	0.0180024	120.994	0.778439	0
13.4942	0.0177172	120.994	0.788463	0
13.4655	0.0179464	120.977	0.77118	0
13.434	0.0177574	120.539	0.785352	0
13.4362	0.0176596	120.168	0.788463	0
13.4501	0.0178615	121.179	0.780513	0
13.4557	0.0173452	121.364	0.795376	0
13.4485	0.0175846	119.933	0.790537	0
13.4433	0.0175345	120.404	0.792265	0
13.4703	0.0184669	120.606	0.798142	0
13.4859	0.017258	120.404	0.796068	0
13.4638	0.0179105	120.438	0.790883	0
13.4514	0.018008	122.543	0.798142	0
13.4964	0.0181384	119.966	0.785352	0
13.5154	0.0184113	119.512	0.787426	0
13.4997	0.0179986	121.937	0.799179	0
13.474	0.0182347	120.32	0.783624	0
13.4526	0.0178751	121.667	0.769797	0
13.4731	0.0180071	121.785	0.811623	0
13.4792	0.0180796	120.808	0.777056	0
13.4665	0.0179014	121.213	0.790537	0
13.497	0.0179448	121.735	0.780858	0
13.487	0.0176949	120.488	0.777056	0
13.4582	0.0177785	121.533	0.792611	0
13.4674	0.0182664	120.539	0.784315	0
13.4861	0.0180926	120.909	0.78155	0
13.4838	0.0178638	121.011	0.786735	0
13.4679	0.0179815	120.674	0.798487	0
13.4707	0.0179661	121.92	0.786043	0
13.4667	0.0175342	120.623	0.793302	0
13.4696	0.017859	120.657	0.783278	0
13.4821	0.0179881	120.893	0.754933	0
13.471	0.0174739	120.623	0.799524	0
13.4853	0.017888	122.055	0.80782	0
13.5009	0.0181567	121.92	0.778093	0
13.4819	0.0179378	120.943	0.79987	0
13.4663	0.0178945	121.027	0.786389	0
13.4697	0.0183986	120.691	0.774636	0
13.4631	0.0180785	119.815	0.794339	0
13.4668	0.0182941	120	0.786389	0
13.4679	0.0179393	120.977	0.784315	0
13.444	0.01786	120.674	0.78155	0
13.4553	0.0177818	120.539	0.795031	0
13.4714	0.0175048	120.691	0.793302	0
13.4496	0.0177567	120.067	0.792611	0
13.4512	0.0176434	121.078	0.792611	0
13.4823	0.0177327	120.472	0.777747	0
13.4781	0.017831	120.185	0.800216	0
13.4403	0.01802	119.983	0.78708	0
13.4454	0.0176328	118.703	0.778784	0
13.464	0.0174001	121.011	0.812314	0
13.466	0.0178523	120.168	0.789846	0
13.4619	0.0179041	122.105	0.802635	0
13.4751	0.0176301	120.994	0.799179	0
13.4759	0.01777	119.495	0.773599	0
13.4556	0.0178944	122.088	0.800561	0
13.4719	0.0179098	121.044	0.7895	0
13.4786	0.0178879	122.105	0.794339	0
13.475	0.0179393	120.573	0.790537	0
13.486	0.0176938	120.825	0.788809	0
13.4828	0.017507	120.067	0.780858	0
13.4762	0.0178498	121.482	0.796068	0
13.4736	0.0180256	120.354	0.789846	0
13.4844	0.0177293	119.832	0.781895	0
13.4803	0.0180848	120.674	0.786389	0
13.4745	0.0180034	121.701	0.783278	0
13.4722	0.0177139	119.731	0.782932	0
13.4254	0.0175192	120.741	0.77913	0
13.4217	0.0178387	120.691	0.799179	0
13.4695	0.0178287	121.853	0.784661	0
13.4769	0.0177067	122.122	0.798142	0
13.4845	0.0178967	120.606	0.797796	0
13.4926	0.0173867	120.96	0.783278	0
13.484	0.0178393	119.933	0.790191	0
13.4729	0.017639	120.034	0.775673	0
13.4658	0.0178762	121.415	0.796759	0
13.4644	0.0181401	120.977	0.800216	0
13.4608	0.0180923	122.56	0.785698	0
13.4552	0.0176104	120.657	0.776365	0
13.4695	0.0175334	121.617	0.781895	0
13.4958	0.0175898	120.303	0.79745	0
13.4745	0.0180751	120.977	0.803672	0
13.4379	0.0178645	121.381	0.796413	0
13.4448	0.0174219	121.364	0.807475	0
13.45	0.0176443	120.792	0.783278	0
13.4381	0.0177472	120.96	0.801253	0
13.4625	0.0178335	121.583	0.804018	0
13.4913	0.0183218	119.444	0.796759	0
13.4952	0.0178025	120.842	0.78155	0
13.5017	0.0181371	121.297	0.783624	0
13.4873	0.0180031	120.505	0.778439	0
13.4839	0.0177062	121.802	0.792611	0
13.4862	0.0175273	120.573	0.798833	0
13.4737	0.0176095	119.444	0.775673	0
13.5006	0.0177118	120.371	0.795031	0
13.4967	0.0181724	120.741	0.792611	0
13.4508	0.0177178	121.701	0.797105	0
13.473	0.0176582	119.764	0.795722	0
13.4773	0.0176802	121.768	0.79192	0
13.4256	0.0177625	121.246	0.771871	0
13.4506	0.018105	119.528	0.791228	0
13.4858	0.0180427	121.566	0.795376	0
13.4583	0.0179792	121.162	0.785698	0
13.4541	0.0177098	119.933	0.780167	0
13.4765	0.0177139	121.718	0.791228	0
13.4979	0.0176695	120.236	0.799179	0
13.4794	0.0182796	120.994	0.791574	0
13.4528	0.0177035	120.421	0.779821	0
13.4758	0.0177292	121.448	0.777402	0
13.4977	0.0176105	121.027	0.772908	0
13.4593	0.0177055	119.192	0.773599	0
13.4466	0.0177287	119.646	0.78708	0
13.4674	0.0172711	121.836	0.770834	0
13.4671	0.0179283	121.044	0.790191	0
13.4841	0.0175069	121.465	0.800216	0
13.4983	0.0180583	120.994	0.798142	0
13.4535	0.0180574	119.36	0.778439	0
13.4386	0.0177005	121.011	0.798833	0
13.474	0.0178459	120.792	0.793302	0
13.469	0.0180737	120.101	0.808857	0
13.4663	0.0177891	122.257	0.790883	0
13.4701	0.0179886	120.118	0.801944	0
13.4322	0.018221	121.566	0.812314	0
13.4535	0.0171976	121.583	0.79745	0
13.5073	0.0177626	119.242	0.788117	0
13.4783	0.0177403	121.432	0.798833	0
13.4695	0.0179129	121.583	0.788463	0
13.5033	0.0177656	121.095	0.783278	0
13.4764	0.0175121	120.404	0.785352	0
13.4504	0.017847	121.162	0.805401	0
13.4667	0.0176162	121.011	0.787772	0
13.4949	0.0185916	120.741	0.795722	0
13.4814	0.0175259	122.122	0.798833	0
13.4741	0.017747	122.088	0.785698	0
13.4865	0.0181702	119.461	0.79192	0
13.4515	0.0173643	120.758	0.801944	0
13.4286	0.0177644	121.499	0.803672	0
13.45	0.0176562	120.724	0.785006	0
13.4611	0.0178753	121.634	0.80782	0
13.4517	0.0178256	119.091	0.767723	0
13.466	0.0179678	122.779	0.783624	0
13.4895	0.0181131	120.185	0.799524	0
13.4822	0.017535	119.242	0.787426	0
13.4585	0.0176599	120.792	0.786389	0
13.4482	0.0179676	120.589	0.793994	0
13.4553	0.0178985	120.168	0.783278	0
13.4554	0.0179979	121.128	0.796759	0
13.4779	0.0179591	121.735	0.804018	0
13.4834	0.0182016	120.152	0.782241	0
13.4445	0.0179122	119.629	0.793994	0
13.4411	0.0175613	120.724	0.785352	0
13.4654	0.0173943	119.562	0.809894	0
13.4668	0.0178569	121.381	0.771525	0
13.4733	0.0180781	121.533	0.79745	0
13.4852	0.0180206	121.937	0.790191	0
13.4703	0.017813	120.034	0.782241	0
13.4654	0.0179161	121.499	0.787772	0
13.4758	0.0180928	120.96	0.810931	0
13.4806	0.0179419	121.145	0.802635	0
13.494	0.0179405	121.297	0.811623	0
13.4679	0.0175279	120.387	0.804709	0
13.4288	0.0178555	120.354	0.819919	0
13.4556	0.0177482	120.758	0.794685	0
13.5279	0.0181871	121.196	0.799179	0
13.5094	0.0183359	120.943	0.785352	0
13.4455	0.0181932	119.343	0.783624	0
13.4647	0.0174071	121.718	0.781204	0
13.4841	0.0179461	120.539	0.795722	0
13.4633	0.0182626	122.695	0.788809	0
13.4796	0.0178797	120.034	0.79745	0
13.5099	0.0178681	119.074	0.776019	0
13.4713	0.0175788	120.32	0.795722	0
13.4161	0.0174223	121.886	0.771871	0
13.4414	0.0182599	120.219	0.793302	0
13.4752	0.0179198	121.331	0.7895	0
13.4595	0.0175511	120.96	0.789846	0
13.4486	0.0176491	119.815	0.792611	0
13.4448	0.0179212	120.573	0.782932	0
13.4473	0.0178703	120.825	0.782241	0
13.479	0.0177975	120.269	0.776019	0
13.4911	0.0179496	119.259	0.783624	0
13.4591	0.0178223	120.32	0.806783	0
13.4516	0.0174147	121.162	0.796068	0
13.4774	0.0174893	120.303	0.785006	0
13.4822	0.0175639	121.853	0.800907	0
13.4528	0.0177981	120.371	0.793994	0
13.435	0.0181874	121.448	0.782241	0
13.4432	0.0175341	119.714	0.806783	0
13.457	0.0175688	121.347	0.777056	0
13.4696	0.0178659	121.28	0.782241	0
13.4444	0.0177712	120.505	0.78708	0
13.4524	0.0175686	121.432	0.792265	0
13.486	0.0177692	122.038	0.788809	0
13.4876	0.0182605	120.371	0.779821	0
13.4646	0.0174645	120.792	0.789846	0
13.4628	0.0174788	122.341	0.820264	0
13.4614	0.017911	121.314	0.796759	0
13.4492	0.0182163	120.354	0.779476	0
13.4792	0.0180254	121.92	0.785698	0
13.4817	0.017622	121.162	0.780858	0
13.4426	0.0185875	120.286	0.793302	0
13.4638	0.0182203	120.051	0.783969	0
13.4686	0.0176287	120.606	0.771871	0
13.4252	0.0178027	121.044	0.796068	0
13.4297	0.0175621	119.478	0.780513	0
13.4593	0.0181605	122.088	0.791574	0
13.4905	0.0175111	121.6	0.770143	0
13.4897	0.0179421	122.021	0.77913	0
13.4642	0.0178784	121.28	0.82856	0
13.4726	0.0179846	120.758	0.781895	0
13.4965	0.0180808	120.236	0.794339	0
13.4931	0.0179947	120.994	0.794685	0
13.4792	0.0179408	121.853	0.81024	0
13.4704	0.0180159	121.128	0.792611	0
13.4566	0.0179621	121.667	0.79192	0
13.4611	0.0177449	121.516	0.769797	0
13.4654	0.0177044	120.202	0.799524	0
13.4731	0.0173748	119.495	0.804364	0
13.4755	0.0178672	120.051	0.805746	0
13.4807	0.0186323	122.105	0.805746	0
13.4837	0.0180406	118.821	0.795031	0
13.4572	0.0179124	121.229	0.800907	0
13.4571	0.0178052	121.095	0.809894	0
13.4884	0.0179111	120.792	0.790883	0
13.485	0.018387	119.444	0.795376	0
13.4888	0.0180234	121.785	0.803327	0
13.4741	0.017909	120.539	0.788463	0
13.4639	0.0176028	120.421	0.802981	0
13.4935	0.0178437	121.162	0.778439	0
13.4884	0.0178688	120.657	0.791228	0
13.4788	0.0180523	122.914	0.783969	0
13.5077	0.0173181	121.364	0.773599	0
13.5039	0.017369	121.634	0.782932	0
13.4679	0.0174078	120.236	0.798142	0
13.4515	0.0177172	120.455	0.781895	0
13.465	0.018042	121.415	0.786389	0
13.482	0.0179108	120.792	0.809549	0
13.4729	0.0179184	121.314	0.793994	0
13.4702	0.0182893	121.802	0.794339	0
13.484	0.0180362	119.394	0.782587	0
13.4593	0.0182168	119.815	0.785698	0
13.4679	0.0176011	120.994	0.796413	0
13.4916	0.0178344	121.971	0.781895	0
13.4512	0.0175657	122.021	0.801253	0
13.4533	0.018192	120.354	0.79987	0
13.4743	0.0179643	121.112	0.817153	0
13.4661	0.0180138	122.779	0.792957	0
13.4582	0.0183513	120.926	0.809549	0
13.454	0.0177429	120.876	0.793302	0
13.4564	0.017535	120.539	0.7895	0
13.4482	0.0180931	120	0.780858	0
13.4383	0.0171608	121.095	0.79987	0
13.4678	0.0175231	121.465	0.805055	0
13.4909	0.0180531	121.28	0.79192	0
13.4779	0.0180437	119.057	0.776019	0
13.4887	0.0181493	121.112	0.804018	0
13.5214	0.017649	121.145	0.769797	0
13.49	0.0179348	120.589	0.79192	0
13.4623	0.0174145	121.314	0.791228	0
13.4846	0.0173781	121.499	0.790537	0
13.4871	0.0178369	121.263	0.782241	0
13.4711	0.0173804	119.714	0.811968	0
13.4691	0.0174577	121.819	0.785352	0
13.4435	0.0179639	120.067	0.795031	0
13.4412	0.0183221	122.105	0.780167	0
13.4841	0.0179779	120.606	0.810586	0
13.4851	0.0173044	120.219	0.776365	0
13.4506	0.01783	121.465	0.786389	0
13.4551	0.017978	121.145	0.785352	0
13.4596	0.0178888	121.516	0.789846	0
13.4532	0.0180388	121.179	0.783624	0
13.4586	0.0175154	121.971	0.782587	0
13.4751	0.017716	120.64	0.786043	0
13.4699	0.0178855	120.707	0.801598	0
13.4479	0.0177193	120.859	0.769797	0
13.4606	0.0176293	120.168	0.793302	0
13.4674	0.0176645	120.539	0.787426	0
13.4335	0.0176378	121.027	0.778093	0
13.4364	0.017644	121.331	0.809203	0
13.4703	0.017592	120.909	0.785352	0
13.4565	0.0179411	121.448	0.796759	0
13.4499	0.0177581	120.051	0.788117	0
13.4698	0.017295	120.674	0.772217	0
13.4932	0.0176631	121.246	0.796759	0
13.5158	0.0179697	120.438	0.785352	0
13.473	0.0178538	120.101	0.787772	0
13.4318	0.0179661	121.735	0.79987	0
13.451	0.0178103	122.257	0.789846	0
13.4662	0.0176571	120	0.783969	0
13.4641	0.0178743	120.994	0.796413	0
13.4624	0.0174732	120.185	0.809549	0
13.4621	0.0180214	121.566	0.793302	0
13.4693	0.0179601	120	0.801598	0
13.4771	0.0175207	120.32	0.793994	0
13.4797	0.0175212	120.724	0.800216	0
13.4665	0.0174393	120.505	0.803672	0
13.4769	0.0179059	121.499	0.808857	0
13.4918	0.0182346	120.152	0.803672	0
13.4543	0.0177586	120.573	0.792611	0
13.4503	0.0175331	120.674	0.763575	0
13.4799	0.0182897	122.762	0.792611	0
13.4736	0.0177931	120.438	0.773599	0
13.4657	0.0175428	121.095	0.782932	0
13.4639	0.0172179	122.038	0.776365	0
13.447	0.0173352	119.781	0.804018	0
13.4461	0.0173545	121.112	0.809203	0
13.4765	0.0179549	122.594	0.780513	0
13.4705	0.0178006	120.101	0.788809	0
13.4572	0.0175881	119.04	0.796068	0
13.4601	0.0180224	120.977	0.804364	0
13.4516	0.0176543	121.196	0.792611	0
13.4542	0.0177832	119.764	0.798487	0
13.4841	0.0181362	120.657	0.796068	0
13.4716	0.0180398	119.848	0.781895	0
13.4259	0.0179907	121.853	0.781895	0
13.4313	0.0175204	121.886	0.778784	0
13.4587	0.0172717	121.667	0.804709	0
13.465	0.0174164	120.893	0.762538	0
13.4652	0.0176874	119.343	0.807129	0
13.4661	0.0176334	121.364	0.811623	0
13.4774	0.0173207	120.96	0.79987	0
13.4809	0.0174842	119.983	0.778784	0
13.4587	0.0175976	118.888	0.780858	0
13.4544	0.017848	120.825	0.784315	0
13.4787	0.0174551	121.92	0.814042	0
13.4753	0.0179741	119.208	0.773599	0
13.4515	0.018102	120.236	0.798833	0
13.4412	0.0182165	120.488	0.790537	0
13.4626	0.0181824	119.832	0.786043	0
13.5051	0.0180466	121.415	0.78708	0
13.4937	0.0178568	121.027	0.772562	0
13.4561	0.0180928	121.078	0.792957	0
13.4833	0.0177002	121.566	0.793302	0
13.5021	0.0177164	121.533	0.800561	0
13.4773	0.017233	121.785	0.785006	0
13.4672	0.0173113	122.021	0.786389	0
13.4644	0.0177527	121.229	0.791574	0
13.4647	0.0173482	121.533	0.798487	0
13.4606	0.0179985	121.987	0.781204	0
13.4484	0.0176626	120.674	0.793994	0
13.4604	0.0178685	120.691	0.773945	0
13.4701	0.0174177	121.482	0.786735	0
13.4677	0.0178065	120.303	0.77118	0
13.4714	0.0180477	120.926	0.799524	0
13.4702	0.0179753	121.92	0.799179	0
13.4655	0.0175744	121.869	0.777056	0
13.4661	0.0176173	121.027	0.773945	0
13.4769	0.0174946	120.808	0.797796	0
13.4875	0.0178677	120.539	0.787772	0
13.4695	0.0176042	120.775	0.780858	0
13.4665	0.0178612	119.528	0.776365	0
13.4669	0.0180547	121.381	0.809894	0
13.4552	0.0176321	120.202	0.786389	0
13.4708	0.0179912	119.865	0.791574	0
13.5023	0.017712	122.072	0.786735	0
13.5008	0.0173915	121.196	0.771525	0
13.4464	0.0177276	120.623	0.783278	0
13.4247	0.0173164	121.078	0.825795	0
13.4544	0.01803	120.707	0.7895	0
13.4775	0.0174927	121.011	0.803327	0
13.4769	0.0178815	119.949	0.785006	0
13.482	0.0178124	121.331	0.781204	0
13.4843	0.0179297	121.213	0.785352	0
13.473	0.0177517	120.269	0.793648	0
13.4713	0.0179954	121.28	0.790191	0
13.4709	0.018193	119.882	0.790191	0
13.4795	0.0179385	120.876	0.771525	0
13.4716	0.0181317	121.061	0.782587	0
13.4565	0.0178919	120.96	0.793994	0
13.4565	0.0174603	120.623	0.786735	0
13.4599	0.0176227	121.533	0.789154	0
13.4594	0.0179349	121.078	0.79192	0
13.4579	0.0177652	119.596	0.776365	0
13.4561	0.0177405	121.196	0.789846	0
13.4577	0.0178107	121.853	0.787426	0
13.4629	0.0176885	119.933	0.782241	0
13.4665	0.0173692	121.078	0.781204	0
13.46	0.0173153	121.061	0.779821	0
13.4529	0.0175984	120.859	0.78155	0
13.4518	0.0180455	119.815	0.785352	0
13.4459	0.0181386	121.162	0.785006	0
13.4549	0.0182923	121.263	0.796068	0
13.4743	0.0179761	121.533	0.783969	0
13.4706	0.017652	120.808	0.79192	0
13.4441	0.0179456	119.714	0.800907	0
13.4583	0.0175036	120.926	0.78708	0
13.4818	0.0175637	119.781	0.78155	0
13.4652	0.0174583	119.764	0.811623	0
13.4563	0.0177867	120.741	0.794339	0
13.4442	0.0178352	119.208	0.789154	0
13.4547	0.0177027	120.741	0.76081	0
13.5014	0.0177984	120.539	0.795376	0
13.4685	0.0182867	121.061	0.807475	0
13.428	0.0173621	120.505	0.77671	0
13.4545	0.0182045	119.966	0.793302	0
13.4633	0.0180192	122.493	0.787426	0
13.4499	0.01773	120.387	0.782241	0
13.4757	0.0180005	121.128	0.777402	0
13.4916	0.0178524	119.899	0.810586	0
13.4578	0.0175743	121.549	0.786389	0
13.4536	0.0175773	122.122	0.801253	0
13.4784	0.0174473	120.623	0.789846	0
13.4808	0.01807	121.027	0.774291	0
13.4891	0.0178716	120.337	0.786389	0
13.4775	0.0179215	121.903	0.793648	0
13.4528	0.0178164	120.96	0.801253	0
13.4799	0.0177141	120.371	0.794339	0
13.4968	0.0179528	119.865	0.789846	0
13.4571	0.0178531	122.24	0.801944	0
13.4664	0.017972	120.539	0.800216	0
13.492	0.0173288	120.994	0.802981	0
13.4676	0.0175359	120.977	0.79192	0
13.4446	0.0175082	120.253	0.789846	0
13.4427	0.0178879	120.236	0.763921	0
13.4627	0.0175371	119.528	0.782241	0
13.4946	0.0174309	120.859	0.795722	0
13.5073	0.0178925	119.933	0.801944	0
13.4738	0.017634	120.438	0.797796	0
13.4632	0.017793	120.573	0.783278	0
13.4892	0.0175369	120.421	0.80782	0
13.4758	0.0173132	121.027	0.790883	0
13.4795	0.0174426	122.291	0.778784	0
13.4992	0.0181961	120.977	0.79987	0
13.4733	0.0180259	120.926	0.789154	0
13.4779	0.0177909	120.691	0.794339	0
13.4937	0.0177246	121.179	0.788809	0
13.466	0.0179015	121.684	0.79192	0
13.4914	0.0182733	121.819	0.801253	0
13.4907	0.018255	119.461	0.806783	0
13.4545	0.0177427	122.156	0.808857	0
13.4825	0.0177626	121.061	0.794339	0
13.4725	0.0180328	121.718	0.786389	0
13.4335	0.0177957	119.798	0.792265	0
13.468	0.0176663	119.764	0.776019	0
0	0	0	0	0
0	0	0	0	0
0	0	0	0	0
0	0	0	0	0
0	0	0	0	0
0	0	0	0	0
0	0	0	0	0
0	0	0	0	0
0	0	0	0	0
0	0	0	0	0
0	0	0	0	0
0	0	0	0	0
0	0	0	0	0
0	0	0	0	0
0	0	0	0	0
0	0	0	0	0
0	0	0	0	0
0	0	0	0	0
0	0	0	0	0
0	0	0	0	0
0	0	0	0	0
0	0	0	0	0
0	0	0	0	0
0	0	0	0	0
0	0	0	0	0
0	0	0	0	0
0	0	0	0	0
0	0	0	0	0
0	0	0	0	0
0	0	0	0	0
0	0	0	0	0
0	0	0	0	0
0	0	0	0	0
0	0	0	0	0
0	0	0	0	0
0	0	0	0	0
0	0	0	0	0
0	0	0	0	0
0	0	0	0	0
0	0	0	0	0
0	0	0	0	0
0	0	0	0	0
0	0	0	0	0
0	0	0	0	0
0	0	0	0	0
0	0	0	0	0
0	0	0	0	0
0	0	0	0	0
0	0	0	0	0
0	0	0	0	0
0	0	0	0	0
0	0	0	0	0
0	0	0	0	0
0	0	0	0	0
0	0	0	0	0
0	0	0	0	0
0	0	0	0	0
0	0	0	0	0
0	0	0	0	0
0	0	0	0	0
0	0	0	0	0
0	0	0	0	0
0	0	0	0	0
0	0	0	0	0
0	0	0	0	0
0	0	0	0	0
0	0	0	0	0
0	0	0	0	0
0	0	0	0	0
0	0	0	0	0
0	0	0	0	0
0	0	0	0	0
0	0	0	0	0
0	0	0	0	0
0	0	0	0	0
0	0	0	0	0
0	0	0	0	0
0	0	0	0	0
0	0	0	0	0
0	0	0	0	0
0	0	0	0	0
0	0	0	0	0
0	0	0	0	0
0	0	0	0	0
0	0	0	0	0
0	0	0	0	0
0	0	0	0	0
0	0	0	0	0
0	0	0	0	0
0	0	0	0	0
0	0	0	0	0
0	0	0	0	0
0	0	0	0	0
0	0	0	0	0
0	0	0	0	0
0	0	0	0	0
0	0	0	0	0
0	0	0	0	0
0	0	0	0	0
0	0	0	0	0
0	0	0	0	0
0	0	0	0	0
0	0	0	0	0
0	0	0	0	0
0	0	0	0	0
0	0	0	0	0
0	0	0	0	0
0	0	0	0	0
0	0	0	0	0
0	0	0	0	0
0	0	0	0	0
0	0	0	0	0
0	0	0	0	0
0	0	0	0	0
0	0	0	0	0
0	0	0	0	0
0	0	0	0	0
0	0	0	0	0
0	0	0	0	0
0	0	0	0	0
0	0	0	0	0
0	0	0	0	0
0	0	0	0	0
0	0	0	0	0
0	0	0	0	0
0	0	0	0	0
0	0	0	0	0
0	0	0	0	0
0	0	0	0	0
0	0	0	0	0
0	0	0	0	0
0	0	0	0	0
0	0	0	0	0
0	0	0	0	0
0	0	0	0	0
0	0	0	0	0
0	0	0	0	0
0	0	0	0	0
0	0	0	0	0
0	0	0	0	0
0	0	0	0	0
0	0	0	0	0
0	0	0	0	0
0	0	0	0	0
0	0	0	0	0
0	0	0	0	0
0	0	0	0	0
0	0	0	0	0
0	0	0	0	0
0	0	0	0	0
0	0	0	0	0
0	0	0	0	0
0	0	0	0	0
0	0	0	0	0
0	0	0	0	0
0	0	0	0	0
0	0	0	0	0
0	0	0	0	0
0	0	0	0	0
0	0	0	0	0
0	0	0	0	0
0	0	0	0	0
0	0	0	0	0
0	0	0	0	0
0	0	0	0	0
0	0	0	0	0
0	0	0	0	0
0	0	0	0	0
0	0	0	0	0
0	0	0	0	0
0	0	0	0	0
0	0	0	0	0
0	0	0	0	0
0	0	0	0	0
0	0	0	0	0
0	0	0	0	0
0	0	0	0	0
0	0	0	0	0
0	0	0	0	0
0	0	0	0	0
0	0	0	0	0
0	0	0	0	0
0	0	0	0	0
0	0	0	0	0
0	0	0	0	0
0	0	0	0	0
0	0	0	0	0
0	0	0	0	0
0	0	0	0	0
0	0	0	0	0
0	0	0	0	0
0	0	0	0	0
0	0	0	0	0
0	0	0	0	0
0	0	0	0	0
0	0	0	0	0
0	0	0	0	0
0	0	0	0	0
0	0	0	0	0
0	0	0	0	0
0	0	0	0	0
0	0	0	0	0
0	0	0	0	0
0	0	0	0	0
0	0	0	0	0
0	0	0	0	0
0	0	0	0	0
0	0	0	0	0
0	0	0	0	0
0	0	0	0	0
0	0	0	0	0
0	0	0	0	0
0	0	0	0	0
0	0	0	0	0
0	0	0	0	0
0	0	0	0	0
0	0	0	0	0
0	0	0	0	0
0	0	0	0	0
0	0	0	0	0
0	0	0	0	0
0	0	0	0	0
0	0	0	0	0
0	0	0	0	0
0	0	0	0	0
0	0	0	0	0
0	0	0	0	0
0	0	0	0	0
0	0	0	0	0
0	0	0	0	0
0	0	0	0	0
0	0	0	0	0
0	0	0	0	0
0	0	0	0	0
0	0	0	0	0
0	0	0	0	0
0	0	0	0	0
0	0	0	0	0
0	0	0	0	0
0	0	0	0	0
0	0	0	0	0
0	0	0	0	0
0	0	0	0	0
0	0	0	0	0
0	0	0	0	0
0	0	0	0	0
0	0	0	0	0
0	0	0	0	0
0	0	0	0	0
0	0	0	0	0
0	0	0	0	0
0	0	0	0	0
0	0	0	0	0
0	0	0	0	0
0	0	0	0	0
0	0	0	0	0
0	0	0	0	0
0	0	0	0	0
0	0	0	0	0
0	0	0	0	0
0	0	0	0	0
0	0	0	0	0
0	0	0	0	0
0	0	0	0	0
0	0	0	0	0
0	0	0	0	0
0	0	0	0	0
0	0	0	0	0
0	0	0	0	0
0	0	0	0	0
0	0	0	0	0
0	0	0	0	0
0	0	0	0	0
0	0	0	0	0
0	0	0	0	0
0	0	0	0	0
0	0	0	0	0
0	0	0	0	0
0	0	0	0	0
0	0	0	0	0
0	0	0	0	0
0	0	0	0	0
0	0	0	0	0
0	0	0	0	0
0	0	0	0	0
0	0	0	0	0
0	0	0	0	0
0	0	0	0	0
0	0	0	0	0
0	0	0	0	0
0	0	0	0	0
0	0	0	0	0
0	0	0	0	0
0	0	0	0	0
0	0	0	0	0
0	0	0	0	0
0	0	0	0	0
0	0	0	0	0
0	0	0	0	0
0	0	0	0	0
0	0	0	0	0
0	0	0	0	0
0	0	0	0	0
0	0	0	0	0
0	0	0	0	0
0	0	0	0	0
0	0	0	0	0
0	0	0	0	0
0	0	0	0	0
0	0	0	0	0
0	0	0	0	0
0	0	0	0	0
0	0	0	0	0
0	0	0	0	0
0	0	0	0	0
0	0	0	0	0
0	0	0	0	0
0	0	0	0	0
0	0	0	0	0
0	0	0	0	0
0	0	0	0	0
0	0	0	0	0
0	0	0	0	0
0	0	0	0	0
0	0	0	0	0
0	0	0	0	0
0	0	0	0	0
0	0	0	0	0
0	0	0	0	0
0	0	0	0	0
0	0	0	0	0
0	0	0	0	0
0	0	0	0	0
0	0	0	0	0
0	0	0	0	0
0	0	0	0	0
0	0	0	0	0
0	0	0	0	0
0	0	0	0	0
0	0	0	0	0
0	0	0	0	0
0	0	0	0	0
0	0	0	0	0
0	0	0	0	0
0	0	0	0	0
0	0	0	0	0
0	0	0	0	0
0	0	0	0	0
0	0	0	0	0
0	0	0	0	0
0	0	0	0	0
0	0	0	0	0
0	0	0	0	0
0	0	0	0	0
0	0	0	0	0
0	0	0	0	0
0	0	0	0	0
0	0	0	0	0
0	0	0	0	0
0	0	0	0	0
0	0	0	0	0
0	0	0	0	0
0	0	0	0	0
0	0	0	0	0
0	0	0	0	0
0	0	0	0	0
0	0	0	0	0
0	0	0	0	0
0	0	0	0	0
0	0	0	0	0
0	0	0	0	0
0	0	0	0	0
0	0	0	0	0
0	0	0	0	0
0	0	0	0	0
0	0	0	0	0
0	0	0	0	0
0	0	0	0	0
0	0	0	0	0
0	0	0	0	0
0	0	0	0	0
0	0	0	0	0
0	0	0	0	0
0	0	0	0	0
0	0	0	0	0
0	0	0	0	0
0	0	0	0	0
0	0	0	0	0
0	0	0	0	0
0	0	0	0	0
0	0	0	0	0
0	0	0	0	0
0	0	0	0	0
0	0	0	0	0
0	0	0	0	0
0	0	0	0	0
0	0	0	0	0
0	0	0	0	0
0	0	0	0	0
0	0	0	0	0
