a2610915.350425
Narit-cm 09/01/2026 15:05:05 09/01/2026 15:35:04 0045 0013.384714 0052.542598 00.0 00.0
0002401 0010 0000000 0010 05 0000000 0010 0000000 0010
1 0 1 01600 1 0000 3.75 00000.o 0 0 01 000 16 002401 0.500 BT0
1 2 1 02000 1 0000 3.75 00000.o 0 0 01 000 16 002401 0.500 S2A0
1 1 1 01600 1 0000 3.75 00000.o 0 0 00 000 00 002401 3.1746 BC0
1 3 1 02000 1 0000 3.75 00000.o 0 0 00 000 00 002401 3.1746 S2P0
1 5 0 01600 0 0000 1.00 00000.o 0 0 00 000 00 000000 0.000 OF0
0.000 .o Analog 0 	0.000 .o Analog StErr 0 	0.000 .o Photon Counting 0 	0.000 .o PC StErr 0 	0.000 .o Overflow Info 0 
33.9523	0.146399	181.274	0.872947	0
65.4689	0.298843	190.437	0.839621	0
219.435	1.78463	107.472	1.29905	0
466.28	0.418398	0.799667	0.116642	1
473.48	0.00272123	1.38276	0.159831	0
473.457	0	71.6035	1.18921	0
473.457	0	115.152	1.17459	0
473.457	0	23.4902	0.687952	0
473.457	0	8.3965	0.394476	0
473.457	0	19.3586	0.563488	0
473.457	0	54.344	0.844042	0
473.457	0	105.09	1.00659	0
473.457	0	139.442	0.980068	0
473.457	0	112.253	0.99197	0
473.457	0	85.2978	0.919536	0
473.457	0	82.7489	0.874308	0
473.457	0	89.4461	0.907294	0
473.457	0	99.5252	0.904914	0
473.457	0	108.721	0.915456	0
473.591	0.037224	114.402	0.903553	1
473.667	0.0480059	130.696	0.945041	1
473.667	0.0480059	152.503	0.881109	1
473.667	0.0480059	170.462	0.913415	1
473.667	0.0480059	183.59	0.902193	1
473.667	0.0480059	190.654	0.902533	1
473.893	0.059672	193.503	0.88519	1
478.948	0.209598	196.018	0.880769	1
494.607	0.226367	196.018	0.861725	1
499.22	0.178406	193.669	0.877028	1
499.005	0.227858	192.436	0.857985	1
498.805	0.27353	193.319	0.870567	1
498.622	0.315162	193.053	0.867846	1
498.391	0.353344	191.037	0.880429	1
495.264	0.417013	191.037	0.83656	1
482.202	0.562206	191.42	0.895392	1
454.928	0.604505	192.503	0.861385	1
426.022	0.586755	192.337	0.866146	0
398.003	0.570401	190.104	0.863086	0
371.754	0.546299	190.221	0.867846	0
347.483	0.528228	191.104	0.875668	0
324.411	0.507499	190.92	0.881109	0
302.743	0.48918	188.405	0.857644	0
282.336	0.479608	190.437	0.872947	0
262.625	0.470433	189.021	0.854924	0
243.581	0.462186	191.337	0.851523	0
225.302	0.454569	188.788	0.847783	0
207.613	0.446413	187.738	0.853564	0
190.563	0.43904	187.688	0.860025	0
174.048	0.433361	187.189	0.862065	0
157.913	0.430087	187.938	0.862745	0
142.314	0.425183	186.822	0.870227	0
127.235	0.415261	187.022	0.896072	0
112.645	0.402491	187.888	0.854584	0
98.8845	0.381981	186.489	0.855264	0
86.1041	0.355773	189.388	0.838601	0
74.494	0.324843	187.289	0.848803	0
64.2417	0.287619	189.121	0.83622	0
55.248	0.246663	186.889	0.845062	0
47.7793	0.207346	187.555	0.865126	0
41.8958	0.172232	185.823	0.843022	0
37.0283	0.139584	184.806	0.853224	0
33.149	0.113597	185.306	0.843362	0
30.3467	0.0936075	186.722	0.851523	0
28.0498	0.0759761	181.141	0.849143	0
26.1063	0.0626927	181.558	0.864446	0
24.7103	0.0537655	180.108	0.83554	0
23.5997	0.0466519	179.092	0.853904	0
22.6288	0.0424689	178.642	0.875668	0
21.8808	0.0384488	175.11	0.842342	0
21.3091	0.0359555	177.126	0.847783	0
20.787	0.0333035	175.743	0.83384	0
20.349	0.0314484	173.711	0.83554	0
20.0096	0.0307384	174.194	0.839621	0
19.7197	0.0302764	173.328	0.849823	0
19.4624	0.0294417	171.545	0.823298	0
19.2324	0.0288093	171.862	0.8369	0
19.0401	0.0287276	171.529	0.849483	0
18.8049	0.0287259	170.096	0.855604	0
18.6061	0.0276585	171.379	0.83554	0
18.4813	0.027477	169.396	0.842001	0
18.2869	0.0275196	170.346	0.824318	0
18.1313	0.0277207	168.53	0.842682	0
18.0411	0.0269298	167.564	0.843362	0
17.9346	0.0270519	168.846	0.83214	0
17.8364	0.0259295	167.314	0.830779	0
17.7412	0.026668	168.13	0.83418	0
17.651	0.0268909	167.747	0.830439	0
17.5616	0.0267563	166.83	0.827719	0
17.4704	0.0269635	166.664	0.851523	0
17.3841	0.0261638	166.781	0.863766	0
17.2718	0.025981	167.314	0.839961	0
17.1305	0.0254107	165.181	0.857985	0
17.0899	0.0264698	167.347	0.843702	0
17.0622	0.0258257	166.264	0.828399	0
16.9249	0.0253266	164.715	0.83248	0
16.893	0.025459	167.647	0.830439	0
16.9061	0.0257959	166.614	0.860025	0
16.783	0.0250041	166.214	0.842342	0
16.6929	0.0253287	166.131	0.838601	0
16.6639	0.0251989	167.497	0.846422	0
16.5734	0.0244067	165.448	0.830099	0
16.5	0.0241144	167.347	0.827379	0
16.4751	0.0245525	164.648	0.843362	0
16.4314	0.0241712	165.331	0.849483	0
16.3837	0.0238146	164.898	0.823978	0
16.3433	0.0241481	165.031	0.839621	0
16.2829	0.0249	164.581	0.824998	0
16.24	0.0243012	163.948	0.800854	0
16.1895	0.0241432	164.265	0.853564	0
16.1422	0.0242917	163.432	0.822278	0
16.1265	0.0239551	164.765	0.825338	0
16.0712	0.0244806	163.565	0.838601	0
15.9947	0.0239299	165.015	0.826699	0
15.9531	0.0243795	163.582	0.820577	0
15.918	0.0239482	163.282	0.815816	0
15.8831	0.0238899	163.865	0.863766	0
15.8665	0.0238321	164.315	0.858325	0
15.8374	0.0237292	164.748	0.827719	0
15.7914	0.0238689	161.983	0.829759	0
15.7636	0.0240607	164.098	0.844042	0
15.7352	0.0239275	162.249	0.830099	0
15.6938	0.0237975	162.532	0.827719	0
15.656	0.0237423	162.882	0.844722	0
15.6613	0.023827	162.982	0.849483	0
15.6183	0.0233818	163.299	0.83214	0
15.5461	0.0234244	161.666	0.844382	0
15.5293	0.0236084	163.282	0.83418	0
15.4994	0.0238691	162.532	0.852884	0
15.4519	0.0231299	162.632	0.840301	0
15.4408	0.0229304	162.449	0.83656	0
15.4329	0.0236338	162.332	0.848803	0
15.4112	0.0230797	162.682	0.820577	0
15.3809	0.0233296	162.216	0.821257	0
15.3151	0.0235088	162.116	0.806635	0
15.285	0.02348	161.483	0.828739	0
15.2801	0.023041	162.766	0.831119	0
15.2265	0.0236799	162.099	0.824658	0
15.1364	0.0229518	162.066	0.830439	0
15.1191	0.0225915	161.216	0.824658	0
15.1382	0.0237095	160.95	0.846762	0
15.1095	0.0229683	161.949	0.830099	0
15.101	0.0225936	161.783	0.83452	0
15.0983	0.0225186	160.2	0.843702	0
15.0269	0.0228542	161.033	0.845402	0
14.9855	0.0229776	160.633	0.83214	0
14.9884	0.0221027	161.416	0.848803	0
14.9544	0.0227868	160.95	0.8335	0
14.9154	0.0228409	161.449	0.821257	0
14.9016	0.0226752	160.2	0.837241	0
14.8763	0.0228359	161.266	0.827379	0
14.836	0.0226932	161.416	0.842682	0
14.8029	0.0221883	162.216	0.847443	0
14.7713	0.0226561	161.233	0.846082	0
14.7343	0.0225339	161.183	0.849143	0
14.7106	0.022064	162.032	0.823298	0
14.7078	0.0218963	160.833	0.828399	0
14.699	0.0223593	159.983	0.817177	0
14.6524	0.0221074	160.666	0.844382	0
14.5923	0.0219361	161.083	0.839281	0
14.5624	0.0226594	160.45	0.863086	0
14.5768	0.0220283	158.8	0.844382	0
14.5642	0.0216809	161.449	0.83384	0
14.497	0.0223818	160.4	0.845062	0
14.4506	0.0221748	161.449	0.83656	0
14.4372	0.0219297	160.15	0.83452	0
14.4034	0.0222117	159.967	0.820917	0
14.3659	0.0223774	158.984	0.814796	0
14.3198	0.0219139	159.117	0.8369	0
14.2969	0.02188	160.333	0.838941	0
14.2864	0.0218354	158.034	0.839281	0
14.2515	0.0222405	159.4	0.824998	0
14.2164	0.0217146	159.1	0.840641	0
14.2032	0.021279	158.884	0.848803	0
14.1889	0.021537	157.468	0.820917	0
14.1267	0.0216551	158.767	0.829759	0
14.0818	0.0217964	158.084	0.8369	0
14.0669	0.020837	158.434	0.83656	0
14.0273	0.0210942	158.95	0.840301	0
14.0022	0.0215582	158.517	0.83486	0
14.006	0.0210386	158.567	0.83656	0
13.9667	0.0212331	159.45	0.813776	0
13.9218	0.0217683	158.201	0.83418	0
13.9364	0.0217661	156.851	0.844042	0
13.8961	0.0218769	157.251	0.840641	0
13.8464	0.0214859	158.601	0.822278	0
13.8514	0.0212336	158.234	0.83554	0
13.823	0.021068	158.201	0.815476	0
13.802	0.0211863	157.984	0.83248	0
13.794	0.0215532	157.618	0.821938	0
13.7697	0.0211026	157.151	0.83622	0
13.7227	0.0209052	156.601	0.822618	0
13.6627	0.0209837	157.085	0.842342	0
13.6513	0.0210606	156.535	0.826358	0
13.6294	0.0211665	156.701	0.821257	0
13.6067	0.021605	157.551	0.828399	0
13.6104	0.0212517	156.801	0.828739	0
13.5656	0.0214897	156.385	0.831119	0
13.519	0.0212959	156.935	0.841321	0
13.5196	0.0207219	157.018	0.822958	0
13.5226	0.0210861	157.418	0.824318	0
13.4638	0.020952	155.252	0.837241	0
13.387	0.0213481	157.101	0.842001	0
13.3749	0.0204714	157.118	0.821938	0
13.3724	0.0212172	155.785	0.828399	0
13.3431	0.0206766	156.735	0.819897	0
13.3401	0.0213573	155.569	0.846082	0
13.3148	0.0205441	155.702	0.830439	0
13.3009	0.0209198	157.351	0.828739	0
13.318	0.0205385	155.169	0.83316	0
13.286	0.0208845	155.802	0.846082	0
13.247	0.0206457	157.251	0.815816	0
13.2329	0.0206642	155.785	0.83452	0
13.216	0.0207727	157.201	0.83316	0
13.1823	0.0207688	155.702	0.838941	0
13.1352	0.020812	156.868	0.831119	0
13.0953	0.0202556	156.901	0.817517	0
13.1118	0.02081	156.768	0.821938	0
13.1146	0.0205597	156.368	0.8318	0
13.0712	0.0205677	155.535	0.827719	0
13.0604	0.0206283	155.569	0.840981	0
13.0544	0.0207811	156.268	0.825678	0
13.0185	0.0200973	155.052	0.849483	0
12.9827	0.01992	154.802	0.829079	0
12.9661	0.0201528	155.885	0.840641	0
12.9756	0.0202784	156.235	0.8352	0
12.9402	0.0199996	154.586	0.819557	0
12.9025	0.0202927	155.285	0.842342	0
12.8952	0.0203686	155.019	0.845742	0
12.8738	0.0200751	154.302	0.843362	0
12.8472	0.0201244	155.352	0.847443	0
12.8007	0.0203354	154.719	0.830099	0
12.7921	0.0200897	155.035	0.840641	0
12.8047	0.0195989	152.42	0.810375	0
12.7579	0.0198939	153.07	0.848803	0
12.7561	0.0200474	155.485	0.83248	0
12.7804	0.0196496	154.902	0.822278	0
12.731	0.0204605	154.436	0.825678	0
12.7154	0.0198834	155.652	0.854244	0
12.7226	0.0202302	154.286	0.846082	0
12.6914	0.0197578	153.253	0.821598	0
12.6584	0.0199647	153.436	0.83282	0
12.6478	0.0201438	154.569	0.824658	0
12.6718	0.0199125	151.12	0.824658	0
12.6516	0.0195531	154.402	0.840641	0
12.6289	0.0194364	153.269	0.818197	0
12.6244	0.0196072	154.552	0.824318	0
12.5729	0.0194719	154.086	0.844382	0
12.5674	0.0198452	155.135	0.851523	0
12.6025	0.0196983	154.502	0.845402	0
12.5802	0.0198727	153.686	0.851183	0
12.5324	0.0202481	152.387	0.813436	0
12.5084	0.0199552	155.069	0.83588	0
12.5219	0.0200421	152.986	0.839621	0
12.492	0.0194866	153.886	0.83316	0
12.4667	0.0203823	153.203	0.830099	0
12.4799	0.0197573	151.803	0.824658	0
12.4472	0.0192105	154.236	0.844042	0
12.423	0.0194733	152.37	0.826018	0
12.4217	0.0196489	153.003	0.8318	0
12.4336	0.0193854	153.086	0.824318	0
12.4699	0.0197281	153.936	0.844722	0
12.4338	0.0200373	151.554	0.813436	0
12.3557	0.0194104	153.186	0.837241	0
12.3754	0.0199263	152.553	0.83282	0
12.376	0.0191564	152.32	0.820577	0
12.3222	0.0192319	152.703	0.817177	0
12.3217	0.0192786	153.736	0.838601	0
12.3442	0.0195737	152.736	0.814456	0
12.3229	0.0193413	151.504	0.83588	0
12.3293	0.0191664	152.17	0.83418	0
12.3452	0.0197266	153.769	0.846422	0
12.3039	0.0200815	151.62	0.840641	0
12.2513	0.0192179	152.253	0.851183	0
12.2489	0.0191732	150.787	0.83452	0
12.2489	0.0197553	152.853	0.83452	0
12.244	0.0192921	152.603	0.823978	0
12.2405	0.0189051	153.186	0.831459	0
12.2074	0.0195527	152.303	0.845742	0
12.1884	0.0192067	152.886	0.837241	0
12.2125	0.0190337	152.87	0.8318	0
12.1913	0.0187172	152.087	0.83282	0
12.1493	0.0191009	152.503	0.815136	0
12.1699	0.0184514	152.97	0.837241	0
12.1656	0.0192201	150.987	0.83248	0
12.1487	0.019528	151.787	0.802894	0
12.1634	0.0192629	152.886	0.826018	0
12.1199	0.0182253	150.82	0.83452	0
12.1038	0.0193787	151.903	0.821938	0
12.1582	0.0188644	151.987	0.823638	0
12.1196	0.0190377	150.837	0.8335	0
12.0782	0.0194032	150.637	0.831459	0
12.1016	0.018867	150.987	0.855604	0
12.1062	0.0186118	152.153	0.837241	0
12.1037	0.0191586	150.87	0.853564	0
12.0877	0.0191267	152.203	0.83282	0
12.0742	0.0190971	151.304	0.838261	0
12.0618	0.0188223	151.254	0.823298	0
12.0288	0.0187767	150.92	0.817177	0
12.0033	0.018996	150.987	0.83622	0
12.0433	0.0190672	152.553	0.83622	0
12.0531	0.0188545	150.037	0.810715	0
12.0117	0.0189042	151.737	0.842342	0
12.0117	0.018726	150.504	0.823978	0
12.0011	0.0186255	150.371	0.837241	0
11.9872	0.0187383	151.853	0.837241	0
11.9889	0.0193651	151.437	0.849483	0
11.9759	0.0189797	150.487	0.846422	0
11.9483	0.0189853	151.304	0.830779	0
11.9516	0.0185193	150.87	0.838941	0
11.9592	0.0188708	150.654	0.839621	0
11.95	0.0189297	152.137	0.857644	0
11.9655	0.0184841	150.937	0.830439	0
11.9474	0.0186811	151.703	0.847102	0
11.9053	0.0188141	151.304	0.841321	0
11.9086	0.0183907	151.953	0.8318	0
11.8995	0.0186625	152.187	0.825678	0
11.8896	0.018286	151.554	0.846082	0
11.8986	0.0182894	149.921	0.820917	0
11.8818	0.0179698	151.07	0.825678	0
11.8737	0.0184507	149.354	0.871587	0
11.8837	0.0191231	150.771	0.843702	0
11.8416	0.0185532	150.487	0.83282	0
11.8283	0.0184854	150.787	0.814116	0
11.8648	0.0186453	149.954	0.824318	0
11.8344	0.0184444	149.238	0.821257	0
11.798	0.0185793	149.638	0.815476	0
11.8367	0.0184185	150.221	0.838941	0
11.8505	0.0183988	150.704	0.816157	0
11.8085	0.0180552	147.405	0.821598	0
11.7903	0.0186387	149.521	0.841661	0
11.7788	0.0184239	149.488	0.826699	0
11.7707	0.0183521	151.337	0.822618	0
11.7708	0.0184795	150.754	0.839961	0
11.7688	0.0183499	149.871	0.819217	0
11.7699	0.0183877	150.82	0.8335	0
11.7628	0.0182935	148.605	0.841661	0
11.7426	0.0182544	149.588	0.841661	0
11.751	0.0183353	149.588	0.8352	0
11.7628	0.0183266	150.704	0.8369	0
11.7403	0.0184684	150.071	0.808335	0
11.7167	0.0185162	149.738	0.83248	0
11.7172	0.0184812	150.171	0.823298	0
11.6992	0.0188428	151.22	0.853564	0
11.6782	0.0187723	150.587	0.849143	0
11.6912	0.0185745	149.888	0.805955	0
11.7094	0.018205	149.571	0.840981	0
11.7019	0.0180386	150.554	0.809355	0
11.681	0.0183138	150.037	0.813436	0
11.6881	0.0186201	149.021	0.850503	0
11.6906	0.0184232	150.421	0.829759	0
11.6714	0.0183731	148.971	0.847443	0
11.6446	0.0182444	149.504	0.804934	0
11.6539	0.0180215	150.087	0.825338	0
11.6858	0.0179628	149.721	0.810035	0
11.6854	0.0182396	148.955	0.830779	0
11.6361	0.0187568	150.937	0.83486	0
11.6243	0.0178463	150.771	0.814116	0
11.6406	0.0183193	149.321	0.83588	0
11.6347	0.0183209	149.421	0.819557	0
11.6591	0.0181412	150.121	0.848123	0
11.6482	0.018147	149.621	0.83452	0
11.5899	0.0185897	147.772	0.825338	0
11.572	0.0179766	149.155	0.831459	0
11.6228	0.0180654	149.521	0.823638	0
11.6472	0.0181703	148.405	0.845402	0
11.6158	0.0180136	149.238	0.83214	0
11.611	0.0182647	149.038	0.820577	0
11.6254	0.0181561	148.455	0.837241	0
11.628	0.0182753	150.704	0.819217	0
11.6138	0.0181858	149.354	0.842342	0
11.5843	0.0179666	148.222	0.827379	0
11.5748	0.0182581	149.321	0.828399	0
11.6122	0.0185866	149.938	0.807995	0
11.6295	0.0179252	149.804	0.853564	0
11.5911	0.0183625	149.704	0.829079	0
11.5851	0.0179275	149.588	0.819217	0
11.6155	0.018679	150.354	0.826018	0
11.6078	0.01835	149.321	0.828739	0
11.5784	0.0180502	148.621	0.829079	0
11.5651	0.0179353	149.254	0.839281	0
11.5778	0.0176649	149.471	0.83282	0
11.5972	0.0179938	148.222	0.819897	0
11.5826	0.0182487	150.187	0.829079	0
11.5583	0.0183815	149.821	0.813436	0
11.5518	0.0182936	149.238	0.840641	0
11.5906	0.0181699	147.905	0.83554	0
11.5956	0.0186987	150.104	0.825338	0
11.5221	0.0181194	148.571	0.807655	0
11.54	0.0182224	148.455	0.825678	0
11.5792	0.018075	149.638	0.830779	0
11.5432	0.018256	148.372	0.837921	0
11.5287	0.0186918	149.438	0.841661	0
11.525	0.0183522	149.171	0.824318	0
11.5228	0.0179862	148.605	0.838601	0
11.5321	0.0181376	148.072	0.817177	0
11.5288	0.0177886	147.972	0.830099	0
11.5145	0.0182187	150.654	0.828399	0
11.488	0.0184627	146.989	0.821938	0
11.473	0.0178286	149.638	0.845062	0
11.5056	0.0182598	147.555	0.83486	0
11.5086	0.0180884	149.821	0.83554	0
11.487	0.0180466	147.372	0.8335	0
11.5172	0.0178257	147.755	0.83656	0
11.5105	0.0181109	149.271	0.830439	0
11.4648	0.0184408	149.721	0.827719	0
11.4854	0.0175849	150.104	0.843702	0
11.4919	0.0181903	149.105	0.828399	0
11.4645	0.0179857	149.738	0.822278	0
11.4777	0.0180717	150.204	0.824998	0
11.476	0.0187697	147.605	0.815136	0
11.4576	0.0181431	148.155	0.847102	0
11.4721	0.018743	149.105	0.810035	0
11.4779	0.0183713	149.354	0.83452	0
11.4655	0.0181476	148.921	0.83384	0
11.4756	0.0178697	148.771	0.823978	0
11.4806	0.0183307	149.588	0.824998	0
11.4712	0.0180388	148.621	0.817857	0
11.4685	0.0182135	149.538	0.826018	0
11.459	0.0186091	147.822	0.852203	0
11.4467	0.0179729	149.904	0.852884	0
11.4563	0.0183211	148.338	0.824658	0
11.4731	0.0181802	149.055	0.811736	0
11.4674	0.0178982	148.105	0.830439	0
11.4259	0.017922	148.555	0.819897	0
11.4079	0.0182715	147.938	0.83486	0
11.4457	0.0180736	148.638	0.841661	0
11.4684	0.0182102	147.722	0.8352	0
11.4614	0.0180636	150.304	0.8352	0
11.4721	0.0181852	148.805	0.839621	0
11.4668	0.0178482	148.505	0.839621	0
11.4785	0.0184331	149.338	0.850843	0
11.4805	0.0182633	148.538	0.820917	0
11.4421	0.0181138	149.521	0.83588	0
11.4333	0.0178288	148.122	0.837921	0
11.4255	0.0180619	148.871	0.844722	0
11.4355	0.0180241	148.288	0.831459	0
11.4553	0.0182345	149.554	0.829079	0
11.4263	0.018266	148.238	0.842682	0
11.432	0.0182233	150.704	0.838941	0
11.4465	0.0182519	148.821	0.842682	0
11.4239	0.0182543	147.738	0.851523	0
11.414	0.0181331	148.105	0.822618	0
11.4336	0.0180237	149.654	0.845062	0
11.4256	0.0183726	147.172	0.816497	0
11.4122	0.0175836	149.338	0.831119	0
11.4418	0.0177614	148.721	0.821598	0
11.4491	0.018227	151.57	0.83316	0
11.4281	0.0180919	149.471	0.830099	0
11.4158	0.0184276	148.838	0.821598	0
11.427	0.0184021	148.238	0.815136	0
11.4267	0.018042	150.021	0.854584	0
11.41	0.0177614	147.955	0.827719	0
11.4052	0.0179592	149.038	0.851863	0
11.4226	0.0181871	147.422	0.840301	0
11.4171	0.0180084	147.389	0.827039	0
11.401	0.0174671	149.288	0.828399	0
11.3849	0.0179883	148.671	0.810035	0
11.387	0.0181029	149.388	0.840641	0
11.4195	0.0176334	149.438	0.838261	0
11.4081	0.0179851	146.639	0.848803	0
11.395	0.0183625	149.888	0.846082	0
11.4461	0.0181374	149.354	0.827719	0
11.4421	0.0178729	149.138	0.843702	0
11.3983	0.0175775	150.054	0.844042	0
11.4013	0.0182786	148.055	0.826699	0
11.407	0.0183458	148.588	0.821938	0
11.4027	0.0177022	148.188	0.8369	0
11.3933	0.0176852	148.222	0.826018	0
11.3776	0.0181147	147.122	0.847783	0
11.3915	0.0177207	147.522	0.839621	0
11.4072	0.0179774	148.421	0.821598	0
11.3731	0.0179181	148.971	0.829419	0
11.3761	0.0180708	147.755	0.828059	0
11.4162	0.0179392	149.221	0.856624	0
11.3906	0.0178339	146.656	0.828399	0
11.3634	0.0182994	148.971	0.8318	0
11.3934	0.0183198	149.254	0.819557	0
11.4091	0.0181552	148.655	0.845742	0
11.4113	0.0182637	148.505	0.851183	0
11.4127	0.0180544	147.189	0.837921	0
11.3805	0.0181362	148.238	0.830439	0
11.3603	0.0184107	148.038	0.817517	0
11.3866	0.0180983	150.004	0.838601	0
11.4224	0.017969	147.455	0.843022	0
11.4258	0.0184121	149.654	0.822278	0
11.4175	0.0184113	146.222	0.838941	0
11.4043	0.0184224	148.588	0.83554	0
11.3932	0.0180696	149.571	0.813776	0
11.3881	0.0179209	148.921	0.821257	0
11.3696	0.0175102	147.888	0.815136	0
11.3739	0.0182694	146.706	0.83486	0
11.386	0.0178811	148.205	0.851523	0
11.3745	0.0178378	149.854	0.826018	0
11.3693	0.0177649	147.372	0.828399	0
11.3793	0.0178405	149.438	0.83282	0
11.3879	0.0176124	148.705	0.851863	0
11.3894	0.018184	148.405	0.821598	0
11.3792	0.0177206	146.939	0.842682	0
11.3722	0.0180067	148.388	0.844382	0
11.3847	0.0180782	146.406	0.849483	0
11.3618	0.0181027	148.338	0.813776	0
11.3424	0.017763	148.455	0.818877	0
11.37	0.017719	148.788	0.847102	0
11.3825	0.0179106	148.805	0.850843	0
11.3765	0.0185838	147.172	0.861045	0
11.3768	0.0181431	148.855	0.828059	0
11.3894	0.0179008	149.038	0.850163	0
11.3699	0.0183329	148.721	0.837921	0
11.3524	0.018061	148.471	0.813096	0
11.3699	0.0183155	146.606	0.815816	0
11.3805	0.0186103	148.138	0.821938	0
11.3513	0.0178285	147.688	0.817517	0
11.3339	0.0176385	147.822	0.821598	0
11.364	0.0177939	150.154	0.831459	0
11.3663	0.0177883	148.538	0.822618	0
11.3596	0.0177904	149.721	0.813096	0
11.3711	0.0181195	148.555	0.829079	0
11.3522	0.0179002	147.439	0.822618	0
11.3325	0.0182977	147.805	0.814456	0
11.3335	0.0183071	149.188	0.839281	0
11.3428	0.0182277	148.338	0.816837	0
11.3401	0.0181178	148.605	0.813436	0
11.3178	0.0185341	148.105	0.850503	0
11.335	0.0177151	149.188	0.83384	0
11.3522	0.0180405	148.521	0.855944	0
11.3397	0.018099	148.838	0.825338	0
11.3514	0.0182921	147.872	0.841661	0
11.3846	0.0181363	148.721	0.845402	0
11.3791	0.018529	149.588	0.8352	0
11.3636	0.0180967	148.272	0.839621	0
11.3524	0.0181795	149.055	0.83248	0
11.3482	0.0175734	148.938	0.83486	0
11.3669	0.0176326	149.221	0.8318	0
11.3601	0.0177465	148.755	0.819557	0
11.3466	0.0178814	149.238	0.819897	0
11.3494	0.0177274	148.288	0.839621	0
11.3168	0.0180658	148.005	0.830099	0
11.3156	0.0179363	148.888	0.849823	0
11.3299	0.01756	148.488	0.844042	0
11.3249	0.0179397	150.537	0.856624	0
11.3458	0.0178603	149.354	0.8335	0
11.354	0.0178553	148.322	0.819217	0
11.3695	0.0178883	148.305	0.83486	0
11.3674	0.0179981	148.305	0.817517	0
11.3254	0.0177367	147.589	0.83418	0
11.3204	0.0179202	148.438	0.848123	0
11.3579	0.0179217	147.255	0.821938	0
11.3559	0.0176364	148.205	0.857304	0
11.3019	0.0175326	148.222	0.839621	0
11.3022	0.0178565	149.421	0.823298	0
11.3442	0.0176843	148.372	0.826699	0
11.3411	0.0181134	148.821	0.838941	0
11.319	0.018232	148.755	0.825338	0
11.3136	0.0179567	149.488	0.821938	0
11.3186	0.0179054	148.488	0.843022	0
11.3255	0.0176674	148.205	0.83282	0
11.3422	0.0181133	148.605	0.812076	0
11.3729	0.0183004	149.738	0.817177	0
11.3577	0.0177608	147.855	0.842001	0
11.3055	0.0180704	148.038	0.821257	0
11.295	0.0179303	147.555	0.840641	0
11.3215	0.0180963	148.471	0.83418	0
11.3186	0.0182433	147.905	0.829759	0
11.3141	0.0181462	149.804	0.853904	0
11.3392	0.017865	148.438	0.83588	0
11.3242	0.0180715	147.272	0.847443	0
11.3278	0.0176061	148.838	0.823978	0
11.3546	0.0184172	147.638	0.826358	0
11.3187	0.018191	148.971	0.824318	0
11.3092	0.0177849	147.922	0.849483	0
11.3223	0.0181112	148.105	0.83656	0
11.2943	0.0177566	147.305	0.823978	0
11.281	0.018456	147.638	0.820577	0
11.3029	0.017573	147.605	0.83282	0
11.3308	0.0178792	149.038	0.83554	0
11.3196	0.0178062	146.839	0.817857	0
11.296	0.0179588	147.605	0.822618	0
11.3007	0.0178658	149.155	0.840641	0
11.2944	0.0175831	147.372	0.837921	0
11.303	0.0182012	147.355	0.816837	0
11.3227	0.0177161	149.588	0.821938	0
11.3342	0.0183858	148.555	0.827379	0
11.3123	0.0182421	148.222	0.819557	0
11.2857	0.0175179	148.205	0.83588	0
11.3053	0.0181657	147.589	0.828059	0
11.3103	0.0177998	146.272	0.838941	0
11.2852	0.0181935	147.355	0.837921	0
11.2752	0.0178312	148.322	0.829079	0
11.2966	0.01825	145.656	0.820577	0
11.328	0.0179266	148.955	0.826358	0
11.3323	0.0179825	149.638	0.840641	0
11.299	0.0174674	147.139	0.83214	0
11.2659	0.0182995	147.638	0.848123	0
11.3037	0.018761	146.855	0.8352	0
11.3083	0.0178536	149.238	0.824318	0
11.2622	0.0173507	148.871	0.822278	0
11.2694	0.0176313	146.639	0.83622	0
11.3047	0.017879	148.688	0.83588	0
11.2997	0.0175152	147.838	0.831459	0
11.3064	0.0175221	147.872	0.83384	0
11.3108	0.0179691	148.055	0.83248	0
11.264	0.0176355	147.805	0.823638	0
11.2567	0.0178184	148.471	0.825338	0
11.2808	0.0181586	147.988	0.837241	0
11.3044	0.0180298	149.771	0.823978	0
11.3089	0.0180187	148.405	0.837581	0
11.2782	0.0180478	146.772	0.831459	0
11.2938	0.0178789	145.256	0.831459	0
11.3161	0.0177686	148.055	0.8335	0
11.3092	0.0176746	149.204	0.831459	0
11.3188	0.0178642	149.021	0.830779	0
11.3053	0.0181233	147.522	0.83588	0
11.2747	0.017964	147.688	0.843702	0
11.2818	0.018018	147.455	0.820577	0
11.295	0.0176088	147.822	0.841321	0
11.2727	0.0180105	148.871	0.822278	0
11.2558	0.0176073	148.022	0.840641	0
11.269	0.0176239	149.404	0.848123	0
11.2773	0.0179438	148.255	0.824318	0
11.2832	0.0177627	148.771	0.828739	0
11.2887	0.018014	148.255	0.826699	0
11.2796	0.0183458	148.555	0.819897	0
11.2651	0.0176783	148.055	0.808335	0
11.2664	0.0179627	149.121	0.816837	0
11.2737	0.0175973	145.606	0.830439	0
11.2658	0.0183582	149.588	0.826018	0
11.2782	0.0177996	148.355	0.805955	0
11.3036	0.0175497	148.805	0.837581	0
11.2975	0.0176487	148.705	0.822278	0
11.2845	0.0179727	148.238	0.829759	0
11.264	0.0177354	147.788	0.810715	0
11.2652	0.0185232	150.021	0.822618	0
11.3072	0.0180946	149.471	0.829419	0
11.2928	0.0181896	148.671	0.828739	0
11.2474	0.0179052	147.422	0.825338	0
11.2628	0.0178428	149.221	0.837921	0
11.2667	0.0178274	146.739	0.799833	0
11.2542	0.0173389	148.188	0.841661	0
11.2703	0.0177243	147.005	0.822278	0
11.2953	0.017949	147.572	0.83384	0
11.2972	0.0175548	148.205	0.831119	0
11.2799	0.0180523	148.555	0.846422	0
11.2835	0.0180353	147.922	0.83588	0
11.2938	0.0178687	147.455	0.83588	0
11.2908	0.0177747	147.922	0.821257	0
11.2889	0.0181687	147.055	0.822618	0
11.2609	0.0177359	146.972	0.829759	0
11.2675	0.0181003	148.971	0.856624	0
11.2955	0.0177982	147.988	0.83588	0
11.2852	0.0177906	148.455	0.823638	0
11.2814	0.0179633	147.272	0.812756	0
11.2837	0.0178549	147.972	0.819897	0
11.2645	0.0177123	147.505	0.847102	0
11.2422	0.0178131	147.539	0.819897	0
11.2679	0.0178135	147.805	0.8318	0
11.2985	0.0181123	147.938	0.830099	0
11.2758	0.0178178	147.489	0.796093	0
11.2741	0.0177814	148.705	0.824998	0
11.2904	0.0178751	147.472	0.822618	0
11.2846	0.0180426	147.688	0.8318	0
11.2796	0.0172765	149.288	0.827379	0
11.2824	0.0180029	147.339	0.843022	0
11.278	0.017901	148.655	0.841321	0
11.268	0.018002	145.806	0.828059	0
11.2712	0.0179442	148.621	0.844042	0
11.2834	0.0178989	147.122	0.837241	0
11.273	0.0175452	148.305	0.815136	0
11.2823	0.017751	148.821	0.821257	0
11.2777	0.0183388	146.422	0.853904	0
11.2647	0.0181922	147.222	0.822958	0
11.2816	0.0178109	146.639	0.853904	0
11.2807	0.0181555	147.255	0.854584	0
11.2664	0.01823	148.421	0.823638	0
11.2609	0.0180493	148.821	0.831119	0
11.2591	0.0180513	147.938	0.822278	0
11.2861	0.0175417	147.955	0.823298	0
11.3151	0.0179113	148.338	0.826358	0
11.3073	0.0179642	148.505	0.844382	0
11.2731	0.0180227	148.105	0.83418	0
11.2764	0.0175382	148.388	0.846422	0
11.2974	0.0179734	149.155	0.83248	0
11.2744	0.0174887	148.605	0.817517	0
11.2564	0.0180308	147.489	0.839281	0
11.2565	0.0179398	147.189	0.83214	0
11.2687	0.0177913	148.038	0.827379	0
11.2803	0.0180256	149.171	0.828739	0
11.2611	0.0177243	148.138	0.824998	0
11.2612	0.017728	146.889	0.8335	0
11.2704	0.0172974	149.671	0.830439	0
11.2415	0.017899	148.038	0.817857	0
11.2523	0.0178869	147.189	0.815136	0
11.277	0.0184036	146.739	0.821938	0
11.2652	0.0178562	146.172	0.820577	0
11.249	0.0182246	148.238	0.826699	0
11.2628	0.0180335	148.222	0.823638	0
11.2751	0.0177348	147.005	0.829079	0
11.2528	0.0180688	148.072	0.818877	0
11.2687	0.0179025	147.655	0.821598	0
11.3036	0.0182528	148.205	0.83486	0
11.2913	0.0179207	148.238	0.839281	0
11.2692	0.0179827	146.822	0.840641	0
11.2769	0.0181077	148.805	0.824658	0
11.2745	0.0175433	149.188	0.856284	0
11.263	0.0175997	148.188	0.840981	0
11.2741	0.0177036	145.873	0.830439	0
11.2661	0.0180959	148.555	0.822278	0
11.2666	0.0179611	147.688	0.828739	0
11.2779	0.0176138	147.672	0.808335	0
11.2613	0.0178323	147.872	0.829419	0
11.2192	0.0180742	146.922	0.847102	0
11.2315	0.017934	148.188	0.813776	0
11.2745	0.0176754	148.938	0.838261	0
11.2653	0.0174745	147.622	0.803574	0
11.261	0.0174782	148.005	0.8335	0
11.2764	0.0179421	146.939	0.840641	0
11.2635	0.0175955	147.205	0.83656	0
11.2617	0.017834	150.054	0.838601	0
11.2788	0.0174588	147.355	0.801874	0
11.284	0.0179185	148.022	0.847443	0
11.2816	0.0177049	147.105	0.818537	0
11.2763	0.0178317	148.638	0.83622	0
11.2707	0.0181204	148.705	0.864786	0
11.2787	0.0179044	148.305	0.810715	0
11.2809	0.0175783	148.638	0.83214	0
11.2658	0.0178995	148.521	0.850503	0
11.264	0.0178544	149.388	0.8352	0
11.2692	0.017991	147.872	0.822278	0
11.2476	0.0181008	148.272	0.822278	0
11.237	0.0181269	148.488	0.826699	0
11.2655	0.0179924	148.688	0.830439	0
11.2641	0.0183482	149.005	0.811736	0
11.2388	0.0180669	148.505	0.855264	0
11.2572	0.0179792	147.972	0.827719	0
11.2676	0.0181956	147.555	0.842342	0
11.2408	0.0181688	147.505	0.8369	0
11.2525	0.0174948	148.438	0.849823	0
11.2786	0.017807	147.955	0.823298	0
11.2382	0.0179972	147.622	0.812076	0
11.2409	0.0179826	147.605	0.856624	0
11.2828	0.0175746	147.055	0.812756	0
11.2483	0.0175255	146.789	0.838941	0
11.2333	0.0183618	147.572	0.818197	0
11.2823	0.0178685	147.005	0.823638	0
11.2774	0.017819	147.955	0.842682	0
11.2436	0.0175463	147.489	0.830779	0
11.2493	0.0176082	146.472	0.811396	0
11.2473	0.0176561	149.638	0.840981	0
11.2207	0.0176425	147.655	0.841661	0
11.2298	0.0177786	147.655	0.814796	0
11.2573	0.0179189	147.622	0.817177	0
11.2529	0.0179715	147.638	0.826018	0
11.2281	0.0181239	148.105	0.847443	0
11.2465	0.0179247	147.822	0.8318	0
11.2743	0.0178618	147.005	0.830779	0
11.2662	0.0177616	147.838	0.83384	0
11.2581	0.0177828	148.988	0.831119	0
11.2634	0.0176929	148.521	0.840981	0
11.2707	0.0178587	148.571	0.844382	0
11.2596	0.0181875	146.672	0.816837	0
11.2438	0.0179615	147.122	0.818537	0
11.2439	0.0179816	149.504	0.830779	0
11.2604	0.0179701	149.105	0.854584	0
11.2625	0.0181886	145.756	0.83282	0
11.2591	0.0184797	149.021	0.824998	0
11.2762	0.0176994	148.671	0.839961	0
11.2663	0.0174725	147.222	0.838261	0
11.2298	0.0179876	147.522	0.851523	0
11.2088	0.0180362	147.522	0.801194	0
11.227	0.0178255	148.655	0.823298	0
11.2612	0.0176998	148.771	0.809015	0
11.2508	0.0180734	150.671	0.830779	0
11.2506	0.0178029	148.255	0.826699	0
11.2555	0.0180589	149.204	0.83214	0
11.2355	0.0179316	148.871	0.839621	0
11.2504	0.0180077	147.372	0.824318	0
11.2675	0.0177144	147.422	0.837921	0
11.2614	0.0175114	147.738	0.822618	0
11.2639	0.0181267	146.739	0.852203	0
11.262	0.0183944	147.822	0.812076	0
11.2559	0.0183455	147.389	0.83316	0
11.2519	0.0178243	147.455	0.83214	0
11.2549	0.0179314	147.222	0.820577	0
11.2419	0.0178362	148.688	0.829759	0
11.2563	0.0178729	148.705	0.825338	0
11.2831	0.0179785	148.421	0.824998	0
11.265	0.0177108	148.571	0.838261	0
11.2539	0.0180454	145.539	0.818877	0
11.2293	0.0181742	148.421	0.838601	0
11.2526	0.0181788	148.238	0.839961	0
11.3061	0.0178674	148.255	0.830779	0
11.2637	0.0178455	148.455	0.8352	0
11.219	0.017689	148.471	0.822958	0
11.2446	0.0179691	147.605	0.829079	0
11.2455	0.0181053	147.022	0.849143	0
11.2309	0.0179015	147.172	0.840981	0
11.2452	0.0177404	148.538	0.83452	0
11.2458	0.0176646	148.138	0.817517	0
11.2394	0.017725	147.872	0.844382	0
11.2466	0.0179515	147.222	0.826699	0
11.2794	0.0176166	147.605	0.830439	0
11.272	0.0177426	146.522	0.83588	0
11.236	0.0176009	148.255	0.838601	0
11.2339	0.0179442	148.571	0.845402	0
11.2599	0.0175102	148.122	0.83656	0
11.2635	0.017371	148.255	0.830099	0
11.2366	0.0174286	147.239	0.8352	0
11.2233	0.0182876	146.472	0.841661	0
11.2606	0.0178103	146.689	0.83214	0
11.2687	0.0181723	147.738	0.843702	0
11.2254	0.017971	148.421	0.83282	0
11.2413	0.017867	145.823	0.804934	0
11.271	0.0181616	148.921	0.826358	0
11.2462	0.0174511	147.872	0.843702	0
11.2246	0.0173421	147.905	0.813776	0
11.234	0.0176719	147.255	0.822958	0
11.2507	0.0177882	149.404	0.848123	0
11.2618	0.0182683	147.339	0.829419	0
11.2742	0.0178251	146.922	0.839281	0
11.2542	0.0181494	148.638	0.825678	0
11.2336	0.0180968	148.322	0.842342	0
11.2254	0.0178334	146.539	0.819557	0
11.2263	0.0177072	147.589	0.814116	0
11.247	0.0178837	147.039	0.829759	0
11.2512	0.0177961	147.155	0.825338	0
11.2458	0.0177533	147.788	0.83248	0
11.2526	0.0177666	147.555	0.824658	0
11.2366	0.0177549	147.289	0.83214	0
11.2298	0.0178838	147.938	0.8318	0
11.2583	0.018217	147.422	0.822618	0
11.2726	0.0182403	147.355	0.849483	0
11.2794	0.017886	148.555	0.83486	0
11.2563	0.0183115	147.838	0.838601	0
11.236	0.0180266	148.538	0.83214	0
11.2476	0.0179344	148.088	0.830439	0
11.2417	0.0180867	146.739	0.83384	0
11.2264	0.0179678	148.505	0.823638	0
11.2253	0.0177921	147.489	0.83316	0
11.2254	0.0175487	147.305	0.825678	0
11.2606	0.0175648	147.505	0.840641	0
11.2585	0.0174016	146.439	0.820917	0
11.2358	0.0178378	148.755	0.829759	0
11.2392	0.0182255	147.672	0.828399	0
11.2097	0.0181779	148.388	0.819897	0
11.1972	0.0179458	148.555	0.840981	0
11.2363	0.0176423	147.922	0.844382	0
11.2728	0.0179495	148.821	0.812756	0
11.2618	0.017865	147.838	0.862745	0
11.2274	0.0176015	149.371	0.817857	0
11.2285	0.0179527	148.788	0.843362	0
11.237	0.0176774	147.172	0.839621	0
11.2458	0.0180646	147.289	0.821938	0
11.2601	0.018154	147.222	0.8318	0
11.2415	0.0174798	148.205	0.831459	0
11.2304	0.0181218	147.922	0.83588	0
11.253	0.0179926	148.538	0.810035	0
11.2683	0.0180475	149.038	0.814796	0
11.2337	0.018219	148.022	0.83384	0
11.2012	0.0179227	148.005	0.820577	0
11.2125	0.0177087	146.539	0.848463	0
11.2284	0.0176302	148.372	0.837241	0
11.2404	0.018108	147.805	0.849823	0
11.2493	0.0180398	146.939	0.841661	0
11.2556	0.0180512	149.371	0.837581	0
11.2216	0.0177315	145.606	0.806295	0
11.2034	0.0181949	147.705	0.812756	0
11.2444	0.0180099	149.055	0.820577	0
11.2593	0.018054	147.055	0.852543	0
11.2155	0.0175972	148.355	0.846762	0
11.2258	0.0177441	147.155	0.83452	0
11.2779	0.0176481	146.989	0.829079	0
11.2614	0.0180679	148.122	0.810375	0
11.2285	0.0178055	147.289	0.83588	0
11.2209	0.0175303	147.305	0.843362	0
11.223	0.0176844	148.521	0.826018	0
11.2417	0.0175414	148.821	0.850503	0
11.2365	0.0180095	148.438	0.827039	0
11.2333	0.018039	147.472	0.828399	0
11.2547	0.0177335	147.539	0.831459	0
11.2462	0.017971	146.522	0.823638	0
11.2389	0.018366	149.454	0.817857	0
11.2516	0.0182068	146.489	0.830099	0
11.2213	0.0180278	148.438	0.827039	0
11.2292	0.0178397	147.788	0.829759	0
11.2744	0.0178883	148.255	0.83282	0
11.2413	0.0179447	147.705	0.813776	0
11.2265	0.0180647	147.572	0.840981	0
11.2709	0.0180806	149.654	0.822278	0
11.2477	0.0177214	148.538	0.817857	0
11.2166	0.0178751	147.755	0.822958	0
11.2222	0.017793	147.738	0.824318	0
11.2335	0.0177063	146.189	0.843702	0
11.2553	0.0178036	147.522	0.810035	0
11.2622	0.0174109	148.588	0.839621	0
11.2235	0.0175739	148.105	0.815816	0
11.2113	0.0176611	147.988	0.827719	0
11.245	0.0176728	147.755	0.822278	0
11.2386	0.0174845	147.705	0.841661	0
11.2495	0.0178088	149.338	0.816157	0
11.2429	0.0179552	146.872	0.83554	0
11.2009	0.0175694	147.439	0.83248	0
11.2078	0.0176381	147.405	0.83656	0
11.25	0.0179865	147.822	0.851523	0
11.2534	0.0181987	148.105	0.809355	0
11.2315	0.017985	148.038	0.816497	0
11.2108	0.0176999	146.972	0.809355	0
11.1985	0.0184002	147.655	0.837581	0
11.2095	0.0176062	147.122	0.83316	0
11.2384	0.0178808	146.972	0.826699	0
11.2374	0.0176513	147.472	0.83282	0
11.2296	0.0182336	148.438	0.820917	0
11.2385	0.0175296	147.522	0.819557	0
11.2515	0.0178984	148.505	0.8369	0
11.227	0.0177981	148.105	0.845062	0
11.1944	0.0176953	147.405	0.830439	0
11.2067	0.0176165	148.671	0.849143	0
11.2352	0.0181265	149.138	0.83554	0
11.23	0.0177007	146.672	0.847102	0
11.2143	0.0181632	148.122	0.831459	0
11.2108	0.0179048	147.972	0.824998	0
11.1975	0.0178299	148.022	0.844722	0
11.2183	0.0180937	147.722	0.820577	0
11.2284	0.0178343	147.105	0.853564	0
11.2144	0.0180889	146.522	0.842342	0
11.2347	0.0179503	148.455	0.83418	0
11.2282	0.0177721	148.272	0.824998	0
11.2227	0.0180086	148.471	0.825678	0
11.2631	0.0179091	147.372	0.822958	0
11.2604	0.0175098	147.822	0.841661	0
11.2278	0.0177417	147.272	0.828399	0
11.2708	0.0181293	147.855	0.849143	0
11.2737	0.017619	148.471	0.8369	0
11.2224	0.0182995	148.705	0.820577	0
11.2361	0.0178701	147.439	0.812416	0
11.2427	0.0180436	148.055	0.814796	0
11.2321	0.0177485	148.921	0.83282	0
11.2487	0.0176397	148.305	0.805614	0
11.2529	0.0179396	149.055	0.8318	0
11.2596	0.0177858	147.955	0.813436	0
11.2652	0.0183257	149.388	0.846762	0
11.2382	0.0179299	148.438	0.83588	0
11.2537	0.0176627	148.172	0.831459	0
11.2781	0.0176659	148.388	0.830779	0
11.257	0.0179372	147.305	0.829759	0
11.2268	0.017663	148.372	0.810715	0
11.2285	0.0179591	147.039	0.837581	0
11.2383	0.0179445	148.122	0.8318	0
11.2341	0.0178813	148.322	0.819217	0
11.2448	0.0179157	147.988	0.823638	0
11.2478	0.0178907	146.306	0.824998	0
11.2382	0.0182729	147.838	0.848123	0
11.2326	0.0182071	148.588	0.837581	0
11.2212	0.0180923	147.589	0.839961	0
11.2162	0.0174269	147.589	0.818197	0
11.247	0.0173989	148.305	0.845062	0
11.2331	0.0185793	148.421	0.842001	0
11.2046	0.018107	147.405	0.838941	0
11.2185	0.0182143	146.606	0.820577	0
11.2272	0.0182962	146.955	0.853564	0
11.2242	0.0183285	147.339	0.83384	0
11.2308	0.0173496	148.322	0.826699	0
11.2336	0.0176851	148.288	0.828399	0
11.2124	0.0178219	147.222	0.819897	0
11.2295	0.017744	148.638	0.8369	0
11.2613	0.0177476	147.838	0.83452	0
11.2396	0.0177964	147.355	0.842001	0
11.2308	0.0180361	147.422	0.838941	0
11.2413	0.0180695	146.056	0.841661	0
11.2433	0.0178018	148.388	0.828739	0
11.2368	0.0177291	147.522	0.822618	0
11.2199	0.0178111	146.672	0.822618	0
11.2057	0.0181177	147.855	0.842001	0
11.2288	0.0179048	147.822	0.83282	0
11.2524	0.0184535	147.455	0.839281	0
11.2174	0.0176587	147.122	0.804934	0
11.2159	0.0172813	148.721	0.823638	0
11.2405	0.0177754	147.855	0.842342	0
11.1984	0.0175753	147.838	0.821598	0
11.1949	0.0180027	148.105	0.843362	0
11.226	0.017747	148.671	0.8318	0
11.23	0.0182729	148.405	0.83588	0
11.2381	0.01763	148.355	0.848123	0
11.243	0.0181095	147.439	0.831119	0
11.2116	0.0181947	147.988	0.848803	0
11.2179	0.0181974	149.138	0.822958	0
11.2468	0.0184781	148.188	0.839281	0
11.2316	0.0179565	147.755	0.861045	0
11.2149	0.0177582	147.039	0.827379	0
11.2173	0.0178781	147.872	0.829759	0
11.228	0.0177706	147.788	0.820577	0
11.2533	0.0182423	147.255	0.842001	0
11.2441	0.018102	148.571	0.845402	0
11.2437	0.0178489	148.621	0.826358	0
11.2535	0.0178967	147.772	0.847443	0
11.212	0.0177499	148.305	0.843362	0
11.1942	0.0176311	147.838	0.842001	0
11.2228	0.0181167	147.589	0.845062	0
11.2224	0.017393	148.155	0.821257	0
11.224	0.0181236	148.438	0.8318	0
11.2274	0.017647	147.938	0.831459	0
11.2087	0.017649	148.038	0.840641	0
11.2153	0.0177774	148.205	0.820577	0
11.2637	0.0179756	149.221	0.831119	0
11.2469	0.0179792	144.99	0.830779	0
11.2095	0.0178399	147.788	0.826018	0
11.2328	0.0176916	147.822	0.8335	0
11.2363	0.0179561	147.172	0.827039	0
11.2294	0.0178803	149.254	0.83622	0
11.237	0.017953	147.072	0.839281	0
11.2106	0.0183017	147.772	0.855944	0
11.2063	0.0176019	146.972	0.820577	0
11.2294	0.0172142	147.172	0.839281	0
11.2091	0.0176165	148.438	0.83622	0
11.2041	0.0179592	148.605	0.83316	0
11.2697	0.01833	148.921	0.8352	0
11.2648	0.0176264	147.389	0.813096	0
11.2111	0.0178005	146.722	0.816497	0
11.2301	0.0175571	146.972	0.842342	0
11.2232	0.017752	147.555	0.816157	0
11.2214	0.017409	149.188	0.812076	0
11.2409	0.0176335	148.555	0.831459	0
11.242	0.0180647	147.755	0.846762	0
11.2201	0.017792	145.856	0.824998	0
11.2058	0.017495	148.671	0.83452	0
11.2392	0.0176281	147.855	0.838601	0
11.2549	0.0175868	147.472	0.83384	0
11.2279	0.0180556	148.138	0.824998	0
11.2167	0.0180459	149.055	0.848803	0
11.2112	0.0173053	147.355	0.811056	0
11.2074	0.0176236	149.021	0.829419	0
11.2257	0.0180298	147.139	0.828059	0
11.2343	0.0174966	147.922	0.839281	0
11.2225	0.0176148	147.305	0.830779	0
11.2147	0.0176702	148.638	0.83554	0
11.2172	0.0175242	149.421	0.83384	0
11.2396	0.0176055	147.922	0.814796	0
11.2516	0.017485	147.422	0.825338	0
11.2138	0.0179727	147.972	0.838601	0
11.1927	0.0177406	147.655	0.83282	0
11.2111	0.0178306	147.705	0.828059	0
11.213	0.0178756	147.289	0.837241	0
11.2247	0.0177849	146.772	0.829419	0
11.2055	0.0175347	148.621	0.822278	0
11.1885	0.0178416	148.705	0.841661	0
11.2388	0.0176454	147.938	0.817857	0
11.2489	0.0179748	147.389	0.816497	0
11.2182	0.0178917	147.705	0.809355	0
11.2238	0.0180525	147.655	0.8318	0
11.215	0.0179324	148.088	0.819557	0
11.1905	0.0180184	148.105	0.824318	0
11.2246	0.0177723	147.555	0.831119	0
11.2469	0.0180274	147.489	0.824998	0
11.2151	0.0178409	147.555	0.827719	0
11.2009	0.0177386	147.022	0.8369	0
11.2156	0.0182178	148.172	0.825338	0
11.2131	0.0174386	147.489	0.849143	0
11.2093	0.0177957	147.305	0.824998	0
11.2361	0.0176634	147.222	0.821938	0
11.2382	0.0173687	146.772	0.825338	0
11.2068	0.017819	147.955	0.816157	0
11.2186	0.0175079	148.205	0.814796	0
11.2362	0.0177502	147.722	0.83554	0
11.2224	0.0179155	147.555	0.855264	0
11.234	0.0178428	148.388	0.831459	0
11.2254	0.0176564	146.822	0.826018	0
11.2072	0.0179893	148.005	0.8352	0
11.1992	0.0177071	147.005	0.827719	0
11.1843	0.0175765	147.322	0.829759	0
11.1927	0.0176603	147.239	0.828059	0
11.2071	0.0174609	149.554	0.860365	0
11.1939	0.0179241	147.289	0.818877	0
11.1886	0.0179113	148.688	0.830099	0
11.2196	0.0179234	147.422	0.839281	0
11.2345	0.0175673	147.439	0.824998	0
11.2366	0.0178363	149.171	0.83282	0
11.2454	0.0175829	148.305	0.824318	0
11.2122	0.0174832	146.556	0.8369	0
11.2001	0.017656	147.705	0.828059	0
11.2398	0.0175949	148.105	0.83316	0
11.2291	0.0182881	147.322	0.83214	0
11.1837	0.0177907	148.571	0.840301	0
11.2002	0.0177316	146.939	0.821938	0
11.2177	0.0178871	147.888	0.811056	0
11.1983	0.0174204	147.738	0.845742	0
11.2377	0.0180104	149.021	0.853904	0
11.2421	0.018032	148.655	0.811736	0
11.2058	0.0178129	147.705	0.842342	0
11.2284	0.017733	148.988	0.83418	0
11.2295	0.0177435	148.555	0.827379	0
11.2127	0.0177223	147.355	0.827379	0
11.2325	0.0177241	146.256	0.828739	0
11.2379	0.0173128	148.238	0.83486	0
11.2106	0.0177277	147.122	0.83384	0
11.2125	0.0179185	146.522	0.804934	0
11.2184	0.0179618	146.706	0.808675	0
11.2217	0.0179539	148.555	0.827379	0
11.2537	0.0184185	147.922	0.819217	0
11.2408	0.0180544	147.822	0.827719	0
11.1912	0.017754	146.539	0.838601	0
11.1957	0.0181409	148.538	0.830779	0
11.2375	0.0179491	147.255	0.820917	0
11.2409	0.0180098	147.055	0.838941	0
11.2224	0.0179256	148.505	0.8352	0
11.2115	0.0175732	148.938	0.83316	0
11.1876	0.0175418	147.922	0.828739	0
11.1876	0.0177532	148.305	0.814116	0
11.2043	0.0177688	149.538	0.827039	0
11.2118	0.0181632	148.821	0.83622	0
11.2054	0.0180047	147.005	0.827039	0
11.2146	0.0173439	148.072	0.842001	0
11.2386	0.0183388	146.056	0.812756	0
11.214	0.0179065	148.138	0.821257	0
11.2069	0.0179156	147.372	0.838261	0
11.2229	0.0179292	146.756	0.839281	0
11.2206	0.0181239	147.705	0.83656	0
11.2462	0.0175352	147.905	0.814116	0
11.2527	0.0183488	147.922	0.818877	0
11.2204	0.0180759	148.688	0.83282	0
11.184	0.0173461	147.122	0.847443	0
11.1914	0.0175152	147.688	0.83656	0
11.2295	0.01774	147.422	0.846422	0
11.2249	0.0177808	147.372	0.819897	0
11.2345	0.0182398	146.206	0.83248	0
11.2278	0.017742	147.222	0.816837	0
11.1975	0.0177963	146.905	0.842342	0
11.2074	0.0178633	147.105	0.83418	0
11.2315	0.0179663	147.139	0.848123	0
11.2253	0.0179122	148.322	0.838941	0
11.2194	0.0174589	147.089	0.858665	0
11.222	0.0177994	149.488	0.826018	0
11.2127	0.017886	147.805	0.846422	0
11.206	0.0175417	147.139	0.837241	0
11.2185	0.017774	148.138	0.824658	0
11.2259	0.0182643	148.621	0.839961	0
11.2123	0.0174321	147.822	0.840301	0
11.1954	0.0176348	148.188	0.840641	0
11.2108	0.018037	146.722	0.855944	0
11.2079	0.0175011	147.705	0.826358	0
11.1911	0.0178768	146.889	0.831119	0
11.2076	0.0179519	148.038	0.83282	0
11.2308	0.0184485	147.305	0.831459	0
11.2316	0.0180917	147.405	0.839281	0
11.206	0.0175643	147.672	0.829079	0
11.197	0.0181511	148.055	0.851863	0
11.2081	0.0175689	149.071	0.826018	0
11.2003	0.0180729	147.322	0.838261	0
11.2	0.0177118	147.089	0.83248	0
11.2374	0.0175879	147.522	0.842001	0
11.211	0.0174601	147.638	0.814116	0
11.1847	0.017762	148.238	0.838261	0
11.2024	0.0176023	146.822	0.826018	0
11.1762	0.0177875	147.039	0.843022	0
11.1915	0.0176807	147.339	0.829419	0
11.253	0.018365	147.139	0.840301	0
11.2297	0.0186279	147.339	0.83452	0
11.1898	0.0181653	147.172	0.829759	0
11.2236	0.0176251	148.838	0.824998	0
11.2345	0.0173053	147.189	0.824658	0
11.2104	0.017314	148.438	0.846082	0
11.2098	0.0179604	147.505	0.83486	0
11.2112	0.0177795	147.489	0.813776	0
11.2236	0.0177642	147.938	0.841661	0
11.2388	0.0176481	148.505	0.822618	0
11.2058	0.0181406	145.823	0.847102	0
11.1752	0.0181623	147.655	0.83656	0
11.2117	0.0177338	149.171	0.853224	0
11.2294	0.0181036	147.938	0.828059	0
11.1998	0.0180307	146.639	0.83384	0
11.2144	0.0181385	147.405	0.841321	0
11.2167	0.017404	147.672	0.842342	0
11.1996	0.0180653	147.289	0.844042	0
11.1968	0.0177996	146.522	0.819557	0
11.1728	0.0177707	148.188	0.83554	0
11.1881	0.017531	149.121	0.830779	0
11.2087	0.0180601	146.222	0.842682	0
11.1938	0.0176556	148.471	0.828739	0
11.1902	0.0177592	148.388	0.840641	0
11.1983	0.0177092	148.921	0.874308	0
11.2118	0.0181502	147.239	0.837921	0
11.21	0.0181522	147.005	0.811396	0
11.2038	0.018627	147.772	0.849143	0
11.2119	0.0184712	147.838	0.829419	0
11.208	0.0176845	146.756	0.839621	0
11.1925	0.0179959	147.655	0.828399	0
11.1939	0.0176263	147.305	0.829419	0
11.2029	0.0177156	147.672	0.847102	0
11.2328	0.0181068	148.288	0.822618	0
11.2363	0.0178707	149.055	0.824998	0
11.2132	0.0176025	147.822	0.841321	0
11.1932	0.0176884	148.438	0.830439	0
11.208	0.0175488	146.489	0.83622	0
11.2195	0.0176896	146.489	0.825678	0
11.188	0.0182991	146.422	0.826018	0
11.1879	0.0176813	148.921	0.822958	0
11.2214	0.0182425	147.439	0.838941	0
11.2288	0.017709	148.705	0.827039	0
11.2054	0.0178262	148.605	0.852203	0
11.2069	0.0174302	146.822	0.824658	0
11.2061	0.0173451	147.439	0.823638	0
11.2048	0.0179048	147.405	0.806975	0
11.2316	0.0176576	146.572	0.83486	0
11.2355	0.0176466	150.104	0.830779	0
11.2205	0.0174754	147.422	0.837581	0
11.216	0.0174074	147.589	0.818877	0
11.2161	0.0177742	147.888	0.830439	0
11.2238	0.0178317	148.505	0.8318	0
11.2328	0.0177243	148.272	0.853224	0
11.21	0.0179417	148.621	0.845062	0
11.1681	0.0179839	146.656	0.83248	0
11.1968	0.0178916	148.188	0.805614	0
11.2232	0.0175752	147.605	0.810375	0
11.1899	0.0172876	147.655	0.83554	0
11.2049	0.0177293	147.389	0.814796	0
11.2135	0.0179251	146.939	0.839961	0
11.2055	0.0178381	148.521	0.829419	0
11.2369	0.018466	148.222	0.846762	0
11.2256	0.0176491	146.939	0.830439	0
11.2032	0.0178332	147.822	0.817857	0
11.2206	0.0180957	148.222	0.837241	0
11.2348	0.0181334	147.772	0.8352	0
11.2153	0.0179462	147.822	0.83622	0
11.2206	0.0181774	148.488	0.826699	0
11.2511	0.0176779	147.322	0.823978	0
11.2457	0.0180933	147.305	0.818537	0
11.2256	0.0179181	148.372	0.83248	0
11.2235	0.0177291	147.439	0.827719	0
11.2132	0.0176647	147.505	0.826699	0
11.1916	0.0177982	147.289	0.819217	0
11.2135	0.0177698	147.705	0.808675	0
11.2374	0.0175237	147.805	0.824318	0
11.2038	0.0182295	148.122	0.820917	0
11.1818	0.0179075	147.205	0.830779	0
11.2013	0.0172406	148.955	0.827039	0
11.2146	0.0179527	148.471	0.837581	0
11.2172	0.0177762	148.038	0.822958	0
11.1933	0.0179803	146.439	0.816497	0
11.1788	0.0180172	148.238	0.822618	0
11.2152	0.0176058	148.222	0.818877	0
11.195	0.0179663	145.339	0.829079	0
11.1498	0.0177609	147.688	0.825678	0
11.1953	0.0177682	149.738	0.83656	0
11.1966	0.0178371	146.855	0.829759	0
11.1682	0.0175124	148.088	0.8369	0
11.2267	0.017823	147.172	0.828399	0
11.2591	0.0178899	147.372	0.821257	0
11.2297	0.0178469	148.272	0.827039	0
11.2231	0.0180929	149.321	0.837581	0
11.2455	0.0181107	147.888	0.83588	0
11.2343	0.0178462	147.322	0.845742	0
11.1892	0.0177156	147.688	0.819897	0
11.211	0.0176133	147.255	0.816497	0
11.2391	0.0177401	147.788	0.848463	0
11.2005	0.0176767	148.222	0.826018	0
11.1879	0.0176456	148.155	0.852543	0
11.1957	0.0175715	147.372	0.839281	0
11.1811	0.0179766	147.705	0.829419	0
11.1796	0.018002	147.938	0.823978	0
11.2211	0.0180726	147.622	0.816837	0
11.2188	0.017721	146.789	0.83384	0
11.1948	0.0176912	149.388	0.845742	0
11.2236	0.0182656	146.872	0.822958	0
11.2362	0.0177675	147.872	0.820917	0
11.2119	0.0179976	146.822	0.821257	0
11.2113	0.0176219	148.471	0.849823	0
11.2335	0.0176206	146.772	0.842682	0
11.2182	0.0174605	147.105	0.831459	0
11.2007	0.0180725	148.372	0.840641	0
11.2078	0.0179897	148.272	0.839281	0
11.2019	0.0175842	148.721	0.810715	0
11.1982	0.0176152	147.722	0.838601	0
11.2261	0.0177741	149.138	0.83248	0
11.2349	0.0173161	147.122	0.83282	0
11.1921	0.0176067	149.221	0.826699	0
11.1832	0.017546	146.389	0.826699	0
11.1993	0.0175067	149.088	0.83248	0
11.1849	0.0180861	146.822	0.822618	0
11.1775	0.0176935	147.788	0.83486	0
11.2008	0.017717	148.222	0.83248	0
11.2254	0.0178195	149.338	0.826699	0
11.2123	0.0179523	147.189	0.842342	0
11.1973	0.0181033	147.322	0.841661	0
11.2152	0.0181377	147.872	0.826358	0
11.2102	0.01787	148.921	0.813776	0
11.2066	0.0175531	147.205	0.843362	0
11.2267	0.0178342	148.055	0.819897	0
11.2219	0.0178347	148.355	0.822278	0
11.2047	0.0177286	147.805	0.822958	0
11.2261	0.0176518	148.172	0.83656	0
11.2114	0.0175417	146.872	0.823298	0
11.1881	0.0177191	148.222	0.830439	0
11.2136	0.0180398	148.005	0.821598	0
11.228	0.0180128	147.688	0.842342	0
11.2286	0.0174306	147.005	0.83316	0
11.2278	0.0176837	147.339	0.846422	0
11.2164	0.0180007	147.022	0.814456	0
11.2043	0.017692	147.489	0.843022	0
11.2192	0.017991	147.772	0.808675	0
11.2181	0.0180484	147.322	0.827039	0
11.1889	0.0181662	149.654	0.822618	0
11.1938	0.017457	146.322	0.829419	0
11.2069	0.0181923	146.139	0.829419	0
11.1947	0.0177937	149.021	0.8352	0
11.2011	0.0176064	147.189	0.848463	0
11.2056	0.0176782	147.355	0.83554	0
11.1869	0.0172992	147.055	0.819557	0
11.2103	0.0179021	147.422	0.83282	0
11.2399	0.0177206	149.105	0.810715	0
11.2012	0.0176697	148.105	0.844042	0
11.1814	0.0178814	148.072	0.831459	0
11.2176	0.0181091	148.505	0.853224	0
11.2306	0.0178527	147.222	0.83418	0
11.2085	0.0179525	146.989	0.83248	0
11.1775	0.0176177	147.605	0.813096	0
11.1826	0.0173894	148.655	0.802554	0
11.2098	0.0173878	148.805	0.826699	0
11.186	0.0174909	147.305	0.829759	0
11.1797	0.0181271	146.006	0.827039	0
11.2191	0.0181302	148.222	0.839281	0
11.2137	0.0179737	147.855	0.828739	0
11.2008	0.0180424	148.921	0.820917	0
11.2037	0.0183557	146.556	0.805274	0
11.2146	0.017853	149.121	0.822958	0
11.209	0.0180361	149.371	0.8352	0
11.1907	0.0179381	148.688	0.83282	0
11.2065	0.01804	147.589	0.83248	0
11.2193	0.0175677	147.255	0.83418	0
11.2123	0.0179512	147.688	0.844382	0
11.1971	0.0181511	146.839	0.824318	0
11.1914	0.0181373	147.089	0.846082	0
11.2194	0.0177604	148.288	0.840981	0
11.2434	0.0177513	147.155	0.821598	0
11.2087	0.0179811	148.055	0.83588	0
11.2041	0.0179718	147.955	0.850503	0
11.227	0.0181086	149.005	0.814116	0
11.2177	0.0181926	147.355	0.83316	0
11.2139	0.0179792	147.505	0.826699	0
11.1985	0.017547	146.206	0.844722	0
11.1921	0.0179925	149.438	0.823638	0
11.2097	0.0182657	146.256	0.838941	0
11.2082	0.0179394	147.938	0.83622	0
11.1903	0.0179646	147.405	0.823978	0
11.1963	0.0176419	149.238	0.831459	0
11.2154	0.0183179	148.705	0.845062	0
11.2199	0.0179873	147.089	0.815476	0
11.2157	0.0177753	147.372	0.849143	0
11.2044	0.017838	147.755	0.819897	0
11.2103	0.0183165	147.772	0.829759	0
11.2252	0.0179307	147.522	0.83588	0
11.249	0.0178299	149.604	0.826358	0
11.2774	0.0179281	147.555	0.837921	0
11.2349	0.0179728	146.656	0.823298	0
11.1788	0.0180432	146.356	0.852203	0
11.1942	0.0178935	148.072	0.837241	0
11.2271	0.0172711	147.305	0.845062	0
11.2211	0.0178653	149.204	0.843362	0
11.1911	0.0181402	146.222	0.830779	0
11.1894	0.0176466	148.455	0.829079	0
11.21	0.0181492	148.322	0.826018	0
11.2136	0.0177794	147.938	0.843362	0
11.2064	0.0180506	147.955	0.847102	0
11.2131	0.017887	148.555	0.852884	0
11.1865	0.0176177	148.805	0.831119	0
11.1438	0.0176251	147.422	0.8318	0
11.1724	0.0172372	148.805	0.837581	0
11.2051	0.0178958	146.989	0.822278	0
11.1859	0.0176935	147.172	0.83486	0
11.2029	0.0176786	147.472	0.83316	0
11.2288	0.0175202	147.189	0.816837	0
11.2059	0.0176029	145.906	0.838601	0
11.1832	0.0178073	146.606	0.831119	0
11.1751	0.0177985	147.389	0.843022	0
11.1793	0.0180778	146.239	0.824318	0
11.202	0.0177404	147.289	0.816497	0
11.1982	0.0172441	148.671	0.820237	0
11.1978	0.0178104	146.522	0.829079	0
11.233	0.017988	148.338	0.829419	0
11.2581	0.0177993	148.538	0.829759	0
11.2341	0.0173989	146.772	0.816497	0
11.1965	0.0177439	147.922	0.83588	0
11.1894	0.017602	146.939	0.829079	0
11.197	0.0179652	147.705	0.815476	0
11.2087	0.017764	146.156	0.846762	0
11.2215	0.0179247	147.389	0.83656	0
11.2178	0.0181529	147.638	0.827379	0
11.2104	0.0177427	148.155	0.851523	0
11.2109	0.0175626	147.622	0.816497	0
11.1775	0.0184566	148.055	0.827379	0
11.1882	0.0178072	147.355	0.818877	0
11.2268	0.0179442	148.222	0.83554	0
11.2208	0.0181337	147.072	0.83214	0
11.1951	0.0181459	147.405	0.822958	0
11.1922	0.0180385	148.272	0.811056	0
11.217	0.0173637	148.305	0.814456	0
11.2156	0.0178769	147.505	0.809355	0
11.2034	0.0172883	148.288	0.83214	0
11.1985	0.0177118	148.838	0.83248	0
11.2127	0.0179519	148.155	0.83418	0
11.2308	0.0182024	147.422	0.838941	0
11.204	0.0179067	146.706	0.827719	0
11.182	0.0181635	148.421	0.83588	0
11.21	0.0178704	147.172	0.821257	0
11.2167	0.0181992	146.189	0.8318	0
11.2029	0.0180609	149.421	0.83486	0
11.2309	0.0180229	149.121	0.818877	0
11.2254	0.018142	147.272	0.841321	0
11.2073	0.0179162	147.672	0.851863	0
11.2049	0.0183161	146.922	0.8352	0
11.1931	0.0183676	146.822	0.819217	0
11.1994	0.0178469	148.338	0.83418	0
11.208	0.0178505	148.405	0.83384	0
11.1941	0.0181361	147.072	0.822618	0
11.1841	0.0179884	146.539	0.823298	0
11.2002	0.0182851	147.772	0.848463	0
11.2082	0.0182654	146.805	0.824998	0
11.2117	0.0180279	148.555	0.820917	0
11.2069	0.0173914	149.321	0.806975	0
11.2021	0.0172756	148.538	0.812416	0
11.2648	0.0175779	148.338	0.828059	0
11.2728	0.0177875	148.222	0.820237	0
11.2175	0.017754	147.405	0.828739	0
11.2104	0.0182454	147.539	0.828059	0
11.2066	0.0182737	146.756	0.826358	0
11.2056	0.0178001	148.721	0.841321	0
11.2131	0.0175564	147.222	0.850843	0
11.1927	0.0176998	147.139	0.851523	0
11.1936	0.0179932	147.505	0.830779	0
11.2021	0.0184905	147.638	0.837921	0
11.2075	0.0177605	147.722	0.825678	0
11.2105	0.0181443	147.955	0.810035	0
11.1907	0.018023	148.255	0.847783	0
11.1981	0.0176319	146.406	0.808335	0
11.1966	0.0177793	149.188	0.820577	0
11.1889	0.0181138	147.189	0.843022	0
11.216	0.0178957	147.505	0.831459	0
11.217	0.0176776	148.488	0.841321	0
11.2126	0.0178267	146.789	0.8352	0
11.2244	0.0178046	147.539	0.8335	0
11.2149	0.0175762	147.705	0.838261	0
11.1833	0.0174786	147.189	0.816837	0
11.2007	0.0179115	148.538	0.818877	0
11.2287	0.0181494	148.205	0.83554	0
11.23	0.0181438	147.605	0.847102	0
11.227	0.0181842	147.905	0.817517	0
11.2182	0.0180256	146.772	0.827039	0
11.2189	0.0176883	146.789	0.837241	0
11.2286	0.0177928	146.522	0.83248	0
11.2009	0.0179268	146.622	0.858665	0
11.2071	0.0180331	146.905	0.831119	0
11.2425	0.0177778	149.521	0.844382	0
11.2312	0.0176466	148.805	0.821257	0
11.2199	0.0175141	147.622	0.83486	0
11.2126	0.017378	147.755	0.849143	0
11.2085	0.0181081	146.822	0.847102	0
11.168	0.0178351	145.673	0.83316	0
11.1783	0.0179866	149.438	0.827719	0
11.234	0.0183277	148.621	0.83452	0
11.2185	0.0176082	147.922	0.852884	0
11.2024	0.0182104	146.656	0.830779	0
11.2325	0.0181969	147.838	0.829759	0
11.2412	0.0176826	149.005	0.826699	0
11.2116	0.0176039	148.671	0.826358	0
11.2058	0.0176978	147.205	0.845062	0
11.2294	0.0177285	147.589	0.824658	0
11.2259	0.0181324	148.388	0.8335	0
11.1975	0.0182447	147.489	0.83486	0
11.2081	0.0179067	148.122	0.808335	0
11.2105	0.0178315	147.139	0.828739	0
11.1835	0.017507	147.772	0.840301	0
11.1855	0.0175389	146.889	0.842682	0
11.1929	0.0178076	148.788	0.802894	0
11.1972	0.0176475	148.621	0.830099	0
11.2185	0.0179077	148.905	0.815136	0
11.1921	0.0175061	146.889	0.822958	0
11.1815	0.0177987	147.788	0.840981	0
11.2202	0.0179962	147.655	0.83418	0
11.1972	0.0176468	147.705	0.830439	0
11.1871	0.0177478	146.905	0.823638	0
11.2232	0.0180941	148.072	0.83384	0
11.1876	0.0180639	147.222	0.810715	0
11.1864	0.0179348	147.822	0.831119	0
11.239	0.0180241	148.438	0.827719	0
11.2122	0.017691	146.272	0.844382	0
11.2005	0.0178181	148.272	0.8335	0
11.2432	0.0181067	146.722	0.817857	0
11.2416	0.0177335	148.005	0.837581	0
11.1898	0.0178602	146.789	0.823978	0
11.1675	0.0179359	147.372	0.819897	0
11.1927	0.0177845	148.455	0.825338	0
11.222	0.0179046	149.971	0.819217	0
11.2213	0.0179667	148.438	0.806295	0
11.1954	0.0174186	148.688	0.815476	0
11.1981	0.0177467	145.473	0.828399	0
11.1974	0.0178646	146.072	0.818537	0
11.189	0.0182917	147.655	0.810715	0
11.226	0.0182585	147.439	0.827719	0
11.2272	0.0175797	147.305	0.847102	0
11.1933	0.0177133	147.838	0.8318	0
11.205	0.018244	147.372	0.827039	0
11.2177	0.0179762	147.522	0.817517	0
11.1952	0.0179442	147.589	0.816497	0
11.1849	0.0179056	147.189	0.830779	0
11.2118	0.017952	148.388	0.8352	0
11.211	0.0175691	146.289	0.853224	0
11.2041	0.0175873	148.421	0.839961	0
11.2094	0.0172337	148.155	0.840981	0
11.2234	0.0172839	148.621	0.816837	0
11.2319	0.0175206	147.622	0.849483	0
11.1882	0.0176125	147.922	0.825678	0
11.1919	0.0176606	148.355	0.851523	0
11.2123	0.018052	146.789	0.837921	0
11.1949	0.0177983	146.772	0.83248	0
11.1727	0.0180795	148.871	0.8335	0
11.1967	0.0177465	146.905	0.827719	0
11.2474	0.0181758	147.988	0.813096	0
11.2341	0.0177875	148.638	0.826358	0
11.1957	0.0175774	147.172	0.8335	0
11.2098	0.0177361	147.489	0.83588	0
11.2143	0.0180697	147.855	0.83316	0
11.2162	0.0185613	147.522	0.840301	0
11.2104	0.0177399	147.905	0.845402	0
11.2004	0.0178624	147.489	0.828399	0
11.2178	0.018049	149.521	0.842342	0
11.2102	0.0176319	146.905	0.847783	0
11.1961	0.0176124	148.288	0.827719	0
11.213	0.0179549	148.105	0.846082	0
11.2369	0.0182325	146.589	0.83384	0
11.2243	0.0181699	148.471	0.8352	0
11.1932	0.0179202	147.439	0.83554	0
11.2208	0.0178485	148.838	0.850843	0
11.2081	0.0186302	146.822	0.824318	0
11.1892	0.0183639	148.055	0.824658	0
11.2178	0.0180474	147.255	0.820917	0
11.2191	0.0178815	148.355	0.822618	0
11.2034	0.0176084	148.022	0.840301	0
11.1875	0.0173915	147.638	0.824998	0
11.1952	0.0175867	148.138	0.829759	0
11.1868	0.0172708	147.322	0.828399	0
11.1887	0.0174723	147.605	0.828399	0
11.218	0.0178273	147.838	0.83554	0
11.212	0.0176438	147.705	0.846422	0
11.1933	0.0178569	148.172	0.837241	0
11.2162	0.0179189	149.105	0.828399	0
11.2347	0.0182256	146.306	0.842001	0
11.225	0.0182638	147.555	0.828399	0
11.2279	0.017802	147.505	0.83588	0
11.2087	0.0179031	146.656	0.819897	0
11.1887	0.0175792	149.021	0.841661	0
11.2103	0.0179157	147.905	0.840301	0
11.2065	0.0180988	147.638	0.8369	0
11.2006	0.0177505	148.072	0.820577	0
11.2049	0.0176696	148.721	0.841661	0
11.2088	0.0172759	147.155	0.843022	0
11.2142	0.0175046	147.622	0.804934	0
11.226	0.0178193	147.855	0.837921	0
11.2393	0.0176991	148.921	0.849483	0
11.2267	0.0177166	147.638	0.8318	0
11.207	0.0180961	147.039	0.820577	0
11.2176	0.017882	147.872	0.816157	0
11.2276	0.0176702	146.372	0.83656	0
11.2197	0.0176473	146.622	0.818877	0
11.1919	0.0180623	147.355	0.828059	0
11.1839	0.0182769	147.738	0.830439	0
11.2277	0.0185971	147.422	0.827719	0
11.2223	0.0179609	148.272	0.848463	0
11.2264	0.0175165	148.255	0.83384	0
11.2436	0.0177477	145.856	0.807655	0
11.2115	0.017771	148.671	0.822618	0
11.211	0.018071	149.271	0.83248	0
11.213	0.0178371	146.372	0.8352	0
11.1902	0.0176045	147.539	0.830779	0
11.2022	0.0179946	147.655	0.838941	0
11.1951	0.0180785	148.022	0.827379	0
11.1873	0.0181651	147.855	0.819897	0
11.204	0.017615	149.471	0.809015	0
11.2192	0.0180322	148.238	0.842342	0
11.2197	0.0182393	148.155	0.829079	0
11.2117	0.0185001	146.905	0.831119	0
11.2147	0.0177594	148.272	0.839961	0
11.2067	0.0182258	148.255	0.809015	0
11.2005	0.0178967	148.305	0.827379	0
11.2175	0.0183067	148.938	0.824998	0
11.2239	0.0181033	146.672	0.809695	0
11.2004	0.0182446	146.805	0.852543	0
11.1891	0.0181916	146.722	0.83384	0
11.1994	0.0180613	147.389	0.841661	0
11.1899	0.0177768	147.205	0.83316	0
11.1994	0.0181884	148.072	0.826018	0
11.2424	0.0179884	147.139	0.831459	0
11.2323	0.0179098	148.555	0.811736	0
11.2029	0.0176303	148.038	0.818877	0
11.2198	0.0178543	148.805	0.805955	0
11.2346	0.0180362	147.589	0.829419	0
11.2036	0.0179949	146.939	0.827039	0
11.1985	0.0176728	149.738	0.83282	0
11.2433	0.0179337	147.472	0.826699	0
11.2513	0.0181439	147.422	0.861045	0
11.2006	0.0179208	147.605	0.838601	0
11.1777	0.0179601	145.556	0.815136	0
11.2126	0.0180021	147.289	0.840981	0
11.2124	0.0181767	147.055	0.820237	0
11.1753	0.0178554	148.705	0.829419	0
0	0	0	0	0
0	0	0	0	0
0	0	0	0	0
0	0	0	0	0
0	0	0	0	0
0	0	0	0	0
0	0	0	0	0
0	0	0	0	0
0	0	0	0	0
0	0	0	0	0
0	0	0	0	0
0	0	0	0	0
0	0	0	0	0
0	0	0	0	0
0	0	0	0	0
0	0	0	0	0
0	0	0	0	0
0	0	0	0	0
0	0	0	0	0
0	0	0	0	0
0	0	0	0	0
0	0	0	0	0
0	0	0	0	0
0	0	0	0	0
0	0	0	0	0
0	0	0	0	0
0	0	0	0	0
0	0	0	0	0
0	0	0	0	0
0	0	0	0	0
0	0	0	0	0
0	0	0	0	0
0	0	0	0	0
0	0	0	0	0
0	0	0	0	0
0	0	0	0	0
0	0	0	0	0
0	0	0	0	0
0	0	0	0	0
0	0	0	0	0
0	0	0	0	0
0	0	0	0	0
0	0	0	0	0
0	0	0	0	0
0	0	0	0	0
0	0	0	0	0
0	0	0	0	0
0	0	0	0	0
0	0	0	0	0
0	0	0	0	0
0	0	0	0	0
0	0	0	0	0
0	0	0	0	0
0	0	0	0	0
0	0	0	0	0
0	0	0	0	0
0	0	0	0	0
0	0	0	0	0
0	0	0	0	0
0	0	0	0	0
0	0	0	0	0
0	0	0	0	0
0	0	0	0	0
0	0	0	0	0
0	0	0	0	0
0	0	0	0	0
0	0	0	0	0
0	0	0	0	0
0	0	0	0	0
0	0	0	0	0
0	0	0	0	0
0	0	0	0	0
0	0	0	0	0
0	0	0	0	0
0	0	0	0	0
0	0	0	0	0
0	0	0	0	0
0	0	0	0	0
0	0	0	0	0
0	0	0	0	0
0	0	0	0	0
0	0	0	0	0
0	0	0	0	0
0	0	0	0	0
0	0	0	0	0
0	0	0	0	0
0	0	0	0	0
0	0	0	0	0
0	0	0	0	0
0	0	0	0	0
0	0	0	0	0
0	0	0	0	0
0	0	0	0	0
0	0	0	0	0
0	0	0	0	0
0	0	0	0	0
0	0	0	0	0
0	0	0	0	0
0	0	0	0	0
0	0	0	0	0
0	0	0	0	0
0	0	0	0	0
0	0	0	0	0
0	0	0	0	0
0	0	0	0	0
0	0	0	0	0
0	0	0	0	0
0	0	0	0	0
0	0	0	0	0
0	0	0	0	0
0	0	0	0	0
0	0	0	0	0
0	0	0	0	0
0	0	0	0	0
0	0	0	0	0
0	0	0	0	0
0	0	0	0	0
0	0	0	0	0
0	0	0	0	0
0	0	0	0	0
0	0	0	0	0
0	0	0	0	0
0	0	0	0	0
0	0	0	0	0
0	0	0	0	0
0	0	0	0	0
0	0	0	0	0
0	0	0	0	0
0	0	0	0	0
0	0	0	0	0
0	0	0	0	0
0	0	0	0	0
0	0	0	0	0
0	0	0	0	0
0	0	0	0	0
0	0	0	0	0
0	0	0	0	0
0	0	0	0	0
0	0	0	0	0
0	0	0	0	0
0	0	0	0	0
0	0	0	0	0
0	0	0	0	0
0	0	0	0	0
0	0	0	0	0
0	0	0	0	0
0	0	0	0	0
0	0	0	0	0
0	0	0	0	0
0	0	0	0	0
0	0	0	0	0
0	0	0	0	0
0	0	0	0	0
0	0	0	0	0
0	0	0	0	0
0	0	0	0	0
0	0	0	0	0
0	0	0	0	0
0	0	0	0	0
0	0	0	0	0
0	0	0	0	0
0	0	0	0	0
0	0	0	0	0
0	0	0	0	0
0	0	0	0	0
0	0	0	0	0
0	0	0	0	0
0	0	0	0	0
0	0	0	0	0
0	0	0	0	0
0	0	0	0	0
0	0	0	0	0
0	0	0	0	0
0	0	0	0	0
0	0	0	0	0
0	0	0	0	0
0	0	0	0	0
0	0	0	0	0
0	0	0	0	0
0	0	0	0	0
0	0	0	0	0
0	0	0	0	0
0	0	0	0	0
0	0	0	0	0
0	0	0	0	0
0	0	0	0	0
0	0	0	0	0
0	0	0	0	0
0	0	0	0	0
0	0	0	0	0
0	0	0	0	0
0	0	0	0	0
0	0	0	0	0
0	0	0	0	0
0	0	0	0	0
0	0	0	0	0
0	0	0	0	0
0	0	0	0	0
0	0	0	0	0
0	0	0	0	0
0	0	0	0	0
0	0	0	0	0
0	0	0	0	0
0	0	0	0	0
0	0	0	0	0
0	0	0	0	0
0	0	0	0	0
0	0	0	0	0
0	0	0	0	0
0	0	0	0	0
0	0	0	0	0
0	0	0	0	0
0	0	0	0	0
0	0	0	0	0
0	0	0	0	0
0	0	0	0	0
0	0	0	0	0
0	0	0	0	0
0	0	0	0	0
0	0	0	0	0
0	0	0	0	0
0	0	0	0	0
0	0	0	0	0
0	0	0	0	0
0	0	0	0	0
0	0	0	0	0
0	0	0	0	0
0	0	0	0	0
0	0	0	0	0
0	0	0	0	0
0	0	0	0	0
0	0	0	0	0
0	0	0	0	0
0	0	0	0	0
0	0	0	0	0
0	0	0	0	0
0	0	0	0	0
0	0	0	0	0
0	0	0	0	0
0	0	0	0	0
0	0	0	0	0
0	0	0	0	0
0	0	0	0	0
0	0	0	0	0
0	0	0	0	0
0	0	0	0	0
0	0	0	0	0
0	0	0	0	0
0	0	0	0	0
0	0	0	0	0
0	0	0	0	0
0	0	0	0	0
0	0	0	0	0
0	0	0	0	0
0	0	0	0	0
0	0	0	0	0
0	0	0	0	0
0	0	0	0	0
0	0	0	0	0
0	0	0	0	0
0	0	0	0	0
0	0	0	0	0
0	0	0	0	0
0	0	0	0	0
0	0	0	0	0
0	0	0	0	0
0	0	0	0	0
0	0	0	0	0
0	0	0	0	0
0	0	0	0	0
0	0	0	0	0
0	0	0	0	0
0	0	0	0	0
0	0	0	0	0
0	0	0	0	0
0	0	0	0	0
0	0	0	0	0
0	0	0	0	0
0	0	0	0	0
0	0	0	0	0
0	0	0	0	0
0	0	0	0	0
0	0	0	0	0
0	0	0	0	0
0	0	0	0	0
0	0	0	0	0
0	0	0	0	0
0	0	0	0	0
0	0	0	0	0
0	0	0	0	0
0	0	0	0	0
0	0	0	0	0
0	0	0	0	0
0	0	0	0	0
0	0	0	0	0
0	0	0	0	0
0	0	0	0	0
0	0	0	0	0
0	0	0	0	0
0	0	0	0	0
0	0	0	0	0
0	0	0	0	0
0	0	0	0	0
0	0	0	0	0
0	0	0	0	0
0	0	0	0	0
0	0	0	0	0
0	0	0	0	0
0	0	0	0	0
0	0	0	0	0
0	0	0	0	0
0	0	0	0	0
0	0	0	0	0
0	0	0	0	0
0	0	0	0	0
0	0	0	0	0
0	0	0	0	0
0	0	0	0	0
0	0	0	0	0
0	0	0	0	0
0	0	0	0	0
0	0	0	0	0
0	0	0	0	0
0	0	0	0	0
0	0	0	0	0
0	0	0	0	0
0	0	0	0	0
0	0	0	0	0
0	0	0	0	0
0	0	0	0	0
0	0	0	0	0
0	0	0	0	0
0	0	0	0	0
0	0	0	0	0
0	0	0	0	0
0	0	0	0	0
0	0	0	0	0
0	0	0	0	0
0	0	0	0	0
0	0	0	0	0
0	0	0	0	0
0	0	0	0	0
0	0	0	0	0
0	0	0	0	0
0	0	0	0	0
0	0	0	0	0
0	0	0	0	0
0	0	0	0	0
0	0	0	0	0
0	0	0	0	0
0	0	0	0	0
0	0	0	0	0
0	0	0	0	0
0	0	0	0	0
0	0	0	0	0
0	0	0	0	0
0	0	0	0	0
0	0	0	0	0
0	0	0	0	0
0	0	0	0	0
0	0	0	0	0
0	0	0	0	0
0	0	0	0	0
0	0	0	0	0
0	0	0	0	0
0	0	0	0	0
0	0	0	0	0
0	0	0	0	0
0	0	0	0	0
0	0	0	0	0
0	0	0	0	0
0	0	0	0	0
0	0	0	0	0
0	0	0	0	0
0	0	0	0	0
0	0	0	0	0
0	0	0	0	0
0	0	0	0	0
0	0	0	0	0
0	0	0	0	0
0	0	0	0	0
0	0	0	0	0
0	0	0	0	0
0	0	0	0	0
0	0	0	0	0
0	0	0	0	0
0	0	0	0	0
0	0	0	0	0
0	0	0	0	0
0	0	0	0	0
0	0	0	0	0
0	0	0	0	0
0	0	0	0	0
0	0	0	0	0
0	0	0	0	0
0	0	0	0	0
0	0	0	0	0
0	0	0	0	0
0	0	0	0	0
0	0	0	0	0
