a2610916.350507
Narit-cm 09/01/2026 16:05:05 09/01/2026 16:35:05 0045 0013.384714 0052.542598 00.0 00.0
0002401 0010 0000000 0010 05 0000000 0010 0000000 0010
1 0 1 01600 1 0000 3.75 00000.o 0 0 01 000 16 002401 0.500 BT0
1 2 1 02000 1 0000 3.75 00000.o 0 0 01 000 16 002401 0.500 S2A0
1 1 1 01600 1 0000 3.75 00000.o 0 0 00 000 00 002401 3.1746 BC0
1 3 1 02000 1 0000 3.75 00000.o 0 0 00 000 00 002401 3.1746 S2P0
1 5 0 01600 0 0000 1.00 00000.o 0 0 00 000 00 000000 0.000 OF0
0.000 .o Analog 0 	0.000 .o Analog StErr 0 	0.000 .o Photon Counting 0 	0.000 .o PC StErr 0 	0.000 .o Overflow Info 0 
32.8408	0.156333	182.924	0.896752	0
65.6697	0.321687	192.803	0.891651	0
240.939	2.10007	116.018	1.32217	0
471.209	0.17605	1.54935	0.162891	0
473.457	2.37396E-5	0	0	0
473.457	0	0.499792	0.099299	0
473.457	9.01586E-6	56.06	1.02428	0
473.457	9.01586E-6	42.2824	0.921577	0
473.457	0	7.34694	0.379853	0
473.457	9.01586E-6	21.2745	0.567569	0
473.457	9.01586E-6	58.1258	0.869547	0
473.457	0	116.352	1.03992	0
473.457	0	170.912	1.00863	0
473.457	0	147.205	1.07019	0
473.457	9.01586E-6	100.325	0.947422	0
473.457	0	86.5306	0.890631	0
473.457	0	96.0433	0.926338	0
473.457	0	102.174	0.912395	0
473.457	0	110.787	0.919536	0
473.457	0	112.387	0.918516	0
473.457	0	122.915	0.911035	0
473.457	0	140.975	0.925658	0
473.457	6.3565E-6	162.832	0.881109	0
473.457	0	179.925	0.891991	0
473.457	0	190.504	0.901513	0
473.457	0	197.268	0.88417	0
473.457	6.3565E-6	199.517	0.863766	0
473.457	0	199.284	0.897432	0
473.457	0	198.384	0.890291	0
473.457	0	197.584	0.869207	0
473.501	0.0193169	196.285	0.883489	1
473.602	0.0397758	196.885	0.875328	1
476.36	0.15321	195.802	0.891991	1
496.117	0.177618	194.119	0.866826	1
500	0	196.152	0.877028	1
500	0	196.102	0.881789	1
500	0	195.402	0.882809	1
499.998	0.00196695	195.169	0.871247	1
499.908	0.0300047	196.968	0.869887	1
498.94	0.0997424	193.669	0.876008	1
485.059	0.310913	195.435	0.882129	1
454.526	0.372026	195.335	0.895392	1
423.584	0.374772	197.718	0.866826	0
392.789	0.378824	194.536	0.839621	0
362.885	0.387556	195.302	0.868186	0
333.617	0.401671	195.702	0.874988	0
304.615	0.40804	195.452	0.880769	0
276.647	0.414619	194.719	0.872607	0
249.576	0.427725	195.519	0.88451	0
222.755	0.440065	194.619	0.867506	0
196.31	0.455497	195.885	0.864106	0
170.215	0.463598	197.434	0.896752	0
144.906	0.453562	197.568	0.867166	0
121.584	0.427015	195.602	0.863086	0
100.741	0.390494	195.285	0.859685	0
82.6478	0.348026	195.369	0.869207	0
67.5349	0.296574	196.252	0.864106	0
55.17	0.245638	194.269	0.842342	0
45.3547	0.202108	194.552	0.861045	0
37.8555	0.162967	193.319	0.851183	0
32.0838	0.128979	193.07	0.864786	0
27.5956	0.103043	188.755	0.823978	0
24.2171	0.0823043	189.738	0.831119	0
21.7242	0.066139	187.122	0.854244	0
19.8251	0.0553684	186.489	0.866146	0
18.3177	0.0469893	184.79	0.858665	0
17.2073	0.0399144	183.274	0.854924	0
16.3772	0.0355661	181.874	0.838261	0
15.6599	0.0330344	181.808	0.844722	0
15.0581	0.0319437	176.96	0.845742	0
14.6348	0.0307178	177.226	0.851863	0
14.3221	0.0297623	176.11	0.846422	0
14.0436	0.0281397	176.676	0.856284	0
13.7971	0.0287559	173.511	0.848123	0
13.6182	0.0278643	173.061	0.853224	0
13.4598	0.0268111	171.845	0.855944	0
13.3536	0.0268487	171.512	0.850163	0
13.275	0.0272211	170.079	0.83486	0
13.1416	0.0266471	170.479	0.851523	0
13.0211	0.0263643	169.113	0.848803	0
12.9991	0.0263004	168.313	0.83282	0
12.996	0.0261237	168.813	0.842682	0
12.9329	0.0259969	168.596	0.83214	0
12.8644	0.0260848	168.063	0.838941	0
12.8936	0.025335	166.714	0.848463	0
12.8896	0.025347	167.314	0.844042	0
12.8388	0.025823	168.08	0.849143	0
12.8333	0.0250027	165.564	0.849823	0
12.8255	0.0248856	165.631	0.859005	0
12.7901	0.0247639	166.514	0.845062	0
12.7975	0.0247601	166.781	0.857985	0
12.8042	0.0246817	166.114	0.8318	0
12.7606	0.0249625	165.481	0.857304	0
12.745	0.0242172	164.382	0.842342	0
12.7621	0.0243504	163.465	0.840641	0
12.7251	0.0245546	165.314	0.850503	0
12.6725	0.0244705	164.315	0.817177	0
12.6692	0.0236545	163.532	0.840981	0
12.6759	0.0234366	162.549	0.847443	0
12.6408	0.0241748	164.581	0.830099	0
12.6302	0.023012	163.782	0.855264	0
12.658	0.0234041	163.382	0.845742	0
12.623	0.0231052	163.932	0.845062	0
12.5942	0.0226628	162.899	0.851183	0
12.5793	0.0225331	162.099	0.837921	0
12.5792	0.0232929	161.249	0.840641	0
12.6202	0.0234048	163.365	0.8352	0
12.6378	0.0233678	162.199	0.83248	0
12.5939	0.0223308	161.016	0.839621	0
12.5454	0.0225077	162.749	0.857304	0
12.5393	0.0225819	160.4	0.840301	0
12.5327	0.0224104	160.95	0.83418	0
12.5383	0.0223678	161.916	0.826018	0
12.5468	0.0218509	162.732	0.83282	0
12.517	0.0224126	161.799	0.853904	0
12.4977	0.0223347	161	0.839621	0
12.5091	0.0224917	161.383	0.83486	0
12.4938	0.0225	162.132	0.855604	0
12.4599	0.0219866	160.85	0.849483	0
12.4508	0.0217678	162.566	0.842682	0
12.4234	0.0214097	158.184	0.840301	0
12.4163	0.0218006	159.8	0.839961	0
12.4435	0.022209	159.3	0.846422	0
12.4384	0.0218767	161.249	0.842682	0
12.4314	0.0220599	158.917	0.821598	0
12.4339	0.0212582	160.1	0.842342	0
12.4337	0.0217099	159.717	0.865466	0
12.4286	0.0214556	159.484	0.842682	0
12.3978	0.0210733	158.401	0.817517	0
12.3861	0.0213553	160.067	0.840981	0
12.3683	0.0212591	157.751	0.858325	0
12.3306	0.0212968	158.85	0.8352	0
12.3311	0.0209755	160.35	0.842682	0
12.3023	0.0211221	159.35	0.846422	0
12.2986	0.0207125	158.567	0.831459	0
12.307	0.020683	159.467	0.841321	0
12.2797	0.0204649	159.4	0.8369	0
12.2796	0.0207592	159.683	0.849143	0
12.2631	0.020946	157.135	0.83248	0
12.2351	0.0211513	158.567	0.843362	0
12.2411	0.021018	159.334	0.831119	0
12.2088	0.0206862	159.017	0.846082	0
12.1716	0.0207439	158.034	0.839621	0
12.2012	0.0209817	158.867	0.840641	0
12.2069	0.0207019	157.934	0.837241	0
12.154	0.0206721	159.384	0.837921	0
12.1488	0.0204772	158.95	0.839621	0
12.1707	0.0205307	158.9	0.83554	0
12.1736	0.0207533	157.934	0.838941	0
12.1452	0.0208386	157.851	0.837581	0
12.1158	0.0203052	157.884	0.841321	0
12.1125	0.0203409	156.618	0.83486	0
12.1057	0.0207345	156.635	0.822618	0
12.0852	0.0202412	156.401	0.826358	0
12.0672	0.0206836	156.685	0.827719	0
12.0298	0.020541	159	0.856964	0
11.9941	0.0201986	157.468	0.848463	0
12.002	0.0200386	158.934	0.830779	0
12.0083	0.0199228	157.851	0.841661	0
11.9662	0.0203631	157.518	0.848803	0
11.9364	0.0203687	156.851	0.842001	0
11.9217	0.0197279	157.584	0.826018	0
11.9129	0.0191756	156.252	0.854244	0
11.9143	0.0200033	156.335	0.831459	0
11.8972	0.0194898	158.017	0.816157	0
11.8568	0.0191811	156.968	0.827719	0
11.8408	0.0197941	154.736	0.849143	0
11.8398	0.0197882	156.551	0.861385	0
11.8106	0.0192811	156.202	0.840641	0
11.778	0.0189823	156.335	0.838261	0
11.7717	0.0194584	156.735	0.854244	0
11.7415	0.0199276	157.018	0.846082	0
11.6926	0.0193033	155.019	0.873628	0
11.672	0.019207	155.685	0.824998	0
11.6689	0.0189428	155.485	0.829759	0
11.6522	0.0191723	154.602	0.838601	0
11.6273	0.0194294	157.818	0.849143	0
11.6103	0.0193623	153.969	0.857304	0
11.5983	0.0195656	154.336	0.821938	0
11.582	0.0188924	156.018	0.843022	0
11.5731	0.0187702	154.686	0.843362	0
11.5466	0.0186192	155.135	0.83214	0
11.4911	0.0192038	155.019	0.83214	0
11.4687	0.0189251	154.985	0.853564	0
11.4556	0.0193312	153.219	0.845062	0
11.4339	0.0191321	154.536	0.838261	0
11.4178	0.0184958	155.552	0.8352	0
11.3776	0.0184468	155.002	0.843022	0
11.3647	0.0185813	155.119	0.817517	0
11.3596	0.0191313	154.336	0.842001	0
11.3184	0.0184754	154.619	0.8335	0
11.3157	0.0185973	153.903	0.827379	0
11.3043	0.0189854	151.27	0.845062	0
11.2624	0.0178741	153.07	0.83452	0
11.2154	0.0185952	152.97	0.823298	0
11.1856	0.0189383	153.419	0.840981	0
11.1809	0.0186921	152.32	0.840981	0
11.1599	0.0186697	153.886	0.827039	0
11.1235	0.0186986	153.736	0.847102	0
11.0854	0.0183536	151.87	0.864786	0
11.064	0.0181701	151.687	0.83418	0
11.042	0.0184719	152.603	0.839281	0
11.0331	0.018761	152.67	0.844042	0
11.0431	0.01828	151.737	0.817517	0
11.0005	0.0180306	151.737	0.866146	0
10.9637	0.0185271	150.637	0.842342	0
10.9586	0.0180547	152.12	0.826358	0
10.9358	0.0179167	151.787	0.813436	0
10.8874	0.0179199	151.887	0.819217	0
10.8639	0.0181853	151.17	0.845742	0
10.8397	0.0183647	151.054	0.846082	0
10.8038	0.0179565	150.354	0.840641	0
10.798	0.0179906	152.187	0.847102	0
10.7815	0.0181743	149.138	0.831459	0
10.7404	0.0185617	151.287	0.841321	0
10.7078	0.0178657	150.937	0.821257	0
10.6833	0.0182775	149.971	0.830439	0
10.688	0.0180439	149.671	0.837921	0
10.6559	0.0180462	149.571	0.83452	0
10.621	0.0177507	149.421	0.831119	0
10.6389	0.0176468	148.205	0.853564	0
10.6139	0.0178729	149.838	0.853904	0
10.5672	0.0173474	149.704	0.838941	0
10.5735	0.0178581	149.888	0.828399	0
10.5738	0.0174709	149.504	0.866146	0
10.5223	0.0177131	148.738	0.83214	0
10.5029	0.0176049	149.571	0.821257	0
10.5061	0.0177935	149.671	0.83282	0
10.465	0.0175975	147.638	0.851863	0
10.4183	0.0173274	147.838	0.862405	0
10.4256	0.0176846	148.871	0.852884	0
10.4115	0.0171551	148.455	0.824998	0
10.3684	0.0176531	149.371	0.829759	0
10.3644	0.0175543	147.772	0.844382	0
10.3485	0.017938	147.289	0.838941	0
10.3013	0.0174611	147.572	0.83282	0
10.299	0.0170977	148.338	0.83248	0
10.3089	0.0177705	147.589	0.837921	0
10.2705	0.0179157	146.889	0.853224	0
10.242	0.0174166	148.288	0.849823	0
10.2506	0.0168771	147.072	0.839281	0
10.2138	0.0171178	146.639	0.846762	0
10.1699	0.0175331	146.789	0.840301	0
10.169	0.0172606	146.639	0.826358	0
10.1641	0.0174646	146.456	0.845402	0
10.1388	0.0172047	147.122	0.83452	0
10.0991	0.0171526	146.039	0.825338	0
10.109	0.0173021	146.706	0.815476	0
10.1262	0.0170727	145.09	0.838601	0
10.0708	0.0171445	145.323	0.8352	0
10.0354	0.0168641	146.872	0.816497	0
10.0585	0.0170725	145.539	0.842342	0
10.0579	0.0168636	147.522	0.83384	0
10.0046	0.0168632	146.556	0.8352	0
10.002	0.0168968	146.189	0.843702	0
10.0074	0.01693	146.172	0.831119	0
9.93747	0.0172104	145.439	0.827379	0
9.91765	0.0169673	145.14	0.847443	0
9.93927	0.0168605	145.523	0.846422	0
9.92276	0.0173413	145.223	0.853224	0
9.90346	0.0165673	144.973	0.826018	0
9.90492	0.0166997	145.473	0.837921	0
9.8921	0.0168971	145.173	0.852203	0
9.87033	0.0174536	145.573	0.849823	0
9.84879	0.0170806	144.74	0.844722	0
9.82219	0.0170917	145.706	0.848463	0
9.78231	0.0164999	144.307	0.827039	0
9.76524	0.0165538	143.69	0.831459	0
9.77337	0.0169902	145.14	0.83418	0
9.76771	0.0167617	144.057	0.852543	0
9.75926	0.0167428	144.19	0.840641	0
9.75836	0.0162363	142.857	0.845062	0
9.72686	0.0167253	143.69	0.843362	0
9.69586	0.0158819	144.606	0.829419	0
9.69006	0.0162767	143.29	0.847443	0
9.67352	0.0165778	144.49	0.83316	0
9.67011	0.0164752	143.357	0.843022	0
9.65806	0.0162463	143.557	0.837921	0
9.64435	0.0164477	144.057	0.837241	0
9.6559	0.0168239	143.74	0.842342	0
9.62064	0.0167276	142.591	0.845742	0
9.59131	0.0161826	144.057	0.831459	0
9.59179	0.0165887	144.073	0.828399	0
9.57985	0.0162811	141.358	0.812416	0
9.5703	0.0160315	142.574	0.811736	0
9.57786	0.0160393	142.374	0.825338	0
9.56896	0.015835	142.94	0.844042	0
9.57947	0.0165586	142.707	0.847783	0
9.57525	0.0164712	141.874	0.819217	0
9.51692	0.0162507	141.324	0.845742	0
9.49947	0.016157	143.474	0.846082	0
9.51128	0.0162928	141.591	0.83588	0
9.49515	0.0159884	141.841	0.8318	0
9.48885	0.0158656	142.041	0.831119	0
9.45983	0.0162331	140.075	0.83214	0
9.45112	0.0161392	142.824	0.847102	0
9.50261	0.0165113	141.941	0.830439	0
9.46254	0.016102	141.358	0.820577	0
9.40497	0.016411	142.074	0.813436	0
9.43923	0.0159096	142.274	0.855944	0
9.4336	0.0161885	142.724	0.837241	0
9.40527	0.0164264	142.174	0.845402	0
9.4205	0.0158466	142.541	0.841321	0
9.40638	0.0162465	142.824	0.864786	0
9.38707	0.0159164	141.458	0.823638	0
9.39467	0.0160202	142.574	0.843702	0
9.39923	0.0158992	141.474	0.821938	0
9.36101	0.0159788	141.158	0.83656	0
9.32161	0.0158711	140.625	0.837581	0
9.35042	0.0160364	141.241	0.827039	0
9.36447	0.0158411	141.241	0.826358	0
9.32486	0.0160356	143.157	0.842342	0
9.32583	0.0156716	140.758	0.839281	0
9.32201	0.0159504	141.224	0.830439	0
9.28026	0.0159977	140.108	0.813776	0
9.26412	0.0157437	140.591	0.83554	0
9.29543	0.0160254	140.591	0.822618	0
9.29061	0.0160125	139.708	0.831119	0
9.2651	0.0158837	141.491	0.83248	0
9.2633	0.0158804	141.324	0.83384	0
9.23584	0.0156401	139.775	0.83282	0
9.21835	0.0157381	140.558	0.824318	0
9.23535	0.0155073	142.257	0.839281	0
9.22862	0.0156172	140.058	0.853224	0
9.2105	0.015857	140.058	0.829759	0
9.20924	0.0157447	140.641	0.812076	0
9.20296	0.0160134	139.259	0.83452	0
9.17696	0.0155729	139.225	0.825338	0
9.17347	0.0160325	140.392	0.83588	0
9.17353	0.0158322	139.509	0.853224	0
9.16192	0.0159698	140.042	0.850843	0
9.16279	0.0152393	140.375	0.83316	0
9.16752	0.0158016	141.041	0.868867	0
9.16728	0.0156174	139.858	0.845742	0
9.16046	0.0156704	139.658	0.841661	0
9.17031	0.0155638	139.242	0.815816	0
9.15747	0.015492	139.625	0.841661	0
9.1416	0.0155238	139.425	0.827719	0
9.15052	0.0157012	140.342	0.842001	0
9.14364	0.0155044	140.775	0.845062	0
9.12223	0.0156297	139.359	0.83282	0
9.14834	0.0156914	140.175	0.823638	0
9.14916	0.0156032	140.591	0.845402	0
9.09955	0.0154303	139.125	0.83486	0
9.08851	0.0154465	138.859	0.846762	0
9.09846	0.0154392	140.841	0.83384	0
9.10113	0.0155379	140.275	0.827039	0
9.09451	0.0150451	139.725	0.848463	0
9.09614	0.0155417	138.426	0.819217	0
9.12081	0.015636	140.058	0.859685	0
9.10648	0.0151343	140.525	0.847102	0
9.07821	0.0153492	138.842	0.856624	0
9.08194	0.0154126	136.76	0.807315	0
9.05604	0.0149879	139.192	0.816157	0
9.03854	0.0153062	139.059	0.837921	0
9.04896	0.0152509	140.275	0.843362	0
9.05004	0.01559	138.792	0.83316	0
9.03433	0.0154141	138.192	0.851183	0
9.02788	0.0152368	139.592	0.846422	0
9.01627	0.0153828	139.392	0.841661	0
9.00737	0.0150674	139.875	0.830439	0
9.00822	0.0150822	137.309	0.828739	0
9.00327	0.0151749	138.859	0.850163	0
8.99948	0.0151674	138.126	0.846762	0
9.00344	0.0153955	140.392	0.83248	0
8.98063	0.0152552	137.809	0.847783	0
8.95558	0.0150807	136.71	0.830099	0
8.96151	0.0149735	138.992	0.853904	0
8.94763	0.0150981	138.292	0.848803	0
8.92737	0.0150462	137.693	0.828059	0
8.93346	0.0153787	137.409	0.838261	0
8.917	0.0152526	138.076	0.837581	0
8.9187	0.0155319	137.693	0.825338	0
8.9288	0.0152524	137.826	0.830439	0
8.90513	0.0152437	137.426	0.811736	0
8.88829	0.0154095	137.226	0.840981	0
8.89953	0.0152904	136.943	0.825338	0
8.90822	0.0150905	138.492	0.840981	0
8.88838	0.0148957	138.292	0.83418	0
8.89031	0.0150486	137.11	0.83588	0
8.90599	0.0152867	137.16	0.844722	0
8.88877	0.0151682	137.726	0.813096	0
8.88096	0.0154693	139.575	0.830439	0
8.88677	0.0150286	137.459	0.844722	0
8.87415	0.0150816	137.043	0.831459	0
8.87222	0.0149966	138.526	0.843022	0
8.85093	0.0153891	138.559	0.823298	0
8.86602	0.0156879	138.875	0.854244	0
8.89649	0.0153027	138.526	0.845742	0
8.85784	0.0152192	137.776	0.854584	0
8.83025	0.0152582	136.643	0.846422	0
8.85388	0.015089	137.726	0.810715	0
8.86717	0.0147106	137.01	0.849483	0
8.85618	0.0151636	138.476	0.862745	0
8.83698	0.0152376	136.077	0.846082	0
8.84313	0.0153422	137.793	0.840641	0
8.84578	0.0152821	137.343	0.845742	0
8.83912	0.0151182	137.293	0.843022	0
8.84457	0.0151942	137.226	0.828059	0
8.84773	0.0153885	137.226	0.800173	0
8.84004	0.0149956	136.443	0.839621	0
8.83453	0.0151026	137.01	0.860025	0
8.83138	0.0149239	138.176	0.846422	0
8.81182	0.0150035	137.759	0.845402	0
8.80145	0.0146357	137.426	0.842342	0
8.80402	0.0147278	136.177	0.8318	0
8.79432	0.0151863	137.076	0.8369	0
8.78367	0.0152718	136.21	0.817517	0
8.78027	0.0151093	135.643	0.837241	0
8.78132	0.0153631	137.859	0.838601	0
8.78171	0.0151252	137.193	0.83486	0
8.77158	0.0150748	136.976	0.814456	0
8.76243	0.0146334	135.577	0.838261	0
8.77831	0.0148153	138.742	0.829419	0
8.78055	0.0147624	135.56	0.825338	0
8.75236	0.0148797	137.326	0.83486	0
8.75051	0.014716	136.177	0.822958	0
8.74849	0.0146304	136.61	0.826699	0
8.74082	0.0148821	136.36	0.855604	0
8.7338	0.0149223	135.144	0.828399	0
8.74971	0.0148796	136.426	0.840301	0
8.77236	0.0149943	136.76	0.819897	0
8.73595	0.014821	136.91	0.837921	0
8.70366	0.0149176	136.06	0.829759	0
8.70953	0.0150025	134.577	0.825338	0
8.70637	0.0150868	137.026	0.8335	0
8.68991	0.0145935	135.327	0.853224	0
8.67971	0.0146234	136.51	0.828059	0
8.67456	0.0150946	135.21	0.821598	0
8.69016	0.0153208	134.877	0.83214	0
8.69539	0.0149719	136.143	0.856284	0
8.67919	0.0148095	134.86	0.821257	0
8.67365	0.0143532	135.96	0.83282	0
8.67149	0.0149979	135.294	0.821598	0
8.67069	0.0146324	135.244	0.831119	0
8.67808	0.0151184	134.977	0.828059	0
8.67426	0.0147632	136.893	0.852543	0
8.67554	0.0148971	133.928	0.83282	0
8.68043	0.014859	134.361	0.846082	0
8.65945	0.0147796	135.96	0.813436	0
8.63948	0.0145923	135.06	0.838941	0
8.65581	0.0145548	136.243	0.813436	0
8.65498	0.0148031	136.66	0.8352	0
8.65164	0.014854	136.626	0.831119	0
8.65053	0.0145631	134.827	0.8369	0
8.63715	0.0146891	135.444	0.840641	0
8.64958	0.0147501	136.31	0.852203	0
8.65545	0.0148762	137.126	0.83588	0
8.64768	0.0148374	135.46	0.817177	0
8.64854	0.0145414	135.194	0.83214	0
8.62357	0.0144786	134.411	0.831459	0
8.61283	0.0147928	135.943	0.821938	0
8.62324	0.0145811	134.211	0.842342	0
8.63472	0.0146219	134.694	0.837241	0
8.63773	0.0146416	136.243	0.813096	0
8.61951	0.0147603	134.077	0.820577	0
8.62126	0.0147837	136.243	0.83316	0
8.63714	0.0145797	136.393	0.841661	0
8.61718	0.0144791	134.377	0.854244	0
8.61224	0.0143605	135.144	0.856284	0
8.60965	0.0145668	135.877	0.826358	0
8.61107	0.0146443	136.31	0.83418	0
8.62711	0.0144456	135.41	0.858665	0
8.60634	0.0146707	135.044	0.851183	0
8.60322	0.0145563	134.761	0.816497	0
8.61114	0.0145993	135.627	0.821257	0
8.5968	0.0145746	134.177	0.837921	0
8.60704	0.0148542	135.194	0.853224	0
8.60332	0.0146347	136.093	0.824658	0
8.58569	0.0149565	137.259	0.837241	0
8.60985	0.0144212	136.726	0.843022	0
8.60633	0.0145333	134.644	0.848463	0
8.58901	0.0147906	135.544	0.814456	0
8.60255	0.014582	134.761	0.826018	0
8.60002	0.0144847	135.427	0.83452	0
8.59201	0.0147389	136.26	0.823298	0
8.61197	0.0145788	136.676	0.829079	0
8.6076	0.0143317	136.493	0.8335	0
8.59086	0.0148406	136.027	0.827379	0
8.59239	0.0150758	134.294	0.821598	0
8.59198	0.0143846	134.494	0.826699	0
8.58925	0.0147922	136.31	0.827719	0
8.59961	0.0143956	136.093	0.845742	0
8.59996	0.01472	135.044	0.841321	0
8.57686	0.0144313	134.427	0.861385	0
8.56769	0.014879	134.361	0.849823	0
8.57554	0.0149316	134.81	0.842682	0
8.56704	0.0143519	133.994	0.826018	0
8.56298	0.0143555	133.728	0.845742	0
8.58075	0.0148801	134.644	0.839961	0
8.57567	0.0145317	135.344	0.825678	0
8.56781	0.0148208	135.094	0.845062	0
8.57525	0.0146715	135.077	0.843362	0
8.57127	0.0145236	134.127	0.83384	0
8.5686	0.0147502	133.978	0.826699	0
8.56165	0.0143562	134.244	0.841661	0
8.55757	0.0147121	133.794	0.831119	0
8.56026	0.0145415	134.127	0.817177	0
8.5578	0.0144398	134.661	0.823638	0
8.57229	0.0142376	134.877	0.831459	0
8.57763	0.0144256	134.96	0.819217	0
8.56981	0.0145489	134.894	0.830779	0
8.55509	0.0146496	134.477	0.855604	0
8.54077	0.0148208	133.794	0.83418	0
8.55347	0.0143507	135.11	0.845062	0
8.56789	0.0146356	134.394	0.830099	0
8.53596	0.0145044	134.177	0.817177	0
8.52786	0.0143401	133.828	0.856964	0
8.54181	0.0144	133.728	0.843702	0
8.53685	0.0145349	135.044	0.840981	0
8.54816	0.0149766	134.894	0.826358	0
8.55581	0.0145459	135.127	0.815816	0
8.54008	0.014363	135.444	0.824318	0
8.5207	0.0146072	134.177	0.823298	0
8.53527	0.0146615	134.711	0.830099	0
8.54722	0.0140924	134.044	0.837921	0
8.5365	0.0147248	134.644	0.842001	0
8.52996	0.0143494	134.777	0.829079	0
8.54065	0.014441	134.877	0.848123	0
8.5697	0.014496	134.127	0.83248	0
8.5515	0.0146445	136.66	0.838261	0
8.51198	0.0146711	133.828	0.830099	0
8.51906	0.0147723	133.778	0.847102	0
8.535	0.014779	134.144	0.8318	0
8.52575	0.0146635	135.01	0.844042	0
8.52132	0.0145232	135.377	0.839281	0
8.51404	0.0144214	133.211	0.837241	0
8.51632	0.0145323	134.777	0.823638	0
8.52802	0.0144374	135.877	0.83316	0
8.53642	0.0146964	134.927	0.848463	0
8.5375	0.0148291	136.16	0.847443	0
8.51712	0.0146429	133.711	0.828399	0
8.5065	0.0144557	135.51	0.815476	0
8.53885	0.0145733	134.544	0.812416	0
8.54932	0.0143979	133.894	0.860365	0
8.51598	0.014305	134.661	0.838601	0
8.51663	0.0145955	134.711	0.852203	0
8.51961	0.0141933	135.294	0.828399	0
8.50203	0.0141405	134.444	0.847783	0
8.51492	0.0142006	135.327	0.829419	0
8.52322	0.0146155	133.328	0.821598	0
8.51597	0.0146599	134.727	0.828399	0
8.51835	0.0143863	132.228	0.822278	0
8.51077	0.0140819	132.945	0.853224	0
8.5113	0.0142113	134.661	0.820917	0
8.51413	0.0144096	133.778	0.817177	0
8.49955	0.0146397	135.977	0.857304	0
8.47364	0.0143844	132.511	0.83452	0
8.49004	0.0144429	135.244	0.845742	0
8.51366	0.0147709	133.511	0.841661	0
8.49522	0.014329	134.794	0.813776	0
8.51209	0.0145832	135.144	0.844382	0
8.50927	0.0142894	135.11	0.83622	0
8.48706	0.014381	133.678	0.837581	0
8.52484	0.0146113	135.027	0.828739	0
8.531	0.0148657	135.677	0.827379	0
8.49128	0.0146955	132.778	0.822618	0
8.49741	0.0145537	134.844	0.847102	0
8.51528	0.01455	134.344	0.856284	0
8.50777	0.014533	135.41	0.821938	0
8.49338	0.0143371	134.327	0.839621	0
8.49387	0.0147974	133.844	0.83452	0
8.50593	0.0144938	133.528	0.83452	0
8.50006	0.0145666	134.161	0.8318	0
8.48938	0.0142805	134.761	0.810375	0
8.4908	0.0143831	134.377	0.844382	0
8.50001	0.0141134	134.294	0.830779	0
8.49716	0.0144801	132.961	0.843362	0
8.4863	0.0143516	134.594	0.83656	0
8.49133	0.0142397	133.894	0.825678	0
8.49106	0.0143951	134.261	0.83554	0
8.48524	0.0138919	135.627	0.83214	0
8.49431	0.0142204	133.594	0.809015	0
8.49054	0.014252	135.843	0.824998	0
8.47526	0.0139306	132.528	0.851863	0
8.47877	0.0139905	134.077	0.818537	0
8.47542	0.0143465	133.711	0.842001	0
8.47197	0.0143665	134.527	0.83554	0
8.49438	0.01405	133.961	0.827039	0
8.47379	0.0143742	133.261	0.830439	0
8.45532	0.0142062	134.544	0.825678	0
8.50028	0.0144758	133.661	0.8369	0
8.4859	0.0144666	133.944	0.815476	0
8.45368	0.014001	134.86	0.83554	0
8.48302	0.0145207	133.578	0.820237	0
8.4724	0.014549	133.928	0.842682	0
8.45506	0.0141518	134.344	0.827379	0
8.4856	0.0140618	133.778	0.839281	0
8.49079	0.0141556	133.244	0.847783	0
8.49236	0.0142617	133.744	0.83282	0
8.50229	0.0142061	134.677	0.847443	0
8.46647	0.0143798	132.961	0.823638	0
8.44947	0.01444	135.527	0.840641	0
8.48521	0.0145382	134.044	0.839621	0
8.47899	0.0144411	132.195	0.840981	0
8.46471	0.0142294	134.91	0.847783	0
8.48427	0.0143372	135.194	0.844722	0
8.47075	0.0143243	133.628	0.839621	0
8.46079	0.0143422	133.811	0.83588	0
8.48926	0.0142908	134.561	0.844042	0
8.49186	0.0146124	134.377	0.824658	0
8.46797	0.014728	135.943	0.813436	0
8.46021	0.0142907	132.695	0.840641	0
8.47158	0.0143768	133.828	0.827719	0
8.47048	0.0141833	133.644	0.821598	0
8.4509	0.0144166	133.978	0.823638	0
8.44345	0.0145515	135.094	0.843702	0
8.46211	0.0144861	134.594	0.823298	0
8.4771	0.0147357	133.894	0.824998	0
8.48325	0.0144472	135.094	0.849483	0
8.47193	0.0144239	135.094	0.838601	0
8.45948	0.0142923	134.127	0.838941	0
8.47517	0.0140094	135.044	0.816157	0
8.47389	0.0140996	134.461	0.843362	0
8.47145	0.0144311	134.211	0.829419	0
8.46816	0.014355	134.044	0.83588	0
8.45122	0.014591	133.511	0.843362	0
8.45481	0.014412	133.511	0.815476	0
8.46062	0.0145303	132.578	0.848123	0
8.44948	0.0145705	135.06	0.845402	0
8.46454	0.0144095	134.677	0.819897	0
8.47143	0.0143216	133.561	0.820917	0
8.45642	0.0143923	133.661	0.828059	0
8.46378	0.0146927	133.128	0.83452	0
8.47247	0.0145679	134.144	0.829419	0
8.4734	0.014488	133.195	0.828399	0
8.47104	0.0148027	134.161	0.831459	0
8.47307	0.0144474	133.394	0.840301	0
8.46224	0.0146002	133.195	0.853224	0
8.44905	0.0147855	133.561	0.815816	0
8.45569	0.0145043	132.878	0.839961	0
8.45519	0.0143592	133.844	0.820577	0
8.45592	0.0146152	133.344	0.83554	0
8.45809	0.0146622	133.894	0.830439	0
8.45487	0.0143028	132.245	0.820237	0
8.45271	0.0149447	133.728	0.837581	0
8.44625	0.0145756	133.278	0.83214	0
8.44397	0.0140426	135.06	0.83282	0
8.46176	0.0145759	133.878	0.819557	0
8.46506	0.0145671	133.828	0.838941	0
8.45727	0.0146221	134.377	0.820237	0
8.45873	0.0141914	133.811	0.83622	0
8.46544	0.0143499	134.161	0.845402	0
8.46436	0.0147254	134.577	0.856964	0
8.46289	0.0142964	134.094	0.8352	0
8.4589	0.0145753	134.161	0.838601	0
8.4561	0.0146045	134.461	0.829419	0
8.45296	0.0141847	133.861	0.845742	0
8.45609	0.0145737	135.943	0.843702	0
8.4613	0.014667	133.844	0.842001	0
8.44332	0.0146837	134.81	0.850843	0
8.43908	0.0143217	132.678	0.851523	0
8.45537	0.0143813	134.844	0.847102	0
8.47207	0.0147267	134.877	0.83418	0
8.44872	0.0140533	135.777	0.83554	0
8.42727	0.0144304	134.611	0.83656	0
8.45303	0.0144953	134.277	0.846082	0
8.45673	0.0145044	134.127	0.841321	0
8.4198	0.0142569	133.411	0.831459	0
8.44683	0.0139947	133.628	0.837241	0
8.47546	0.0145893	134.294	0.806975	0
8.45052	0.0143427	133.328	0.803234	0
8.44621	0.0149542	134.627	0.826358	0
8.44961	0.0143773	134.377	0.842342	0
8.44846	0.014435	134.527	0.826358	0
8.45416	0.01454	134.794	0.840981	0
8.45576	0.0146126	133.211	0.83452	0
8.45006	0.0144382	135.777	0.813436	0
8.44964	0.0145039	133.195	0.816157	0
8.44527	0.0145718	134.044	0.839621	0
8.43381	0.0144286	133.844	0.829759	0
8.43999	0.0142421	134.644	0.852543	0
8.46041	0.0144522	134.161	0.818197	0
8.43999	0.014096	132.795	0.8352	0
8.42821	0.0143251	134.377	0.847783	0
8.43496	0.0143726	133.828	0.822958	0
8.42233	0.0142663	134.91	0.856624	0
8.45324	0.0139475	135.244	0.83248	0
8.47123	0.0142914	133.278	0.850163	0
8.44767	0.0146532	135.294	0.827379	0
8.45838	0.0148109	134.627	0.838601	0
8.46571	0.0145668	134.044	0.848123	0
8.43208	0.0146327	133.744	0.83214	0
8.43524	0.0145165	134.694	0.846082	0
8.46795	0.0142969	134.511	0.844382	0
8.48273	0.0138938	135.344	0.829759	0
8.46494	0.0141332	133.794	0.829759	0
8.44074	0.0144577	134.761	0.8352	0
8.44689	0.0142997	135.843	0.861385	0
8.44959	0.0145917	134.594	0.820917	0
8.44478	0.0140649	134.194	0.838261	0
8.43437	0.0139847	134.211	0.83282	0
8.44269	0.0143677	135.094	0.849143	0
8.4577	0.0143934	134.81	0.810715	0
8.44768	0.0142246	134.577	0.826018	0
8.4227	0.0145892	132.928	0.843362	0
8.43614	0.0143071	135.427	0.848463	0
8.47676	0.0143332	134.277	0.844042	0
8.46167	0.0142279	134.411	0.816837	0
8.43383	0.0141504	135.027	0.827379	0
8.43089	0.0148947	133.328	0.828399	0
8.45258	0.0140579	134.511	0.842001	0
8.46953	0.0145517	133.778	0.844382	0
8.43836	0.0142846	132.395	0.838941	0
8.42129	0.0141808	132.478	0.838261	0
8.43379	0.0145025	133.478	0.823638	0
8.43246	0.0145593	133.161	0.825678	0
8.41956	0.0141572	132.745	0.824318	0
8.41734	0.0141648	133.611	0.830099	0
8.45076	0.0142363	134.477	0.83588	0
8.44377	0.0142423	131.945	0.825338	0
8.42062	0.0145647	132.611	0.826018	0
8.44363	0.0145108	133.178	0.841661	0
8.44057	0.014503	135.577	0.843702	0
8.43625	0.0148284	134.527	0.844722	0
8.44538	0.0145817	133.661	0.829079	0
8.44465	0.0148249	134.677	0.831119	0
8.44998	0.0143903	133.045	0.848463	0
8.4253	0.0146178	132.661	0.848123	0
8.39998	0.0145063	134.277	0.828059	0
8.4161	0.0145076	133.261	0.827719	0
8.43073	0.0143537	135.227	0.848803	0
8.43125	0.0141055	133.145	0.819217	0
8.43633	0.0141168	135.244	0.840981	0
8.43792	0.0143081	133.378	0.815816	0
8.435	0.0138594	133.544	0.8352	0
8.42124	0.0139654	134.777	0.837581	0
8.43367	0.0144031	135.327	0.852543	0
8.45807	0.0143176	134.511	0.837241	0
8.44334	0.0141727	132.911	0.83384	0
8.44597	0.0147267	136.093	0.829419	0
8.44459	0.0142014	133.694	0.829079	0
8.4207	0.0141	133.844	0.837241	0
8.44526	0.0142467	134.477	0.8318	0
8.45649	0.0140372	133.878	0.83588	0
8.44301	0.0144131	133.228	0.839281	0
8.44119	0.0144887	134.91	0.830779	0
8.43971	0.0140489	133.661	0.83588	0
8.44455	0.0142513	133.878	0.817517	0
8.46907	0.0144619	134.094	0.838941	0
8.46791	0.0142048	135.377	0.827039	0
8.44693	0.0146084	134.377	0.844042	0
8.4452	0.014505	134.044	0.83452	0
8.43604	0.0145126	132.778	0.844722	0
8.42107	0.0142087	133.911	0.827039	0
8.43016	0.0145426	133.328	0.83384	0
8.42019	0.0139789	135.21	0.818537	0
8.39034	0.0142177	130.612	0.849143	0
8.41327	0.0143682	132.578	0.8369	0
8.45934	0.0143968	134.877	0.826018	0
8.44474	0.0142187	134.227	0.846082	0
8.43804	0.0137502	133.828	0.815136	0
8.42967	0.0137633	134.061	0.829419	0
8.43444	0.0140318	134.444	0.844722	0
8.44334	0.0144015	132.828	0.844722	0
8.43963	0.0146181	133.844	0.818537	0
8.45066	0.014445	133.944	0.851183	0
8.45207	0.0143978	134.194	0.838941	0
8.4239	0.0141714	132.578	0.805955	0
8.4317	0.0145683	134.044	0.837921	0
8.44534	0.0143888	134.127	0.852203	0
8.42077	0.0141168	134.244	0.816157	0
8.42512	0.014419	133.344	0.852543	0
8.44817	0.0145681	134.894	0.817857	0
8.46678	0.0147958	135.693	0.841661	0
8.45598	0.0144987	134.061	0.8318	0
8.4113	0.0141696	133.444	0.838601	0
8.4127	0.0141589	134.394	0.856624	0
8.43198	0.0145024	133.294	0.848803	0
8.39817	0.014345	133.678	0.820237	0
8.40243	0.0144826	132.012	0.825338	0
8.45217	0.0144937	135.027	0.83418	0
8.44436	0.0144979	132.561	0.845062	0
8.41979	0.0147589	134.577	0.855944	0
8.4337	0.0143302	133.594	0.823978	0
8.43383	0.0141124	134.111	0.839621	0
8.42508	0.0143136	133.461	0.848803	0
8.43982	0.0141956	134.077	0.83656	0
8.43518	0.0145018	134.077	0.826358	0
8.41887	0.0142934	133.828	0.83384	0
8.43247	0.0145699	134.694	0.844722	0
8.42851	0.0141347	135.177	0.8335	0
8.42213	0.0141843	134.094	0.847783	0
8.42467	0.0140027	132.495	0.839621	0
8.41747	0.0144165	134.127	0.846762	0
8.41331	0.0142093	135.01	0.826018	0
8.43093	0.0143692	135.494	0.830099	0
8.43923	0.0148035	132.495	0.816497	0
8.42094	0.0142585	133.661	0.845742	0
8.41229	0.0142674	133.711	0.83214	0
8.41082	0.0141968	133.145	0.824998	0
8.4188	0.0141339	133.811	0.818537	0
8.4221	0.0144226	133.894	0.819897	0
8.40909	0.0145301	134.161	0.810715	0
8.41597	0.0144159	133.761	0.829079	0
8.4242	0.0143296	133.694	0.822958	0
8.42677	0.0143507	136.227	0.851183	0
8.43872	0.0142552	135.11	0.837581	0
8.42801	0.0145477	133.611	0.831119	0
8.41361	0.0145328	134.877	0.853564	0
8.41014	0.0141901	133.694	0.83656	0
8.42853	0.014316	134.027	0.849823	0
8.43499	0.0145351	134.227	0.839961	0
8.41485	0.0143104	134.094	0.814456	0
8.42768	0.014479	132.978	0.842682	0
8.4345	0.0142778	133.561	0.883829	0
8.42917	0.0141589	132.961	0.838261	0
8.42175	0.0142808	132.195	0.8352	0
8.42542	0.014082	133.678	0.845062	0
8.44798	0.0142986	134.527	0.846422	0
8.42534	0.0141482	133.578	0.837241	0
8.40604	0.014509	132.995	0.812076	0
8.4175	0.0144398	134.344	0.826358	0
8.42888	0.0146539	133.661	0.855944	0
8.43208	0.0147268	133.894	0.845062	0
8.41179	0.0146779	134.177	0.83452	0
8.40989	0.014457	133.444	0.827039	0
8.4159	0.0144132	132.961	0.818537	0
8.40632	0.0145385	134.661	0.861725	0
8.41691	0.0142504	135.494	0.843022	0
8.43935	0.0147363	134.511	0.854924	0
8.43596	0.014739	133.061	0.831459	0
8.42451	0.014428	134.744	0.830439	0
8.42778	0.0144324	133.095	0.856624	0
8.44161	0.0144118	133.761	0.829759	0
8.43856	0.0144833	134.161	0.848463	0
8.41884	0.0139239	134.661	0.838601	0
8.40922	0.0142881	133.994	0.848803	0
8.40944	0.0141714	134.794	0.828059	0
8.42293	0.0142519	134.427	0.827379	0
8.42821	0.0144204	134.194	0.841661	0
8.41966	0.0145752	131.962	0.8352	0
8.41612	0.0142719	134.277	0.841661	0
8.41459	0.014498	133.178	0.854584	0
8.40651	0.0140105	134.394	0.838261	0
8.40944	0.0144946	133.761	0.83486	0
8.40692	0.0142534	133.778	0.844382	0
8.41551	0.0143261	134.027	0.838601	0
8.44125	0.0146398	133.778	0.830099	0
8.43185	0.0140699	133.428	0.848123	0
8.42471	0.0141696	133.511	0.828739	0
8.42584	0.0143124	134.044	0.843362	0
8.41843	0.0148387	134.327	0.83486	0
8.42857	0.0145812	133.611	0.816157	0
8.42568	0.0143486	134.694	0.83248	0
8.41778	0.0141897	133.728	0.846082	0
8.41002	0.0143927	134.044	0.809355	0
8.38453	0.014036	133.561	0.83248	0
8.37481	0.014073	133.778	0.839281	0
8.41276	0.0141699	134.027	0.822618	0
8.42132	0.0144672	132.811	0.801194	0
8.42536	0.0143435	134.727	0.843022	0
8.44708	0.0146074	132.778	0.827719	0
8.43083	0.0144445	134.327	0.837581	0
8.4361	0.0147457	134.327	0.849823	0
8.43002	0.0145961	133.911	0.843362	0
8.38644	0.0140154	133.444	0.824658	0
8.40478	0.0144213	134.894	0.851523	0
8.44341	0.0143477	133.278	0.837581	0
8.42777	0.0142525	133.711	0.825678	0
8.41957	0.0142974	133.511	0.840981	0
8.44061	0.0149434	134.211	0.83384	0
8.44145	0.0142877	134.261	0.828059	0
8.43776	0.0143876	134.411	0.848463	0
8.44745	0.0147935	134.511	0.827719	0
8.43978	0.014447	134.477	0.837921	0
8.42784	0.0145525	133.028	0.8318	0
8.42224	0.0146643	134.561	0.850843	0
8.42079	0.014365	134.777	0.826358	0
8.42548	0.0144126	133.428	0.811396	0
8.40896	0.0144481	132.928	0.848463	0
8.39164	0.0146449	133.161	0.838941	0
8.41387	0.0145702	134.594	0.840301	0
8.42773	0.0140791	132.978	0.810375	0
8.40378	0.014174	133.811	0.828739	0
8.3982	0.0142578	133.578	0.840301	0
8.42421	0.014375	134.294	0.842001	0
8.42707	0.0144049	133.794	0.854244	0
8.40514	0.0147468	133.494	0.827719	0
8.41591	0.0147145	133.378	0.839281	0
8.4175	0.0147342	132.778	0.828399	0
8.41105	0.0145194	133.944	0.811736	0
8.41936	0.014448	132.595	0.823978	0
8.41965	0.0142677	133.528	0.817517	0
8.4199	0.0139789	132.195	0.829419	0
8.42084	0.0144632	133.611	0.83486	0
8.4295	0.0140832	133.894	0.814456	0
8.43564	0.0147292	133.428	0.839281	0
8.41901	0.0145935	134.644	0.854244	0
8.41166	0.014744	133.145	0.850163	0
8.40784	0.0144752	133.861	0.828399	0
8.38805	0.0143086	134.261	0.821938	0
8.39477	0.0142158	133.078	0.849143	0
8.41233	0.0142831	132.961	0.850843	0
8.41501	0.0144372	133.861	0.83554	0
8.42487	0.0146776	134.344	0.853224	0
8.42721	0.0145287	134.877	0.813096	0
8.42937	0.0145775	133.711	0.83656	0
8.40318	0.014535	133.478	0.8318	0
8.38247	0.0139741	132.445	0.815136	0
8.40139	0.0139763	133.228	0.826699	0
8.38523	0.0140971	134.411	0.823978	0
8.39162	0.0140145	134.061	0.837241	0
8.42356	0.0140391	134.561	0.829759	0
8.40735	0.0144211	133.161	0.845402	0
8.40952	0.0144398	134.894	0.83282	0
8.42022	0.0141123	134.527	0.831119	0
8.39764	0.0146267	132.761	0.823638	0
8.39535	0.0144959	135.41	0.838601	0
8.41136	0.0145604	132.062	0.837241	0
8.41143	0.014524	134.194	0.823638	0
8.41433	0.0144365	133.778	0.823978	0
8.4238	0.0147095	133.778	0.842001	0
8.43417	0.01476	133.228	0.827379	0
8.41302	0.0146693	134.027	0.83656	0
8.39246	0.0140721	135.244	0.825678	0
8.40151	0.0144274	132.811	0.815816	0
8.38216	0.014154	134.644	0.845742	0
8.39155	0.0144566	134.394	0.849823	0
8.43899	0.0141522	132.628	0.8369	0
8.43285	0.0145629	132.495	0.844722	0
8.40837	0.0141572	133.561	0.83248	0
8.40639	0.0137943	132.828	0.828059	0
8.39077	0.0143315	132.595	0.841321	0
8.40711	0.0142777	133.844	0.8318	0
8.43206	0.0139869	133.744	0.83588	0
8.40812	0.0141799	134.594	0.825678	0
8.40216	0.0146285	133.861	0.842342	0
8.42207	0.0145242	133.394	0.83214	0
8.40426	0.0142674	133.278	0.853224	0
8.3925	0.0141535	133.561	0.852543	0
8.42501	0.0141383	131.878	0.831119	0
8.42253	0.0142576	132.811	0.843022	0
8.41854	0.014505	135.36	0.826699	0
8.42504	0.0142673	133.811	0.816497	0
8.41234	0.0141461	133.711	0.843702	0
8.404	0.0143828	131.662	0.830439	0
8.40794	0.0141449	133.761	0.839281	0
8.41805	0.0143276	133.278	0.821938	0
8.39329	0.0145639	132.528	0.820237	0
8.39234	0.0140815	134.444	0.83452	0
8.4407	0.0141513	133.844	0.838261	0
8.42471	0.0143918	132.245	0.8335	0
8.37945	0.0141544	133.378	0.837241	0
8.4014	0.0144323	134.511	0.83214	0
8.43026	0.0144925	134.127	0.821938	0
8.39113	0.0139849	132.695	0.837921	0
8.38544	0.0144455	134.394	0.818877	0
8.44526	0.0149056	133.844	0.852203	0
8.43463	0.0146962	134.211	0.825678	0
8.40341	0.0144533	132.995	0.83622	0
8.42284	0.0145304	132.678	0.821257	0
8.41696	0.014293	134.194	0.837241	0
8.41224	0.0146497	133.444	0.839621	0
8.42528	0.0143246	133.961	0.827719	0
8.41867	0.0141738	133.211	0.844382	0
8.40972	0.0145062	134.027	0.8335	0
8.40857	0.0143147	133.378	0.827379	0
8.40713	0.0141382	133.594	0.852543	0
8.40618	0.0142137	132.911	0.845062	0
8.43264	0.0144412	134.86	0.822618	0
8.44747	0.0139848	133.661	0.852203	0
8.4214	0.0145792	135.21	0.83248	0
8.40257	0.0144625	134.027	0.831459	0
8.3926	0.0146101	133.561	0.824318	0
8.38286	0.0144339	132.328	0.850503	0
8.40236	0.0143222	134.027	0.83282	0
8.4355	0.014246	134.127	0.838941	0
8.43086	0.0142187	133.578	0.824318	0
8.41911	0.0145945	133.378	0.840301	0
8.43194	0.0146146	134.094	0.847783	0
8.43306	0.0146875	133.661	0.826018	0
8.41893	0.0143551	134.011	0.839961	0
8.40695	0.0142113	133.011	0.847102	0
8.39665	0.0144631	132.795	0.83588	0
8.39744	0.0142583	133.811	0.852884	0
8.42044	0.0143562	133.444	0.83282	0
8.42315	0.0143187	134.044	0.829759	0
8.41603	0.0144497	134.644	0.823638	0
8.42501	0.0144778	134.794	0.848803	0
8.41067	0.0145583	132.828	0.825678	0
8.39654	0.014363	133.178	0.819897	0
8.41462	0.0145438	132.062	0.810035	0
8.41943	0.0144298	134.077	0.827039	0
8.42163	0.0144014	134.81	0.840301	0
8.42484	0.0138098	133.128	0.853564	0
8.39869	0.0142048	133.061	0.808675	0
8.38366	0.0144596	133.128	0.827719	0
8.40566	0.0145982	134.644	0.8352	0
8.41276	0.0145057	134.027	0.829419	0
8.40205	0.014223	134.277	0.819897	0
8.3867	0.0144765	132.995	0.845062	0
8.39156	0.014081	133.311	0.8369	0
8.399	0.0144122	133.628	0.83622	0
8.38096	0.0144845	132.878	0.8335	0
8.39717	0.0143473	132.978	0.819897	0
8.41494	0.0143473	132.995	0.8335	0
8.40478	0.014524	134.094	0.827039	0
8.43165	0.0146659	132.811	0.811736	0
8.43996	0.014332	134.694	0.856284	0
8.39652	0.014073	132.661	0.83656	0
8.37948	0.0141184	133.678	0.819897	0
8.39631	0.0143894	133.294	0.821598	0
8.39927	0.0143732	131.429	0.83622	0
8.40725	0.0139427	133.328	0.843022	0
8.42464	0.0143012	134.077	0.829419	0
8.40807	0.0141404	134.044	0.842342	0
8.3982	0.0145152	133.678	0.813096	0
8.40264	0.0143805	132.711	0.83452	0
8.40092	0.0143338	135.144	0.851863	0
8.4177	0.0143394	134.127	0.820577	0
8.42136	0.0144567	134.727	0.838261	0
8.39864	0.0143721	135.427	0.829419	0
8.39857	0.0144483	133.261	0.83248	0
8.41834	0.0145092	133.661	0.83622	0
8.42097	0.0146227	133.128	0.849483	0
8.40798	0.0140928	133.961	0.845402	0
8.41084	0.0142347	133.744	0.826358	0
8.39984	0.0140398	134.794	0.844722	0
8.38611	0.0137207	133.128	0.838601	0
8.41202	0.0147261	134.644	0.854584	0
8.41265	0.0142094	133.011	0.8318	0
8.39668	0.0145668	132.878	0.823978	0
8.40954	0.0142224	134.044	0.849823	0
8.40795	0.0142226	133.761	0.8318	0
8.40317	0.0142585	133.311	0.838941	0
8.41346	0.0145626	133.611	0.8318	0
8.42261	0.0145764	133.294	0.863086	0
8.41288	0.0142449	133.861	0.83554	0
8.40337	0.0145129	134.511	0.852884	0
8.40836	0.0141249	134.144	0.826699	0
8.40512	0.0138822	133.644	0.847783	0
8.40727	0.0145716	133.145	0.830439	0
8.41191	0.0145864	133.594	0.848463	0
8.39224	0.014299	132.695	0.826018	0
8.38155	0.0142102	133.844	0.847443	0
8.40655	0.0143706	133.678	0.845062	0
8.43649	0.0144837	133.628	0.844722	0
8.4324	0.0144487	134.077	0.83282	0
8.40942	0.014751	134.277	0.839621	0
8.40673	0.0139995	133.095	0.831459	0
8.40661	0.0143095	133.161	0.822278	0
8.39741	0.0143553	133.211	0.825678	0
8.41075	0.0144086	134.81	0.83384	0
8.40521	0.0142218	133.344	0.820237	0
8.38779	0.0140821	135.36	0.852884	0
8.40154	0.0142	135.41	0.83656	0
8.40357	0.0143614	131.778	0.818197	0
8.39509	0.0142733	134.96	0.843702	0
8.41544	0.0140328	134.527	0.842342	0
8.42616	0.0144322	134.477	0.840981	0
8.39754	0.0142969	133.394	0.837241	0
8.38343	0.0146705	131.745	0.83282	0
8.41193	0.014234	133.694	0.83248	0
8.41277	0.0142856	135.127	0.808675	0
8.41156	0.0144048	133.994	0.851863	0
8.41812	0.0147703	132.928	0.817177	0
8.3885	0.0144296	133.378	0.83554	0
8.39882	0.0143806	133.078	0.83248	0
8.42411	0.0143061	134.577	0.83282	0
8.40469	0.0138166	132.828	0.829079	0
8.40471	0.0139082	134.794	0.821257	0
8.42327	0.0142389	134.161	0.83214	0
8.40634	0.0142556	134.427	0.837921	0
8.37418	0.0142661	133.211	0.846082	0
8.38776	0.0141666	132.578	0.83214	0
8.40892	0.0143669	133.444	0.830779	0
8.38725	0.0144311	134.311	0.83486	0
8.40173	0.0142477	134.044	0.816497	0
8.41332	0.0141991	133.211	0.818877	0
8.38465	0.0140834	133.511	0.842342	0
8.39478	0.0142089	131.912	0.846082	0
8.4161	0.0145627	134.011	0.843022	0
8.41106	0.0144205	133.694	0.855264	0
8.38913	0.0146079	133.045	0.847783	0
8.39975	0.0144782	133.428	0.8352	0
8.43129	0.0142425	134.527	0.831119	0
8.41429	0.0143604	134.144	0.851523	0
8.41064	0.0138161	134.744	0.822958	0
8.44707	0.0141131	133.328	0.820237	0
8.42577	0.0142316	134.727	0.841321	0
8.38491	0.0143284	133.161	0.839961	0
8.38713	0.0141291	132.212	0.820577	0
8.4031	0.0143763	133.095	0.821257	0
8.41631	0.0141919	134.86	0.846422	0
8.42451	0.0138942	134.194	0.830779	0
8.42565	0.0144421	133.828	0.855944	0
8.39104	0.0145923	133.461	0.831459	0
8.3773	0.0140701	133.478	0.826018	0
8.42492	0.0145311	133.478	0.829759	0
8.42832	0.0143972	132.345	0.796433	0
8.39309	0.0138668	134.661	0.820577	0
8.39021	0.0142903	132.262	0.820237	0
8.40524	0.0144623	132.711	0.825338	0
8.42158	0.0144358	134.111	0.820917	0
8.42645	0.0146078	134.444	0.8369	0
8.40844	0.0145446	132.611	0.823978	0
8.40087	0.0145723	134.86	0.828739	0
8.41847	0.014759	133.661	0.861385	0
8.41909	0.0141803	132.545	0.837921	0
8.41155	0.0144663	133.944	0.827039	0
8.42176	0.0143237	134.161	0.824998	0
8.41611	0.0141205	134.277	0.83452	0
8.39816	0.0144351	134.094	0.843702	0
8.39511	0.0142546	134.527	0.838601	0
8.39121	0.0141513	133.378	0.822618	0
8.39173	0.0144405	134.194	0.839281	0
8.41369	0.0144871	133.244	0.855604	0
8.40877	0.0145017	133.378	0.838261	0
8.39806	0.0142285	135.027	0.858325	0
8.38533	0.0143839	132.611	0.842001	0
8.3854	0.0137939	134.994	0.816157	0
8.40613	0.0142517	133.694	0.829079	0
8.39088	0.0144346	133.811	0.842682	0
8.39099	0.0146223	133.028	0.8352	0
8.41533	0.0147504	134.577	0.828059	0
8.41943	0.0144801	135.077	0.829419	0
8.43928	0.0148475	133.994	0.8352	0
8.44752	0.0141571	134.561	0.830099	0
8.42222	0.0141313	133.161	0.839281	0
8.40952	0.0143182	133.344	0.848463	0
8.41127	0.0144385	134.194	0.848463	0
8.42629	0.0144788	132.895	0.844382	0
8.41975	0.0142366	133.278	0.820917	0
8.39138	0.0139067	134.461	0.845402	0
8.41003	0.0143492	133.761	0.809355	0
8.42596	0.0145875	133.145	0.845062	0
8.40902	0.0141971	133.328	0.824658	0
8.40438	0.0144221	134.011	0.83486	0
8.41877	0.0148253	133.161	0.824998	0
8.42451	0.0143221	134.594	0.841321	0
8.40964	0.0141026	134.611	0.824998	0
8.39491	0.0144612	133.611	0.838261	0
8.3889	0.0145016	133.528	0.846082	0
8.39365	0.0144708	134.227	0.850843	0
8.40994	0.0143357	133.494	0.806975	0
8.41829	0.0141404	133.661	0.848463	0
8.4075	0.0141667	134.027	0.827039	0
8.409	0.0144192	134.511	0.847783	0
8.4072	0.0141194	131.995	0.827719	0
8.39952	0.0144042	133.611	0.83486	0
8.40102	0.0143249	134.794	0.830439	0
8.3989	0.0145946	133.211	0.83486	0
8.39923	0.0144344	133.861	0.841321	0
8.40119	0.0141925	133.428	0.8335	0
8.39344	0.0142791	132.628	0.843022	0
8.41009	0.0142373	134.011	0.839621	0
8.42043	0.0144891	133.444	0.83452	0
8.40899	0.0145215	134.261	0.841321	0
8.41485	0.0142121	133.361	0.8352	0
8.41182	0.0143767	133.428	0.850163	0
8.38824	0.0142966	133.361	0.842001	0
8.38614	0.0144824	133.128	0.816157	0
8.40129	0.0145023	132.411	0.861385	0
8.41891	0.0146145	132.978	0.824998	0
8.43791	0.0139883	134.294	0.854584	0
8.42233	0.0143538	132.495	0.846082	0
8.41171	0.01451	134.144	0.845742	0
8.41128	0.0142509	132.861	0.831459	0
8.39387	0.0143912	133.711	0.83622	0
8.40808	0.0143023	134.594	0.822278	0
8.42272	0.0149596	132.495	0.846082	0
8.39161	0.0142214	132.511	0.831459	0
8.36092	0.0142045	134.027	0.840641	0
8.39278	0.0141384	133.961	0.840641	0
8.41993	0.014629	134.227	0.857304	0
8.39815	0.0146495	133.095	0.838941	0
8.40125	0.0145281	133.928	0.852543	0
8.39236	0.0141683	133.711	0.839621	0
8.39218	0.0139747	133.344	0.826358	0
8.40707	0.014235	132.645	0.850163	0
8.39115	0.0143739	133.694	0.821938	0
8.38909	0.0146777	133.961	0.83316	0
8.40745	0.0143448	135.86	0.837581	0
8.408	0.0144514	133.411	0.821257	0
8.40336	0.014517	132.178	0.837241	0
8.39519	0.0141042	132.928	0.846762	0
8.40552	0.01392	134.877	0.857985	0
8.43349	0.0143543	133.911	0.843362	0
8.42324	0.0142398	134.061	0.821257	0
8.39882	0.01431	133.628	0.823298	0
8.40698	0.0143806	132.711	0.837921	0
8.43403	0.0146442	133.311	0.814796	0
8.41965	0.0142214	133.944	0.816837	0
8.40248	0.0147525	133.494	0.824658	0
8.4032	0.0140313	132.761	0.819897	0
8.39013	0.0142364	134.027	0.838601	0
8.39587	0.0145814	134.094	0.83214	0
8.42425	0.0139864	133.361	0.838941	0
8.41984	0.0137866	133.344	0.850163	0
8.40164	0.0143504	131.678	0.813436	0
8.40835	0.0140313	134.111	0.844382	0
8.41143	0.0142224	133.628	0.810375	0
8.39555	0.0141055	133.561	0.858325	0
8.40388	0.0140453	134.677	0.842342	0
8.42143	0.0143682	134.427	0.802894	0
8.41445	0.0142993	132.312	0.829419	0
8.42122	0.0144806	133.578	0.826358	0
8.42135	0.0139999	135.227	0.83486	0
8.40655	0.0144344	133.494	0.838601	0
8.39223	0.0143302	134.177	0.839281	0
8.3925	0.0142697	132.711	0.816837	0
8.40638	0.0145151	134.311	0.83656	0
8.41271	0.0144747	134.277	0.824658	0
8.4089	0.0141201	132.511	0.855604	0
8.39845	0.0143208	134.727	0.838941	0
8.39818	0.0140708	133.378	0.838941	0
8.41125	0.0140901	133.045	0.815476	0
8.40413	0.0139621	132.212	0.83554	0
8.40288	0.0137953	134.627	0.837581	0
8.42277	0.0144094	134.177	0.843022	0
8.41097	0.0145308	132.228	0.83316	0
8.40655	0.0142955	134.444	0.844042	0
8.40801	0.0143451	131.529	0.829079	0
8.39255	0.0142622	134.277	0.827039	0
8.3898	0.014402	133.561	0.829079	0
8.38677	0.0143697	134.677	0.839281	0
8.40384	0.0140406	132.045	0.837241	0
8.4124	0.014426	132.945	0.820917	0
8.40162	0.0144415	132.445	0.83588	0
8.39936	0.0142235	133.811	0.837241	0
8.39322	0.0140361	133.211	0.847443	0
8.39005	0.0147313	133.278	0.841321	0
8.39895	0.0143667	134.161	0.83622	0
8.38477	0.0142934	132.945	0.837581	0
8.38108	0.0147104	132.661	0.83622	0
8.40158	0.0143196	132.961	0.813096	0
8.41525	0.0140372	132.945	0.839281	0
8.42406	0.0146263	133.011	0.83588	0
8.41587	0.0145351	134.327	0.83452	0
8.40762	0.014467	134.111	0.813096	0
8.41607	0.0144326	133.278	0.83452	0
8.40863	0.0146061	133.794	0.839961	0
8.41002	0.0142726	133.178	0.838601	0
8.41982	0.0143303	133.994	0.824998	0
8.42764	0.0140227	132.511	0.816837	0
8.42068	0.0142491	133.794	0.83588	0
8.40401	0.0142807	133.261	0.822618	0
8.40045	0.0143704	135.327	0.821598	0
8.41679	0.0147402	132.928	0.851523	0
8.41623	0.0136379	134.744	0.837241	0
8.39264	0.013881	132.728	0.821938	0
8.3863	0.0143366	132.078	0.83588	0
8.40225	0.0142464	134.661	0.821598	0
8.40957	0.0139759	133.394	0.828399	0
8.41424	0.0142405	135.71	0.837581	0
8.438	0.0144412	134.211	0.83248	0
8.42442	0.0142717	133.778	0.820577	0
8.40072	0.0140708	134.061	0.831119	0
8.40379	0.0143412	132.945	0.838261	0
8.40473	0.0142623	133.178	0.822618	0
8.40167	0.0140783	133.861	0.837921	0
8.40071	0.0144955	132.645	0.837921	0
8.40338	0.0143029	134.227	0.826699	0
8.4027	0.0145673	133.944	0.83486	0
8.4058	0.0145353	134.711	0.848123	0
8.41532	0.0139711	133.894	0.831459	0
8.41343	0.0145112	134.044	0.826699	0
8.43196	0.0142255	134.644	0.823978	0
8.44564	0.0144729	135.71	0.83384	0
8.42292	0.0143302	132.845	0.819897	0
8.40417	0.0148095	132.378	0.838941	0
8.40111	0.0148754	134.727	0.826018	0
8.38652	0.0145432	133.978	0.843362	0
8.37466	0.014205	133.644	0.841661	0
8.38275	0.014418	132.911	0.825338	0
8.41183	0.0140681	134.661	0.825338	0
8.42232	0.0143318	133.494	0.83316	0
8.41108	0.0141666	132.745	0.813776	0
8.38539	0.0143121	133.894	0.83248	0
8.38927	0.0145544	133.661	0.840641	0
8.42793	0.0141199	133.211	0.83486	0
8.41714	0.0139744	134.244	0.839281	0
8.37679	0.0137983	133.344	0.83384	0
8.39369	0.0141631	133.694	0.848123	0
8.41447	0.014237	133.894	0.828399	0
8.3988	0.014697	133.111	0.841321	0
8.38889	0.0142123	133.794	0.840641	0
8.39625	0.0143488	134.077	0.838941	0
8.42689	0.0144555	132.978	0.820917	0
8.41347	0.0143046	133.444	0.844722	0
8.39672	0.0141323	133.361	0.841661	0
8.41039	0.014407	132.711	0.853904	0
8.40368	0.0145633	133.078	0.819217	0
8.42321	0.0142823	133.761	0.820237	0
8.44113	0.0142142	134.661	0.839961	0
8.41441	0.0143363	133.878	0.814456	0
8.40948	0.0142511	133.344	0.844382	0
8.42879	0.0147084	133.294	0.840301	0
8.41099	0.014055	134.211	0.823638	0
8.39567	0.0142787	133.994	0.83214	0
8.40941	0.01449	134.011	0.8352	0
8.40292	0.0142163	133.128	0.826358	0
8.41412	0.014559	133.278	0.842001	0
8.41962	0.0145936	133.661	0.822958	0
8.41816	0.013975	134.827	0.831459	0
8.42832	0.0145762	133.444	0.840981	0
8.40868	0.0141384	134.161	0.818877	0
8.40054	0.0142812	133.744	0.837921	0
8.41913	0.0143815	134.461	0.814456	0
8.40375	0.0141231	132.745	0.837241	0
8.40591	0.0140072	134.327	0.849143	0
8.42803	0.0144709	134.944	0.831459	0
8.41275	0.014234	132.795	0.828059	0
8.41216	0.014613	134.277	0.864106	0
8.42198	0.0144105	132.761	0.827039	0
8.39857	0.0142583	134.294	0.812076	0
8.40269	0.0142621	135.544	0.845402	0
8.4185	0.0142883	132.611	0.851183	0
8.40316	0.0142764	133.611	0.848463	0
8.39031	0.0142649	133.578	0.840981	0
8.39817	0.0143985	135.444	0.841661	0
8.41595	0.0146099	133.444	0.83656	0
8.41014	0.0143346	132.811	0.865806	0
8.3818	0.0145277	133.011	0.842682	0
8.37457	0.0145345	133.944	0.83418	0
8.39421	0.0142138	133.861	0.845062	0
8.41903	0.0142761	134.027	0.846422	0
8.42208	0.0144673	134.794	0.853224	0
8.40719	0.0145892	132.528	0.826699	0
8.41202	0.014567	133.394	0.827379	0
8.428	0.0144853	134.561	0.847102	0
8.41932	0.0144544	133.594	0.844722	0
8.41463	0.0140724	134.327	0.840301	0
8.42475	0.0139058	134.327	0.855264	0
8.41626	0.014417	132.212	0.844042	0
8.41346	0.0142321	134.544	0.847443	0
8.42155	0.0145814	134.594	0.848803	0
8.41383	0.0143647	134.027	0.817177	0
8.41572	0.0145362	133.028	0.817857	0
8.41625	0.0141574	133.478	0.83554	0
8.41067	0.0143049	133.261	0.830439	0
8.41512	0.0143348	133.244	0.83214	0
8.43139	0.0143758	134.96	0.831459	0
8.43901	0.0143657	133.678	0.837921	0
8.42114	0.0145376	134.727	0.838601	0
8.41072	0.0146434	134.011	0.83452	0
8.40549	0.014293	134.044	0.829419	0
8.42568	0.0143493	133.844	0.831119	0
8.42924	0.0142936	134.86	0.844382	0
8.41336	0.0140767	132.295	0.846762	0
8.40205	0.0141705	133.711	0.824658	0
8.39581	0.0142467	133.861	0.851183	0
8.41541	0.0142133	133.694	0.825338	0
8.41717	0.0144425	134.627	0.855604	0
8.39616	0.0144897	133.478	0.829079	0
8.40179	0.0144599	133.095	0.837921	0
8.4006	0.0142083	132.861	0.837921	0
8.39065	0.0145858	133.778	0.828399	0
8.40349	0.0142903	134.527	0.821938	0
8.40916	0.0143058	134.111	0.818537	0
8.40546	0.0144681	134.794	0.845402	0
8.40948	0.0146149	133.161	0.826018	0
8.41243	0.0142896	132.595	0.8335	0
8.39503	0.0142299	133.961	0.839961	0
8.39296	0.0144044	134.444	0.846762	0
8.4033	0.0148288	132.961	0.842001	0
8.39642	0.0144114	132.761	0.842001	0
8.38756	0.0139562	132.178	0.851523	0
8.39421	0.0142559	132.128	0.861385	0
8.41498	0.0142233	133.844	0.846762	0
8.42547	0.014002	133.844	0.831119	0
8.41526	0.0140764	133.778	0.822958	0
8.40589	0.0141685	131.912	0.830439	0
8.40184	0.0142246	133.411	0.83384	0
8.40206	0.0139734	133.178	0.83486	0
8.3977	0.0142409	134.211	0.842342	0
8.40975	0.0143771	133.328	0.830779	0
8.41386	0.0143647	133.861	0.818877	0
8.39172	0.0143555	133.394	0.831119	0
8.39727	0.0144401	134.244	0.820917	0
8.41455	0.0142107	133.195	0.823638	0
8.39078	0.0143414	131.745	0.8335	0
8.39628	0.0144496	134.177	0.829419	0
8.42613	0.0144135	134.677	0.829079	0
8.42207	0.0143165	132.045	0.794732	0
8.39278	0.0145495	134.177	0.83622	0
8.39501	0.0143335	134.344	0.840981	0
8.41515	0.0146059	133.711	0.848123	0
8.42004	0.0142191	135.06	0.848803	0
8.40227	0.0141711	133.444	0.838261	0
8.39706	0.0144493	134.777	0.830099	0
8.40606	0.0145719	134.077	0.824998	0
8.38818	0.0142355	133.444	0.831459	0
8.39844	0.0143998	133.544	0.837241	0
8.42968	0.0142056	134.594	0.840301	0
8.40285	0.0141852	132.928	0.847783	0
8.3744	0.0146909	132.745	0.841321	0
8.39626	0.0140101	134.827	0.844722	0
8.39427	0.0143963	132.511	0.83622	0
8.37619	0.0143873	132.095	0.83656	0
8.41536	0.0140937	132.678	0.842001	0
8.42386	0.0144634	132.828	0.83486	0
8.40082	0.0141352	135.227	0.83248	0
8.41995	0.0144459	131.662	0.819557	0
8.40861	0.0144146	132.212	0.842342	0
8.39715	0.0142931	134.211	0.8369	0
8.41595	0.0144619	134.161	0.821938	0
8.4067	0.0138196	132.561	0.819897	0
8.409	0.0144053	133.328	0.843702	0
8.43382	0.0140357	134.944	0.83554	0
8.41204	0.0140668	133.578	0.8335	0
8.39541	0.0142864	133.195	0.817517	0
8.41035	0.0144844	132.178	0.820577	0
8.40091	0.0142321	134.311	0.83248	0
8.40522	0.0142687	132.811	0.827379	0
8.4074	0.014171	132.761	0.815816	0
8.39515	0.0142081	132.428	0.83418	0
8.40255	0.0139037	132.911	0.821938	0
8.41898	0.014349	134.194	0.8369	0
8.42125	0.0141219	133.361	0.861045	0
8.40264	0.014528	134.111	0.816837	0
8.4031	0.0141629	131.928	0.827719	0
8.41634	0.0138817	133.961	0.828059	0
8.43168	0.0144705	133.195	0.8352	0
8.42784	0.0142485	134.844	0.866826	0
8.40961	0.0144086	132.511	0.830099	0
8.40362	0.0145644	132.828	0.826018	0
8.39986	0.0145266	133.228	0.843022	0
8.40911	0.0145403	133.578	0.83384	0
8.42043	0.0145661	134.127	0.854584	0
8.38986	0.0144535	131.912	0.844722	0
8.38501	0.0140468	132.978	0.83384	0
8.41319	0.0142545	133.794	0.83452	0
8.40489	0.0141792	132.245	0.829079	0
8.41252	0.0143379	133.794	0.830779	0
8.44617	0.0147782	134.544	0.819557	0
8.44971	0.0141885	133.111	0.829759	0
8.42056	0.0141613	132.811	0.840641	0
8.40246	0.0148782	133.494	0.874988	0
8.40352	0.0145209	134.794	0.841321	0
8.40584	0.0144695	135.16	0.847783	0
8.40521	0.0143392	133.228	0.83214	0
8.41467	0.0143931	133.794	0.838601	0
8.43354	0.0142005	133.061	0.838941	0
8.40562	0.0143324	133.394	0.831119	0
8.36943	0.0142312	132.478	0.8352	0
8.40024	0.0142117	134.044	0.845062	0
8.42678	0.0139852	133.794	0.83384	0
8.42282	0.0141103	134.227	0.83588	0
8.4118	0.0144759	132.511	0.842001	0
8.40371	0.0142793	133.961	0.83418	0
8.42629	0.0139484	133.844	0.838261	0
8.4311	0.0147531	133.928	0.83452	0
8.4096	0.014428	133.878	0.826018	0
8.41285	0.0142282	133.494	0.818877	0
8.42079	0.0139052	133.944	0.83656	0
8.40398	0.0143975	133.195	0.822958	0
8.39639	0.0141384	132.078	0.827039	0
8.39094	0.0141967	132.278	0.853564	0
8.38288	0.0140786	132.495	0.824658	0
8.39981	0.014215	132.695	0.844042	0
8.40965	0.0141229	134.761	0.83384	0
8.40564	0.0145233	132.678	0.838941	0
8.40451	0.0144405	133.544	0.847102	0
8.39345	0.0141254	132.378	0.838941	0
8.38656	0.0143544	133.811	0.843702	0
8.39392	0.0144289	133.278	0.854584	0
8.39458	0.0140799	133.028	0.829759	0
8.39476	0.014344	133.161	0.857304	0
8.40406	0.0143573	133.394	0.8352	0
8.41251	0.0141044	133.928	0.845742	0
8.41369	0.0140153	132.378	0.837921	0
8.40865	0.014576	134.061	0.824998	0
8.40737	0.0141815	134.211	0.841661	0
8.4092	0.0144728	134.994	0.827039	0
8.41197	0.014323	133.794	0.83316	0
8.42742	0.0145087	133.394	0.839281	0
8.43696	0.0146206	134.411	0.839281	0
8.40815	0.0144974	132.578	0.825678	0
8.39791	0.0141079	133.311	0.829759	0
8.42709	0.0140343	134.594	0.855264	0
8.41342	0.0144928	133.778	0.837581	0
8.39872	0.0146836	132.828	0.807995	0
8.4182	0.0143309	132.628	0.798473	0
8.43046	0.0144421	134.027	0.825678	0
8.42042	0.014193	132.895	0.842342	0
8.40439	0.0144344	133.045	0.83316	0
8.39158	0.014334	133.794	0.8369	0
8.40028	0.0144215	133.778	0.824318	0
8.4085	0.0142908	133.361	0.822278	0
8.40903	0.0145318	134.477	0.828399	0
8.41827	0.0144583	134.294	0.837241	0
8.41376	0.0143503	131.762	0.841661	0
8.40153	0.0143941	135.127	0.839281	0
8.3953	0.014276	133.694	0.830439	0
8.39822	0.0143336	133.594	0.852203	0
8.42501	0.0144629	133.561	0.818537	0
8.4249	0.0140182	134.561	0.8335	0
8.39054	0.0140778	132.911	0.839621	0
8.38605	0.0144269	133.828	0.830779	0
8.41082	0.0147395	132.178	0.825338	0
8.40275	0.0142896	134.444	0.850843	0
8.39398	0.0144347	133.394	0.837241	0
8.41675	0.0145842	133.311	0.8335	0
8.41128	0.0142717	132.678	0.842342	0
8.41221	0.0146349	133.544	0.815136	0
8.41339	0.0145395	134.877	0.83418	0
8.39077	0.0145074	134.461	0.826358	0
8.38434	0.0144522	133.878	0.846082	0
8.39773	0.0145169	134.161	0.840301	0
8.4182	0.0140974	133.894	0.855944	0
8.40731	0.0144398	133.561	0.853904	0
8.38418	0.0139879	133.811	0.840641	0
8.39221	0.0143182	132.411	0.847102	0
8.4183	0.0143559	134.027	0.83282	0
8.42602	0.0144295	134.644	0.838941	0
8.40306	0.0143972	133.394	0.837581	0
8.40006	0.0143076	133.278	0.840301	0
8.4194	0.0144591	131.928	0.820237	0
8.43106	0.0142591	133.728	0.810035	0
8.42859	0.0144814	134.144	0.840981	0
8.4174	0.0144915	134.077	0.840641	0
8.39533	0.0143259	133.361	0.83316	0
8.40839	0.0145847	133.195	0.847783	0
8.4222	0.0145046	134.427	0.816497	0
8.40096	0.0143794	134.094	0.810035	0
8.4113	0.0145663	134.711	0.853564	0
8.42281	0.0144909	133.428	0.849483	0
8.40251	0.0141436	133.228	0.843022	0
8.41322	0.0142646	134.511	0.823638	0
8.43148	0.0147951	133.145	0.844042	0
8.41669	0.0144585	132.778	0.83214	0
8.41375	0.0145849	134.611	0.839621	0
8.42988	0.0145236	134.161	0.8352	0
8.42653	0.014664	134.477	0.829079	0
8.40528	0.0142995	134.411	0.847443	0
8.4176	0.0140723	136.193	0.843702	0
8.42801	0.0139883	132.745	0.844722	0
8.42479	0.0143287	135.127	0.849823	0
8.42263	0.0141742	134.161	0.823298	0
8.41715	0.0142262	132.028	0.83214	0
8.42205	0.0141531	133.344	0.838601	0
8.43497	0.0141039	133.644	0.856284	0
8.42671	0.0145901	133.361	0.796773	0
8.40238	0.0142229	133.894	0.830779	0
8.40527	0.0141207	133.444	0.8318	0
8.39137	0.01409	133.294	0.83554	0
8.38305	0.014466	133.028	0.846082	0
8.42242	0.0142581	133.928	0.83248	0
8.42635	0.014318	133.728	0.83384	0
8.40118	0.0143758	132.695	0.855264	0
8.41047	0.0144121	132.362	0.859005	0
8.42014	0.0144514	134.461	0.8369	0
8.42197	0.014747	133.278	0.827039	0
8.41522	0.0142617	132.911	0.849483	0
8.42285	0.0145827	132.395	0.841661	0
8.42795	0.0142412	132.645	0.814456	0
8.41477	0.0142512	134.027	0.848123	0
8.42013	0.0144084	134.277	0.849143	0
8.40417	0.0143895	133.528	0.83316	0
8.39196	0.0141877	133.311	0.846762	0
8.41903	0.0145556	133.944	0.83656	0
8.41444	0.014304	132.895	0.847783	0
8.4058	0.0142527	132.478	0.809355	0
8.42196	0.0146432	133.078	0.837581	0
8.41283	0.0145329	132.378	0.837921	0
8.39971	0.0145525	133.061	0.844042	0
8.40805	0.0143494	133.911	0.851183	0
8.40443	0.0142496	134.411	0.830439	0
8.39178	0.0144925	132.778	0.838601	0
8.39734	0.014382	132.795	0.820577	0
8.41426	0.0141202	134.644	0.851183	0
8.42689	0.0143903	133.011	0.8352	0
8.41336	0.0142918	133.178	0.815136	0
8.40777	0.0139196	132.395	0.847102	0
8.42416	0.0141758	133.528	0.859005	0
8.42967	0.0139827	133.261	0.820577	0
8.41479	0.0142772	133.394	0.829419	0
8.42114	0.014633	134.461	0.823638	0
8.41707	0.0141932	134.477	0.825678	0
8.38493	0.0141842	133.178	0.838941	0
8.38331	0.0141474	132.445	0.839281	0
8.40527	0.0144836	134.194	0.840981	0
8.42077	0.0142921	133.778	0.830439	0
8.41555	0.0143648	133.828	0.825338	0
8.40652	0.0144143	133.411	0.819897	0
8.42027	0.0141954	133.911	0.83452	0
8.43125	0.0143603	133.178	0.818877	0
8.41066	0.0147457	133.011	0.824318	0
8.4003	0.0139559	134.327	0.848123	0
8.4231	0.014112	133.078	0.819217	0
8.42618	0.0146016	132.745	0.83656	0
8.41715	0.0142528	133.911	0.831119	0
8.426	0.0144426	133.344	0.809015	0
8.40725	0.0144263	134.494	0.823298	0
8.41007	0.0142246	133.095	0.840641	0
8.44501	0.0144873	134.411	0.838601	0
8.44154	0.0142215	133.894	0.827719	0
8.40577	0.0138804	133.261	0.826699	0
8.39901	0.0142438	133.628	0.846082	0
8.41774	0.0144754	132.811	0.83656	0
8.41969	0.0141536	133.544	0.830779	0
8.42869	0.0143575	133.228	0.83554	0
8.43635	0.0147664	133.428	0.801194	0
8.40252	0.0140152	133.711	0.843362	0
8.40107	0.014243	134.677	0.841321	0
8.41899	0.014128	134.694	0.823638	0
8.41823	0.0145111	134.027	0.830099	0
8.43473	0.014486	133.145	0.845402	0
0	0	0	0	0
0	0	0	0	0
0	0	0	0	0
0	0	0	0	0
0	0	0	0	0
0	0	0	0	0
0	0	0	0	0
0	0	0	0	0
0	0	0	0	0
0	0	0	0	0
0	0	0	0	0
0	0	0	0	0
0	0	0	0	0
0	0	0	0	0
0	0	0	0	0
0	0	0	0	0
0	0	0	0	0
0	0	0	0	0
0	0	0	0	0
0	0	0	0	0
0	0	0	0	0
0	0	0	0	0
0	0	0	0	0
0	0	0	0	0
0	0	0	0	0
0	0	0	0	0
0	0	0	0	0
0	0	0	0	0
0	0	0	0	0
0	0	0	0	0
0	0	0	0	0
0	0	0	0	0
0	0	0	0	0
0	0	0	0	0
0	0	0	0	0
0	0	0	0	0
0	0	0	0	0
0	0	0	0	0
0	0	0	0	0
0	0	0	0	0
0	0	0	0	0
0	0	0	0	0
0	0	0	0	0
0	0	0	0	0
0	0	0	0	0
0	0	0	0	0
0	0	0	0	0
0	0	0	0	0
0	0	0	0	0
0	0	0	0	0
0	0	0	0	0
0	0	0	0	0
0	0	0	0	0
0	0	0	0	0
0	0	0	0	0
0	0	0	0	0
0	0	0	0	0
0	0	0	0	0
0	0	0	0	0
0	0	0	0	0
0	0	0	0	0
0	0	0	0	0
0	0	0	0	0
0	0	0	0	0
0	0	0	0	0
0	0	0	0	0
0	0	0	0	0
0	0	0	0	0
0	0	0	0	0
0	0	0	0	0
0	0	0	0	0
0	0	0	0	0
0	0	0	0	0
0	0	0	0	0
0	0	0	0	0
0	0	0	0	0
0	0	0	0	0
0	0	0	0	0
0	0	0	0	0
0	0	0	0	0
0	0	0	0	0
0	0	0	0	0
0	0	0	0	0
0	0	0	0	0
0	0	0	0	0
0	0	0	0	0
0	0	0	0	0
0	0	0	0	0
0	0	0	0	0
0	0	0	0	0
0	0	0	0	0
0	0	0	0	0
0	0	0	0	0
0	0	0	0	0
0	0	0	0	0
0	0	0	0	0
0	0	0	0	0
0	0	0	0	0
0	0	0	0	0
0	0	0	0	0
0	0	0	0	0
0	0	0	0	0
0	0	0	0	0
0	0	0	0	0
0	0	0	0	0
0	0	0	0	0
0	0	0	0	0
0	0	0	0	0
0	0	0	0	0
0	0	0	0	0
0	0	0	0	0
0	0	0	0	0
0	0	0	0	0
0	0	0	0	0
0	0	0	0	0
0	0	0	0	0
0	0	0	0	0
0	0	0	0	0
0	0	0	0	0
0	0	0	0	0
0	0	0	0	0
0	0	0	0	0
0	0	0	0	0
0	0	0	0	0
0	0	0	0	0
0	0	0	0	0
0	0	0	0	0
0	0	0	0	0
0	0	0	0	0
0	0	0	0	0
0	0	0	0	0
0	0	0	0	0
0	0	0	0	0
0	0	0	0	0
0	0	0	0	0
0	0	0	0	0
0	0	0	0	0
0	0	0	0	0
0	0	0	0	0
0	0	0	0	0
0	0	0	0	0
0	0	0	0	0
0	0	0	0	0
0	0	0	0	0
0	0	0	0	0
0	0	0	0	0
0	0	0	0	0
0	0	0	0	0
0	0	0	0	0
0	0	0	0	0
0	0	0	0	0
0	0	0	0	0
0	0	0	0	0
0	0	0	0	0
0	0	0	0	0
0	0	0	0	0
0	0	0	0	0
0	0	0	0	0
0	0	0	0	0
0	0	0	0	0
0	0	0	0	0
0	0	0	0	0
0	0	0	0	0
0	0	0	0	0
0	0	0	0	0
0	0	0	0	0
0	0	0	0	0
0	0	0	0	0
0	0	0	0	0
0	0	0	0	0
0	0	0	0	0
0	0	0	0	0
0	0	0	0	0
0	0	0	0	0
0	0	0	0	0
0	0	0	0	0
0	0	0	0	0
0	0	0	0	0
0	0	0	0	0
0	0	0	0	0
0	0	0	0	0
0	0	0	0	0
0	0	0	0	0
0	0	0	0	0
0	0	0	0	0
0	0	0	0	0
0	0	0	0	0
0	0	0	0	0
0	0	0	0	0
0	0	0	0	0
0	0	0	0	0
0	0	0	0	0
0	0	0	0	0
0	0	0	0	0
0	0	0	0	0
0	0	0	0	0
0	0	0	0	0
0	0	0	0	0
0	0	0	0	0
0	0	0	0	0
0	0	0	0	0
0	0	0	0	0
0	0	0	0	0
0	0	0	0	0
0	0	0	0	0
0	0	0	0	0
0	0	0	0	0
0	0	0	0	0
0	0	0	0	0
0	0	0	0	0
0	0	0	0	0
0	0	0	0	0
0	0	0	0	0
0	0	0	0	0
0	0	0	0	0
0	0	0	0	0
0	0	0	0	0
0	0	0	0	0
0	0	0	0	0
0	0	0	0	0
0	0	0	0	0
0	0	0	0	0
0	0	0	0	0
0	0	0	0	0
0	0	0	0	0
0	0	0	0	0
0	0	0	0	0
0	0	0	0	0
0	0	0	0	0
0	0	0	0	0
0	0	0	0	0
0	0	0	0	0
0	0	0	0	0
0	0	0	0	0
0	0	0	0	0
0	0	0	0	0
0	0	0	0	0
0	0	0	0	0
0	0	0	0	0
0	0	0	0	0
0	0	0	0	0
0	0	0	0	0
0	0	0	0	0
0	0	0	0	0
0	0	0	0	0
0	0	0	0	0
0	0	0	0	0
0	0	0	0	0
0	0	0	0	0
0	0	0	0	0
0	0	0	0	0
0	0	0	0	0
0	0	0	0	0
0	0	0	0	0
0	0	0	0	0
0	0	0	0	0
0	0	0	0	0
0	0	0	0	0
0	0	0	0	0
0	0	0	0	0
0	0	0	0	0
0	0	0	0	0
0	0	0	0	0
0	0	0	0	0
0	0	0	0	0
0	0	0	0	0
0	0	0	0	0
0	0	0	0	0
0	0	0	0	0
0	0	0	0	0
0	0	0	0	0
0	0	0	0	0
0	0	0	0	0
0	0	0	0	0
0	0	0	0	0
0	0	0	0	0
0	0	0	0	0
0	0	0	0	0
0	0	0	0	0
0	0	0	0	0
0	0	0	0	0
0	0	0	0	0
0	0	0	0	0
0	0	0	0	0
0	0	0	0	0
0	0	0	0	0
0	0	0	0	0
0	0	0	0	0
0	0	0	0	0
0	0	0	0	0
0	0	0	0	0
0	0	0	0	0
0	0	0	0	0
0	0	0	0	0
0	0	0	0	0
0	0	0	0	0
0	0	0	0	0
0	0	0	0	0
0	0	0	0	0
0	0	0	0	0
0	0	0	0	0
0	0	0	0	0
0	0	0	0	0
0	0	0	0	0
0	0	0	0	0
0	0	0	0	0
0	0	0	0	0
0	0	0	0	0
0	0	0	0	0
0	0	0	0	0
0	0	0	0	0
0	0	0	0	0
0	0	0	0	0
0	0	0	0	0
0	0	0	0	0
0	0	0	0	0
0	0	0	0	0
0	0	0	0	0
0	0	0	0	0
0	0	0	0	0
0	0	0	0	0
0	0	0	0	0
0	0	0	0	0
0	0	0	0	0
0	0	0	0	0
0	0	0	0	0
0	0	0	0	0
0	0	0	0	0
0	0	0	0	0
0	0	0	0	0
0	0	0	0	0
0	0	0	0	0
0	0	0	0	0
0	0	0	0	0
0	0	0	0	0
0	0	0	0	0
0	0	0	0	0
0	0	0	0	0
0	0	0	0	0
0	0	0	0	0
0	0	0	0	0
0	0	0	0	0
0	0	0	0	0
0	0	0	0	0
0	0	0	0	0
0	0	0	0	0
0	0	0	0	0
0	0	0	0	0
0	0	0	0	0
0	0	0	0	0
0	0	0	0	0
0	0	0	0	0
0	0	0	0	0
0	0	0	0	0
0	0	0	0	0
0	0	0	0	0
0	0	0	0	0
0	0	0	0	0
0	0	0	0	0
0	0	0	0	0
0	0	0	0	0
0	0	0	0	0
0	0	0	0	0
0	0	0	0	0
0	0	0	0	0
0	0	0	0	0
0	0	0	0	0
0	0	0	0	0
0	0	0	0	0
0	0	0	0	0
0	0	0	0	0
0	0	0	0	0
0	0	0	0	0
0	0	0	0	0
0	0	0	0	0
0	0	0	0	0
0	0	0	0	0
0	0	0	0	0
0	0	0	0	0
0	0	0	0	0
0	0	0	0	0
0	0	0	0	0
0	0	0	0	0
0	0	0	0	0
0	0	0	0	0
0	0	0	0	0
0	0	0	0	0
0	0	0	0	0
0	0	0	0	0
0	0	0	0	0
0	0	0	0	0
0	0	0	0	0
0	0	0	0	0
0	0	0	0	0
0	0	0	0	0
0	0	0	0	0
0	0	0	0	0
0	0	0	0	0
0	0	0	0	0
0	0	0	0	0
