a2610923.350156
Narit-cm 09/01/2026 23:05:01 09/01/2026 23:35:01 0045 0013.384714 0052.542598 00.0 00.0
0002388 0010 0000000 0010 05 0000000 0010 0000000 0010
1 0 1 01600 1 0000 3.75 00000.o 0 0 01 000 16 002388 0.500 BT0
1 2 1 02000 1 0000 3.75 00000.o 0 0 01 000 16 002388 0.500 S2A0
1 1 1 01600 1 0000 3.75 00000.o 0 0 00 000 00 002388 3.1746 BC0
1 3 1 02000 1 0000 3.75 00000.o 0 0 00 000 00 002388 3.1746 S2P0
1 5 0 01600 0 0000 1.00 00000.o 0 0 00 000 00 000000 0.000 OF0
0.000 .o Analog 0 	0.000 .o Analog StErr 0 	0.000 .o Photon Counting 0 	0.000 .o PC StErr 0 	0.000 .o Overflow Info 0 
30.6996	0.16946	178.878	0.891058	0
70.5794	0.417237	195.879	0.887286	0
290.447	2.32169	105.946	1.35356	0
473.825	0.0400694	0.452261	0.0863973	0
473.457	0	0	0	0
473.457	0	0.117253	0.0500556	0
473.457	6.40849E-6	20.5695	0.568439	0
473.457	6.40849E-6	7.78894	0.410387	0
473.457	0	5.00838	0.319533	0
473.457	9.0242E-6	19.933	0.582496	0
473.457	0	49.2797	0.824202	0
473.457	6.40849E-6	110.385	1.07311	0
473.457	0	159.296	1.0114	0
473.457	0	129.447	1.07997	0
473.457	9.0242E-6	87.6382	0.95517	0
473.457	0	76.2814	0.867058	0
473.457	6.40849E-6	79.33	0.930485	0
473.457	0	88.526	0.892429	0
473.457	0	107.102	0.932542	0
473.457	0	116.851	0.913685	0
473.457	0	120.017	0.942142	0
473.457	0	134.221	0.94557	0
473.457	0	156.65	0.927399	0
473.457	0	175.846	0.934942	0
473.457	0	187.772	0.876315	0
473.457	0	195.796	0.867401	0
473.457	0	201.742	0.909914	0
473.457	0	204.925	0.918485	0
473.457	0	204.054	0.865687	0
473.457	0	204.523	0.875287	0
473.457	0	202.73	0.863287	0
473.457	0	202.915	0.8962	0
473.457	0	201.926	0.8914	0
473.457	9.0242E-6	202.814	0.911285	0
473.706	0.0453895	202.094	0.912657	1
481.558	0.233222	201.491	0.885572	1
498.293	0.123629	202.362	0.889343	1
499.967	0.0191739	200.469	0.878715	1
500	0	198.409	0.872544	1
500	0	200.151	0.879744	1
499.981	0.0112039	199.246	0.895857	1
499.267	0.087604	201.441	0.872887	1
487.481	0.366421	202.965	0.895172	1
449.691	0.561472	202.68	0.875629	1
405.603	0.574653	202.848	0.878029	1
364.322	0.608125	201.357	0.895857	0
323.345	0.640296	201.591	0.886601	0
282.644	0.642297	203.333	0.879744	0
242.805	0.640401	200.637	0.897572	0
204.427	0.631632	203.769	0.895172	0
168.768	0.599719	203.953	0.8914	0
136.835	0.551421	202.714	0.893457	0
109.204	0.490951	201.307	0.869115	0
86.0653	0.425999	201.407	0.882144	0
67.4187	0.363868	199.397	0.886601	0
52.6113	0.300101	199.146	0.86843	0
40.971	0.242154	197.873	0.865001	0
32.289	0.196246	196.198	0.864316	0
25.7862	0.156506	195.226	0.855059	0
20.8102	0.124112	193.819	0.856087	0
17.2621	0.0975949	191.323	0.853344	0
14.8029	0.0766127	191.859	0.851973	0
12.9476	0.0620248	190.687	0.848545	0
11.6122	0.0513832	188.794	0.867744	0
10.812	0.0441803	185.427	0.838259	0
10.269	0.0387141	185.31	0.850945	0
9.88541	0.0347155	184.489	0.84683	0
9.60675	0.0319345	181.256	0.848887	0
9.14556	0.0326403	181.189	0.854716	0
8.21802	0.0327711	176.683	0.864658	0
6.99491	0.0277378	173.166	0.833459	0
6.26175	0.0233279	170.168	0.832431	0
6.15078	0.0227948	171.759	0.838945	0
6.29425	0.0240191	171.055	0.859859	0
6.68178	0.0254324	170.318	0.847859	0
7.13215	0.0255855	170.653	0.845116	0
7.45696	0.0245693	170	0.845459	0
7.73153	0.0241975	169.866	0.84923	0
7.75025	0.0254962	169.129	0.855402	0
7.50244	0.0250323	166.348	0.843402	0
7.31252	0.0244201	167.923	0.857459	0
7.20115	0.0236189	163.099	0.843402	0
7.03883	0.0226804	163.668	0.853687	0
6.81673	0.0226086	159.43	0.847516	0
6.4972	0.0214533	158.559	0.835174	0
6.16067	0.0199534	155.879	0.839973	0
6.01046	0.0196602	155.779	0.829345	0
6.0276	0.0192443	154.908	0.838945	0
6.17919	0.0191905	156.114	0.853002	0
6.45146	0.0192988	157.002	0.855744	0
6.68009	0.0196954	155.896	0.862601	0
6.78794	0.0193769	156.114	0.842373	0
6.76753	0.0188841	154.908	0.820431	0
6.67363	0.0183167	153.149	0.824202	0
6.60883	0.0181141	151.374	0.85883	0
6.53731	0.0182441	151.089	0.843402	0
6.44155	0.0180311	148.878	0.848887	0
6.34653	0.0177395	149.548	0.830717	0
6.24224	0.0172422	146.7	0.836545	0
6.13969	0.0166283	144.74	0.836545	0
6.0576	0.0163371	143.769	0.853687	0
6.00084	0.0161807	141.424	0.837916	0
5.99131	0.0156761	143.585	0.851973	0
6.01753	0.015059	141.826	0.842716	0
6.0468	0.0157916	140.101	0.823517	0
6.07683	0.0153717	140.804	0.861573	0
6.10514	0.0155774	139.799	0.848887	0
6.14046	0.0155554	138.693	0.85163	0
6.21541	0.0152428	140.318	0.857801	0
6.28162	0.0150255	139.832	0.832774	0
6.30867	0.015234	139.112	0.837916	0
6.36743	0.0149409	139.246	0.827974	0
6.44341	0.0147859	139.548	0.838945	0
6.48153	0.0150658	138.208	0.873915	0
6.51195	0.0148501	138.861	0.845116	0
6.53144	0.0147734	138.074	0.85643	0
6.53231	0.0148013	137.085	0.870487	0
6.56259	0.014702	135.963	0.854373	0
6.60807	0.0151438	136.918	0.838259	0
6.61058	0.0146966	136.365	0.846145	0
6.60962	0.0144512	135.494	0.844773	0
6.62402	0.0144901	137.186	0.843745	0
6.64296	0.0144744	136.265	0.848545	0
6.6702	0.0143588	136.147	0.84683	0
6.6649	0.0145127	134.506	0.857459	0
6.63884	0.0142697	135.276	0.860887	0
6.65555	0.0141787	132.412	0.85403	0
6.69193	0.0141775	133.501	0.863287	0
6.70003	0.0143235	133.384	0.851973	0
6.69727	0.0140637	133.4	0.832431	0
6.70185	0.0137996	131.457	0.830717	0
6.72317	0.0137903	132.747	0.866715	0
6.72983	0.0139398	130.988	0.86363	0
6.71196	0.01357	131.24	0.851287	0
6.71225	0.0135614	131.039	0.842373	0
6.72528	0.0135383	131.491	0.851973	0
6.71899	0.0134827	130.402	0.852316	0
6.71387	0.0133473	129.95	0.843745	0
6.71761	0.0135276	128.61	0.841002	0
6.69519	0.0130913	129.715	0.862601	0
6.69781	0.0132157	129.095	0.852316	0
6.718	0.0130802	128.023	0.826602	0
6.7197	0.0129909	128.978	0.840659	0
6.71158	0.0132152	127.605	0.837916	0
6.70411	0.0130434	127.37	0.837573	0
6.71434	0.0131849	127.94	0.855744	0
6.71161	0.0129536	126.717	0.824202	0
6.69935	0.0127902	125.963	0.845116	0
6.70113	0.0128463	126.097	0.841345	0
6.69346	0.0128849	125.678	0.871515	0
6.67448	0.0130523	123.668	0.836545	0
6.66662	0.0127755	125.243	0.85163	0
6.66199	0.0125527	126.482	0.846487	0
6.65272	0.0123537	125.025	0.848202	0
6.61975	0.0120762	123.853	0.849916	0
6.5908	0.0123685	120.938	0.84203	0
6.57379	0.0122498	122.295	0.844773	0
6.55012	0.0119508	122.479	0.84923	0
6.54981	0.0119095	120.469	0.834145	0
6.55234	0.0116978	121.591	0.845459	0
6.53694	0.0116951	121.608	0.824888	0
6.49776	0.0115514	119.682	0.850602	0
6.46323	0.0119746	118.643	0.855059	0
6.45395	0.0116432	117.152	0.825574	0
6.41094	0.011571	117.739	0.848545	0
6.37913	0.0120644	115.863	0.837916	0
6.37671	0.01173	117.286	0.854716	0
6.374	0.0114078	116.6	0.818031	0
6.33193	0.0114021	115.26	0.862944	0
6.28799	0.0112753	114.841	0.825917	0
6.27772	0.0111526	114.104	0.839973	0
6.25265	0.011179	115.042	0.815974	0
6.21805	0.0109525	112.044	0.845116	0
6.19679	0.011114	112.178	0.832431	0
6.17501	0.0110828	110.704	0.833116	0
6.16002	0.0106385	111.809	0.829688	0
6.13184	0.0107857	109.883	0.85643	0
6.07963	0.0105599	109.146	0.834831	0
6.05791	0.01048	108.526	0.839288	0
6.04615	0.0107548	106.918	0.829002	0
6.01303	0.0107683	105.544	0.84203	0
5.98387	0.0104825	105.628	0.863973	0
5.95595	0.0102971	104.104	0.833802	0
5.91941	0.0102505	103.283	0.831059	0
5.88981	0.0103634	102.647	0.826945	0
5.87684	0.0101286	103.032	0.826602	0
5.85441	0.00982238	101.441	0.841002	0
5.81745	0.0100913	99.7487	0.849573	0
5.79094	0.0100133	101.106	0.846145	0
5.78248	0.00975555	99.8325	0.841688	0
5.74742	0.00985089	98.5595	0.837231	0
5.70516	0.00963006	96.7504	0.833459	0
5.68912	0.00947148	96.9179	0.85163	0
5.66639	0.00941688	96.4322	0.84203	0
5.61875	0.00966564	93.8693	0.837573	0
5.59362	0.00923071	93.8358	0.845116	0
5.58474	0.00908325	93.2496	0.825917	0
5.56249	0.00912765	92.7973	0.837916	0
5.555	0.00911209	92.2613	0.820088	0
5.54563	0.00948378	91.474	0.817346	0
5.51056	0.00945004	89.5477	0.830031	0
5.4768	0.00919128	89.9832	0.822145	0
5.45105	0.00887961	87.6549	0.809803	0
5.42655	0.00882737	87.1189	0.818717	0
5.41228	0.00870802	85.6784	0.819745	0
5.39701	0.0087334	85.2429	0.851973	0
5.37594	0.00856056	86.1474	0.838602	0
5.35399	0.00888223	84.1206	0.826602	0
5.33801	0.00856665	85.1256	0.848887	0
5.3205	0.0085658	82.7303	0.826602	0
5.29739	0.00827127	83.3501	0.819745	0
5.28172	0.00842854	83.2663	0.819403	0
5.25908	0.00838852	80.067	0.814946	0
5.23119	0.00839545	79.8325	0.818031	0
5.20532	0.00821398	78.7102	0.815288	0
5.20245	0.00823648	79.3467	0.827288	0
5.19831	0.00842762	77.9564	0.797803	0
5.16329	0.00838479	77.6382	0.813231	0
5.14008	0.00816932	75.9464	0.824202	0
5.12661	0.00811138	76.5662	0.823517	0
5.1107	0.00777304	73.8693	0.820088	0
5.09661	0.00786845	75.3434	0.796775	0
5.07754	0.00786688	73.5343	0.817346	0
5.05185	0.00786047	73.1491	0.81666	0
5.03791	0.0078963	71.9765	0.815631	0
5.01904	0.00763179	70.1005	0.813574	0
4.99817	0.00748616	70.9883	0.803975	0
4.9942	0.00754135	71.1055	0.831059	0
4.97672	0.00747014	69.5142	0.812203	0
4.93705	0.00751709	65.7789	0.793346	0
4.92906	0.00753664	68.2412	0.801232	0
4.92298	0.00735694	65.2764	0.796432	0
4.89593	0.00721642	66.5327	0.815288	0
4.889	0.00707471	66.7169	0.794375	0
4.87905	0.00724297	64.2714	0.79746	0
4.85754	0.00715384	63.8191	0.813231	0
4.83335	0.00694647	62.6131	0.800889	0
4.82529	0.00719804	62.6298	0.799175	0
4.81227	0.00700722	62.2948	0.806717	0
4.79255	0.00688481	61.273	0.793689	0
4.79014	0.00684381	61.876	0.801575	0
4.77858	0.00703135	61.3065	0.783404	0
4.76176	0.00686964	59.665	0.803975	0
4.74896	0.0068049	58.1742	0.803632	0
4.72665	0.00670635	57.9732	0.773461	0
4.72147	0.00647486	58.0402	0.769347	0
4.7147	0.00650095	57.7554	0.785118	0
4.69447	0.00656962	56.2814	0.759062	0
4.68633	0.00653319	55.4271	0.769347	0
4.67797	0.00646388	56.8007	0.758719	0
4.65331	0.00638142	53.5678	0.769347	0
4.63527	0.00618883	54.1876	0.765919	0
4.62975	0.00623533	52.6466	0.764204	0
4.62021	0.00619322	52.6298	0.748776	0
4.61854	0.00628699	52.6633	0.769004	0
4.60603	0.006228	51.8425	0.76249	0
4.57695	0.00601129	50.2178	0.758719	0
4.56257	0.00596343	49.196	0.752548	0
4.56789	0.00606818	50.0168	0.749805	0
4.56077	0.0060793	49.5142	0.748433	0
4.54012	0.00585618	49.0117	0.746034	0
4.52425	0.00578602	47.4372	0.736091	0
4.52163	0.00567498	47.3702	0.728891	0
4.51986	0.00585592	47.7722	0.748433	0
4.50789	0.00589561	46.9347	0.736434	0
4.49214	0.00563404	45.6114	0.737805	0
4.48385	0.00548874	45.4774	0.721006	0
4.474	0.00555943	45.2261	0.736434	0
4.45978	0.00556623	43.8861	0.724091	0
4.46146	0.00575332	44.9246	0.728548	0
4.46277	0.00557676	44.4556	0.734034	0
4.44493	0.00539268	43.6516	0.718263	0
4.42138	0.00525921	41.5075	0.688435	0
4.41017	0.00519238	40.938	0.700435	0
4.4065	0.00528648	40.3015	0.720663	0
4.40371	0.0053384	39.8827	0.703521	0
4.39254	0.00525182	40	0.698035	0
4.37794	0.00524482	38.4255	0.693578	0
4.37619	0.00519571	39.1792	0.696321	0
4.37433	0.00532617	39.3467	0.702492	0
4.36389	0.00522782	39.5645	0.699749	0
4.35528	0.00498352	37.5377	0.683978	0
4.34477	0.00497416	37.2529	0.677464	0
4.33987	0.00495572	36.4992	0.666493	0
4.33277	0.00486103	37.6214	0.686721	0
4.32149	0.00490191	35.6784	0.681236	0
4.31862	0.00478969	35.9799	0.67095	0
4.31565	0.00488942	35.1424	0.684664	0
4.30654	0.00489726	35.8794	0.664436	0
4.29345	0.00475817	33.9866	0.656551	0
4.28749	0.00488091	34.9414	0.672664	0
4.2836	0.00482474	33.4506	0.658608	0
4.27564	0.0046542	33.8358	0.650037	0
4.27298	0.0045652	34.1206	0.658608	0
4.26674	0.00464184	32.8811	0.656551	0
4.25919	0.00484017	32.8811	0.648665	0
4.25582	0.00464916	32.5963	0.659979	0
4.25264	0.00451602	33.6013	0.649008	0
4.24342	0.00455343	31.0218	0.654494	0
4.23416	0.00451027	31.6248	0.640437	0
4.23123	0.00445697	31.072	0.642494	0
4.22886	0.00457782	31.4908	0.647294	0
4.22565	0.00447966	30.804	0.645922	0
4.21709	0.00432364	30.469	0.648322	0
4.21351	0.00435869	30.5528	0.641123	0
4.21099	0.00436967	30.4355	0.64078	0
4.19972	0.00436503	29.4305	0.637008	0
4.19407	0.00419409	29.0117	0.615066	0
4.19393	0.00428421	28.8945	0.633237	0
4.18159	0.00417421	27.3032	0.622609	0
4.17339	0.00430317	27.5544	0.62158	0
4.16894	0.00410438	27.9397	0.62398	0
4.16317	0.00410699	26.9012	0.615409	0
4.16758	0.00419396	29.2295	0.635637	0
4.16303	0.00396849	27.7052	0.610266	0
4.14992	0.00406926	26.7337	0.605467	0
4.14534	0.00403898	26.2647	0.601695	0
4.14352	0.00385719	25.9966	0.587296	0
4.14258	0.00391362	26.2479	0.598267	0
4.14061	0.00391604	26.1474	0.594838	0
4.13129	0.00394364	25.5276	0.589696	0
4.12988	0.00386138	25.8794	0.605467	0
4.12737	0.00390885	24.8744	0.598952	0
4.12154	0.00387727	25.4774	0.57701	0
4.11786	0.00380514	24.9916	0.587639	0
4.10898	0.00383371	24.3384	0.587639	0
4.10837	0.00379304	25.0084	0.589696	0
4.11356	0.00394802	25.1089	0.608552	0
4.10371	0.0039696	23.9866	0.58661	0
4.0917	0.00377748	23.3166	0.565696	0
4.09753	0.00382541	24.1876	0.570496	0
4.09573	0.00371117	23.4338	0.560211	0
4.08658	0.00362969	23.9531	0.583524	0
4.08421	0.00366134	22.5963	0.577353	0
4.07983	0.00363074	23.3836	0.55164	0
4.077	0.00370705	22.4623	0.562268	0
4.07217	0.00363028	21.273	0.544097	0
4.06854	0.00366363	22.6131	0.567411	0
4.06777	0.0036359	23.1658	0.565696	0
4.05966	0.00358136	21.3233	0.555411	0
4.05242	0.00355063	20.737	0.542383	0
4.04995	0.00358731	21.7085	0.552668	0
4.05134	0.0034596	22.0771	0.554725	0
4.05026	0.00371568	21.005	0.550954	0
4.04459	0.00351244	20.603	0.542383	0
4.04334	0.0034564	20.1675	0.547183	0
4.04417	0.0035044	20.5863	0.541354	0
4.03954	0.00348406	20.67	0.534497	0
4.02837	0.00338296	19.5645	0.532783	0
4.02588	0.00337871	19.933	0.537926	0
4.02394	0.00329599	19.5477	0.538269	0
4.0176	0.00327886	19.531	0.53484	0
4.017	0.00336727	18.9112	0.533469	0
4.01349	0.00332744	19.2127	0.520784	0
4.00657	0.00334183	19.5477	0.545126	0
4.00501	0.00333732	18.2245	0.520784	0
4.00328	0.00333281	17.9899	0.515984	0
4.00245	0.00328755	19.2797	0.523526	0
4.00257	0.00331018	18.593	0.526612	0
3.99867	0.00325133	18.6097	0.519755	0
3.99453	0.00308196	18.1072	0.509812	0
3.98756	0.00322576	16.6499	0.49747	0
3.9822	0.0031705	17.3534	0.512212	0
3.98441	0.00314219	17.5544	0.512212	0
3.98298	0.00319274	17.0854	0.509812	0
3.97651	0.0031002	15.8961	0.482728	0
3.97645	0.00317599	17.3869	0.506041	0
3.97686	0.0030917	16.4824	0.490956	0
3.97005	0.00301859	16.6499	0.489242	0
3.96779	0.00315422	16.5829	0.502613	0
3.96661	0.00305927	16.5159	0.495413	0
3.96683	0.0030985	16.2982	0.487527	0
3.96707	0.00304907	16.9849	0.503641	0
3.96399	0.0030524	16.4489	0.48547	0
3.95982	0.00301225	16.3987	0.499184	0
3.95941	0.00295595	15.9129	0.483413	0
3.95709	0.00307209	15.6281	0.481699	0
3.95143	0.00295366	15.6449	0.475871	0
3.94723	0.00300355	15.4439	0.479299	0
3.94484	0.00291625	15.0921	0.468328	0
3.94634	0.0029292	15.0419	0.481013	0
3.94552	0.00293365	16.0804	0.49027	0
3.93903	0.00299773	14.8911	0.470385	0
3.93766	0.00289101	16.0469	0.486499	0
3.94044	0.00295222	14.8576	0.478956	0
3.93736	0.00291233	15.4104	0.48307	0
3.93541	0.00288598	14.8074	0.467985	0
3.93662	0.00294934	15.5276	0.486499	0
3.93914	0.00300924	14.8576	0.476214	0
3.93956	0.00293195	15.3434	0.476899	0
3.93253	0.00290592	14.2379	0.465242	0
3.92683	0.0028491	13.9698	0.449129	0
3.93118	0.00283209	15.3099	0.479299	0
3.93253	0.00291547	14.8409	0.470042	0
3.92519	0.00289101	14.4891	0.474499	0
3.92172	0.00280476	14.7739	0.472099	0
3.92271	0.00290926	13.9866	0.464557	0
3.92392	0.00284543	14.5896	0.463528	0
3.9265	0.00294261	15.6281	0.472099	0
3.92463	0.00280175	14.2546	0.463528	0
3.92091	0.00283975	14.7404	0.477242	0
3.91737	0.00281051	14.2881	0.461814	0
3.91703	0.0028746	14.8241	0.467642	0
3.92258	0.00290605	14.6399	0.469014	0
3.91752	0.00279698	13.3836	0.452557	0
3.91203	0.00287774	14.3719	0.468328	0
3.91647	0.00272138	14.4054	0.461471	0
3.91883	0.00281947	15.0084	0.464214	0
3.91452	0.00280646	14.7739	0.466614	0
3.91144	0.00294915	14.9581	0.477585	0
3.90409	0.00277815	13.7856	0.447414	0
3.89754	0.00275075	13.4841	0.450843	0
3.89771	0.00273989	13.6851	0.445014	0
3.89881	0.00267254	14.0871	0.461471	0
3.89835	0.0027822	13.2998	0.453928	0
3.89302	0.00271674	12.8643	0.442957	0
3.88686	0.00268319	12.5293	0.434386	0
3.88556	0.00267986	12.1943	0.435072	0
3.88177	0.00258635	12.0436	0.429244	0
3.87836	0.00243542	11.5745	0.407987	0
3.87079	0.00246406	10.8208	0.408673	0
3.87054	0.00252181	11.541	0.417244	0
3.8684	0.00248414	10.3518	0.401473	0
3.85917	0.00246007	10.3015	0.400787	0
3.86131	0.00237755	10.871	0.41073	0
3.86555	0.00239985	10.804	0.40593	0
3.8568	0.00242529	10.603	0.401816	0
3.85049	0.00246583	10.2513	0.397702	0
3.84748	0.00227174	9.59799	0.388445	0
3.84572	0.00234681	9.81575	0.387073	0
3.84647	0.00231896	9.31323	0.380902	0
3.84833	0.00234145	9.81575	0.382959	0
3.84989	0.00231634	9.88275	0.393588	0
3.84992	0.00233655	9.69849	0.393245	0
3.85237	0.00234982	10.67	0.403187	0
3.84993	0.00233642	10.67	0.407301	0
3.83899	0.00227913	9.02848	0.37576	0
3.83877	0.00231857	10.1843	0.392559	0
3.84214	0.00228803	9.46399	0.388445	0
3.83188	0.00218497	8.69347	0.364788	0
3.82817	0.00218732	9.06198	0.377131	0
3.83053	0.00218948	8.96147	0.368217	0
3.82715	0.00220524	8.20771	0.354503	0
3.82684	0.00220903	9.17923	0.390845	0
3.82945	0.00222643	8.94472	0.380217	0
3.82747	0.00224454	8.27471	0.364788	0
3.82533	0.00219831	8.60972	0.364446	0
3.82045	0.00210153	8.29146	0.359646	0
3.8179	0.0020959	7.9732	0.364446	0
3.81942	0.00212245	8.47571	0.363417	0
3.81524	0.00206909	7.10218	0.338046	0
3.81029	0.00203685	7.48744	0.343875	0
3.80902	0.00206203	7.57119	0.348332	0
3.80647	0.00201135	7.18593	0.337704	0
3.80284	0.00204313	6.95142	0.338046	0
3.80097	0.00196355	6.91792	0.330847	0
3.79936	0.00198264	6.88442	0.331875	0
3.79968	0.00195302	7.03518	0.334275	0
3.80023	0.00194713	6.61642	0.322961	0
3.80162	0.00203129	7.42044	0.338046	0
3.80224	0.00197342	6.78392	0.325018	0
3.80073	0.00200363	6.85092	0.326047	0
3.8005	0.00195845	6.76717	0.327418	0
3.79803	0.00194812	6.43216	0.32399	0
3.79588	0.0018973	6.90117	0.338732	0
3.79738	0.00194498	6.83417	0.329132	0
3.79522	0.00189351	6.98492	0.330847	0
3.79508	0.00199755	7.11893	0.334961	0
3.79301	0.00192412	6.19765	0.312676	0
3.79135	0.0019132	7.30318	0.344218	0
3.79315	0.00188096	6.61642	0.322276	0
3.79156	0.00187527	6.78392	0.330161	0
3.78815	0.00186951	6.0469	0.306505	0
3.78902	0.00186219	6.23116	0.316104	0
3.78625	0.00185918	6.34841	0.320904	0
3.78451	0.00188024	5.99665	0.310962	0
3.78642	0.00189672	6.43216	0.323304	0
3.78815	0.0018956	6.34841	0.315761	0
3.78678	0.00184447	6.75042	0.320904	0
3.78421	0.0018994	5.71189	0.300676	0
3.78248	0.00188285	6.29816	0.310276	0
3.78078	0.00186023	5.74539	0.303419	0
3.77868	0.00186592	6.21441	0.318504	0
3.77817	0.00185493	6.03015	0.306162	0
3.77473	0.00173238	5.30988	0.287648	0
3.76996	0.00175756	5.10888	0.288334	0
3.76943	0.00179379	5.19263	0.291077	0
3.77164	0.00175338	5.36013	0.293476	0
3.7711	0.0017314	5.47739	0.298962	0
3.77057	0.00173801	5.56114	0.306162	0
3.76949	0.00173343	5.25963	0.294505	0
3.77008	0.00173023	5.77889	0.303076	0
3.77091	0.00169184	4.99162	0.284562	0
3.77118	0.0017505	5.67839	0.306505	0
3.77296	0.00180477	5.9464	0.311647	0
3.77199	0.00177031	5.57789	0.303762	0
3.76883	0.00175998	5.10888	0.290048	0
3.76554	0.0016906	4.95812	0.279077	0
3.76737	0.00176227	6.0469	0.310962	0
3.77064	0.00176515	5.66164	0.305476	0
3.7682	0.00179516	5.76214	0.301705	0
3.76584	0.0017641	5.37688	0.294848	0
3.76572	0.00174056	5.41039	0.298276	0
3.76646	0.00177064	5.77889	0.307533	0
3.76611	0.00179137	5.36013	0.292791	0
3.76523	0.00173271	5.19263	0.286277	0
3.76322	0.00168171	4.94137	0.278734	0
3.76436	0.00174559	5.62814	0.305476	0
3.76556	0.00177679	5.24288	0.289362	0
3.76058	0.00171165	4.82412	0.273934	0
3.75805	0.00170485	5.17588	0.285934	0
3.75805	0.00167007	4.90787	0.279763	0
3.75907	0.0017282	5.25963	0.28662	0
3.7587	0.00174435	4.94137	0.285591	0
3.75487	0.00166398	4.94137	0.283534	0
3.75541	0.00167569	5.20938	0.292448	0
3.7579	0.00164764	5.22613	0.280105	0
3.76021	0.00171747	5.66164	0.309933	0
3.76131	0.00177358	5.72864	0.303076	0
3.76156	0.00173801	5.10888	0.288334	0
3.76166	0.00169276	5.10888	0.290048	0
3.76038	0.00174579	5.34338	0.296905	0
3.75902	0.00174455	5.30988	0.299305	0
3.75531	0.00173402	4.60637	0.271877	0
3.74967	0.00167915	4.28811	0.272563	0
3.74456	0.00155936	4.0201	0.256106	0
3.74216	0.0015385	4.30486	0.263649	0
3.74245	0.00158571	4.10385	0.26262	0
3.73988	0.00154588	3.73534	0.248564	0
3.73626	0.00146316	3.53434	0.23725	0
3.7363	0.00149553	3.61809	0.23965	0
3.734	0.00143328	3.06533	0.221479	0
3.73447	0.00147703	3.61809	0.248906	0
3.73703	0.0014612	3.60134	0.244792	0
3.73477	0.00140581	3.28308	0.227307	0
3.73312	0.00139633	3.09883	0.221479	0
3.73323	0.00144211	3.41709	0.23485	0
3.73438	0.00140732	3.26633	0.230393	0
3.73334	0.00141144	3.19933	0.229707	0
3.73318	0.00143864	3.48409	0.237935	0
3.73258	0.00143504	3.63484	0.241364	0
3.73043	0.00141255	3.01508	0.223879	0
3.73132	0.00144459	3.8191	0.244107	0
3.73253	0.00147781	3.55109	0.241021	0
3.72968	0.00142824	3.14908	0.223193	0
3.72827	0.00145035	3.33333	0.23485	0
3.72968	0.00142792	3.19933	0.225936	0
3.73003	0.00138476	3.29983	0.231421	0
3.73212	0.00144616	3.38358	0.235193	0
3.73563	0.00149488	3.63484	0.237592	0
3.73344	0.00143171	3.40034	0.233135	0
3.73325	0.00153523	3.8526	0.253021	0
3.73281	0.00149736	3.36683	0.235878	0
3.73131	0.00154445	3.8526	0.258506	0
3.72905	0.00145479	3.35008	0.234164	0
3.72595	0.00138973	3.26633	0.229021	0
3.72407	0.00136278	3.01508	0.22765	0
3.72208	0.00131727	2.76382	0.209136	0
3.72077	0.00136344	2.81407	0.218393	0
3.72166	0.00133924	2.81407	0.214622	0
3.72346	0.0013707	3.28308	0.233135	0
3.72292	0.00137011	2.76382	0.212908	0
3.72158	0.001369	2.99832	0.220793	0
3.72182	0.00135147	2.94807	0.22045	0
3.72257	0.00137737	2.89782	0.221136	0
3.72095	0.00135337	2.81407	0.21325	0
3.71963	0.00135239	2.76382	0.21805	0
3.71609	0.00128287	2.21106	0.191651	0
3.71349	0.00125718	2.1608	0.194051	0
3.71434	0.00129406	2.44556	0.203308	0
3.71208	0.00123533	2.24456	0.19268	0
3.71026	0.00126541	1.9263	0.176909	0
3.70943	0.00121245	2.0603	0.184108	0
3.70888	0.00117413	2.17755	0.19028	0
3.70952	0.00122284	1.94305	0.179309	0
3.70864	0.00120244	1.74204	0.16868	0
3.70555	0.00115	1.55779	0.160109	0
3.70614	0.00111423	1.62479	0.161481	0
3.70718	0.00114136	1.77554	0.17348	0
3.70844	0.00117792	2.0603	0.184108	0
3.7082	0.00115882	2.01005	0.178966	0
3.70641	0.00115549	1.79229	0.17108	0
3.70563	0.00115484	1.57454	0.165938	0
3.70655	0.00116805	2.01005	0.182051	0
3.7062	0.001153	1.90955	0.176223	0
3.70415	0.00117118	1.79229	0.172795	0
3.70445	0.00117125	1.70854	0.167309	0
3.70519	0.00117511	2.0603	0.182394	0
3.70422	0.00114267	1.65829	0.166623	0
3.70379	0.00113581	2.01005	0.183423	0
3.70483	0.00116988	1.87605	0.176223	0
3.70483	0.00117713	1.90955	0.176223	0
3.70288	0.00113313	1.70854	0.170395	0
3.7022	0.00112953	1.54104	0.161138	0
3.70349	0.00115	1.72529	0.169709	0
3.70297	0.0011428	1.57454	0.159081	0
3.70139	0.00107264	1.50754	0.157709	0
3.70075	0.00110658	1.49079	0.154967	0
3.69992	0.00105282	1.13903	0.13611	0
3.70171	0.00114509	1.79229	0.172795	0
3.70224	0.00114503	1.47404	0.157709	0
3.6998	0.00112855	1.59129	0.163538	0
3.69916	0.00114921	1.64154	0.165938	0
3.69959	0.00112149	1.54104	0.157709	0
3.69812	0.00108166	1.35678	0.14811	0
3.69735	0.00104883	1.44054	0.152567	0
3.69875	0.00104622	1.50754	0.161138	0
3.69957	0.0010795	1.64154	0.164223	0
3.70116	0.00111227	1.67504	0.170737	0
3.70085	0.00112907	1.90955	0.177594	0
3.70063	0.00113751	1.57454	0.160795	0
3.69891	0.00110141	1.50754	0.159424	0
3.69712	0.00107846	1.72529	0.16628	0
3.69833	0.00111612	1.74204	0.170395	0
3.69878	0.00110618	1.62479	0.163195	0
3.69601	0.00109494	1.54104	0.159424	0
3.69562	0.00107839	1.42379	0.153595	0
3.6943	0.00104655	1.13903	0.138167	0
3.69466	0.00108931	1.54104	0.161138	0
3.69692	0.00112547	1.44054	0.154281	0
3.69539	0.00105393	1.37353	0.149138	0
3.69492	0.00108199	1.44054	0.152567	0
3.69529	0.00108866	1.27303	0.147424	0
3.69679	0.00115065	1.47404	0.161481	0
3.69758	0.00111907	1.42379	0.155309	0
3.69579	0.00109147	1.65829	0.166623	0
3.69444	0.00107859	1.39028	0.151881	0
3.69366	0.00105171	1.25628	0.148452	0
3.69343	0.00105564	1.20603	0.141938	0
3.69233	0.00102882	1.37353	0.152909	0
3.69291	0.00106701	1.40704	0.150852	0
3.69279	0.00105053	1.49079	0.160452	0
3.69326	0.00103759	1.23953	0.141938	0
3.69302	0.00104315	1.39028	0.149824	0
3.69295	0.00104517	1.42379	0.159081	0
3.69341	0.00108702	1.50754	0.159424	0
3.69568	0.0011222	1.62479	0.161481	0
3.69371	0.00111612	1.70854	0.175537	0
3.69345	0.00109023	1.64154	0.164223	0
3.69232	0.00104589	1.32328	0.150167	0
3.6911	0.00104864	1.30653	0.145367	0
3.69222	0.00105237	1.32328	0.146395	0
3.69273	0.00105204	1.62479	0.163195	0
3.69207	0.00106028	1.28978	0.144681	0
3.68937	0.00102621	1.15578	0.141253	0
3.68928	0.00102529	1.35678	0.150167	0
3.69099	0.00103255	1.25628	0.142967	0
3.69054	0.00105734	1.27303	0.14571	0
3.68992	0.00109219	1.23953	0.143995	0
3.69103	0.00104386	1.49079	0.154967	0
3.68931	0.00102765	1.28978	0.144681	0
3.68931	0.00103203	1.12228	0.135081	0
3.68845	0.00102274	1.44054	0.158052	0
3.68996	0.00103994	1.20603	0.141938	0
3.69	0.00102019	1.54104	0.159424	0
3.68994	0.00110775	1.40704	0.152567	0
3.68962	0.00108003	1.37353	0.149138	0
3.68786	0.0010196	1.17253	0.140224	0
3.68842	0.00101784	1.20603	0.139881	0
3.69012	0.00108343	1.72529	0.169709	0
3.68841	0.00104694	1.28978	0.146395	0
3.6874	0.00106204	1.40704	0.152567	0
3.68951	0.00106093	1.34003	0.147424	0
3.68955	0.00105073	1.39028	0.153595	0
3.68709	0.00104955	1.08878	0.135424	0
3.68795	0.00104537	1.44054	0.152567	0
3.68814	0.00101064	1.40704	0.152567	0
3.68735	0.00103582	1.35678	0.14811	0
3.6868	0.00105734	1.27303	0.143653	0
3.68564	0.00101633	1.05528	0.133367	0
3.68687	0.00102281	1.23953	0.147767	0
3.68804	0.00104903	1.23953	0.143995	0
3.68589	0.00101182	1.13903	0.140224	0
3.68448	0.000967093	0.904523	0.12171	0
3.68451	0.000993708	1.18928	0.139196	0
3.68543	0.00101869	1.18928	0.139196	0
3.68521	0.00101418	1.10553	0.134053	0
3.68434	0.00098828	1.12228	0.135081	0
3.68474	0.000946625	0.988275	0.127196	0
3.68387	0.00096899	0.78727	0.113825	0
3.68384	0.000988673	1.13903	0.140224	0
3.68443	0.0010213	1.15578	0.137139	0
3.68332	0.000974352	1.05528	0.133367	0
3.68441	0.00100554	1.32328	0.148452	0
3.68523	0.00101274	1.00503	0.128225	0
3.6842	0.000978668	0.871022	0.12171	0
3.6837	0.000983245	1.34003	0.152909	0
3.68437	0.00103746	1.17253	0.140224	0
3.68427	0.000989719	1.10553	0.134053	0
3.68323	0.00101156	1.03853	0.130282	0
3.68335	0.00100947	1.22278	0.14091	0
3.68314	0.000988346	1.00503	0.128225	0
3.68244	0.000967878	1.03853	0.136453	0
3.68157	0.000952576	1.03853	0.130282	0
3.68116	0.000946429	1.07203	0.132339	0
3.68311	0.000984815	1.03853	0.130282	0
3.68296	0.000992727	1.28978	0.144681	0
3.68295	0.000954145	1.00503	0.128225	0
3.6841	0.00101555	1.35678	0.151881	0
3.68418	0.0010487	1.12228	0.137139	0
3.6831	0.00102497	1.02178	0.13131	0
3.68249	0.000978668	1.07203	0.132339	0
3.68335	0.00102392	1.28978	0.146395	0
3.68238	0.000993316	1.07203	0.134396	0
3.68132	0.00100025	1.17253	0.142281	0
3.68085	0.00098403	1.08878	0.133367	0
3.67948	0.000984161	1.03853	0.130282	0
3.68058	0.000973306	1.08878	0.133367	0
3.68089	0.000963693	1.05528	0.13131	0
3.68056	0.000977164	1.10553	0.134053	0
3.68106	0.00101143	1.22278	0.142967	0
3.68101	0.000991616	1.13903	0.13611	0
3.68072	0.000990373	1.07203	0.132339	0
3.68179	0.000960881	1.02178	0.129253	0
3.68072	0.000975464	1.18928	0.142967	0
3.67942	0.000950091	0.820771	0.118625	0
3.6797	0.000928904	0.770519	0.112454	0
3.67938	0.000951072	1.03853	0.134396	0
3.68008	0.00099894	0.837521	0.117253	0
3.68045	0.00096402	1.05528	0.13131	0
3.6789	0.000930212	0.938023	0.123768	0
3.67906	0.000955126	0.921273	0.122739	0
3.68071	0.000956238	0.971524	0.126167	0
3.68104	0.000971736	1.10553	0.140224	0
3.67951	0.000971017	1.07203	0.132339	0
3.67855	0.000963824	0.988275	0.13131	0
3.67823	0.000931389	0.904523	0.12171	0
3.67893	0.000943029	0.887772	0.120682	0
3.67896	0.000978929	1.05528	0.13131	0
3.67981	0.000974352	1.12228	0.141253	0
3.67943	0.000970624	0.904523	0.12171	0
3.67795	0.000914648	0.703518	0.107654	0
3.67774	0.000902485	0.988275	0.127196	0
3.67859	0.00098063	0.971524	0.128225	0
3.67824	0.000950157	1.07203	0.132339	0
3.67761	0.000952576	0.78727	0.116225	0
3.67716	0.000979649	1.03853	0.132339	0
3.67732	0.000937405	0.854271	0.118282	0
3.67753	0.000960423	0.954774	0.125139	0
3.67929	0.000960619	0.988275	0.129253	0
3.68062	0.000990504	1.20603	0.141938	0
3.67916	0.000973371	0.904523	0.12171	0
3.67763	0.000972979	0.971524	0.126167	0
3.67764	0.000922822	0.854271	0.120682	0
3.67657	0.000933678	0.904523	0.12171	0
3.67676	0.000933089	0.988275	0.13131	0
3.67779	0.000938647	0.837521	0.117253	0
3.67793	0.000979583	1.05528	0.13131	0
3.67582	0.000954538	0.653266	0.106282	0
3.67444	0.000922299	1.03853	0.132339	0
3.6751	0.000899281	0.619765	0.10114	0
3.67656	0.00098815	1.02178	0.129253	0
3.67622	0.0009565	0.954774	0.125139	0
3.67626	0.000965393	0.770519	0.112454	0
3.67764	0.00098403	1.25628	0.144681	0
3.67881	0.000972128	0.954774	0.125139	0
3.67765	0.000951203	0.904523	0.12411	0
3.67726	0.00096317	1.03853	0.130282	0
3.67724	0.000951791	0.820771	0.116225	0
3.67579	0.000938713	0.904523	0.12171	0
3.67631	0.000930016	0.904523	0.12171	0
3.67587	0.000951661	0.921273	0.122739	0
3.67593	0.000936882	0.887772	0.120682	0
3.67652	0.000928969	0.954774	0.129253	0
3.67685	0.000972913	0.921273	0.125139	0
3.67571	0.000945187	0.653266	0.106282	0
3.67425	0.000902158	0.80402	0.114854	0
3.67547	0.000931847	0.686767	0.106282	0
3.67551	0.000920141	0.954774	0.127196	0
3.6757	0.000940086	0.854271	0.120682	0
3.6752	0.000879859	0.670017	0.104911	0
3.67615	0.00094741	0.871022	0.12411	0
3.67646	0.000949306	0.837521	0.122053	0
3.67556	0.000917199	0.921273	0.122739	0
3.6742	0.000921188	0.653266	0.103882	0
3.67352	0.000932108	0.887772	0.120682	0
3.67341	0.000883391	0.502513	0.0911971	0
3.67365	0.000927073	0.938023	0.123768	0
3.67592	0.000971736	0.971524	0.126167	0
3.67409	0.000899608	0.603015	0.0997683	0
3.67321	0.000901635	0.988275	0.129253	0
3.6745	0.000888557	0.737018	0.112454	0
3.67446	0.000917787	0.837521	0.119653	0
3.67503	0.000918114	0.904523	0.12411	0
3.67635	0.00094074	0.887772	0.125139	0
3.67707	0.000960292	1.00503	0.130282	0
3.67517	0.000937274	0.904523	0.12171	0
3.67305	0.000889668	0.686767	0.106282	0
3.67371	0.000894442	0.653266	0.103882	0
3.67424	0.000979976	1.02178	0.13131	0
3.67373	0.000928708	0.619765	0.10114	0
3.67395	0.000935247	0.887772	0.120682	0
3.67578	0.00092328	0.78727	0.116225	0
3.67335	0.000897515	0.569514	0.0970255	0
3.67239	0.0008983	0.653266	0.106282	0
3.67421	0.000917983	0.720268	0.113825	0
3.67508	0.000933743	0.80402	0.114854	0
3.67537	0.000932239	1.02178	0.13131	0
3.67533	0.000915891	0.770519	0.112454	0
3.67428	0.000911052	0.737018	0.112454	0
3.67275	0.000906409	0.837521	0.117253	0
3.67383	0.000929492	0.753769	0.111425	0
3.6737	0.000897123	0.603015	0.0997683	0
3.67201	0.000863577	0.569514	0.0970255	0
3.6714	0.00083343	0.686767	0.106282	0
3.67123	0.00085756	0.636516	0.102511	0
3.67214	0.00087744	0.737018	0.110054	0
3.67345	0.000901635	0.686767	0.106282	0
3.67418	0.000928773	0.703518	0.107654	0
3.67217	0.000889864	0.703518	0.107654	0
3.67213	0.000908436	0.78727	0.113825	0
3.67328	0.000888687	0.653266	0.103882	0
3.67339	0.000908044	0.78727	0.113825	0
3.67397	0.000907978	0.837521	0.117253	0
3.67403	0.000894311	0.770519	0.112454	0
3.67372	0.000903989	0.770519	0.114854	0
3.67262	0.000886529	0.837521	0.117253	0
3.67245	0.000926223	0.837521	0.119653	0
3.67351	0.000917133	0.770519	0.112454	0
3.67187	0.000868285	0.653266	0.103882	0
3.67189	0.000928708	0.871022	0.12171	0
3.67379	0.000910463	0.80402	0.114854	0
3.67441	0.000906409	0.820771	0.116225	0
3.67364	0.000908436	0.686767	0.106282	0
3.67186	0.00092073	0.820771	0.116225	0
3.67317	0.000901047	0.78727	0.113825	0
3.67312	0.000904382	0.753769	0.111425	0
3.67179	0.000885875	0.619765	0.103882	0
3.6726	0.000902943	0.720268	0.113825	0
3.6739	0.000919684	0.837521	0.117253	0
3.67273	0.000909678	0.670017	0.104911	0
3.67174	0.000903139	0.703518	0.107654	0
3.67228	0.000886987	0.78727	0.113825	0
3.67142	0.000901177	0.619765	0.10114	0
3.67032	0.000869004	0.469012	0.0881115	0
3.67152	0.000903597	0.80402	0.114854	0
3.67219	0.000883848	0.78727	0.116225	0
3.67191	0.000932958	0.737018	0.110054	0
3.67223	0.000901635	0.753769	0.111425	0
3.67108	0.000860307	0.485762	0.0898257	0
3.6703	0.000837027	0.469012	0.0881115	0
3.67287	0.000912621	0.954774	0.129253	0
3.67287	0.00090157	0.603015	0.0997683	0
3.67189	0.000870443	0.636516	0.102511	0
3.67313	0.000899346	0.854271	0.118282	0
3.67267	0.000887837	0.603015	0.102511	0
3.67065	0.000868939	0.569514	0.0970255	0
3.67181	0.000878878	0.753769	0.111425	0
3.67313	0.000908828	0.703518	0.107654	0
3.67127	0.000881363	0.435511	0.0850259	0
3.6715	0.000885745	0.619765	0.10114	0
3.67199	0.000870966	0.619765	0.10114	0
3.67123	0.000875543	0.636516	0.102511	0
3.67145	0.000881952	0.636516	0.102511	0
3.67233	0.000874955	0.603015	0.102511	0
3.67261	0.000860503	0.720268	0.109025	0
3.67225	0.00089163	0.703518	0.107654	0
3.67272	0.000874432	0.80402	0.117253	0
3.67161	0.000903793	0.703518	0.107654	0
3.67075	0.000890453	0.670017	0.104911	0
3.67077	0.000873974	0.603015	0.0997683	0
3.67017	0.000862661	0.569514	0.0970255	0
3.67015	0.000852525	0.519263	0.0925685	0
3.67097	0.000843697	0.502513	0.0911971	0
3.67125	0.000837943	0.686767	0.106282	0
3.67149	0.000834608	0.552764	0.0956541	0
3.672	0.000867304	0.552764	0.0956541	0
3.67229	0.000867435	0.78727	0.118625	0
3.6721	0.000867435	0.502513	0.0911971	0
3.67165	0.000836962	0.653266	0.103882	0
3.67167	0.000839839	0.536013	0.0942827	0
3.67177	0.000856449	0.703518	0.107654	0
3.67154	0.00086325	0.569514	0.0970255	0
3.67129	0.000905036	0.619765	0.10114	0
3.67173	0.000894311	0.569514	0.0970255	0
3.67115	0.000849321	0.552764	0.0983969	0
3.67104	0.000847228	0.485762	0.0898257	0
3.67188	0.000866323	0.636516	0.102511	0
3.67087	0.000878878	0.519263	0.0925685	0
3.66982	0.000861549	0.586265	0.0983969	0
3.67052	0.00084422	0.469012	0.0881115	0
3.67171	0.000847228	0.619765	0.10114	0
3.67102	0.000841081	0.619765	0.10114	0
3.67101	0.000864361	0.519263	0.0925685	0
3.67075	0.00085913	0.452261	0.0863973	0
3.67149	0.000877636	0.586265	0.10114	0
3.67117	0.000852983	0.653266	0.106282	0
3.67104	0.000878159	0.653266	0.103882	0
3.67104	0.000869789	0.603015	0.0997683	0
3.67172	0.000870966	0.619765	0.10114	0
3.67155	0.000877963	0.619765	0.103882	0
3.67123	0.000849975	0.603015	0.0997683	0
3.67089	0.00085174	0.435511	0.0850259	0
3.67046	0.00085089	0.485762	0.0898257	0
3.67123	0.000889603	0.753769	0.111425	0
3.67167	0.00086907	0.485762	0.0898257	0
3.67157	0.0008658	0.603015	0.0997683	0
3.67289	0.000892938	0.686767	0.106282	0
3.6725	0.000874301	0.670017	0.104911	0
3.67132	0.000879402	0.603015	0.0997683	0
3.67003	0.000833692	0.452261	0.0863973	0
3.6701	0.000826695	0.603015	0.0997683	0
3.67146	0.000888033	0.502513	0.0911971	0
3.67048	0.000835261	0.603015	0.0997683	0
3.67025	0.00086168	0.670017	0.107654	0
3.67177	0.000865408	0.569514	0.0997683	0
3.67085	0.000860895	0.603015	0.0997683	0
3.67004	0.000880186	0.536013	0.0942827	0
3.67042	0.000848209	0.536013	0.0942827	0
3.67024	0.000845397	0.485762	0.0929113	0
3.6704	0.000842324	0.603015	0.0997683	0
3.67133	0.000865211	0.536013	0.0942827	0
3.67062	0.000879271	0.636516	0.102511	0
3.67114	0.000882083	0.636516	0.102511	0
3.67134	0.000834935	0.519263	0.0925685	0
3.67034	0.000831796	0.469012	0.0881115	0
3.67011	0.000808058	0.40201	0.0815974	0
3.66972	0.000816036	0.469012	0.0881115	0
3.67034	0.000855141	0.485762	0.0898257	0
3.6708	0.000834281	0.452261	0.0863973	0
3.67017	0.000813551	0.435511	0.0850259	0
3.67015	0.000825126	0.502513	0.0942827	0
3.67112	0.000853114	0.670017	0.104911	0
3.67189	0.000849125	0.569514	0.0970255	0
3.67092	0.000846182	0.552764	0.0956541	0
3.67077	0.000844874	0.536013	0.0942827	0
3.67048	0.000827153	0.552764	0.0983969	0
3.67103	0.000834738	0.552764	0.0956541	0
3.67042	0.000863707	0.519263	0.0925685	0
3.67036	0.000821856	0.452261	0.0863973	0
3.67023	0.000825126	0.485762	0.0898257	0
3.67051	0.000852918	0.452261	0.0898257	0
3.6703	0.000844286	0.552764	0.0956541	0
3.67153	0.000830619	0.536013	0.0970255	0
3.67154	0.000827349	0.452261	0.0863973	0
3.67251	0.000850106	0.737018	0.110054	0
3.6719	0.000819567	0.41876	0.0833116	0
3.67053	0.000854422	0.569514	0.0970255	0
3.67041	0.000846836	0.569514	0.0970255	0
3.67093	0.000827349	0.41876	0.0833116	0
3.67073	0.000843893	0.485762	0.0898257	0
3.67261	0.000881363	0.686767	0.106282	0
3.67106	0.000833692	0.452261	0.0863973	0
3.67159	0.000868219	0.552764	0.0956541	0
3.67248	0.000863577	0.619765	0.10114	0
3.66989	0.000842912	0.318258	0.0726834	0
3.66948	0.000826106	0.586265	0.0983969	0
3.67075	0.000849844	0.41876	0.0833116	0
3.6718	0.000865277	0.519263	0.0956541	0
3.67196	0.000859457	0.536013	0.0942827	0
3.6712	0.000835523	0.41876	0.0833116	0
3.67147	0.000848078	0.452261	0.0863973	0
3.67119	0.000842062	0.586265	0.0983969	0
3.67016	0.000808712	0.268007	0.066855	0
3.66945	0.000803481	0.41876	0.0833116	0
3.6706	0.000824276	0.452261	0.0863973	0
3.67075	0.000811982	0.318258	0.0726834	0
3.67102	0.000825649	0.603015	0.0997683	0
3.67156	0.000840624	0.41876	0.0833116	0
3.67042	0.000808843	0.40201	0.0815974	0
3.66998	0.000789552	0.502513	0.0911971	0
3.67205	0.0008367	0.485762	0.0898257	0
3.67149	0.000879075	0.753769	0.113825	0
3.67221	0.000881494	0.670017	0.104911	0
3.67111	0.000836242	0.485762	0.0898257	0
3.67081	0.000831076	0.351759	0.0764547	0
3.67094	0.00081996	0.368509	0.078169	0
3.67024	0.000815513	0.38526	0.0798832	0
3.67044	0.000851021	0.619765	0.10114	0
3.67075	0.000831796	0.40201	0.0815974	0
3.67076	0.00085174	0.485762	0.0898257	0
3.67162	0.000856906	0.519263	0.0956541	0
3.67185	0.000840035	0.519263	0.0925685	0
3.67002	0.000825453	0.38526	0.0798832	0
3.66983	0.000807012	0.351759	0.0764547	0
3.6715	0.000845005	0.569514	0.0970255	0
3.67208	0.000839774	0.502513	0.0911971	0
3.6725	0.000872143	0.653266	0.106282	0
3.67101	0.000855402	0.38526	0.0798832	0
3.67042	0.000811328	0.368509	0.078169	0
3.67152	0.000838597	0.469012	0.0942827	0
3.67207	0.000835458	0.619765	0.10114	0
3.67194	0.000840035	0.569514	0.0970255	0
3.67112	0.000832319	0.435511	0.0881115	0
3.6721	0.000874628	0.619765	0.10114	0
3.67297	0.000846247	0.351759	0.0764547	0
3.67284	0.000828722	0.485762	0.0898257	0
3.67277	0.000838858	0.452261	0.0863973	0
3.67258	0.000814074	0.485762	0.0898257	0
3.67147	0.000832188	0.502513	0.0911971	0
3.67261	0.000800603	0.368509	0.078169	0
3.67349	0.00082081	0.452261	0.0863973	0
3.67266	0.000857757	0.452261	0.0898257	0
3.67081	0.00083343	0.40201	0.0815974	0
3.6715	0.000811851	0.351759	0.0764547	0
3.67211	0.000820156	0.536013	0.0942827	0
3.67145	0.000822706	0.452261	0.0863973	0
3.67109	0.000825256	0.301508	0.0709692	0
3.67149	0.000816559	0.502513	0.0911971	0
3.67067	0.00080917	0.335008	0.0747405	0
3.67063	0.000787329	0.335008	0.0747405	0
3.67361	0.000797268	0.552764	0.0956541	0
3.67311	0.000838204	0.536013	0.0970255	0
3.6722	0.00084834	0.452261	0.0863973	0
3.6723	0.000839447	0.586265	0.0983969	0
3.67254	0.000825714	0.435511	0.0850259	0
3.67194	0.000828722	0.368509	0.078169	0
3.67241	0.000809104	0.38526	0.0798832	0
3.67248	0.000798184	0.38526	0.0798832	0
3.67235	0.000804919	0.318258	0.0726834	0
3.67171	0.000797399	0.284757	0.0689121	0
3.6724	0.000817148	0.38526	0.0798832	0
3.67205	0.000805573	0.603015	0.0997683	0
3.67244	0.00081002	0.38526	0.0798832	0
3.67297	0.000805246	0.435511	0.0850259	0
3.67209	0.000788898	0.40201	0.0815974	0
3.67282	0.000808516	0.519263	0.0925685	0
3.67298	0.000809497	0.41876	0.0833116	0
3.67245	0.000798315	0.38526	0.0798832	0
3.67375	0.000834477	0.41876	0.0833116	0
3.674	0.000835392	0.335008	0.0747405	0
3.6723	0.000828591	0.485762	0.0929113	0
3.67272	0.000841735	0.41876	0.0833116	0
3.67381	0.000806619	0.435511	0.0850259	0
3.67277	0.000826041	0.351759	0.0764547	0
3.67129	0.0008042	0.38526	0.0798832	0
3.67259	0.000830226	0.485762	0.0898257	0
3.67326	0.000834411	0.335008	0.0747405	0
3.67205	0.000783143	0.201005	0.057941	0
3.67186	0.000786152	0.335008	0.0747405	0
3.67282	0.000800669	0.351759	0.0764547	0
3.67318	0.000816886	0.435511	0.0850259	0
3.67366	0.000834738	0.502513	0.0911971	0
3.67413	0.000823425	0.40201	0.0815974	0
3.67343	0.000792756	0.368509	0.078169	0
3.67354	0.000790794	0.40201	0.0815974	0
3.67211	0.000786413	0.251256	0.0647979	0
3.67267	0.0008059	0.552764	0.0956541	0
3.67339	0.000803546	0.351759	0.0764547	0
3.6726	0.000795372	0.351759	0.0764547	0
3.6731	0.000819763	0.469012	0.0881115	0
3.67313	0.000849256	0.435511	0.0881115	0
3.67198	0.000789944	0.38526	0.0798832	0
3.67232	0.000804919	0.435511	0.0850259	0
3.67432	0.000822641	0.435511	0.0850259	0
3.67449	0.000808974	0.502513	0.0911971	0
3.67471	0.000793606	0.318258	0.0726834	0
3.67291	0.000791579	0.318258	0.0726834	0
3.67283	0.000771896	0.368509	0.078169	0
3.67442	0.000796745	0.318258	0.0726834	0
3.67414	0.000809235	0.452261	0.0863973	0
3.67371	0.00082918	0.38526	0.0798832	0
3.67425	0.000817213	0.284757	0.0689121	0
3.67374	0.000797464	0.351759	0.0764547	0
3.6729	0.000781443	0.435511	0.0850259	0
3.67413	0.000816494	0.318258	0.0726834	0
3.67405	0.000858607	0.485762	0.0898257	0
3.67305	0.000795372	0.335008	0.0747405	0
3.67355	0.000819502	0.351759	0.0764547	0
3.67416	0.000797203	0.435511	0.0850259	0
3.6731	0.000769673	0.268007	0.066855	0
3.67381	0.000798184	0.318258	0.0726834	0
3.67377	0.000786609	0.351759	0.0764547	0
3.67301	0.000803088	0.335008	0.0747405	0
3.67357	0.00081414	0.452261	0.0863973	0
3.67444	0.000819306	0.40201	0.0815974	0
3.67398	0.000799622	0.335008	0.0747405	0
3.67483	0.000818717	0.552764	0.0956541	0
3.6759	0.000847555	0.485762	0.0898257	0
3.6746	0.000809039	0.150754	0.0500556	0
3.67568	0.000782097	0.335008	0.078169	0
3.67545	0.000805246	0.452261	0.0863973	0
3.67511	0.00083245	0.351759	0.0764547	0
3.67484	0.000815317	0.469012	0.0881115	0
3.67486	0.000797791	0.201005	0.057941	0
3.67387	0.000768365	0.351759	0.0764547	0
3.67424	0.000766926	0.251256	0.0689121	0
3.67416	0.000785628	0.301508	0.0709692	0
3.67495	0.000782293	0.335008	0.0747405	0
3.67433	0.000796549	0.284757	0.0689121	0
3.67351	0.000796484	0.38526	0.0798832	0
3.67375	0.000787525	0.40201	0.0815974	0
3.67448	0.000800146	0.40201	0.0815974	0
3.67529	0.000811851	0.41876	0.0833116	0
3.67477	0.000799557	0.318258	0.0726834	0
3.67402	0.000793476	0.251256	0.0647979	0
3.67436	0.000759733	0.167504	0.0527983	0
3.67415	0.000749924	0.301508	0.0709692	0
3.67502	0.000785236	0.40201	0.0815974	0
3.67529	0.000778631	0.301508	0.0709692	0
3.67527	0.000783274	0.335008	0.0747405	0
3.67479	0.000783732	0.435511	0.0850259	0
3.67461	0.000797988	0.301508	0.0709692	0
3.6751	0.000769803	0.251256	0.0647979	0
3.67554	0.000768495	0.41876	0.0833116	0
3.67553	0.000792037	0.301508	0.0709692	0
3.6755	0.000766011	0.284757	0.0689121	0
3.67587	0.000794849	0.469012	0.0881115	0
3.67515	0.000820221	0.435511	0.0850259	0
3.67515	0.000799361	0.201005	0.057941	0
3.67569	0.000784909	0.41876	0.0833116	0
3.67499	0.000765684	0.234506	0.062398	0
3.67511	0.000800865	0.519263	0.0925685	0
3.67621	0.00080917	0.335008	0.0747405	0
3.67499	0.000777977	0.234506	0.062398	0
3.67469	0.000759864	0.251256	0.0647979	0
3.67642	0.000769476	0.301508	0.0709692	0
3.6753	0.00079171	0.452261	0.0863973	0
3.67492	0.000793737	0.41876	0.0833116	0
3.67572	0.000799426	0.351759	0.0798832	0
3.67602	0.000797464	0.335008	0.0747405	0
3.67605	0.000774381	0.318258	0.0726834	0
3.67649	0.000783732	0.268007	0.066855	0
3.67686	0.0007751	0.301508	0.0709692	0
3.67598	0.000797007	0.335008	0.0747405	0
3.67615	0.000796157	0.301508	0.0709692	0
3.67627	0.000782882	0.38526	0.0798832	0
3.67593	0.000792364	0.284757	0.0689121	0
3.67668	0.00076588	0.284757	0.0689121	0
3.67655	0.000784321	0.284757	0.0689121	0
3.67701	0.000783994	0.284757	0.0689121	0
3.67762	0.000807273	0.351759	0.0764547	0
3.67682	0.00079498	0.335008	0.0747405	0
3.67687	0.000817017	0.368509	0.0815974	0
3.6781	0.000812505	0.41876	0.0833116	0
3.67728	0.000807012	0.38526	0.0798832	0
3.67672	0.000810543	0.301508	0.0709692	0
3.67669	0.000768822	0.284757	0.0689121	0
3.67606	0.000789552	0.301508	0.0709692	0
3.67711	0.000790991	0.351759	0.0764547	0
3.67699	0.000789617	0.41876	0.0833116	0
3.6765	0.000768888	0.318258	0.0726834	0
3.67572	0.000771111	0.234506	0.062398	0
3.67673	0.000775035	0.301508	0.0709692	0
3.6768	0.00078347	0.201005	0.057941	0
3.67667	0.000759471	0.268007	0.066855	0
3.6776	0.000772484	0.284757	0.0689121	0
3.67701	0.000776866	0.150754	0.0500556	0
3.67677	0.00077667	0.368509	0.078169	0
3.67761	0.000780528	0.268007	0.066855	0
3.67742	0.000766272	0.284757	0.0689121	0
3.67809	0.000772942	0.318258	0.0726834	0
3.67817	0.00078347	0.335008	0.0747405	0
3.67976	0.000825191	0.351759	0.0764547	0
3.67929	0.000790271	0.301508	0.0709692	0
3.67682	0.000751363	0.38526	0.0798832	0
3.67752	0.000765945	0.234506	0.062398	0
3.67854	0.000793802	0.40201	0.0815974	0
3.67862	0.000791252	0.284757	0.0689121	0
3.67762	0.00076928	0.184255	0.0555411	0
3.67747	0.00078419	0.38526	0.0798832	0
3.67894	0.000804919	0.452261	0.0863973	0
3.6792	0.000795045	0.38526	0.0798832	0
3.67782	0.000783601	0.368509	0.078169	0
3.6779	0.000770065	0.234506	0.062398	0
3.67825	0.000790794	0.251256	0.0647979	0
3.67912	0.000798707	0.536013	0.0942827	0
3.67871	0.000814794	0.301508	0.0709692	0
3.6776	0.000776146	0.268007	0.066855	0
3.67877	0.000808581	0.40201	0.0815974	0
3.67869	0.000781247	0.284757	0.0689121	0
3.67825	0.000783536	0.301508	0.0709692	0
3.67911	0.000799753	0.368509	0.078169	0
3.67934	0.00080008	0.368509	0.0815974	0
3.67969	0.000801911	0.368509	0.078169	0
3.67972	0.000824733	0.435511	0.0850259	0
3.67967	0.000814074	0.335008	0.0747405	0
3.68051	0.0008025	0.368509	0.078169	0
3.67966	0.00081257	0.38526	0.0798832	0
3.68023	0.000799753	0.351759	0.0764547	0
3.68091	0.000802238	0.435511	0.0850259	0
3.68076	0.000777585	0.40201	0.0815974	0
3.67948	0.000795568	0.284757	0.0689121	0
3.67916	0.000776866	0.201005	0.057941	0
3.68028	0.000775493	0.38526	0.0798832	0
3.67943	0.000783274	0.134003	0.0473128	0
3.67902	0.000775427	0.368509	0.078169	0
3.67965	0.000779939	0.301508	0.0709692	0
3.67981	0.000777454	0.234506	0.062398	0
3.67855	0.000753259	0.234506	0.062398	0
3.67895	0.000746197	0.201005	0.057941	0
3.67917	0.000776539	0.351759	0.0764547	0
3.67948	0.000761891	0.351759	0.0764547	0
3.67927	0.000777127	0.217755	0.0603409	0
3.6801	0.000766011	0.268007	0.066855	0
3.68035	0.000799884	0.368509	0.078169	0
3.68108	0.000771634	0.318258	0.0726834	0
3.68079	0.000770261	0.301508	0.0709692	0
3.6802	0.000768038	0.234506	0.062398	0
3.68145	0.000777389	0.301508	0.0709692	0
3.68165	0.000783405	0.351759	0.0764547	0
3.67977	0.000774512	0.251256	0.0647979	0
3.68184	0.000820287	0.368509	0.078169	0
3.68226	0.000760256	0.251256	0.0647979	0
3.68032	0.000757117	0.251256	0.0647979	0
3.68097	0.000778631	0.217755	0.0603409	0
3.68081	0.000771504	0.268007	0.066855	0
3.68025	0.00078844	0.251256	0.0647979	0
3.68088	0.000786152	0.251256	0.0647979	0
3.68093	0.000764376	0.318258	0.0726834	0
3.68064	0.000752147	0.201005	0.057941	0
3.68003	0.000766403	0.234506	0.062398	0
3.68066	0.000785171	0.335008	0.0747405	0
3.68048	0.000792168	0.318258	0.0726834	0
3.68065	0.000768561	0.284757	0.0689121	0
3.6815	0.000799426	0.351759	0.0764547	0
3.68125	0.000782097	0.268007	0.066855	0
3.68102	0.000808385	0.318258	0.0726834	0
3.68234	0.000773269	0.40201	0.0815974	0
3.68255	0.000751428	0.234506	0.062398	0
3.68122	0.000782686	0.284757	0.0689121	0
3.68133	0.000756071	0.184255	0.0555411	0
3.68241	0.000771961	0.301508	0.0709692	0
3.68176	0.000745085	0.268007	0.066855	0
3.68171	0.000763591	0.368509	0.078169	0
3.6816	0.000775558	0.268007	0.066855	0
3.68175	0.000743385	0.184255	0.0555411	0
3.68111	0.000733707	0.251256	0.0647979	0
3.68119	0.000741292	0.167504	0.0527983	0
3.68202	0.000755613	0.301508	0.0709692	0
3.68187	0.000784974	0.234506	0.062398	0
3.68114	0.000769084	0.167504	0.0527983	0
3.68226	0.000786544	0.318258	0.0726834	0
3.6836	0.000791775	0.318258	0.0726834	0
3.68225	0.000748681	0.184255	0.0555411	0
3.68185	0.000745216	0.150754	0.0500556	0
3.68226	0.000754632	0.284757	0.0689121	0
3.68179	0.000741815	0.301508	0.0709692	0
3.68296	0.000769542	0.335008	0.0747405	0
3.68319	0.000767515	0.201005	0.057941	0
3.68264	0.000761629	0.368509	0.078169	0
3.68309	0.0007426	0.301508	0.0709692	0
3.68371	0.000763199	0.301508	0.0709692	0
3.68295	0.000770653	0.268007	0.066855	0
3.68309	0.000772027	0.268007	0.066855	0
3.68224	0.000745281	0.284757	0.0689121	0
3.68289	0.000754959	0.268007	0.066855	0
3.68315	0.000787394	0.301508	0.0709692	0
3.68423	0.00076673	0.184255	0.0555411	0
3.68438	0.000763983	0.268007	0.066855	0
3.6832	0.000764637	0.251256	0.0647979	0
3.68375	0.000736518	0.167504	0.0527983	0
3.68436	0.00074515	0.167504	0.0527983	0
3.68396	0.000769934	0.217755	0.0603409	0
3.6834	0.00074757	0.150754	0.0500556	0
3.68366	0.000754305	0.268007	0.066855	0
3.68444	0.000763918	0.234506	0.062398	0
3.68247	0.000733053	0.134003	0.0473128	0
3.68326	0.000756986	0.234506	0.062398	0
3.68446	0.000771177	0.318258	0.0726834	0
3.68416	0.00079014	0.117253	0.0442272	0
3.68247	0.000785955	0.184255	0.0555411	0
3.68358	0.00075921	0.251256	0.0647979	0
3.68295	0.00075751	0.268007	0.066855	0
3.68274	0.000767449	0.217755	0.0603409	0
3.68279	0.000764049	0.167504	0.0527983	0
3.68374	0.000758948	0.234506	0.062398	0
3.68478	0.000758033	0.251256	0.0647979	0
3.68433	0.00076758	0.268007	0.066855	0
3.68476	0.000785825	0.41876	0.0833116	0
3.68519	0.000780201	0.268007	0.066855	0
3.68484	0.000746785	0.251256	0.0647979	0
3.68489	0.000766011	0.217755	0.0603409	0
3.68495	0.000753521	0.217755	0.0603409	0
3.68456	0.000763787	0.284757	0.0689121	0
3.68505	0.000745019	0.234506	0.062398	0
3.6854	0.000741292	0.184255	0.0555411	0
3.68556	0.000768103	0.335008	0.0747405	0
3.68623	0.000791187	0.318258	0.0726834	0
3.6857	0.000763264	0.251256	0.0647979	0
3.68443	0.000766272	0.217755	0.0603409	0
3.68499	0.0007751	0.40201	0.0815974	0
3.68641	0.000793018	0.301508	0.0709692	0
3.68525	0.000735341	0.268007	0.066855	0
3.68518	0.000771307	0.284757	0.0689121	0
3.68623	0.000780266	0.217755	0.0603409	0
3.68541	0.000734753	0.167504	0.0527983	0
3.68436	0.00073266	0.117253	0.0442272	0
3.68578	0.000747831	0.301508	0.0709692	0
3.68509	0.000749989	0.251256	0.0647979	0
3.68494	0.000771242	0.217755	0.0603409	0
3.68588	0.00074018	0.217755	0.0603409	0
3.68476	0.000749597	0.201005	0.057941	0
3.68577	0.000753455	0.268007	0.066855	0
3.68753	0.000760256	0.301508	0.0709692	0
3.68727	0.000759864	0.251256	0.0647979	0
3.68599	0.000761498	0.268007	0.066855	0
3.68635	0.000754109	0.217755	0.0603409	0
3.68683	0.000725271	0.201005	0.057941	0
3.6864	0.000735407	0.184255	0.0555411	0
3.6875	0.000755613	0.184255	0.0555411	0
3.68726	0.000741227	0.217755	0.0603409	0
3.68646	0.000734557	0.201005	0.057941	0
3.6867	0.000746589	0.201005	0.057941	0
3.68726	0.000744039	0.268007	0.066855	0
3.68732	0.00077	0.251256	0.0647979	0
3.68612	0.000754828	0.234506	0.062398	0
3.68697	0.000756856	0.234506	0.062398	0
3.68701	0.000766403	0.284757	0.0689121	0
3.68577	0.000718666	0.301508	0.0709692	0
3.68696	0.0007443	0.301508	0.0709692	0
3.68798	0.000760321	0.318258	0.0726834	0
3.68777	0.000750709	0.251256	0.0647979	0
3.68789	0.000748028	0.217755	0.0603409	0
3.6877	0.000750251	0.217755	0.0603409	0
3.68762	0.0007426	0.184255	0.0555411	0
3.68808	0.000747243	0.268007	0.0709692	0
3.68796	0.000733445	0.134003	0.0473128	0
3.68818	0.00076516	0.251256	0.0647979	0
3.68875	0.000746393	0.318258	0.0726834	0
3.68894	0.000764964	0.284757	0.0689121	0
3.68774	0.000758425	0.167504	0.0527983	0
3.68787	0.000753651	0.184255	0.0555411	0
3.68798	0.000776997	0.284757	0.0726834	0
3.68878	0.000756856	0.184255	0.0555411	0
3.68836	0.00075339	0.284757	0.0689121	0
3.68832	0.000750382	0.117253	0.0442272	0
3.6891	0.000737369	0.251256	0.0647979	0
3.68887	0.000755155	0.234506	0.062398	0
3.68911	0.00079753	0.40201	0.0815974	0
3.6892	0.000760321	0.217755	0.0603409	0
3.68962	0.000772354	0.268007	0.066855	0
3.68951	0.000745608	0.234506	0.062398	0
3.68904	0.000741881	0.0837521	0.0373702	0
3.68868	0.000748551	0.167504	0.0527983	0
3.68921	0.000753913	0.284757	0.0689121	0
3.6892	0.000747177	0.268007	0.066855	0
3.68903	0.000754501	0.134003	0.0473128	0
3.68833	0.000745608	0.234506	0.062398	0
3.68825	0.000737042	0.217755	0.0603409	0
3.69007	0.00075169	0.301508	0.0709692	0
3.69028	0.000768561	0.335008	0.0747405	0
3.68945	0.000742338	0.117253	0.0442272	0
3.68947	0.000745216	0.150754	0.0555411	0
3.69015	0.000735211	0.134003	0.0473128	0
3.69114	0.000758229	0.251256	0.0647979	0
3.68988	0.000759014	0.217755	0.0603409	0
3.69135	0.000778435	0.284757	0.0689121	0
3.69063	0.000773204	0.40201	0.0815974	0
3.69111	0.000758294	0.201005	0.057941	0
3.69072	0.000763133	0.184255	0.0555411	0
3.69153	0.000742404	0.184255	0.0555411	0
3.6911	0.000751363	0.268007	0.066855	0
3.68993	0.000759537	0.284757	0.0689121	0
3.69024	0.000739134	0.184255	0.0555411	0
3.69119	0.000754174	0.268007	0.066855	0
3.69021	0.000732529	0.167504	0.0527983	0
3.69003	0.000743777	0.134003	0.0473128	0
3.69064	0.000708988	0.167504	0.0527983	0
3.6907	0.000742142	0.251256	0.0647979	0
3.69109	0.000774315	0.335008	0.0747405	0
3.69126	0.000775035	0.251256	0.0647979	0
3.6909	0.000742731	0.284757	0.0726834	0
3.6915	0.000748355	0.184255	0.0555411	0
3.69075	0.000750186	0.217755	0.0603409	0
3.69197	0.000754174	0.301508	0.0709692	0
3.69256	0.000789487	0.318258	0.0726834	0
3.69136	0.000784844	0.268007	0.066855	0
3.69183	0.000753194	0.284757	0.0689121	0
3.69303	0.000738022	0.150754	0.0500556	0
3.69123	0.000749859	0.217755	0.0603409	0
3.69147	0.000740115	0.117253	0.0442272	0
3.69249	0.000725271	0.217755	0.0603409	0
3.6918	0.00075182	0.167504	0.0527983	0
3.692	0.000735211	0.117253	0.0442272	0
3.69235	0.000745477	0.184255	0.0555411	0
3.69266	0.00076006	0.234506	0.062398	0
3.693	0.00076503	0.284757	0.0689121	0
3.6927	0.000745477	0.167504	0.0527983	0
3.69318	0.000784778	0.234506	0.062398	0
3.69316	0.000723898	0.184255	0.0555411	0
3.69155	0.000730372	0.167504	0.0527983	0
3.69194	0.000739527	0.184255	0.0555411	0
3.69179	0.000743058	0.184255	0.0555411	0
3.69252	0.000709446	0.0837521	0.0373702	0
3.69317	0.000704018	0.201005	0.057941	0
3.6923	0.000733772	0.117253	0.0442272	0
3.69246	0.000701206	0.201005	0.057941	0
3.69284	0.000759144	0.284757	0.0689121	0
3.69251	0.0007392	0.134003	0.0473128	0
3.6925	0.00071932	0.100503	0.0411416	0
3.69276	0.000726252	0.217755	0.0603409	0
3.69326	0.000721805	0.134003	0.0473128	0
3.69324	0.000738088	0.150754	0.0500556	0
3.69349	0.000764441	0.234506	0.062398	0
3.69316	0.000729325	0.184255	0.0555411	0
3.69412	0.000737434	0.201005	0.057941	0
3.69389	0.000751101	0.150754	0.0500556	0
3.69465	0.000735603	0.167504	0.0527983	0
3.69483	0.000751755	0.234506	0.062398	0
3.69448	0.000749532	0.167504	0.0527983	0
3.69455	0.00072926	0.150754	0.0500556	0
3.69395	0.000745281	0.217755	0.0603409	0
3.69539	0.000772681	0.251256	0.0647979	0
3.69459	0.000739788	0.117253	0.0442272	0
3.6934	0.000727821	0.134003	0.0473128	0
3.6948	0.000748551	0.251256	0.0647979	0
3.69555	0.000751036	0.268007	0.066855	0
3.69504	0.000747701	0.234506	0.062398	0
3.69556	0.000766403	0.167504	0.0527983	0
3.6954	0.000748028	0.184255	0.0555411	0
3.69487	0.000754436	0.150754	0.0500556	0
3.69535	0.000739265	0.234506	0.062398	0
3.69547	0.000757183	0.150754	0.0500556	0
3.69511	0.000739396	0.167504	0.0527983	0
3.69545	0.000753913	0.184255	0.0555411	0
3.69623	0.000758425	0.301508	0.0709692	0
3.69573	0.000765814	0.301508	0.0709692	0
3.69536	0.00071095	0.150754	0.0500556	0
3.6959	0.000748616	0.167504	0.0527983	0
3.69627	0.000760845	0.318258	0.0726834	0
3.69589	0.000758883	0.234506	0.062398	0
3.69555	0.000748289	0.150754	0.0500556	0
3.69581	0.00076418	0.217755	0.0603409	0
3.69667	0.000748747	0.301508	0.0709692	0
3.69623	0.000759798	0.184255	0.0555411	0
3.69558	0.000714154	0.117253	0.0442272	0
3.69719	0.000738807	0.217755	0.0603409	0
3.69738	0.000774577	0.217755	0.0603409	0
3.6963	0.000760714	0.251256	0.0647979	0
3.69672	0.000757379	0.201005	0.057941	0
3.69753	0.000753651	0.217755	0.0603409	0
3.69692	0.000742665	0.134003	0.0473128	0
3.69689	0.000728344	0.117253	0.0442272	0
3.69721	0.000760779	0.268007	0.066855	0
3.69669	0.000739919	0.167504	0.0527983	0
3.69642	0.000741684	0.201005	0.057941	0
3.69779	0.000738219	0.301508	0.0709692	0
3.69716	0.000751493	0.117253	0.0442272	0
3.69766	0.000743973	0.184255	0.0555411	0
3.69823	0.000755613	0.318258	0.0726834	0
3.69731	0.000740442	0.184255	0.0555411	0
3.69564	0.000724813	0.0502513	0.0291419	0
3.69685	0.000729979	0.150754	0.0500556	0
3.69811	0.000741423	0.117253	0.0442272	0
3.69771	0.000744758	0.268007	0.066855	0
3.69776	0.000724159	0.0670017	0.0335989	0
3.69862	0.00073181	0.0670017	0.0335989	0
3.69813	0.000718339	0.150754	0.0500556	0
3.69859	0.000767972	0.251256	0.0647979	0
3.6978	0.000723571	0.117253	0.0442272	0
3.69889	0.00074005	0.284757	0.0689121	0
3.69803	0.000727036	0.184255	0.0555411	0
3.69867	0.000729652	0.117253	0.0442272	0
3.69914	0.000760387	0.251256	0.0647979	0
3.69853	0.000768103	0.301508	0.0709692	0
3.69893	0.000745804	0.184255	0.0555411	0
3.69891	0.00073338	0.217755	0.0603409	0
3.6987	0.000731549	0.150754	0.0500556	0
3.69846	0.000751951	0.251256	0.0647979	0
3.69881	0.000758294	0.284757	0.0689121	0
3.69795	0.00073436	0.100503	0.0411416	0
3.69846	0.000730437	0.167504	0.057941	0
3.69932	0.000732072	0.217755	0.0603409	0
3.69795	0.000749008	0.150754	0.0500556	0
3.69832	0.000722524	0.150754	0.0500556	0
3.69931	0.00074587	0.217755	0.0603409	0
3.6998	0.000742796	0.167504	0.0527983	0
3.69912	0.000722655	0.0837521	0.0373702	0
3.70083	0.000729914	0.234506	0.066855	0
3.69983	0.00072756	0.134003	0.0473128	0
3.69993	0.000740965	0.100503	0.0411416	0
3.6999	0.000732137	0.0670017	0.0335989	0
3.70019	0.000735865	0.184255	0.0555411	0
3.69974	0.000730437	0.184255	0.0555411	0
3.69903	0.000731091	0.217755	0.0603409	0
3.70038	0.000739919	0.184255	0.0555411	0
3.70042	0.000753063	0.217755	0.0603409	0
3.7004	0.000753324	0.268007	0.066855	0
3.70118	0.000756005	0.234506	0.062398	0
3.70013	0.000748485	0.117253	0.0442272	0
3.70023	0.000720432	0.150754	0.0500556	0
3.70005	0.000702187	0.117253	0.0442272	0
3.70064	0.000717751	0.201005	0.057941	0
3.70142	0.000730502	0.167504	0.0527983	0
3.70082	0.000718535	0.134003	0.0473128	0
3.70143	0.000708465	0.184255	0.0555411	0
3.70118	0.000743908	0.167504	0.0527983	0
3.70111	0.000736453	0.184255	0.0555411	0
3.70067	0.000745281	0.201005	0.057941	0
3.70045	0.000725729	0.117253	0.0442272	0
3.70059	0.000732856	0.134003	0.0473128	0
3.70158	0.000737826	0.184255	0.0555411	0
3.70189	0.000755679	0.217755	0.0603409	0
3.70185	0.000731876	0.234506	0.062398	0
3.70149	0.00073508	0.0837521	0.0373702	0
3.70198	0.000736976	0.100503	0.0411416	0
3.70326	0.00072429	0.234506	0.062398	0
3.70284	0.000735865	0.201005	0.057941	0
3.70283	0.000749793	0.217755	0.0603409	0
3.70284	0.000744235	0.150754	0.0500556	0
3.70108	0.000694536	0.0167504	0.0167995	0
3.70134	0.000734622	0.150754	0.0500556	0
3.70222	0.000751036	0.167504	0.0527983	0
3.70165	0.000723309	0.150754	0.0500556	0
3.70262	0.000735995	0.184255	0.0555411	0
3.70268	0.000745085	0.134003	0.0473128	0
3.70213	0.000745804	0.201005	0.057941	0
3.70248	0.000735668	0.234506	0.062398	0
3.70361	0.000750055	0.217755	0.0603409	0
3.70253	0.000735603	0.100503	0.0411416	0
3.70191	0.000740377	0.167504	0.0527983	0
3.70342	0.000744758	0.100503	0.0411416	0
3.70338	0.00074175	0.184255	0.0555411	0
3.70223	0.000737434	0.117253	0.0442272	0
3.70237	0.000732987	0.217755	0.0603409	0
3.70369	0.000718012	0.184255	0.0555411	0
3.70311	0.000705522	0.100503	0.0473128	0
3.70306	0.000735603	0.335008	0.0747405	0
3.70404	0.00072344	0.100503	0.0411416	0
3.70382	0.000744889	0.251256	0.0647979	0
3.70468	0.000771242	0.318258	0.0726834	0
3.70418	0.000744366	0.167504	0.0527983	0
3.70404	0.00073351	0.251256	0.0647979	0
3.70459	0.000736518	0.100503	0.0411416	0
3.70413	0.000709838	0.0837521	0.0373702	0
3.70376	0.000708857	0.0837521	0.0373702	0
3.70407	0.000735211	0.117253	0.0442272	0
3.7041	0.000745281	0.234506	0.062398	0
3.70417	0.000736126	0.150754	0.0500556	0
3.70449	0.000746	0.167504	0.0527983	0
3.7042	0.000718601	0.150754	0.0500556	0
3.70437	0.000727233	0.167504	0.0527983	0
3.70466	0.000753324	0.167504	0.0527983	0
3.70545	0.0007426	0.268007	0.066855	0
3.70484	0.000717489	0.217755	0.0603409	0
3.70435	0.000716181	0.0502513	0.0291419	0
3.70471	0.000738284	0.117253	0.0442272	0
3.70476	0.000742927	0.184255	0.0555411	0
3.70551	0.000725336	0.234506	0.062398	0
3.70506	0.000736845	0.134003	0.0473128	0
3.70601	0.000741619	0.184255	0.0555411	0
3.70624	0.000717816	0.150754	0.0500556	0
3.70529	0.000729718	0.117253	0.0442272	0
3.70562	0.00073848	0.0837521	0.0373702	0
3.70599	0.000739461	0.100503	0.0411416	0
3.70604	0.00074515	0.167504	0.0527983	0
3.70657	0.000737238	0.184255	0.0555411	0
3.70583	0.00073508	0.117253	0.0442272	0
3.70632	0.000724944	0.184255	0.0555411	0
3.70648	0.000718928	0.234506	0.062398	0
3.70569	0.000721674	0.100503	0.0411416	0
3.70541	0.000716966	0.117253	0.0442272	0
3.70718	0.000723571	0.0837521	0.0373702	0
3.70768	0.000735668	0.234506	0.062398	0
3.70634	0.000710427	0.0837521	0.0373702	0
3.70611	0.000715331	0.150754	0.0500556	0
3.70655	0.000736649	0.167504	0.0527983	0
3.70681	0.000726971	0.150754	0.0500556	0
3.70654	0.000763395	0.284757	0.0689121	0
3.7062	0.00074842	0.150754	0.0500556	0
3.70619	0.000721609	0.201005	0.057941	0
3.7063	0.000702187	0.117253	0.0442272	0
3.70763	0.000714023	0.184255	0.0555411	0
3.7081	0.00074927	0.167504	0.0527983	0
3.70603	0.000734753	0.217755	0.0603409	0
3.70655	0.000711996	0.0837521	0.0373702	0
3.70736	0.000729652	0.134003	0.0473128	0
3.70836	0.000718732	0.117253	0.0442272	0
3.70818	0.000728017	0.167504	0.0527983	0
3.70904	0.000741619	0.234506	0.062398	0
3.70943	0.000737172	0.150754	0.0500556	0
3.70796	0.000742273	0.134003	0.0473128	0
3.7086	0.000729391	0.184255	0.0555411	0
3.70956	0.000749532	0.251256	0.0647979	0
3.70864	0.000746981	0.134003	0.0473128	0
3.70736	0.000718339	0.0837521	0.0373702	0
3.70796	0.000709511	0.167504	0.0527983	0
3.70926	0.000712062	0.167504	0.057941	0
3.70895	0.00072259	0.117253	0.0442272	0
3.70847	0.000726448	0.0837521	0.0373702	0
3.70884	0.000743712	0.167504	0.0527983	0
3.71027	0.000723178	0.184255	0.0555411	0
3.70969	0.000713696	0.167504	0.0527983	0
3.70908	0.000725532	0.167504	0.0527983	0
3.70915	0.000720432	0.134003	0.0473128	0
3.70859	0.000739265	0.184255	0.0555411	0
3.709	0.000748224	0.184255	0.0555411	0
3.70853	0.000753651	0.184255	0.0555411	0
3.71082	0.00073593	0.268007	0.0709692	0
3.71123	0.000736649	0.251256	0.0647979	0
3.70934	0.000719778	0.167504	0.0527983	0
3.70916	0.000731418	0.100503	0.0411416	0
3.71077	0.000721936	0.167504	0.0527983	0
3.70942	0.00070173	0.100503	0.0411416	0
3.70969	0.000716377	0.150754	0.0500556	0
3.70985	0.000705522	0.117253	0.0442272	0
3.7102	0.000737696	0.0837521	0.0373702	0
3.71105	0.000721609	0.150754	0.0500556	0
3.71131	0.000742273	0.335008	0.0747405	0
3.71165	0.000746393	0.201005	0.057941	0
3.71106	0.000737957	0.100503	0.0411416	0
3.71137	0.000726579	0.0837521	0.0373702	0
3.71096	0.0007426	0.201005	0.057941	0
3.71074	0.00072841	0.100503	0.0411416	0
3.71116	0.000722917	0.134003	0.0473128	0
3.71119	0.000736453	0.134003	0.0473128	0
3.71014	0.000720497	0.0502513	0.0291419	0
3.71108	0.000731222	0.150754	0.0500556	0
3.71108	0.000741031	0.134003	0.0473128	0
0	0	0	0	0
0	0	0	0	0
0	0	0	0	0
0	0	0	0	0
0	0	0	0	0
0	0	0	0	0
0	0	0	0	0
0	0	0	0	0
0	0	0	0	0
0	0	0	0	0
0	0	0	0	0
0	0	0	0	0
0	0	0	0	0
0	0	0	0	0
0	0	0	0	0
0	0	0	0	0
0	0	0	0	0
0	0	0	0	0
0	0	0	0	0
0	0	0	0	0
0	0	0	0	0
0	0	0	0	0
0	0	0	0	0
0	0	0	0	0
0	0	0	0	0
0	0	0	0	0
0	0	0	0	0
0	0	0	0	0
0	0	0	0	0
0	0	0	0	0
0	0	0	0	0
0	0	0	0	0
0	0	0	0	0
0	0	0	0	0
0	0	0	0	0
0	0	0	0	0
0	0	0	0	0
0	0	0	0	0
0	0	0	0	0
0	0	0	0	0
0	0	0	0	0
0	0	0	0	0
0	0	0	0	0
0	0	0	0	0
0	0	0	0	0
0	0	0	0	0
0	0	0	0	0
0	0	0	0	0
0	0	0	0	0
0	0	0	0	0
0	0	0	0	0
0	0	0	0	0
0	0	0	0	0
0	0	0	0	0
0	0	0	0	0
0	0	0	0	0
0	0	0	0	0
0	0	0	0	0
0	0	0	0	0
0	0	0	0	0
0	0	0	0	0
0	0	0	0	0
0	0	0	0	0
0	0	0	0	0
0	0	0	0	0
0	0	0	0	0
0	0	0	0	0
0	0	0	0	0
0	0	0	0	0
0	0	0	0	0
0	0	0	0	0
0	0	0	0	0
0	0	0	0	0
0	0	0	0	0
0	0	0	0	0
0	0	0	0	0
0	0	0	0	0
0	0	0	0	0
0	0	0	0	0
0	0	0	0	0
0	0	0	0	0
0	0	0	0	0
0	0	0	0	0
0	0	0	0	0
0	0	0	0	0
0	0	0	0	0
0	0	0	0	0
0	0	0	0	0
0	0	0	0	0
0	0	0	0	0
0	0	0	0	0
0	0	0	0	0
0	0	0	0	0
0	0	0	0	0
0	0	0	0	0
0	0	0	0	0
0	0	0	0	0
0	0	0	0	0
0	0	0	0	0
0	0	0	0	0
0	0	0	0	0
0	0	0	0	0
0	0	0	0	0
0	0	0	0	0
0	0	0	0	0
0	0	0	0	0
0	0	0	0	0
0	0	0	0	0
0	0	0	0	0
0	0	0	0	0
0	0	0	0	0
0	0	0	0	0
0	0	0	0	0
0	0	0	0	0
0	0	0	0	0
0	0	0	0	0
0	0	0	0	0
0	0	0	0	0
0	0	0	0	0
0	0	0	0	0
0	0	0	0	0
0	0	0	0	0
0	0	0	0	0
0	0	0	0	0
0	0	0	0	0
0	0	0	0	0
0	0	0	0	0
0	0	0	0	0
0	0	0	0	0
0	0	0	0	0
0	0	0	0	0
0	0	0	0	0
0	0	0	0	0
0	0	0	0	0
0	0	0	0	0
0	0	0	0	0
0	0	0	0	0
0	0	0	0	0
0	0	0	0	0
0	0	0	0	0
0	0	0	0	0
0	0	0	0	0
0	0	0	0	0
0	0	0	0	0
0	0	0	0	0
0	0	0	0	0
0	0	0	0	0
0	0	0	0	0
0	0	0	0	0
0	0	0	0	0
0	0	0	0	0
0	0	0	0	0
0	0	0	0	0
0	0	0	0	0
0	0	0	0	0
0	0	0	0	0
0	0	0	0	0
0	0	0	0	0
0	0	0	0	0
0	0	0	0	0
0	0	0	0	0
0	0	0	0	0
0	0	0	0	0
0	0	0	0	0
0	0	0	0	0
0	0	0	0	0
0	0	0	0	0
0	0	0	0	0
0	0	0	0	0
0	0	0	0	0
0	0	0	0	0
0	0	0	0	0
0	0	0	0	0
0	0	0	0	0
0	0	0	0	0
0	0	0	0	0
0	0	0	0	0
0	0	0	0	0
0	0	0	0	0
0	0	0	0	0
0	0	0	0	0
0	0	0	0	0
0	0	0	0	0
0	0	0	0	0
0	0	0	0	0
0	0	0	0	0
0	0	0	0	0
0	0	0	0	0
0	0	0	0	0
0	0	0	0	0
0	0	0	0	0
0	0	0	0	0
0	0	0	0	0
0	0	0	0	0
0	0	0	0	0
0	0	0	0	0
0	0	0	0	0
0	0	0	0	0
0	0	0	0	0
0	0	0	0	0
0	0	0	0	0
0	0	0	0	0
0	0	0	0	0
0	0	0	0	0
0	0	0	0	0
0	0	0	0	0
0	0	0	0	0
0	0	0	0	0
0	0	0	0	0
0	0	0	0	0
0	0	0	0	0
0	0	0	0	0
0	0	0	0	0
0	0	0	0	0
0	0	0	0	0
0	0	0	0	0
0	0	0	0	0
0	0	0	0	0
0	0	0	0	0
0	0	0	0	0
0	0	0	0	0
0	0	0	0	0
0	0	0	0	0
0	0	0	0	0
0	0	0	0	0
0	0	0	0	0
0	0	0	0	0
0	0	0	0	0
0	0	0	0	0
0	0	0	0	0
0	0	0	0	0
0	0	0	0	0
0	0	0	0	0
0	0	0	0	0
0	0	0	0	0
0	0	0	0	0
0	0	0	0	0
0	0	0	0	0
0	0	0	0	0
0	0	0	0	0
0	0	0	0	0
0	0	0	0	0
0	0	0	0	0
0	0	0	0	0
0	0	0	0	0
0	0	0	0	0
0	0	0	0	0
0	0	0	0	0
0	0	0	0	0
0	0	0	0	0
0	0	0	0	0
0	0	0	0	0
0	0	0	0	0
0	0	0	0	0
0	0	0	0	0
0	0	0	0	0
0	0	0	0	0
0	0	0	0	0
0	0	0	0	0
0	0	0	0	0
0	0	0	0	0
0	0	0	0	0
0	0	0	0	0
0	0	0	0	0
0	0	0	0	0
0	0	0	0	0
0	0	0	0	0
0	0	0	0	0
0	0	0	0	0
0	0	0	0	0
0	0	0	0	0
0	0	0	0	0
0	0	0	0	0
0	0	0	0	0
0	0	0	0	0
0	0	0	0	0
0	0	0	0	0
0	0	0	0	0
0	0	0	0	0
0	0	0	0	0
0	0	0	0	0
0	0	0	0	0
0	0	0	0	0
0	0	0	0	0
0	0	0	0	0
0	0	0	0	0
0	0	0	0	0
0	0	0	0	0
0	0	0	0	0
0	0	0	0	0
0	0	0	0	0
0	0	0	0	0
0	0	0	0	0
0	0	0	0	0
0	0	0	0	0
0	0	0	0	0
0	0	0	0	0
0	0	0	0	0
0	0	0	0	0
0	0	0	0	0
0	0	0	0	0
0	0	0	0	0
0	0	0	0	0
0	0	0	0	0
0	0	0	0	0
0	0	0	0	0
0	0	0	0	0
0	0	0	0	0
0	0	0	0	0
0	0	0	0	0
0	0	0	0	0
0	0	0	0	0
0	0	0	0	0
0	0	0	0	0
0	0	0	0	0
0	0	0	0	0
0	0	0	0	0
0	0	0	0	0
0	0	0	0	0
0	0	0	0	0
0	0	0	0	0
0	0	0	0	0
0	0	0	0	0
0	0	0	0	0
0	0	0	0	0
0	0	0	0	0
0	0	0	0	0
0	0	0	0	0
0	0	0	0	0
0	0	0	0	0
0	0	0	0	0
0	0	0	0	0
0	0	0	0	0
0	0	0	0	0
0	0	0	0	0
0	0	0	0	0
0	0	0	0	0
0	0	0	0	0
0	0	0	0	0
0	0	0	0	0
0	0	0	0	0
0	0	0	0	0
0	0	0	0	0
0	0	0	0	0
0	0	0	0	0
0	0	0	0	0
0	0	0	0	0
0	0	0	0	0
0	0	0	0	0
0	0	0	0	0
0	0	0	0	0
0	0	0	0	0
0	0	0	0	0
0	0	0	0	0
0	0	0	0	0
0	0	0	0	0
0	0	0	0	0
0	0	0	0	0
0	0	0	0	0
0	0	0	0	0
0	0	0	0	0
0	0	0	0	0
0	0	0	0	0
0	0	0	0	0
0	0	0	0	0
0	0	0	0	0
0	0	0	0	0
0	0	0	0	0
0	0	0	0	0
0	0	0	0	0
0	0	0	0	0
0	0	0	0	0
0	0	0	0	0
0	0	0	0	0
0	0	0	0	0
0	0	0	0	0
0	0	0	0	0
0	0	0	0	0
0	0	0	0	0
0	0	0	0	0
0	0	0	0	0
0	0	0	0	0
0	0	0	0	0
0	0	0	0	0
0	0	0	0	0
0	0	0	0	0
0	0	0	0	0
0	0	0	0	0
0	0	0	0	0
0	0	0	0	0
0	0	0	0	0
0	0	0	0	0
0	0	0	0	0
0	0	0	0	0
0	0	0	0	0
0	0	0	0	0
0	0	0	0	0
0	0	0	0	0
0	0	0	0	0
0	0	0	0	0
