a2610905.330447
Narit-cm 09/01/2026 05:03:04 09/01/2026 05:33:04 0045 0013.384714 0052.542598 00.0 00.0
0002401 0010 0000000 0010 05 0000000 0010 0000000 0010
1 0 1 01600 1 0000 3.75 00000.o 0 0 01 000 16 002401 0.500 BT0
1 2 1 02000 1 0000 3.75 00000.o 0 0 01 000 16 002401 0.500 S2A0
1 1 1 01600 1 0000 3.75 00000.o 0 0 00 000 00 002401 3.1746 BC0
1 3 1 02000 1 0000 3.75 00000.o 0 0 00 000 00 002401 3.1746 S2P0
1 5 0 01600 0 0000 1.00 00000.o 0 0 00 000 00 000000 0.000 OF0
0.000 .o Analog 0 	0.000 .o Analog StErr 0 	0.000 .o Photon Counting 0 	0.000 .o PC StErr 0 	0.000 .o Overflow Info 0 
28.876	0.16858	178.076	0.878729	0
68.0675	0.411454	193.903	0.857985	0
278.053	2.3169	110.154	1.364	0
473.485	0.0592735	0.932945	0.127524	0
473.457	0	0	0	0
473.457	0	0	0	0
473.457	1.10266E-5	21.7576	0.603616	0
473.457	9.01586E-6	12.8446	0.512818	0
473.457	0	3.33195	0.282594	0
473.457	0	12.8613	0.492074	0
473.457	6.3565E-6	50.6789	0.846082	0
473.457	0	97.7926	0.993671	0
473.457	6.3565E-6	135.16	1.01203	0
473.457	0	116.218	1.04264	0
473.457	0	76.2182	0.899472	0
473.457	9.01586E-6	68.4881	0.840641	0
473.457	6.3565E-6	72.4365	0.870567	0
473.457	6.3565E-6	78.5673	0.88825	0
473.457	0	110.737	0.948102	0
473.457	0	124.465	0.928038	0
473.457	6.3565E-6	130.262	0.922597	0
473.457	0	143.39	0.941981	0
473.457	9.01586E-6	161.549	0.93722	0
473.457	0	178.042	0.899132	0
473.457	6.3565E-6	182.84	0.909674	0
473.457	0	188.688	0.881449	0
473.457	0	201.183	0.897092	0
473.457	0	205.065	0.883829	0
473.457	0	202.799	0.898452	0
473.457	6.3565E-6	203.915	0.890971	0
473.457	0	202.899	0.882469	0
473.457	0	201.616	0.874988	0
473.457	0	203.082	0.893011	0
473.777	0.0580526	201.366	0.881789	1
478.484	0.206979	203.099	0.907294	1
492.653	0.234232	202.132	0.88859	1
499.258	0.0778712	200.133	0.880769	1
500	0	200.3	0.881449	1
500	0	199.617	0.897092	1
499.57	0.0688959	199.933	0.880769	1
494.903	0.269908	200.716	0.871587	1
476.444	0.564862	200.816	0.883829	1
444.248	0.823701	203.032	0.881109	1
401.368	0.915015	200.367	0.871247	1
358.518	0.907474	202.466	0.895392	0
318.93	0.927234	203.582	0.909334	0
279.549	0.938889	201.866	0.873287	0
241.295	0.918573	203.832	0.857304	0
206.13	0.897904	202.915	0.88723	0
173.503	0.859794	202.232	0.891991	0
143.556	0.796851	202.582	0.875328	0
117.191	0.726808	200.95	0.901513	0
94.1217	0.645535	200.15	0.875668	0
74.4134	0.552297	198.684	0.872607	0
58.3274	0.462329	198.284	0.88621	0
45.5804	0.380084	198.067	0.864786	0
35.4411	0.306011	197.035	0.876688	0
27.5287	0.242531	195.285	0.872607	0
21.5169	0.189106	194.652	0.877028	0
16.9616	0.145102	191.687	0.889611	0
13.6451	0.111604	190.404	0.880769	0
11.203	0.0850574	189.254	0.860365	0
9.36572	0.0653174	188.122	0.845742	0
8.06559	0.0513241	185.723	0.871927	0
7.12684	0.0413687	181.908	0.837241	0
6.39376	0.0339245	182.207	0.850843	0
5.81016	0.028964	178.542	0.841321	0
5.37132	0.0252338	177.259	0.848123	0
5.08676	0.0234897	173.461	0.857644	0
4.86936	0.0223128	174.261	0.845062	0
4.69996	0.0215343	171.045	0.855264	0
4.61219	0.0213577	168.696	0.823638	0
4.55155	0.0215083	168.18	0.856284	0
4.50792	0.0200489	166.181	0.855944	0
4.52083	0.0201148	162.299	0.841661	0
4.52227	0.0205766	162.149	0.827379	0
4.50051	0.0200205	159.5	0.850503	0
4.54524	0.0200199	160.6	0.852543	0
4.62917	0.0203206	159	0.854584	0
4.65234	0.0201112	159.617	0.850163	0
4.75493	0.0192948	158.834	0.845402	0
4.90553	0.0198147	155.985	0.840981	0
4.99609	0.0197392	154.219	0.850163	0
5.11166	0.0192958	155.035	0.848803	0
5.19271	0.018928	153.886	0.814456	0
5.23572	0.0193742	154.636	0.83588	0
5.33683	0.0195272	152.803	0.843702	0
5.43447	0.0191956	153.969	0.855264	0
5.52768	0.0190977	152.67	0.852543	0
5.60005	0.0190218	151.037	0.846762	0
5.64062	0.0189305	150.837	0.851863	0
5.69835	0.0190915	151.32	0.849483	0
5.73794	0.0183047	149.321	0.849483	0
5.76297	0.0185382	149.554	0.819897	0
5.81986	0.0183742	148.322	0.827039	0
5.83638	0.0178596	147.555	0.829419	0
5.82011	0.0177684	146.722	0.831119	0
5.90326	0.0174869	146.456	0.862745	0
5.96296	0.017372	147.239	0.849483	0
5.96258	0.0170983	146.406	0.845742	0
6.00981	0.0169893	145.14	0.8318	0
6.0701	0.016835	146.189	0.842682	0
6.10207	0.0167072	145.239	0.841321	0
6.11341	0.0168033	143.357	0.843022	0
6.13144	0.0163397	141.324	0.83282	0
6.17912	0.0167017	143.207	0.846082	0
6.2075	0.0159264	142.407	0.8352	0
6.21413	0.0159597	140.142	0.858325	0
6.22587	0.0162055	138.759	0.83384	0
6.22972	0.015966	140.441	0.83282	0
6.27278	0.0156551	140.891	0.828739	0
6.31613	0.0159742	139.559	0.837241	0
6.30214	0.0155132	139.425	0.837241	0
6.31434	0.0154045	138.059	0.853224	0
6.35395	0.0153376	138.309	0.83486	0
6.34528	0.0150818	137.259	0.822618	0
6.37164	0.0148809	138.842	0.809695	0
6.42278	0.0153058	138.226	0.875668	0
6.41925	0.0151519	137.343	0.858325	0
6.44074	0.0151391	135.693	0.829759	0
6.47055	0.0150889	135.327	0.829079	0
6.4689	0.0151275	137.543	0.830779	0
6.48406	0.0150677	136.077	0.83554	0
6.52379	0.0157358	134.777	0.838601	0
6.53729	0.014862	134.461	0.867166	0
6.51008	0.0148262	134.461	0.867846	0
6.50061	0.0149648	133.978	0.868527	0
6.50617	0.0149188	131.162	0.838261	0
6.48041	0.0141974	130.529	0.842682	0
6.45995	0.0146181	131.062	0.860365	0
6.44988	0.014381	130.762	0.859005	0
6.45291	0.0146792	130.046	0.864106	0
6.45136	0.0142336	130.362	0.83656	0
6.39385	0.0141104	128.347	0.854924	0
6.33199	0.013611	127.297	0.848463	0
6.3216	0.0131482	126.297	0.83214	0
6.29947	0.0133009	125.781	0.840301	0
6.25771	0.0132002	124.815	0.841661	0
6.24907	0.012764	125.614	0.863086	0
6.25628	0.0126987	123.832	0.849823	0
6.25184	0.0129415	124.282	0.848463	0
6.24532	0.0128536	123.482	0.83452	0
6.25301	0.0126898	124.348	0.844042	0
6.2564	0.0122822	121.866	0.837581	0
6.2621	0.012633	121.983	0.83248	0
6.28086	0.0125354	122.915	0.837241	0
6.26458	0.0123332	121.616	0.845402	0
6.23016	0.0122335	119.833	0.857304	0
6.24734	0.0120718	120.983	0.842342	0
6.25978	0.012285	121.05	0.857304	0
6.22622	0.0119389	118.9	0.852203	0
6.20722	0.0116631	118.267	0.817177	0
6.2189	0.011775	119.484	0.841321	0
6.21347	0.0114619	116.435	0.846762	0
6.1859	0.0116921	119.55	0.841661	0
6.15486	0.0119452	115.952	0.862405	0
6.13322	0.0115681	116.901	0.847783	0
6.12575	0.0114882	115.285	0.830439	0
6.11326	0.011362	114.619	0.824658	0
6.1093	0.0113746	114.786	0.83656	0
6.10649	0.0114139	115.918	0.823978	0
6.06978	0.0111617	113.419	0.847102	0
6.03633	0.0109816	111.603	0.830439	0
6.02334	0.0104948	112.003	0.837581	0
6.0052	0.0110468	110.97	0.847443	0
5.98293	0.0110104	111.237	0.848803	0
5.96992	0.0109588	109.538	0.825678	0
5.96854	0.0106728	109.821	0.852543	0
5.96253	0.0105569	108.855	0.83452	0
5.93793	0.0104578	108.088	0.839281	0
5.91208	0.0105583	109.021	0.844382	0
5.90161	0.0105941	107.139	0.83452	0
5.90291	0.0105563	107.455	0.841321	0
5.88663	0.0105844	108.105	0.840981	0
5.85949	0.0104336	105.439	0.826699	0
5.84516	0.0103351	104.84	0.843022	0
5.82136	0.0102353	103.407	0.83282	0
5.79476	0.0103283	103.257	0.855604	0
5.78109	0.0102587	103.257	0.8352	0
5.75652	0.0101842	102.407	0.842682	0
5.73697	0.0102661	103.224	0.852543	0
5.72651	0.0101085	98.8088	0.8335	0
5.70337	0.00982236	101.608	0.827719	0
5.68477	0.00984026	98.7089	0.813776	0
5.66337	0.00966247	99.8084	0.838941	0
5.63971	0.00998717	99.2087	0.847102	0
5.63308	0.0101858	98.3424	0.827379	0
5.61528	0.00952931	96.9763	0.828739	0
5.59498	0.00973291	96.7597	0.856964	0
5.58534	0.00992717	95.1937	0.812416	0
5.55894	0.00988333	94.7938	0.860705	0
5.53166	0.00993347	93.4611	0.825338	0
5.51744	0.00971365	94.4606	0.837921	0
5.50966	0.00965897	93.7609	0.847102	0
5.50214	0.00946049	92.7613	0.8369	0
5.48019	0.00957692	91.8617	0.824658	0
5.4524	0.00949915	91.0787	0.830779	0
5.43107	0.00954332	90.5289	0.840301	0
5.42289	0.00949668	90.3457	0.830099	0
5.40704	0.00926285	89.3961	0.830779	0
5.39277	0.0092923	90.1291	0.856284	0
5.38709	0.00952185	88.1966	0.840301	0
5.3741	0.00965962	88.813	0.856964	0
5.36706	0.00950531	87.9967	0.838261	0
5.34525	0.00934413	86.7305	0.822278	0
5.31447	0.00927161	85.7809	0.838601	0
5.29725	0.0092661	84.1316	0.860025	0
5.28717	0.00919767	86.0475	0.852543	0
5.259	0.00916394	83.7984	0.815816	0
5.23125	0.00908046	84.8646	0.842342	0
5.21015	0.00888523	81.1162	0.823978	0
5.18774	0.00897435	80.9663	0.859685	0
5.16392	0.00898369	78.9504	0.83282	0
5.14208	0.00902805	78.3507	0.83248	0
5.1342	0.00876484	78.8005	0.814456	0
5.11912	0.00873526	78.9838	0.843022	0
5.10251	0.00861021	76.918	0.846082	0
5.09403	0.00876997	77.3844	0.841321	0
5.06651	0.00867494	75.2686	0.825338	0
5.02784	0.00847238	73.5027	0.830099	0
5.01978	0.00842477	75.6018	0.830099	0
5.02412	0.00828998	74.7688	0.814116	0
4.99762	0.00854684	72.6697	0.818877	0
4.98011	0.00840946	73.4527	0.820577	0
4.9746	0.00838747	70.9038	0.822958	0
4.96616	0.00845389	72.8363	0.823298	0
4.94842	0.0082872	70.9038	0.822278	0
4.91948	0.00819191	68.788	0.801534	0
4.89704	0.00786793	68.0716	0.796773	0
4.88876	0.00778821	69.2711	0.806975	0
4.88138	0.00802347	67.8884	0.811396	0
4.86964	0.00783186	68.9379	0.821938	0
4.86517	0.00801121	66.9055	0.801194	0
4.85734	0.00798027	68.005	0.818537	0
4.83305	0.00781597	66.3224	0.824318	0
4.8106	0.00793188	65.3228	0.805955	0
4.80587	0.0078172	64.1399	0.811396	0
4.80464	0.00788745	63.6735	0.807995	0
4.79707	0.00776551	65.3561	0.802554	0
4.77518	0.00770635	62.6406	0.790992	0
4.75962	0.00776946	62.7738	0.809695	0
4.7517	0.00756593	62.3074	0.808335	0
4.73654	0.00757838	61.8409	0.794392	0
4.72485	0.00757799	61.0079	0.799833	0
4.71737	0.00750308	61.1745	0.795413	0
4.69798	0.00740831	58.6922	0.793372	0
4.68408	0.00741791	58.4423	0.810715	0
4.67854	0.00740228	58.6422	0.797793	0
4.66803	0.00755983	57.9092	0.801534	0
4.65958	0.00735772	58.8421	0.78147	0
4.64633	0.00721755	57.3428	0.779089	0
4.62076	0.00710333	54.9105	0.787251	0
4.6054	0.00714004	54.494	0.78249	0
4.60478	0.00710508	53.561	0.790312	0
4.60106	0.00710917	54.8438	0.774669	0
4.58649	0.0068649	54.3107	0.78181	0
4.56884	0.00677162	52.1616	0.760046	0
4.55575	0.00693443	52.1949	0.768547	0
4.53636	0.00674801	51.6285	0.784871	0
4.50749	0.00662263	50.6622	0.78181	0
4.49856	0.00660506	49.0462	0.756985	0
4.48871	0.00656607	48.3965	0.743723	0
4.471	0.00633484	47.7135	0.751544	0
4.4627	0.00645983	47.5135	0.756645	0
4.45183	0.00619383	47.7634	0.747123	0
4.43945	0.00615731	45.581	0.735221	0
4.4289	0.0061339	45.9808	0.738962	0
4.41524	0.00599075	44.9479	0.734201	0
4.40789	0.00604847	45.1479	0.752224	0
4.39684	0.00614668	43.3819	0.734881	0
4.38555	0.00601955	43.5818	0.726379	0
4.3826	0.00582677	43.0654	0.718218	0
4.3733	0.00587133	41.5993	0.737601	0
4.35709	0.00588009	40.0666	0.72808	0
4.34336	0.00575406	41.2495	0.716857	0
4.33272	0.00562966	40.8496	0.7325	0
4.32193	0.00567013	39.9	0.720258	0
4.31199	0.0056364	39.8001	0.701555	0
4.30534	0.00546595	39.8334	0.708016	0
4.30005	0.0054256	38.3174	0.699174	0
4.28778	0.00538552	39.317	0.712777	0
4.27829	0.00535678	35.7684	0.701214	0
4.27458	0.00545116	37.0179	0.689652	0
4.26747	0.00538863	35.985	0.694413	0
4.25298	0.00518795	35.8017	0.685571	0
4.24047	0.00511595	35.2187	0.685571	0
4.23733	0.00514293	34.469	0.670269	0
4.2339	0.00503967	34.7688	0.682511	0
4.22192	0.00513411	34.2024	0.686592	0
4.20323	0.00488134	32.3199	0.666528	0
4.19771	0.00476764	32.2699	0.661087	0
4.19704	0.00476478	32.903	0.670269	0
4.19278	0.00465977	31.7201	0.641363	0
4.18166	0.00463221	32.9863	0.658366	0
4.16553	0.00459452	30.8871	0.642723	0
4.15585	0.00453109	30.8538	0.652925	0
4.15571	0.00453128	30.4873	0.638302	0
4.15194	0.00450942	30.0708	0.634222	0
4.14205	0.00448095	29.2545	0.6264	0
4.13349	0.00437555	28.738	0.62572	0
4.13483	0.00439669	29.621	0.646464	0
4.13299	0.00444229	29.4877	0.634222	0
4.11765	0.00436478	26.9554	0.616538	0
4.10812	0.00421164	28.1549	0.62436	0
4.10853	0.00422617	27.4885	0.62436	0
4.10119	0.0043341	26.4723	0.602936	0
4.09257	0.00417992	26.439	0.608037	0
4.09345	0.00422526	27.5718	0.6281	0
4.09308	0.00417739	26.4556	0.605656	0
4.08868	0.00419062	28.1716	0.630141	0
4.08506	0.00417175	25.706	0.586272	0
4.0812	0.00420256	25.606	0.604636	0
4.07579	0.00423246	26.2224	0.620959	0
4.07215	0.00416254	25.5227	0.607697	0
4.07034	0.00411149	25.9559	0.595454	0
4.07016	0.00418174	25.5394	0.598175	0
4.06731	0.00421981	25.2728	0.604636	0
4.06896	0.00413731	25.8559	0.606336	0
4.06588	0.00408892	25.0895	0.601575	0
4.05765	0.00403962	25.0396	0.594774	0
4.05924	0.00411707	25.2062	0.591033	0
4.05428	0.00404527	24.3898	0.596474	0
4.04283	0.00409521	23.9234	0.585252	0
4.03834	0.00398138	23.6401	0.570969	0
4.03789	0.0039278	23.8067	0.595454	0
4.03932	0.00401374	24.3732	0.594094	0
4.0347	0.00395569	23.3903	0.583552	0
4.03116	0.00408178	24.6564	0.608037	0
4.02995	0.00389524	22.5906	0.591033	0
4.02387	0.00382182	23.6235	0.577771	0
4.0255	0.00387351	23.5069	0.587973	0
4.02716	0.00394635	22.9404	0.57607	0
4.01466	0.00383109	23.1737	0.585252	0
4.00804	0.00391347	22.5406	0.582532	0
4.01173	0.0038176	22.8571	0.570289	0
4.00725	0.00381293	22.2074	0.559747	0
3.99918	0.00378776	22.1408	0.579811	0
3.99973	0.00373367	21.8242	0.569269	0
3.99568	0.00374567	21.3078	0.556007	0
3.98829	0.00377466	20.4581	0.543084	0
3.98778	0.00376052	21.4744	0.57403	0
3.98818	0.00380456	20.9579	0.554306	0
3.98779	0.00376603	22.0741	0.576751	0
3.98942	0.0037506	21.2745	0.578111	0
3.98908	0.00368431	21.3911	0.557367	0
3.98448	0.00376091	21.4744	0.556007	0
3.97894	0.0036786	21.0912	0.552266	0
3.97576	0.00363397	19.925	0.550226	0
3.97884	0.00363826	20.2915	0.553626	0
3.97879	0.0036978	21.2245	0.557027	0
3.96807	0.00349744	19.8584	0.536963	0
3.96674	0.00368042	20.2416	0.559067	0
3.965	0.00370954	20.3249	0.549545	0
3.9618	0.00361432	20.1416	0.540024	0
3.96391	0.00365849	20.2915	0.542404	0
3.95637	0.00351359	20.1749	0.543424	0
3.94935	0.00349186	19.3753	0.528801	0
3.95035	0.00353512	19.242	0.552606	0
3.94944	0.0034977	19.5085	0.529482	0
3.94682	0.00349056	19.192	0.538663	0
3.94496	0.00352695	19.0587	0.530842	0
3.93936	0.00345995	18.5756	0.529482	0
3.9308	0.00330551	18.6422	0.52268	0
3.92543	0.00333347	17.3594	0.504657	0
3.92016	0.00330661	17.676	0.511458	0
3.9186	0.00327036	17.7259	0.510098	0
3.9166	0.00326361	17.3428	0.528461	0
3.91227	0.00324999	17.4427	0.504997	0
3.90961	0.00336901	17.2095	0.511118	0
3.9053	0.00320296	16.793	0.498876	0
3.89746	0.00311689	16.0933	0.487994	0
3.89816	0.00312708	17.7426	0.510098	0
3.90082	0.00314666	15.96	0.499896	0
3.89564	0.0030602	16.01	0.496155	0
3.88999	0.00304165	14.8771	0.484253	0
3.89148	0.00306403	16.893	0.497515	0
3.896	0.0031575	16.5098	0.499216	0
3.89097	0.00313635	16.1766	0.485273	0
3.88417	0.00298114	15.4102	0.486633	0
3.88463	0.00307337	15.9267	0.498536	0
3.88212	0.00303562	16.11	0.485613	0
3.87408	0.00297193	14.7272	0.472011	0
3.87279	0.00300157	14.9938	0.46963	0
3.87021	0.00294747	14.394	0.464529	0
3.86857	0.00295649	14.3274	0.459428	0
3.86782	0.00293891	14.7105	0.473031	0
3.86609	0.00296161	14.8938	0.478812	0
3.86471	0.00288216	14.7938	0.479832	0
3.86218	0.00291095	14.1774	0.459088	0
3.86066	0.00293443	14.5773	0.472351	0
3.86118	0.00295117	14.1274	0.460108	0
3.85835	0.00287217	14.2441	0.466569	0
3.8561	0.00285569	13.7943	0.464869	0
3.85397	0.00292393	13.7776	0.465889	0
3.85081	0.00286879	14.0275	0.459088	0
3.84667	0.00274452	13.7609	0.453987	0
3.84599	0.00279115	13.6943	0.459428	0
3.84548	0.0028291	13.3778	0.449566	0
3.84232	0.00277922	13.8776	0.460448	0
3.84188	0.00285965	13.3111	0.457728	0
3.84115	0.00274355	13.9109	0.460788	0
3.83282	0.00262893	12.045	0.430523	0
3.8316	0.00268802	12.5115	0.445145	0
3.83855	0.00276547	12.4282	0.430863	0
3.83975	0.00275191	13.2611	0.456368	0
3.83467	0.002677	12.4448	0.435964	0
3.83075	0.00261427	12.8613	0.433243	0
3.82913	0.00271371	12.5281	0.435283	0
3.82552	0.00272512	12.4448	0.441745	0
3.82004	0.00257808	11.3453	0.4176	0
3.81903	0.00268977	12.3282	0.437664	0
3.82265	0.00270768	12.7447	0.439364	0
3.81806	0.00260714	12.4448	0.431543	0
3.81385	0.0026216	11.6951	0.419981	0
3.81526	0.00260234	11.8617	0.433583	0
3.8122	0.00261862	11.7618	0.420321	0
3.80801	0.00257173	10.9454	0.413859	0
3.81229	0.00253404	11.8451	0.421001	0
3.81416	0.00256297	11.945	0.426442	0
3.8113	0.00254033	12.3782	0.440044	0
3.80839	0.00254727	11.4786	0.423381	0
3.80787	0.00251802	11.7451	0.422361	0
3.80666	0.00254001	10.7122	0.410459	0
3.80136	0.0025271	10.7622	0.413519	0
3.79642	0.00247132	10.9954	0.4159	0
3.79494	0.00251114	10.7455	0.411479	0
3.79554	0.00255013	11.1287	0.421681	0
3.79198	0.00247994	10.6289	0.421001	0
3.79266	0.00254455	11.1953	0.420321	0
3.79305	0.00245698	10.8288	0.403317	0
3.7892	0.00247099	10.1291	0.399237	0
3.78916	0.00247352	10.379	0.413859	0
3.78911	0.00241216	9.96252	0.396176	0
3.7883	0.00238667	10.329	0.403317	0
3.78363	0.00233563	10.1125	0.397536	0
3.78167	0.00233472	9.81258	0.397876	0
3.78243	0.0023259	9.96252	0.391075	0
3.78014	0.00235372	10.379	0.400937	0
3.77191	0.00225974	8.82965	0.369311	0
3.76556	0.00217444	8.92961	0.374072	0
3.76264	0.00220869	8.89629	0.376112	0
3.7618	0.00215544	8.79633	0.369651	0
3.76074	0.00221083	9.06289	0.378153	0
3.75717	0.00216004	8.12995	0.36693	0
3.75266	0.00215648	8.16327	0.358769	0
3.75173	0.00208707	7.88005	0.347887	0
3.7494	0.00208403	7.86339	0.354688	0
3.74653	0.00204634	7.31362	0.344146	0
3.7453	0.00203194	7.14702	0.332584	0
3.74309	0.00198051	7.18034	0.342106	0
3.73914	0.00193387	6.38067	0.328163	0
3.73887	0.00194963	7.24698	0.350267	0
3.73888	0.00200275	7.0304	0.333944	0
3.73411	0.00194418	6.78051	0.334964	0
3.72978	0.0019233	6.34736	0.31286	0
3.72998	0.00190559	6.76385	0.325442	0
3.72946	0.00188574	6.29738	0.316261	0
3.72711	0.00188574	5.94752	0.31252	0
3.72854	0.00190397	6.91379	0.331224	0
3.72779	0.00187407	6.3307	0.31354	0
3.72426	0.00180473	5.96418	0.307419	0
3.72842	0.00186674	6.49729	0.320681	0
3.72945	0.00190526	6.14744	0.320681	0
3.72578	0.00188976	6.59725	0.321702	0
3.72515	0.00187893	6.61391	0.326123	0
3.72288	0.00182529	5.98084	0.31218	0
3.71755	0.00185863	5.78092	0.31286	0
3.71911	0.0018358	5.59767	0.298577	0
3.72088	0.00181803	6.28072	0.3115	0
3.71981	0.00180972	6.06414	0.31116	0
3.7191	0.00181277	6.49729	0.317281	0
3.71878	0.00178183	6.1641	0.307759	0
3.71682	0.00184903	5.66431	0.302658	0
3.7153	0.00182088	5.66431	0.298917	0
3.71752	0.00184462	6.03082	0.317621	0
3.71638	0.00182977	5.56435	0.298917	0
3.71415	0.00180953	5.81424	0.303678	0
3.71388	0.001814	6.06414	0.308439	0
3.71576	0.00180434	5.54769	0.294837	0
3.71701	0.00179461	5.71429	0.299938	0
3.71568	0.00186771	5.98084	0.3132	0
3.70892	0.0018083	5.53103	0.295177	0
3.70711	0.00177346	5.29779	0.297217	0
3.70626	0.00174726	5.51437	0.292116	0
3.70626	0.00174434	5.53103	0.295177	0
3.70781	0.00175842	5.51437	0.297897	0
3.70774	0.0017747	5.73095	0.302998	0
3.70681	0.00177243	5.44773	0.296537	0
3.70523	0.00174557	5.33111	0.289395	0
3.70298	0.00172696	4.93128	0.279534	0
3.7037	0.00179759	5.43107	0.295177	0
3.70513	0.00176471	5.18117	0.287015	0
3.70395	0.00175634	5.34777	0.295177	0
3.70244	0.00177749	5.59767	0.308439	0
3.70444	0.00173546	5.1312	0.287015	0
3.70123	0.00172813	5.46439	0.296877	0
3.69744	0.00167027	5.11454	0.283614	0
3.69649	0.00170945	4.51479	0.267971	0
3.69464	0.0016678	4.83132	0.289055	0
3.69625	0.00172637	5.29779	0.291436	0
3.7001	0.0017603	5.41441	0.292796	0
3.69716	0.00170607	4.94794	0.281914	0
3.69848	0.00173481	5.49771	0.295517	0
3.70111	0.00175427	5.68097	0.292796	0
3.69666	0.00169479	4.91462	0.284295	0
3.69477	0.00174921	5.14786	0.288375	0
3.69731	0.0017376	4.86464	0.281914	0
3.69776	0.00179759	5.33111	0.289395	0
3.69564	0.00170225	5.28113	0.286335	0
3.69314	0.00169336	4.73136	0.275113	0
3.69299	0.00167423	5.38109	0.290416	0
3.69159	0.00171314	4.83132	0.285315	0
3.68764	0.0016763	4.74802	0.276473	0
3.68807	0.00170504	5.1312	0.290756	0
3.68725	0.00172164	4.44815	0.266271	0
3.6852	0.00161682	5.29779	0.288715	0
3.68647	0.0016379	4.8813	0.282254	0
3.68634	0.00162934	4.9646	0.280214	0
3.68799	0.0016261	4.83132	0.277153	0
3.68925	0.00164964	4.84798	0.283614	0
3.68758	0.00169829	4.68138	0.281914	0
3.68832	0.00172248	5.01458	0.292116	0
3.68742	0.00162175	4.43149	0.270012	0
3.68401	0.00164153	4.46481	0.26151	0
3.68212	0.0016379	4.39817	0.269332	0
3.68188	0.00162986	3.9317	0.253009	0
3.68124	0.00161669	4.51479	0.273072	0
3.68077	0.0016582	4.6314	0.274773	0
3.67811	0.00160657	3.7651	0.249948	0
3.67727	0.0015925	4.41483	0.265591	0
3.67829	0.00164329	4.28155	0.266271	0
3.67532	0.0015818	4.26489	0.267971	0
3.67744	0.00164355	4.64806	0.276133	0
3.67944	0.00163661	4.13161	0.25947	0
3.67434	0.00151538	4.06497	0.252328	0
3.67454	0.00157927	3.88172	0.256069	0
3.67343	0.00148256	4.16493	0.26253	0
3.67246	0.00154307	3.78176	0.251308	0
3.67128	0.00151609	3.53186	0.238726	0
3.66968	0.00150967	3.63182	0.243827	0
3.66914	0.00151486	3.71512	0.245187	0
3.66758	0.00151032	3.64848	0.240766	0
3.66728	0.00146991	3.28197	0.234985	0
3.66654	0.00145467	3.79842	0.247227	0
3.66625	0.00148859	3.73178	0.250968	0
3.66442	0.00151032	3.44856	0.237366	0
3.66276	0.00147581	3.04873	0.221723	0
3.66168	0.0014367	3.41524	0.237706	0
3.66123	0.00135789	2.94877	0.221042	0
3.66155	0.00137469	3.48188	0.238386	0
3.66286	0.0014068	3.24865	0.226823	0
3.6624	0.00143761	3.13203	0.225463	0
3.66064	0.00142794	3.36526	0.233965	0
3.6628	0.0014773	3.28197	0.232605	0
3.66106	0.00142515	3.09871	0.225803	0
3.65646	0.0013828	3.11537	0.226143	0
3.65629	0.00139649	2.81549	0.214241	0
3.6568	0.00139895	3.08205	0.227844	0
3.65596	0.001409	2.81549	0.214241	0
3.65545	0.00138364	2.94877	0.221042	0
3.65373	0.00141114	2.44898	0.204039	0
3.65372	0.00134991	2.99875	0.221382	0
3.6556	0.00136665	3.06539	0.218322	0
3.65399	0.00129647	2.6489	0.2071	0
3.65355	0.0013503	2.99875	0.221382	0
3.65351	0.00134265	2.86547	0.214581	0
3.65096	0.00129284	2.51562	0.200979	0
3.65099	0.00130866	2.59892	0.20676	0
3.65263	0.00133668	2.34902	0.194857	0
3.65085	0.00132903	2.33236	0.195537	0
3.65071	0.00132507	2.71554	0.214581	0
3.65137	0.00137761	2.71554	0.212201	0
3.65021	0.00136574	2.44898	0.198598	0
3.6489	0.00133201	2.71554	0.21084	0
3.64962	0.0013455	2.5656	0.20676	0
3.65118	0.00137858	2.63224	0.20914	0
3.64895	0.00133811	2.41566	0.197238	0
3.64792	0.00135802	2.61558	0.20608	0
3.64786	0.00134018	2.16576	0.187716	0
3.64725	0.00136963	2.76551	0.20982	0
3.64733	0.00131768	2.44898	0.199958	0
3.64612	0.00129491	2.33236	0.194177	0
3.64509	0.00128077	2.58226	0.203359	0
3.64557	0.00126112	2.46564	0.199278	0
3.64287	0.00127117	1.91587	0.177514	0
3.64279	0.00131002	2.59892	0.20948	0
3.64368	0.00124815	2.13244	0.186356	0
3.64023	0.00121429	1.98251	0.178874	0
3.63959	0.00124328	1.88255	0.174453	0
3.64088	0.00123537	2.26572	0.193157	0
3.64108	0.00121085	2.04915	0.184655	0
3.64095	0.00123757	2.34902	0.198938	0
3.64064	0.00125463	2.33236	0.195537	0
3.6396	0.00125625	1.99917	0.179554	0
3.64187	0.00124049	2.43232	0.199278	0
3.64271	0.00129011	2.2324	0.194857	0
3.63947	0.00127065	2.06581	0.183635	0
3.63956	0.00124315	2.13244	0.189416	0
3.6412	0.00122979	2.06581	0.182275	0
3.63994	0.00126358	2.18242	0.191457	0
3.63761	0.00121545	2.03249	0.183975	0
3.63493	0.00116142	1.33278	0.148268	0
3.63595	0.00120423	1.79925	0.170713	0
3.63836	0.00125671	2.09913	0.188056	0
3.63786	0.00119366	2.11579	0.182615	0
3.63763	0.00123011	2.24906	0.192477	0
3.63633	0.00123589	1.79925	0.169352	0
3.63673	0.00123251	2.06581	0.188056	0
3.63808	0.00122103	2.2324	0.194857	0
3.63585	0.00117959	1.49938	0.160511	0
3.63567	0.00120177	2.03249	0.187036	0
3.63694	0.00121948	1.86589	0.175474	0
3.6342	0.00121014	1.93253	0.176494	0
3.6341	0.00118711	1.94919	0.175814	0
3.6366	0.00116752	1.88255	0.177514	0
3.6351	0.0012283	1.81591	0.176494	0
3.63391	0.00118977	1.91587	0.175814	0
3.63546	0.00117284	1.86589	0.173773	0
3.63412	0.00121539	1.88255	0.174453	0
3.63277	0.0012089	1.86589	0.175474	0
3.63448	0.00119853	1.88255	0.179214	0
3.6331	0.00119288	1.78259	0.168332	0
3.6323	0.00120118	1.76593	0.171053	0
3.63423	0.0011947	2.13244	0.188056	0
3.63421	0.0012427	1.98251	0.184995	0
3.63219	0.00122064	1.64931	0.167312	0
3.63086	0.00119366	1.68263	0.165612	0
3.63279	0.00121338	2.01583	0.183295	0
3.63313	0.00120774	1.81591	0.171733	0
3.63149	0.00118464	1.71595	0.173773	0
3.62906	0.00116739	1.39942	0.152009	0
3.62846	0.00117206	1.66597	0.163231	0
3.63077	0.00118367	1.68263	0.165612	0
3.6319	0.00118484	1.88255	0.177514	0
3.63042	0.00118834	1.51603	0.15575	0
3.62961	0.00116921	1.69929	0.167992	0
3.63063	0.00116421	1.88255	0.172753	0
3.62938	0.00115059	1.64931	0.165612	0
3.62906	0.0011478	1.83257	0.172413	0
3.62762	0.00111647	1.59933	0.159831	0
3.62863	0.00116798	1.91587	0.175814	0
3.63071	0.00120631	1.73261	0.167992	0
3.62822	0.00117647	1.53269	0.15847	0
3.62746	0.00113023	1.71595	0.166972	0
3.62865	0.00116681	1.51603	0.15779	0
3.62858	0.00117822	1.74927	0.168672	0
3.62789	0.00113023	1.49938	0.15847	0
3.62829	0.00114735	1.68263	0.165612	0
3.62854	0.00117563	1.83257	0.177174	0
3.62783	0.00119159	1.73261	0.169352	0
3.62735	0.00111291	1.58267	0.159151	0
3.62762	0.00114184	1.73261	0.169352	0
3.62747	0.0011648	1.58267	0.162551	0
3.62617	0.00115818	1.61599	0.164251	0
3.62841	0.00116642	1.91587	0.177514	0
3.6293	0.00115974	1.56601	0.15847	0
3.62541	0.00111018	1.74927	0.168672	0
3.6252	0.00115325	1.81591	0.171733	0
3.62745	0.00117109	1.94919	0.178874	0
3.62623	0.00114988	1.2828	0.143848	0
3.62369	0.00113457	1.34944	0.149289	0
3.62332	0.00109916	1.1995	0.141127	0
3.62322	0.0011229	1.33278	0.148268	0
3.62418	0.00115228	1.49938	0.160511	0
3.62341	0.00114462	1.74927	0.168672	0
3.62421	0.00115085	1.53269	0.15847	0
3.62357	0.00112309	1.1995	0.141127	0
3.62283	0.0011192	1.38276	0.150989	0
3.62283	0.00109124	1.48272	0.15779	0
3.62317	0.00110344	1.3661	0.150309	0
3.62369	0.00115202	1.59933	0.161531	0
3.62345	0.00114158	1.48272	0.161191	0
3.62271	0.00110798	1.49938	0.15847	0
3.62366	0.00112205	1.53269	0.160171	0
3.62249	0.00114047	1.61599	0.162551	0
3.62217	0.00112076	1.48272	0.15779	0
3.62132	0.00111051	1.38276	0.152689	0
3.62037	0.00110694	1.23282	0.143167	0
3.62082	0.00110739	1.26614	0.142827	0
3.62131	0.00110065	1.46606	0.15711	0
3.62186	0.00112698	1.53269	0.15677	0
3.62155	0.00112627	1.34944	0.149289	0
3.6217	0.00114372	1.34944	0.149289	0
3.6213	0.0011024	1.39942	0.153709	0
3.61975	0.00109163	1.31612	0.147588	0
3.62071	0.00108794	1.51603	0.15779	0
3.61996	0.00107295	1.1995	0.139087	0
3.61971	0.00108359	1.58267	0.159151	0
3.62009	0.00113191	1.46606	0.153369	0
3.61841	0.00110396	1.06622	0.137726	0
3.61921	0.00106893	1.38276	0.150989	0
3.61995	0.0010699	1.18284	0.138407	0
3.61839	0.00112724	1.33278	0.148268	0
3.61837	0.0011035	1.29946	0.144868	0
3.61937	0.00109338	1.2828	0.143848	0
3.62002	0.00113282	1.39942	0.15541	0
3.61959	0.00110551	1.34944	0.150989	0
3.61983	0.00111258	1.23282	0.141127	0
3.61909	0.00110876	1.29946	0.144868	0
3.61745	0.00107425	1.3661	0.152009	0
3.61799	0.00107055	1.23282	0.143167	0
3.6182	0.00104934	1.1995	0.139087	0
3.61728	0.00107516	1.16618	0.137386	0
3.61711	0.00108709	1.29946	0.148608	0
3.61822	0.00109598	1.29946	0.146568	0
3.6162	0.00105615	1.1995	0.139087	0
3.61569	0.00107295	1.29946	0.144868	0
3.61616	0.00105654	1.16618	0.137386	0
3.6157	0.00108404	1.1995	0.141127	0
3.61584	0.00107263	1.13286	0.135346	0
3.61624	0.00109591	1.24948	0.142147	0
3.61569	0.00105842	1.13286	0.135346	0
3.61572	0.00104013	0.966264	0.127524	0
3.61662	0.00105447	1.01624	0.130585	0
3.61685	0.00106147	1.41608	0.15439	0
3.61725	0.00108502	1.18284	0.140447	0
3.61652	0.00108865	1.21616	0.144188	0
3.61656	0.00106666	1.08288	0.132625	0
3.61623	0.00107684	1.21616	0.142147	0
3.61543	0.00108729	1.18284	0.140447	0
3.61448	0.00102839	1.06622	0.131605	0
3.61562	0.00106874	1.24948	0.142147	0
3.61515	0.00108567	1.18284	0.142147	0
3.61441	0.00108547	1.08288	0.132625	0
3.6147	0.00107671	1.33278	0.148268	0
3.61479	0.00106167	1.34944	0.149289	0
3.61564	0.00107918	1.04956	0.132625	0
3.61512	0.00107594	1.2828	0.147588	0
3.61644	0.00110655	1.29946	0.144868	0
3.61588	0.00106815	1.21616	0.140107	0
3.61549	0.00110915	1.38276	0.15473	0
3.61491	0.00109669	1.16618	0.141467	0
3.61321	0.00105388	1.13286	0.135346	0
3.61351	0.00107587	1.2828	0.143848	0
3.61559	0.00106595	1.14952	0.136366	0
3.61327	0.00104097	1.06622	0.131605	0
3.61196	0.00101652	1.13286	0.141467	0
3.61316	0.00108554	0.999584	0.129565	0
3.6132	0.00104753	0.966264	0.127524	0
3.61342	0.0010603	1.01624	0.132625	0
3.61436	0.00103326	1.13286	0.135346	0
3.61404	0.00103773	0.932945	0.123104	0
3.61316	0.0010079	1.13286	0.137386	0
3.61388	0.0010664	1.06622	0.133646	0
3.61512	0.00107185	1.0329	0.131605	0
3.61441	0.00105894	1.1162	0.134326	0
3.61432	0.00110538	1.18284	0.138407	0
3.61285	0.00102216	0.999584	0.129565	0
3.61259	0.00106154	1.1162	0.134326	0
3.61286	0.00103287	0.966264	0.125484	0
3.6123	0.00104409	1.34944	0.149289	0
3.61239	0.00105466	0.916285	0.122083	0
3.61088	0.0010426	0.783007	0.113242	0
3.61115	0.00101522	0.982924	0.126504	0
3.61258	0.00102917	0.899625	0.123444	0
3.61189	0.00102165	0.849646	0.122423	0
3.61275	0.00101004	0.932945	0.123104	0
3.6133	0.00101626	0.932945	0.125484	0
3.61187	0.00101827	1.01624	0.130585	0
3.61136	0.000994598	0.882965	0.122423	0
3.61101	0.000999658	0.832986	0.116642	0
3.61217	0.00102995	1.23282	0.143167	0
3.61141	0.00101749	1.06622	0.133646	0
3.61	0.00102314	1.06622	0.133646	0
3.60967	0.00102372	0.866306	0.118683	0
3.61081	0.0010112	1.06622	0.131605	0
3.6119	0.00105284	1.04956	0.130585	0
3.61194	0.00103864	1.04956	0.130585	0
3.61065	0.00103125	1.06622	0.133646	0
3.61051	0.000998879	0.849646	0.120043	0
3.61062	0.000990836	0.799667	0.114262	0
3.6117	0.00101497	1.14952	0.136366	0
3.6114	0.00100608	0.899625	0.121063	0
3.61001	0.000983702	0.699708	0.107121	0
3.60942	0.000986296	0.849646	0.117663	0
3.61109	0.00101912	1.1162	0.134326	0
3.61035	0.00101328	0.916285	0.122083	0
3.61021	0.00105764	0.982924	0.128545	0
3.61048	0.00106199	0.816327	0.117663	0
3.60939	0.00101107	0.866306	0.125824	0
3.61096	0.00099622	0.999584	0.127524	0
3.61197	0.00103254	1.08288	0.134666	0
3.61093	0.000996804	1.09954	0.133646	0
3.61047	0.00101036	0.916285	0.122083	0
3.61038	0.00102392	0.816327	0.115282	0
3.61102	0.00101561	1.0329	0.133646	0
3.6116	0.00100653	1.0329	0.129565	0
3.61034	0.00106355	1.06622	0.133646	0
3.61053	0.00103079	0.966264	0.125484	0
3.60966	0.00100524	0.966264	0.125484	0
3.60965	0.00101516	0.882965	0.122423	0
3.60745	0.000989669	0.683049	0.10576	0
3.60762	0.00100705	0.899625	0.121063	0
3.60988	0.00101782	0.999584	0.127524	0
3.61119	0.00104227	1.16618	0.141467	0
3.61028	0.000999982	0.699708	0.109501	0
3.60989	0.000993496	0.799667	0.114262	0
3.61174	0.00103741	1.23282	0.143167	0
3.61081	0.00105751	0.999584	0.127524	0
3.60951	0.00102645	0.849646	0.120043	0
3.61003	0.00100433	0.899625	0.121063	0
3.60982	0.000981561	0.849646	0.117663	0
3.61	0.00100841	1.04956	0.132625	0
3.60946	0.00103378	1.06622	0.135686	0
3.60822	0.00101503	0.932945	0.123104	0
3.60903	0.00098902	0.832986	0.116642	0
3.609	0.00102372	0.866306	0.123444	0
3.60907	0.00102872	0.899625	0.121063	0
3.60853	0.00100653	0.932945	0.123104	0
3.60909	0.000998425	0.899625	0.123444	0
3.60892	0.00100861	0.916285	0.124464	0
3.609	0.00103987	0.699708	0.107121	0
3.60874	0.000980718	0.899625	0.121063	0
3.60753	0.000992782	0.866306	0.118683	0
3.60815	0.001009	0.799667	0.114262	0
3.61053	0.00102152	0.932945	0.123104	0
3.60966	0.000974815	0.749688	0.110861	0
3.60798	0.0010162	0.916285	0.122083	0
3.60958	0.00102729	1.1995	0.143167	0
3.60906	0.000968978	0.849646	0.117663	0
3.60808	0.00104954	0.932945	0.125484	0
3.60752	0.000980264	0.699708	0.109501	0
3.60769	0.000966513	0.699708	0.107121	0
3.60846	0.000998879	0.849646	0.120043	0
3.60855	0.000987074	0.832986	0.116642	0
3.60836	0.000978318	0.649729	0.10576	0
3.60934	0.00100511	0.849646	0.117663	0
3.60823	0.000971832	0.932945	0.123104	0
3.60831	0.000965994	0.799667	0.114262	0
3.60817	0.00102281	0.982924	0.128545	0
3.607	0.000982145	0.916285	0.122083	0
3.60701	0.000994598	0.749688	0.113242	0
3.60787	0.0010053	0.949604	0.128545	0
3.60671	0.000982404	0.733028	0.111881	0
3.60511	0.000970924	0.516451	0.0952183	0
3.60694	0.00098422	0.832986	0.116642	0
3.60708	0.000961973	0.666389	0.1044	0
3.60627	0.000974945	0.766347	0.111881	0
3.60779	0.000956978	0.816327	0.115282	0
3.6077	0.000951206	0.849646	0.120043	0
3.60761	0.000996609	0.832986	0.119023	0
3.60809	0.000977021	0.649729	0.10338	0
3.60771	0.000981107	0.783007	0.115622	0
3.6079	0.000975269	0.799667	0.114262	0
3.60831	0.000978577	0.982924	0.128545	0
3.60696	0.00100102	0.63307	0.10474	0
3.60671	0.000941152	0.749688	0.110861	0
3.60761	0.000971897	0.982924	0.126504	0
3.60642	0.000964891	0.649729	0.10338	0
3.60709	0.000968589	0.566431	0.099299	0
3.60732	0.000969497	0.733028	0.109501	0
3.6074	0.000972221	0.666389	0.1044	0
3.6076	0.000969951	0.749688	0.113242	0
3.60817	0.000977929	0.766347	0.114262	0
3.60772	0.000971832	0.699708	0.107121	0
3.60763	0.000941022	0.566431	0.0965785	0
3.60757	0.000947768	0.666389	0.1044	0
3.60664	0.000948935	0.799667	0.114262	0
3.60597	0.000995312	0.716368	0.108141	0
3.60595	0.000980848	0.61641	0.100659	0
3.6063	0.000995312	0.816327	0.115282	0
3.60758	0.000981042	0.932945	0.123104	0
3.60687	0.00100238	0.816327	0.117663	0
3.60699	0.00100731	0.882965	0.122423	0
3.60784	0.000985518	0.982924	0.126504	0
3.60818	0.000980394	0.816327	0.117663	0
3.60697	0.00097715	0.816327	0.115282	0
3.60629	0.000975983	0.63307	0.10202	0
3.60692	0.000958146	0.733028	0.109501	0
3.60822	0.000978513	0.849646	0.120043	0
3.60818	0.000984026	0.699708	0.107121	0
3.60654	0.00096554	0.61641	0.100659	0
3.60636	0.000937584	0.58309	0.0979388	0
3.60683	0.000934147	0.799667	0.114262	0
3.60627	0.000967681	0.716368	0.108141	0
3.6061	0.00100348	0.799667	0.116642	0
3.60729	0.000971378	0.566431	0.0965785	0
3.60589	0.000974232	0.733028	0.109501	0
3.60623	0.000994015	0.832986	0.119023	0
3.60587	0.000950038	0.649729	0.10338	0
3.60454	0.000907553	0.499792	0.0907974	0
3.60575	0.000929347	0.63307	0.10202	0
3.60624	0.000941152	0.58309	0.0979388	0
3.6066	0.000924547	0.666389	0.107121	0
3.6061	0.000942903	0.799667	0.114262	0
3.60624	0.000946795	0.63307	0.10202	0
3.60693	0.000976632	0.649729	0.10338	0
3.60627	0.000975853	0.59975	0.099299	0
3.60696	0.000982793	0.832986	0.116642	0
3.60569	0.000975788	0.58309	0.0979388	0
3.60498	0.000917801	0.58309	0.0979388	0
3.60672	0.000952892	0.649729	0.10338	0
3.60772	0.00096807	0.58309	0.0979388	0
3.60669	0.000951011	0.683049	0.108481	0
3.60545	0.000926363	0.433153	0.0843362	0
3.60516	0.00089737	0.449813	0.0860365	0
3.60701	0.000960611	0.766347	0.111881	0
3.6071	0.000938687	0.516451	0.0921577	0
3.60634	0.000966383	0.699708	0.109501	0
3.60735	0.000992393	0.749688	0.110861	0
3.60616	0.0009658	0.649729	0.10576	0
3.60547	0.00093006	0.549771	0.0952183	0
3.60563	0.000962621	0.59975	0.099299	0
3.60609	0.000995831	0.649729	0.10338	0
3.60642	0.000989734	0.733028	0.111881	0
3.60698	0.000938363	0.666389	0.1044	0
3.60626	0.000944914	0.832986	0.116642	0
3.60673	0.000973259	0.733028	0.109501	0
3.60715	0.000977345	0.733028	0.109501	0
3.60652	0.00097008	0.649729	0.10338	0
3.60669	0.00096794	0.666389	0.1044	0
3.60647	0.000955097	0.63307	0.10202	0
3.6052	0.000963919	0.499792	0.0907974	0
3.60566	0.000958016	0.59975	0.099299	0
3.60619	0.000936222	0.666389	0.1044	0
3.60559	0.000946276	0.716368	0.108141	0
3.60574	0.000961389	0.533111	0.0935179	0
3.6054	0.000943876	0.61641	0.1061	0
3.60585	0.00092565	0.63307	0.10202	0
3.60698	0.000944849	0.58309	0.0979388	0
3.60641	0.000962946	0.666389	0.1044	0
3.60608	0.000932331	0.58309	0.0979388	0
3.60664	0.000921434	0.449813	0.0860365	0
3.60638	0.000948157	0.58309	0.0979388	0
3.60714	0.000992717	0.699708	0.107121	0
3.60676	0.00096541	0.499792	0.0907974	0
3.60628	0.000942514	0.649729	0.10338	0
3.60599	0.000934276	0.566431	0.0965785	0
3.60598	0.00095367	0.666389	0.1044	0
3.60581	0.000947898	0.516451	0.0921577	0
3.60577	0.000977475	0.649729	0.10576	0
3.60611	0.000975723	0.61641	0.10338	0
3.6058	0.000911121	0.533111	0.0935179	0
3.6052	0.000909564	0.549771	0.0952183	0
3.60658	0.000939336	0.516451	0.0921577	0
3.60694	0.000907164	0.516451	0.0921577	0
3.60592	0.000951141	0.649729	0.10338	0
3.60615	0.000956524	0.59975	0.099299	0
3.60674	0.000937649	0.416493	0.0860365	0
3.60595	0.000941087	0.516451	0.0979388	0
3.60729	0.000933822	0.683049	0.10576	0
3.6089	0.000986815	0.61641	0.100659	0
3.60655	0.000930514	0.449813	0.0860365	0
3.60518	0.000910342	0.59975	0.10202	0
3.60643	0.000920526	0.433153	0.0843362	0
3.60637	0.000954708	0.58309	0.0979388	0
3.60546	0.000911445	0.416493	0.0829759	0
3.60659	0.000908461	0.58309	0.100659	0
3.60768	0.000915466	0.549771	0.0952183	0
3.60741	0.000968653	0.533111	0.0935179	0
3.60718	0.000944525	0.61641	0.100659	0
3.60768	0.000942579	0.549771	0.0952183	0
3.6059	0.00091832	0.416493	0.0829759	0
3.60692	0.000940309	0.533111	0.0935179	0
3.60682	0.00092792	0.549771	0.0952183	0
3.60687	0.000921628	0.58309	0.0979388	0
3.60786	0.000970794	0.866306	0.118683	0
3.6088	0.000974491	0.766347	0.114262	0
3.60789	0.000926558	0.649729	0.10338	0
3.60708	0.000940309	0.63307	0.10202	0
3.60684	0.000945498	0.499792	0.0907974	0
3.60701	0.000947898	0.549771	0.0952183	0
3.60616	0.000910991	0.399833	0.0812756	0
3.60552	0.000928633	0.399833	0.0812756	0
3.60673	0.000936482	0.566431	0.099299	0
3.60672	0.000961259	0.58309	0.100659	0
3.6063	0.000952114	0.59975	0.10474	0
3.6069	0.000924807	0.466472	0.0877368	0
3.60693	0.000949649	0.499792	0.0907974	0
3.60589	0.000921499	0.316535	0.0724339	0
3.60683	0.000913261	0.483132	0.0921577	0
3.60764	0.000941217	0.566431	0.0965785	0
3.60767	0.000919099	0.59975	0.099299	0
3.60692	0.000923898	0.449813	0.0860365	0
3.60763	0.000923898	0.533111	0.0935179	0
3.60781	0.000928828	0.516451	0.0921577	0
3.60713	0.0008975	0.516451	0.0921577	0
3.60797	0.000964308	0.716368	0.110861	0
3.6087	0.000944784	0.466472	0.0877368	0
3.60713	0.00093246	0.533111	0.0935179	0
3.60783	0.000925001	0.549771	0.0952183	0
3.60736	0.000914753	0.383174	0.0795753	0
3.60606	0.000916634	0.516451	0.0979388	0
3.60717	0.000927985	0.499792	0.0907974	0
3.60634	0.000925909	0.483132	0.0890971	0
3.60676	0.000898797	0.333195	0.0741342	0
3.60751	0.000906775	0.716368	0.110861	0
3.60616	0.000935833	0.433153	0.0843362	0
3.60531	0.000887381	0.349854	0.0761746	0
3.60683	0.00091391	0.61641	0.100659	0
3.60793	0.000893867	0.533111	0.0935179	0
3.60696	0.000902105	0.533111	0.0935179	0
3.60665	0.000891338	0.366514	0.0778749	0
3.60659	0.000902883	0.433153	0.0843362	0
3.60668	0.000887186	0.449813	0.0860365	0
3.6069	0.000913261	0.466472	0.0877368	0
3.60717	0.00092552	0.499792	0.0907974	0
3.60702	0.00091391	0.333195	0.0741342	0
3.60583	0.000876095	0.349854	0.0761746	0
3.60637	0.000901002	0.333195	0.0741342	0
3.60643	0.000902364	0.349854	0.0761746	0
3.60778	0.000930774	0.58309	0.0979388	0
3.60804	0.000961065	0.549771	0.0952183	0
3.60701	0.000932201	0.61641	0.100659	0
3.6071	0.000928504	0.399833	0.0812756	0
3.60809	0.000915726	0.433153	0.0843362	0
3.60761	0.000912807	0.449813	0.0860365	0
3.60711	0.00091858	0.399833	0.0846762	0
3.60722	0.000905542	0.366514	0.0778749	0
3.60751	0.000920591	0.483132	0.0921577	0
3.60796	0.000893738	0.549771	0.0952183	0
3.608	0.00089244	0.283215	0.0683531	0
3.60714	0.000911056	0.466472	0.0877368	0
3.60721	0.000899381	0.449813	0.0921577	0
3.60781	0.000899899	0.366514	0.0778749	0
3.60763	0.000884268	0.333195	0.0741342	0
3.60734	0.000875771	0.399833	0.0812756	0
3.60786	0.000890948	0.433153	0.0843362	0
3.60856	0.000904959	0.416493	0.0829759	0
3.60836	0.000921628	0.433153	0.0843362	0
3.60828	0.00090217	0.333195	0.0741342	0
3.60879	0.000914169	0.466472	0.0877368	0
3.60853	0.000895748	0.416493	0.0829759	0
3.60801	0.000889716	0.499792	0.0907974	0
3.60881	0.000913845	0.59975	0.099299	0
3.60944	0.000911185	0.383174	0.0795753	0
3.60803	0.000929996	0.466472	0.0907974	0
3.60805	0.000905932	0.383174	0.0795753	0
3.60873	0.000898537	0.499792	0.0907974	0
3.60788	0.000905478	0.516451	0.0921577	0
3.60762	0.000914104	0.449813	0.0860365	0
3.60786	0.000883424	0.383174	0.0795753	0
3.60825	0.000874863	0.399833	0.0812756	0
3.60879	0.000924223	0.59975	0.099299	0
3.60843	0.000929087	0.566431	0.099299	0
3.60877	0.000918645	0.533111	0.0935179	0
3.60979	0.000923444	0.566431	0.0965785	0
3.60994	0.00091832	0.499792	0.0907974	0
3.60795	0.000923509	0.449813	0.0860365	0
3.60776	0.00094686	0.433153	0.0843362	0
3.60909	0.000917931	0.549771	0.0952183	0
3.60901	0.000919877	0.533111	0.0935179	0
3.60935	0.000938298	0.749688	0.110861	0
3.60889	0.000943876	0.383174	0.0795753	0
3.60979	0.000917737	0.516451	0.0952183	0
3.60924	0.000914623	0.516451	0.0952183	0
3.60863	0.000922472	0.466472	0.0877368	0
3.60931	0.000924353	0.383174	0.0795753	0
3.60916	0.000881154	0.383174	0.0795753	0
3.60977	0.000874473	0.466472	0.0877368	0
3.60955	0.000894062	0.649729	0.10338	0
3.60865	0.0008855	0.466472	0.0877368	0
3.60798	0.000899316	0.499792	0.0907974	0
3.60758	0.000908656	0.316535	0.0724339	0
3.60966	0.000906969	0.649729	0.10338	0
3.60994	0.000888873	0.449813	0.0890971	0
3.60784	0.000885954	0.333195	0.0741342	0
3.60805	0.000860982	0.316535	0.0724339	0
3.6091	0.000878171	0.466472	0.0877368	0
3.60848	0.000888549	0.383174	0.0795753	0
3.60934	0.000895359	0.516451	0.0921577	0
3.61054	0.00089497	0.466472	0.0877368	0
3.61027	0.000902753	0.549771	0.0952183	0
3.60987	0.000927142	0.399833	0.0812756	0
3.60982	0.000887835	0.383174	0.0795753	0
3.60961	0.000905542	0.449813	0.0860365	0
3.60992	0.000915337	0.566431	0.0965785	0
3.60929	0.000896073	0.266556	0.0663127	0
3.61026	0.000900289	0.349854	0.0761746	0
3.61253	0.000905542	0.59975	0.099299	0
3.61036	0.000876354	0.199917	0.057471	0
3.6085	0.0008879	0.383174	0.0795753	0
3.61027	0.000879662	0.249896	0.0642723	0
3.6101	0.000872787	0.366514	0.0778749	0
3.6102	0.000901326	0.533111	0.0935179	0
3.61119	0.000893219	0.483132	0.0890971	0
3.61093	0.000888224	0.399833	0.0812756	0
3.6105	0.000862928	0.383174	0.0795753	0
3.61149	0.000894386	0.433153	0.0843362	0
3.61097	0.000912742	0.399833	0.0812756	0
3.60974	0.000872657	0.399833	0.0812756	0
3.61011	0.000877911	0.383174	0.0795753	0
3.60987	0.000885954	0.466472	0.0877368	0
3.60995	0.000878625	0.383174	0.0795753	0
3.6109	0.000899575	0.466472	0.0877368	0
3.61168	0.000893673	0.316535	0.0724339	0
3.6121	0.00091832	0.566431	0.0965785	0
3.61226	0.000928569	0.416493	0.0829759	0
3.61101	0.000922861	0.416493	0.0829759	0
3.61039	0.00088537	0.316535	0.0724339	0
3.61061	0.000903207	0.383174	0.0795753	0
3.61034	0.000895164	0.449813	0.0860365	0
3.61106	0.000908396	0.416493	0.0829759	0
3.61156	0.000879273	0.383174	0.0795753	0
3.61061	0.000884397	0.349854	0.0761746	0
3.61039	0.000908072	0.483132	0.0921577	0
3.61036	0.000892375	0.299875	0.0741342	0
3.61112	0.00091138	0.416493	0.0829759	0
3.61051	0.000850345	0.183257	0.0550906	0
3.60975	0.000882451	0.333195	0.0741342	0
3.61105	0.000912353	0.483132	0.0890971	0
3.61254	0.000945627	0.549771	0.0952183	0
3.611	0.00089711	0.349854	0.0761746	0
3.61022	0.000911575	0.449813	0.0860365	0
3.6121	0.000896267	0.266556	0.0663127	0
3.61208	0.000895878	0.383174	0.0795753	0
3.61212	0.000886408	0.349854	0.0761746	0
3.61216	0.000894905	0.366514	0.0778749	0
3.61133	0.000862668	0.383174	0.0795753	0
3.61105	0.000879857	0.58309	0.0979388	0
3.6124	0.000881543	0.299875	0.0703935	0
3.61159	0.00089977	0.466472	0.0877368	0
3.61171	0.000893673	0.249896	0.0642723	0
3.61064	0.000873955	0.399833	0.0812756	0
3.61105	0.000877587	0.349854	0.0761746	0
3.61209	0.000879273	0.266556	0.0663127	0
3.61309	0.000927531	0.59975	0.099299	0
3.6131	0.00092325	0.349854	0.0761746	0
3.61151	0.000882062	0.416493	0.0829759	0
3.61135	0.000902299	0.366514	0.0778749	0
3.61196	0.00090671	0.283215	0.0683531	0
3.61189	0.000870582	0.283215	0.0683531	0
3.61204	0.000902818	0.399833	0.0812756	0
3.61316	0.000915012	0.433153	0.0843362	0
3.61257	0.000863706	0.399833	0.0812756	0
3.61237	0.000898213	0.383174	0.0795753	0
3.6124	0.00090217	0.283215	0.0683531	0
3.61243	0.000897305	0.466472	0.0877368	0
3.61286	0.000900678	0.483132	0.0890971	0
3.6132	0.000938493	0.416493	0.0860365	0
3.61307	0.000880895	0.149938	0.0499896	0
3.61074	0.000848399	0.199917	0.057471	0
3.61177	0.000857739	0.299875	0.0703935	0
3.61305	0.000856182	0.299875	0.0703935	0
3.61279	0.000862863	0.383174	0.0795753	0
3.61186	0.000873306	0.233236	0.0622319	0
3.61116	0.000849891	0.366514	0.0778749	0
3.61169	0.000859101	0.283215	0.0724339	0
3.61334	0.000887576	0.416493	0.0829759	0
3.6131	0.000879662	0.283215	0.0683531	0
3.61324	0.000899381	0.433153	0.0843362	0
3.61395	0.000882646	0.333195	0.0741342	0
3.61426	0.000905413	0.366514	0.0778749	0
3.61431	0.000907748	0.533111	0.0935179	0
3.6147	0.000884138	0.399833	0.0812756	0
3.61372	0.000875381	0.233236	0.0622319	0
3.61327	0.000893738	0.416493	0.0829759	0
3.61356	0.000896267	0.399833	0.0812756	0
3.6134	0.000885046	0.266556	0.0663127	0
3.61313	0.000850539	0.316535	0.0724339	0
3.61457	0.000849955	0.266556	0.0663127	0
3.61475	0.000884397	0.299875	0.0703935	0
3.61365	0.000860982	0.249896	0.0642723	0
3.61386	0.00085495	0.283215	0.0683531	0
3.61438	0.000875576	0.499792	0.0907974	0
3.61464	0.000878689	0.299875	0.0703935	0
3.61377	0.000883295	0.383174	0.0795753	0
3.61459	0.000905218	0.399833	0.0812756	0
3.61437	0.000884332	0.299875	0.0703935	0
3.61376	0.000851901	0.333195	0.0741342	0
3.61433	0.000867468	0.283215	0.0724339	0
3.61428	0.000891467	0.383174	0.0829759	0
3.61387	0.000881284	0.383174	0.0795753	0
3.61455	0.000863317	0.299875	0.0703935	0
3.61253	0.000866495	0.249896	0.0642723	0
3.61356	0.000851577	0.249896	0.0642723	0
3.61578	0.000870387	0.266556	0.0703935	0
3.61489	0.000891921	0.383174	0.0829759	0
3.61474	0.000872009	0.249896	0.0642723	0
3.61503	0.000885565	0.466472	0.0877368	0
3.61543	0.000889132	0.399833	0.0812756	0
3.61555	0.000912353	0.399833	0.0812756	0
3.61604	0.000874992	0.266556	0.0663127	0
3.61599	0.000904894	0.466472	0.0877368	0
3.61548	0.000882841	0.299875	0.0703935	0
3.61522	0.000873436	0.266556	0.0663127	0
3.61587	0.000893478	0.333195	0.0741342	0
3.61523	0.000891921	0.383174	0.0795753	0
3.61429	0.000860139	0.266556	0.0663127	0
3.61486	0.000854885	0.299875	0.0703935	0
3.61508	0.00086189	0.216576	0.0598515	0
3.61482	0.000866301	0.283215	0.0683531	0
3.61613	0.000886927	0.366514	0.0778749	0
3.61566	0.000846972	0.266556	0.0663127	0
3.61425	0.000840226	0.233236	0.0622319	0
3.61491	0.000860917	0.299875	0.0703935	0
3.61598	0.000860333	0.283215	0.0683531	0
3.61644	0.000881349	0.416493	0.0829759	0
3.61648	0.000872009	0.316535	0.0724339	0
3.61596	0.000876419	0.266556	0.0663127	0
3.61627	0.000858452	0.283215	0.0683531	0
3.61618	0.000865133	0.299875	0.0703935	0
3.61563	0.000862733	0.316535	0.0724339	0
3.61663	0.0008807	0.366514	0.0778749	0
3.61705	0.000876354	0.216576	0.0598515	0
3.6156	0.000877652	0.316535	0.0724339	0
3.61551	0.000866366	0.283215	0.0683531	0
3.61676	0.000880895	0.449813	0.0860365	0
3.61736	0.000906191	0.316535	0.0724339	0
3.61796	0.000867403	0.199917	0.057471	0
3.61768	0.00085962	0.383174	0.0795753	0
3.61743	0.000848269	0.349854	0.0761746	0
3.61692	0.000861242	0.233236	0.0622319	0
3.61693	0.000861371	0.283215	0.0683531	0
3.61654	0.000855274	0.266556	0.0663127	0
3.6167	0.000878106	0.299875	0.0703935	0
3.61699	0.000844053	0.249896	0.0642723	0
3.6166	0.000844766	0.249896	0.0642723	0
3.61606	0.000836205	0.333195	0.0741342	0
3.61744	0.000867922	0.366514	0.0778749	0
3.61739	0.000898991	0.349854	0.0761746	0
3.61639	0.000882322	0.199917	0.057471	0
3.61817	0.00086883	0.466472	0.0877368	0
3.61904	0.00089484	0.383174	0.0795753	0
3.61813	0.000875446	0.449813	0.0860365	0
3.61793	0.000862344	0.316535	0.0724339	0
3.61856	0.000849631	0.299875	0.0703935	0
3.61881	0.000891402	0.449813	0.0860365	0
3.61918	0.000879079	0.149938	0.0499896	0
3.61804	0.000862344	0.266556	0.0663127	0
3.61902	0.000873955	0.266556	0.0663127	0
3.61851	0.000879468	0.233236	0.0622319	0
3.61789	0.000861177	0.299875	0.0703935	0
3.61865	0.000860009	0.249896	0.0642723	0
3.61855	0.000864874	0.266556	0.0663127	0
3.61835	0.000854042	0.249896	0.0642723	0
3.6172	0.000835945	0.249896	0.0642723	0
3.61762	0.000843145	0.216576	0.0598515	0
3.61834	0.000877846	0.499792	0.0907974	0
3.61781	0.000855793	0.333195	0.0741342	0
3.61848	0.000888549	0.416493	0.0829759	0
3.61932	0.000873955	0.283215	0.0683531	0
3.61849	0.000861501	0.349854	0.0761746	0
3.61857	0.000857674	0.316535	0.0724339	0
3.61891	0.000871036	0.349854	0.0761746	0
3.61899	0.000896462	0.233236	0.0622319	0
3.61989	0.000895748	0.366514	0.0778749	0
3.61957	0.000850734	0.266556	0.0663127	0
3.61824	0.000838605	0.199917	0.057471	0
3.61943	0.000860658	0.266556	0.0663127	0
3.61976	0.000857869	0.283215	0.0683531	0
3.61948	0.000860982	0.199917	0.057471	0
3.61904	0.000873241	0.249896	0.0642723	0
3.61919	0.000845415	0.283215	0.0683531	0
3.61981	0.00085748	0.333195	0.0741342	0
3.62017	0.000885305	0.383174	0.0795753	0
3.6202	0.000866301	0.316535	0.0724339	0
3.61939	0.00086896	0.333195	0.0741342	0
3.6203	0.000851318	0.283215	0.0683531	0
3.62014	0.000841459	0.283215	0.0683531	0
3.61952	0.000850864	0.199917	0.057471	0
3.61992	0.000869284	0.333195	0.0741342	0
3.62081	0.000864031	0.299875	0.0703935	0
3.62002	0.000878235	0.399833	0.0812756	0
3.61955	0.000863317	0.233236	0.0622319	0
3.61993	0.000854042	0.183257	0.0550906	0
3.61979	0.000847231	0.299875	0.0703935	0
3.62011	0.000828032	0.199917	0.057471	0
3.62048	0.000868766	0.349854	0.0761746	0
3.62094	0.000846842	0.316535	0.0724339	0
3.62012	0.00083841	0.199917	0.057471	0
3.62045	0.000857674	0.316535	0.0724339	0
3.62171	0.000880116	0.316535	0.0724339	0
3.62093	0.000866755	0.333195	0.0741342	0
3.62	0.000860333	0.233236	0.0622319	0
3.62101	0.000847685	0.233236	0.0622319	0
3.6219	0.00087149	0.233236	0.0622319	0
3.62179	0.000861566	0.399833	0.0812756	0
3.62235	0.000864355	0.299875	0.0703935	0
3.62138	0.000864485	0.316535	0.0724339	0
3.62136	0.000882451	0.266556	0.0663127	0
3.6215	0.00087603	0.166597	0.0527101	0
3.62142	0.000850539	0.266556	0.0663127	0
3.62178	0.000832378	0.249896	0.0642723	0
3.62051	0.000852939	0.266556	0.0663127	0
3.62153	0.000863577	0.249896	0.0642723	0
3.62225	0.000864485	0.266556	0.0663127	0
3.62215	0.000872333	0.333195	0.0741342	0
3.62154	0.000855923	0.166597	0.0527101	0
3.62095	0.000834453	0.116618	0.0438684	0
3.62153	0.000820962	0.166597	0.0527101	0
3.62194	0.000842626	0.233236	0.0622319	0
3.62175	0.000837761	0.299875	0.0703935	0
3.62231	0.000867209	0.283215	0.0683531	0
3.62302	0.000860398	0.283215	0.0683531	0
3.62337	0.000850604	0.383174	0.0795753	0
3.62341	0.000854301	0.249896	0.0642723	0
3.62314	0.000866495	0.399833	0.0812756	0
3.62348	0.000879014	0.299875	0.0703935	0
3.62268	0.000844377	0.149938	0.0499896	0
3.62207	0.000851642	0.349854	0.0761746	0
3.62256	0.000850734	0.183257	0.0550906	0
3.62232	0.000829329	0.0999584	0.0408078	0
3.62282	0.000841069	0.249896	0.0642723	0
3.62422	0.000839707	0.283215	0.0683531	0
3.62285	0.000845545	0.283215	0.0683531	0
3.62362	0.000854301	0.349854	0.0761746	0
3.62426	0.000888095	0.299875	0.0703935	0
3.62289	0.000833805	0.166597	0.0527101	0
3.62245	0.000839902	0.133278	0.046929	0
3.62217	0.000837437	0.199917	0.057471	0
3.62342	0.000874798	0.399833	0.0812756	0
3.62429	0.000841718	0.249896	0.0642723	0
3.62307	0.000850864	0.249896	0.0642723	0
3.62265	0.000876938	0.183257	0.0550906	0
3.62368	0.000863836	0.316535	0.0724339	0
3.62336	0.00084308	0.133278	0.046929	0
3.62278	0.000811622	0.199917	0.057471	0
3.62368	0.000879144	0.249896	0.0642723	0
3.62395	0.000858063	0.283215	0.0683531	0
3.62387	0.000856117	0.216576	0.0598515	0
3.62345	0.000851447	0.149938	0.0499896	0
3.6232	0.000842626	0.233236	0.0622319	0
3.62509	0.000850085	0.199917	0.057471	0
3.62528	0.000872398	0.299875	0.0703935	0
3.62469	0.000872528	0.249896	0.0642723	0
3.62471	0.000845545	0.266556	0.0663127	0
3.62445	0.000838345	0.283215	0.0683531	0
3.6248	0.000817589	0.199917	0.057471	0
3.62528	0.000852485	0.216576	0.0598515	0
3.62433	0.000855728	0.199917	0.057471	0
3.62564	0.000833351	0.183257	0.0550906	0
3.6255	0.000824335	0.299875	0.0703935	0
3.62518	0.000879403	0.383174	0.0795753	0
3.62644	0.000867728	0.199917	0.057471	0
3.62544	0.000877003	0.299875	0.0703935	0
3.62452	0.000862863	0.316535	0.0724339	0
3.62587	0.000856377	0.216576	0.0598515	0
3.62631	0.000850215	0.233236	0.0622319	0
3.62538	0.000870517	0.216576	0.0598515	0
3.62513	0.000864031	0.233236	0.0622319	0
3.62529	0.000847231	0.216576	0.0598515	0
3.62544	0.000838605	0.266556	0.0663127	0
3.6256	0.00084561	0.199917	0.057471	0
3.62551	0.000855404	0.233236	0.0622319	0
3.62509	0.000842756	0.183257	0.0550906	0
3.62605	0.000832767	0.183257	0.0550906	0
3.62649	0.000843988	0.183257	0.0550906	0
3.62627	0.000855534	0.266556	0.0663127	0
3.62618	0.000860593	0.283215	0.0683531	0
3.62674	0.000855793	0.316535	0.0724339	0
3.62663	0.000846907	0.233236	0.0622319	0
3.62576	0.000837242	0.116618	0.0438684	0
3.62711	0.00084321	0.299875	0.0703935	0
3.62759	0.000828032	0.183257	0.0550906	0
3.62713	0.000861306	0.299875	0.0703935	0
3.62629	0.000856442	0.283215	0.0683531	0
3.62664	0.00082881	0.216576	0.0598515	0
3.62693	0.000825438	0.116618	0.0438684	0
3.62684	0.000837826	0.199917	0.057471	0
3.62671	0.000828551	0.233236	0.0622319	0
3.62608	0.000834324	0.199917	0.057471	0
3.62723	0.000842367	0.249896	0.0642723	0
3.62719	0.000873436	0.333195	0.0741342	0
3.62677	0.000863317	0.249896	0.0642723	0
3.62693	0.00083147	0.0999584	0.0408078	0
3.62764	0.000822973	0.216576	0.0598515	0
3.62722	0.000837242	0.316535	0.0724339	0
3.62678	0.000824919	0.116618	0.0438684	0
3.6282	0.00085748	0.399833	0.0812756	0
3.62893	0.000865133	0.233236	0.0622319	0
3.62752	0.000863252	0.283215	0.0683531	0
3.62768	0.000848658	0.183257	0.0550906	0
3.62884	0.00085268	0.199917	0.057471	0
3.62854	0.000855728	0.416493	0.0829759	0
3.62879	0.000871555	0.333195	0.0741342	0
3.62861	0.00085255	0.249896	0.0642723	0
3.62837	0.000843469	0.299875	0.0703935	0
3.62918	0.000843534	0.183257	0.0550906	0
3.62753	0.000815514	0.283215	0.0683531	0
3.62766	0.000835686	0.166597	0.0527101	0
3.62833	0.000846453	0.183257	0.0550906	0
3.6288	0.000825956	0.249896	0.0642723	0
3.62926	0.000839123	0.183257	0.0550906	0
3.62927	0.000840096	0.249896	0.0642723	0
3.6293	0.000823102	0.266556	0.0663127	0
3.62987	0.000869738	0.216576	0.0598515	0
3.63125	0.000847231	0.283215	0.0683531	0
3.62987	0.000845156	0.266556	0.0663127	0
3.6291	0.000864679	0.266556	0.0663127	0
3.62898	0.000851123	0.233236	0.0622319	0
3.6302	0.000852615	0.233236	0.0622319	0
3.62977	0.000839448	0.233236	0.0622319	0
3.62975	0.000851058	0.149938	0.0499896	0
3.62939	0.000863512	0.333195	0.0741342	0
3.62972	0.000844572	0.199917	0.057471	0
3.62908	0.000833286	0.166597	0.0527101	0
3.62994	0.000838021	0.183257	0.0550906	0
3.63033	0.000832313	0.299875	0.0703935	0
3.62936	0.000832962	0.233236	0.0622319	0
3.62989	0.000827448	0.199917	0.057471	0
3.63034	0.000842107	0.216576	0.0598515	0
3.63054	0.000837178	0.233236	0.0622319	0
3.63134	0.000838345	0.199917	0.057471	0
3.63038	0.000836334	0.249896	0.0642723	0
3.63037	0.000836464	0.166597	0.0527101	0
3.63044	0.00081973	0.249896	0.0642723	0
3.63034	0.000825243	0.216576	0.0598515	0
3.63062	0.00083147	0.249896	0.0642723	0
3.63093	0.000835297	0.199917	0.057471	0
3.63127	0.000822778	0.199917	0.057471	0
3.63128	0.000815514	0.183257	0.0550906	0
3.63133	0.000827189	0.183257	0.0550906	0
3.63218	0.000856571	0.333195	0.0741342	0
3.63303	0.000849177	0.233236	0.0622319	0
3.63204	0.000820313	0.283215	0.0683531	0
3.63226	0.00083601	0.199917	0.057471	0
3.6321	0.000844442	0.199917	0.057471	0
3.63138	0.000831405	0.216576	0.0598515	0
3.63192	0.000837437	0.249896	0.0642723	0
3.63164	0.000848204	0.149938	0.0499896	0
3.63126	0.000823102	0.199917	0.057471	0
3.63215	0.00086656	0.233236	0.0622319	0
3.6328	0.000860463	0.283215	0.0683531	0
3.63153	0.000843145	0.149938	0.0499896	0
3.63184	0.000853912	0.166597	0.0527101	0
3.63205	0.000837307	0.199917	0.057471	0
3.63136	0.000815124	0.199917	0.057471	0
3.63223	0.000814541	0.183257	0.0550906	0
3.63304	0.000826994	0.349854	0.0761746	0
3.63317	0.000856701	0.166597	0.0527101	0
3.63294	0.000813568	0.216576	0.0598515	0
3.63259	0.000820832	0.249896	0.0642723	0
3.63298	0.000857869	0.249896	0.0642723	0
3.63277	0.000843145	0.133278	0.046929	0
3.63218	0.000811038	0.199917	0.057471	0
3.63289	0.000851966	0.233236	0.0622319	0
3.6329	0.000838605	0.249896	0.0642723	0
3.63262	0.000834583	0.149938	0.0499896	0
3.63292	0.000818627	0.133278	0.046929	0
3.63304	0.000843923	0.216576	0.0598515	0
3.63369	0.000848593	0.283215	0.0683531	0
3.63323	0.000817265	0.0999584	0.0408078	0
3.63256	0.000795406	0.149938	0.0499896	0
3.6331	0.000806368	0.133278	0.046929	0
3.63272	0.000830432	0.249896	0.0642723	0
3.63304	0.000837437	0.149938	0.0499896	0
3.63345	0.000822843	0.166597	0.0527101	0
3.63456	0.000823232	0.183257	0.0550906	0
3.63485	0.00083588	0.216576	0.0598515	0
3.63458	0.00084561	0.216576	0.0598515	0
3.6342	0.00083361	0.183257	0.0550906	0
3.63507	0.000821286	0.266556	0.0663127	0
3.63537	0.000849242	0.233236	0.0622319	0
3.63499	0.000839059	0.166597	0.0527101	0
3.63524	0.000847296	0.249896	0.0642723	0
3.63554	0.000829524	0.249896	0.0642723	0
3.63474	0.000826475	0.216576	0.0598515	0
3.63442	0.000815124	0.199917	0.057471	0
3.63442	0.000824789	0.216576	0.0598515	0
3.63404	0.000833934	0.233236	0.0622319	0
3.63406	0.000837307	0.199917	0.057471	0
3.63411	0.000835102	0.166597	0.0527101	0
3.634	0.000811038	0.0999584	0.046929	0
3.63482	0.000804487	0.183257	0.0550906	0
3.6352	0.00084788	0.183257	0.0550906	0
3.63512	0.000813049	0.116618	0.0438684	0
3.63554	0.000822065	0.166597	0.0527101	0
3.63563	0.00083601	0.116618	0.0438684	0
3.63658	0.000820897	0.199917	0.057471	0
3.63602	0.000809287	0.0832986	0.0370671	0
3.63615	0.000838345	0.183257	0.0550906	0
3.636	0.000830432	0.149938	0.0499896	0
3.6365	0.000813697	0.316535	0.0724339	0
3.63705	0.000815189	0.0999584	0.0408078	0
3.63721	0.000844442	0.266556	0.0663127	0
3.6363	0.000855598	0.249896	0.0642723	0
3.63631	0.000813633	0.216576	0.0598515	0
3.63681	0.000820767	0.199917	0.057471	0
3.63627	0.000808833	0.183257	0.0550906	0
3.6365	0.000854561	0.216576	0.0598515	0
3.63692	0.000836918	0.199917	0.057471	0
3.63673	0.000846972	0.216576	0.0598515	0
3.63752	0.000852031	0.299875	0.0703935	0
3.63713	0.000855663	0.116618	0.0438684	0
3.63673	0.000821351	0.116618	0.0438684	0
3.63684	0.000836399	0.149938	0.0499896	0
3.63828	0.000823751	0.216576	0.0598515	0
3.63821	0.000857285	0.316535	0.0724339	0
3.63688	0.000824789	0.149938	0.0499896	0
3.63667	0.000832767	0.133278	0.046929	0
3.63847	0.000811752	0.199917	0.057471	0
3.63828	0.000824854	0.183257	0.0550906	0
3.63687	0.000826151	0.216576	0.0598515	0
3.63839	0.00082907	0.149938	0.0499896	0
3.63839	0.000837437	0.216576	0.0598515	0
3.63722	0.000828421	0.166597	0.0527101	0
3.63771	0.000856831	0.266556	0.0663127	0
3.63846	0.00084535	0.166597	0.0527101	0
3.63882	0.000836853	0.233236	0.0622319	0
3.63802	0.000822519	0.0832986	0.0370671	0
3.63913	0.000821805	0.233236	0.0622319	0
3.63877	0.000817978	0.0999584	0.0408078	0
3.6378	0.000810649	0.0666389	0.0333264	0
3.63835	0.000820443	0.116618	0.0438684	0
3.63906	0.000851382	0.183257	0.0550906	0
3.6389	0.000822713	0.116618	0.0438684	0
3.63877	0.000817849	0.166597	0.0527101	0
3.63929	0.000812141	0.216576	0.0598515	0
3.63825	0.00079852	0.183257	0.0550906	0
3.63873	0.000820508	0.183257	0.0550906	0
3.63985	0.000827643	0.149938	0.0499896	0
3.63968	0.000834518	0.199917	0.057471	0
3.63873	0.000816097	0.149938	0.0499896	0
3.63773	0.000800855	0.116618	0.0438684	0
3.63823	0.000807795	0.116618	0.0438684	0
3.63847	0.000813373	0.0499792	0.0289055	0
3.63875	0.000821286	0.166597	0.0527101	0
3.63928	0.000810908	0.183257	0.0550906	0
3.63999	0.000809481	0.149938	0.0499896	0
3.64064	0.000807017	0.149938	0.0499896	0
3.63992	0.000831924	0.166597	0.0527101	0
3.63976	0.000817978	0.133278	0.046929	0
3.64111	0.000811298	0.116618	0.0438684	0
3.64128	0.000822648	0.233236	0.0622319	0
3.63988	0.000820832	0.233236	0.0622319	0
3.64044	0.000814995	0.116618	0.0438684	0
3.64139	0.000820638	0.233236	0.0622319	0
3.64175	0.000808573	0.183257	0.0550906	0
3.64182	0.00084548	0.216576	0.0598515	0
3.64179	0.000845675	0.199917	0.057471	0
3.64094	0.000830043	0.133278	0.046929	0
3.64081	0.000825956	0.149938	0.0499896	0
3.64133	0.000836724	0.216576	0.0598515	0
3.64041	0.000792617	0.0666389	0.0333264	0
3.64003	0.000809027	0.183257	0.0550906	0
3.64105	0.000815838	0.149938	0.0499896	0
3.64191	0.000822194	0.166597	0.0527101	0
3.64094	0.000815384	0.133278	0.046929	0
3.64179	0.000846712	0.166597	0.0527101	0
3.64165	0.00080546	0.166597	0.0527101	0
3.64205	0.000808898	0.116618	0.0438684	0
3.64212	0.00080773	0.0999584	0.0408078	0
3.64173	0.0008148	0.149938	0.0499896	0
3.64093	0.000804682	0.133278	0.046929	0
3.64247	0.000806498	0.183257	0.0550906	0
3.6423	0.000817978	0.183257	0.0550906	0
3.64238	0.000816487	0.133278	0.046929	0
3.64237	0.000786196	0.133278	0.046929	0
3.64252	0.000834518	0.0666389	0.0333264	0
3.64288	0.000837697	0.133278	0.046929	0
3.64303	0.000843858	0.199917	0.057471	0
3.64265	0.000832248	0.183257	0.0550906	0
3.64317	0.000828356	0.199917	0.057471	0
3.64356	0.00083134	0.149938	0.0499896	0
3.64308	0.000817589	0.166597	0.0527101	0
3.64325	0.000817005	0.183257	0.0550906	0
3.6433	0.000836659	0.233236	0.0622319	0
3.6438	0.000840615	0.249896	0.0642723	0
3.64402	0.000819665	0.199917	0.057471	0
3.64397	0.000818627	0.133278	0.046929	0
3.64446	0.000829913	0.149938	0.0499896	0
3.64387	0.000830432	0.216576	0.0598515	0
3.6429	0.000820962	0.133278	0.046929	0
3.64459	0.000825892	0.133278	0.046929	0
3.64426	0.000833999	0.116618	0.0438684	0
3.64362	0.000812854	0.116618	0.0438684	0
3.64356	0.00081707	0.133278	0.046929	0
3.64415	0.000797741	0.149938	0.0499896	0
3.64474	0.000805849	0.116618	0.0438684	0
3.64477	0.000810389	0.216576	0.0598515	0
3.64415	0.000823038	0.166597	0.0527101	0
3.64432	0.00080092	0.0832986	0.0370671	0
3.6445	0.000825373	0.166597	0.0527101	0
3.64435	0.000805914	0.116618	0.0438684	0
3.64351	0.000823038	0.0999584	0.0408078	0
3.64443	0.000812335	0.133278	0.046929	0
3.64425	0.000816746	0.0999584	0.0408078	0
3.64512	0.000817719	0.183257	0.0550906	0
3.64593	0.000835686	0.183257	0.0550906	0
3.64542	0.000840615	0.266556	0.0663127	0
3.64571	0.000824983	0.149938	0.0499896	0
3.64558	0.000819211	0.183257	0.0550906	0
3.64605	0.000844831	0.283215	0.0683531	0
3.64662	0.000834064	0.166597	0.0527101	0
3.64656	0.000827773	0.166597	0.0527101	0
3.64564	0.000811622	0.166597	0.0527101	0
3.64619	0.000844572	0.266556	0.0663127	0
3.64601	0.000830043	0.0999584	0.0408078	0
3.64504	0.000810844	0.0832986	0.0370671	0
3.64456	0.000807665	0.116618	0.0438684	0
3.64548	0.000795925	0.0832986	0.0370671	0
3.64549	0.00079612	0.0832986	0.0370671	0
3.64544	0.000805784	0.249896	0.0642723	0
3.64587	0.000818043	0.0999584	0.0408078	0
3.64688	0.000823946	0.0999584	0.0408078	0
3.64736	0.000812595	0.166597	0.0527101	0
3.64657	0.000808768	0.166597	0.0527101	0
3.64718	0.000813243	0.116618	0.0438684	0
3.6474	0.00082667	0.116618	0.0438684	0
3.64697	0.000806173	0.116618	0.0438684	0
3.64695	0.000829394	0.216576	0.0598515	0
3.64777	0.000830367	0.166597	0.0527101	0
3.64711	0.000850215	0.216576	0.0598515	0
3.64728	0.000819405	0.149938	0.0499896	0
3.6468	0.000784899	0.166597	0.0527101	0
3.64727	0.000822973	0.233236	0.0622319	0
3.64787	0.000815189	0.166597	0.0527101	0
3.64714	0.000816487	0.133278	0.046929	0
3.64689	0.000805849	0.149938	0.0499896	0
0	0	0	0	0
0	0	0	0	0
0	0	0	0	0
0	0	0	0	0
0	0	0	0	0
0	0	0	0	0
0	0	0	0	0
0	0	0	0	0
0	0	0	0	0
0	0	0	0	0
0	0	0	0	0
0	0	0	0	0
0	0	0	0	0
0	0	0	0	0
0	0	0	0	0
0	0	0	0	0
0	0	0	0	0
0	0	0	0	0
0	0	0	0	0
0	0	0	0	0
0	0	0	0	0
0	0	0	0	0
0	0	0	0	0
0	0	0	0	0
0	0	0	0	0
0	0	0	0	0
0	0	0	0	0
0	0	0	0	0
0	0	0	0	0
0	0	0	0	0
0	0	0	0	0
0	0	0	0	0
0	0	0	0	0
0	0	0	0	0
0	0	0	0	0
0	0	0	0	0
0	0	0	0	0
0	0	0	0	0
0	0	0	0	0
0	0	0	0	0
0	0	0	0	0
0	0	0	0	0
0	0	0	0	0
0	0	0	0	0
0	0	0	0	0
0	0	0	0	0
0	0	0	0	0
0	0	0	0	0
0	0	0	0	0
0	0	0	0	0
0	0	0	0	0
0	0	0	0	0
0	0	0	0	0
0	0	0	0	0
0	0	0	0	0
0	0	0	0	0
0	0	0	0	0
0	0	0	0	0
0	0	0	0	0
0	0	0	0	0
0	0	0	0	0
0	0	0	0	0
0	0	0	0	0
0	0	0	0	0
0	0	0	0	0
0	0	0	0	0
0	0	0	0	0
0	0	0	0	0
0	0	0	0	0
0	0	0	0	0
0	0	0	0	0
0	0	0	0	0
0	0	0	0	0
0	0	0	0	0
0	0	0	0	0
0	0	0	0	0
0	0	0	0	0
0	0	0	0	0
0	0	0	0	0
0	0	0	0	0
0	0	0	0	0
0	0	0	0	0
0	0	0	0	0
0	0	0	0	0
0	0	0	0	0
0	0	0	0	0
0	0	0	0	0
0	0	0	0	0
0	0	0	0	0
0	0	0	0	0
0	0	0	0	0
0	0	0	0	0
0	0	0	0	0
0	0	0	0	0
0	0	0	0	0
0	0	0	0	0
0	0	0	0	0
0	0	0	0	0
0	0	0	0	0
0	0	0	0	0
0	0	0	0	0
0	0	0	0	0
0	0	0	0	0
0	0	0	0	0
0	0	0	0	0
0	0	0	0	0
0	0	0	0	0
0	0	0	0	0
0	0	0	0	0
0	0	0	0	0
0	0	0	0	0
0	0	0	0	0
0	0	0	0	0
0	0	0	0	0
0	0	0	0	0
0	0	0	0	0
0	0	0	0	0
0	0	0	0	0
0	0	0	0	0
0	0	0	0	0
0	0	0	0	0
0	0	0	0	0
0	0	0	0	0
0	0	0	0	0
0	0	0	0	0
0	0	0	0	0
0	0	0	0	0
0	0	0	0	0
0	0	0	0	0
0	0	0	0	0
0	0	0	0	0
0	0	0	0	0
0	0	0	0	0
0	0	0	0	0
0	0	0	0	0
0	0	0	0	0
0	0	0	0	0
0	0	0	0	0
0	0	0	0	0
0	0	0	0	0
0	0	0	0	0
0	0	0	0	0
0	0	0	0	0
0	0	0	0	0
0	0	0	0	0
0	0	0	0	0
0	0	0	0	0
0	0	0	0	0
0	0	0	0	0
0	0	0	0	0
0	0	0	0	0
0	0	0	0	0
0	0	0	0	0
0	0	0	0	0
0	0	0	0	0
0	0	0	0	0
0	0	0	0	0
0	0	0	0	0
0	0	0	0	0
0	0	0	0	0
0	0	0	0	0
0	0	0	0	0
0	0	0	0	0
0	0	0	0	0
0	0	0	0	0
0	0	0	0	0
0	0	0	0	0
0	0	0	0	0
0	0	0	0	0
0	0	0	0	0
0	0	0	0	0
0	0	0	0	0
0	0	0	0	0
0	0	0	0	0
0	0	0	0	0
0	0	0	0	0
0	0	0	0	0
0	0	0	0	0
0	0	0	0	0
0	0	0	0	0
0	0	0	0	0
0	0	0	0	0
0	0	0	0	0
0	0	0	0	0
0	0	0	0	0
0	0	0	0	0
0	0	0	0	0
0	0	0	0	0
0	0	0	0	0
0	0	0	0	0
0	0	0	0	0
0	0	0	0	0
0	0	0	0	0
0	0	0	0	0
0	0	0	0	0
0	0	0	0	0
0	0	0	0	0
0	0	0	0	0
0	0	0	0	0
0	0	0	0	0
0	0	0	0	0
0	0	0	0	0
0	0	0	0	0
0	0	0	0	0
0	0	0	0	0
0	0	0	0	0
0	0	0	0	0
0	0	0	0	0
0	0	0	0	0
0	0	0	0	0
0	0	0	0	0
0	0	0	0	0
0	0	0	0	0
0	0	0	0	0
0	0	0	0	0
0	0	0	0	0
0	0	0	0	0
0	0	0	0	0
0	0	0	0	0
0	0	0	0	0
0	0	0	0	0
0	0	0	0	0
0	0	0	0	0
0	0	0	0	0
0	0	0	0	0
0	0	0	0	0
0	0	0	0	0
0	0	0	0	0
0	0	0	0	0
0	0	0	0	0
0	0	0	0	0
0	0	0	0	0
0	0	0	0	0
0	0	0	0	0
0	0	0	0	0
0	0	0	0	0
0	0	0	0	0
0	0	0	0	0
0	0	0	0	0
0	0	0	0	0
0	0	0	0	0
0	0	0	0	0
0	0	0	0	0
0	0	0	0	0
0	0	0	0	0
0	0	0	0	0
0	0	0	0	0
0	0	0	0	0
0	0	0	0	0
0	0	0	0	0
0	0	0	0	0
0	0	0	0	0
0	0	0	0	0
0	0	0	0	0
0	0	0	0	0
0	0	0	0	0
0	0	0	0	0
0	0	0	0	0
0	0	0	0	0
0	0	0	0	0
0	0	0	0	0
0	0	0	0	0
0	0	0	0	0
0	0	0	0	0
0	0	0	0	0
0	0	0	0	0
0	0	0	0	0
0	0	0	0	0
0	0	0	0	0
0	0	0	0	0
0	0	0	0	0
0	0	0	0	0
0	0	0	0	0
0	0	0	0	0
0	0	0	0	0
0	0	0	0	0
0	0	0	0	0
0	0	0	0	0
0	0	0	0	0
0	0	0	0	0
0	0	0	0	0
0	0	0	0	0
0	0	0	0	0
0	0	0	0	0
0	0	0	0	0
0	0	0	0	0
0	0	0	0	0
0	0	0	0	0
0	0	0	0	0
0	0	0	0	0
0	0	0	0	0
0	0	0	0	0
0	0	0	0	0
0	0	0	0	0
0	0	0	0	0
0	0	0	0	0
0	0	0	0	0
0	0	0	0	0
0	0	0	0	0
0	0	0	0	0
0	0	0	0	0
0	0	0	0	0
0	0	0	0	0
0	0	0	0	0
0	0	0	0	0
0	0	0	0	0
0	0	0	0	0
0	0	0	0	0
0	0	0	0	0
0	0	0	0	0
0	0	0	0	0
0	0	0	0	0
0	0	0	0	0
0	0	0	0	0
0	0	0	0	0
0	0	0	0	0
0	0	0	0	0
0	0	0	0	0
0	0	0	0	0
0	0	0	0	0
0	0	0	0	0
0	0	0	0	0
0	0	0	0	0
0	0	0	0	0
0	0	0	0	0
0	0	0	0	0
0	0	0	0	0
0	0	0	0	0
0	0	0	0	0
0	0	0	0	0
0	0	0	0	0
0	0	0	0	0
0	0	0	0	0
0	0	0	0	0
0	0	0	0	0
0	0	0	0	0
0	0	0	0	0
0	0	0	0	0
0	0	0	0	0
0	0	0	0	0
0	0	0	0	0
0	0	0	0	0
0	0	0	0	0
0	0	0	0	0
0	0	0	0	0
0	0	0	0	0
0	0	0	0	0
0	0	0	0	0
0	0	0	0	0
0	0	0	0	0
0	0	0	0	0
0	0	0	0	0
0	0	0	0	0
0	0	0	0	0
0	0	0	0	0
0	0	0	0	0
0	0	0	0	0
0	0	0	0	0
0	0	0	0	0
0	0	0	0	0
0	0	0	0	0
0	0	0	0	0
0	0	0	0	0
0	0	0	0	0
0	0	0	0	0
0	0	0	0	0
0	0	0	0	0
0	0	0	0	0
0	0	0	0	0
0	0	0	0	0
0	0	0	0	0
0	0	0	0	0
0	0	0	0	0
0	0	0	0	0
0	0	0	0	0
0	0	0	0	0
0	0	0	0	0
0	0	0	0	0
0	0	0	0	0
0	0	0	0	0
0	0	0	0	0
0	0	0	0	0
0	0	0	0	0
0	0	0	0	0
0	0	0	0	0
0	0	0	0	0
0	0	0	0	0
0	0	0	0	0
0	0	0	0	0
0	0	0	0	0
0	0	0	0	0
0	0	0	0	0
0	0	0	0	0
0	0	0	0	0
0	0	0	0	0
0	0	0	0	0
0	0	0	0	0
0	0	0	0	0
0	0	0	0	0
0	0	0	0	0
