a2610912.050551
Narit-cm 09/01/2026 11:35:04 09/01/2026 12:05:05 0045 0013.384714 0052.542598 00.0 00.0
0002399 0010 0000000 0010 05 0000000 0010 0000000 0010
1 0 1 01600 1 0000 3.75 00000.o 0 0 01 000 16 002399 0.500 BT0
1 2 1 02000 1 0000 3.75 00000.o 0 0 01 000 16 002399 0.500 S2A0
1 1 1 01600 1 0000 3.75 00000.o 0 0 00 000 00 002399 3.1746 BC0
1 3 1 02000 1 0000 3.75 00000.o 0 0 00 000 00 002399 3.1746 S2P0
1 5 0 01600 0 0000 1.00 00000.o 0 0 00 000 00 000000 0.000 OF0
0.000 .o Analog 0 	0.000 .o Analog StErr 0 	0.000 .o Photon Counting 0 	0.000 .o PC StErr 0 	0.000 .o Overflow Info 0 
29.1666	0.104145	154.714	0.820582	0
49.5035	0.1713	160.8	0.8325	0
118.544	0.762185	80.1	1.16448	0
320.139	1.53345	0.483535	0.106233	0
494.574	0.27302	31.5798	0.836926	1
499.989	0.0110577	150.029	1.24109	1
498.912	0.0960109	131.221	1.29557	1
498.984	0.0921517	31.0629	0.758273	1
499.982	0.0125099	23.1763	0.60369	1
499.989	0.011064	44.4685	0.786533	1
499.987	0.0112037	88.7203	0.968696	1
499.998	0.00212125	142.659	1.05109	1
499.978	0.0156436	163.551	1.02964	1
499.989	0.0110577	139.091	1.02692	1
499.992	0.00810007	119.516	1.00887	1
500	0	112.83	0.984358	1
500	0	114.564	0.981294	1
500	0	117.132	0.952012	1
500	0	117.799	0.94384	1
497.813	0.101597	127.203	0.954736	1
467.542	0.313388	148.829	0.952012	1
427.14	0.293599	169.271	0.936009	0
391.079	0.26769	185.077	0.925454	0
358.766	0.246703	190.529	0.927496	0
330.112	0.221657	194.631	0.940095	0
304.795	0.202235	194.564	0.922389	0
282.161	0.18466	194.348	0.901619	0
261.882	0.167758	192.73	0.897193	0
243.633	0.154365	190.546	0.888681	0
227.118	0.143466	189.512	0.885276	0
212.139	0.135435	188.328	0.899917	0
198.368	0.128662	187.295	0.87438	0
185.551	0.121645	183.126	0.867911	0
173.482	0.117316	181.526	0.904003	0
162.116	0.113223	179.742	0.902981	0
151.432	0.10932	178.158	0.86723	0
141.297	0.106614	176.84	0.871996	0
131.685	0.101927	174.84	0.883914	0
122.588	0.0992238	174.639	0.875061	0
113.944	0.099486	173.856	0.86723	0
105.705	0.095698	170.971	0.868932	0
97.7803	0.0926993	170.538	0.83965	0
90.1835	0.0912194	170.788	0.84646	0
82.9904	0.0892592	165.769	0.8468	0
76.1139	0.0868027	164.869	0.846119	0
69.4756	0.0857062	164.669	0.862463	0
63.2358	0.0831107	163.385	0.845438	0
57.3777	0.080222	161.201	0.847822	0
51.8354	0.0767463	160.717	0.838628	0
46.8211	0.0720753	158.483	0.8325	0
42.387	0.0670492	157.699	0.834202	0
38.3997	0.0623067	156.715	0.833862	0
34.9037	0.0581666	155.465	0.817858	0
31.9557	0.0531086	152.547	0.816156	0
29.5455	0.0479229	152.33	0.83284	0
27.6066	0.0433936	149.612	0.809687	0
25.9873	0.0394044	150.579	0.806963	0
24.7555	0.0361867	148.645	0.818199	0
23.8462	0.0337355	146.411	0.81888	0
23.0848	0.0318804	146.911	0.818539	0
22.4569	0.0301433	144.86	0.810368	0
21.9637	0.0274076	144.477	0.817858	0
21.5768	0.0270249	143.11	0.790619	0
21.25	0.0268271	143.576	0.823987	0
20.9202	0.0266767	140.525	0.803558	0
20.6695	0.0267797	141.476	0.804579	0
20.4438	0.0254176	140.242	0.82603	0
20.1941	0.0247922	140.442	0.793003	0
20.023	0.0246002	139.808	0.805941	0
19.8352	0.0246995	140.108	0.786874	0
19.6554	0.0243027	138.324	0.783128	0
19.55	0.0239565	137.507	0.814113	0
19.3569	0.0239068	138.825	0.812411	0
19.1872	0.0235946	136.74	0.795727	0
19.1019	0.0239588	136.757	0.816497	0
18.9759	0.0237919	137.707	0.793003	0
18.9077	0.0235094	135.957	0.80492	0
18.8183	0.0239307	136.59	0.796748	0
18.6919	0.0235767	137.14	0.812411	0
18.6201	0.0236792	136.707	0.803558	0
18.529	0.0238044	135.823	0.7913	0
18.4372	0.0232132	136.757	0.813432	0
18.3689	0.0235962	135.823	0.785512	0
18.2919	0.0238768	134.773	0.789598	0
18.2097	0.0227158	135.556	0.807644	0
18.1416	0.0227766	134.506	0.78449	0
18.0884	0.023377	132.422	0.794024	0
18.0048	0.0234148	134.94	0.801855	0
17.9145	0.022814	132.822	0.796408	0
17.8579	0.022371	136.023	0.786193	0
17.8236	0.0223379	134.273	0.793343	0
17.7368	0.0225136	134.273	0.821944	0
17.6543	0.0224177	133.222	0.800153	0
17.6101	0.0227466	133.222	0.793343	0
17.6026	0.0226496	132.955	0.781766	0
17.565	0.0226488	132.105	0.781766	0
17.4964	0.0225189	133.022	0.799472	0
17.4402	0.022003	134.173	0.806282	0
17.4186	0.0221156	132.672	0.805941	0
17.3944	0.0221738	134.84	0.799131	0
17.3583	0.0223409	133.589	0.80526	0
17.3305	0.0218209	133.489	0.81173	0
17.3144	0.0217674	133.472	0.7913	0
17.3142	0.0220838	133.639	0.807303	0
17.3039	0.0220245	132.589	0.795727	0
17.2434	0.0219044	133.089	0.789598	0
17.1923	0.0217785	133.105	0.802877	0
17.1423	0.0219956	132.839	0.791981	0
17.0921	0.0226407	132.022	0.798791	0
17.101	0.0222838	132.422	0.78449	0
17.0867	0.0220082	132.205	0.800834	0
16.9994	0.0221433	133.322	0.785171	0
16.9651	0.0220741	132.889	0.800493	0
16.9849	0.0225102	132.555	0.809687	0
16.9707	0.0217933	132.205	0.798791	0
16.905	0.0223014	131.421	0.811389	0
16.854	0.0216038	131.922	0.808325	0
16.8458	0.0217873	131.655	0.793003	0
16.8334	0.021488	133.172	0.801515	0
16.7986	0.0214107	132.288	0.811389	0
16.7303	0.0218366	130.704	0.785171	0
16.6847	0.0220563	132.772	0.770871	0
16.6688	0.0215185	130.421	0.810708	0
16.6391	0.0220587	131.622	0.818199	0
16.5871	0.0217758	131.788	0.819901	0
16.5201	0.0218392	130.588	0.790279	0
16.4945	0.0218905	131.005	0.795727	0
16.4717	0.0222048	132.989	0.803558	0
16.4081	0.0218222	130.638	0.79096	0
16.3763	0.0220028	130.404	0.79811	0
16.3295	0.0217701	130.438	0.788236	0
16.2748	0.0208107	131.055	0.775297	0
16.2591	0.0213258	128.504	0.790619	0
16.2251	0.0210588	131.722	0.776659	0
16.1427	0.0207822	131.405	0.796067	0
16.0747	0.0211027	129.787	0.792662	0
16.0513	0.0209708	130.238	0.769849	0
16.0337	0.0212841	129.421	0.790279	0
15.9632	0.021145	130.921	0.785512	0
15.9084	0.0203491	129.237	0.789938	0
15.9	0.0207872	129.954	0.817518	0
15.826	0.0206166	129.137	0.808665	0
15.7524	0.0207801	129.487	0.792662	0
15.7647	0.020986	130.138	0.791641	0
15.7299	0.0210495	129.654	0.794024	0
15.6725	0.0201267	129.02	0.772914	0
15.6178	0.0205537	129.421	0.805601	0
15.5624	0.0203542	129.287	0.804239	0
15.5256	0.0205736	128.137	0.78449	0
15.4799	0.0203459	129.487	0.790279	0
15.4676	0.0207297	128.92	0.805941	0
15.4456	0.020458	128.17	0.79777	0
15.3915	0.0198687	129.937	0.800493	0
15.3558	0.0201341	128.337	0.799812	0
15.3188	0.0209548	128.52	0.802536	0
15.287	0.0195134	127.336	0.802877	0
15.233	0.0200797	126.286	0.800153	0
15.1804	0.0198851	127.403	0.78449	0
15.1529	0.0196119	127.153	0.783128	0
15.1083	0.0201134	127.653	0.786874	0
15.0645	0.0197463	127.136	0.806622	0
15.0197	0.0194127	128.253	0.80492	0
14.9831	0.0198679	128.57	0.79096	0
14.9911	0.0196717	128.037	0.786533	0
14.9771	0.0196613	126.719	0.799812	0
14.8974	0.0197399	126.653	0.793003	0
14.858	0.019066	126.519	0.781085	0
14.8631	0.0198431	127.17	0.7913	0
14.8051	0.0196101	126.92	0.802877	0
14.7749	0.0193811	127.22	0.795046	0
14.7924	0.0199136	125.852	0.787555	0
14.7115	0.0195604	126.019	0.802196	0
14.6619	0.0188541	127.703	0.801174	0
14.6741	0.0193388	127.503	0.801515	0
14.6599	0.019634	125.952	0.786874	0
14.632	0.0188178	125.085	0.777681	0
14.6046	0.019002	125.969	0.789257	0
14.6026	0.0192259	125.402	0.771211	0
14.5847	0.0194708	126.003	0.790279	0
14.5548	0.0194042	126.169	0.804579	0
14.5325	0.0189647	125.286	0.796408	0
14.4803	0.0194884	125.802	0.794365	0
14.4452	0.0191512	126.053	0.772233	0
14.4516	0.0190656	125.636	0.792322	0
14.4397	0.0193282	124.685	0.787555	0
14.4191	0.0194228	124.419	0.774276	0
14.4041	0.0188983	125.486	0.802536	0
14.3592	0.0194437	124.068	0.790279	0
14.3513	0.0187279	124.952	0.792322	0
14.3705	0.0191014	125.402	0.801855	0
14.3445	0.019036	125.202	0.770871	0
14.3	0.0190759	124.252	0.793684	0
14.2764	0.0188498	124.368	0.782788	0
14.2599	0.0185903	126.019	0.771552	0
14.2441	0.0191518	125.802	0.795727	0
14.2612	0.0186783	125.269	0.772233	0
14.2389	0.0187097	123.301	0.797429	0
14.1998	0.0189954	124.769	0.794024	0
14.1822	0.0186131	124.702	0.794024	0
14.1767	0.0189315	125.969	0.788236	0
14.1909	0.0188192	125.452	0.799812	0
14.1625	0.0186842	124.252	0.777	0
14.1389	0.0187788	124.118	0.788576	0
14.1375	0.0181648	124.135	0.787895	0
14.1033	0.0190258	123.985	0.793003	0
14.0979	0.0191217	124.068	0.781426	0
14.0817	0.018858	122.985	0.787555	0
14.0369	0.018726	124.919	0.768487	0
14.0549	0.0184689	124.002	0.779043	0
14.0587	0.0188105	122.434	0.790619	0
14.0259	0.0186188	125.219	0.796067	0
14.0268	0.0185028	123.802	0.788576	0
14.0128	0.0183606	124.152	0.775297	0
14.006	0.0183854	123.802	0.803898	0
14.0063	0.0184522	124.885	0.80492	0
13.9737	0.0191353	123.268	0.780405	0
13.9701	0.0186577	123.785	0.80526	0
13.9747	0.0184791	123.935	0.793684	0
13.9193	0.0180935	121.967	0.77734	0
13.9207	0.0180709	124.935	0.790279	0
13.9504	0.0186077	123.301	0.792662	0
13.8913	0.0182711	123.335	0.792662	0
13.8869	0.0186435	124.235	0.790279	0
13.9005	0.0183383	124.318	0.780745	0
13.8747	0.0183454	123.151	0.779383	0
13.8685	0.0186078	123.985	0.786533	0
13.8582	0.0183045	123.752	0.801515	0
13.8552	0.0186396	123.802	0.787895	0
13.8505	0.0184213	123.485	0.787214	0
13.811	0.0182768	124.035	0.778362	0
13.7891	0.0178694	124.302	0.800493	0
13.7976	0.0184704	123.585	0.787555	0
13.7965	0.0183241	123.785	0.795046	0
13.7755	0.018106	124.085	0.808665	0
13.7468	0.0185999	123.068	0.787214	0
13.7398	0.0185973	124.268	0.787555	0
13.7476	0.018476	123.818	0.813092	0
13.7381	0.0185936	123.501	0.799131	0
13.7286	0.0182903	123.018	0.780745	0
13.7351	0.0186846	123.085	0.786874	0
13.738	0.0180041	123.585	0.783469	0
13.7319	0.0178163	121.967	0.775978	0
13.7282	0.0179747	122.168	0.774616	0
13.7121	0.0183411	122.618	0.793684	0
13.6828	0.0178164	123.602	0.787895	0
13.6749	0.0181339	124.268	0.758613	0
13.7086	0.0183496	123.185	0.768147	0
13.7149	0.017993	121.884	0.785852	0
13.6799	0.0180238	123.652	0.806622	0
13.6832	0.0177788	123.802	0.778702	0
13.6699	0.0181899	122.218	0.775297	0
13.6648	0.0181242	123.018	0.792322	0
13.6928	0.0181758	121.267	0.780405	0
13.6788	0.018357	123.985	0.790279	0
13.676	0.0187384	123.201	0.797429	0
13.6661	0.0182553	122.518	0.808665	0
13.6248	0.018098	123.268	0.772914	0
13.6294	0.0178127	124.885	0.787214	0
13.6543	0.0181582	122.701	0.775297	0
13.6396	0.018057	123.101	0.816497	0
13.6382	0.017941	122.351	0.775297	0
13.6623	0.018211	123.035	0.801174	0
13.6554	0.0179768	122.318	0.802536	0
13.6339	0.0177283	121.934	0.769849	0
13.6484	0.0183438	123.935	0.810027	0
13.6544	0.0182837	121.351	0.774276	0
13.625	0.0181227	123.168	0.778021	0
13.6078	0.0178069	123.251	0.802196	0
13.6005	0.0181067	122.268	0.789598	0
13.6148	0.0180163	122.068	0.781426	0
13.6325	0.0182452	122.201	0.785852	0
13.6382	0.0181588	122.318	0.766785	0
13.6464	0.0183771	122.701	0.790279	0
13.6456	0.0176112	121.501	0.771211	0
13.6137	0.018525	123.018	0.799472	0
13.6103	0.0185969	122.334	0.808325	0
13.6173	0.0182553	121.617	0.793003	0
13.6109	0.0183225	122.651	0.788576	0
13.601	0.0184593	123.818	0.7913	0
13.5869	0.0181287	121.15	0.778021	0
13.597	0.0178277	123.501	0.800834	0
13.6032	0.0181363	123.401	0.793343	0
13.5742	0.0181551	122.134	0.786874	0
13.5851	0.018486	123.852	0.783128	0
13.6108	0.0180768	122.784	0.792322	0
13.6026	0.0181562	122.584	0.783128	0
13.5954	0.0180447	123.285	0.789598	0
13.5946	0.0176423	122.301	0.791641	0
13.5786	0.0177842	121.984	0.769509	0
13.5725	0.0181186	121.017	0.781766	0
13.568	0.0184287	122.351	0.810027	0
13.5678	0.0181311	121.784	0.793003	0
13.5891	0.0180071	122.318	0.79096	0
13.585	0.017825	122.768	0.801515	0
13.56	0.0177181	122.601	0.785512	0
13.5561	0.017769	122.218	0.78449	0
13.5713	0.0182498	122.684	0.782447	0
13.5733	0.0183396	122.551	0.795046	0
13.569	0.0183269	121.651	0.813773	0
13.5668	0.0182153	122.351	0.774957	0
13.5794	0.0179496	123.802	0.781085	0
13.582	0.0180143	120.4	0.79811	0
13.5505	0.0181123	122.384	0.800153	0
13.5443	0.0180296	122.118	0.798451	0
13.5642	0.0179319	122.768	0.778702	0
13.5752	0.0181421	122.868	0.793003	0
13.5591	0.0181157	121.901	0.7913	0
13.5404	0.0180973	122.201	0.78449	0
13.5647	0.0177348	123.652	0.798791	0
13.5829	0.0175108	122.835	0.809687	0
13.5582	0.0181334	122.384	0.791981	0
13.5274	0.0181231	121.067	0.785171	0
13.5289	0.0184371	121.167	0.780405	0
13.5514	0.018236	122.968	0.786874	0
13.5492	0.0180543	121.067	0.786193	0
13.529	0.0183153	122.935	0.789598	0
13.5372	0.0176444	122.234	0.793684	0
13.5575	0.0182134	121.334	0.78415	0
13.5565	0.0179611	123.035	0.804239	0
13.5592	0.0180837	123.068	0.784831	0
13.5515	0.0179187	122.318	0.807644	0
13.5452	0.0182064	123.518	0.780405	0
13.5429	0.0178847	122.418	0.77053	0
13.5271	0.0182243	121.317	0.790619	0
13.5544	0.0178007	123.902	0.789938	0
13.5688	0.0180625	122.951	0.796408	0
13.5284	0.017893	122.451	0.780745	0
13.508	0.0179982	122.351	0.795046	0
13.5041	0.0180597	123.301	0.785512	0
13.5345	0.0179505	122.468	0.783469	0
13.5557	0.0178365	121.467	0.779724	0
13.5305	0.0179267	123.068	0.794365	0
13.5512	0.0181034	123.602	0.798451	0
13.561	0.018341	121.417	0.776319	0
13.523	0.0182759	121.901	0.782447	0
13.5216	0.0180375	122.468	0.777681	0
13.5378	0.0179259	122.201	0.775297	0
13.5267	0.0177879	121.984	0.788917	0
13.5311	0.0181792	121.401	0.7913	0
13.5111	0.0182616	121.901	0.796067	0
13.4898	0.0179296	123.335	0.796408	0
13.5212	0.0183196	120.834	0.782107	0
13.5329	0.0180065	121.467	0.782107	0
13.5229	0.0179628	122.334	0.780064	0
13.5303	0.0177555	121.267	0.803558	0
13.5082	0.0177365	122.451	0.792662	0
13.4931	0.0176162	121.134	0.779043	0
13.5211	0.0180657	121.984	0.802536	0
13.5209	0.0178183	122.334	0.789598	0
13.4967	0.0181316	124.035	0.785512	0
13.5091	0.0181781	122.651	0.792322	0
13.5219	0.0181855	123.068	0.811389	0
13.5065	0.0176027	122.801	0.795046	0
13.5	0.0185972	122.668	0.793684	0
13.5379	0.0177392	121.684	0.783128	0
13.5406	0.0181366	121.717	0.785512	0
13.4833	0.0181077	122.518	0.78415	0
13.4904	0.0181801	122.334	0.786193	0
13.5164	0.0180308	123.185	0.801855	0
13.499	0.01821	122.151	0.788917	0
13.4872	0.0179022	123.785	0.783809	0
13.4965	0.0178298	121.951	0.800153	0
13.5203	0.0182323	122.334	0.782788	0
13.5192	0.0180654	121.717	0.791641	0
13.4808	0.0181481	120.834	0.793343	0
13.4651	0.0182126	121.384	0.762018	0
13.4838	0.0176991	121.451	0.793343	0
13.5015	0.0181183	121.167	0.755208	0
13.5243	0.0179671	121.917	0.790619	0
13.5082	0.0180578	121.067	0.78415	0
13.4626	0.0181903	122.218	0.802196	0
13.506	0.0178114	122.118	0.796067	0
13.5147	0.0185373	121.267	0.776319	0
13.4614	0.0180396	122.718	0.791641	0
13.4904	0.0178463	122.851	0.813432	0
13.5107	0.017724	123.218	0.782447	0
13.4891	0.0179409	121.434	0.793684	0
13.4839	0.0180761	122.151	0.788576	0
13.494	0.018143	120.65	0.799131	0
13.504	0.0181555	121.934	0.795386	0
13.506	0.0184381	123.085	0.789938	0
13.4968	0.0180753	122.084	0.795386	0
13.5094	0.0182518	123.268	0.78415	0
13.512	0.0177671	123.401	0.801515	0
13.5066	0.0179683	122.418	0.801174	0
13.5007	0.0178557	122.301	0.778362	0
13.4964	0.0179467	122.684	0.785171	0
13.4834	0.0179167	122.918	0.79777	0
13.4625	0.0178841	123.418	0.809006	0
13.4869	0.0174765	122.918	0.801174	0
13.5108	0.0175569	123.602	0.792662	0
13.4789	0.0179883	120.684	0.78449	0
13.4589	0.0176723	121.117	0.769168	0
13.4879	0.0181235	122.334	0.782788	0
13.5126	0.01791	122.334	0.769849	0
13.4848	0.0175745	121.15	0.772233	0
13.4772	0.017802	122.568	0.799131	0
13.4951	0.018129	123.051	0.800153	0
13.4865	0.0179379	121.15	0.7913	0
13.474	0.0178972	122.951	0.782788	0
13.4654	0.0180058	122.234	0.796408	0
13.4413	0.0176255	122.318	0.794024	0
13.4345	0.0178185	122.534	0.779383	0
13.4609	0.0180531	121.734	0.782788	0
13.4754	0.0183761	120.684	0.765082	0
13.4741	0.0181784	121.734	0.803898	0
13.4687	0.0177113	122.068	0.799812	0
13.4911	0.0180695	121.501	0.809006	0
13.507	0.0178844	120.634	0.803558	0
13.4773	0.0183507	122.868	0.796067	0
13.4718	0.0180484	121.701	0.800493	0
13.4656	0.0178309	122.068	0.811049	0
13.442	0.0178757	121.901	0.775297	0
13.4805	0.0182107	121.417	0.795727	0
13.5046	0.0176907	123.768	0.816497	0
13.4491	0.0175941	122.201	0.799812	0
13.4419	0.0176902	120.9	0.787214	0
13.4929	0.0181862	123.335	0.791641	0
13.4934	0.0177651	122.301	0.795046	0
13.4703	0.0180139	122.001	0.768828	0
13.4733	0.017846	120.884	0.777	0
13.4743	0.0181114	121.884	0.800834	0
13.4607	0.0179355	121.334	0.778702	0
13.4694	0.0182211	122.618	0.799131	0
13.4835	0.0181625	121.317	0.789257	0
13.4857	0.0179309	122.618	0.784831	0
13.4862	0.0176539	122.468	0.798791	0
13.4801	0.0180423	122.734	0.793003	0
13.4837	0.0178719	121.484	0.797089	0
13.5154	0.0186017	122.634	0.773935	0
13.4853	0.018071	120.867	0.794365	0
13.413	0.017773	122.051	0.786533	0
13.4566	0.0178685	122.634	0.780064	0
13.5041	0.0180795	123.485	0.775638	0
13.4713	0.0178195	122.568	0.802196	0
13.4817	0.017998	123.051	0.799472	0
13.4999	0.0178397	122.634	0.793003	0
13.4531	0.0177013	121.434	0.788576	0
13.4503	0.0182338	120.817	0.806282	0
13.4952	0.0181008	122.251	0.771211	0
13.4639	0.0179882	121.367	0.782447	0
13.4301	0.0178711	121.617	0.768147	0
13.4462	0.0178683	123.301	0.773254	0
13.4612	0.0178557	122.268	0.782107	0
13.4516	0.0179574	120.8	0.799131	0
13.456	0.0179924	121.317	0.798451	0
13.4697	0.0179915	121.117	0.780405	0
13.4825	0.0181445	121.117	0.803558	0
13.493	0.01791	121.701	0.775297	0
13.4657	0.0179098	121.417	0.795046	0
13.4594	0.018184	122.634	0.794024	0
13.4806	0.0182814	121.651	0.800153	0
13.452	0.0177492	120.684	0.784831	0
13.4253	0.017553	122.101	0.806622	0
13.4691	0.0179071	121.551	0.775297	0
13.4929	0.0183496	121.401	0.789938	0
13.4664	0.0182583	121.717	0.784831	0
13.4705	0.0176718	122.551	0.807984	0
13.4928	0.0183716	122.218	0.793003	0
13.498	0.0181559	123.085	0.783469	0
13.4851	0.0180778	121.951	0.794024	0
13.46	0.0180392	122.101	0.782107	0
13.4451	0.018219	123.885	0.789938	0
13.4298	0.0175782	121.734	0.781426	0
13.4531	0.0181254	122.634	0.785512	0
13.4867	0.0177146	122.184	0.79096	0
13.4273	0.0179487	122.384	0.796408	0
13.4178	0.0179273	121.784	0.783809	0
13.4696	0.0182501	121.917	0.778021	0
13.4586	0.0180883	121.134	0.786874	0
13.446	0.0180964	122.468	0.79777	0
13.4751	0.0180736	122.634	0.7913	0
13.4716	0.017817	123.185	0.790279	0
13.4455	0.0178559	121.767	0.803898	0
13.4582	0.0180375	122.951	0.791641	0
13.4645	0.017895	122.018	0.789257	0
13.4442	0.0174703	121.684	0.807303	0
13.451	0.0175262	121.901	0.779724	0
13.4751	0.0179916	121.784	0.778362	0
13.4575	0.0181418	121.901	0.779383	0
13.4353	0.0180638	120.867	0.782788	0
13.4521	0.0177951	122.534	0.79811	0
13.4652	0.0176193	121.717	0.771552	0
13.4575	0.0182472	122.218	0.793684	0
13.4444	0.017822	120.333	0.791641	0
13.433	0.0176665	121.717	0.761337	0
13.4519	0.0178552	122.868	0.793003	0
13.4758	0.0178309	121.984	0.777681	0
13.4761	0.0180102	122.351	0.795727	0
13.4591	0.0176957	121.501	0.785512	0
13.458	0.0179321	123.118	0.775978	0
13.4584	0.0180653	121.634	0.796748	0
13.4432	0.017893	121.334	0.793003	0
13.4532	0.017971	121.901	0.801855	0
13.4687	0.0177824	122.734	0.804239	0
13.4811	0.0179493	121.817	0.786533	0
13.4503	0.0177782	121.117	0.790619	0
13.431	0.018001	123.301	0.78415	0
13.4724	0.0178775	123.051	0.806963	0
13.4619	0.0177769	120.467	0.782788	0
13.4381	0.0180297	122.418	0.775978	0
13.4579	0.0178846	122.885	0.773935	0
13.4653	0.0180683	122.401	0.779724	0
13.4564	0.0174795	122.835	0.785512	0
13.4727	0.0176677	123.168	0.753506	0
13.4601	0.017978	121.767	0.796067	0
13.4446	0.0179979	122.968	0.79777	0
13.4662	0.0176671	122.584	0.799812	0
13.4645	0.0176122	121.967	0.781766	0
13.464	0.0176684	123.702	0.785171	0
13.4773	0.0181542	121.017	0.779043	0
13.4545	0.0177522	121.384	0.78449	0
13.4385	0.0175548	121.801	0.786193	0
13.4354	0.0175034	121.901	0.797089	0
13.4534	0.0182648	122.201	0.786193	0
13.4806	0.0184487	121.384	0.802196	0
13.4648	0.0179122	124.385	0.79811	0
13.4527	0.0182813	121.484	0.789598	0
13.4574	0.0178379	123.551	0.782447	0
13.4577	0.017867	120.667	0.798451	0
13.4512	0.0177716	122.118	0.772573	0
13.4444	0.0176449	122.134	0.781766	0
13.4505	0.0179464	122.084	0.787214	0
13.4331	0.0179861	121.267	0.807644	0
13.4303	0.0181235	122.518	0.78415	0
13.4662	0.0179827	121.884	0.78449	0
13.4738	0.0176588	121.901	0.7913	0
13.4555	0.0178972	122.001	0.787214	0
13.45	0.0178328	121.834	0.790279	0
13.4525	0.01777	122.885	0.807644	0
13.4726	0.0180654	124.318	0.797429	0
13.4702	0.0181469	121.017	0.799472	0
13.4406	0.01793	123.085	0.79777	0
13.457	0.0180128	120.717	0.790619	0
13.4675	0.017766	121.284	0.786533	0
13.4716	0.0180517	120.734	0.777681	0
13.4655	0.0175667	121.717	0.79096	0
13.4245	0.0177759	121.567	0.765763	0
13.4187	0.0181942	121.234	0.813432	0
13.4468	0.0177163	122.651	0.796748	0
13.4499	0.0176283	122.885	0.800493	0
13.4485	0.0180442	122.301	0.800153	0
13.4568	0.0178714	122.101	0.799812	0
13.4529	0.0179701	122.401	0.782107	0
13.4548	0.0180952	121.784	0.785512	0
13.467	0.0182274	120.884	0.786533	0
13.4597	0.017669	121.367	0.781426	0
13.4392	0.0181447	123.135	0.793343	0
13.4349	0.0180381	121.734	0.787895	0
13.4395	0.0177486	121.951	0.788917	0
13.4575	0.0177098	122.634	0.78449	0
13.447	0.0180717	121.301	0.790279	0
13.4233	0.0179674	121.784	0.774616	0
13.4457	0.0183103	122.034	0.789598	0
13.4578	0.0178142	122.584	0.778362	0
13.46	0.018347	123.835	0.813773	0
13.4713	0.0180439	120.867	0.803217	0
13.4638	0.0175916	122.668	0.762018	0
13.4575	0.0177472	121.301	0.789257	0
13.4272	0.0177649	121.084	0.795386	0
13.4076	0.0176876	121	0.793684	0
13.425	0.0175896	122.084	0.788576	0
13.4355	0.0180745	123.151	0.814454	0
13.4225	0.0179965	120.15	0.789598	0
13.433	0.0183122	120.434	0.780745	0
13.4585	0.0180932	122.468	0.786874	0
13.4548	0.0179087	122.168	0.79811	0
13.4505	0.0181936	121.217	0.7913	0
13.45	0.0179734	122.234	0.802536	0
13.4508	0.017976	121.134	0.786193	0
13.4487	0.0180396	122.301	0.768147	0
13.4187	0.0177021	121.017	0.800834	0
13.4452	0.0172329	122.434	0.811389	0
13.463	0.0173761	122.301	0.809006	0
13.4294	0.0178618	121.434	0.790619	0
13.4434	0.0178077	121.884	0.786533	0
13.4705	0.0181882	120.467	0.778702	0
13.4545	0.017786	122.418	0.787555	0
13.4166	0.0178126	121.601	0.789598	0
13.3999	0.01778	122.451	0.821604	0
13.4236	0.017702	121.251	0.786193	0
13.4566	0.0177253	121.15	0.770871	0
13.4614	0.0177633	121.817	0.787214	0
13.4517	0.0176477	121.667	0.803898	0
13.4475	0.0175971	121.184	0.771552	0
13.4436	0.0180671	121.667	0.799131	0
13.4351	0.0179456	121.401	0.777	0
13.4247	0.0176773	122.468	0.789938	0
13.4212	0.0183923	122.501	0.793343	0
13.4269	0.0180309	120.967	0.782107	0
13.4311	0.0180504	120.584	0.767806	0
13.4432	0.0186323	122.818	0.793343	0
13.4546	0.0183105	121.934	0.759635	0
13.4582	0.017714	121.351	0.772914	0
13.4593	0.0175003	121.984	0.778702	0
13.4362	0.0181151	121.517	0.774616	0
13.4215	0.0175168	123.368	0.806622	0
13.4291	0.0178775	122.368	0.787895	0
13.4116	0.0182764	121.451	0.7913	0
13.432	0.0178212	121.701	0.790619	0
13.448	0.0177698	120.767	0.770871	0
13.4211	0.017768	121.351	0.788917	0
13.4062	0.0179991	120.067	0.797429	0
13.4029	0.0173294	121.067	0.802196	0
13.4257	0.0172517	122.551	0.802877	0
13.4689	0.0178148	122.134	0.773935	0
13.4443	0.0175365	121.851	0.781085	0
13.4346	0.0177733	123.785	0.802536	0
13.4536	0.0176451	122.551	0.803217	0
13.4453	0.0181409	120.934	0.769168	0
13.4156	0.0178705	121.517	0.781766	0
13.4087	0.0176649	122.034	0.784831	0
13.4337	0.0179591	122.601	0.796067	0
13.4559	0.0178305	122.784	0.787555	0
13.4466	0.0174616	122.001	0.788236	0
13.4099	0.0177663	123.468	0.798451	0
13.4145	0.0177859	121.217	0.802536	0
13.4371	0.0179824	122.835	0.764401	0
13.4329	0.0181156	121.901	0.80492	0
13.4324	0.0177322	121.651	0.774616	0
13.438	0.0175581	122.051	0.792662	0
13.4339	0.0176452	121.684	0.793003	0
13.4541	0.0181629	122.384	0.793343	0
13.4581	0.0179428	121.534	0.814794	0
13.4451	0.0175793	122.434	0.798451	0
13.4572	0.0177989	122.784	0.779383	0
13.4633	0.018143	122.318	0.797429	0
13.4477	0.0177447	122.268	0.786533	0
13.433	0.017913	122.401	0.801855	0
13.4242	0.0176258	122.168	0.776659	0
13.426	0.0179454	122.351	0.788576	0
13.4404	0.0178574	121.384	0.799812	0
13.4372	0.0179682	122.551	0.791641	0
13.4296	0.0180719	121.834	0.792662	0
13.4139	0.0181181	121.834	0.779383	0
13.4343	0.018226	121.434	0.770871	0
13.4433	0.0173782	120.934	0.778702	0
13.4345	0.0177257	121.567	0.760997	0
13.4435	0.0179526	121.417	0.782447	0
13.446	0.0179808	121.884	0.778702	0
13.4231	0.0177429	122.951	0.786193	0
13.4152	0.0176486	121.401	0.793684	0
13.463	0.0177151	122.818	0.783128	0
13.4883	0.0175776	122.418	0.788576	0
13.4563	0.0179752	121.401	0.794365	0
13.4362	0.0180015	124.085	0.792322	0
13.455	0.018165	120.434	0.779043	0
13.4535	0.0177874	122.401	0.761678	0
13.4296	0.0183704	121.584	0.788576	0
13.4076	0.0178374	121.734	0.774276	0
13.403	0.0180323	121.567	0.786193	0
13.4226	0.0178841	122.018	0.774276	0
13.4459	0.0180857	120.967	0.80492	0
13.4281	0.0181317	122.734	0.804239	0
13.4293	0.0177448	121.117	0.778362	0
13.4526	0.0179558	122.518	0.773254	0
13.4363	0.0178982	120.734	0.804579	0
13.4255	0.0178615	120.9	0.79096	0
13.428	0.0183678	121.15	0.792322	0
13.4488	0.0181074	122.118	0.772573	0
13.4801	0.0182555	120.6	0.765082	0
13.4478	0.0175346	121.334	0.782788	0
13.413	0.0177785	122.268	0.772573	0
13.4267	0.0176961	122.985	0.816837	0
13.4297	0.0179655	122.018	0.787555	0
13.4245	0.0178446	121.467	0.780745	0
13.4418	0.0179789	121.301	0.812411	0
13.4486	0.0177528	122.835	0.804239	0
13.455	0.017968	122.501	0.785171	0
13.449	0.0180567	122.268	0.797089	0
13.4221	0.0175558	120.534	0.798451	0
13.4356	0.0178159	122.784	0.778702	0
13.4529	0.0175551	121.184	0.776659	0
13.4101	0.0175961	122.351	0.788236	0
13.3981	0.0176503	122.518	0.782107	0
13.4375	0.0178466	121.351	0.779383	0
13.4271	0.0177684	120.717	0.78415	0
13.4093	0.018265	120.634	0.798791	0
13.4514	0.0179695	121.751	0.797089	0
13.4579	0.0180851	120.8	0.791641	0
13.4325	0.0185841	121.751	0.794705	0
13.4318	0.01819	121.117	0.788576	0
13.4335	0.0180111	121.484	0.793343	0
13.4352	0.0177236	121.367	0.796408	0
13.4416	0.017926	121.617	0.787895	0
13.4461	0.0178726	122.568	0.771892	0
13.4484	0.017603	122.651	0.792322	0
13.4451	0.0174711	122.301	0.789938	0
13.4349	0.0177148	121.584	0.804239	0
13.4196	0.0180397	120.6	0.78415	0
13.4345	0.0173105	121.317	0.785171	0
13.4624	0.0178003	122.684	0.778362	0
13.4594	0.0175556	123.318	0.772573	0
13.4486	0.0181602	121.751	0.781085	0
13.4546	0.0181268	120.317	0.777681	0
13.4302	0.0175956	122.968	0.783469	0
13.4287	0.0179501	122.151	0.79096	0
13.4452	0.0173854	121.334	0.792322	0
13.4437	0.0176007	121.867	0.792662	0
13.4338	0.0178362	122.968	0.782788	0
13.437	0.0178763	121.867	0.764061	0
13.4485	0.0175278	122.601	0.799812	0
13.4546	0.0180387	120.867	0.795386	0
13.4415	0.0183335	122.835	0.783469	0
13.4248	0.0187003	122.118	0.786874	0
13.4181	0.0181674	122.618	0.774957	0
13.4165	0.0175149	121.901	0.797089	0
13.4187	0.0171929	121.634	0.803898	0
13.4167	0.017601	121.434	0.791641	0
13.4197	0.0174388	121.034	0.801515	0
13.4526	0.0179209	121.517	0.796408	0
13.4398	0.0179189	121.451	0.775297	0
13.428	0.0182323	123.135	0.790279	0
13.4573	0.0180322	120.884	0.792662	0
13.4555	0.0178875	121.217	0.793684	0
13.4487	0.017797	120.834	0.79811	0
13.449	0.017648	120.917	0.801174	0
13.4254	0.0181649	121.634	0.801174	0
13.4149	0.0176063	121.534	0.797429	0
13.4355	0.0175837	120.917	0.773935	0
13.4279	0.0178101	121.701	0.769168	0
13.4122	0.0176518	121.817	0.789257	0
13.4323	0.0181119	121.05	0.79777	0
13.4381	0.0178178	122.301	0.779043	0
13.408	0.0178136	121.15	0.786533	0
13.4119	0.0181664	122.268	0.780405	0
13.4515	0.0179981	121.417	0.788576	0
13.4494	0.0179381	122.618	0.786193	0
13.4151	0.0178919	121.267	0.778021	0
13.4026	0.0182066	121.284	0.785852	0
13.4295	0.0180881	122.818	0.793684	0
13.4379	0.017775	121.584	0.788236	0
13.4292	0.0177485	120.584	0.796067	0
13.4508	0.0180508	121.701	0.773254	0
13.4484	0.0178948	121.367	0.786193	0
13.4364	0.0178211	123.518	0.795386	0
13.439	0.0180042	122.068	0.780405	0
13.4249	0.0182476	119.767	0.785512	0
13.4295	0.0180389	122.751	0.800153	0
13.4564	0.0182222	121.567	0.793003	0
13.4308	0.017631	123.101	0.796748	0
13.3916	0.017572	121.217	0.770871	0
13.4127	0.0180619	122.068	0.783128	0
13.4496	0.0176783	121.717	0.786193	0
13.4205	0.0178407	120.934	0.794024	0
13.4034	0.0176822	121.967	0.788917	0
13.4274	0.0175927	121.451	0.802536	0
13.4449	0.0173745	121.584	0.800834	0
13.4319	0.0175773	121.267	0.782107	0
13.4403	0.0179521	121.384	0.783809	0
13.4388	0.0180081	122.318	0.780064	0
13.4233	0.0182603	121.684	0.806282	0
13.4299	0.0177145	121.601	0.789938	0
13.4476	0.0175414	122.601	0.801174	0
13.443	0.0180394	121.901	0.780745	0
13.4414	0.0176077	121.967	0.783469	0
13.44	0.0179762	121.851	0.802877	0
13.428	0.0180379	122.034	0.767466	0
13.4348	0.0180527	121.617	0.769168	0
13.4297	0.0183874	121.317	0.78415	0
13.4209	0.0182607	121.584	0.789938	0
13.4281	0.0175868	122.168	0.79777	0
13.4265	0.0178919	122.501	0.777	0
13.4127	0.0182322	122.018	0.798451	0
13.3911	0.017742	120.1	0.757592	0
13.3832	0.0175565	121.351	0.765763	0
13.399	0.0176528	120.684	0.783809	0
13.4356	0.0178103	122.084	0.795046	0
13.4451	0.0182246	121.384	0.811049	0
13.4174	0.0179573	122.234	0.787895	0
13.4265	0.0179059	121.684	0.782788	0
13.4206	0.0183122	122.318	0.775638	0
13.4101	0.0174074	122.018	0.81173	0
13.43	0.0181134	121.851	0.760316	0
13.4369	0.0177701	122.501	0.784831	0
13.4123	0.0179133	122.784	0.785512	0
13.4243	0.0177305	122.184	0.785512	0
13.4295	0.0171852	122.201	0.786874	0
13.4276	0.0180319	121.967	0.788576	0
13.4531	0.0184539	122.784	0.781426	0
13.4618	0.0179915	122.151	0.795727	0
13.4444	0.0175786	121.351	0.768487	0
13.4182	0.0179922	122.751	0.773254	0
13.4347	0.0182542	121.717	0.780064	0
13.4445	0.0180194	122.351	0.79096	0
13.4268	0.0179073	122.818	0.801855	0
13.4352	0.0180416	121.867	0.775297	0
13.4362	0.0178571	121.684	0.795727	0
13.4152	0.0176762	121.334	0.783128	0
13.4154	0.0181909	121.551	0.791981	0
13.4227	0.0181812	122.684	0.785852	0
13.4241	0.0177555	122.935	0.792662	0
13.422	0.0178838	121.367	0.783809	0
13.4035	0.0179169	122.468	0.804239	0
13.407	0.0182244	121.434	0.781085	0
13.4118	0.0177913	122.034	0.797089	0
13.4199	0.0183031	120.834	0.806622	0
13.4242	0.0175984	122.835	0.801855	0
13.4129	0.0178771	120.9	0.768828	0
13.4178	0.0177569	122.651	0.798791	0
13.4426	0.01775	120.667	0.796067	0
13.4466	0.0182409	121.667	0.779043	0
13.4298	0.0177507	121.951	0.772233	0
13.4205	0.0175645	121.567	0.793003	0
13.4334	0.0179926	119.75	0.769168	0
13.446	0.0179474	122.218	0.790619	0
13.4494	0.017975	121.784	0.777681	0
13.4597	0.0179617	122.051	0.780405	0
13.4308	0.018026	123.335	0.768828	0
13.4104	0.0180725	123.018	0.802536	0
13.417	0.0178728	120.567	0.788917	0
13.3982	0.0176842	121.451	0.795727	0
13.416	0.0176715	123.335	0.79096	0
13.4504	0.0177858	121.734	0.790279	0
13.449	0.0179921	120.267	0.788576	0
13.4353	0.0182537	122.334	0.786193	0
13.4243	0.0178935	121.734	0.776319	0
13.4071	0.0184654	121.851	0.780405	0
13.4071	0.0180372	121.817	0.79811	0
13.4301	0.0178074	121.734	0.787555	0
13.455	0.0176831	122.518	0.794365	0
13.4145	0.0178472	123.268	0.79811	0
13.3815	0.0181352	121.467	0.777681	0
13.4269	0.018	121.234	0.811049	0
13.4113	0.0178348	120.934	0.790619	0
13.3853	0.0178629	122.201	0.804239	0
13.4238	0.0172634	121.801	0.782107	0
13.4442	0.0177229	122.868	0.770871	0
13.4503	0.0178352	121.684	0.789598	0
13.425	0.0176156	121.034	0.781085	0
13.3863	0.0175417	121.951	0.779724	0
13.4244	0.0175771	121.717	0.78415	0
13.4622	0.0179004	121.884	0.791981	0
13.426	0.0184634	121.767	0.789598	0
13.4083	0.0182687	121.284	0.782107	0
13.4169	0.0180319	121.301	0.795386	0
13.4369	0.0178313	122.234	0.79777	0
13.4361	0.0177131	122.584	0.783469	0
13.4355	0.0176853	121.351	0.794365	0
13.432	0.0179432	123.118	0.765763	0
13.4339	0.0175937	121.717	0.80492	0
13.4367	0.0179724	121.634	0.799131	0
13.4023	0.0178561	122.885	0.780405	0
13.3776	0.0177861	122.018	0.786193	0
13.4033	0.0177833	122.734	0.799131	0
13.4294	0.0177151	122.351	0.782788	0
13.4077	0.0171804	121.467	0.782107	0
13.408	0.0176958	121.167	0.781766	0
13.417	0.0176655	122.601	0.786193	0
13.4099	0.0181416	122.318	0.787895	0
13.4231	0.018264	123.018	0.784831	0
13.4307	0.0180019	122.384	0.795727	0
13.4279	0.0178997	121.617	0.778702	0
13.4253	0.0177477	120.817	0.780745	0
13.4113	0.0177281	121.967	0.790619	0
13.4127	0.0178292	121.534	0.792662	0
13.4116	0.0178515	121.484	0.794024	0
13.4026	0.0181616	121.584	0.800153	0
13.4178	0.0175226	122.868	0.787214	0
13.454	0.0174862	121.534	0.78415	0
13.4443	0.0174899	120.95	0.779724	0
13.4036	0.0176145	121.334	0.795046	0
13.4079	0.0177584	121.617	0.781426	0
13.4341	0.0176054	121.167	0.78415	0
13.4346	0.0179708	120.934	0.775297	0
13.4237	0.0174849	122.351	0.790279	0
13.4418	0.0176294	121.05	0.794024	0
13.4607	0.0181436	120.484	0.772914	0
13.4522	0.0182158	121.667	0.784831	0
13.4594	0.0181364	123.118	0.786533	0
13.4406	0.0180308	122.068	0.788917	0
13.418	0.0177342	123.418	0.795727	0
13.4272	0.0180816	122.101	0.784831	0
13.4055	0.0181732	121.817	0.775297	0
13.3854	0.017722	121.934	0.805601	0
13.4096	0.0178947	121.201	0.7913	0
13.4292	0.0177557	121.167	0.778362	0
13.4433	0.0177555	123.551	0.780745	0
13.4606	0.0177807	121.717	0.791641	0
13.4546	0.0176039	121.767	0.789938	0
13.4228	0.0175071	122.701	0.791641	0
13.4027	0.0179	122.101	0.796067	0
13.4275	0.0182705	120.1	0.785512	0
13.4445	0.0183197	121.484	0.802877	0
13.4432	0.0181864	120.884	0.792322	0
13.4217	0.0171944	122.751	0.794705	0
13.3984	0.017999	121.15	0.780064	0
13.428	0.0181684	123.835	0.782447	0
13.4394	0.0178439	121.351	0.800493	0
13.4279	0.0180005	122.301	0.784831	0
13.4459	0.0178585	122.401	0.783469	0
13.4401	0.0174835	122.718	0.793003	0
13.4219	0.0177763	122.034	0.778702	0
13.4176	0.0174099	121	0.804579	0
13.43	0.0173591	123.501	0.801515	0
13.4528	0.0177774	122.584	0.802536	0
13.4447	0.0180206	122.384	0.769168	0
13.4151	0.0177727	120.967	0.790279	0
13.4154	0.0178852	122.935	0.787895	0
13.4421	0.018381	121.284	0.787555	0
13.4532	0.0179156	122.001	0.787555	0
13.4367	0.0180215	122.468	0.786874	0
13.4288	0.0178184	122.768	0.803898	0
13.4388	0.0178557	122.784	0.802877	0
13.4248	0.0178552	122.951	0.801855	0
13.435	0.0180942	122.034	0.780405	0
13.4456	0.0184035	121.767	0.807303	0
13.4077	0.0182316	122.268	0.789257	0
13.4048	0.0179361	121.351	0.777	0
13.4405	0.0176145	122.584	0.786874	0
13.4285	0.0179185	121.951	0.794705	0
13.4038	0.0179763	122.351	0.81922	0
13.4362	0.0177968	121.651	0.806282	0
13.4445	0.0176059	122.151	0.803217	0
13.4344	0.017959	124.085	0.78449	0
13.4399	0.0180333	122.634	0.785852	0
13.4241	0.018405	121.951	0.787555	0
13.4028	0.017856	122.334	0.771892	0
13.4128	0.0173437	121.884	0.810027	0
13.455	0.0174465	121.784	0.755889	0
13.4557	0.0179684	122.868	0.785512	0
13.4258	0.0178522	122.851	0.791641	0
13.4175	0.0176502	121.367	0.795386	0
13.4207	0.0179154	120.917	0.778021	0
13.4384	0.0178366	121.817	0.780064	0
13.4414	0.0179562	121.434	0.785852	0
13.4245	0.0180082	122.901	0.78449	0
13.4219	0.0179773	121.751	0.798791	0
13.3964	0.0179547	120.3	0.782788	0
13.3994	0.0179795	120.167	0.779724	0
13.4277	0.0178144	121.067	0.808325	0
13.4355	0.0178773	121.634	0.779724	0
13.4459	0.0179719	121.917	0.781426	0
13.4448	0.0182648	121.851	0.78449	0
13.4469	0.0179848	123.135	0.802536	0
13.431	0.018128	120.717	0.789598	0
13.4199	0.0178472	121.484	0.792322	0
13.4123	0.0176784	121.701	0.781766	0
13.4064	0.0178266	124.302	0.790279	0
13.4457	0.0181242	120.05	0.805941	0
13.4478	0.0175819	121.634	0.783809	0
13.4208	0.0173741	122.618	0.783128	0
13.4331	0.0183639	121.517	0.793003	0
13.4209	0.0178544	121.217	0.790279	0
13.3943	0.0174886	121.751	0.790279	0
13.4287	0.0175479	122.268	0.78449	0
13.4487	0.0172998	120.967	0.774616	0
13.4277	0.0181536	121.501	0.781426	0
13.4307	0.0178244	122.851	0.800493	0
13.4513	0.0178621	121.651	0.793003	0
13.4318	0.0174873	121	0.796408	0
13.4074	0.0174983	120.917	0.783809	0
13.42	0.017444	120.8	0.82569	0
13.4285	0.0179425	120.6	0.7913	0
13.4315	0.018188	122.168	0.78449	0
13.4133	0.0181576	122.068	0.774957	0
13.4113	0.0177946	120.45	0.793003	0
13.415	0.0182742	121.301	0.791641	0
13.3996	0.0175172	121.851	0.781426	0
13.395	0.0179939	122.218	0.783469	0
13.4186	0.0178922	122.234	0.788236	0
13.4373	0.0175358	121.184	0.801855	0
13.4274	0.0180551	122.601	0.776659	0
13.4373	0.0176939	120.467	0.781085	0
13.4513	0.017716	122.368	0.791981	0
13.4415	0.0186401	120.567	0.766444	0
13.4293	0.0177665	121.917	0.798791	0
13.4386	0.0178554	122.784	0.780745	0
13.4275	0.017739	123.201	0.787895	0
13.429	0.0180429	120.617	0.788576	0
13.4432	0.0182182	120.6	0.792662	0
13.4167	0.0175172	121.234	0.786193	0
13.3968	0.0179585	121.617	0.788236	0
13.4254	0.017751	121.867	0.784831	0
13.4362	0.0178252	121.551	0.790619	0
13.4326	0.0177986	121.367	0.768828	0
13.4612	0.018093	122.684	0.789257	0
13.4316	0.0177259	121.884	0.792322	0
13.4199	0.0175872	122.201	0.801174	0
13.4778	0.0181455	122.018	0.781085	0
13.4478	0.0182488	123.118	0.783809	0
13.402	0.0181997	120.717	0.795386	0
13.397	0.0176942	122.651	0.793343	0
13.4052	0.0181091	123.218	0.796408	0
13.4457	0.0178859	121.317	0.778362	0
13.4491	0.0176811	121.417	0.81173	0
13.4213	0.0182605	119.983	0.802536	0
13.4324	0.0182331	121.451	0.788236	0
13.4626	0.0173807	121.884	0.761678	0
13.4404	0.0174622	122.518	0.802196	0
13.4006	0.0179182	121.484	0.796748	0
13.4028	0.0179612	122.601	0.793003	0
13.4407	0.0184371	122.818	0.788236	0
13.4643	0.0181193	122.601	0.788917	0
13.4383	0.0180061	120.15	0.780064	0
13.4089	0.017945	121.767	0.798791	0
13.4275	0.0178701	122.851	0.773595	0
13.4592	0.018129	122.768	0.77734	0
13.4356	0.0180756	122.218	0.787895	0
13.4112	0.0184073	121.651	0.784831	0
13.4219	0.0177803	121.384	0.794705	0
13.4144	0.0172687	121.884	0.787895	0
13.4143	0.0179695	120.767	0.782788	0
13.4087	0.017682	122.068	0.793003	0
13.3927	0.0177427	121.951	0.78415	0
13.4363	0.0182283	122.184	0.793003	0
13.4411	0.0183976	121.401	0.792322	0
13.3862	0.0179146	121.267	0.772233	0
13.389	0.0181235	122.101	0.774616	0
13.417	0.0175238	120.967	0.786193	0
13.4224	0.0176707	123.485	0.782447	0
13.4272	0.0179097	121.084	0.774957	0
13.4184	0.0179335	122.184	0.773595	0
13.4135	0.0177099	121.284	0.771211	0
13.4304	0.0174862	122.451	0.769168	0
13.4418	0.0178215	121.517	0.795727	0
13.4359	0.0178716	122.985	0.792322	0
13.4487	0.0176086	121.284	0.783809	0
13.432	0.017291	123.168	0.775978	0
13.4172	0.0182744	120.734	0.81173	0
13.416	0.0183894	121.567	0.771892	0
13.4367	0.0184892	122.851	0.771892	0
13.4412	0.0182828	121.684	0.783469	0
13.4267	0.0177141	122.284	0.788576	0
13.4496	0.0176448	122.118	0.783469	0
13.4275	0.0176666	121.317	0.79811	0
13.4113	0.0179949	120.517	0.793684	0
13.4274	0.0185966	123.368	0.795386	0
13.3998	0.0180266	120.15	0.76372	0
13.3794	0.0175901	121.801	0.793003	0
13.4322	0.0179952	121.734	0.803898	0
13.4378	0.0180256	122.351	0.790619	0
13.423	0.0184885	122.451	0.775638	0
13.4485	0.0180786	122.001	0.788236	0
13.4473	0.01792	121.667	0.775978	0
13.4337	0.0183372	122.101	0.783469	0
13.4246	0.0176408	122.401	0.797089	0
13.426	0.0175351	122.034	0.781085	0
13.4346	0.0176816	121.734	0.789257	0
13.4387	0.0180841	121.334	0.772573	0
13.4369	0.0179478	122.451	0.799131	0
13.4248	0.0181347	121.484	0.781426	0
13.4117	0.0176682	122.801	0.799131	0
13.4246	0.0180238	121.967	0.7913	0
13.4257	0.0180508	121.784	0.792322	0
13.4097	0.0180912	121.851	0.806963	0
13.4145	0.01827	122.751	0.783128	0
13.4143	0.0180638	120.484	0.789938	0
13.4203	0.0175622	123.168	0.809346	0
13.4191	0.0178402	119.883	0.7913	0
13.4148	0.0182757	121.284	0.772573	0
13.4157	0.0179234	121.517	0.773935	0
13.41	0.0177998	122.201	0.802877	0
13.4162	0.0180493	122.851	0.807303	0
13.4188	0.0182063	121.017	0.779724	0
13.4423	0.018263	121.234	0.767806	0
13.449	0.0182005	121.517	0.765763	0
13.4174	0.0177958	121.917	0.786874	0
13.4008	0.0177197	122.051	0.795386	0
13.4047	0.0179972	121.134	0.797429	0
13.4171	0.0177511	121.601	0.778702	0
13.4447	0.0175118	123.051	0.79777	0
13.4431	0.0182256	122.468	0.796067	0
13.4262	0.0179595	122.568	0.786874	0
13.4271	0.0178681	122.534	0.781766	0
13.417	0.0180067	121.534	0.788917	0
13.4303	0.0178876	121.301	0.785512	0
13.4189	0.0179752	121.301	0.767466	0
13.4158	0.0180604	122.518	0.78449	0
13.4566	0.0177338	122.468	0.782107	0
13.432	0.0178426	121.251	0.789938	0
13.3976	0.0181347	123.068	0.76338	0
13.4196	0.0181221	122.451	0.794705	0
13.4252	0.0177987	123.151	0.788917	0
13.4291	0.0180112	122.451	0.791641	0
13.4505	0.0174593	121.834	0.787895	0
13.441	0.0175951	121.351	0.799812	0
13.412	0.017749	121.967	0.78415	0
13.4325	0.0171558	122.684	0.802536	0
13.4392	0.017375	122.284	0.806963	0
13.4068	0.0177502	121.201	0.780405	0
13.4071	0.0173138	122.768	0.793684	0
13.4199	0.0177562	122.634	0.783128	0
13.4301	0.0182343	120.9	0.796067	0
13.4274	0.018041	121.984	0.773935	0
13.4248	0.0181037	123.201	0.804239	0
13.4127	0.0173878	120.517	0.794705	0
13.4318	0.017683	122.701	0.780064	0
13.4566	0.0180316	123.018	0.792322	0
13.4206	0.0178019	122.251	0.780405	0
13.4153	0.0179385	120.784	0.80526	0
13.4157	0.0181714	121.117	0.774957	0
13.3842	0.0178343	120.067	0.772914	0
13.4151	0.0178986	122.351	0.799131	0
13.4453	0.0177759	121.434	0.798451	0
13.4346	0.0178249	122.068	0.796408	0
13.4388	0.0182857	122.651	0.784831	0
13.4271	0.0178565	120.65	0.77053	0
13.4305	0.017776	120.634	0.793003	0
13.4489	0.018367	123.735	0.813092	0
13.4211	0.0176071	121.351	0.789938	0
13.412	0.017683	122.101	0.782107	0
13.4162	0.0182779	120.767	0.793684	0
13.4035	0.017756	122.318	0.788917	0
13.4136	0.0175878	120.817	0.775638	0
13.4192	0.0182627	121.134	0.789598	0
13.4382	0.018204	121.201	0.813432	0
13.4427	0.0180483	122.601	0.799131	0
13.4342	0.0181299	121.667	0.786533	0
13.4175	0.018013	122.218	0.795386	0
13.4035	0.0179257	121.917	0.778362	0
13.4277	0.0182753	122.268	0.781085	0
13.441	0.0180921	122.168	0.785512	0
13.4109	0.0179322	122.051	0.777	0
13.4035	0.0177079	122.601	0.787214	0
13.4231	0.0178189	121.551	0.783469	0
13.4246	0.0181512	123.852	0.788917	0
13.4323	0.0180115	121.1	0.786874	0
13.4371	0.0180113	121.767	0.793343	0
13.4274	0.0175892	123.718	0.782107	0
13.4075	0.0180416	120.984	0.780745	0
13.3894	0.0177212	123.351	0.772573	0
13.4129	0.0178299	121.667	0.772914	0
13.4281	0.0180322	123.068	0.781766	0
13.4247	0.0178883	121.901	0.789598	0
13.4241	0.0176925	120.95	0.765423	0
13.4048	0.0173978	121.967	0.799812	0
13.4283	0.0177374	122.751	0.800153	0
13.4575	0.0177663	122.051	0.77734	0
13.4264	0.018225	122.885	0.785512	0
13.4211	0.0179109	121.751	0.790619	0
13.4373	0.0175938	123.518	0.7913	0
13.4228	0.0178372	122.268	0.793343	0
13.4214	0.017659	121.834	0.799131	0
13.4362	0.0177482	121.534	0.769849	0
13.4143	0.01761	121.217	0.775638	0
13.407	0.0179443	122.784	0.786874	0
13.4255	0.017681	122.651	0.801515	0
13.4239	0.01765	122.184	0.766785	0
13.4072	0.0182157	122.234	0.775978	0
13.4057	0.0180078	121.451	0.789938	0
13.4054	0.018329	122.868	0.79096	0
13.4243	0.0178754	123.635	0.791641	0
13.4514	0.0178291	121.017	0.789938	0
13.4408	0.0179095	122.484	0.79096	0
13.4379	0.0182007	120.217	0.760656	0
13.4485	0.0177316	123.568	0.788576	0
13.419	0.0174142	122.551	0.783469	0
13.4034	0.0179837	121.767	0.788917	0
13.4189	0.0180539	122.284	0.787555	0
13.4202	0.0174195	121.617	0.786533	0
13.4245	0.0176868	120.534	0.789598	0
13.4408	0.018418	121.784	0.807644	0
13.4283	0.0178577	121.967	0.795386	0
13.4253	0.0176431	122.885	0.785512	0
13.413	0.018351	122.118	0.786193	0
13.4151	0.0182525	122.134	0.800153	0
13.4256	0.0176556	120.784	0.777	0
13.402	0.0174409	120.95	0.796408	0
13.3998	0.0178765	123.018	0.783809	0
13.4228	0.0176607	122.701	0.784831	0
13.4316	0.0176213	122.268	0.786193	0
13.416	0.0178341	122.835	0.757592	0
13.4015	0.0179385	122.351	0.777681	0
13.4192	0.0176651	122.034	0.782107	0
13.4176	0.0183197	120.867	0.767466	0
13.4198	0.0174358	122.468	0.796408	0
13.4334	0.0179927	121.767	0.797089	0
13.4214	0.0177867	122.784	0.80492	0
13.4462	0.0177892	122.401	0.800153	0
13.4627	0.0174947	122.201	0.769168	0
13.4334	0.0179246	122.534	0.783469	0
13.4034	0.018146	122.218	0.794705	0
13.4094	0.0179585	121.917	0.791641	0
13.4331	0.0179006	121.384	0.794024	0
13.4382	0.0182362	121.967	0.765082	0
13.407	0.0181745	121.401	0.790279	0
13.4065	0.0180221	122.885	0.807303	0
13.4448	0.0182823	122.268	0.816837	0
13.4285	0.017805	121.567	0.785171	0
13.4153	0.0180076	122.218	0.789257	0
13.4414	0.0178792	122.501	0.769849	0
13.4265	0.0179478	122.084	0.780064	0
13.3982	0.0175451	121.934	0.803217	0
13.3993	0.0177081	121.834	0.785171	0
13.4087	0.0176824	122.601	0.796748	0
13.4189	0.0179344	121.15	0.783469	0
13.414	0.0180043	122.651	0.80526	0
13.4128	0.0177688	123.685	0.802536	0
13.4248	0.017708	121.134	0.802196	0
13.4003	0.0175841	120.684	0.788917	0
13.3744	0.0175399	120.534	0.793684	0
13.3922	0.0174622	122.951	0.790619	0
13.4002	0.0174241	122.401	0.782107	0
13.3947	0.0179076	122.551	0.800153	0
13.403	0.0175445	121.05	0.794705	0
13.4155	0.0176107	121.901	0.791641	0
13.418	0.0176124	121.834	0.799472	0
13.4288	0.0180197	121.084	0.764742	0
13.4128	0.0180053	122.101	0.789257	0
13.3758	0.0177608	121.601	0.772914	0
13.4224	0.0185239	121.967	0.809687	0
13.448	0.0178585	120.417	0.793684	0
13.415	0.0177537	121.434	0.789598	0
13.4238	0.0182135	120.584	0.784831	0
13.4087	0.0179632	123.135	0.777681	0
13.4083	0.0179562	122.968	0.79777	0
13.4304	0.0179684	121.467	0.780745	0
13.4048	0.017832	121.951	0.794365	0
13.4045	0.0176381	121.884	0.782788	0
13.4284	0.0177979	121	0.782447	0
13.4095	0.0175893	121.667	0.782447	0
13.4175	0.0183782	121.767	0.801174	0
13.4289	0.0175849	120.6	0.78449	0
13.3842	0.0177268	121.817	0.809687	0
13.3971	0.0180988	120.083	0.779043	0
13.4307	0.0182671	121.951	0.783809	0
13.4297	0.0178867	121.784	0.789938	0
13.4282	0.0181327	121.017	0.797089	0
13.4224	0.0181062	121.484	0.786874	0
13.4174	0.0175269	122.468	0.80526	0
13.4131	0.017754	120	0.772573	0
13.4248	0.0176746	122.701	0.775978	0
13.4361	0.0183633	121.517	0.759294	0
13.4077	0.0177143	120.033	0.776319	0
13.4115	0.0177542	122.484	0.779724	0
13.4526	0.0175032	121.334	0.795046	0
13.4213	0.0182948	122.518	0.780405	0
13.3993	0.0183349	123.318	0.782788	0
13.4447	0.0179648	121.384	0.798451	0
13.4528	0.0176898	122.868	0.783809	0
13.4448	0.0181238	121.167	0.777	0
13.44	0.0178057	122.501	0.819901	0
13.4223	0.017579	121.501	0.770871	0
13.4033	0.0181122	121.867	0.788236	0
13.4192	0.0179527	121.334	0.789257	0
13.4316	0.0182647	122.034	0.785171	0
13.4138	0.0179052	121.467	0.794365	0
13.4296	0.0181017	121.351	0.791981	0
13.4464	0.0178861	123.051	0.804579	0
13.4279	0.0179897	120.984	0.780745	0
13.4217	0.0181538	121.584	0.775978	0
13.4364	0.0180593	122.268	0.789938	0
13.4443	0.0181449	122.068	0.803898	0
13.434	0.0179093	121.834	0.778021	0
13.4189	0.0177142	122.084	0.788236	0
13.4101	0.0181552	122.968	0.786533	0
13.4127	0.0180479	122.368	0.779724	0
13.4357	0.0179616	122.351	0.799131	0
13.4344	0.0171198	121.717	0.7913	0
13.4257	0.0178969	123.168	0.773935	0
13.4332	0.0180331	120.884	0.788917	0
13.4424	0.0179616	121.984	0.789938	0
13.4062	0.0184908	121.567	0.786193	0
13.3876	0.0179354	122.518	0.790279	0
13.4349	0.0178605	121.617	0.774957	0
13.431	0.0176263	123.285	0.769168	0
13.3968	0.0177921	122.584	0.802536	0
13.4047	0.0180017	120.567	0.801515	0
13.4238	0.0183736	122.818	0.782447	0
13.4484	0.0181681	121.451	0.788576	0
13.4368	0.0181503	121.667	0.803898	0
13.4124	0.018041	122.501	0.796748	0
13.4396	0.0178607	121.084	0.799812	0
13.4419	0.0180777	122.051	0.781085	0
13.4111	0.0184715	123.068	0.779383	0
13.4073	0.0177463	121.817	0.802536	0
13.4241	0.0188723	123.251	0.807644	0
13.4193	0.0181522	123.018	0.793003	0
13.4054	0.017987	121.384	0.78449	0
13.4218	0.0182297	123.868	0.809346	0
13.4482	0.018237	121.717	0.79096	0
13.4468	0.0178155	121.901	0.789598	0
13.4159	0.017601	122.784	0.780405	0
13.4227	0.0178142	122.351	0.778362	0
13.4488	0.017978	121.684	0.785512	0
13.4307	0.0179902	121.351	0.780064	0
13.3956	0.0177362	121.351	0.796748	0
13.3776	0.0176051	122.018	0.794705	0
13.3927	0.017626	122.434	0.795386	0
13.431	0.0177418	121.884	0.7913	0
13.4271	0.0177244	122.034	0.793684	0
13.417	0.017674	122.151	0.7913	0
13.446	0.017798	120.967	0.781766	0
13.4335	0.017431	121.817	0.797429	0
13.4334	0.0179839	120.984	0.798791	0
13.4633	0.0180258	121.801	0.75657	0
13.4485	0.0179256	122.301	0.779724	0
13.4295	0.0182625	122.601	0.793684	0
13.4296	0.0181805	121.717	0.796748	0
13.4211	0.0180082	122.384	0.810708	0
13.3964	0.0182477	122.601	0.780405	0
13.4028	0.0181507	121.184	0.783128	0
13.4314	0.0176099	122.751	0.796748	0
13.4177	0.0177714	121.617	0.80492	0
13.4151	0.0176755	121.117	0.796748	0
13.4054	0.0179161	122.034	0.787895	0
13.3895	0.0172468	121.917	0.786533	0
13.4396	0.0177331	122.384	0.778021	0
13.4478	0.0179952	122.034	0.795727	0
13.4159	0.0183585	121.551	0.774957	0
13.4201	0.0180847	120.634	0.796408	0
13.4262	0.0176604	122.518	0.798791	0
13.4409	0.0179198	120.417	0.778021	0
13.4511	0.0177979	122.018	0.78415	0
13.4392	0.0178896	123.068	0.782447	0
13.4439	0.0174659	123.051	0.777	0
13.4442	0.0180376	122.018	0.793003	0
13.44	0.0176641	122.651	0.802877	0
13.4342	0.0180319	121.917	0.788576	0
13.4108	0.0177453	121.517	0.790619	0
13.3967	0.0183044	121.767	0.776659	0
13.4298	0.0177183	122.251	0.811389	0
13.4678	0.0179289	121.584	0.806282	0
13.4444	0.01786	123.852	0.816837	0
13.4204	0.0180518	120.767	0.804239	0
13.4247	0.0178724	121.601	0.791641	0
13.407	0.0180562	122.334	0.769849	0
13.3801	0.0178376	122.401	0.780405	0
13.3878	0.0180152	122.101	0.785852	0
13.4213	0.0176566	123.335	0.803898	0
13.4311	0.0182028	122.968	0.779043	0
13.3935	0.0181088	119.533	0.781766	0
13.4035	0.0175525	121.817	0.800493	0
13.4288	0.0178682	122.251	0.816497	0
13.3903	0.017674	121.734	0.816837	0
13.4101	0.0179758	120.584	0.78415	0
13.4447	0.0176883	121.884	0.803217	0
13.4277	0.0177195	122.284	0.786533	0
13.4366	0.0180543	122.201	0.788917	0
13.4551	0.0179471	122.168	0.810027	0
13.4104	0.0185812	122.401	0.789257	0
13.3857	0.0178157	122.351	0.787895	0
13.4019	0.0180806	120.1	0.782107	0
13.4124	0.0180439	121.934	0.778362	0
13.4302	0.0178147	121.767	0.80492	0
13.4131	0.0180679	120.784	0.786874	0
13.405	0.0182698	122.985	0.788576	0
13.4133	0.0178151	121.05	0.806963	0
13.3993	0.01798	120.75	0.791641	0
13.3997	0.0181101	120.183	0.774276	0
13.4043	0.0177149	121.734	0.786193	0
13.4074	0.0177556	123.218	0.796408	0
13.431	0.0178879	122.568	0.793684	0
13.424	0.0175484	122.018	0.7913	0
13.412	0.0176899	120.7	0.786193	0
13.4257	0.0180363	122.068	0.782107	0
13.4357	0.0177114	121.767	0.786193	0
13.4204	0.0176986	121.617	0.783128	0
13.4143	0.0186434	121.384	0.786533	0
13.4464	0.0182721	121.651	0.771211	0
13.423	0.0184824	122.351	0.791981	0
13.4099	0.0180024	121.651	0.798451	0
13.4437	0.0174195	121.267	0.780064	0
13.4131	0.0179979	122.901	0.796067	0
13.3936	0.0177145	121.784	0.774616	0
13.424	0.0174017	122.468	0.794705	0
13.4414	0.017814	121.184	0.800834	0
13.4134	0.0181558	121.701	0.816156	0
13.3885	0.0181529	122.018	0.779043	0
13.4149	0.0181883	123.268	0.798451	0
13.4421	0.0178633	121.901	0.802877	0
13.4381	0.0180039	120.367	0.783469	0
13.4492	0.018159	122.101	0.790279	0
13.4225	0.0177873	123.418	0.79096	0
13.3988	0.0180154	121.167	0.778362	0
13.4116	0.0179265	122.068	0.799812	0
13.4234	0.0176688	121.384	0.784831	0
13.4209	0.0174356	121.267	0.793003	0
13.4057	0.0179752	122.501	0.783469	0
13.4096	0.0180155	121.15	0.790619	0
13.4331	0.0179887	121.334	0.779724	0
13.4284	0.0176188	121	0.792322	0
13.4066	0.0177406	123.551	0.781085	0
13.4168	0.0182392	121.734	0.79811	0
13.4274	0.0178057	120.767	0.815475	0
13.4225	0.0181693	123.285	0.786874	0
13.4263	0.0181685	121.601	0.776659	0
13.4247	0.0177266	121.384	0.775978	0
13.4438	0.0186139	122.051	0.791641	0
13.4375	0.0180888	123.218	0.803217	0
13.4031	0.0178954	121.934	0.814794	0
13.4018	0.0179511	122.618	0.776659	0
13.4127	0.0179222	122.501	0.806282	0
13.4175	0.0179381	121.984	0.791981	0
13.4212	0.0181143	122.401	0.778021	0
13.4115	0.0178187	122.451	0.783128	0
13.4335	0.0175399	122.118	0.79811	0
13.4378	0.0182762	122.551	0.803558	0
13.4181	0.0179524	121.967	0.787895	0
13.3938	0.0179222	119.983	0.781426	0
13.377	0.0178989	122.734	0.786874	0
13.4125	0.0181683	122.301	0.81207	0
13.4439	0.0176527	123.101	0.795046	0
13.4074	0.0180332	121.801	0.798791	0
13.3825	0.0177568	120.8	0.76372	0
13.4203	0.017893	122.034	0.771211	0
13.471	0.0180575	122.451	0.777	0
13.4268	0.0179845	122.484	0.801515	0
13.4194	0.0175893	121.917	0.789938	0
13.4619	0.017791	122.901	0.817858	0
13.4454	0.0177386	121.984	0.800493	0
13.4161	0.0178387	121.667	0.787555	0
13.4126	0.0180499	121.584	0.782788	0
13.4195	0.0183063	120.967	0.785171	0
13.4088	0.0179327	122.684	0.778702	0
13.4072	0.0174137	122.784	0.790619	0
13.4301	0.0177263	121.817	0.782447	0
13.4242	0.0175043	122.684	0.79096	0
13.4045	0.0177182	121.917	0.768487	0
13.412	0.0174732	121.617	0.805601	0
13.4383	0.0177389	121.751	0.795727	0
13.4499	0.0180135	120.884	0.788576	0
13.434	0.017826	121.667	0.789598	0
13.437	0.0182066	121.301	0.775978	0
13.4464	0.0182148	122.901	0.787895	0
13.4329	0.0180444	121.734	0.768147	0
13.4135	0.0181443	121.117	0.783128	0
13.4189	0.017696	123.485	0.780064	0
13.4301	0.0179028	122.451	0.802877	0
13.4167	0.0179366	122.468	0.79777	0
13.4308	0.0176954	122.218	0.795046	0
13.4399	0.0179454	121.167	0.788917	0
13.4314	0.0180151	122.551	0.793684	0
13.4403	0.0180552	121.384	0.793003	0
13.4251	0.0175452	122.201	0.783469	0
13.3919	0.0181364	122.218	0.781085	0
13.3947	0.0177991	122.401	0.778702	0
13.4425	0.0182833	121.017	0.795046	0
13.451	0.0184751	122.251	0.796408	0
13.3942	0.0179411	120.75	0.783469	0
13.3964	0.0177538	121.234	0.781766	0
13.4096	0.0177372	121.751	0.786874	0
13.394	0.0179608	123.802	0.794705	0
13.411	0.0175336	121.751	0.77053	0
13.4211	0.0178111	121.684	0.775978	0
13.419	0.0175147	121.984	0.794365	0
13.4146	0.0175377	121.701	0.790619	0
13.3899	0.0174765	122.051	0.786533	0
13.397	0.0174552	122.468	0.794705	0
13.4208	0.0178454	122.301	0.791641	0
13.4331	0.0180609	123.185	0.782447	0
13.4339	0.0180156	123.435	0.813432	0
13.435	0.0183258	122.801	0.77734	0
13.4079	0.0177199	122.501	0.78415	0
13.4012	0.0179514	121.551	0.780405	0
13.4195	0.0176765	122.351	0.781766	0
13.434	0.0179052	122.184	0.782107	0
13.4396	0.017562	122.784	0.795727	0
13.4178	0.0179089	122.118	0.787214	0
13.4093	0.0181514	121.217	0.786193	0
13.4293	0.0177646	121.967	0.784831	0
13.4351	0.0180197	122.018	0.771552	0
13.4254	0.0179071	123.068	0.773935	0
13.4013	0.0174172	121.451	0.768147	0
13.3964	0.0175317	121.217	0.792662	0
13.43	0.0175971	122.584	0.782107	0
13.4458	0.0178778	122.068	0.771211	0
13.4369	0.0173161	121.767	0.806622	0
13.4124	0.0177589	121.617	0.77734	0
13.3995	0.0177663	121.384	0.798791	0
13.4103	0.0179868	121.901	0.79777	0
13.4132	0.0179658	121.701	0.782788	0
13.424	0.0179825	123.602	0.785171	0
13.442	0.0176564	122.134	0.780405	0
13.4302	0.0180808	122.168	0.777	0
13.4177	0.0179189	120.867	0.772573	0
13.4227	0.0176229	122.468	0.802196	0
13.4425	0.0178303	122.651	0.790279	0
13.4449	0.0176799	120.484	0.768487	0
13.4182	0.0180082	121.634	0.791981	0
13.4189	0.0174747	122.034	0.788917	0
13.4261	0.0175828	122.451	0.788236	0
13.4183	0.0177583	121.484	0.808665	0
13.4201	0.0180534	122.701	0.790279	0
13.4343	0.0180666	122.851	0.783809	0
13.4232	0.0178119	120.584	0.796748	0
13.4028	0.0181997	121.501	0.801174	0
13.4074	0.0176193	121.201	0.782788	0
13.4087	0.0180349	120.867	0.793003	0
13.4031	0.0180706	121.201	0.796067	0
13.4286	0.0175351	122.101	0.795727	0
13.4417	0.017726	123.251	0.776319	0
13.4189	0.0175498	120.817	0.787555	0
13.3996	0.018083	121.284	0.789598	0
13.4024	0.0185032	121.351	0.799472	0
13.3897	0.0181562	122.084	0.778021	0
13.3789	0.0176864	121.434	0.782788	0
13.3955	0.0173781	120.233	0.787555	0
13.4132	0.0175554	121.117	0.800834	0
13.4285	0.0180421	122.251	0.794705	0
13.4208	0.0177149	122.034	0.780745	0
13.4017	0.0176501	121.667	0.785171	0
13.4107	0.0175645	122.901	0.779724	0
13.4242	0.0179265	122.568	0.775297	0
13.4006	0.0175824	121.801	0.772914	0
13.4107	0.0172129	120.967	0.771892	0
13.4476	0.0178774	123.035	0.771892	0
13.4325	0.0178678	121.317	0.79811	0
13.4242	0.0175668	120.183	0.783469	0
13.4234	0.0178352	121.701	0.786874	0
13.3793	0.0174544	121.367	0.788236	0
13.3923	0.01761	121.851	0.795727	0
13.4448	0.0176788	122.935	0.781426	0
13.4126	0.017639	121.134	0.787214	0
13.4028	0.0177301	122.584	0.78449	0
13.4395	0.0175227	122.334	0.779043	0
13.4143	0.0174243	121	0.79811	0
13.405	0.0177092	122.334	0.792662	0
13.4113	0.0174582	121.601	0.78415	0
13.3694	0.018048	122.551	0.794024	0
13.3838	0.0175947	121.451	0.7913	0
13.4363	0.017811	123.535	0.77734	0
13.4053	0.0179688	119.883	0.774276	0
13.356	0.0175666	120.4	0.782788	0
13.4203	0.018087	123.051	0.788576	0
13.456	0.0178498	120.517	0.779724	0
13.3984	0.018102	122.084	0.807644	0
13.3947	0.0178909	121.034	0.779383	0
13.4171	0.0180223	121.801	0.788236	0
13.4133	0.0178617	123.168	0.790279	0
13.3968	0.0175121	120.55	0.774957	0
13.4049	0.0179021	122.234	0.785852	0
13.4123	0.0179208	122.935	0.789257	0
13.4044	0.0181275	122.568	0.793343	0
13.4193	0.0180084	121.801	0.799812	0
13.4262	0.0176803	121.851	0.805601	0
13.4166	0.0177455	121.901	0.806282	0
13.4079	0.0179211	121.217	0.795046	0
13.3965	0.0176724	122.418	0.786874	0
13.4261	0.0180434	121.784	0.782107	0
13.4338	0.0178589	122.001	0.800493	0
13.4031	0.0178166	120.383	0.796067	0
13.3989	0.0172859	122.101	0.799812	0
13.4091	0.0178252	121.451	0.790279	0
13.4068	0.0174987	120.917	0.797429	0
13.4068	0.0180228	121.417	0.795046	0
13.4108	0.0182122	121.667	0.793343	0
13.4119	0.0179093	121.667	0.793343	0
13.4192	0.0181146	121.584	0.779724	0
13.4468	0.018136	122.718	0.782788	0
13.4505	0.0180773	121.517	0.778362	0
13.4212	0.0178081	120.65	0.791641	0
13.393	0.0173649	121.117	0.783469	0
13.3969	0.0178115	122.284	0.786533	0
13.4036	0.0180593	122.484	0.783128	0
13.3891	0.017666	121.967	0.794024	0
13.4133	0.0178561	122.134	0.807303	0
13.4484	0.0182306	121.751	0.781426	0
13.4129	0.0185643	121.517	0.795386	0
13.4027	0.0179854	122.351	0.791641	0
13.431	0.0180307	122.318	0.786874	0
13.4029	0.0179442	121.901	0.783469	0
13.3993	0.0182053	120.05	0.788236	0
13.4282	0.0182354	122.818	0.814794	0
13.4375	0.017885	121.134	0.79811	0
13.3921	0.0178178	123.301	0.808325	0
13.3739	0.0180863	121.784	0.77019	0
13.4196	0.0178465	122.768	0.778021	0
13.4257	0.0174968	120.8	0.790619	0
13.4042	0.0174774	122.068	0.779043	0
13.3955	0.0178691	121.067	0.78415	0
13.4044	0.0179285	121.167	0.788917	0
13.4249	0.0181087	122.651	0.802877	0
13.4256	0.0177286	122.351	0.7913	0
13.4176	0.0183544	121.567	0.79811	0
13.4106	0.0178363	121.784	0.79777	0
13.4144	0.017761	123.218	0.783809	0
13.4214	0.0174845	121.367	0.799472	0
13.442	0.0177292	121.751	0.823987	0
13.4632	0.0178373	120.984	0.800834	0
13.416	0.0182614	121.15	0.768487	0
13.3716	0.0181608	123.985	0.780745	0
13.4227	0.017626	123.285	0.797089	0
13.4543	0.0177085	120.367	0.799131	0
13.4397	0.0177547	122.784	0.795046	0
13.4244	0.0174906	121.534	0.801174	0
13.4116	0.0179951	123.118	0.7913	0
13.4202	0.0178962	123.268	0.792662	0
13.4309	0.018066	120.734	0.775978	0
13.4138	0.0182419	121.951	0.768487	0
13.408	0.0177436	121.234	0.792662	0
13.4247	0.0184474	122.768	0.805601	0
13.4302	0.0180462	122.718	0.791641	0
13.418	0.0181067	121.451	0.793684	0
13.3982	0.0177286	122.618	0.784831	0
13.3992	0.0176282	123.235	0.762699	0
13.4393	0.0178226	121.217	0.782447	0
13.4266	0.0176422	121.934	0.787555	0
13.383	0.0176902	121.351	0.799472	0
13.3932	0.0176429	122.268	0.785512	0
13.427	0.0181534	120.55	0.781766	0
13.4341	0.0176531	121.717	0.777681	0
13.4439	0.0177301	123.101	0.791981	0
13.4353	0.0183963	121.651	0.803217	0
13.4218	0.018	120.917	0.790619	0
13.4399	0.0176019	124.268	0.813432	0
13.4212	0.0173216	120.834	0.782447	0
13.3808	0.0176778	120.95	0.793343	0
13.4063	0.0175394	121.584	0.789598	0
0	0	0	0	0
0	0	0	0	0
0	0	0	0	0
0	0	0	0	0
0	0	0	0	0
0	0	0	0	0
0	0	0	0	0
0	0	0	0	0
0	0	0	0	0
0	0	0	0	0
0	0	0	0	0
0	0	0	0	0
0	0	0	0	0
0	0	0	0	0
0	0	0	0	0
0	0	0	0	0
0	0	0	0	0
0	0	0	0	0
0	0	0	0	0
0	0	0	0	0
0	0	0	0	0
0	0	0	0	0
0	0	0	0	0
0	0	0	0	0
0	0	0	0	0
0	0	0	0	0
0	0	0	0	0
0	0	0	0	0
0	0	0	0	0
0	0	0	0	0
0	0	0	0	0
0	0	0	0	0
0	0	0	0	0
0	0	0	0	0
0	0	0	0	0
0	0	0	0	0
0	0	0	0	0
0	0	0	0	0
0	0	0	0	0
0	0	0	0	0
0	0	0	0	0
0	0	0	0	0
0	0	0	0	0
0	0	0	0	0
0	0	0	0	0
0	0	0	0	0
0	0	0	0	0
0	0	0	0	0
0	0	0	0	0
0	0	0	0	0
0	0	0	0	0
0	0	0	0	0
0	0	0	0	0
0	0	0	0	0
0	0	0	0	0
0	0	0	0	0
0	0	0	0	0
0	0	0	0	0
0	0	0	0	0
0	0	0	0	0
0	0	0	0	0
0	0	0	0	0
0	0	0	0	0
0	0	0	0	0
0	0	0	0	0
0	0	0	0	0
0	0	0	0	0
0	0	0	0	0
0	0	0	0	0
0	0	0	0	0
0	0	0	0	0
0	0	0	0	0
0	0	0	0	0
0	0	0	0	0
0	0	0	0	0
0	0	0	0	0
0	0	0	0	0
0	0	0	0	0
0	0	0	0	0
0	0	0	0	0
0	0	0	0	0
0	0	0	0	0
0	0	0	0	0
0	0	0	0	0
0	0	0	0	0
0	0	0	0	0
0	0	0	0	0
0	0	0	0	0
0	0	0	0	0
0	0	0	0	0
0	0	0	0	0
0	0	0	0	0
0	0	0	0	0
0	0	0	0	0
0	0	0	0	0
0	0	0	0	0
0	0	0	0	0
0	0	0	0	0
0	0	0	0	0
0	0	0	0	0
0	0	0	0	0
0	0	0	0	0
0	0	0	0	0
0	0	0	0	0
0	0	0	0	0
0	0	0	0	0
0	0	0	0	0
0	0	0	0	0
0	0	0	0	0
0	0	0	0	0
0	0	0	0	0
0	0	0	0	0
0	0	0	0	0
0	0	0	0	0
0	0	0	0	0
0	0	0	0	0
0	0	0	0	0
0	0	0	0	0
0	0	0	0	0
0	0	0	0	0
0	0	0	0	0
0	0	0	0	0
0	0	0	0	0
0	0	0	0	0
0	0	0	0	0
0	0	0	0	0
0	0	0	0	0
0	0	0	0	0
0	0	0	0	0
0	0	0	0	0
0	0	0	0	0
0	0	0	0	0
0	0	0	0	0
0	0	0	0	0
0	0	0	0	0
0	0	0	0	0
0	0	0	0	0
0	0	0	0	0
0	0	0	0	0
0	0	0	0	0
0	0	0	0	0
0	0	0	0	0
0	0	0	0	0
0	0	0	0	0
0	0	0	0	0
0	0	0	0	0
0	0	0	0	0
0	0	0	0	0
0	0	0	0	0
0	0	0	0	0
0	0	0	0	0
0	0	0	0	0
0	0	0	0	0
0	0	0	0	0
0	0	0	0	0
0	0	0	0	0
0	0	0	0	0
0	0	0	0	0
0	0	0	0	0
0	0	0	0	0
0	0	0	0	0
0	0	0	0	0
0	0	0	0	0
0	0	0	0	0
0	0	0	0	0
0	0	0	0	0
0	0	0	0	0
0	0	0	0	0
0	0	0	0	0
0	0	0	0	0
0	0	0	0	0
0	0	0	0	0
0	0	0	0	0
0	0	0	0	0
0	0	0	0	0
0	0	0	0	0
0	0	0	0	0
0	0	0	0	0
0	0	0	0	0
0	0	0	0	0
0	0	0	0	0
0	0	0	0	0
0	0	0	0	0
0	0	0	0	0
0	0	0	0	0
0	0	0	0	0
0	0	0	0	0
0	0	0	0	0
0	0	0	0	0
0	0	0	0	0
0	0	0	0	0
0	0	0	0	0
0	0	0	0	0
0	0	0	0	0
0	0	0	0	0
0	0	0	0	0
0	0	0	0	0
0	0	0	0	0
0	0	0	0	0
0	0	0	0	0
0	0	0	0	0
0	0	0	0	0
0	0	0	0	0
0	0	0	0	0
0	0	0	0	0
0	0	0	0	0
0	0	0	0	0
0	0	0	0	0
0	0	0	0	0
0	0	0	0	0
0	0	0	0	0
0	0	0	0	0
0	0	0	0	0
0	0	0	0	0
0	0	0	0	0
0	0	0	0	0
0	0	0	0	0
0	0	0	0	0
0	0	0	0	0
0	0	0	0	0
0	0	0	0	0
0	0	0	0	0
0	0	0	0	0
0	0	0	0	0
0	0	0	0	0
0	0	0	0	0
0	0	0	0	0
0	0	0	0	0
0	0	0	0	0
0	0	0	0	0
0	0	0	0	0
0	0	0	0	0
0	0	0	0	0
0	0	0	0	0
0	0	0	0	0
0	0	0	0	0
0	0	0	0	0
0	0	0	0	0
0	0	0	0	0
0	0	0	0	0
0	0	0	0	0
0	0	0	0	0
0	0	0	0	0
0	0	0	0	0
0	0	0	0	0
0	0	0	0	0
0	0	0	0	0
0	0	0	0	0
0	0	0	0	0
0	0	0	0	0
0	0	0	0	0
0	0	0	0	0
0	0	0	0	0
0	0	0	0	0
0	0	0	0	0
0	0	0	0	0
0	0	0	0	0
0	0	0	0	0
0	0	0	0	0
0	0	0	0	0
0	0	0	0	0
0	0	0	0	0
0	0	0	0	0
0	0	0	0	0
0	0	0	0	0
0	0	0	0	0
0	0	0	0	0
0	0	0	0	0
0	0	0	0	0
0	0	0	0	0
0	0	0	0	0
0	0	0	0	0
0	0	0	0	0
0	0	0	0	0
0	0	0	0	0
0	0	0	0	0
0	0	0	0	0
0	0	0	0	0
0	0	0	0	0
0	0	0	0	0
0	0	0	0	0
0	0	0	0	0
0	0	0	0	0
0	0	0	0	0
0	0	0	0	0
0	0	0	0	0
0	0	0	0	0
0	0	0	0	0
0	0	0	0	0
0	0	0	0	0
0	0	0	0	0
0	0	0	0	0
0	0	0	0	0
0	0	0	0	0
0	0	0	0	0
0	0	0	0	0
0	0	0	0	0
0	0	0	0	0
0	0	0	0	0
0	0	0	0	0
0	0	0	0	0
0	0	0	0	0
0	0	0	0	0
0	0	0	0	0
0	0	0	0	0
0	0	0	0	0
0	0	0	0	0
0	0	0	0	0
0	0	0	0	0
0	0	0	0	0
0	0	0	0	0
0	0	0	0	0
0	0	0	0	0
0	0	0	0	0
0	0	0	0	0
0	0	0	0	0
0	0	0	0	0
0	0	0	0	0
0	0	0	0	0
0	0	0	0	0
0	0	0	0	0
0	0	0	0	0
0	0	0	0	0
0	0	0	0	0
0	0	0	0	0
0	0	0	0	0
0	0	0	0	0
0	0	0	0	0
0	0	0	0	0
0	0	0	0	0
0	0	0	0	0
0	0	0	0	0
0	0	0	0	0
0	0	0	0	0
0	0	0	0	0
0	0	0	0	0
0	0	0	0	0
0	0	0	0	0
0	0	0	0	0
0	0	0	0	0
0	0	0	0	0
0	0	0	0	0
0	0	0	0	0
0	0	0	0	0
0	0	0	0	0
0	0	0	0	0
0	0	0	0	0
0	0	0	0	0
0	0	0	0	0
0	0	0	0	0
0	0	0	0	0
0	0	0	0	0
0	0	0	0	0
0	0	0	0	0
0	0	0	0	0
0	0	0	0	0
0	0	0	0	0
0	0	0	0	0
0	0	0	0	0
0	0	0	0	0
0	0	0	0	0
0	0	0	0	0
0	0	0	0	0
0	0	0	0	0
0	0	0	0	0
0	0	0	0	0
0	0	0	0	0
0	0	0	0	0
0	0	0	0	0
0	0	0	0	0
0	0	0	0	0
0	0	0	0	0
0	0	0	0	0
0	0	0	0	0
0	0	0	0	0
0	0	0	0	0
0	0	0	0	0
0	0	0	0	0
0	0	0	0	0
0	0	0	0	0
0	0	0	0	0
0	0	0	0	0
0	0	0	0	0
0	0	0	0	0
0	0	0	0	0
0	0	0	0	0
0	0	0	0	0
0	0	0	0	0
0	0	0	0	0
0	0	0	0	0
0	0	0	0	0
0	0	0	0	0
0	0	0	0	0
0	0	0	0	0
0	0	0	0	0
0	0	0	0	0
0	0	0	0	0
0	0	0	0	0
0	0	0	0	0
0	0	0	0	0
