a2610912.350455
Narit-cm 09/01/2026 12:05:05 09/01/2026 12:35:04 0045 0013.384714 0052.542598 00.0 00.0
0002386 0010 0000000 0010 05 0000000 0010 0000000 0010
1 0 1 01600 1 0000 3.75 00000.o 0 0 01 000 16 002386 0.500 BT0
1 2 1 02000 1 0000 3.75 00000.o 0 0 01 000 16 002386 0.500 S2A0
1 1 1 01600 1 0000 3.75 00000.o 0 0 00 000 00 002386 3.1746 BC0
1 3 1 02000 1 0000 3.75 00000.o 0 0 00 000 00 002386 3.1746 S2P0
1 5 0 01600 0 0000 1.00 00000.o 0 0 00 000 00 000000 0.000 OF0
0.000 .o Analog 0 	0.000 .o Analog StErr 0 	0.000 .o Photon Counting 0 	0.000 .o PC StErr 0 	0.000 .o Overflow Info 0 
29.0572	0.119783	154.803	0.833135	0
49.9155	0.183366	160.201	0.853731	0
120.05	0.794963	78.8433	1.15822	0
323.132	1.57575	0.419111	0.10161	0
495.595	0.227231	30.4275	0.822836	1
499.99	0.00909225	146.655	1.28489	1
497.208	0.151222	130.545	1.35663	1
497.31	0.148576	28.4158	0.706122	1
499.945	0.0218847	21.1903	0.612064	1
499.995	0.00533353	43.4032	0.815971	1
500	0	87.1752	1.02056	1
500	0	142.196	1.06519	1
499.99	0.00959909	161.945	1.04906	1
499.978	0.0157289	135.524	1.04356	1
499.989	0.0111179	114.434	0.974908	1
500	0	111.383	0.977311	1
500	0	112.272	0.98246	1
500	0	112.808	0.972505	1
500	0	114.619	0.974565	1
497.134	0.115441	125.7	0.949849	1
465.241	0.318926	147.762	0.976625	1
424.493	0.30043	167.209	0.937834	0
388.191	0.271227	183.453	0.92479	0
355.788	0.244944	191.484	0.922043	0
327.149	0.221636	194.049	0.931312	0
301.716	0.203044	193.847	0.883253	0
278.916	0.187216	193.78	0.929252	0
258.753	0.171717	193.864	0.900074	0
240.694	0.15648	191.098	0.868835	0
224.232	0.145466	188.969	0.890805	0
209.266	0.137227	186.253	0.892865	0
195.492	0.12986	183.202	0.893208	0
182.583	0.123474	184.057	0.894924	0
170.364	0.118592	181.174	0.870552	0
158.885	0.114955	181.19	0.880164	0
148.089	0.111746	178.139	0.88291	0
137.799	0.107507	178.491	0.876388	0
128.071	0.103523	175.138	0.856134	0
118.953	0.100627	172.439	0.905223	0
110.215	0.0972874	172.791	0.866089	0
101.83	0.0949928	171.987	0.872611	0
93.8717	0.0927094	170.008	0.868149	0
86.2796	0.0912554	169.07	0.846179	0
78.9865	0.0898272	165.381	0.863	0
71.9807	0.0868025	167.728	0.854418	0
65.3746	0.0845691	164.107	0.836567	0
59.152	0.083638	162.381	0.827985	0
53.3107	0.0807255	162.498	0.845493	0
48.026	0.076092	159.631	0.841716	0
43.314	0.0712979	157.536	0.844806	0
39.1114	0.0665248	155.675	0.826956	0
35.489	0.0616596	155.775	0.833135	0
32.4344	0.0569517	153.11	0.784732	0
29.92	0.0516219	150.847	0.82009	0
27.9191	0.0463372	151.567	0.803956	0
26.3044	0.0423194	148.969	0.825239	0
25.0724	0.03812	149.489	0.790911	0
24.128	0.0346621	147.963	0.812881	0
23.3787	0.0321493	146.572	0.812881	0
22.8146	0.0305636	144.694	0.805329	0
22.3472	0.0290037	144.694	0.815971	0
21.9189	0.0282472	142.816	0.797777	0
21.5167	0.0275553	141.626	0.803269	0
21.1769	0.0266738	141.844	0.813568	0
20.92	0.0254249	140.604	0.804643	0
20.6673	0.0260238	139.983	0.809448	0
20.4215	0.0252631	139.933	0.802583	0
20.2278	0.0243962	138.625	0.829358	0
20.0154	0.0251543	138.843	0.801553	0
19.8355	0.0249284	138.307	0.813568	0
19.7117	0.0242718	138.022	0.787822	0
19.553	0.0243077	136.731	0.813224	0
19.3885	0.0245451	136.496	0.798464	0
19.3102	0.0236726	136.731	0.791941	0
19.1936	0.0236557	136.932	0.805329	0
19.002	0.0234459	135.591	0.784732	0
18.8917	0.0238191	135.189	0.787822	0
18.8081	0.0242419	134.971	0.796061	0
18.6732	0.0232627	134.468	0.803956	0
18.5786	0.0230358	134.753	0.799837	0
18.4932	0.0229678	134.535	0.801553	0
18.4036	0.0235542	136.245	0.796747	0
18.3547	0.0231655	133.663	0.79709	0
18.2929	0.0229703	133.562	0.795031	0
18.2127	0.0234928	133.982	0.786792	0
18.1458	0.0228076	133.21	0.785762	0
18.0767	0.0231186	134.619	0.77924	0
18.0364	0.0226744	133.948	0.806702	0
17.9904	0.0227751	133.21	0.809105	0
17.9349	0.0224544	132.255	0.796747	0
17.8797	0.0229014	132.557	0.807045	0
17.8243	0.0231787	132.858	0.813224	0
17.7965	0.0231227	134.3	0.793658	0
17.7559	0.022711	132.892	0.800866	0
17.7028	0.0222814	131.869	0.780613	0
17.6584	0.021556	131.802	0.790911	0
17.5823	0.0219179	130.863	0.792285	0
17.5249	0.0224873	133.797	0.821806	0
17.5047	0.0221529	133.177	0.786449	0
17.4824	0.0217695	132.741	0.810821	0
17.4449	0.0212292	132.959	0.804643	0
17.3924	0.021821	133.965	0.815284	0
17.3613	0.0215411	130.444	0.809792	0
17.3339	0.0217433	134.015	0.802583	0
17.2771	0.0215965	131.182	0.801896	0
17.2361	0.0222094	132.456	0.805329	0
17.2124	0.0216914	132.003	0.80121	0
17.1414	0.0212501	131.098	0.794344	0
17.0911	0.0219016	132.087	0.7813	0
17.0918	0.0216502	131.215	0.784732	0
17.0518	0.0214927	132.724	0.800523	0
16.992	0.0216206	131.266	0.787822	0
16.9328	0.0210405	131.316	0.796404	0
16.8969	0.0216385	131.433	0.791598	0
16.8497	0.021713	132.07	0.806702	0
16.8039	0.0213319	132.439	0.788508	0
16.7605	0.0213211	130.612	0.785762	0
16.6953	0.0209775	130.662	0.774091	0
16.6424	0.0212397	130.947	0.801896	0
16.6112	0.0213405	131.299	0.780613	0
16.6108	0.0213821	131.048	0.813224	0
16.5696	0.0204127	130.997	0.774434	0
16.4948	0.0211866	131.517	0.783016	0
16.4606	0.0209608	129.438	0.786106	0
16.4005	0.0213833	128.483	0.803269	0
16.3443	0.0208908	129.019	0.805329	0
16.3153	0.0212176	129.036	0.799837	0
16.269	0.0209052	129.975	0.781643	0
16.2115	0.0211512	129.69	0.796404	0
16.1302	0.0208823	129.086	0.805329	0
16.0666	0.0203496	130.142	0.80121	0
16.0488	0.0207181	128.684	0.815627	0
15.9955	0.0208883	128.483	0.797777	0
15.9287	0.0207831	129.22	0.785419	0
15.9523	0.0204704	128.768	0.794344	0
15.9283	0.0201972	128.215	0.80018	0
15.823	0.0204548	128.55	0.781643	0
15.7616	0.0202547	128.818	0.781986	0
15.729	0.0201092	128.114	0.789882	0
15.6711	0.0201033	127.661	0.799493	0
15.6158	0.0202799	128.65	0.796061	0
15.579	0.0197566	128.097	0.79915	0
15.5413	0.0207379	127.443	0.798807	0
15.5026	0.0202153	127.142	0.796404	0
15.4545	0.0202667	126.287	0.817	0
15.4204	0.0196695	127.527	0.807732	0
15.3854	0.020506	127.393	0.81803	0
15.332	0.0192593	127.611	0.79915	0
15.3006	0.019742	126.102	0.806016	0
15.2664	0.0201512	128.248	0.810478	0
15.2056	0.0196405	126.622	0.795374	0
15.159	0.0198481	126.069	0.789882	0
15.1121	0.0199148	125.432	0.802583	0
15.0646	0.0201468	126.387	0.799493	0
15.0563	0.0196702	125.482	0.782673	0
15.0001	0.0192609	125.801	0.807045	0
14.9366	0.0194782	126.689	0.792971	0
14.9236	0.0192652	126.287	0.794687	0
14.877	0.0195169	126.773	0.777524	0
14.839	0.0185394	126.991	0.813911	0
14.8019	0.0193941	127.527	0.809448	0
14.7613	0.0192475	125.214	0.794687	0
14.7533	0.0190455	124.845	0.810821	0
14.7335	0.0186262	127.142	0.792285	0
14.6902	0.0193834	123.973	0.786792	0
14.6397	0.019375	123.772	0.794001	0
14.6098	0.0193841	124.728	0.789195	0
14.5966	0.0191816	125.163	0.806702	0
14.5482	0.0191443	125.985	0.818374	0
14.5249	0.0191825	124.946	0.786106	0
14.5367	0.0194336	124.694	0.794344	0
14.4963	0.0188056	123.923	0.785076	0
14.477	0.0190834	125.231	0.787135	0
14.4696	0.0186923	124.191	0.783016	0
14.418	0.0187896	125.549	0.807389	0
14.392	0.0190716	124.543	0.796747	0
14.3619	0.0187425	124.543	0.789538	0
14.3479	0.0187841	124.459	0.783359	0
14.3715	0.0184223	124.426	0.770658	0
14.3422	0.0186253	124.275	0.793314	0
14.3016	0.0189008	124.107	0.804643	0
14.31	0.018942	122.766	0.785762	0
14.3007	0.0190834	124.325	0.808419	0
14.2671	0.0193588	124.627	0.788508	0
14.2576	0.0194137	123.956	0.775121	0
14.2276	0.0192682	124.325	0.791255	0
14.2027	0.018649	123.353	0.798807	0
14.2015	0.0183828	122.649	0.781986	0
14.1975	0.0183479	123.94	0.791255	0
14.1925	0.0187451	123.001	0.810821	0
14.1653	0.0187304	122.666	0.781643	0
14.1398	0.0182927	125.013	0.792971	0
14.1287	0.0183469	122.934	0.776494	0
14.1306	0.018901	124.308	0.802583	0
14.1213	0.0184817	123.386	0.767569	0
14.0689	0.0187852	123.118	0.789195	0
14.0718	0.0182552	123.47	0.80224	0
14.0886	0.018669	121.391	0.784732	0
14.0553	0.018753	123.554	0.807732	0
14.0478	0.0189547	122.381	0.809792	0
14.0185	0.0184574	122.8	0.790911	0
13.9841	0.0180111	123.252	0.801553	0
14.0048	0.0183	122.498	0.787135	0
14.0132	0.0180069	123.973	0.780956	0
13.9768	0.0183282	122.548	0.807732	0
13.9707	0.018072	122.699	0.801896	0
13.9804	0.0186832	121.777	0.79709	0
13.9456	0.0183915	122.531	0.80224	0
13.9163	0.0178489	123.152	0.800523	0
13.9377	0.018327	123.303	0.796061	0
13.9338	0.0182359	123.521	0.77821	0
13.9363	0.0184665	123.152	0.806016	0
13.9632	0.0182894	125.013	0.791941	0
13.9203	0.0182756	122.381	0.783016	0
13.8582	0.0180223	121.844	0.796747	0
13.877	0.0180918	121.643	0.788852	0
13.915	0.0185677	122.23	0.772718	0
13.894	0.0185335	123.018	0.797434	0
13.8596	0.0181336	120.989	0.798464	0
13.8405	0.0184197	122.313	0.799493	0
13.8323	0.0183412	123.085	0.786106	0
13.8336	0.0185977	122.632	0.807732	0
13.8175	0.0180648	121.727	0.784046	0
13.7948	0.0182361	123.051	0.795374	0
13.8097	0.018187	122.498	0.788852	0
13.8262	0.0185621	121.492	0.799837	0
13.8066	0.0184845	123.42	0.782329	0
13.8067	0.018537	121.995	0.781643	0
13.7939	0.018157	123.068	0.777867	0
13.7717	0.0180107	122.347	0.762763	0
13.7664	0.0181165	122.096	0.795374	0
13.7729	0.0182438	121.861	0.783016	0
13.7762	0.018146	121.341	0.795031	0
13.751	0.017952	122.129	0.788508	0
13.7193	0.0175231	122.666	0.801896	0
13.7333	0.0179371	122.364	0.797777	0
13.7363	0.0182665	121.676	0.804643	0
13.7096	0.0182227	122.867	0.804986	0
13.7342	0.0185664	121.475	0.811165	0
13.7506	0.0186607	122.867	0.801553	0
13.7413	0.0182552	121.626	0.779927	0
13.7246	0.018041	122.146	0.793658	0
13.7157	0.0179157	121.777	0.787479	0
13.7172	0.0176739	123.738	0.795717	0
13.7143	0.0181364	120.771	0.785762	0
13.7131	0.0179856	121.174	0.783359	0
13.6927	0.0184675	120.486	0.79915	0
13.6789	0.0181084	122.615	0.81906	0
13.682	0.0180227	121.777	0.785419	0
13.6766	0.0178446	121.157	0.783359	0
13.6622	0.0181033	121.106	0.76036	0
13.6606	0.0179683	121.442	0.793314	0
13.6758	0.0182083	121.308	0.784046	0
13.6751	0.0178212	121.978	0.799493	0
13.6568	0.0180986	122.246	0.795717	0
13.6488	0.0177852	121.593	0.785076	0
13.67	0.0181197	123.252	0.812881	0
13.6822	0.0176817	121.492	0.802583	0
13.6387	0.0179636	121.425	0.782329	0
13.6102	0.0178835	123.001	0.803613	0
13.6414	0.0179906	121.157	0.787822	0
13.655	0.0181566	122.263	0.796404	0
13.6343	0.0177143	120.184	0.784732	0
13.619	0.0181375	121.643	0.786449	0
13.6015	0.0180228	122.766	0.7813	0
13.5936	0.0184922	121.978	0.787135	0
13.6395	0.0183373	120.872	0.789195	0
13.6527	0.0185597	122.548	0.793314	0
13.5953	0.0178761	120.62	0.80121	0
13.5933	0.0177573	121.073	0.792285	0
13.6161	0.018001	121.073	0.783359	0
13.5844	0.0183661	121.241	0.791941	0
13.6066	0.0178531	121.643	0.791941	0
13.6359	0.0179106	122.045	0.796747	0
13.6206	0.0181946	120.503	0.757957	0
13.6082	0.0176557	121.844	0.80224	0
13.5948	0.0176561	121.71	0.794687	0
13.5924	0.0177971	121.341	0.780956	0
13.6322	0.0180877	120.738	0.787822	0
13.6453	0.018083	120.084	0.798807	0
13.6068	0.0180452	121.023	0.785762	0
13.5937	0.0180221	121.961	0.80018	0
13.6145	0.0180779	121.14	0.792285	0
13.6105	0.0177033	120.989	0.791255	0
13.5865	0.0186061	121.961	0.807732	0
13.6	0.0178482	121.827	0.803956	0
13.6189	0.0182847	120.671	0.779927	0
13.6199	0.0184613	119.279	0.781643	0
13.6185	0.0181624	120.469	0.799837	0
13.6107	0.0181047	120.536	0.800523	0
13.6042	0.0179536	121.492	0.794001	0
13.6079	0.0178398	122.85	0.802583	0
13.615	0.017844	122.666	0.781643	0
13.6039	0.0175599	121.995	0.768942	0
13.5987	0.0176387	121.324	0.804986	0
13.6148	0.0179826	121.274	0.77821	0
13.5938	0.0176526	120.62	0.775807	0
13.5863	0.0179981	122.9	0.792971	0
13.6162	0.0175434	121.14	0.799837	0
13.6106	0.0175316	120.889	0.774434	0
13.5758	0.0178881	122.28	0.775464	0
13.5532	0.0178721	121.14	0.787822	0
13.5685	0.0177666	120.654	0.807732	0
13.5663	0.0174853	121.978	0.787135	0
13.5668	0.0175241	120.319	0.774777	0
13.5859	0.0178889	121.224	0.804643	0
13.5892	0.0182297	120.838	0.781643	0
13.6206	0.0179818	122.062	0.791941	0
13.595	0.0182022	120.754	0.771345	0
13.5496	0.0175512	121.09	0.786449	0
13.6011	0.0181765	121.76	0.779927	0
13.5968	0.0178106	121.459	0.785076	0
13.543	0.0173812	122.213	0.802583	0
13.6016	0.0181969	121.442	0.792628	0
13.6254	0.0177649	121.794	0.803956	0
13.5567	0.0179098	121.224	0.812195	0
13.5581	0.0180141	122.297	0.807045	0
13.5781	0.0180975	122.213	0.785762	0
13.5694	0.0180943	121.559	0.81803	0
13.5951	0.0183069	121.878	0.784046	0
13.5672	0.0177669	119.866	0.79709	0
13.5524	0.0176482	120.872	0.792628	0
13.5836	0.0183066	121.559	0.786449	0
13.5441	0.0180451	120.821	0.795031	0
13.501	0.0181561	120.905	0.769971	0
13.5507	0.0180647	122.749	0.796747	0
13.5936	0.0176949	120.084	0.784389	0
13.5713	0.0181193	121.391	0.773061	0
13.5613	0.0177424	119.983	0.794001	0
13.5747	0.0183448	121.425	0.774434	0
13.5649	0.0180455	122.448	0.796061	0
13.585	0.0176652	122.649	0.780956	0
13.5884	0.0178946	119.765	0.778897	0
13.5441	0.017592	119.246	0.794001	0
13.5374	0.0174167	121.911	0.79709	0
13.5576	0.018047	120.419	0.783359	0
13.5403	0.0181561	120.302	0.794001	0
13.5423	0.0179929	121.626	0.804299	0
13.5726	0.0180968	121.291	0.779927	0
13.5788	0.0181346	123.42	0.795717	0
13.553	0.0182622	121.006	0.784046	0
13.5317	0.0180208	120.285	0.777524	0
13.5426	0.0181641	121.459	0.817687	0
13.5546	0.0180619	121.593	0.783359	0
13.5426	0.0174435	119.698	0.77924	0
13.5192	0.0175461	121.174	0.789882	0
13.5343	0.0176515	122.263	0.775807	0
13.5751	0.0177477	121.358	0.775807	0
13.5388	0.0171268	121.609	0.79812	0
13.5187	0.0174452	122.096	0.781643	0
13.5591	0.0178501	120.386	0.782673	0
13.536	0.0179198	121.308	0.782329	0
13.5099	0.0183443	120.604	0.77615	0
13.5307	0.0179227	121.006	0.792971	0
13.5583	0.0178163	120.721	0.771001	0
13.565	0.0179229	121.425	0.808419	0
13.5229	0.017848	120.235	0.800866	0
13.5066	0.0179657	120.671	0.787479	0
13.5444	0.0180076	121.66	0.784046	0
13.532	0.0180584	122.364	0.786449	0
13.5073	0.0178568	121.308	0.784389	0
13.5301	0.017504	120.419	0.791941	0
13.5498	0.0179693	120.821	0.773061	0
13.5294	0.0181849	122.749	0.788165	0
13.5192	0.0180408	121.425	0.803269	0
13.5329	0.0176603	119.899	0.783703	0
13.519	0.0177901	120	0.78027	0
13.5219	0.0185669	122.079	0.799493	0
13.5504	0.0183363	123.018	0.794001	0
13.5405	0.0179706	119.933	0.771001	0
13.5093	0.0174607	120.821	0.7813	0
13.523	0.0175932	121.475	0.796061	0
13.5348	0.0182593	121.274	0.775807	0
13.5264	0.0179332	119.43	0.7813	0
13.5081	0.0180226	121.391	0.799493	0
13.5158	0.0178434	121.09	0.77924	0
13.5511	0.0180883	120.972	0.789195	0
13.5185	0.0178379	121.358	0.791255	0
13.4903	0.0180691	121.945	0.80224	0
13.5513	0.0181791	121.559	0.788165	0
13.5622	0.0179904	121.023	0.779583	0
13.5344	0.0182179	121.408	0.793314	0
13.5595	0.0177349	119.983	0.784046	0
13.5612	0.0179857	120.62	0.791941	0
13.5246	0.0178193	121.023	0.778897	0
13.5251	0.0178442	120.956	0.7813	0
13.5091	0.0181224	121.66	0.794687	0
13.4944	0.0179935	120.553	0.792628	0
13.5385	0.0178853	121.526	0.790225	0
13.5398	0.0177737	121.039	0.776494	0
13.5106	0.017774	121.023	0.791598	0
13.5122	0.0181783	121.844	0.776494	0
13.5338	0.0182539	122.246	0.782329	0
13.5279	0.0179777	121.274	0.777524	0
13.5046	0.0183112	121.928	0.804986	0
13.526	0.0174902	119.665	0.799837	0
13.5359	0.0175891	119.681	0.794687	0
13.4901	0.0179743	121.777	0.783703	0
13.4899	0.0178369	122.397	0.808419	0
13.5362	0.0180257	121.006	0.79915	0
13.534	0.0180065	120.721	0.785419	0
13.5006	0.0174638	120.889	0.772374	0
13.497	0.0180399	121.425	0.788508	0
13.5302	0.0178847	121.391	0.785762	0
13.5006	0.0177239	121.224	0.798464	0
13.4644	0.0178487	122.313	0.764479	0
13.5164	0.0184024	120.855	0.800866	0
13.5312	0.0183193	122.816	0.790568	0
13.4942	0.0177778	121.123	0.791941	0
13.4795	0.0183045	120.754	0.803613	0
13.5006	0.0177393	121.559	0.787822	0
13.5142	0.0180511	121.308	0.760703	0
13.5125	0.018203	121.827	0.784732	0
13.5109	0.0175387	120.503	0.755554	0
13.489	0.0180178	120.721	0.799837	0
13.4897	0.0180008	121.341	0.79812	0
13.5331	0.0174652	121.676	0.804986	0
13.5155	0.0180987	122.33	0.806016	0
13.4837	0.0184177	120.654	0.780613	0
13.5068	0.0177563	121.492	0.768942	0
13.5237	0.0183215	121.995	0.789195	0
13.492	0.0179487	119.832	0.792285	0
13.4961	0.0178152	121.157	0.799837	0
13.515	0.0181854	120.335	0.810135	0
13.4862	0.0174292	122.531	0.785762	0
13.4902	0.0182055	120.302	0.805329	0
13.5276	0.0178586	119.48	0.773404	0
13.5332	0.0176866	121.408	0.781643	0
13.5377	0.018095	120.855	0.776494	0
13.5538	0.018228	119.715	0.811508	0
13.528	0.0179589	121.039	0.792628	0
13.5163	0.017598	120.251	0.783703	0
13.5303	0.0178413	121.811	0.804299	0
13.5272	0.0177353	120.453	0.77924	0
13.5079	0.0175893	119.916	0.796061	0
13.5005	0.0178566	122.414	0.779927	0
13.5211	0.0175635	121.475	0.78027	0
13.5112	0.0174785	121.559	0.756584	0
13.5001	0.0179074	121.358	0.782673	0
13.5043	0.0181899	121.727	0.803269	0
13.4968	0.0175759	121.274	0.794344	0
13.5097	0.0175056	121.391	0.799493	0
13.5122	0.0181246	119.313	0.77821	0
13.5016	0.018166	122.883	0.784389	0
13.5384	0.0177444	121.425	0.800523	0
13.5371	0.0180342	122.146	0.783359	0
13.5239	0.0183483	119.849	0.783703	0
13.5254	0.0177103	121.157	0.787479	0
13.5234	0.0179104	120.687	0.787135	0
13.4982	0.0177776	121.123	0.772374	0
13.4999	0.0178618	121.894	0.781986	0
13.5258	0.0177172	120.017	0.774777	0
13.5165	0.0178659	120.922	0.797777	0
13.5028	0.0184218	119.899	0.79915	0
13.5049	0.0182576	123.252	0.794344	0
13.5022	0.0176125	120.101	0.782673	0
13.486	0.0176601	121.492	0.802926	0
13.4713	0.0179265	122.967	0.794001	0
13.4569	0.0176261	120.084	0.793314	0
13.4886	0.0179345	120.754	0.787822	0
13.5303	0.0175952	122.883	0.797434	0
13.5168	0.0177645	120.302	0.785419	0
13.5146	0.0176388	121.157	0.786106	0
13.5169	0.0183193	120.05	0.784046	0
13.5006	0.0182699	120.352	0.799493	0
13.5079	0.017751	120.168	0.80018	0
13.5133	0.0169891	121.509	0.803269	0
13.4795	0.0182902	120.604	0.819403	0
13.4551	0.0178423	120.352	0.750061	0
13.4802	0.0180096	121.928	0.765852	0
13.5199	0.0175497	119.883	0.786449	0
13.5122	0.0177822	121.945	0.795031	0
13.5026	0.0178646	120.989	0.789882	0
13.5115	0.017657	118.676	0.794344	0
13.4833	0.0178237	122.213	0.78027	0
13.4745	0.0179824	120.939	0.785419	0
13.5124	0.0179442	120.821	0.789195	0
13.5121	0.0179447	120.067	0.777524	0
13.4948	0.0180621	120.151	0.792285	0
13.5162	0.0179454	120.889	0.79915	0
13.5324	0.0180515	121.157	0.788165	0
13.5199	0.0178933	121.76	0.792628	0
13.4752	0.0177082	121.375	0.789882	0
13.4785	0.0179598	120.453	0.807045	0
13.53	0.017458	121.559	0.785419	0
13.5261	0.0181525	121.676	0.781643	0
13.5012	0.018405	121.241	0.790225	0
13.5107	0.0180633	119.497	0.786449	0
13.5054	0.017459	120.905	0.803269	0
13.4881	0.0179275	120.319	0.806702	0
13.4961	0.0177089	121.425	0.803956	0
13.5187	0.0177353	121.593	0.801553	0
13.5197	0.0178094	119.464	0.803269	0
13.4975	0.0174833	121.19	0.784732	0
13.497	0.0181061	121.375	0.792971	0
13.4939	0.0176916	120.503	0.801896	0
13.4912	0.0176587	120.402	0.790225	0
13.4944	0.0175153	120.57	0.785419	0
13.4919	0.0174184	121.811	0.808419	0
13.5072	0.0180716	121.76	0.804986	0
13.5266	0.0176747	121.09	0.785419	0
13.5178	0.0182333	120.57	0.794344	0
13.5099	0.0178425	122.112	0.79812	0
13.5163	0.0182509	119.95	0.813224	0
13.4906	0.0174326	121.241	0.796061	0
13.4781	0.0180475	120.922	0.786106	0
13.5021	0.0178798	121.593	0.789882	0
13.5008	0.0174076	120.268	0.77615	0
13.471	0.0175209	120.604	0.792285	0
13.4796	0.0176111	120.553	0.810821	0
13.4918	0.0177138	120.855	0.788852	0
13.4672	0.0176749	122.012	0.80121	0
13.4743	0.0176495	121.475	0.779927	0
13.5215	0.0181482	122.464	0.802583	0
13.5171	0.0175279	119.279	0.786792	0
13.5073	0.0176635	121.308	0.781986	0
13.5229	0.0181636	120.972	0.785076	0
13.4824	0.0180327	121.039	0.790911	0
13.4734	0.0180346	120.218	0.787822	0
13.5126	0.0174319	120.821	0.821463	0
13.4923	0.0175759	120.536	0.770658	0
13.4579	0.0175961	121.71	0.801553	0
13.4811	0.0176855	122.263	0.79812	0
13.4913	0.017814	121.777	0.801896	0
13.4689	0.0176513	120.872	0.806702	0
13.4715	0.0179742	122.246	0.77924	0
13.479	0.0179313	121.811	0.80121	0
13.4782	0.018121	121.978	0.77924	0
13.5032	0.0175787	122.682	0.790568	0
13.5349	0.0178583	121.106	0.790225	0
13.5222	0.0178906	121.442	0.775464	0
13.4852	0.0181119	120.101	0.800866	0
13.4817	0.0179593	121.09	0.802583	0
13.4898	0.0178365	121.14	0.771345	0
13.474	0.0178243	121.006	0.797434	0
13.4749	0.0176835	120.721	0.818717	0
13.4903	0.0179415	121.894	0.822493	0
13.502	0.0180267	122.096	0.79915	0
13.4957	0.017922	121.039	0.794344	0
13.4951	0.0176046	120.168	0.779927	0
13.4749	0.0181496	121.056	0.799837	0
13.4584	0.0176305	120.486	0.806702	0
13.4895	0.0178796	122.196	0.791255	0
13.5091	0.018002	121.727	0.774091	0
13.488	0.0180348	121.676	0.803269	0
13.471	0.0179351	120.57	0.786449	0
13.4858	0.0175517	121.961	0.775807	0
13.5147	0.0177286	122.163	0.776494	0
13.5193	0.0177064	119.849	0.80224	0
13.4989	0.0175869	121.676	0.781986	0
13.4978	0.0182466	120.754	0.785076	0
13.5009	0.0181946	122.867	0.800523	0
13.4801	0.0181104	120.805	0.7813	0
13.4675	0.0182066	120.671	0.798464	0
13.4861	0.018001	121.425	0.794344	0
13.4714	0.0175842	121.274	0.795374	0
13.4395	0.0179252	120.553	0.782673	0
13.4417	0.0177565	120.386	0.769628	0
13.4564	0.0184369	121.693	0.806359	0
13.4617	0.0176497	121.224	0.77821	0
13.448	0.0183445	120.503	0.799493	0
13.4649	0.0180934	120.386	0.766882	0
13.5046	0.0173099	119.698	0.785762	0
13.495	0.0180762	121.995	0.786449	0
13.4903	0.0177875	121.576	0.775121	0
13.4953	0.0174357	122.213	0.799493	0
13.4642	0.0178653	121.811	0.793314	0
13.4753	0.0178611	121.475	0.789882	0
13.5219	0.0176121	122.364	0.790911	0
13.515	0.0180566	121.593	0.779583	0
13.4953	0.0180481	121.391	0.808419	0
13.4701	0.0180728	120.084	0.785076	0
13.4545	0.0178999	120.302	0.786449	0
13.4864	0.0180194	121.559	0.782673	0
13.4928	0.0177876	122.649	0.779927	0
13.4675	0.0177031	121.861	0.786792	0
13.5057	0.0177241	121.945	0.796747	0
13.5255	0.0179542	118.659	0.797777	0
13.466	0.0177385	121.375	0.788852	0
13.4624	0.0176426	120.838	0.801896	0
13.5047	0.017278	120.922	0.788508	0
13.4742	0.0176437	120.469	0.783016	0
13.4637	0.0176468	120	0.790568	0
13.5081	0.0176996	120.268	0.799837	0
13.5029	0.0175483	121.241	0.799837	0
13.4993	0.0181589	123.085	0.813224	0
13.5214	0.0175784	121.039	0.79709	0
13.4943	0.0178413	121.123	0.764822	0
13.4543	0.0178105	121.442	0.782329	0
13.4551	0.0173765	121.492	0.792285	0
13.4947	0.0174093	120.956	0.776494	0
13.4945	0.0181209	120.704	0.772718	0
13.4584	0.0175739	120.654	0.791255	0
13.474	0.0178767	121.475	0.817344	0
13.4897	0.0179635	121.408	0.809792	0
13.4637	0.0176075	122.565	0.800523	0
13.4836	0.0176875	120.168	0.782673	0
13.5063	0.0180681	122.883	0.785419	0
13.4912	0.0182653	119.983	0.794001	0
13.4835	0.0180721	121.727	0.814598	0
13.4916	0.0182531	120.721	0.775464	0
13.4954	0.0179815	121.408	0.792628	0
13.5107	0.0180046	120.972	0.810821	0
13.5083	0.017831	120.453	0.787135	0
13.5108	0.0181761	120.805	0.783703	0
13.5137	0.0179124	121.341	0.798464	0
13.49	0.0174916	119.749	0.767569	0
13.4788	0.0179737	121.777	0.778897	0
13.484	0.0177332	121.425	0.809105	0
13.486	0.0174835	119.598	0.783703	0
13.4555	0.0177706	122.096	0.800523	0
13.4565	0.0177028	123.018	0.792285	0
13.4904	0.0179498	121.928	0.778553	0
13.4664	0.0179377	121.257	0.777524	0
13.4466	0.0180301	120.151	0.774777	0
13.458	0.0175751	121.324	0.786449	0
13.4627	0.0174232	120.369	0.785762	0
13.4889	0.0175646	119.95	0.788165	0
13.488	0.0177255	121.006	0.779583	0
13.4466	0.0176213	121.66	0.789195	0
13.4407	0.0174678	121.408	0.786449	0
13.4806	0.0179031	120.788	0.782673	0
13.4943	0.0176259	122.23	0.790568	0
13.5051	0.0179109	120.52	0.777867	0
13.4923	0.0175817	122.246	0.788852	0
13.476	0.0176229	121.039	0.785762	0
13.494	0.017804	119.665	0.773748	0
13.51	0.0177278	120.151	0.79812	0
13.4788	0.0184191	120.922	0.792285	0
13.4622	0.0177922	121.76	0.776837	0
13.4735	0.0174006	120.302	0.772031	0
13.4803	0.018171	121.207	0.786106	0
13.5006	0.0174926	121.676	0.808762	0
13.4948	0.0177681	122.079	0.807732	0
13.4956	0.0179005	120.805	0.781986	0
13.4894	0.0178689	120.788	0.775121	0
13.4686	0.0175229	121.006	0.804986	0
13.4731	0.017586	121.928	0.809792	0
13.4981	0.0175178	122.129	0.795031	0
13.5114	0.0182088	122.23	0.815971	0
13.4968	0.0179986	121.224	0.810821	0
13.4782	0.0184191	121.073	0.783359	0
13.4844	0.0177961	119.866	0.818374	0
13.4619	0.0175891	120.771	0.790911	0
13.435	0.0174055	121.861	0.768598	0
13.4726	0.01752	121.643	0.781986	0
13.4904	0.0178224	121.995	0.790911	0
13.4573	0.0181174	120.285	0.789538	0
13.4566	0.0178019	120.184	0.772718	0
13.4985	0.0179838	120.57	0.779927	0
13.5014	0.0177991	121.995	0.803269	0
13.4854	0.0181203	121.174	0.787479	0
13.498	0.0179488	120.201	0.794344	0
13.4909	0.0179342	120.184	0.786106	0
13.4717	0.0178126	121.19	0.785076	0
13.4671	0.0181309	121.744	0.813224	0
13.4741	0.0176976	121.291	0.791255	0
13.4816	0.0172379	119.765	0.784389	0
13.489	0.0180297	122.129	0.788165	0
13.4947	0.0180257	121.19	0.798464	0
13.4731	0.0178255	120.637	0.788852	0
13.4808	0.017905	121.76	0.790911	0
13.5084	0.0178986	121.257	0.79709	0
13.4887	0.0178651	120	0.788165	0
13.4854	0.0181789	121.157	0.780956	0
13.4747	0.0175745	120.637	0.795717	0
13.4626	0.0177219	121.408	0.792285	0
13.4961	0.0181228	121.241	0.774777	0
13.5023	0.0175774	121.073	0.816314	0
13.4831	0.0182283	121.442	0.793314	0
13.4761	0.0177403	121.375	0.779927	0
13.4593	0.0178449	121.157	0.80224	0
13.4649	0.0175724	121.609	0.783359	0
13.4893	0.0178629	120.369	0.769628	0
13.4758	0.0174994	122.23	0.785762	0
13.4861	0.017885	121.492	0.772718	0
13.4729	0.017725	120.134	0.803956	0
13.4219	0.0175463	122.397	0.80224	0
13.4856	0.017393	120.453	0.795031	0
13.519	0.0178846	120.738	0.788852	0
13.4631	0.0179858	121.878	0.77924	0
13.4512	0.0176915	121.626	0.790568	0
13.4385	0.0179014	119.933	0.778897	0
13.4399	0.0180394	121.324	0.807389	0
13.4684	0.0178908	122.062	0.800523	0
13.4697	0.0179203	120.956	0.782673	0
13.4398	0.0174977	120.604	0.803613	0
13.4378	0.0175777	120.872	0.776837	0
13.4804	0.0178788	120.721	0.790911	0
13.4678	0.0179021	122.012	0.787135	0
13.4616	0.0178103	121.14	0.793314	0
13.4964	0.0179271	120.184	0.789195	0
13.4724	0.0179551	119.832	0.785419	0
13.444	0.017573	122.33	0.785419	0
13.4804	0.0177822	119.179	0.790568	0
13.4991	0.0175114	121.878	0.789882	0
13.49	0.0178791	120.52	0.791598	0
13.4708	0.017355	121.341	0.774777	0
13.4704	0.0176559	121.542	0.789195	0
13.4804	0.0175451	119.447	0.806702	0
13.4725	0.0179011	121.492	0.822493	0
13.4658	0.0178686	121.576	0.811165	0
13.4852	0.0180179	121.593	0.786449	0
13.4813	0.0180336	122.146	0.80018	0
13.4733	0.0176399	121.811	0.770315	0
13.4996	0.0181193	120.285	0.794687	0
13.4764	0.0176063	120.453	0.771001	0
13.4616	0.0178144	121.593	0.789882	0
13.4949	0.0180774	121.09	0.786792	0
13.4835	0.0175623	120.218	0.766539	0
13.4933	0.0180432	121.375	0.796404	0
13.4929	0.0180505	122.179	0.803956	0
13.4694	0.0174348	120.453	0.793314	0
13.486	0.0180177	121.626	0.788852	0
13.4875	0.0175929	119.933	0.80121	0
13.4582	0.0177402	121.626	0.769971	0
13.4618	0.017723	121.09	0.789882	0
13.4876	0.0181387	121.375	0.810135	0
13.4762	0.0182242	121.861	0.805329	0
13.4572	0.0183632	120.805	0.788508	0
13.468	0.0182694	121.727	0.800866	0
13.4711	0.0183168	121.09	0.782673	0
13.4575	0.0183077	120.821	0.787135	0
13.4545	0.0179429	119.715	0.797434	0
13.4651	0.0179855	120.821	0.798807	0
13.4809	0.0179847	120.905	0.780956	0
13.467	0.0177976	121.442	0.795374	0
13.4526	0.0177562	120.57	0.763792	0
13.456	0.0178514	119.916	0.79812	0
13.4455	0.0176727	121.123	0.786106	0
13.4495	0.017929	119.799	0.781986	0
13.4634	0.0178311	121.123	0.791598	0
13.4703	0.0179365	121.257	0.78027	0
13.4758	0.0182281	120.084	0.772031	0
13.4813	0.0179937	121.442	0.802926	0
13.4821	0.0185462	119.849	0.787479	0
13.4704	0.0180964	122.112	0.786106	0
13.4842	0.0177687	121.09	0.777867	0
13.5069	0.0179072	121.408	0.807732	0
13.4751	0.0177885	121.257	0.787822	0
13.4381	0.0175194	119.162	0.80224	0
13.4662	0.0177461	121.676	0.807045	0
13.4865	0.0177088	120.62	0.797777	0
13.4782	0.0176581	121.475	0.802926	0
13.5024	0.0180722	121.71	0.775464	0
13.5119	0.0177918	121.224	0.780956	0
13.49	0.0181075	119.715	0.803269	0
13.4867	0.0177756	120.989	0.794344	0
13.4725	0.0177917	119.547	0.809448	0
13.4635	0.0178186	120.503	0.813911	0
13.4632	0.0174045	121.056	0.787479	0
13.4627	0.0174567	121.106	0.778553	0
13.4562	0.017672	120.453	0.784732	0
13.4458	0.0178956	121.391	0.786449	0
13.4657	0.017852	120.838	0.80224	0
13.4946	0.0175633	120.771	0.792285	0
13.4819	0.0178329	121.039	0.770315	0
13.4635	0.0176823	122.028	0.802583	0
13.4533	0.0183166	120.52	0.789882	0
13.4557	0.0178755	121.073	0.795374	0
13.4909	0.0182409	121.576	0.792971	0
13.5018	0.018015	120.905	0.793314	0
13.4751	0.0174575	122.012	0.7813	0
13.4775	0.0174862	121.157	0.790568	0
13.4832	0.0177236	120.956	0.793314	0
13.4917	0.0175691	121.609	0.796404	0
13.5058	0.0175339	120.218	0.771345	0
13.4861	0.0179897	121.945	0.77821	0
13.4571	0.0179673	120.721	0.802583	0
13.4536	0.0176139	120.972	0.795717	0
13.4481	0.0175688	121.375	0.784389	0
13.4488	0.0171299	121.056	0.786106	0
13.4668	0.0177994	121.375	0.790225	0
13.4738	0.0173592	121.861	0.790225	0
13.4716	0.0174313	120.805	0.790225	0
13.4758	0.0178834	120.788	0.783359	0
13.452	0.0179199	120.788	0.77615	0
13.4288	0.0177653	121.643	0.793314	0
13.4518	0.0179499	121.257	0.763106	0
13.4821	0.0176336	119.497	0.765852	0
13.4842	0.0177559	120.536	0.795374	0
13.4625	0.0176671	121.358	0.785076	0
13.4729	0.0181753	120.235	0.789882	0
13.4838	0.018013	120.872	0.787479	0
13.4823	0.0179772	121.71	0.77718	0
13.4763	0.0176877	120.084	0.772718	0
13.4655	0.0178129	121.593	0.797434	0
13.4536	0.0178716	121.291	0.791941	0
13.459	0.0176915	121.911	0.786449	0
13.464	0.017627	121.324	0.785076	0
13.4571	0.0175324	121.006	0.808075	0
13.4655	0.0176783	120.721	0.786106	0
13.4727	0.0179404	120.654	0.791941	0
13.4848	0.0180145	120.268	0.796747	0
13.4936	0.0181705	120.972	0.783359	0
13.4694	0.0180716	118.793	0.790225	0
13.4902	0.018209	121.626	0.788165	0
13.5024	0.0181783	121.609	0.785762	0
13.4691	0.0177486	120.503	0.800523	0
13.4308	0.0176294	121.459	0.776837	0
13.425	0.0178827	121.09	0.788508	0
13.4551	0.0174871	120.117	0.794344	0
13.4553	0.0179126	120.939	0.80224	0
13.4822	0.0180074	121.777	0.802583	0
13.4763	0.0182586	121.928	0.798464	0
13.4433	0.0179155	119.933	0.790568	0
13.4632	0.0173056	120.335	0.787822	0
13.4862	0.0178821	121.291	0.789195	0
13.457	0.0177793	120.151	0.790225	0
13.4063	0.0177959	120.939	0.79915	0
13.4529	0.0182313	122.062	0.79915	0
13.5031	0.0179063	120.52	0.795717	0
13.4658	0.0172081	122.783	0.794344	0
13.4557	0.0174494	121.727	0.783359	0
13.4792	0.0175072	120.503	0.804643	0
13.4586	0.017444	120.721	0.807389	0
13.4407	0.0174628	120.956	0.797777	0
13.4617	0.0174471	121.509	0.777524	0
13.4864	0.0176765	121.073	0.815627	0
13.481	0.0175345	121.777	0.807389	0
13.4843	0.0180258	119.681	0.77718	0
13.4741	0.0179299	120.235	0.784732	0
13.4269	0.0180611	121.341	0.782673	0
13.4404	0.0181362	119.95	0.799493	0
13.4823	0.0174613	121.358	0.793314	0
13.4885	0.0180574	120.939	0.782673	0
13.4882	0.0179437	119.95	0.776494	0
13.4697	0.0180507	120.285	0.796404	0
13.4589	0.0178776	120.939	0.789538	0
13.4613	0.0180839	120.369	0.80018	0
13.462	0.0180968	121.777	0.778553	0
13.4799	0.0179719	122.28	0.77924	0
13.4747	0.0178556	123.152	0.783016	0
13.4669	0.0178561	121.274	0.785076	0
13.4915	0.0179852	119.531	0.787135	0
13.4897	0.0178907	122.045	0.794687	0
13.4639	0.0173132	122.213	0.799837	0
13.4578	0.0175732	121.71	0.792285	0
13.4668	0.0176471	121.861	0.767912	0
13.4711	0.0178504	119.715	0.803613	0
13.4548	0.0180384	121.358	0.79709	0
13.4425	0.0178434	120.855	0.781643	0
13.4785	0.0178196	122.096	0.80018	0
13.4849	0.0179238	120.637	0.804299	0
13.4414	0.0180077	119.966	0.787135	0
13.4284	0.0177714	121.056	0.803613	0
13.479	0.0176704	120.637	0.77924	0
13.4957	0.0176652	121.811	0.809792	0
13.4625	0.0177439	121.878	0.778553	0
13.4818	0.0177194	122.028	0.779583	0
13.4871	0.0175926	121.945	0.807732	0
13.4786	0.0181994	122.381	0.813224	0
13.5122	0.0176743	121.727	0.792971	0
13.4864	0.0173705	120.335	0.766882	0
13.4394	0.0178984	121.291	0.786449	0
13.4419	0.0176617	119.598	0.792628	0
13.442	0.0176887	120.168	0.802926	0
13.4522	0.0176631	121.509	0.79709	0
13.478	0.018214	121.794	0.804299	0
13.4686	0.0178997	122.313	0.796747	0
13.4468	0.0181874	121.526	0.781643	0
13.4809	0.0174021	121.744	0.786792	0
13.4928	0.0178527	120.788	0.802926	0
13.4643	0.0181903	121.073	0.801896	0
13.4545	0.0173013	120.536	0.779927	0
13.4702	0.0178376	120.754	0.790911	0
13.4796	0.017365	118.961	0.804643	0
13.4708	0.017848	120.419	0.789195	0
13.4784	0.0177117	122.33	0.775464	0
13.4879	0.0174434	121.995	0.788165	0
13.4923	0.0179288	120.319	0.808762	0
13.4669	0.0180752	120.084	0.801553	0
13.4408	0.0178196	121.073	0.789538	0
13.4372	0.0179324	121.559	0.796061	0
13.4494	0.0174148	121.727	0.778897	0
13.4955	0.0173483	121.576	0.774091	0
13.5093	0.0175784	121.509	0.789538	0
13.4792	0.0178563	120.704	0.798464	0
13.4956	0.0176743	121.274	0.815284	0
13.4984	0.0176746	121.894	0.793658	0
13.4721	0.0173771	121.073	0.79709	0
13.4676	0.017545	120.235	0.772718	0
13.4422	0.0178235	119.413	0.808762	0
13.4434	0.0175932	121.492	0.780613	0
13.4961	0.0176079	121.978	0.813224	0
13.4737	0.0175127	121.157	0.773404	0
13.4478	0.0173215	122.263	0.781986	0
13.4962	0.0174347	121.643	0.782673	0
13.4935	0.0177614	121.039	0.792285	0
13.4661	0.0177744	119.581	0.803613	0
13.4656	0.0174967	120.889	0.790568	0
13.4686	0.0173406	121.14	0.805329	0
13.4778	0.0174016	120.017	0.789195	0
13.4805	0.0179339	120.956	0.781643	0
13.4523	0.0178673	121.341	0.792971	0
13.446	0.0177606	120.553	0.796747	0
13.4828	0.0179958	122.531	0.802583	0
13.476	0.0172559	120.687	0.789195	0
13.4421	0.0178824	120.788	0.780956	0
13.461	0.0174799	120.604	0.803613	0
13.4702	0.0180848	121.056	0.77615	0
13.4559	0.0177778	120.352	0.80121	0
13.4919	0.0181723	120.654	0.789538	0
13.4869	0.0176709	119.816	0.786106	0
13.4294	0.0176756	120.268	0.778897	0
13.4761	0.0181262	120.386	0.772718	0
13.5145	0.0180865	121.14	0.795717	0
13.4559	0.0177166	119.849	0.797777	0
13.4398	0.0173359	121.123	0.784046	0
13.4519	0.0177205	121.375	0.770315	0
13.4566	0.0175014	121.207	0.795717	0
13.4799	0.0179432	120.905	0.796404	0
13.4773	0.0177454	120.386	0.786792	0
13.4667	0.0178066	122.213	0.811851	0
13.4779	0.0183621	120.235	0.803613	0
13.4945	0.0177562	121.727	0.804643	0
13.4915	0.0176724	120.302	0.794001	0
13.4757	0.0175703	122.582	0.776837	0
13.4911	0.0173097	120.989	0.795717	0
13.4843	0.0175749	122.079	0.810478	0
13.4743	0.018196	120.553	0.796404	0
13.4838	0.0179493	120.268	0.773404	0
13.4723	0.0180554	120.905	0.779927	0
13.4563	0.0177954	122.766	0.786449	0
13.4472	0.0179213	121.593	0.807732	0
13.4576	0.0177383	121.308	0.785076	0
13.4803	0.0177598	120.805	0.777524	0
13.4574	0.0174783	122.179	0.809448	0
13.46	0.0175434	121.559	0.787822	0
13.4766	0.0179252	119.329	0.782673	0
13.4675	0.0180792	122.448	0.80018	0
13.4882	0.0178081	121.609	0.795031	0
13.5009	0.0174596	120.905	0.801553	0
13.4971	0.0175628	121.106	0.802926	0
13.4988	0.0176022	121.894	0.802583	0
13.475	0.0177068	121.408	0.790568	0
13.4805	0.0178965	120.436	0.787822	0
13.5137	0.0177129	120.62	0.790568	0
13.4932	0.0181145	120.587	0.810135	0
13.4791	0.0179657	120.671	0.7813	0
13.4709	0.0182753	120.218	0.804299	0
13.4444	0.0177277	121.794	0.798464	0
13.4707	0.0179966	121.324	0.788852	0
13.4747	0.0180471	121.09	0.783359	0
13.4593	0.01736	120.721	0.79709	0
13.4746	0.0175915	120.369	0.789538	0
13.4722	0.0174929	120.687	0.800523	0
13.4742	0.0175717	121.928	0.793658	0
13.4746	0.0177072	120.704	0.79812	0
13.4375	0.0175307	120.335	0.792628	0
13.4547	0.0174691	122.313	0.783703	0
13.4881	0.0180609	119.464	0.769628	0
13.4753	0.0175501	120.486	0.808419	0
13.467	0.0179843	120.889	0.800866	0
13.4703	0.018028	120.201	0.786449	0
13.4739	0.0179831	121.324	0.793314	0
13.4769	0.0178652	120.872	0.795031	0
13.5032	0.0181848	122.33	0.794687	0
13.5008	0.0181702	121.291	0.777524	0
13.4596	0.0181262	120.805	0.778897	0
13.4694	0.0179951	121.174	0.789195	0
13.4862	0.017771	121.961	0.787135	0
13.4591	0.0174491	119.665	0.785762	0
13.4274	0.0183778	121.157	0.787822	0
13.442	0.0174456	122.146	0.797434	0
13.4754	0.0176261	120.251	0.774434	0
13.4651	0.0173597	122.85	0.783703	0
13.4629	0.0173397	120.386	0.785076	0
13.4851	0.0176016	121.978	0.791941	0
13.4841	0.017628	120.469	0.791941	0
13.4762	0.0177033	120.989	0.795031	0
13.4648	0.0183189	121.71	0.789195	0
13.4662	0.0181443	121.676	0.790225	0
13.4805	0.0180953	121.643	0.790911	0
13.472	0.0177967	121.056	0.77615	0
13.48	0.0176572	120.268	0.77718	0
13.4795	0.0178656	121.106	0.786106	0
13.4512	0.0178499	121.14	0.79915	0
13.4743	0.0179957	120.335	0.80224	0
13.4898	0.0176147	120.587	0.786792	0
13.473	0.0180705	121.475	0.803956	0
13.4664	0.0180037	121.928	0.795374	0
13.455	0.0177271	120.52	0.777867	0
13.4471	0.0176991	121.945	0.779583	0
13.4406	0.0173352	122.263	0.789882	0
13.4452	0.0178322	120.637	0.798807	0
13.4648	0.0178471	123.051	0.799837	0
13.4601	0.0183322	120.419	0.785762	0
13.4523	0.0178476	121.744	0.781986	0
13.4834	0.0179599	121.006	0.789538	0
13.491	0.0171984	121.844	0.796404	0
13.4588	0.0178999	122.213	0.810478	0
13.4529	0.0173723	120.268	0.783016	0
13.4637	0.0178265	120.352	0.779583	0
13.4585	0.0178524	121.257	0.792971	0
13.4521	0.0177936	120.469	0.790225	0
13.4633	0.0178938	121.744	0.796747	0
13.4952	0.0178125	121.593	0.796747	0
13.5009	0.0176061	120.117	0.77615	0
13.4803	0.0177637	121.324	0.771001	0
13.4616	0.0176854	120.453	0.769628	0
13.4678	0.0176807	121.609	0.822493	0
13.4631	0.0179184	120.285	0.795031	0
13.4391	0.0178582	121.71	0.777524	0
13.4606	0.0175077	120.251	0.787822	0
13.4757	0.0173015	121.961	0.806702	0
13.4572	0.0175842	120.369	0.791255	0
13.4536	0.0181289	121.643	0.811508	0
13.449	0.0177492	120.369	0.79812	0
13.4453	0.017438	121.643	0.794687	0
13.4522	0.0176046	119.765	0.787822	0
13.445	0.0174171	121.006	0.788508	0
13.4577	0.0177579	120.352	0.811851	0
13.4931	0.0176175	119.564	0.791941	0
13.4922	0.017703	120.319	0.786792	0
13.4722	0.0179328	120.386	0.778553	0
13.4634	0.017467	121.526	0.781986	0
13.453	0.0170613	122.196	0.790568	0
13.4748	0.0177597	120.587	0.796061	0
13.4759	0.0184166	123.051	0.785076	0
13.4602	0.0179771	120.486	0.780613	0
13.4835	0.0175142	121.509	0.807045	0
13.4794	0.0176296	119.547	0.794001	0
13.45	0.0181783	122.364	0.794687	0
13.4832	0.0177903	120.402	0.804986	0
13.4869	0.01824	120.302	0.792285	0
13.4383	0.0179891	121.207	0.787822	0
13.4654	0.0185133	121.643	0.808075	0
13.4972	0.017925	120.738	0.790225	0
13.464	0.0176754	119.212	0.783016	0
13.4567	0.0180064	120.671	0.796061	0
13.4586	0.0178528	121.76	0.777524	0
13.4576	0.0175664	121.106	0.787135	0
13.4773	0.0176313	121.727	0.817687	0
13.4479	0.0180517	120.57	0.790911	0
13.4335	0.0173555	122.297	0.780956	0
13.4565	0.0179577	120.838	0.796747	0
13.4153	0.0175938	121.056	0.782329	0
13.4269	0.01702	121.425	0.797434	0
13.4641	0.0179441	120.168	0.794344	0
13.4495	0.0180783	121.106	0.773404	0
13.4665	0.0179805	120.084	0.798464	0
13.4869	0.0177378	120.855	0.786449	0
13.4945	0.0180157	122.146	0.778897	0
13.5034	0.0176461	119.983	0.786792	0
13.4753	0.0173007	120.956	0.796061	0
13.4405	0.0175673	120.855	0.780956	0
13.4449	0.0179555	119.816	0.788165	0
13.4622	0.0179052	121.157	0.795717	0
13.4563	0.017668	121.811	0.770658	0
13.423	0.0176341	120.352	0.779927	0
13.4296	0.0175121	120.268	0.778897	0
13.4621	0.0175727	122.096	0.776494	0
13.4614	0.0174698	120.754	0.788165	0
13.4709	0.0174407	121.039	0.781643	0
13.494	0.0179697	120.402	0.785762	0
13.4605	0.017857	120.704	0.774777	0
13.4558	0.0186019	120.285	0.79915	0
13.4533	0.0184785	122.28	0.800866	0
13.4322	0.0177491	121.358	0.80121	0
13.4508	0.0180319	121.291	0.776837	0
13.4602	0.0178368	120.838	0.803956	0
13.4421	0.0179923	119.933	0.804643	0
13.454	0.0175165	120.553	0.784046	0
13.4647	0.0175907	120.436	0.790911	0
13.4472	0.0181262	122.448	0.768598	0
13.4534	0.0179164	120.956	0.783359	0
13.4651	0.017733	121.559	0.787135	0
13.4756	0.0181378	121.626	0.79915	0
13.48	0.0175677	120.486	0.782673	0
13.4818	0.0177274	120.285	0.797777	0
13.4655	0.01808	120.972	0.762419	0
13.4504	0.0179849	121.056	0.794344	0
13.4708	0.0177706	122.028	0.790911	0
13.5006	0.0179259	122.045	0.802926	0
13.4832	0.0182317	120.654	0.778553	0
13.4491	0.0182783	120.536	0.793314	0
13.4657	0.0174975	120.168	0.776494	0
13.4835	0.0178215	120.184	0.778897	0
13.4709	0.0178367	120.989	0.80121	0
13.4572	0.0174837	120.117	0.811508	0
13.4536	0.0179853	121.106	0.793658	0
13.469	0.0177762	119.933	0.803956	0
13.483	0.0180009	121.542	0.801553	0
13.4746	0.0176936	121.207	0.780613	0
13.4933	0.0177768	120.168	0.790568	0
13.4838	0.0173727	120.285	0.79812	0
13.4342	0.0176422	122.313	0.794344	0
13.4486	0.0177903	120.654	0.77718	0
13.4894	0.0180659	120.201	0.778553	0
13.4829	0.0185059	121.341	0.796404	0
13.4525	0.0176217	121.09	0.784389	0
13.462	0.0182455	120.62	0.799493	0
13.4741	0.0176122	121.693	0.794001	0
13.4683	0.0177227	120.604	0.782673	0
13.4621	0.0173589	119.665	0.794001	0
13.4582	0.0177467	121.09	0.794687	0
13.4866	0.0178593	121.961	0.77924	0
13.4973	0.0176282	122.733	0.790911	0
13.4721	0.0178049	120.486	0.813568	0
13.4311	0.0176071	121.475	0.790568	0
13.4566	0.0180352	121.425	0.786449	0
13.49	0.0176887	120.922	0.788852	0
13.4617	0.0180939	121.073	0.811851	0
13.4411	0.0177776	119.749	0.783016	0
13.4499	0.01802	120.62	0.783016	0
13.4755	0.0176234	120.453	0.790911	0
13.4936	0.0177169	120.738	0.782329	0
13.4651	0.0177769	122.381	0.794344	0
13.4419	0.0179142	119.447	0.795031	0
13.4378	0.0181113	121.559	0.783016	0
13.4702	0.0178167	121.14	0.789538	0
13.4842	0.0175131	120.134	0.767912	0
13.4661	0.017562	120.654	0.805672	0
13.4906	0.0178788	120.57	0.777867	0
13.5001	0.0178728	120.469	0.795717	0
13.4599	0.0178379	122.33	0.779927	0
13.437	0.0180087	122.146	0.798464	0
13.4536	0.0176163	121.09	0.789882	0
13.4846	0.0179037	121.14	0.800523	0
13.4551	0.0177112	120.989	0.814941	0
13.4289	0.0177881	122.582	0.796404	0
13.4672	0.0174901	121.894	0.812881	0
13.4564	0.0178102	120.235	0.792971	0
13.4497	0.0181574	122.733	0.801896	0
13.4744	0.017685	119.933	0.786792	0
13.4675	0.0174772	121.676	0.788165	0
13.4648	0.0173629	121.391	0.809448	0
13.474	0.0173323	119.816	0.790911	0
13.4722	0.0180193	120.402	0.764479	0
13.4511	0.017959	121.023	0.777867	0
13.4438	0.017836	118.659	0.805672	0
13.4641	0.0176084	121.308	0.803956	0
13.4895	0.017665	120.704	0.787135	0
13.4738	0.0179919	120.101	0.805329	0
13.4775	0.0179866	121.039	0.791941	0
13.492	0.0179239	121.291	0.789538	0
13.4613	0.0179085	119.933	0.794687	0
13.4449	0.0180061	120.553	0.795374	0
13.4707	0.0176915	120.805	0.803269	0
13.4679	0.0179089	120.637	0.788508	0
13.4422	0.0183001	120.52	0.765166	0
13.439	0.0181515	122.867	0.798464	0
13.4561	0.0179714	119.43	0.796061	0
13.4649	0.0179557	121.995	0.796404	0
13.4834	0.0183192	121.324	0.812538	0
13.4927	0.0175077	119.95	0.79709	0
13.4696	0.0177031	121.878	0.773748	0
13.4481	0.0176467	121.945	0.785762	0
13.445	0.0177757	122.28	0.79709	0
13.4555	0.0179422	120.905	0.804299	0
13.4597	0.0180969	120.637	0.795374	0
13.4712	0.0175595	119.665	0.771345	0
13.4936	0.0176138	121.375	0.812195	0
13.4731	0.0175146	119.262	0.795374	0
13.4505	0.0179447	120.922	0.792285	0
13.4839	0.0179608	120.905	0.787822	0
13.4888	0.0176378	120.536	0.789882	0
13.4593	0.0176486	120.721	0.801896	0
13.4612	0.0178246	121.509	0.777524	0
13.4521	0.017693	121.324	0.769285	0
13.4239	0.0174797	121.408	0.796404	0
13.4513	0.0180379	121.794	0.791598	0
13.5025	0.0176058	121.811	0.775121	0
13.492	0.0177152	120.838	0.772374	0
13.4414	0.0181679	122.129	0.789538	0
13.4382	0.0179451	120.738	0.808419	0
13.4652	0.0179047	122.481	0.794344	0
13.4667	0.0182633	122.045	0.816314	0
13.4451	0.0179206	121.241	0.808419	0
13.4519	0.0183382	121.106	0.794344	0
13.4837	0.018297	120.922	0.788852	0
13.4457	0.0176673	121.995	0.78027	0
13.4268	0.0178176	120.57	0.80018	0
13.4593	0.0175049	121.911	0.77821	0
13.461	0.0174602	121.241	0.77821	0
13.4694	0.017594	120.771	0.804299	0
13.4736	0.017744	121.039	0.795374	0
13.4838	0.0177444	120.821	0.786792	0
13.5008	0.0181455	120.352	0.78027	0
13.467	0.017886	121.157	0.789882	0
13.4411	0.0181114	121.576	0.780956	0
13.4607	0.0176511	120.922	0.795717	0
13.4666	0.0176574	120	0.792628	0
13.4625	0.0183416	120.168	0.781986	0
13.4698	0.0172893	120.721	0.807389	0
13.4593	0.0181751	120.704	0.782673	0
13.4608	0.0180658	120.101	0.786792	0
13.4789	0.01783	120.838	0.776494	0
13.4454	0.0177342	120.369	0.780613	0
13.4257	0.0178907	120.889	0.786106	0
13.4726	0.0178662	121.274	0.795374	0
13.4967	0.0177109	121.425	0.815971	0
13.4876	0.0176621	120.235	0.794001	0
13.4402	0.0173528	120.687	0.787822	0
13.4108	0.017891	121.006	0.792971	0
13.4347	0.0177148	121.174	0.793314	0
13.4586	0.0176507	120.386	0.793314	0
13.4777	0.017781	121.475	0.82112	0
13.4739	0.0176728	121.995	0.80121	0
13.4595	0.0175197	121.978	0.805672	0
13.468	0.0178427	120.587	0.784732	0
13.4748	0.0177725	120.57	0.794687	0
13.4668	0.0179792	120.536	0.810135	0
13.4509	0.0179855	121.291	0.797434	0
13.4646	0.0181305	121.207	0.808075	0
13.4843	0.0177862	121.358	0.788508	0
13.4803	0.0180386	118.793	0.793658	0
13.4747	0.0182999	121.76	0.792628	0
13.4504	0.0176085	121.09	0.778553	0
13.4134	0.0175353	121.241	0.77924	0
13.4427	0.0178338	120.905	0.776837	0
13.4651	0.0182348	118.474	0.77821	0
13.4465	0.0182703	121.106	0.762763	0
13.4705	0.0180152	120.419	0.797434	0
13.4856	0.0180335	121.324	0.791255	0
13.4931	0.0176625	120.201	0.770658	0
13.4824	0.0179229	121.073	0.792971	0
13.4605	0.0182514	121.123	0.782673	0
13.4834	0.0174787	121.14	0.802926	0
13.4954	0.0178819	118.994	0.803269	0
13.4745	0.0180935	120.838	0.76139	0
13.4648	0.0177086	119.832	0.781986	0
13.4486	0.0174476	119.179	0.787135	0
13.4367	0.0174009	121.023	0.807389	0
13.4592	0.0175188	122.8	0.780613	0
13.4643	0.0179559	119.782	0.789882	0
13.4438	0.0180987	120.469	0.785419	0
13.4689	0.0179849	122.397	0.772031	0
13.4876	0.0177752	119.413	0.786449	0
13.4515	0.0177557	119.43	0.784389	0
13.4647	0.0180646	120.453	0.792971	0
13.4992	0.0178587	120.738	0.789195	0
13.4832	0.0177558	119.497	0.782329	0
13.4714	0.0181769	120.386	0.786106	0
13.4668	0.0180274	120.419	0.774434	0
13.4492	0.0175679	121.76	0.783703	0
13.4512	0.0178498	120.436	0.818374	0
13.4543	0.0180719	120.821	0.782673	0
13.4493	0.0181382	120.587	0.783359	0
13.4496	0.0180908	121.274	0.790225	0
13.4588	0.0177181	120.201	0.77718	0
13.4681	0.0179363	121.593	0.799837	0
13.4592	0.0175215	121.391	0.804643	0
13.4357	0.0180815	120.956	0.804299	0
13.4564	0.0175091	121.006	0.78027	0
13.486	0.0177264	120.738	0.768255	0
13.4631	0.0177967	119.799	0.80018	0
13.4619	0.0178298	120.956	0.811851	0
13.4851	0.0176923	120.989	0.804643	0
13.4363	0.0179536	120.017	0.796404	0
13.402	0.0180792	120.184	0.789538	0
13.4516	0.0180206	120.604	0.804299	0
13.47	0.0170914	121.492	0.785762	0
13.4591	0.0181488	120.604	0.780613	0
13.4482	0.0181594	120.335	0.791941	0
13.4507	0.0175867	121.257	0.794001	0
13.4622	0.0176538	120.251	0.787822	0
13.4546	0.0174093	121.492	0.793314	0
13.4579	0.0174653	118.894	0.786792	0
13.4528	0.0175629	119.497	0.782329	0
13.4583	0.0177366	121.844	0.789195	0
13.4691	0.017691	120.57	0.787135	0
13.4359	0.0174071	120.754	0.796061	0
13.443	0.0174909	120.386	0.782673	0
13.4837	0.017692	121.106	0.797777	0
13.4809	0.0172187	121.408	0.776837	0
13.4569	0.0173565	120.017	0.786792	0
13.4539	0.0176401	122.096	0.795374	0
13.4829	0.0174256	120.922	0.805329	0
13.4682	0.0179546	120.889	0.790225	0
13.4441	0.0186445	121.073	0.790225	0
13.4688	0.0175392	121.576	0.784732	0
13.4921	0.017797	121.375	0.778897	0
13.4811	0.0179115	121.609	0.794001	0
13.4529	0.0177854	121.207	0.810135	0
13.4432	0.0182893	120.218	0.785076	0
13.4584	0.0179893	121.727	0.808419	0
13.4687	0.0178664	119.849	0.799493	0
13.4594	0.0178156	119.078	0.770658	0
13.4405	0.0174378	120.034	0.765166	0
13.4505	0.0178772	122.381	0.787479	0
13.4624	0.018151	121.475	0.785419	0
13.4393	0.0180106	119.899	0.783359	0
13.4317	0.0179617	121.643	0.781986	0
13.462	0.017957	120.838	0.818374	0
13.4701	0.0179061	121.207	0.803613	0
13.4388	0.0181049	119.547	0.785762	0
13.4367	0.0180782	120.386	0.772718	0
13.4472	0.0176775	119.631	0.781643	0
13.4661	0.018125	121.425	0.787479	0
13.4814	0.0179919	120.754	0.787822	0
13.4683	0.0177391	121.123	0.785762	0
13.4587	0.01802	120	0.775464	0
13.4611	0.0179724	121.542	0.810135	0
13.4671	0.0176627	122.012	0.786449	0
13.4657	0.017566	119.531	0.796404	0
13.464	0.0183304	120.486	0.792628	0
13.4697	0.0177859	119.849	0.79709	0
13.4838	0.017837	122.045	0.804643	0
13.4709	0.0178544	121.744	0.802926	0
13.4607	0.0177276	120.436	0.799837	0
13.452	0.0179527	121.408	0.791941	0
13.4512	0.0175731	120.687	0.798464	0
13.4638	0.0178704	122.012	0.801896	0
13.4661	0.0176291	120.469	0.787822	0
13.485	0.0181402	119.799	0.791255	0
13.4854	0.0181781	121.274	0.787479	0
13.4514	0.0178761	120.218	0.790911	0
13.4516	0.0181912	120.721	0.795374	0
13.4618	0.0178602	122.096	0.80224	0
13.4566	0.0179119	121.073	0.79915	0
13.4453	0.0179695	121.308	0.789195	0
13.4459	0.0173007	122.213	0.778553	0
13.4759	0.0179933	120.721	0.798464	0
13.4898	0.0181243	120.62	0.792971	0
13.4446	0.0175703	119.329	0.779927	0
13.426	0.0181918	120.536	0.787135	0
13.4697	0.0180919	121.844	0.784046	0
13.4951	0.017886	120.754	0.786449	0
13.4329	0.0175544	121.576	0.817344	0
13.4288	0.0177985	119.447	0.777867	0
13.4966	0.0176037	121.442	0.789538	0
13.4888	0.0180555	120.386	0.790568	0
13.4556	0.0174428	121.157	0.786449	0
13.4942	0.0176936	122.598	0.794687	0
13.5104	0.0175096	120.05	0.794344	0
13.451	0.0174055	120.218	0.788852	0
13.4471	0.0179393	120.989	0.803956	0
13.4749	0.0180196	120.436	0.790911	0
13.455	0.0176541	121.19	0.78027	0
13.4781	0.0176798	121.056	0.789538	0
13.5102	0.0180929	121.09	0.803269	0
13.4743	0.0177477	122.213	0.799837	0
13.4611	0.0181507	121.559	0.777867	0
13.4689	0.0183096	120.084	0.813568	0
13.4741	0.0183567	120.922	0.799837	0
13.4786	0.0181157	121.459	0.792628	0
13.4809	0.0176832	120.335	0.783359	0
13.4836	0.0178516	121.358	0.766539	0
13.4603	0.0180146	119.681	0.777524	0
13.4433	0.0178624	120.821	0.785419	0
13.4617	0.0180112	122.347	0.779583	0
13.4791	0.0177576	120.956	0.77615	0
13.4712	0.0178837	120.637	0.788165	0
13.4589	0.0177823	121.391	0.787479	0
13.4465	0.0176391	120.855	0.772031	0
13.4484	0.0174975	119.916	0.792971	0
13.4616	0.0176259	121.693	0.77615	0
13.4716	0.0175999	121.341	0.778897	0
13.4677	0.017716	121.056	0.790225	0
13.4549	0.0179333	120.805	0.790568	0
13.4635	0.0179873	120.486	0.801553	0
13.4749	0.0179386	120.117	0.780613	0
13.4448	0.0177197	120.855	0.775464	0
13.431	0.0183035	120.637	0.787135	0
13.4469	0.0177504	120.034	0.777867	0
13.4489	0.0178434	121.257	0.782673	0
13.4448	0.0179221	120.402	0.788165	0
13.4643	0.0180458	121.945	0.786792	0
13.4691	0.0181212	121.174	0.786449	0
13.4564	0.0180945	120.486	0.79812	0
13.4725	0.0176646	122.079	0.788508	0
13.481	0.0180771	121.408	0.792628	0
13.4567	0.0181269	121.14	0.796404	0
13.4539	0.0180401	122.28	0.792285	0
13.4605	0.0183497	120.017	0.783359	0
13.4802	0.0180171	122.364	0.796404	0
13.4913	0.0175863	120.972	0.789538	0
13.4682	0.0178648	121.358	0.797777	0
13.4724	0.0176702	119.413	0.787135	0
13.4738	0.0177855	121.526	0.796404	0
13.4749	0.018232	120.805	0.77615	0
13.4869	0.017832	121.09	0.808419	0
13.4799	0.0179602	123.118	0.789195	0
13.4705	0.0174732	120.939	0.790568	0
13.473	0.0174471	120.117	0.798464	0
13.4647	0.0176959	120.738	0.803613	0
13.4713	0.0181886	122.649	0.7813	0
13.4808	0.0183077	120.319	0.790568	0
13.4735	0.018086	120.386	0.779927	0
13.4764	0.0179413	121.961	0.795717	0
13.4294	0.0178359	120.872	0.797434	0
13.407	0.0180536	121.459	0.810135	0
13.465	0.0182527	120.251	0.773061	0
13.4864	0.0174505	120.302	0.799493	0
13.4702	0.0177812	120.151	0.767569	0
13.444	0.0177178	120.771	0.785419	0
13.4372	0.0180719	120.704	0.80018	0
13.4538	0.0177543	120.319	0.783016	0
13.4567	0.0176302	120.788	0.795031	0
13.4491	0.0178965	120.939	0.794001	0
13.4593	0.0172476	120.017	0.807045	0
13.4709	0.0178708	120.771	0.796747	0
13.4765	0.0183371	121.106	0.793314	0
13.4692	0.0177279	121.039	0.781986	0
13.4374	0.0172606	120.402	0.796061	0
13.4486	0.0178827	121.123	0.774777	0
13.4579	0.0178068	120.754	0.777867	0
13.4352	0.0177864	121.442	0.799493	0
13.4628	0.0177173	121.224	0.775807	0
13.4876	0.017923	120.989	0.80121	0
13.4647	0.017316	121.324	0.804643	0
13.4572	0.0174624	120.922	0.770658	0
13.4637	0.0178114	121.811	0.784732	0
13.4722	0.0178264	120.872	0.806016	0
13.4603	0.017434	121.693	0.799493	0
13.4534	0.0176942	120.268	0.785762	0
13.4471	0.0175749	120.235	0.786106	0
13.4267	0.0176857	122.196	0.791941	0
13.4625	0.018379	121.559	0.791598	0
13.4879	0.0176713	121.106	0.785419	0
13.4497	0.0179315	120.536	0.763106	0
13.4389	0.0178822	119.933	0.789538	0
13.4417	0.0178371	121.391	0.772718	0
13.4323	0.0180911	121.274	0.780956	0
13.4465	0.0174363	120.453	0.774434	0
13.4644	0.0178269	121.408	0.775121	0
13.4723	0.0181343	120.922	0.777867	0
13.465	0.0180562	119.346	0.786792	0
13.4542	0.0182121	121.241	0.779927	0
13.4426	0.0175522	120.654	0.795717	0
13.4497	0.0179107	121.643	0.793314	0
13.4683	0.0179284	120.503	0.761733	0
13.439	0.0178406	120.738	0.790568	0
13.4273	0.0180399	120.905	0.789195	0
13.452	0.0176036	121.425	0.796404	0
13.4308	0.0180583	121.09	0.790568	0
13.4326	0.0177164	120.335	0.785762	0
13.4674	0.0178519	121.207	0.790568	0
13.426	0.0179398	120.922	0.802926	0
13.4296	0.0180601	121.777	0.794687	0
13.491	0.0176581	121.542	0.783703	0
13.4671	0.0178946	120.101	0.795717	0
13.4381	0.0178542	121.073	0.801896	0
13.4413	0.0180307	120.972	0.778553	0
13.4452	0.0178642	121.023	0.786106	0
13.4652	0.0177164	121.19	0.810478	0
13.4841	0.0180372	120.536	0.80121	0
13.4556	0.0178123	119.648	0.77718	0
13.4241	0.0177642	121.425	0.777867	0
13.4637	0.0177402	121.291	0.789882	0
13.4803	0.0176261	120.101	0.791941	0
13.47	0.0179896	121.643	0.782673	0
13.5004	0.0181513	122.766	0.775464	0
13.4933	0.0175774	121.174	0.791598	0
13.4549	0.0175897	121.978	0.785419	0
13.4358	0.0175716	121.09	0.787135	0
13.4364	0.0179656	121.106	0.78027	0
13.46	0.0178647	122.498	0.780613	0
13.4958	0.0178493	120.939	0.785076	0
13.4827	0.0172561	119.983	0.798464	0
13.4488	0.0178875	122.313	0.793314	0
13.4837	0.0174383	120.855	0.80121	0
13.4822	0.0175102	120.905	0.777867	0
13.4462	0.0177879	121.542	0.768942	0
13.4593	0.0175362	120.905	0.792285	0
13.4599	0.0173481	121.19	0.803613	0
13.4517	0.0179692	119.447	0.787822	0
13.4556	0.017602	121.744	0.799493	0
13.4737	0.0177147	120.503	0.790225	0
13.4815	0.0177647	121.224	0.80224	0
13.4508	0.0174225	122.766	0.786449	0
13.4342	0.0174037	120.604	0.791255	0
13.4762	0.017917	121.794	0.792971	0
13.5031	0.0179307	120.587	0.793314	0
13.4671	0.0180054	121.593	0.79915	0
13.44	0.0182224	121.257	0.800866	0
13.465	0.0180036	122.347	0.783359	0
13.4677	0.0178135	120.386	0.784732	0
13.4632	0.0178301	122.213	0.790911	0
13.4847	0.0179554	120.889	0.792971	0
13.4662	0.0175279	121.475	0.794001	0
13.4513	0.017841	121.257	0.782673	0
13.4611	0.0180018	120.486	0.792971	0
13.4489	0.0173675	121.676	0.767569	0
13.4725	0.0176253	120.017	0.771001	0
13.4719	0.0173526	121.425	0.791255	0
13.4273	0.0179308	120.034	0.790225	0
13.4534	0.0176225	120.788	0.78027	0
13.4776	0.017642	120.805	0.780613	0
13.4362	0.0179683	121.375	0.79915	0
13.4211	0.0174809	119.916	0.798807	0
13.4611	0.0180078	122.364	0.773404	0
13.5035	0.0178611	119.916	0.796747	0
13.494	0.0178701	120.738	0.789882	0
13.4652	0.0177892	120.302	0.804299	0
13.446	0.0178183	121.492	0.808762	0
13.4542	0.0176897	121.894	0.790568	0
13.4652	0.0181537	121.106	0.794687	0
13.4537	0.0176729	120.654	0.800523	0
13.4558	0.0178393	121.19	0.80018	0
13.4505	0.0179487	120.771	0.777867	0
13.4458	0.0181978	121.475	0.788165	0
13.456	0.0178266	121.291	0.7813	0
13.4564	0.0183075	120.838	0.810821	0
13.4487	0.0176023	121.459	0.787135	0
13.4433	0.0177218	120.453	0.785419	0
13.4541	0.0177535	122.129	0.783016	0
13.4915	0.0175908	120.285	0.775121	0
13.4642	0.0175607	121.509	0.797434	0
13.4239	0.0180581	120.05	0.777524	0
13.4543	0.0178608	121.056	0.817	0
13.4766	0.0176071	121.039	0.7813	0
13.4626	0.0174653	121.626	0.788165	0
13.4431	0.0181535	120.402	0.784389	0
13.4425	0.0181205	121.391	0.816314	0
13.4574	0.0177909	121.643	0.787822	0
13.4645	0.0176342	119.816	0.810135	0
13.4786	0.0179006	121.006	0.77821	0
13.4726	0.0180754	118.525	0.789538	0
13.4392	0.0177315	120.905	0.77718	0
13.449	0.0178124	122.079	0.790568	0
13.4619	0.0171673	120.838	0.786792	0
13.4604	0.018038	121.827	0.793658	0
13.4714	0.0177678	122.179	0.790911	0
13.4702	0.0179127	121.056	0.784732	0
13.4653	0.0176824	121.19	0.797434	0
13.4498	0.0177768	121.609	0.784046	0
13.4556	0.0179618	119.933	0.783359	0
13.4602	0.0177794	120.788	0.782329	0
13.4432	0.0182047	122.112	0.806016	0
13.4736	0.0178491	121.626	0.772718	0
13.4863	0.0177186	122.196	0.807389	0
13.4889	0.0177997	121.073	0.786449	0
13.5072	0.0172013	120.486	0.803613	0
13.4522	0.0177788	120.251	0.797777	0
13.4372	0.0178973	120.855	0.787479	0
13.4931	0.0182555	120.956	0.789882	0
13.48	0.0177699	120.905	0.786792	0
13.4658	0.017913	122.749	0.778553	0
13.4814	0.0176477	121.308	0.792628	0
13.4716	0.0183967	120.721	0.788508	0
13.4496	0.0178563	121.576	0.793658	0
13.4628	0.0181738	121.995	0.808762	0
13.4647	0.0181084	121.123	0.794344	0
13.4725	0.018035	121.14	0.788165	0
13.4887	0.0178463	120.184	0.777867	0
13.4733	0.0177403	120.553	0.771688	0
13.451	0.0177799	121.257	0.779927	0
13.4585	0.0175164	121.241	0.804299	0
13.4717	0.0182196	120.855	0.804299	0
13.4635	0.0178796	119.313	0.779927	0
13.4627	0.018118	120.872	0.783703	0
13.4785	0.0175279	121.459	0.774434	0
13.456	0.0174857	119.111	0.792971	0
13.4226	0.0179833	121.777	0.791255	0
13.4633	0.0176338	120.989	0.802926	0
13.4865	0.0175213	121.408	0.790568	0
13.4666	0.0175991	121.039	0.776494	0
13.4758	0.0178419	120.134	0.812881	0
13.4835	0.0178681	120.084	0.787479	0
13.474	0.0178286	121.442	0.783703	0
13.4777	0.0175897	121.995	0.794687	0
13.4843	0.0179984	120.872	0.788165	0
13.4846	0.0176923	120.319	0.812195	0
13.4894	0.0179252	120.989	0.785762	0
13.4834	0.0177653	122.163	0.804986	0
13.4703	0.0176604	121.777	0.790911	0
13.4563	0.0173106	121.777	0.791941	0
13.4478	0.0175679	120.536	0.77924	0
13.4484	0.0177494	121.123	0.800523	0
13.463	0.0178836	122.23	0.79709	0
13.4711	0.0176957	120	0.79812	0
13.4661	0.0179906	121.174	0.773404	0
13.4586	0.0179879	120.017	0.775807	0
13.4435	0.0179127	119.899	0.782329	0
13.4524	0.018134	121.66	0.76036	0
13.4376	0.0178507	119.849	0.805329	0
13.4286	0.018023	120.57	0.785076	0
13.4698	0.0177644	122.062	0.785076	0
13.4589	0.0175515	120.436	0.781643	0
13.4318	0.0178144	121.408	0.780956	0
13.4482	0.0175593	120.905	0.773748	0
13.441	0.0180943	121.291	0.808075	0
13.4356	0.017684	121.509	0.80018	0
13.4816	0.0179417	121.894	0.804299	0
13.5007	0.0178141	121.241	0.798464	0
13.4767	0.0180913	120.419	0.786449	0
13.4518	0.0179292	121.425	0.779927	0
13.454	0.0173398	120.486	0.797777	0
13.4718	0.0178882	120	0.77718	0
13.479	0.017653	120.838	0.786106	0
13.4738	0.0178228	121.693	0.788508	0
13.473	0.0177681	120.62	0.812195	0
13.4805	0.017853	120.637	0.786792	0
13.4648	0.0173331	120.889	0.811851	0
13.4567	0.0173884	119.681	0.779583	0
13.4692	0.0175128	121.844	0.801553	0
13.4811	0.017708	119.899	0.801553	0
13.4993	0.017811	122.163	0.790568	0
13.4951	0.0179044	120.151	0.786106	0
13.4329	0.0175614	120.939	0.776494	0
13.4438	0.0176979	121.19	0.769628	0
13.4778	0.0177353	122.079	0.776494	0
13.44	0.0175169	120.453	0.794687	0
13.4592	0.0177	121.76	0.788508	0
13.5037	0.017806	120.838	0.804299	0
13.4476	0.0176354	121.19	0.783703	0
13.4342	0.0176754	121.542	0.788508	0
0	0	0	0	0
0	0	0	0	0
0	0	0	0	0
0	0	0	0	0
0	0	0	0	0
0	0	0	0	0
0	0	0	0	0
0	0	0	0	0
0	0	0	0	0
0	0	0	0	0
0	0	0	0	0
0	0	0	0	0
0	0	0	0	0
0	0	0	0	0
0	0	0	0	0
0	0	0	0	0
0	0	0	0	0
0	0	0	0	0
0	0	0	0	0
0	0	0	0	0
0	0	0	0	0
0	0	0	0	0
0	0	0	0	0
0	0	0	0	0
0	0	0	0	0
0	0	0	0	0
0	0	0	0	0
0	0	0	0	0
0	0	0	0	0
0	0	0	0	0
0	0	0	0	0
0	0	0	0	0
0	0	0	0	0
0	0	0	0	0
0	0	0	0	0
0	0	0	0	0
0	0	0	0	0
0	0	0	0	0
0	0	0	0	0
0	0	0	0	0
0	0	0	0	0
0	0	0	0	0
0	0	0	0	0
0	0	0	0	0
0	0	0	0	0
0	0	0	0	0
0	0	0	0	0
0	0	0	0	0
0	0	0	0	0
0	0	0	0	0
0	0	0	0	0
0	0	0	0	0
0	0	0	0	0
0	0	0	0	0
0	0	0	0	0
0	0	0	0	0
0	0	0	0	0
0	0	0	0	0
0	0	0	0	0
0	0	0	0	0
0	0	0	0	0
0	0	0	0	0
0	0	0	0	0
0	0	0	0	0
0	0	0	0	0
0	0	0	0	0
0	0	0	0	0
0	0	0	0	0
0	0	0	0	0
0	0	0	0	0
0	0	0	0	0
0	0	0	0	0
0	0	0	0	0
0	0	0	0	0
0	0	0	0	0
0	0	0	0	0
0	0	0	0	0
0	0	0	0	0
0	0	0	0	0
0	0	0	0	0
0	0	0	0	0
0	0	0	0	0
0	0	0	0	0
0	0	0	0	0
0	0	0	0	0
0	0	0	0	0
0	0	0	0	0
0	0	0	0	0
0	0	0	0	0
0	0	0	0	0
0	0	0	0	0
0	0	0	0	0
0	0	0	0	0
0	0	0	0	0
0	0	0	0	0
0	0	0	0	0
0	0	0	0	0
0	0	0	0	0
0	0	0	0	0
0	0	0	0	0
0	0	0	0	0
0	0	0	0	0
0	0	0	0	0
0	0	0	0	0
0	0	0	0	0
0	0	0	0	0
0	0	0	0	0
0	0	0	0	0
0	0	0	0	0
0	0	0	0	0
0	0	0	0	0
0	0	0	0	0
0	0	0	0	0
0	0	0	0	0
0	0	0	0	0
0	0	0	0	0
0	0	0	0	0
0	0	0	0	0
0	0	0	0	0
0	0	0	0	0
0	0	0	0	0
0	0	0	0	0
0	0	0	0	0
0	0	0	0	0
0	0	0	0	0
0	0	0	0	0
0	0	0	0	0
0	0	0	0	0
0	0	0	0	0
0	0	0	0	0
0	0	0	0	0
0	0	0	0	0
0	0	0	0	0
0	0	0	0	0
0	0	0	0	0
0	0	0	0	0
0	0	0	0	0
0	0	0	0	0
0	0	0	0	0
0	0	0	0	0
0	0	0	0	0
0	0	0	0	0
0	0	0	0	0
0	0	0	0	0
0	0	0	0	0
0	0	0	0	0
0	0	0	0	0
0	0	0	0	0
0	0	0	0	0
0	0	0	0	0
0	0	0	0	0
0	0	0	0	0
0	0	0	0	0
0	0	0	0	0
0	0	0	0	0
0	0	0	0	0
0	0	0	0	0
0	0	0	0	0
0	0	0	0	0
0	0	0	0	0
0	0	0	0	0
0	0	0	0	0
0	0	0	0	0
0	0	0	0	0
0	0	0	0	0
0	0	0	0	0
0	0	0	0	0
0	0	0	0	0
0	0	0	0	0
0	0	0	0	0
0	0	0	0	0
0	0	0	0	0
0	0	0	0	0
0	0	0	0	0
0	0	0	0	0
0	0	0	0	0
0	0	0	0	0
0	0	0	0	0
0	0	0	0	0
0	0	0	0	0
0	0	0	0	0
0	0	0	0	0
0	0	0	0	0
0	0	0	0	0
0	0	0	0	0
0	0	0	0	0
0	0	0	0	0
0	0	0	0	0
0	0	0	0	0
0	0	0	0	0
0	0	0	0	0
0	0	0	0	0
0	0	0	0	0
0	0	0	0	0
0	0	0	0	0
0	0	0	0	0
0	0	0	0	0
0	0	0	0	0
0	0	0	0	0
0	0	0	0	0
0	0	0	0	0
0	0	0	0	0
0	0	0	0	0
0	0	0	0	0
0	0	0	0	0
0	0	0	0	0
0	0	0	0	0
0	0	0	0	0
0	0	0	0	0
0	0	0	0	0
0	0	0	0	0
0	0	0	0	0
0	0	0	0	0
0	0	0	0	0
0	0	0	0	0
0	0	0	0	0
0	0	0	0	0
0	0	0	0	0
0	0	0	0	0
0	0	0	0	0
0	0	0	0	0
0	0	0	0	0
0	0	0	0	0
0	0	0	0	0
0	0	0	0	0
0	0	0	0	0
0	0	0	0	0
0	0	0	0	0
0	0	0	0	0
0	0	0	0	0
0	0	0	0	0
0	0	0	0	0
0	0	0	0	0
0	0	0	0	0
0	0	0	0	0
0	0	0	0	0
0	0	0	0	0
0	0	0	0	0
0	0	0	0	0
0	0	0	0	0
0	0	0	0	0
0	0	0	0	0
0	0	0	0	0
0	0	0	0	0
0	0	0	0	0
0	0	0	0	0
0	0	0	0	0
0	0	0	0	0
0	0	0	0	0
0	0	0	0	0
0	0	0	0	0
0	0	0	0	0
0	0	0	0	0
0	0	0	0	0
0	0	0	0	0
0	0	0	0	0
0	0	0	0	0
0	0	0	0	0
0	0	0	0	0
0	0	0	0	0
0	0	0	0	0
0	0	0	0	0
0	0	0	0	0
0	0	0	0	0
0	0	0	0	0
0	0	0	0	0
0	0	0	0	0
0	0	0	0	0
0	0	0	0	0
0	0	0	0	0
0	0	0	0	0
0	0	0	0	0
0	0	0	0	0
0	0	0	0	0
0	0	0	0	0
0	0	0	0	0
0	0	0	0	0
0	0	0	0	0
0	0	0	0	0
0	0	0	0	0
0	0	0	0	0
0	0	0	0	0
0	0	0	0	0
0	0	0	0	0
0	0	0	0	0
0	0	0	0	0
0	0	0	0	0
0	0	0	0	0
0	0	0	0	0
0	0	0	0	0
0	0	0	0	0
0	0	0	0	0
0	0	0	0	0
0	0	0	0	0
0	0	0	0	0
0	0	0	0	0
0	0	0	0	0
0	0	0	0	0
0	0	0	0	0
0	0	0	0	0
0	0	0	0	0
0	0	0	0	0
0	0	0	0	0
0	0	0	0	0
0	0	0	0	0
0	0	0	0	0
0	0	0	0	0
0	0	0	0	0
0	0	0	0	0
0	0	0	0	0
0	0	0	0	0
0	0	0	0	0
0	0	0	0	0
0	0	0	0	0
0	0	0	0	0
0	0	0	0	0
0	0	0	0	0
0	0	0	0	0
0	0	0	0	0
0	0	0	0	0
0	0	0	0	0
0	0	0	0	0
0	0	0	0	0
0	0	0	0	0
0	0	0	0	0
0	0	0	0	0
0	0	0	0	0
0	0	0	0	0
0	0	0	0	0
0	0	0	0	0
0	0	0	0	0
0	0	0	0	0
0	0	0	0	0
0	0	0	0	0
0	0	0	0	0
0	0	0	0	0
0	0	0	0	0
0	0	0	0	0
0	0	0	0	0
0	0	0	0	0
0	0	0	0	0
0	0	0	0	0
0	0	0	0	0
0	0	0	0	0
0	0	0	0	0
0	0	0	0	0
0	0	0	0	0
0	0	0	0	0
0	0	0	0	0
0	0	0	0	0
0	0	0	0	0
0	0	0	0	0
0	0	0	0	0
0	0	0	0	0
0	0	0	0	0
0	0	0	0	0
0	0	0	0	0
0	0	0	0	0
0	0	0	0	0
0	0	0	0	0
0	0	0	0	0
0	0	0	0	0
0	0	0	0	0
0	0	0	0	0
0	0	0	0	0
0	0	0	0	0
0	0	0	0	0
0	0	0	0	0
0	0	0	0	0
0	0	0	0	0
0	0	0	0	0
0	0	0	0	0
0	0	0	0	0
0	0	0	0	0
0	0	0	0	0
0	0	0	0	0
0	0	0	0	0
0	0	0	0	0
0	0	0	0	0
0	0	0	0	0
0	0	0	0	0
0	0	0	0	0
0	0	0	0	0
0	0	0	0	0
0	0	0	0	0
0	0	0	0	0
0	0	0	0	0
0	0	0	0	0
0	0	0	0	0
0	0	0	0	0
0	0	0	0	0
0	0	0	0	0
0	0	0	0	0
0	0	0	0	0
0	0	0	0	0
0	0	0	0	0
0	0	0	0	0
0	0	0	0	0
0	0	0	0	0
0	0	0	0	0
