a2610916.050471
Narit-cm 09/01/2026 15:35:04 09/01/2026 16:05:04 0045 0013.384714 0052.542598 00.0 00.0
0002401 0010 0000000 0010 05 0000000 0010 0000000 0010
1 0 1 01600 1 0000 3.75 00000.o 0 0 01 000 16 002401 0.500 BT0
1 2 1 02000 1 0000 3.75 00000.o 0 0 01 000 16 002401 0.500 S2A0
1 1 1 01600 1 0000 3.75 00000.o 0 0 00 000 00 002401 3.1746 BC0
1 3 1 02000 1 0000 3.75 00000.o 0 0 00 000 00 002401 3.1746 S2P0
1 5 0 01600 0 0000 1.00 00000.o 0 0 00 000 00 000000 0.000 OF0
0.000 .o Analog 0 	0.000 .o Analog StErr 0 	0.000 .o Photon Counting 0 	0.000 .o PC StErr 0 	0.000 .o Overflow Info 0 
33.2902	0.159204	179.592	0.880769	0
64.7721	0.278725	190.887	0.860705	0
207.97	1.787	126.731	1.30109	0
464.039	0.472897	3.26531	0.234305	0
473.474	0.0019244	0.0499792	0.0499896	0
473.457	0	16.2099	0.607697	0
473.457	0	115.535	1.20723	0
473.457	9.01586E-6	50.9288	0.98925	0
473.457	0	9.62932	0.419981	0
473.457	0	16.2432	0.518599	0
473.457	0	42.8655	0.797113	0
473.457	0	99.7584	1.01237	0
473.457	0	148.555	1.00285	0
473.457	0	118.651	1.01884	0
473.457	0	83.5319	0.915115	0
473.457	0	83.8651	0.88621	0
473.457	0	95.5435	0.907634	0
473.457	0	107.972	0.902873	0
473.457	0	117.318	0.916816	0
473.457	0	121.399	0.929738	0
473.457	0	129.796	0.93688	0
473.457	0	149.771	0.905254	0
473.457	0	166.997	0.897092	0
473.457	0	179.225	0.906954	0
473.457	0	190.504	0.903553	0
473.457	0	195.952	0.889611	0
473.473	0.0100857	199.234	0.889951	0
473.623	0.0426902	197.068	0.904914	1
473.66	0.0450663	197.251	0.851863	1
476.443	0.160156	196.435	0.872607	1
491.989	0.23183	195.569	0.897432	1
499.999	0.00093739	195.902	0.876008	1
500	0	193.153	0.862065	1
500	0	194.752	0.847443	1
499.913	0.0284134	194.835	0.880769	1
499.717	0.0739774	192.986	0.872267	1
498.713	0.140677	191.054	0.856284	1
490.417	0.319014	194.402	0.857304	1
464.124	0.40928	192.703	0.872267	1
433.853	0.39989	194.919	0.847783	1
404.027	0.390447	192.82	0.849143	0
375.411	0.372189	192.986	0.860365	0
348.302	0.356986	192.287	0.863766	0
322.074	0.345223	192.053	0.869887	0
296.979	0.337979	191.837	0.88553	0
272.624	0.335254	192.903	0.871927	0
248.255	0.331843	192.57	0.88553	0
223.958	0.328451	192.953	0.872947	0
200.278	0.324693	192.986	0.867166	0
177.466	0.321399	193.603	0.855944	0
155.361	0.318594	194.286	0.857304	0
133.96	0.315143	192.153	0.860705	0
113.671	0.305129	194.286	0.88825	0
95.0991	0.283779	191.437	0.872267	0
78.9099	0.252234	193.353	0.846082	0
65.5206	0.219776	193.403	0.880429	0
54.8201	0.187034	192.153	0.872607	0
46.634	0.154831	190.904	0.867846	0
40.4155	0.127266	189.121	0.866486	0
35.5702	0.102015	188.771	0.88655	0
31.958	0.0840901	187.572	0.841321	0
29.2971	0.0704644	187.522	0.851863	0
27.2762	0.05774	185.473	0.842682	0
25.7385	0.0496324	184.39	0.855944	0
24.4822	0.0443497	183.84	0.839621	0
23.4738	0.0397472	182.741	0.850503	0
22.6456	0.0366931	181.758	0.837241	0
21.9673	0.0340811	182.074	0.839621	0
21.489	0.0323988	181.274	0.849143	0
21.0223	0.030799	180.142	0.869887	0
20.5812	0.0301291	176.46	0.865126	0
20.2461	0.0300789	176.843	0.857304	0
19.9781	0.0298856	176.593	0.844382	0
19.7395	0.0297281	174.91	0.837241	0
19.5164	0.0288026	174.127	0.829079	0
19.3079	0.0287442	174.227	0.851863	0
19.1284	0.0292305	172.461	0.8369	0
18.9434	0.0284269	172.428	0.840641	0
18.7738	0.028153	172.162	0.866486	0
18.6349	0.0284107	170.895	0.83622	0
18.4841	0.0279368	172.645	0.861385	0
18.3728	0.0271048	170.462	0.824998	0
18.2806	0.0278157	173.278	0.840301	0
18.1617	0.0276679	169.363	0.845742	0
18.0769	0.0274746	171.645	0.847443	0
17.9937	0.0273755	168.896	0.850163	0
17.8893	0.0270103	171.145	0.837581	0
17.8252	0.0265437	168.83	0.852203	0
17.7327	0.0263345	169.729	0.840641	0
17.6176	0.0260978	170.079	0.842682	0
17.5375	0.0264025	169.479	0.830439	0
17.4483	0.0269856	169.979	0.853904	0
17.3524	0.0258309	169.396	0.841661	0
17.2786	0.0257081	170.346	0.851523	0
17.1845	0.0266726	169.363	0.843362	0
17.1277	0.026014	168.63	0.868527	0
17.0752	0.0258064	167.997	0.843362	0
16.9743	0.0252787	169.713	0.857644	0
16.925	0.0259814	168.33	0.822278	0
16.908	0.0261726	168.53	0.870227	0
16.8312	0.0258961	166.364	0.846082	0
16.7296	0.0257168	168.263	0.855604	0
16.6834	0.0253993	167.347	0.842001	0
16.6584	0.0245964	167.58	0.83418	0
16.6122	0.0262557	167.863	0.820577	0
16.5847	0.0258173	166.781	0.851863	0
16.5182	0.0257272	168.13	0.849823	0
16.4292	0.0251284	166.164	0.838941	0
16.3815	0.0247295	167.064	0.828399	0
16.3839	0.0245654	167.18	0.828059	0
16.335	0.0251289	166.464	0.849143	0
16.2214	0.0243765	166.847	0.851863	0
16.1793	0.02379	165.981	0.831459	0
16.1753	0.024425	167.197	0.844382	0
16.143	0.0246846	166.597	0.857304	0
16.0969	0.025109	166.964	0.844722	0
16.064	0.0242701	166.631	0.848803	0
16.0201	0.0249001	165.631	0.830099	0
15.9412	0.0244208	166.431	0.846082	0
15.9125	0.0243318	164.248	0.848123	0
15.9101	0.0244677	165.448	0.8352	0
15.8975	0.0238913	166.381	0.838261	0
15.8294	0.0242618	164.015	0.839621	0
15.781	0.0248565	164.065	0.852884	0
15.7689	0.0244084	164.765	0.83622	0
15.7208	0.023885	165.798	0.8318	0
15.7292	0.0240047	165.631	0.843702	0
15.7474	0.024076	165.598	0.841661	0
15.699	0.0240071	164.781	0.837241	0
15.6755	0.0241384	164.831	0.837241	0
15.6487	0.0237205	163.615	0.847443	0
15.6126	0.0241713	163.532	0.858665	0
15.5939	0.0243024	166.014	0.840641	0
15.5822	0.024057	165.864	0.852203	0
15.5483	0.0237799	163.798	0.860705	0
15.4917	0.0240603	163.032	0.860365	0
15.455	0.023046	164.881	0.823978	0
15.4075	0.0236861	164.415	0.857985	0
15.3588	0.0233876	163.882	0.820237	0
15.3753	0.0234316	165.798	0.850503	0
15.375	0.023582	164.015	0.823978	0
15.3269	0.0232297	164.531	0.8352	0
15.2706	0.0232849	164.382	0.843022	0
15.1912	0.0235292	164.681	0.821257	0
15.148	0.0240121	162.432	0.842682	0
15.1557	0.0231352	161.766	0.857644	0
15.1514	0.0232157	163.132	0.850503	0
15.121	0.0228725	163.149	0.846082	0
15.0789	0.0232898	162.832	0.826358	0
15.0388	0.0223586	163.615	0.839961	0
15.0036	0.0231553	162.716	0.856624	0
14.9478	0.0232163	162.049	0.825338	0
14.909	0.0223884	161.899	0.820237	0
14.9002	0.0227375	163.099	0.848123	0
14.8729	0.022868	163.715	0.828739	0
14.8361	0.0225915	161.949	0.83554	0
14.7895	0.0225032	162.449	0.853904	0
14.7265	0.0231973	163.549	0.83656	0
14.6888	0.0228037	163.332	0.840301	0
14.642	0.0223982	163.449	0.821257	0
14.5997	0.0229901	160.733	0.844382	0
14.6007	0.0224316	163.782	0.841321	0
14.592	0.0226029	160.983	0.847783	0
14.5422	0.0220045	163.265	0.846082	0
14.4819	0.0221099	162.232	0.826699	0
14.4312	0.0224665	162.049	0.838941	0
14.4161	0.0223508	160.85	0.848123	0
14.4079	0.0226628	160.633	0.8335	0
14.3809	0.022152	160.5	0.825338	0
14.3267	0.0215796	160.883	0.826018	0
14.2681	0.0226662	161.849	0.857985	0
14.2013	0.0219541	161.016	0.852543	0
14.1488	0.0220131	160.6	0.828739	0
14.1368	0.0215925	161.633	0.840641	0
14.1158	0.021733	160.9	0.815476	0
14.0543	0.0218627	160.15	0.8335	0
14.0121	0.0216817	161.066	0.841661	0
14.017	0.0219222	158.784	0.821257	0
13.9588	0.0214498	160.183	0.840981	0
13.8834	0.0211653	161.666	0.856964	0
13.8559	0.02163	159.683	0.8352	0
13.826	0.0214379	160.05	0.846422	0
13.7703	0.0211593	159.367	0.838261	0
13.7325	0.020898	158.784	0.851863	0
13.7154	0.0209906	159.65	0.829419	0
13.661	0.0207191	159.367	0.830439	0
13.6387	0.0206736	160.566	0.819557	0
13.6153	0.0206949	158.517	0.850843	0
13.5431	0.0204233	160.133	0.839621	0
13.4845	0.0204415	159.25	0.843362	0
13.4439	0.0205661	158.8	0.821938	0
13.4324	0.0202273	157.384	0.842001	0
13.4055	0.0205586	159.15	0.83248	0
13.352	0.0204767	158.417	0.828059	0
13.3226	0.0204339	158.451	0.852543	0
13.2934	0.0205027	159.184	0.83486	0
13.2615	0.0199228	158.101	0.855944	0
13.2238	0.0200238	157.501	0.841661	0
13.1821	0.0202928	157.101	0.826018	0
13.1606	0.0202288	158.367	0.842001	0
13.1403	0.0199993	156.302	0.839961	0
13.1054	0.0199101	157.301	0.83656	0
13.0547	0.0198425	157.784	0.844722	0
13.0186	0.0200532	157.268	0.8335	0
12.9671	0.020103	156.135	0.827379	0
12.9366	0.0197981	157.701	0.822618	0
12.9308	0.0205255	155.918	0.83418	0
12.8708	0.0197748	156.668	0.845062	0
12.8252	0.0196697	155.952	0.83588	0
12.7952	0.019395	156.118	0.8369	0
12.7879	0.0197903	156.835	0.818197	0
12.7582	0.0193696	156.501	0.845402	0
12.6888	0.0197449	155.285	0.8335	0
12.6707	0.0194634	155.452	0.827719	0
12.6792	0.0193434	154.636	0.830439	0
12.6524	0.019648	155.102	0.851523	0
12.5954	0.0187644	155.535	0.845402	0
12.5671	0.019327	156.135	0.823298	0
12.5584	0.0192666	154.519	0.844042	0
12.5083	0.0194622	153.953	0.839621	0
12.4791	0.0188958	153.769	0.827719	0
12.4951	0.0196387	155.185	0.830779	0
12.4671	0.019225	154.652	0.823298	0
12.433	0.0191601	154.502	0.842682	0
12.4244	0.0196264	155.119	0.842342	0
12.3759	0.0187094	153.936	0.844382	0
12.3392	0.0190456	153.936	0.823978	0
12.3215	0.0191394	155.119	0.817517	0
12.3016	0.0190007	153.569	0.823298	0
12.2732	0.0188443	153.853	0.819217	0
12.2349	0.0190622	152.97	0.827379	0
12.2094	0.0186506	153.969	0.828399	0
12.1989	0.0190205	153.253	0.827379	0
12.1702	0.0190978	154.269	0.842682	0
12.129	0.0188539	153.07	0.83486	0
12.1179	0.0188623	151.92	0.839281	0
12.1103	0.0188625	152.287	0.829419	0
12.109	0.0187171	154.052	0.818877	0
12.0837	0.0185761	151.87	0.8318	0
12.0429	0.0183351	153.969	0.847443	0
12.0168	0.0188794	152.72	0.847443	0
12.0078	0.0187486	152.636	0.840301	0
12.0245	0.0187934	152.37	0.830779	0
11.9954	0.0186472	152.32	0.843702	0
11.9389	0.0179199	151.753	0.809355	0
11.9244	0.0183154	152.87	0.824998	0
11.8883	0.0182022	150.671	0.83282	0
11.8675	0.0181503	150.82	0.8352	0
11.8769	0.0184957	153.369	0.855944	0
11.8432	0.0187451	152.27	0.841321	0
11.8038	0.0182589	151.687	0.838261	0
11.814	0.0181852	152.703	0.847102	0
11.7979	0.0179517	151.803	0.851523	0
11.7392	0.0181123	151.37	0.822958	0
11.751	0.0181406	150.604	0.845742	0
11.764	0.0182641	151.104	0.817177	0
11.7302	0.0179971	152.803	0.844722	0
11.7237	0.0181659	151.737	0.830439	0
11.7161	0.0178586	151.853	0.865806	0
11.6875	0.018095	151.104	0.830439	0
11.6813	0.0180468	149.771	0.843362	0
11.6715	0.0186848	150.887	0.839621	0
11.6423	0.0179838	150.704	0.839621	0
11.6294	0.0179521	151.87	0.844042	0
11.6105	0.018061	149.971	0.846762	0
11.5887	0.0179654	151.02	0.83554	0
11.5871	0.0182988	150.437	0.842342	0
11.5529	0.017563	150.254	0.83316	0
11.5314	0.0179129	150.371	0.849483	0
11.5546	0.017446	150.521	0.840981	0
11.5255	0.0182615	149.221	0.83282	0
11.498	0.0179491	149.588	0.838261	0
11.5144	0.0177435	149.155	0.823638	0
11.485	0.0178408	150.421	0.816157	0
11.4561	0.0173491	150.737	0.830099	0
11.4615	0.0173899	150.571	0.841661	0
11.452	0.0173991	150.004	0.840301	0
11.4317	0.0176201	149.654	0.841321	0
11.4487	0.0181988	150.671	0.822278	0
11.4537	0.0173141	150.304	0.848463	0
11.4155	0.0173465	149.221	0.83418	0
11.4019	0.0176924	149.005	0.8318	0
11.3962	0.0177933	151.337	0.845402	0
11.3883	0.0180589	149.488	0.820917	0
11.3718	0.0178217	149.354	0.819897	0
11.3515	0.0177788	149.071	0.841661	0
11.3542	0.0175822	149.488	0.859685	0
11.346	0.0177553	148.488	0.825338	0
11.3242	0.0174798	149.354	0.817177	0
11.327	0.0176117	149.654	0.825338	0
11.3035	0.0175711	149.155	0.839961	0
11.2799	0.017314	148.805	0.839281	0
11.3015	0.0174258	148.755	0.841661	0
11.2809	0.0175962	148.188	0.83316	0
11.2602	0.0173878	148.505	0.825678	0
11.2494	0.0175751	147.472	0.838601	0
11.2185	0.017212	147.938	0.838261	0
11.2128	0.0177426	148.605	0.841661	0
11.2046	0.0176113	147.738	0.83622	0
11.2012	0.0174509	147.705	0.813436	0
11.2074	0.0175726	148.571	0.83486	0
11.1809	0.0170771	148.088	0.8369	0
11.1525	0.0176669	148.072	0.803574	0
11.1773	0.0173668	149.688	0.823298	0
11.1906	0.0172787	148.205	0.83282	0
11.1669	0.0173518	147.072	0.83656	0
11.1558	0.0173883	148.355	0.83588	0
11.1566	0.0172227	149.171	0.863426	0
11.1644	0.0175384	146.839	0.83554	0
11.1454	0.0174057	147.372	0.83554	0
11.1185	0.0173396	148.805	0.826699	0
11.1334	0.0175283	148.388	0.818877	0
11.133	0.0173475	146.322	0.83418	0
11.1009	0.0170843	148.172	0.83554	0
11.0918	0.0175752	148.288	0.828739	0
11.0983	0.017418	147.455	0.848803	0
11.0966	0.0172702	148.838	0.846762	0
11.1011	0.0173543	147.305	0.839961	0
11.0996	0.0174153	148.172	0.83384	0
11.0504	0.0168455	147.772	0.839961	0
11.0393	0.0172505	147.105	0.818877	0
11.0587	0.0170767	148.705	0.850843	0
11.0662	0.0170933	148.122	0.839961	0
11.0472	0.0167717	147.722	0.852884	0
10.9973	0.0172126	147.139	0.827719	0
10.9906	0.0169626	146.289	0.83282	0
11.0198	0.0170581	147.772	0.829079	0
11.0277	0.0165457	147.838	0.825678	0
11.0127	0.0166584	146.622	0.840301	0
10.9939	0.016935	145.323	0.807315	0
10.9948	0.0167986	148.372	0.8318	0
10.9866	0.01671	147.555	0.825678	0
10.9833	0.0166765	147.239	0.830099	0
10.9899	0.0170838	145.223	0.831459	0
11.0023	0.0176364	147.572	0.825678	0
10.9728	0.0172569	145.606	0.820577	0
10.9457	0.0170313	146.789	0.837241	0
10.9818	0.0171561	146.572	0.838261	0
10.9856	0.0170699	148.072	0.848803	0
10.9536	0.0168999	147.422	0.826018	0
10.9501	0.0171295	145.756	0.83384	0
10.9707	0.0169396	147.622	0.828059	0
10.9861	0.0171844	147.339	0.825338	0
10.9665	0.0172052	148.855	0.83554	0
10.9521	0.0173972	147.222	0.839961	0
10.9372	0.0166269	147.788	0.829419	0
10.9187	0.0167502	145.573	0.857304	0
10.9118	0.0175074	147.289	0.8352	0
10.9157	0.0169458	145.789	0.83418	0
10.9077	0.0167727	146.622	0.824318	0
10.9086	0.0170301	146.989	0.829079	0
10.9203	0.016777	148.072	0.811396	0
10.9142	0.0170699	147.988	0.843702	0
10.9216	0.0173658	147.439	0.840981	0
10.9106	0.0169958	147.722	0.8352	0
10.885	0.01749	147.239	0.825678	0
10.8878	0.0168496	146.439	0.844722	0
10.8778	0.0169675	147.239	0.846082	0
10.8777	0.0171301	147.305	0.838261	0
10.8986	0.0167517	146.556	0.827379	0
10.8944	0.0171387	147.505	0.848463	0
10.8848	0.0168341	147.605	0.806635	0
10.8737	0.0171872	146.572	0.83588	0
10.8664	0.0173685	145.573	0.813776	0
10.8778	0.017369	148.138	0.820237	0
10.8824	0.0169278	146.922	0.830099	0
10.8734	0.0169793	148.805	0.83282	0
10.8668	0.0166026	146.039	0.822618	0
10.8424	0.0170274	145.573	0.831119	0
10.8193	0.0170804	146.339	0.824318	0
10.8266	0.0172633	145.273	0.843702	0
10.8643	0.0169858	145.639	0.819557	0
10.8698	0.017155	146.789	0.827379	0
10.8307	0.0169272	147.605	0.855264	0
10.8128	0.0163657	146.322	0.823638	0
10.8254	0.0165911	147.422	0.852543	0
10.8234	0.0170648	145.389	0.828059	0
10.7932	0.0173551	147.522	0.829419	0
10.7803	0.0169593	145.906	0.83622	0
10.7788	0.0167526	146.272	0.821257	0
10.7902	0.0170747	145.456	0.862405	0
10.7941	0.0167628	146.039	0.849483	0
10.7808	0.0169648	145.223	0.831459	0
10.7763	0.0170197	146.356	0.826018	0
10.7769	0.0170851	145.806	0.8369	0
10.7577	0.0167637	144.89	0.83418	0
10.7753	0.017129	146.389	0.839281	0
10.7777	0.0176144	145.756	0.816837	0
10.7385	0.0171472	146.206	0.815476	0
10.7487	0.0170379	146.056	0.8369	0
10.7647	0.0168748	144.423	0.846082	0
10.7371	0.0176427	145.406	0.824318	0
10.7436	0.0169267	146.022	0.820577	0
10.7602	0.0168691	147.055	0.843702	0
10.7473	0.0171098	145.423	0.846082	0
10.7213	0.0165516	144.606	0.8352	0
10.7156	0.0170991	146.272	0.816837	0
10.7233	0.0170933	145.156	0.838601	0
10.7168	0.0170319	146.189	0.840301	0
10.7056	0.0168238	146.306	0.83656	0
10.7135	0.0170759	144.99	0.841661	0
10.7108	0.017338	147.055	0.837921	0
10.7229	0.0167951	146.989	0.809695	0
10.7221	0.0169592	147.205	0.840641	0
10.6875	0.0168279	144.406	0.825678	0
10.6882	0.0163793	148.805	0.840641	0
10.679	0.0167288	145.506	0.839961	0
10.6456	0.0165734	145.506	0.83588	0
10.654	0.0166965	146.256	0.847102	0
10.6785	0.0166505	144.307	0.849143	0
10.6921	0.0171674	147.888	0.824658	0
10.6795	0.0166673	144.573	0.839961	0
10.6587	0.0166448	145.906	0.828399	0
10.6696	0.0165767	146.289	0.825338	0
10.6571	0.0169115	144.123	0.83214	0
10.6473	0.0166389	145.056	0.844382	0
10.6548	0.0168246	143.69	0.8352	0
10.6422	0.0168521	144.973	0.846082	0
10.6539	0.0169906	144.323	0.824998	0
10.6533	0.017193	145.289	0.850843	0
10.6377	0.0169725	144.84	0.850503	0
10.6494	0.0169872	146.489	0.825338	0
10.6449	0.0164114	145.373	0.865126	0
10.6353	0.0167123	144.99	0.83656	0
10.6419	0.0168548	144.623	0.840981	0
10.6469	0.0167648	145.09	0.8335	0
10.6676	0.0165278	147.472	0.817517	0
10.6546	0.016639	144.89	0.830439	0
10.6282	0.0165974	146.589	0.842342	0
10.6421	0.0166695	145.239	0.844382	0
10.6355	0.0166645	143.374	0.819217	0
10.6218	0.0166282	145.839	0.842682	0
10.6188	0.0168148	144.773	0.828739	0
10.6186	0.0163381	145.506	0.828739	0
10.6243	0.0166215	145.939	0.840981	0
10.6318	0.0165028	143.673	0.823978	0
10.6082	0.0166214	146.522	0.851863	0
10.5878	0.0165563	145.723	0.853564	0
10.5909	0.0165332	143.59	0.820917	0
10.5717	0.0170005	143.557	0.83656	0
10.5549	0.0164998	145.689	0.848123	0
10.5748	0.0167079	144.99	0.842001	0
10.6046	0.0163533	146.622	0.8369	0
10.6062	0.0166338	144.456	0.844042	0
10.5787	0.0165852	144.956	0.828739	0
10.5678	0.0162607	144.973	0.852543	0
10.5631	0.016467	146.406	0.842001	0
10.5467	0.0167086	143.457	0.842001	0
10.5527	0.0163934	145.339	0.847102	0
10.5765	0.0165725	145.556	0.83282	0
10.5783	0.0166428	144.706	0.8335	0
10.5641	0.0166557	143.574	0.820237	0
10.5849	0.0169605	145.439	0.83554	0
10.5889	0.0169258	144.59	0.825338	0
10.5526	0.016099	144.94	0.828739	0
10.5501	0.016258	145.539	0.858325	0
10.5608	0.0167456	146.139	0.829759	0
10.5629	0.0161007	145.14	0.829419	0
10.5742	0.0165765	145.09	0.8335	0
10.552	0.0168209	144.99	0.844722	0
10.5401	0.0167113	144.773	0.823978	0
10.5705	0.0162494	143.94	0.849143	0
10.5821	0.0165648	145.273	0.841661	0
10.544	0.0163395	143.607	0.842342	0
10.5253	0.0161485	144.19	0.829079	0
10.5597	0.0167868	145.073	0.83554	0
10.5657	0.0166583	145.156	0.841321	0
10.5514	0.0167085	145.989	0.847443	0
10.5824	0.0167138	143.107	0.819217	0
10.578	0.0166828	145.073	0.817517	0
10.5342	0.0163434	145.756	0.821257	0
10.5621	0.016178	145.673	0.851183	0
10.5852	0.0166099	146.222	0.840981	0
10.5432	0.016164	144.073	0.843022	0
10.5498	0.0166003	145.473	0.844722	0
10.5562	0.0167605	146.772	0.821938	0
10.5293	0.0165932	144.673	0.849483	0
10.5434	0.0169534	145.156	0.826018	0
10.5511	0.016443	144.24	0.83418	0
10.5236	0.0167133	144.723	0.850503	0
10.5258	0.016463	143.707	0.863086	0
10.5444	0.0164755	144.873	0.830779	0
10.5431	0.0164347	143.857	0.830779	0
10.5259	0.0166391	143.89	0.811056	0
10.5245	0.0167722	144.29	0.822618	0
10.5437	0.0171834	145.589	0.855264	0
10.5354	0.016673	144.523	0.844042	0
10.52	0.0172127	144.24	0.820917	0
10.536	0.0167288	145.623	0.830779	0
10.5481	0.01652	145.206	0.838261	0
10.5408	0.0164569	144.506	0.824998	0
10.5308	0.0159305	145.773	0.827039	0
10.5377	0.0163739	144.673	0.844042	0
10.532	0.0166278	145.606	0.842682	0
10.5208	0.0167959	144.606	0.840981	0
10.5131	0.0166666	144.34	0.830779	0
10.4901	0.0161268	145.306	0.83452	0
10.4923	0.0166214	144.806	0.83486	0
10.5281	0.0166703	143.89	0.846082	0
10.5044	0.0162432	143.957	0.814456	0
10.4808	0.0164396	144.723	0.839621	0
10.5223	0.0169435	144.123	0.856624	0
10.54	0.0163904	145.539	0.841321	0
10.5099	0.0164808	143.407	0.859685	0
10.4906	0.0160981	145.04	0.830779	0
10.5121	0.0163381	144.84	0.845742	0
10.5429	0.0165453	145.173	0.831459	0
10.5263	0.01629	143.84	0.850163	0
10.5066	0.0163256	142.824	0.849143	0
10.5115	0.0166153	144.673	0.83656	0
10.5296	0.0163438	144.456	0.825338	0
10.5257	0.016619	144.157	0.824318	0
10.5197	0.0169479	145.639	0.828399	0
10.53	0.0168155	143.274	0.829759	0
10.5149	0.0165894	144.59	0.815476	0
10.505	0.0165175	144.49	0.839961	0
10.5121	0.0164106	145.006	0.844722	0
10.5	0.0161987	144.906	0.831459	0
10.5066	0.016684	144.906	0.822958	0
10.4906	0.0162248	142.674	0.812416	0
10.4758	0.0164253	145.789	0.83248	0
10.5127	0.0164741	143.84	0.818197	0
10.5129	0.0164668	145.423	0.845402	0
10.5167	0.0166942	145.056	0.842682	0
10.5165	0.0166085	144.257	0.845742	0
10.4919	0.0166676	144.04	0.844382	0
10.4834	0.0161765	144.357	0.848123	0
10.4926	0.0164787	145.806	0.828399	0
10.5048	0.0160498	145.406	0.843022	0
10.5028	0.0161603	145.873	0.857644	0
10.5032	0.0166641	144.873	0.829419	0
10.4902	0.0166201	144.523	0.83316	0
10.479	0.0166844	144.59	0.820237	0
10.4822	0.0166993	144.09	0.852884	0
10.4913	0.0164057	144.073	0.83316	0
10.5042	0.0161665	144.473	0.8318	0
10.4909	0.0166503	145.289	0.830439	0
10.5103	0.0165738	145.606	0.830099	0
10.5099	0.0166294	145.056	0.83214	0
10.4727	0.0166073	144.923	0.840301	0
10.4701	0.0164803	144.773	0.83588	0
10.473	0.0166461	145.14	0.842682	0
10.469	0.016409	143.207	0.844722	0
10.496	0.0167899	145.156	0.840301	0
10.5144	0.0164607	145.273	0.83656	0
10.494	0.0167888	143.157	0.831459	0
10.4911	0.0162032	145.289	0.831459	0
10.4948	0.0167549	144.64	0.824658	0
10.4729	0.0168562	144.773	0.83214	0
10.4863	0.0166407	142.99	0.838941	0
10.4958	0.0165407	144.323	0.847783	0
10.4743	0.0165347	144.323	0.837581	0
10.4751	0.0168099	144.59	0.842001	0
10.4657	0.0170158	143.773	0.831459	0
10.4549	0.0168619	145.489	0.847102	0
10.4784	0.0168682	143.957	0.83214	0
10.484	0.0168049	143.673	0.83384	0
10.4719	0.0165504	143.59	0.844722	0
10.463	0.0164309	144.756	0.822278	0
10.4546	0.0162797	143.407	0.852543	0
10.4568	0.0161498	143.524	0.843362	0
10.4616	0.0162492	144.756	0.821938	0
10.4491	0.0161843	143.773	0.822618	0
10.4451	0.0165723	145.456	0.826018	0
10.4514	0.0161243	144.107	0.850503	0
10.4682	0.0166436	143.907	0.814796	0
10.4823	0.0167972	143.574	0.818877	0
10.4634	0.016474	144.29	0.845402	0
10.4763	0.0163974	144.273	0.8369	0
10.4793	0.0167928	144.506	0.814456	0
10.4411	0.0162738	143.257	0.814116	0
10.4616	0.0165401	144.273	0.822618	0
10.4731	0.0165488	144.89	0.83452	0
10.4478	0.0163272	143.607	0.839961	0
10.4737	0.0168467	145.056	0.838261	0
10.4952	0.0167336	144.007	0.828739	0
10.4639	0.0164326	143.807	0.842682	0
10.4701	0.0164574	143.707	0.829079	0
10.482	0.0164155	143.307	0.827379	0
10.4693	0.0164952	145.023	0.811736	0
10.4698	0.0166303	144.323	0.850843	0
10.4437	0.0165587	146.472	0.851183	0
10.4231	0.0163713	143.673	0.842342	0
10.4496	0.0167281	143.673	0.830779	0
10.4788	0.0167723	145.356	0.830779	0
10.4666	0.0170144	145.006	0.858665	0
10.4618	0.0171054	143.024	0.847102	0
10.4631	0.0165471	144.84	0.830439	0
10.4689	0.0160641	144.373	0.831459	0
10.4707	0.016446	144.773	0.824318	0
10.4693	0.0164089	144.273	0.844382	0
10.4683	0.0167221	143.79	0.821257	0
10.4665	0.0165276	144.357	0.846422	0
10.4637	0.0162106	145.006	0.847102	0
10.4537	0.0164612	143.707	0.83316	0
10.4657	0.0167624	144.473	0.83418	0
10.4782	0.0163535	143.524	0.848803	0
10.4466	0.016255	143.507	0.837241	0
10.4342	0.0166345	144.373	0.873968	0
10.4724	0.0166556	145.173	0.83248	0
10.4667	0.0166573	145.206	0.813436	0
10.4444	0.0163302	142.607	0.822278	0
10.4646	0.0161606	144.623	0.837921	0
10.4727	0.0164294	143.873	0.846762	0
10.4469	0.0167119	144.24	0.83214	0
10.4293	0.0168288	144.173	0.862405	0
10.4583	0.0171887	145.073	0.829759	0
10.4764	0.0159055	144.307	0.830439	0
10.427	0.0165352	143.773	0.837581	0
10.4245	0.0164463	144.09	0.847443	0
10.4688	0.0165274	144.44	0.822618	0
10.4694	0.0164622	144.39	0.825678	0
10.4499	0.0164557	145.19	0.828739	0
10.4482	0.0166426	145.523	0.839961	0
10.4467	0.0165483	142.974	0.826358	0
10.4471	0.0165231	144.456	0.830439	0
10.4476	0.0162298	143.157	0.840981	0
10.4569	0.0161896	145.623	0.83282	0
10.4611	0.0166869	145.406	0.849823	0
10.4366	0.0161324	142.89	0.852203	0
10.4603	0.016319	145.506	0.851183	0
10.4629	0.016435	144.49	0.821598	0
10.4214	0.0159783	142.774	0.843022	0
10.4364	0.0162594	144.023	0.825678	0
10.4459	0.0166199	144.39	0.868867	0
10.4356	0.0165647	143.807	0.818877	0
10.451	0.0160231	144.706	0.852203	0
10.453	0.0163602	146.622	0.815816	0
10.45	0.0162333	143.607	0.83214	0
10.428	0.0163272	145.473	0.826018	0
10.4086	0.0165806	143.174	0.830099	0
10.4277	0.0163878	144.74	0.839281	0
10.4522	0.0162385	144.257	0.819897	0
10.455	0.0165706	144.473	0.829419	0
10.439	0.0165593	144.34	0.837921	0
10.4273	0.0164466	143.923	0.837581	0
10.4467	0.0166408	143.157	0.824998	0
10.4642	0.016684	143.207	0.830439	0
10.4589	0.0168049	143.673	0.83622	0
10.4431	0.0163072	144.723	0.857985	0
10.4493	0.0169571	143.64	0.853224	0
10.4435	0.0166164	143.357	0.816157	0
10.4254	0.0165001	144.706	0.838601	0
10.4293	0.0161011	142.807	0.868867	0
10.4368	0.0162389	143.857	0.839281	0
10.4479	0.0161414	143.723	0.812416	0
10.4444	0.0166884	143.673	0.827719	0
10.4524	0.0165137	145.556	0.824658	0
10.445	0.0159505	143.307	0.856624	0
10.4142	0.0163709	144.09	0.83214	0
10.4349	0.0162576	143.524	0.837581	0
10.4386	0.0164977	143.49	0.811736	0
10.4034	0.0162225	142.207	0.8369	0
10.4112	0.0166544	145.806	0.826018	0
10.4332	0.016759	144.856	0.843702	0
10.4312	0.0168476	143.59	0.839281	0
10.4335	0.0167938	143.374	0.840641	0
10.4335	0.0163648	143.707	0.853904	0
10.4417	0.0162064	144.506	0.840981	0
10.4494	0.016354	144.207	0.849143	0
10.4474	0.0164635	145.339	0.848123	0
10.4611	0.016395	143.907	0.820577	0
10.465	0.0162609	143.44	0.823978	0
10.4453	0.0165202	145.04	0.83248	0
10.4387	0.0168157	145.056	0.827719	0
10.4263	0.0168281	143.374	0.83282	0
10.4175	0.0165717	145.823	0.840641	0
10.4387	0.0163411	142.557	0.842682	0
10.44	0.0164449	144.29	0.820237	0
10.4347	0.0167229	143.524	0.83248	0
10.4311	0.0161811	144.29	0.822958	0
10.3994	0.0163023	144.79	0.828059	0
10.4106	0.0163129	144.99	0.851523	0
10.4463	0.0165152	142.89	0.823638	0
10.419	0.0168446	144.39	0.813096	0
10.398	0.0160973	143.64	0.83316	0
10.4316	0.0166987	143.607	0.822958	0
10.4488	0.016599	144.49	0.844042	0
10.4435	0.0166883	145.473	0.848803	0
10.4463	0.0164715	144.873	0.858665	0
10.4275	0.0168285	146.022	0.848803	0
10.4045	0.0165189	144.69	0.826358	0
10.4264	0.0165757	143.89	0.867846	0
10.4473	0.0164047	144.123	0.826358	0
10.4331	0.0162785	144.357	0.824998	0
10.4088	0.0163029	144.64	0.838261	0
10.3971	0.0164104	144.157	0.845742	0
10.4204	0.0165724	144.523	0.852543	0
10.4267	0.0165136	143.807	0.815476	0
10.4195	0.0165226	144.89	0.856964	0
10.4546	0.0166071	144.506	0.83384	0
10.4674	0.01617	143.64	0.828739	0
10.435	0.0167035	144.023	0.83554	0
10.4507	0.0163058	143.99	0.83214	0
10.4329	0.0162108	144.223	0.843702	0
10.4096	0.0163651	144.473	0.841661	0
10.4247	0.0163214	142.574	0.822618	0
10.399	0.0160089	144.34	0.83384	0
10.3688	0.0161791	143.823	0.83588	0
10.4048	0.0163601	145.639	0.841661	0
10.4587	0.016494	145.156	0.851863	0
10.4394	0.0164921	146.006	0.827719	0
10.4148	0.0167133	143.007	0.828399	0
10.4277	0.0167986	142.607	0.83656	0
10.4244	0.0166991	144.14	0.818877	0
10.4203	0.0162182	145.14	0.861725	0
10.4421	0.0164594	144.573	0.837581	0
10.4532	0.0161532	143.973	0.837581	0
10.4326	0.0165501	142.424	0.83656	0
10.416	0.016516	144.79	0.83282	0
10.419	0.016511	143.39	0.83418	0
10.4228	0.0164309	144.406	0.840641	0
10.4543	0.0162277	144.673	0.824658	0
10.4496	0.0165017	143.773	0.856964	0
10.4264	0.016334	145.023	0.830779	0
10.4254	0.0161761	145.04	0.815476	0
10.4323	0.0159594	144.273	0.83656	0
10.4285	0.0163829	142.207	0.83656	0
10.4114	0.0162007	145.006	0.83656	0
10.4331	0.0166212	142.724	0.817857	0
10.432	0.0163685	144.14	0.839281	0
10.3984	0.016302	146.122	0.839961	0
10.4184	0.0164755	143.274	0.83486	0
10.4438	0.0162117	144.856	0.829419	0
10.4179	0.0159966	144.473	0.83418	0
10.4075	0.01629	143.124	0.840301	0
10.4144	0.0167214	144.456	0.850843	0
10.4117	0.0165771	143.773	0.846082	0
10.4311	0.0168346	144.223	0.857304	0
10.4294	0.0165525	143.29	0.837921	0
10.3942	0.0159796	142.857	0.823638	0
10.3991	0.0164048	144.956	0.828399	0
10.4122	0.0159892	143.307	0.840981	0
10.3963	0.0162976	144.706	0.839961	0
10.4096	0.0162743	144.49	0.843022	0
10.431	0.016722	144.273	0.824998	0
10.4164	0.016467	143.474	0.83214	0
10.4035	0.0162521	144.54	0.845062	0
10.4082	0.0163806	145.19	0.818877	0
10.4111	0.0163393	143.607	0.813776	0
10.3844	0.0162837	142.241	0.83622	0
10.3885	0.0166607	144.506	0.849823	0
10.4164	0.0166106	141.874	0.8369	0
10.4072	0.0164588	144.04	0.838601	0
10.3997	0.0164602	145.106	0.83452	0
10.4106	0.0165655	143.99	0.813096	0
10.4054	0.0163103	143.707	0.843702	0
10.3974	0.0161663	144.24	0.823298	0
10.4069	0.0164912	144.39	0.818877	0
10.3882	0.0166729	142.824	0.83384	0
10.3923	0.0165239	143.807	0.829419	0
10.4237	0.0162949	145.456	0.845742	0
10.41	0.0165612	143.19	0.830439	0
10.4114	0.0165377	143.907	0.824318	0
10.4299	0.0164055	144.423	0.827039	0
10.4059	0.0165945	143.39	0.859685	0
10.4073	0.0164392	145.706	0.83282	0
10.4263	0.0164596	144.323	0.83248	0
10.4154	0.0166252	144.357	0.854924	0
10.4178	0.0167294	144.257	0.821938	0
10.4124	0.0163979	143.34	0.829079	0
10.3981	0.0161362	145.123	0.856624	0
10.4203	0.0166133	144.323	0.822618	0
10.4157	0.0167334	142.974	0.821598	0
10.3974	0.0163544	145.456	0.826358	0
10.4074	0.0162649	143.44	0.83384	0
10.4064	0.0165307	143.873	0.830779	0
10.4086	0.0160762	143.99	0.824658	0
10.4044	0.0165437	144.59	0.851183	0
10.3979	0.0163593	144.023	0.83418	0
10.4129	0.0164553	144.34	0.847102	0
10.4234	0.0165713	143.69	0.841321	0
10.3941	0.0161566	144.473	0.83418	0
10.3928	0.0164419	144.19	0.828059	0
10.4185	0.0159678	142.391	0.83418	0
10.4051	0.0158965	144.54	0.855944	0
10.4189	0.016578	144.257	0.831459	0
10.4144	0.0162247	142.441	0.83486	0
10.3791	0.0168754	143.907	0.852543	0
10.4142	0.0165724	145.239	0.841661	0
10.4388	0.01659	144.44	0.817517	0
10.3959	0.0168178	142.89	0.842342	0
10.3829	0.0167809	144.207	0.820577	0
10.4134	0.0159324	144.506	0.822278	0
10.4098	0.0161138	145.923	0.825678	0
10.3827	0.0164972	144.273	0.828399	0
10.4011	0.016762	143.457	0.824318	0
10.4316	0.0163867	143.257	0.856284	0
10.419	0.0163611	144.023	0.817857	0
10.3982	0.0159667	143.34	0.827379	0
10.3826	0.0161571	143.99	0.842001	0
10.3819	0.0161652	145.406	0.813436	0
10.4124	0.0161914	143.69	0.828059	0
10.4111	0.0162897	145.889	0.831119	0
10.3992	0.0166178	144.906	0.8352	0
10.4041	0.0163129	144.79	0.844722	0
10.42	0.0159238	145.106	0.83418	0
10.4206	0.0166329	144.456	0.8335	0
10.4125	0.0165831	144.157	0.823978	0
10.4196	0.0167663	143.773	0.854244	0
10.4135	0.0164871	144.107	0.828739	0
10.3944	0.0163546	144.49	0.814116	0
10.397	0.016465	144.99	0.827379	0
10.4072	0.0164458	143.89	0.849143	0
10.4097	0.0161381	142.924	0.847443	0
10.4221	0.0166114	144.307	0.837921	0
10.4254	0.016245	143.79	0.839281	0
10.4077	0.0167089	145.623	0.853224	0
10.4021	0.0167584	143.873	0.823978	0
10.405	0.0165957	144.656	0.83452	0
10.4147	0.0161128	143.257	0.83316	0
10.4319	0.0160472	143.157	0.824998	0
10.4156	0.016345	143.707	0.854244	0
10.3766	0.0163027	143.19	0.811396	0
10.3904	0.0164904	143.607	0.843022	0
10.4173	0.0165244	145.539	0.83282	0
10.4029	0.0162125	143.89	0.83316	0
10.412	0.0161141	143.773	0.825678	0
10.4186	0.0165667	144.506	0.830439	0
10.4032	0.0167018	145.273	0.839621	0
10.4123	0.0163682	143.54	0.825678	0
10.4248	0.0157178	143.124	0.849823	0
10.4155	0.0161931	143.74	0.817857	0
10.4217	0.0161663	145.606	0.822958	0
10.4092	0.0163626	142.074	0.83282	0
10.3978	0.0164491	144.44	0.807315	0
10.407	0.016233	144.357	0.826018	0
10.3902	0.0160664	142.757	0.859685	0
10.3826	0.0163727	143.324	0.83248	0
10.4203	0.0163699	145.273	0.847102	0
10.4218	0.0170672	143.407	0.827379	0
10.3784	0.0161023	144.656	0.8335	0
10.3822	0.016611	142.624	0.839621	0
10.3852	0.0162057	145.506	0.820577	0
10.3972	0.0164481	145.423	0.827719	0
10.3918	0.0163384	144.107	0.844042	0
10.3693	0.0164708	141.958	0.839961	0
10.4036	0.0167495	144.923	0.847102	0
10.4214	0.0163614	143.89	0.816837	0
10.3998	0.016474	144.89	0.848803	0
10.4109	0.0167528	143.873	0.8318	0
10.4022	0.016773	143.274	0.83622	0
10.3806	0.0160981	143.607	0.840981	0
10.4073	0.0161613	143.24	0.838261	0
10.4185	0.0162101	143.174	0.831119	0
10.4169	0.0163395	145.556	0.817857	0
10.4283	0.0162407	143.923	0.837581	0
10.3941	0.0163328	142.974	0.837241	0
10.38	0.0169307	145.173	0.858325	0
10.3974	0.0167013	143.524	0.83316	0
10.3818	0.0162213	144.24	0.823978	0
10.3739	0.0163142	142.741	0.816157	0
10.3969	0.0164715	145.206	0.830099	0
10.4113	0.016599	143.99	0.842001	0
10.4096	0.0167818	143.474	0.817857	0
10.3784	0.0166331	142.491	0.828739	0
10.3581	0.0162854	144.606	0.842682	0
10.3971	0.0164855	143.34	0.816837	0
10.4064	0.0166908	145.423	0.819217	0
10.4041	0.0165861	145.689	0.816157	0
10.4092	0.0164347	143.59	0.826018	0
10.3933	0.0168525	144.107	0.816497	0
10.3841	0.016686	145.14	0.8369	0
10.3827	0.0163705	144.84	0.83384	0
10.3976	0.0164672	143.44	0.821257	0
10.3866	0.0162659	144.373	0.830779	0
10.3689	0.0161997	143.507	0.83486	0
10.3925	0.0164399	145.506	0.824658	0
10.4155	0.0168232	143.19	0.822618	0
10.3983	0.0165422	144.24	0.826018	0
10.393	0.0164878	142.924	0.820917	0
10.3948	0.0160954	143.973	0.822618	0
10.3816	0.0166911	142.924	0.829419	0
10.3584	0.0163021	144.373	0.811056	0
10.3738	0.0165667	143.507	0.819217	0
10.3976	0.0164546	143.29	0.825678	0
10.4077	0.0164659	145.239	0.829759	0
10.4149	0.0168315	143.823	0.83248	0
10.3821	0.016775	143.474	0.806975	0
10.3731	0.0166867	142.724	0.840981	0
10.414	0.0167419	143.057	0.818197	0
10.3969	0.0164739	144.573	0.838601	0
10.3898	0.0165202	143.107	0.824658	0
10.3958	0.0164589	144.34	0.826018	0
10.3909	0.0164086	143.657	0.827379	0
10.3926	0.0165943	146.406	0.838941	0
10.4074	0.0165003	144.64	0.821598	0
10.4062	0.0160231	143.957	0.848123	0
10.3948	0.0164539	142.591	0.806635	0
10.3971	0.0161819	144.39	0.837581	0
10.3975	0.0163843	141.874	0.83282	0
10.3927	0.0161512	145.256	0.843702	0
10.4039	0.0164432	144.223	0.83316	0
10.4054	0.0160507	144.323	0.841661	0
10.3943	0.0162231	143.907	0.837241	0
10.3958	0.015955	145.256	0.8369	0
10.3945	0.0165854	143.074	0.828739	0
10.3909	0.0163166	144.84	0.851183	0
10.384	0.0161117	144.756	0.831119	0
10.3935	0.0161122	144.073	0.827039	0
10.4061	0.0169193	142.324	0.826018	0
10.3873	0.016738	143.69	0.857985	0
10.3773	0.0165134	142.974	0.83588	0
10.3779	0.0162899	144.273	0.831459	0
10.3818	0.0165329	143.074	0.842001	0
10.3881	0.016313	144.99	0.815136	0
10.3863	0.0162648	143.923	0.839281	0
10.3825	0.0162533	143.024	0.844382	0
10.4011	0.0167952	142.424	0.83452	0
10.3907	0.0161813	143.69	0.8335	0
10.3556	0.0161791	144.723	0.825678	0
10.3776	0.016365	143.823	0.824998	0
10.4147	0.0165732	145.389	0.83588	0
10.4195	0.0161999	143.757	0.816837	0
10.3855	0.0166592	143.557	0.829759	0
10.368	0.0161684	143.257	0.854584	0
10.3826	0.016083	143.907	0.818537	0
10.3748	0.0163458	143.89	0.845742	0
10.3721	0.015789	142.724	0.819557	0
10.3774	0.0160825	144.973	0.844382	0
10.3842	0.0167959	146.272	0.849143	0
10.3704	0.0158606	143.44	0.828739	0
10.3589	0.0159312	144.257	0.847102	0
10.3954	0.0162355	144.54	0.819217	0
10.3934	0.0166621	145.273	0.831459	0
10.3548	0.0159627	144.157	0.826358	0
10.3807	0.0162605	145.439	0.829079	0
10.3875	0.0162435	144.073	0.829419	0
10.392	0.0163914	145.206	0.838601	0
10.4209	0.0167703	144.706	0.828739	0
10.3889	0.0164471	143.54	0.811736	0
10.3703	0.0165042	143.207	0.815816	0
10.3715	0.0162317	145.339	0.852203	0
10.3677	0.0162857	143.757	0.83452	0
10.387	0.0160015	143.99	0.848123	0
10.3922	0.0161333	143.74	0.819897	0
10.3787	0.016178	144.323	0.830439	0
10.3713	0.0164052	143.124	0.828399	0
10.369	0.0168043	144.023	0.838261	0
10.3837	0.0168119	142.241	0.822958	0
10.3766	0.016292	142.774	0.814116	0
10.3662	0.0161083	145.073	0.83452	0
10.3907	0.0167483	144.806	0.860705	0
10.3894	0.0159604	144.723	0.83214	0
10.377	0.0160944	144.473	0.830439	0
10.3831	0.0162511	144.456	0.827039	0
10.4043	0.0161434	143.707	0.826018	0
10.4111	0.0164368	144.44	0.812416	0
10.3949	0.0166222	143.657	0.810035	0
10.3751	0.0164528	143.857	0.830099	0
10.3783	0.0163303	144.39	0.83554	0
10.399	0.0166592	144.606	0.830439	0
10.3866	0.0163725	144.357	0.811736	0
10.3852	0.0164501	144.756	0.820237	0
10.3979	0.0161868	143.84	0.813776	0
10.3883	0.016411	144.506	0.845062	0
10.3704	0.0163546	143.857	0.828059	0
10.3721	0.0158865	145.473	0.83588	0
10.3739	0.0164245	144.207	0.840301	0
10.3776	0.0164013	142.957	0.841321	0
10.3963	0.0167097	143.34	0.820917	0
10.4003	0.0166483	143.89	0.83554	0
10.3998	0.0166753	145.056	0.825338	0
10.4129	0.0160629	144.906	0.829759	0
10.3972	0.016604	143.557	0.831119	0
10.3733	0.0171321	143.424	0.828059	0
10.4077	0.0168446	144.673	0.837921	0
10.405	0.0163879	145.04	0.843702	0
10.386	0.0165016	144.49	0.857985	0
10.3903	0.0164022	144.556	0.845742	0
10.3897	0.016355	144.406	0.8352	0
10.377	0.0158034	144.656	0.824998	0
10.3533	0.0165782	143.29	0.855264	0
10.349	0.0163253	143.39	0.853564	0
10.3701	0.0164636	145.339	0.839621	0
10.3912	0.0164246	144.423	0.83214	0
10.3975	0.0165651	143.257	0.83282	0
10.3686	0.0161609	143.307	0.845742	0
10.3858	0.0164053	145.356	0.829079	0
10.3887	0.0162664	145.289	0.818877	0
10.3692	0.0170122	144.623	0.818197	0
10.3905	0.0165909	143.34	0.852203	0
10.3977	0.0167024	144.773	0.83282	0
10.3887	0.0161819	144.923	0.808335	0
10.3813	0.0163714	143.124	0.811736	0
10.3688	0.0164619	145.373	0.831119	0
10.3792	0.016302	143.407	0.849483	0
10.3862	0.0163192	143.107	0.804254	0
10.3924	0.0164855	144.307	0.83384	0
10.3832	0.0165571	144.357	0.838601	0
10.3775	0.0161578	145.389	0.848123	0
10.3802	0.0164805	143.357	0.815816	0
10.3426	0.0166069	141.808	0.821938	0
10.3573	0.0161524	143.557	0.83316	0
10.4034	0.0165675	143.54	0.861045	0
10.3994	0.0162765	144.79	0.861725	0
10.3798	0.0159987	143.907	0.83248	0
10.372	0.0161666	142.574	0.831459	0
10.385	0.016703	143.207	0.819897	0
10.3952	0.0168349	143.807	0.837581	0
10.4034	0.0162697	143.99	0.8335	0
10.4104	0.0160727	144.606	0.826018	0
10.4007	0.0163337	143.773	0.842342	0
10.3913	0.0164233	144.69	0.808675	0
10.3798	0.0164984	144.523	0.83282	0
10.3677	0.0158901	142.99	0.826699	0
10.3721	0.0162559	144.207	0.821257	0
10.369	0.0165432	143.657	0.839621	0
10.3595	0.0162813	142.374	0.838941	0
10.3863	0.0163302	143.157	0.83384	0
10.402	0.016954	143.157	0.842001	0
10.3786	0.0163825	144.373	0.838261	0
10.395	0.0162779	145.19	0.804934	0
10.4029	0.0166239	143.507	0.83656	0
10.3763	0.016418	144.107	0.824318	0
10.3616	0.0164748	143.307	0.857985	0
10.3605	0.0166748	144.257	0.83622	0
10.3582	0.0166339	143.607	0.838261	0
10.3625	0.01648	143.873	0.841321	0
10.376	0.0161034	145.073	0.83248	0
10.3802	0.0162354	143.99	0.851183	0
10.3725	0.0168766	143.324	0.823298	0
10.3961	0.0161811	144.673	0.826699	0
10.4307	0.0163931	145.306	0.83214	0
10.4027	0.0163706	143.09	0.837581	0
10.3431	0.0162378	142.424	0.820917	0
10.3555	0.0162984	143.623	0.830779	0
10.4014	0.0160709	143.607	0.841661	0
10.3937	0.0162259	144.223	0.8369	0
10.3864	0.0167587	144.973	0.812756	0
10.3895	0.0164859	143.873	0.810715	0
10.3756	0.0167639	144.107	0.8318	0
10.3851	0.016703	144.057	0.83486	0
10.4075	0.0162658	143.84	0.818537	0
10.4148	0.016455	145.506	0.841661	0
10.3748	0.0166688	144.357	0.829419	0
10.3509	0.0162819	144.606	0.838601	0
10.3709	0.0163308	144.64	0.856964	0
10.3959	0.0167281	144.473	0.843702	0
10.3835	0.0164904	144.323	0.856624	0
10.3529	0.0163118	143.54	0.841321	0
10.3587	0.0166273	143.99	0.8318	0
10.3957	0.016541	143.823	0.83486	0
10.3858	0.0165022	143.157	0.818197	0
10.3793	0.0164731	143.84	0.829419	0
10.3866	0.0167707	145.573	0.839961	0
10.3571	0.0165597	143.207	0.823638	0
10.3701	0.0166451	143.94	0.846422	0
10.4117	0.01672	143.34	0.845402	0
10.4059	0.0166741	146.022	0.839961	0
10.3755	0.0162255	144.54	0.822618	0
10.3661	0.0161342	144.756	0.847102	0
10.3909	0.0165435	143.623	0.826358	0
10.4115	0.0163995	144.173	0.827379	0
10.3857	0.016494	144.556	0.83554	0
10.373	0.016047	144.756	0.83214	0
10.3858	0.0166068	144.456	0.812076	0
10.3646	0.0164578	143.823	0.837241	0
10.3572	0.0164495	144.49	0.818537	0
10.3493	0.0166988	142.641	0.838261	0
10.3589	0.016455	144.59	0.844382	0
10.3889	0.0161388	143.94	0.83588	0
10.3527	0.0163668	143.79	0.830099	0
10.3486	0.0161519	143.39	0.844042	0
10.3937	0.0163574	142.674	0.851863	0
10.3639	0.0163524	145.773	0.83384	0
10.3362	0.0163804	143.14	0.825678	0
10.3416	0.016494	143.274	0.828059	0
10.3563	0.0166135	143.923	0.844722	0
10.384	0.0162175	144.856	0.842342	0
10.3687	0.0165593	143.607	0.849483	0
10.3625	0.0163544	144.09	0.829759	0
10.3742	0.0160086	143.324	0.863426	0
10.3837	0.0165425	144.506	0.843362	0
10.3847	0.0163003	144.823	0.826358	0
10.3766	0.0162757	143.74	0.849823	0
10.3677	0.0162344	144.207	0.83384	0
10.363	0.0162333	142.474	0.845062	0
10.3831	0.0164098	144.54	0.841321	0
10.3711	0.0165613	143.99	0.841321	0
10.3573	0.0164877	145.406	0.830099	0
10.3637	0.0162777	145.523	0.830439	0
10.3893	0.0167154	143.107	0.855264	0
10.4024	0.0164052	144.107	0.83214	0
10.3739	0.0161357	144.257	0.838941	0
10.3743	0.0160803	143.34	0.858325	0
10.4015	0.0167372	144.14	0.826358	0
10.396	0.0169332	144.14	0.814796	0
10.3509	0.0165231	143.49	0.838941	0
10.3407	0.0161017	143.09	0.825678	0
10.3726	0.0162944	144.14	0.828059	0
10.3813	0.016271	143.94	0.826699	0
10.3806	0.0165484	144.24	0.83554	0
10.3821	0.0163821	145.289	0.83554	0
10.3706	0.0163228	144.756	0.820577	0
10.3707	0.0167507	144.79	0.847783	0
10.3795	0.0165808	144.49	0.854584	0
10.3724	0.0160134	143.79	0.848123	0
10.3786	0.0165879	144.24	0.800854	0
10.383	0.016403	145.373	0.83656	0
10.3699	0.016655	142.574	0.843362	0
10.3619	0.0165338	144.24	0.828739	0
10.3724	0.0160865	144.456	0.830779	0
10.3611	0.0160909	143.707	0.826018	0
10.3609	0.016364	143.524	0.823638	0
10.3921	0.0163384	143.823	0.827719	0
10.3847	0.0163338	143.973	0.814456	0
10.3675	0.0169033	143.923	0.844042	0
10.3773	0.0163962	144.79	0.825338	0
10.3839	0.0163968	144.473	0.840301	0
10.3709	0.0164838	142.441	0.83282	0
10.3537	0.0164616	143.89	0.808675	0
10.3615	0.0166202	144.823	0.837241	0
10.3869	0.01665	144.54	0.838601	0
10.4007	0.0161795	142.707	0.811736	0
10.385	0.016556	143.907	0.83316	0
10.3648	0.0162439	144.207	0.842001	0
10.3583	0.0161796	144.473	0.801194	0
10.3817	0.0166317	144.207	0.8335	0
10.3922	0.0164186	143.873	0.838601	0
10.366	0.016368	144.74	0.840981	0
10.3755	0.0165008	144.173	0.838941	0
10.4063	0.0161883	144.34	0.839281	0
10.3755	0.0166749	143.44	0.820237	0
10.3574	0.0166094	143.707	0.822278	0
10.3674	0.0164526	143.307	0.853564	0
10.3649	0.0164423	144.223	0.843362	0
10.3732	0.0161689	143.907	0.829759	0
10.3716	0.016618	143.69	0.824658	0
10.3697	0.0161134	144.323	0.817857	0
10.3733	0.0162547	143.557	0.823298	0
10.3554	0.0164689	143.973	0.811396	0
10.346	0.0164894	142.724	0.829079	0
10.3492	0.0165003	142.974	0.813096	0
10.3498	0.0168543	142.874	0.847102	0
10.3486	0.0164981	142.807	0.829759	0
10.3733	0.0163278	144.706	0.83282	0
10.3926	0.0163345	144.423	0.815816	0
10.3802	0.0164031	142.591	0.8318	0
10.3858	0.0168414	144.09	0.826358	0
10.3834	0.0165525	144.04	0.849823	0
10.355	0.0160383	143.973	0.850843	0
10.3459	0.0163285	143.707	0.818877	0
10.3847	0.016783	144.573	0.83214	0
10.4089	0.0163884	143.424	0.810375	0
10.3823	0.0163912	143.857	0.83384	0
10.3753	0.0162625	144.44	0.821598	0
10.4023	0.0167308	142.924	0.818537	0
10.3893	0.016319	144.506	0.822618	0
10.3668	0.0164737	143.44	0.83384	0
10.3704	0.0163603	144.473	0.821598	0
10.3869	0.0165071	142.657	0.821598	0
10.3822	0.0161501	142.674	0.841661	0
10.3587	0.0160022	143.757	0.826358	0
10.3528	0.0166226	143.89	0.8318	0
10.3756	0.0166294	145.206	0.826358	0
10.3717	0.016417	143.524	0.83418	0
10.3656	0.0165182	145.289	0.830099	0
10.3819	0.0164702	143.374	0.826358	0
10.37	0.0162403	142.141	0.83384	0
10.3716	0.0160916	143.324	0.818877	0
10.3846	0.0164726	143.524	0.829419	0
10.3712	0.0165363	143.64	0.818877	0
10.3696	0.0160949	145.006	0.828739	0
10.364	0.0164578	142.207	0.828059	0
10.341	0.0161259	142.807	0.8352	0
10.3625	0.016147	144.823	0.840641	0
10.3752	0.0162352	141.824	0.840641	0
10.3471	0.0165379	143.457	0.83384	0
10.3454	0.0165373	144.39	0.850503	0
10.3646	0.0166944	143.957	0.862405	0
10.3649	0.0166214	143.657	0.813096	0
10.3552	0.0163226	143.557	0.826699	0
10.3657	0.0162421	145.339	0.828059	0
10.3971	0.0164839	144.506	0.839621	0
10.4088	0.0162162	146.039	0.842001	0
10.3921	0.016448	144.606	0.827719	0
10.3504	0.016295	143.424	0.831459	0
10.348	0.0160524	143.923	0.83316	0
10.3879	0.0162175	143.823	0.8369	0
10.3866	0.0160713	143.857	0.831119	0
10.3657	0.0164792	143.39	0.826699	0
10.3583	0.0163631	144.123	0.8369	0
10.3445	0.0163432	143.957	0.846082	0
10.3541	0.0161526	144.49	0.837581	0
10.3606	0.016196	142.557	0.83282	0
10.3389	0.0165213	144.173	0.837241	0
10.372	0.0162603	145.739	0.839281	0
10.3985	0.0162993	143.14	0.847443	0
10.3787	0.0165212	144.34	0.842001	0
10.3753	0.0161654	143.99	0.825338	0
10.3662	0.0162427	142.057	0.823298	0
10.3612	0.0164069	143.857	0.837921	0
10.3795	0.0167354	144.19	0.819557	0
10.378	0.0164803	143.657	0.854244	0
10.3619	0.0160733	143.99	0.830099	0
10.3599	0.0161843	144.257	0.838941	0
10.3817	0.0168263	145.206	0.8318	0
10.4007	0.0162007	143.64	0.839961	0
10.374	0.0161698	144.173	0.850163	0
10.3582	0.0162776	143.74	0.840641	0
10.3682	0.0166802	143.14	0.838601	0
10.371	0.0167095	143.957	0.8369	0
10.3725	0.0162989	144.523	0.844382	0
10.3609	0.0163898	143.857	0.827039	0
10.3529	0.0162363	145.239	0.827039	0
10.3671	0.0161547	142.674	0.837241	0
10.3866	0.0165297	144.823	0.844722	0
10.3878	0.0166936	143.79	0.823638	0
10.3622	0.0166716	144.44	0.828399	0
10.3555	0.0163369	143.257	0.823978	0
10.3791	0.0165339	144.54	0.840641	0
10.3872	0.016207	143.057	0.83214	0
10.3765	0.0166706	143.307	0.8352	0
10.3937	0.0165605	145.056	0.826699	0
10.3946	0.0161473	144.34	0.83282	0
10.359	0.0161073	143.424	0.83248	0
10.3454	0.0160462	144.523	0.840301	0
10.3621	0.0161284	143.823	0.83384	0
10.3542	0.0167241	143.007	0.837921	0
10.3647	0.0163915	144.956	0.860705	0
10.3968	0.0163491	143.207	0.840301	0
10.3906	0.0162908	144.69	0.820577	0
10.3855	0.0166074	144.057	0.847443	0
10.3966	0.0162662	142.857	0.826699	0
10.3855	0.0164049	143.94	0.812416	0
10.3688	0.0162004	143.823	0.853224	0
10.3593	0.0162791	143.04	0.837241	0
10.3495	0.016139	143.657	0.824658	0
10.3744	0.0164231	143.524	0.83656	0
10.3835	0.0164245	143.757	0.83486	0
10.3693	0.0158223	144.44	0.826018	0
10.3716	0.0163548	143.657	0.822618	0
10.3807	0.0157055	143.607	0.849483	0
10.3852	0.0161387	144.04	0.815816	0
10.3554	0.0161885	143.424	0.83384	0
10.3352	0.0164451	144.307	0.831459	0
10.3541	0.0160092	144.107	0.827039	0
10.3695	0.0163322	142.641	0.861045	0
10.3625	0.016652	144.406	0.843022	0
10.3714	0.0166155	144.223	0.823638	0
10.368	0.0166853	144.14	0.828739	0
10.3751	0.0166801	144.79	0.848463	0
10.385	0.0161121	143.623	0.840641	0
10.365	0.0162772	142.874	0.830439	0
10.3477	0.0160501	145.156	0.851863	0
10.359	0.016508	142.791	0.820577	0
10.3878	0.0166204	142.957	0.829079	0
10.3832	0.0168253	144.257	0.844042	0
10.3527	0.0159273	143.69	0.818877	0
10.3619	0.0163511	144.223	0.824998	0
10.3891	0.0163287	144.04	0.813436	0
10.3571	0.0166123	143.707	0.838261	0
10.3246	0.0163155	145.256	0.810375	0
10.354	0.0160809	144.19	0.827039	0
10.3902	0.0164336	145.323	0.8369	0
10.3625	0.0163588	143.157	0.841321	0
10.3521	0.0165727	144.506	0.838601	0
10.383	0.0163893	144.906	0.830439	0
10.3787	0.016309	144.656	0.838261	0
10.3725	0.016367	143.19	0.838941	0
10.371	0.0162464	144.94	0.83316	0
10.3826	0.0164456	145.023	0.818877	0
10.388	0.016521	144.023	0.843022	0
10.3602	0.0165686	143.673	0.83282	0
10.3627	0.0161909	144.307	0.828399	0
10.3868	0.0164925	143.574	0.852543	0
10.38	0.0167716	143.224	0.857985	0
10.3785	0.0165712	142.924	0.815476	0
10.3866	0.0164949	144.94	0.83588	0
10.3687	0.0163583	143.923	0.813776	0
10.363	0.0165946	143.74	0.850163	0
10.3846	0.0167249	143.29	0.83214	0
10.3787	0.0164377	143.94	0.839961	0
10.3656	0.016784	143.474	0.824318	0
10.3635	0.0164723	143.424	0.839281	0
10.3696	0.0164509	144.59	0.830099	0
10.3836	0.016724	144.307	0.824658	0
10.3641	0.0162481	143.99	0.814796	0
10.3278	0.0159185	145.506	0.844042	0
10.3492	0.0160783	144.673	0.83418	0
10.3737	0.0163628	144.157	0.854244	0
10.374	0.0168309	144.773	0.837921	0
10.3865	0.0164408	143.94	0.837581	0
10.3831	0.0170595	144.107	0.849143	0
10.3758	0.0167992	144.84	0.845742	0
10.3764	0.0164079	143.957	0.825338	0
10.3518	0.0161275	143.057	0.859685	0
10.3661	0.0163596	143.19	0.838601	0
10.3922	0.0164585	144.24	0.829759	0
10.3671	0.0163525	143.107	0.8318	0
10.3488	0.0163633	144.923	0.838601	0
10.3595	0.0164262	142.091	0.838941	0
10.3631	0.0166618	143.84	0.83214	0
10.3579	0.016229	144.856	0.844722	0
10.3568	0.01641	144.057	0.829079	0
10.3581	0.0162149	143.04	0.829079	0
10.3544	0.016762	144.606	0.827379	0
10.3586	0.0162947	144.59	0.83248	0
10.3755	0.0165796	143.94	0.812076	0
10.3598	0.0164632	143.94	0.839961	0
10.3502	0.0165843	143.274	0.821257	0
10.3838	0.0166088	143.923	0.840981	0
10.3764	0.0163613	143.823	0.838261	0
10.3406	0.0163081	143.29	0.824658	0
10.354	0.0166231	144.023	0.829079	0
10.3731	0.0165528	143.424	0.840641	0
10.3708	0.0162686	143.723	0.851523	0
10.3555	0.016501	144.29	0.8352	0
10.3693	0.0166643	144.54	0.848463	0
10.4044	0.0164834	144.523	0.813436	0
10.3909	0.0164144	142.524	0.83316	0
10.3572	0.0161483	143.09	0.838601	0
10.3701	0.0161454	145.023	0.828059	0
10.3846	0.016264	145.306	0.820237	0
10.3625	0.0161861	143.174	0.83316	0
10.355	0.0163077	143.757	0.849823	0
10.3793	0.0163696	144.023	0.845742	0
10.3814	0.0164674	144.257	0.837241	0
10.3524	0.0163365	144.956	0.829079	0
10.3455	0.0163342	144.506	0.83622	0
10.3672	0.0165118	144.123	0.8318	0
10.3665	0.0164457	142.957	0.815476	0
10.3484	0.0163292	143.873	0.821938	0
10.3315	0.0163033	145.04	0.829419	0
10.3468	0.0158583	144.44	0.858325	0
10.3742	0.016348	145.256	0.8335	0
10.3707	0.016096	143.857	0.844382	0
10.3647	0.0160443	145.04	0.83656	0
10.3747	0.0167615	143.374	0.8369	0
10.3653	0.0163374	145.639	0.851183	0
10.3598	0.0163127	144.173	0.8369	0
10.3799	0.0166813	143.157	0.83622	0
10.3771	0.0161543	144.023	0.8318	0
10.3514	0.0162483	144.073	0.813096	0
10.3594	0.0166697	143.623	0.815476	0
10.3699	0.0162915	144.173	0.830439	0
10.3447	0.0161929	144.506	0.820917	0
10.356	0.0164091	145.656	0.83588	0
10.3809	0.0164897	142.674	0.847783	0
10.3583	0.0164778	142.407	0.843022	0
10.3562	0.0159479	143.657	0.841321	0
10.3877	0.0163652	144.223	0.83452	0
10.3643	0.0163053	143.34	0.807315	0
10.3448	0.0164118	144.107	0.827379	0
10.375	0.016697	142.84	0.8335	0
10.384	0.0164089	143.374	0.819217	0
10.3779	0.0167514	143.79	0.837241	0
10.3463	0.0168549	143.64	0.848123	0
10.3463	0.0163007	145.156	0.824318	0
10.3664	0.0161931	144.523	0.840301	0
10.3485	0.0160301	143.657	0.829079	0
10.3486	0.0163492	145.873	0.816157	0
10.3678	0.0162663	143.307	0.844042	0
10.3518	0.0161102	144.573	0.83554	0
10.3467	0.0162985	144.59	0.814116	0
10.3617	0.0164964	143.074	0.847783	0
10.3514	0.0167835	142.824	0.830779	0
10.3469	0.0165684	143.524	0.831459	0
10.3446	0.0163618	145.289	0.828399	0
10.3653	0.0157676	145.306	0.83554	0
10.3976	0.0163456	144.04	0.847783	0
10.3734	0.0162711	144.157	0.820577	0
10.3392	0.0161851	145.006	0.847443	0
10.3697	0.0167616	142.657	0.849823	0
10.384	0.0160064	141.908	0.83316	0
10.3408	0.0161683	141.724	0.820917	0
10.3339	0.0163367	143.94	0.826018	0
10.3676	0.0159103	145.323	0.819897	0
10.3748	0.016571	143.907	0.823638	0
10.3632	0.0163958	144.89	0.830439	0
10.3648	0.0167026	143.307	0.802894	0
10.3769	0.016513	143.474	0.830439	0
10.3787	0.0161807	144.223	0.826018	0
10.3644	0.0164597	143.69	0.842342	0
10.3495	0.0161994	143.457	0.813776	0
10.3463	0.0164613	143.823	0.83486	0
10.3599	0.0165412	143.69	0.823978	0
10.3773	0.0164012	144.057	0.83418	0
10.3853	0.0161962	144.806	0.83282	0
10.3499	0.0168626	143.857	0.823978	0
10.3326	0.0163045	144.223	0.839961	0
10.3621	0.0163663	144.207	0.847102	0
10.3688	0.0163886	144.606	0.83622	0
10.35	0.0166383	142.774	0.83282	0
10.3471	0.0168191	144.24	0.821257	0
10.3588	0.0162738	143.69	0.83622	0
10.3563	0.0164051	144.04	0.83486	0
10.3699	0.0158134	143.107	0.837581	0
10.3796	0.0163858	143.274	0.808335	0
10.3529	0.016381	145.106	0.829759	0
10.3592	0.0163403	144.99	0.856284	0
10.387	0.0164512	144.223	0.830779	0
10.3869	0.0163884	143.04	0.83486	0
10.3663	0.0164205	143.057	0.83486	0
10.3443	0.0166864	142.774	0.824658	0
10.3555	0.0169512	144.29	0.823638	0
10.3552	0.0165185	142.207	0.822278	0
10.3253	0.0163578	143.74	0.838601	0
10.3445	0.0161306	144.34	0.827719	0
10.3868	0.016604	144.39	0.83622	0
10.3633	0.0160461	143.723	0.820577	0
10.3522	0.0166308	143.24	0.838601	0
10.3845	0.0165705	144.273	0.822278	0
10.3846	0.0168872	144.323	0.850503	0
10.3617	0.016559	142.624	0.83248	0
10.36	0.0164428	142.507	0.811736	0
10.363	0.0163707	143.923	0.830099	0
10.3713	0.016462	145.156	0.845742	0
10.3704	0.0167257	144.057	0.819557	0
10.3611	0.0165335	143.207	0.829079	0
10.3336	0.0162703	145.306	0.83248	0
10.3294	0.0163035	144.673	0.837241	0
10.3642	0.0166551	142.741	0.840981	0
10.3645	0.0165032	145.306	0.83316	0
10.3731	0.0165857	144.14	0.823978	0
10.3883	0.0163943	145.206	0.822618	0
10.3638	0.01652	144.157	0.826358	0
10.3568	0.0161062	144.373	0.8335	0
10.3561	0.0158922	145.489	0.829079	0
10.357	0.0163795	143.773	0.844042	0
10.3825	0.0162444	143.773	0.840641	0
10.397	0.016268	145.489	0.8335	0
10.3694	0.0164448	143.19	0.845402	0
10.3516	0.0163151	143.74	0.842342	0
10.3791	0.0165911	145.273	0.823298	0
10.405	0.016232	143.607	0.843362	0
10.3909	0.01659	143.407	0.824658	0
10.38	0.0167025	143.607	0.83452	0
10.3914	0.016332	142.557	0.829079	0
10.3721	0.0166752	143.057	0.838601	0
10.3519	0.016695	143.49	0.827039	0
10.3607	0.016318	144.523	0.809015	0
10.3755	0.0165599	143.524	0.83214	0
10.3882	0.0169472	143.94	0.828059	0
10.3726	0.0160133	145.206	0.843022	0
10.3406	0.0161559	142.874	0.829419	0
10.3498	0.016286	145.556	0.821938	0
10.3775	0.0165548	143.34	0.843702	0
10.3685	0.016216	145.556	0.822278	0
10.3592	0.016467	143.307	0.848463	0
10.3559	0.0162636	144.373	0.837581	0
10.3621	0.0166417	145.656	0.824658	0
10.3707	0.0163167	143.757	0.83588	0
10.3683	0.0166906	143.457	0.839961	0
10.3687	0.0169658	143.64	0.83486	0
10.3617	0.0163825	144.506	0.83452	0
10.3587	0.0161934	143.357	0.83656	0
10.3602	0.0164902	143.39	0.806295	0
10.361	0.0159745	143.59	0.83554	0
10.3827	0.0166709	144.24	0.83248	0
10.3711	0.0162813	142.541	0.829419	0
10.3577	0.0163891	144.173	0.817517	0
10.3969	0.0164123	143.923	0.83384	0
10.3919	0.0161139	144.59	0.839961	0
10.3476	0.0162156	142.957	0.821938	0
10.3437	0.0159245	143.007	0.852543	0
10.3617	0.0162003	144.523	0.838941	0
10.3764	0.0163164	146.122	0.847102	0
10.3766	0.0161343	141.874	0.843362	0
10.366	0.0163877	144.14	0.845402	0
10.3577	0.0161817	145.306	0.844042	0
10.3486	0.016445	143.69	0.851863	0
10.3482	0.0164537	145.556	0.825678	0
10.3948	0.0166239	145.639	0.865126	0
10.3755	0.0165001	144.09	0.83656	0
10.3458	0.0161665	143.99	0.822618	0
10.3751	0.0167557	144.373	0.822958	0
10.3693	0.0164424	142.974	0.821598	0
10.3175	0.0161091	142.757	0.839281	0
10.3335	0.0162241	144.44	0.864786	0
10.4004	0.0161678	145.556	0.846082	0
10.3835	0.0165508	143.74	0.83622	0
10.3321	0.0163594	141.724	0.828739	0
10.3292	0.0164769	142.657	0.844722	0
10.3588	0.0159092	142.99	0.83248	0
10.3745	0.0163102	145.389	0.837241	0
10.3743	0.0165996	143.773	0.820577	0
10.3612	0.0165361	144.29	0.816497	0
10.3626	0.0167382	143.857	0.839621	0
10.349	0.0163618	143.74	0.826018	0
10.3372	0.016134	144.54	0.83214	0
10.3843	0.0168833	143.84	0.847443	0
10.3637	0.0166259	142.691	0.814116	0
10.3327	0.016059	145.356	0.822278	0
10.3717	0.0162007	143.157	0.847102	0
10.3906	0.0162781	144.24	0.845062	0
10.3779	0.0165816	144.173	0.837241	0
10.3643	0.0164983	143.24	0.815476	0
10.3473	0.0167082	142.774	0.850163	0
10.3209	0.0169957	143.74	0.824658	0
10.3418	0.0164096	144.023	0.822278	0
10.3893	0.0165462	145.156	0.818197	0
10.3972	0.0164557	143.257	0.822958	0
10.3624	0.0166494	144.99	0.8352	0
10.3493	0.0165804	143.907	0.845062	0
10.3613	0.0162527	142.807	0.818197	0
10.3581	0.0165132	143.44	0.842001	0
10.3745	0.0167185	143.524	0.837241	0
10.3757	0.0162579	145.306	0.83622	0
10.3654	0.0161462	145.123	0.801194	0
10.3727	0.0165407	143.307	0.822618	0
10.3508	0.0160096	143.673	0.846762	0
10.3401	0.0161329	144.223	0.837581	0
10.364	0.0159712	143.89	0.83316	0
10.373	0.0165028	142.607	0.83384	0
10.3498	0.0164073	143.79	0.845402	0
10.3649	0.0162944	144.69	0.83656	0
10.379	0.0160291	143.623	0.83486	0
10.366	0.0159638	144.023	0.840981	0
10.3552	0.0157267	142.057	0.816157	0
10.3493	0.0161645	144.873	0.847783	0
10.3618	0.0158253	143.873	0.845402	0
10.3774	0.0163648	144.906	0.825678	0
10.3686	0.0165044	142.707	0.828059	0
10.3591	0.0166941	145.973	0.849483	0
10.3587	0.0163753	142.441	0.821598	0
10.3534	0.0164552	143.307	0.83282	0
10.3561	0.0165361	142.89	0.827719	0
10.349	0.0163538	145.239	0.824658	0
10.35	0.0163405	143.457	0.847443	0
10.3512	0.0160297	143.857	0.820577	0
10.3711	0.0161741	144.773	0.83316	0
10.374	0.0167	143.54	0.853564	0
10.3567	0.0166987	144.406	0.839281	0
10.3737	0.0166723	144.19	0.826699	0
10.3844	0.0167899	144.44	0.865126	0
10.3773	0.0169167	143.457	0.804594	0
10.3524	0.0162019	142.357	0.814796	0
10.3207	0.0165216	143.723	0.83656	0
10.326	0.0164023	144.406	0.838601	0
10.3641	0.0159873	144.057	0.811056	0
10.3832	0.0158385	142.741	0.825678	0
10.3754	0.0161649	145.273	0.843702	0
10.3675	0.0161401	145.173	0.824998	0
10.359	0.0164501	143.857	0.828739	0
10.3708	0.0163984	144.423	0.842342	0
10.3692	0.016282	144.023	0.83214	0
10.3316	0.0163419	143.557	0.847443	0
10.3415	0.0166893	143.607	0.828399	0
10.3728	0.0162339	142.457	0.839281	0
10.3621	0.0159806	143.457	0.849143	0
10.3426	0.0163112	144.406	0.844722	0
10.3529	0.0167151	144.14	0.839961	0
10.3704	0.0160489	144.556	0.801194	0
10.3587	0.0163583	144.04	0.837241	0
10.3578	0.0164878	145.206	0.815136	0
10.3826	0.0160908	144.923	0.843362	0
10.3644	0.016812	142.89	0.829079	0
10.3492	0.0165205	144.107	0.811396	0
10.3655	0.0167246	145.389	0.852884	0
10.3605	0.0167267	144.04	0.845402	0
10.3548	0.0163051	145.256	0.826699	0
10.3758	0.0164661	145.956	0.819557	0
10.3666	0.0164781	144.207	0.805955	0
10.3711	0.0165308	143.657	0.838941	0
10.3779	0.0164733	144.19	0.83214	0
10.358	0.0162896	144.473	0.809695	0
10.3649	0.0163784	143.49	0.83588	0
10.3717	0.0164688	144.473	0.843022	0
10.3664	0.0162719	144.173	0.83486	0
10.3735	0.0162168	144.94	0.852543	0
10.3923	0.0162627	143.157	0.845742	0
10.3978	0.0162368	144.023	0.839621	0
10.3796	0.0164206	143.557	0.837241	0
10.3488	0.015969	142.324	0.843362	0
10.3584	0.0161379	144.173	0.83282	0
10.376	0.016587	144.39	0.838601	0
10.359	0.0163151	144.623	0.83282	0
10.3583	0.0166367	143.807	0.822618	0
10.3617	0.0163238	143.89	0.83384	0
10.3492	0.0171404	144.19	0.844722	0
10.3547	0.0164856	143.24	0.837921	0
10.3468	0.0167293	142.857	0.821938	0
10.3301	0.0164318	143.673	0.864446	0
10.3498	0.0159745	143.507	0.830779	0
10.3508	0.0160679	143.49	0.853564	0
10.3339	0.0164826	144.423	0.830439	0
10.3585	0.016742	144.973	0.841661	0
10.3924	0.0165254	144.257	0.847783	0
10.3714	0.0165818	142.707	0.846422	0
10.3442	0.0162284	144.14	0.824998	0
10.3647	0.0165211	144.09	0.818877	0
10.3681	0.016302	143.607	0.822618	0
10.3658	0.0163342	144.84	0.830779	0
10.3835	0.0162146	143.84	0.830439	0
10.3709	0.0163452	142.424	0.837581	0
10.372	0.0164019	143.224	0.828739	0
10.3651	0.0166265	144.823	0.831119	0
10.3425	0.0166518	144.623	0.828739	0
10.3729	0.0162729	144.773	0.8318	0
10.3722	0.0162427	143.24	0.830779	0
10.3277	0.0165414	144.307	0.853904	0
10.3403	0.0166232	142.641	0.814456	0
10.3827	0.0159128	143.574	0.824318	0
10.3781	0.0164329	144.44	0.837581	0
10.3579	0.0162611	143.64	0.826699	0
10.3598	0.0164116	144.24	0.83554	0
10.3655	0.0160607	143.374	0.825678	0
10.3621	0.0161293	145.073	0.850843	0
0	0	0	0	0
0	0	0	0	0
0	0	0	0	0
0	0	0	0	0
0	0	0	0	0
0	0	0	0	0
0	0	0	0	0
0	0	0	0	0
0	0	0	0	0
0	0	0	0	0
0	0	0	0	0
0	0	0	0	0
0	0	0	0	0
0	0	0	0	0
0	0	0	0	0
0	0	0	0	0
0	0	0	0	0
0	0	0	0	0
0	0	0	0	0
0	0	0	0	0
0	0	0	0	0
0	0	0	0	0
0	0	0	0	0
0	0	0	0	0
0	0	0	0	0
0	0	0	0	0
0	0	0	0	0
0	0	0	0	0
0	0	0	0	0
0	0	0	0	0
0	0	0	0	0
0	0	0	0	0
0	0	0	0	0
0	0	0	0	0
0	0	0	0	0
0	0	0	0	0
0	0	0	0	0
0	0	0	0	0
0	0	0	0	0
0	0	0	0	0
0	0	0	0	0
0	0	0	0	0
0	0	0	0	0
0	0	0	0	0
0	0	0	0	0
0	0	0	0	0
0	0	0	0	0
0	0	0	0	0
0	0	0	0	0
0	0	0	0	0
0	0	0	0	0
0	0	0	0	0
0	0	0	0	0
0	0	0	0	0
0	0	0	0	0
0	0	0	0	0
0	0	0	0	0
0	0	0	0	0
0	0	0	0	0
0	0	0	0	0
0	0	0	0	0
0	0	0	0	0
0	0	0	0	0
0	0	0	0	0
0	0	0	0	0
0	0	0	0	0
0	0	0	0	0
0	0	0	0	0
0	0	0	0	0
0	0	0	0	0
0	0	0	0	0
0	0	0	0	0
0	0	0	0	0
0	0	0	0	0
0	0	0	0	0
0	0	0	0	0
0	0	0	0	0
0	0	0	0	0
0	0	0	0	0
0	0	0	0	0
0	0	0	0	0
0	0	0	0	0
0	0	0	0	0
0	0	0	0	0
0	0	0	0	0
0	0	0	0	0
0	0	0	0	0
0	0	0	0	0
0	0	0	0	0
0	0	0	0	0
0	0	0	0	0
0	0	0	0	0
0	0	0	0	0
0	0	0	0	0
0	0	0	0	0
0	0	0	0	0
0	0	0	0	0
0	0	0	0	0
0	0	0	0	0
0	0	0	0	0
0	0	0	0	0
0	0	0	0	0
0	0	0	0	0
0	0	0	0	0
0	0	0	0	0
0	0	0	0	0
0	0	0	0	0
0	0	0	0	0
0	0	0	0	0
0	0	0	0	0
0	0	0	0	0
0	0	0	0	0
0	0	0	0	0
0	0	0	0	0
0	0	0	0	0
0	0	0	0	0
0	0	0	0	0
0	0	0	0	0
0	0	0	0	0
0	0	0	0	0
0	0	0	0	0
0	0	0	0	0
0	0	0	0	0
0	0	0	0	0
0	0	0	0	0
0	0	0	0	0
0	0	0	0	0
0	0	0	0	0
0	0	0	0	0
0	0	0	0	0
0	0	0	0	0
0	0	0	0	0
0	0	0	0	0
0	0	0	0	0
0	0	0	0	0
0	0	0	0	0
0	0	0	0	0
0	0	0	0	0
0	0	0	0	0
0	0	0	0	0
0	0	0	0	0
0	0	0	0	0
0	0	0	0	0
0	0	0	0	0
0	0	0	0	0
0	0	0	0	0
0	0	0	0	0
0	0	0	0	0
0	0	0	0	0
0	0	0	0	0
0	0	0	0	0
0	0	0	0	0
0	0	0	0	0
0	0	0	0	0
0	0	0	0	0
0	0	0	0	0
0	0	0	0	0
0	0	0	0	0
0	0	0	0	0
0	0	0	0	0
0	0	0	0	0
0	0	0	0	0
0	0	0	0	0
0	0	0	0	0
0	0	0	0	0
0	0	0	0	0
0	0	0	0	0
0	0	0	0	0
0	0	0	0	0
0	0	0	0	0
0	0	0	0	0
0	0	0	0	0
0	0	0	0	0
0	0	0	0	0
0	0	0	0	0
0	0	0	0	0
0	0	0	0	0
0	0	0	0	0
0	0	0	0	0
0	0	0	0	0
0	0	0	0	0
0	0	0	0	0
0	0	0	0	0
0	0	0	0	0
0	0	0	0	0
0	0	0	0	0
0	0	0	0	0
0	0	0	0	0
0	0	0	0	0
0	0	0	0	0
0	0	0	0	0
0	0	0	0	0
0	0	0	0	0
0	0	0	0	0
0	0	0	0	0
0	0	0	0	0
0	0	0	0	0
0	0	0	0	0
0	0	0	0	0
0	0	0	0	0
0	0	0	0	0
0	0	0	0	0
0	0	0	0	0
0	0	0	0	0
0	0	0	0	0
0	0	0	0	0
0	0	0	0	0
0	0	0	0	0
0	0	0	0	0
0	0	0	0	0
0	0	0	0	0
0	0	0	0	0
0	0	0	0	0
0	0	0	0	0
0	0	0	0	0
0	0	0	0	0
0	0	0	0	0
0	0	0	0	0
0	0	0	0	0
0	0	0	0	0
0	0	0	0	0
0	0	0	0	0
0	0	0	0	0
0	0	0	0	0
0	0	0	0	0
0	0	0	0	0
0	0	0	0	0
0	0	0	0	0
0	0	0	0	0
0	0	0	0	0
0	0	0	0	0
0	0	0	0	0
0	0	0	0	0
0	0	0	0	0
0	0	0	0	0
0	0	0	0	0
0	0	0	0	0
0	0	0	0	0
0	0	0	0	0
0	0	0	0	0
0	0	0	0	0
0	0	0	0	0
0	0	0	0	0
0	0	0	0	0
0	0	0	0	0
0	0	0	0	0
0	0	0	0	0
0	0	0	0	0
0	0	0	0	0
0	0	0	0	0
0	0	0	0	0
0	0	0	0	0
0	0	0	0	0
0	0	0	0	0
0	0	0	0	0
0	0	0	0	0
0	0	0	0	0
0	0	0	0	0
0	0	0	0	0
0	0	0	0	0
0	0	0	0	0
0	0	0	0	0
0	0	0	0	0
0	0	0	0	0
0	0	0	0	0
0	0	0	0	0
0	0	0	0	0
0	0	0	0	0
0	0	0	0	0
0	0	0	0	0
0	0	0	0	0
0	0	0	0	0
0	0	0	0	0
0	0	0	0	0
0	0	0	0	0
0	0	0	0	0
0	0	0	0	0
0	0	0	0	0
0	0	0	0	0
0	0	0	0	0
0	0	0	0	0
0	0	0	0	0
0	0	0	0	0
0	0	0	0	0
0	0	0	0	0
0	0	0	0	0
0	0	0	0	0
0	0	0	0	0
0	0	0	0	0
0	0	0	0	0
0	0	0	0	0
0	0	0	0	0
0	0	0	0	0
0	0	0	0	0
0	0	0	0	0
0	0	0	0	0
0	0	0	0	0
0	0	0	0	0
0	0	0	0	0
0	0	0	0	0
0	0	0	0	0
0	0	0	0	0
0	0	0	0	0
0	0	0	0	0
0	0	0	0	0
0	0	0	0	0
0	0	0	0	0
0	0	0	0	0
0	0	0	0	0
0	0	0	0	0
0	0	0	0	0
0	0	0	0	0
0	0	0	0	0
0	0	0	0	0
0	0	0	0	0
0	0	0	0	0
0	0	0	0	0
0	0	0	0	0
0	0	0	0	0
0	0	0	0	0
0	0	0	0	0
0	0	0	0	0
0	0	0	0	0
0	0	0	0	0
0	0	0	0	0
0	0	0	0	0
0	0	0	0	0
0	0	0	0	0
0	0	0	0	0
0	0	0	0	0
0	0	0	0	0
0	0	0	0	0
0	0	0	0	0
0	0	0	0	0
0	0	0	0	0
0	0	0	0	0
0	0	0	0	0
0	0	0	0	0
0	0	0	0	0
0	0	0	0	0
0	0	0	0	0
0	0	0	0	0
0	0	0	0	0
0	0	0	0	0
0	0	0	0	0
0	0	0	0	0
0	0	0	0	0
0	0	0	0	0
0	0	0	0	0
0	0	0	0	0
0	0	0	0	0
0	0	0	0	0
0	0	0	0	0
0	0	0	0	0
0	0	0	0	0
0	0	0	0	0
0	0	0	0	0
0	0	0	0	0
0	0	0	0	0
0	0	0	0	0
0	0	0	0	0
0	0	0	0	0
0	0	0	0	0
0	0	0	0	0
0	0	0	0	0
0	0	0	0	0
0	0	0	0	0
0	0	0	0	0
0	0	0	0	0
0	0	0	0	0
0	0	0	0	0
0	0	0	0	0
0	0	0	0	0
0	0	0	0	0
0	0	0	0	0
0	0	0	0	0
0	0	0	0	0
0	0	0	0	0
0	0	0	0	0
0	0	0	0	0
0	0	0	0	0
0	0	0	0	0
0	0	0	0	0
0	0	0	0	0
0	0	0	0	0
0	0	0	0	0
0	0	0	0	0
0	0	0	0	0
0	0	0	0	0
0	0	0	0	0
0	0	0	0	0
0	0	0	0	0
0	0	0	0	0
0	0	0	0	0
0	0	0	0	0
0	0	0	0	0
0	0	0	0	0
0	0	0	0	0
0	0	0	0	0
0	0	0	0	0
