a2610917.330764
Narit-cm 09/01/2026 16:35:05 09/01/2026 17:33:07 0045 0013.384714 0052.542598 00.0 00.0
0002401 0010 0000000 0010 05 0000000 0010 0000000 0010
1 0 1 01600 1 0000 3.75 00000.o 0 0 01 000 16 002401 0.500 BT0
1 2 1 02000 1 0000 3.75 00000.o 0 0 01 000 16 002401 0.500 S2A0
1 1 1 01600 1 0000 3.75 00000.o 0 0 00 000 00 002401 3.1746 BC0
1 3 1 02000 1 0000 3.75 00000.o 0 0 00 000 00 002401 3.1746 S2P0
1 5 0 01600 0 0000 1.00 00000.o 0 0 00 000 00 000000 0.000 OF0
0.000 .o Analog 0 	0.000 .o Analog StErr 0 	0.000 .o Photon Counting 0 	0.000 .o PC StErr 0 	0.000 .o Overflow Info 0 
31.7693	0.154508	184.107	0.873287	0
65.4282	0.343469	194.985	0.88587	0
257.333	2.23255	115.252	1.3674	0
472.571	0.104671	1.08288	0.132625	0
473.457	6.3565E-6	0	0	0
473.457	0	0.0333195	0.0234645	0
473.457	6.3565E-6	31.3869	0.777389	0
473.457	1.5567E-5	23.307	0.704955	0
473.457	0	2.43232	0.243147	0
473.457	6.3565E-6	7.66347	0.387334	0
473.457	6.3565E-6	32.7863	0.7291	0
473.457	6.3565E-6	90.6456	1.01816	0
473.457	1.2713E-5	152.42	1.01543	0
473.457	6.3565E-6	126.947	1.09365	0
473.457	0	84.5814	0.951162	0
473.457	0	89.6293	0.944701	0
473.457	9.01586E-6	104.44	0.93756	0
473.457	0	106.406	0.948102	0
473.457	0	110.087	0.926338	0
473.457	6.3565E-6	107.455	0.924297	0
473.457	0	120.4	0.947422	0
473.457	0	138.759	0.920557	0
473.457	6.3565E-6	162.399	0.919536	0
473.457	0	178.409	0.903893	0
473.457	6.3565E-6	189.354	0.908654	0
473.457	0	197.834	0.907634	0
473.457	0	200.8	0.891651	0
473.457	0	201.749	0.851863	0
473.457	6.3565E-6	200.067	0.869207	0
473.457	0	202.132	0.894372	0
473.457	0	199.783	0.889271	0
473.457	0	199.05	0.857304	0
473.457	6.3565E-6	199.35	0.889611	0
474.378	0.0893372	197.068	0.869547	1
485.952	0.255679	197.851	0.916816	1
499.104	0.0901568	196.818	0.877708	1
499.96	0.019185	199.3	0.899472	1
500	0	198.85	0.883829	1
500	0	198.351	0.871587	1
499.996	0.00390205	197.751	0.88825	1
498.376	0.112331	200.25	0.88485	1
485.963	0.38247	197.218	0.873628	1
454.958	0.539966	198.351	0.895732	1
418.702	0.56025	199.2	0.903213	1
382.446	0.574607	199.733	0.876008	0
346.945	0.574013	198.617	0.873968	0
313.255	0.582239	199.1	0.838601	0
280.277	0.602468	200.733	0.881789	0
247.77	0.62106	200.117	0.870907	0
215.998	0.629733	199.783	0.871587	0
185.03	0.62075	200.267	0.876348	0
155.726	0.592676	198.95	0.879409	0
129.098	0.550419	198.967	0.889951	0
105.585	0.495405	200.933	0.879069	0
85.3854	0.434222	198.367	0.895392	0
68.3992	0.371449	197.734	0.865126	0
54.6592	0.309842	197.234	0.870567	0
43.8664	0.254555	196.418	0.877368	0
35.3273	0.206267	196.451	0.876008	0
28.7856	0.165732	192.62	0.870907	0
23.923	0.132694	191.953	0.850843	0
20.2576	0.106207	189.854	0.845742	0
17.5188	0.0848447	190.321	0.845402	0
15.4997	0.0670755	187.772	0.851863	0
13.992	0.0548827	187.605	0.863766	0
12.8767	0.0462581	185.156	0.838941	0
11.9964	0.0395319	184.79	0.871587	0
11.2928	0.0344667	182.374	0.88553	0
10.8357	0.030142	179.492	0.844382	0
10.4741	0.0277425	179.808	0.831119	0
10.1489	0.0274284	177.709	0.870227	0
9.92851	0.0258673	176.06	0.847102	0
9.75092	0.0253434	173.145	0.866486	0
9.61677	0.0249959	172.978	0.83282	0
9.54819	0.0255735	172.395	0.860025	0
9.50425	0.0260051	173.494	0.837921	0
9.47709	0.0252546	170.096	0.839281	0
9.43214	0.0244454	169.03	0.856284	0
9.37952	0.0251533	169.463	0.852543	0
9.4129	0.0254082	169.229	0.846422	0
9.45268	0.0248008	168.413	0.862745	0
9.40791	0.0249632	167.014	0.862745	0
9.41051	0.025466	168.48	0.837921	0
9.48723	0.0252798	165.548	0.855944	0
9.51542	0.0247465	165.814	0.837921	0
9.52046	0.0243671	164.415	0.83486	0
9.53538	0.0242782	165.015	0.859345	0
9.56921	0.0241834	164.115	0.831459	0
9.6201	0.0244873	163.232	0.839961	0
9.62176	0.0243765	164.315	0.8369	0
9.62633	0.0242875	163.848	0.843362	0
9.67859	0.023627	164.198	0.854584	0
9.71793	0.0234839	162.982	0.845402	0
9.74752	0.023489	162.382	0.850163	0
9.7709	0.0234643	161.616	0.853904	0
9.79293	0.0233618	162.932	0.837581	0
9.8373	0.0235089	162.449	0.831459	0
9.86733	0.0229504	161.333	0.846762	0
9.84903	0.0223848	161.899	0.828059	0
9.83594	0.0229522	161.499	0.843022	0
9.85974	0.022797	159.767	0.83418	0
9.91284	0.0228721	159.867	0.842682	0
9.93307	0.0220822	161.816	0.854584	0
9.95876	0.0220414	161.633	0.83486	0
9.992	0.0215667	160.283	0.845742	0
10.0042	0.0217348	159.25	0.848803	0
9.98568	0.0213688	159.783	0.822958	0
9.99677	0.0214455	159.683	0.837241	0
10.0612	0.0219446	159.85	0.848123	0
10.089	0.0217939	160.083	0.826018	0
10.0655	0.021893	158.184	0.837241	0
10.0476	0.0217361	159.767	0.857644	0
10.0885	0.021561	158.967	0.830099	0
10.1098	0.0214723	158.284	0.814796	0
10.0989	0.02099	158.234	0.849143	0
10.1265	0.0215458	158.001	0.848123	0
10.1669	0.0209363	159.317	0.853904	0
10.1755	0.0212168	158.434	0.837581	0
10.1691	0.0214068	158.084	0.819557	0
10.1892	0.0212093	156.968	0.846082	0
10.1764	0.0206317	157.168	0.838261	0
10.1634	0.0211546	157.884	0.860025	0
10.2078	0.0212392	157.185	0.840301	0
10.2216	0.0207194	157.818	0.827379	0
10.2051	0.0214374	157.518	0.816497	0
10.2007	0.0210201	157.351	0.855944	0
10.1926	0.0210182	156.718	0.83214	0
10.1992	0.0207524	156.801	0.846082	0
10.2186	0.0206339	157.001	0.831459	0
10.2419	0.0207691	157.001	0.838941	0
10.2307	0.0204525	155.502	0.838941	0
10.2178	0.0205333	154.569	0.845062	0
10.2425	0.0205213	156.785	0.826699	0
10.2446	0.0199441	156.052	0.864786	0
10.2478	0.0199487	156.618	0.851183	0
10.2468	0.0199251	154.919	0.858665	0
10.2184	0.0203047	156.102	0.855944	0
10.2053	0.0203919	153.853	0.843362	0
10.2047	0.0203278	153.569	0.846422	0
10.1959	0.0198194	154.719	0.851523	0
10.1856	0.020134	155.685	0.83384	0
10.1861	0.0199322	153.653	0.816497	0
10.2019	0.0197221	153.936	0.837921	0
10.1854	0.0199913	155.069	0.840641	0
10.1594	0.0193597	155.385	0.826699	0
10.1942	0.019707	154.286	0.850503	0
10.1869	0.0199004	152.486	0.852884	0
10.165	0.0192683	154.885	0.848803	0
10.1739	0.0195178	153.786	0.851863	0
10.1739	0.0194309	155.135	0.860025	0
10.1518	0.0189677	153.986	0.840301	0
10.1337	0.0194729	152.187	0.877368	0
10.1439	0.01936	153.669	0.852884	0
10.1538	0.0192348	153.319	0.841321	0
10.1287	0.0190365	152.67	0.831119	0
10.0774	0.0193468	153.286	0.857985	0
10.0487	0.0190672	152.903	0.838941	0
10.0561	0.0185846	152.237	0.850843	0
10.0629	0.0186413	152.936	0.831119	0
10.0507	0.0189479	151.803	0.826358	0
10.0376	0.0184423	150.837	0.855604	0
10.0289	0.0189088	152.753	0.848803	0
10.0222	0.0188259	152.203	0.855604	0
10.0162	0.0188542	151.57	0.850163	0
9.99188	0.0191209	152.703	0.863426	0
9.95682	0.0182352	151.57	0.83418	0
9.95602	0.0183322	150.737	0.839281	0
9.9111	0.0186078	151.22	0.818877	0
9.86613	0.0182648	152.786	0.846082	0
9.88235	0.0177391	149.454	0.83214	0
9.87286	0.0179982	149.604	0.851183	0
9.856	0.0185136	152.037	0.855264	0
9.85018	0.0181103	150.671	0.830779	0
9.81721	0.0182425	150.687	0.847783	0
9.79267	0.0177019	149.938	0.859005	0
9.7872	0.0179187	151.404	0.846422	0
9.76756	0.0174827	150.154	0.850503	0
9.74363	0.0174888	149.105	0.853904	0
9.72122	0.0178461	149.621	0.837921	0
9.67601	0.0175619	148.405	0.847783	0
9.62831	0.017491	148.521	0.844382	0
9.63275	0.0177342	148.455	0.840301	0
9.63464	0.0178808	148.005	0.848123	0
9.62874	0.0176431	151.653	0.852203	0
9.61114	0.0175993	149.704	0.824318	0
9.56556	0.0176331	147.772	0.842001	0
9.55583	0.0173332	147.422	0.829079	0
9.54445	0.0172147	146.739	0.809695	0
9.49335	0.0175043	148.421	0.837581	0
9.47354	0.0176324	147.139	0.837241	0
9.47415	0.0171543	147.755	0.830779	0
9.44166	0.0169381	147.522	0.842001	0
9.39634	0.016791	145.19	0.845062	0
9.36222	0.0165092	146.756	0.863426	0
9.35091	0.017227	145.839	0.849483	0
9.305	0.0165035	146.789	0.815816	0
9.27954	0.0167126	145.623	0.83622	0
9.29176	0.017139	146.839	0.8335	0
9.26204	0.0166252	145.656	0.843702	0
9.24838	0.016877	144.323	0.848463	0
9.24917	0.0168025	146.489	0.854584	0
9.19632	0.0165619	144.123	0.83656	0
9.14863	0.0164676	145.389	0.853224	0
9.13937	0.0167637	144.923	0.863426	0
9.13276	0.016611	143.424	0.839281	0
9.12045	0.0161691	144.54	0.823978	0
9.11214	0.0168397	143.44	0.857985	0
9.08246	0.0170221	144.906	0.840981	0
9.03672	0.0162448	142.491	0.830099	0
9.02032	0.0161972	143.44	0.838261	0
9.00267	0.0164331	145.14	0.8318	0
8.96481	0.0162952	142.89	0.830439	0
8.93604	0.0164226	142.807	0.837921	0
8.92803	0.0163168	143.557	0.858325	0
8.92247	0.016302	141.474	0.853904	0
8.90096	0.0163939	141.158	0.824318	0
8.87474	0.0164122	143.94	0.838601	0
8.85366	0.016161	143.224	0.837921	0
8.83527	0.0163004	141.724	0.812756	0
8.80722	0.0164643	141.841	0.837581	0
8.77597	0.0161119	140.825	0.863766	0
8.748	0.0162739	140.541	0.813096	0
8.74066	0.0159305	142.874	0.854924	0
8.73378	0.0158967	138.776	0.83588	0
8.70944	0.0162309	140.891	0.846422	0
8.70936	0.0161045	139.125	0.867846	0
8.69197	0.0159952	141.041	0.861045	0
8.65673	0.0154635	142.474	0.823638	0
8.63918	0.0158058	139.842	0.839961	0
8.62284	0.0162027	140.225	0.842682	0
8.5951	0.0157702	139.175	0.83248	0
8.55954	0.0156035	138.759	0.818877	0
8.55304	0.015543	140.375	0.823978	0
8.56457	0.0157315	139.675	0.83622	0
8.53192	0.0158265	140.508	0.846422	0
8.4933	0.0152443	140.408	0.846082	0
8.48371	0.0154352	138.809	0.852203	0
8.46644	0.0155742	138.376	0.837581	0
8.43073	0.0151986	138.342	0.83248	0
8.42001	0.0153728	138.742	0.83588	0
8.43824	0.0153492	139.225	0.870567	0
8.40395	0.015135	138.009	0.83316	0
8.37023	0.01528	136.143	0.854584	0
8.37841	0.0153099	135.577	0.839621	0
8.3531	0.015166	138.892	0.837241	0
8.32201	0.0150595	137.693	0.851863	0
8.32891	0.0151247	138.042	0.837581	0
8.31482	0.0148544	137.559	0.816497	0
8.27293	0.0156876	136.76	0.849483	0
8.25548	0.0153293	136.426	0.856964	0
8.24766	0.0151704	136.726	0.854924	0
8.22642	0.0151527	136.043	0.831459	0
8.20765	0.01509	136.81	0.872267	0
8.21501	0.0150857	136.193	0.843702	0
8.20547	0.0147803	137.143	0.869547	0
8.19878	0.0146877	136.893	0.845742	0
8.19697	0.0146848	136.16	0.849143	0
8.14627	0.0145814	133.811	0.843022	0
8.12826	0.0148726	136.743	0.847443	0
8.14293	0.014758	134.577	0.839621	0
8.10604	0.0148011	134.527	0.829079	0
8.08625	0.0146949	136.293	0.8335	0
8.09629	0.0148644	135.21	0.828399	0
8.08774	0.0147998	134.511	0.845402	0
8.05801	0.0148828	134.561	0.851863	0
8.03077	0.0147159	134.644	0.854584	0
8.0144	0.0146455	133.511	0.824318	0
8.02073	0.0145133	134.444	0.823978	0
8.02264	0.0147596	133.511	0.823978	0
7.98552	0.0146466	135.327	0.847443	0
7.97132	0.0141315	133.728	0.844042	0
7.96984	0.0145393	133.028	0.855944	0
7.94874	0.0146246	132.845	0.855264	0
7.9246	0.0147595	133.344	0.840641	0
7.92446	0.0143536	132.878	0.827719	0
7.9207	0.0143354	132.895	0.837241	0
7.91093	0.0144086	133.778	0.845402	0
7.88594	0.0144504	130.929	0.8335	0
7.86284	0.0142975	134.877	0.870227	0
7.86601	0.01428	132.478	0.839621	0
7.8784	0.0144712	132.228	0.824998	0
7.85653	0.0141064	131.045	0.829419	0
7.80897	0.0141699	131.579	0.846422	0
7.80191	0.0141546	131.495	0.844382	0
7.82481	0.0139006	132.212	0.8318	0
7.80263	0.0142751	132.795	0.824658	0
7.77036	0.0143409	130.162	0.819217	0
7.77853	0.0140369	131.995	0.83452	0
7.77282	0.0142338	130.995	0.830099	0
7.74268	0.0140273	129.779	0.818537	0
7.73318	0.0140187	130.696	0.838601	0
7.73659	0.0137267	132.811	0.843362	0
7.73229	0.0140219	131.195	0.839621	0
7.70464	0.0138991	130.696	0.809355	0
7.69686	0.0136488	130.112	0.830779	0
7.70135	0.0141431	130.262	0.869207	0
7.68547	0.0138125	130.229	0.8335	0
7.66413	0.0135643	129.363	0.83418	0
7.66674	0.0139115	131.312	0.850503	0
7.67952	0.0141193	131.345	0.831459	0
7.67469	0.0139526	130.629	0.83452	0
7.65133	0.0138903	129.296	0.846422	0
7.6166	0.013745	130.346	0.844382	0
7.60292	0.0135538	129.713	0.850503	0
7.61463	0.0135603	130.396	0.83214	0
7.61372	0.0134459	129.163	0.825678	0
7.60198	0.0136216	129.329	0.844722	0
7.60608	0.0135403	131.312	0.839621	0
7.60034	0.0135857	129.879	0.83656	0
7.58344	0.0133011	130.046	0.837241	0
7.57927	0.0133754	129.13	0.839961	0
7.57804	0.013956	129.729	0.853564	0
7.56776	0.0134011	129.446	0.845742	0
7.55161	0.01384	128.18	0.852203	0
7.53151	0.0134984	129.829	0.828399	0
7.5249	0.0136549	128.78	0.827719	0
7.52007	0.0133896	129.679	0.845402	0
7.52151	0.0131783	129.846	0.818197	0
7.52912	0.0136895	129.163	0.839621	0
7.51789	0.0137183	128.147	0.823638	0
7.50885	0.0137927	128.23	0.842001	0
7.49165	0.0135626	127.397	0.829079	0
7.46054	0.0135452	129.113	0.830439	0
7.45594	0.0131246	129.479	0.819897	0
7.49405	0.0134995	128.48	0.8335	0
7.47013	0.013338	127.114	0.842342	0
7.43113	0.0132708	127.913	0.842342	0
7.44921	0.0132514	126.997	0.829419	0
7.45242	0.0136106	127.164	0.841321	0
7.4456	0.0133504	128.197	0.859345	0
7.44007	0.0132057	127.98	0.839281	0
7.41663	0.0135261	127.23	0.83656	0
7.41795	0.0132982	128.713	0.853904	0
7.43518	0.013573	127.414	0.8335	0
7.40476	0.013401	126.88	0.856964	0
7.39615	0.0130794	127.014	0.8352	0
7.4168	0.013117	128.23	0.83282	0
7.40618	0.0134378	126.664	0.813436	0
7.3898	0.0133827	127.747	0.851523	0
7.38896	0.0134481	128.013	0.847443	0
7.37652	0.0132948	127.447	0.846082	0
7.34823	0.0132231	126.83	0.852203	0
7.3416	0.0132411	126.414	0.83384	0
7.3545	0.0134325	125.398	0.841661	0
7.3413	0.0133729	127.83	0.83622	0
7.34392	0.0133626	126.914	0.837921	0
7.34939	0.0130664	125.514	0.822618	0
7.31895	0.0128968	126.731	0.827039	0
7.31578	0.0131312	125.931	0.855604	0
7.32684	0.013103	127.93	0.839961	0
7.31509	0.0131253	125.281	0.822958	0
7.28791	0.0131381	124.265	0.853224	0
7.28524	0.0126962	125.548	0.827039	0
7.30049	0.0131134	126.297	0.824998	0
7.2853	0.0129145	126.331	0.849143	0
7.27092	0.0129293	124.198	0.810375	0
7.28516	0.0129227	126.797	0.847102	0
7.2894	0.0130078	126.314	0.824998	0
7.28127	0.0129293	125.414	0.829079	0
7.25568	0.0127062	125.481	0.850163	0
7.24389	0.0129017	127.78	0.837241	0
7.25161	0.0127293	125.881	0.829419	0
7.22627	0.0127805	126.031	0.83588	0
7.20712	0.0127593	124.448	0.825338	0
7.2227	0.0127894	124.282	0.837921	0
7.23873	0.0130072	124.815	0.845062	0
7.22629	0.0128246	124.282	0.848463	0
7.20876	0.0132143	124.465	0.83316	0
7.22021	0.0127778	124.831	0.827379	0
7.22406	0.0130243	124.648	0.848803	0
7.19922	0.0129206	123.982	0.839621	0
7.20292	0.0129275	125.314	0.847783	0
7.20636	0.0127895	124.615	0.846762	0
7.18623	0.0128192	125.748	0.842682	0
7.19353	0.0128887	126.064	0.824658	0
7.18589	0.0128708	124.831	0.83418	0
7.173	0.0126224	124.965	0.861045	0
7.17869	0.0128684	124.431	0.829759	0
7.15824	0.0125788	124.215	0.845062	0
7.12552	0.0130285	123.299	0.83418	0
7.14766	0.0126494	124.998	0.83316	0
7.17296	0.0129422	124.098	0.83214	0
7.13087	0.0127307	123.082	0.823638	0
7.11662	0.012897	124.448	0.843702	0
7.1261	0.0126853	124.098	0.83214	0
7.09243	0.0125634	121.533	0.829759	0
7.10229	0.0126856	123.748	0.826358	0
7.13517	0.0127659	123.998	0.83622	0
7.1118	0.0126309	123.482	0.848463	0
7.1116	0.0122927	123.199	0.846762	0
7.12098	0.0124582	124.448	0.839961	0
7.10056	0.0127214	123.432	0.847783	0
7.091	0.0129518	123.399	0.830099	0
7.0829	0.0126656	122.982	0.846082	0
7.07638	0.0125704	123.249	0.845062	0
7.0822	0.0129586	124.215	0.856624	0
7.06473	0.0125734	123.182	0.839621	0
7.04768	0.0125889	122.716	0.850503	0
7.05339	0.0125788	122.382	0.83282	0
7.0523	0.0125891	122.899	0.848803	0
7.0491	0.0123989	123.782	0.861045	0
7.05402	0.0127191	123.632	0.849483	0
7.05636	0.0123874	123.049	0.83554	0
7.0528	0.0126119	123.399	0.848463	0
7.06627	0.0126046	122.732	0.823298	0
7.05972	0.0126784	122.949	0.840641	0
7.02241	0.0126267	124.431	0.845062	0
7.02926	0.0125174	123.515	0.83452	0
7.0485	0.0128854	123.982	0.844722	0
7.02303	0.0127613	123.432	0.844382	0
7.02231	0.012726	121.999	0.829419	0
7.03429	0.0128014	122.349	0.830099	0
7.01652	0.0123101	122.332	0.83316	0
7.00456	0.0123485	122.499	0.838941	0
7.02095	0.0125859	122.282	0.838941	0
7.0224	0.0126764	121.899	0.83554	0
7.01036	0.0124596	123.565	0.844722	0
7.01172	0.0128386	121.883	0.83316	0
7.00741	0.012715	122.799	0.830099	0
7.01798	0.0127155	122.332	0.83418	0
7.01274	0.0127402	121.899	0.840981	0
7.00971	0.012825	122.566	0.837581	0
7.02488	0.0126087	124.232	0.83418	0
7.00919	0.0127063	120.15	0.846422	0
6.97907	0.0123873	122.766	0.839621	0
6.99778	0.0125816	123.765	0.851183	0
7.00055	0.0126273	121.299	0.850163	0
6.9949	0.0126175	124.065	0.839961	0
6.99752	0.0125091	122.132	0.842682	0
6.98291	0.0123331	121.116	0.847102	0
6.97553	0.0127073	121.016	0.831119	0
6.97413	0.0125616	121.666	0.839621	0
6.98307	0.0122183	121.849	0.840641	0
6.9766	0.0125605	121.333	0.852543	0
6.96667	0.0122103	121.916	0.857304	0
6.97924	0.0124642	122.699	0.840301	0
6.98138	0.0123395	121.183	0.826358	0
6.96126	0.0123582	121.716	0.846762	0
6.94071	0.0126727	121.166	0.8318	0
6.95633	0.0128028	122.799	0.829419	0
6.96989	0.0123338	122.649	0.830439	0
6.95138	0.0123605	120.866	0.821938	0
6.94878	0.0124956	123.365	0.83656	0
6.95961	0.0123108	121.233	0.822958	0
6.94916	0.0122895	121.416	0.854244	0
6.9511	0.0125574	120.55	0.824658	0
6.9455	0.0123367	121.616	0.827379	0
6.93514	0.0125482	121.449	0.824998	0
6.94402	0.0123984	122.166	0.860365	0
6.95154	0.0120801	122.099	0.817517	0
6.95027	0.0124789	120.317	0.842001	0
6.96272	0.0123002	121.783	0.83248	0
6.94983	0.012579	121.749	0.826358	0
6.91109	0.0125125	119.817	0.83316	0
6.92725	0.0123832	121.299	0.830099	0
6.95296	0.012189	120.816	0.83214	0
6.94951	0.0122951	122.299	0.830099	0
6.95913	0.0124813	122.649	0.837581	0
6.95728	0.012562	120.9	0.851863	0
6.94	0.012609	121.716	0.845062	0
6.93116	0.0124724	120.35	0.859345	0
6.93544	0.0124788	121.433	0.83248	0
6.94617	0.01217	120.333	0.837241	0
6.9313	0.0122193	121.383	0.848123	0
6.92785	0.0123908	122.366	0.837921	0
6.92417	0.0126476	121.066	0.844382	0
6.90342	0.0124316	120.283	0.823978	0
6.90811	0.0124027	122.199	0.839621	0
6.92146	0.0123514	120.566	0.856284	0
6.91544	0.0123559	122.099	0.854244	0
6.91212	0.0125717	121	0.843022	0
6.90156	0.0122633	121.516	0.828739	0
6.90514	0.0122503	120.666	0.856964	0
6.91266	0.0125043	119.867	0.843022	0
6.88609	0.0121872	119.783	0.823638	0
6.89083	0.0122133	120.333	0.839281	0
6.91574	0.0121453	120.833	0.83248	0
6.92262	0.0121579	122.066	0.855264	0
6.91574	0.012239	119.417	0.830439	0
6.89665	0.0124257	122.082	0.843022	0
6.91072	0.0126917	119.817	0.840301	0
6.93132	0.0123351	120.566	0.862405	0
6.92483	0.0123218	122.599	0.838941	0
6.90606	0.0121494	120.983	0.840301	0
6.88699	0.0122109	120.317	0.830439	0
6.89525	0.0123816	121.383	0.841321	0
6.89541	0.01231	121.349	0.838941	0
6.87872	0.012333	120.516	0.854244	0
6.88504	0.0123812	119.8	0.852203	0
6.89338	0.012334	120.466	0.83282	0
6.88448	0.0122982	120.666	0.844722	0
6.86916	0.0125632	120.167	0.825338	0
6.88477	0.0122339	121.1	0.844382	0
6.89932	0.0120497	120.4	0.828399	0
6.89201	0.012308	120.367	0.83656	0
6.87805	0.012182	120.317	0.855604	0
6.89827	0.0125184	122.116	0.844382	0
6.91309	0.0120782	119.933	0.842682	0
6.88503	0.012177	120.45	0.824998	0
6.88857	0.01251	121.449	0.839961	0
6.8952	0.0124924	120.267	0.8335	0
6.88307	0.0122061	120.017	0.849483	0
6.87673	0.0125032	121.233	0.8352	0
6.88367	0.0122239	120.566	0.847783	0
6.89746	0.012314	121.749	0.851523	0
6.89014	0.0124101	121.283	0.842001	0
6.8662	0.0120685	121.516	0.844722	0
6.87004	0.0125915	120.317	0.83656	0
6.88531	0.0126913	121.633	0.840641	0
6.88408	0.0127487	121.1	0.843362	0
6.85655	0.0122396	119.184	0.854924	0
6.86482	0.0123449	119.85	0.844722	0
6.89469	0.0126679	121.233	0.856284	0
6.87461	0.0123638	118.584	0.8352	0
6.87103	0.012422	122.199	0.844042	0
6.88576	0.01256	121.966	0.837581	0
6.88165	0.0122663	119.517	0.812416	0
6.86363	0.0120277	119.8	0.83418	0
6.85628	0.0124084	121.499	0.842001	0
6.84461	0.012052	120.333	0.830439	0
6.83818	0.0122771	119.5	0.852884	0
6.85264	0.0120442	121.533	0.83486	0
6.85936	0.0122727	120.067	0.829079	0
6.85943	0.0122962	121.116	0.83282	0
6.85034	0.0119302	119.267	0.845742	0
6.85289	0.0120251	121.366	0.846422	0
6.85874	0.012034	120.883	0.854924	0
6.83637	0.0122171	120.866	0.850843	0
6.8407	0.0123356	119.417	0.837921	0
6.85678	0.012412	121.233	0.845742	0
6.8456	0.0123941	121.583	0.829759	0
6.84941	0.0121202	121.333	0.8318	0
6.86446	0.0124078	120.833	0.844722	0
6.86073	0.0123332	119.917	0.839281	0
6.84173	0.0121069	120.183	0.843022	0
6.83503	0.0118516	119.217	0.825678	0
6.85078	0.0124906	120.433	0.83316	0
6.86776	0.0122599	121.783	0.850163	0
6.8653	0.012545	118.784	0.848123	0
6.84203	0.0125592	119.7	0.843022	0
6.84842	0.0125149	119.5	0.849143	0
6.86364	0.0120354	121.633	0.850163	0
6.84846	0.0120449	119.917	0.837241	0
6.85392	0.0123047	120.383	0.83554	0
6.86958	0.0122616	120.483	0.843022	0
6.85336	0.012413	119.65	0.83316	0
6.82828	0.0124587	121.05	0.83418	0
6.83076	0.0122369	120.55	0.843022	0
6.85534	0.0122797	119.417	0.837241	0
6.82628	0.0122932	118.401	0.825338	0
6.8009	0.012214	119.134	0.8352	0
6.85147	0.0122501	121.549	0.830439	0
6.85859	0.0122601	119.3	0.823978	0
6.81618	0.0122158	119.817	0.8369	0
6.82392	0.0124424	120.5	0.837241	0
6.8402	0.0123358	121.599	0.863766	0
6.84575	0.0121648	120.15	0.848803	0
6.84866	0.012647	120.5	0.828399	0
6.84165	0.0122307	120.966	0.83486	0
6.82977	0.0124663	119.267	0.837581	0
6.8226	0.0124878	119.683	0.850163	0
6.81894	0.0122256	119.683	0.843702	0
6.81769	0.0121039	120.716	0.838261	0
6.81282	0.012527	120.267	0.843362	0
6.8164	0.0123632	119.334	0.828059	0
6.83108	0.0124364	119.284	0.844382	0
6.83211	0.0121889	118.751	0.83282	0
6.80834	0.0122382	120.816	0.826699	0
6.8121	0.0122352	119.217	0.838261	0
6.82942	0.0120093	118.284	0.819557	0
6.8059	0.0120269	120.4	0.837581	0
6.81041	0.0120056	121.233	0.845062	0
6.83522	0.0123284	121.333	0.844722	0
6.82344	0.012077	119.4	0.845062	0
6.81614	0.012105	118.867	0.868527	0
6.81285	0.0122859	119.817	0.837921	0
6.80514	0.0123133	120.233	0.849483	0
6.8055	0.0119088	120.566	0.822958	0
6.81634	0.0120933	118.651	0.83316	0
6.82586	0.0123961	121.2	0.850163	0
6.81887	0.0123247	120.883	0.8318	0
6.81734	0.0122845	119.683	0.844722	0
6.82358	0.012239	119.833	0.864786	0
6.81262	0.0120475	120.283	0.828739	0
6.78688	0.0119061	120.367	0.8318	0
6.79824	0.012432	119.817	0.831459	0
6.81975	0.0124771	119.55	0.867846	0
6.80714	0.0124978	120.25	0.844382	0
6.80977	0.0122183	119.75	0.826699	0
6.8259	0.0121724	120.416	0.826699	0
6.80766	0.0123535	119.683	0.828399	0
6.79913	0.0125693	120.3	0.83384	0
6.8063	0.0123209	119.2	0.819217	0
6.79661	0.0121698	119.167	0.831459	0
6.80389	0.0119249	118.634	0.854244	0
6.81392	0.0124803	121.316	0.842001	0
6.78719	0.0120213	119.217	0.837581	0
6.77268	0.012053	120.6	0.845402	0
6.79642	0.0119998	118.167	0.83452	0
6.79724	0.0120056	119.05	0.83656	0
6.77782	0.0122298	119.933	0.83622	0
6.78714	0.0121078	118.934	0.855944	0
6.79921	0.0121787	119.067	0.845742	0
6.79606	0.0119021	119.85	0.824998	0
6.81228	0.012243	119.9	0.83214	0
6.81735	0.0123784	119.434	0.847443	0
6.79562	0.0123063	119.833	0.851863	0
6.7854	0.0119263	120.85	0.852543	0
6.79595	0.0119157	119.983	0.83384	0
6.81242	0.0122952	119.733	0.846422	0
6.79683	0.0123641	118.584	0.846762	0
6.77485	0.012181	119.317	0.8335	0
6.78972	0.0122394	119.633	0.840301	0
6.81069	0.0125125	119.9	0.859345	0
6.80959	0.0120856	119.933	0.841321	0
6.78978	0.0121024	120.25	0.8335	0
6.78422	0.0121628	118.651	0.822618	0
6.78334	0.0118182	117.568	0.83656	0
6.78397	0.0121721	119.85	0.851183	0
6.7991	0.0122523	119.534	0.83316	0
6.7876	0.0121288	118.984	0.827719	0
6.77637	0.0121931	120.267	0.844722	0
6.78951	0.0121691	119.783	0.856284	0
6.81226	0.0120643	119.35	0.837581	0
6.81762	0.0123462	119.267	0.846422	0
6.79954	0.0121142	119.967	0.847443	0
6.80719	0.0121749	120.1	0.848123	0
6.81963	0.0122423	121.399	0.837241	0
6.7865	0.0123774	118.717	0.831459	0
6.77625	0.0124165	121.716	0.83622	0
6.80274	0.0120885	119.484	0.854244	0
6.80489	0.0121835	118.451	0.851863	0
6.79145	0.0122836	119.55	0.827039	0
6.78864	0.0123771	118.85	0.815816	0
6.78528	0.0122577	119.25	0.840981	0
6.78917	0.012118	119.983	0.827719	0
6.80457	0.0123862	120.516	0.83554	0
6.80011	0.0121413	119.334	0.842682	0
6.78261	0.0121625	120.317	0.843702	0
6.78901	0.0121977	119.7	0.83282	0
6.79618	0.0123167	120.65	0.83418	0
6.78595	0.0122387	118.8	0.8369	0
6.79346	0.0122027	120.233	0.826699	0
6.79873	0.0123862	120.067	0.830099	0
6.79235	0.0122337	120.217	0.841321	0
6.77454	0.0118539	118.817	0.83214	0
6.76352	0.0120549	118.95	0.842342	0
6.79324	0.012142	121.483	0.83418	0
6.7936	0.0121235	119.184	0.839281	0
6.76359	0.0122392	119.467	0.828739	0
6.77913	0.0121067	119.917	0.83282	0
6.78487	0.0122753	118.534	0.825678	0
6.77257	0.0124511	119.833	0.844722	0
6.79435	0.012378	119.9	0.853224	0
6.7792	0.011974	119.767	0.839281	0
6.77105	0.0123354	119.567	0.83622	0
6.80582	0.011953	118.717	0.798473	0
6.79182	0.0120265	119.75	0.8352	0
6.76505	0.0120408	119.25	0.83282	0
6.78315	0.0121662	119.467	0.799833	0
6.79268	0.012313	119.417	0.849823	0
6.79679	0.0126217	120.05	0.848123	0
6.79098	0.0121697	119.434	0.849483	0
6.78739	0.012321	120.083	0.821257	0
6.79547	0.0123183	119.767	0.83316	0
6.78956	0.0123023	119.4	0.8352	0
6.78953	0.0125346	117.851	0.852884	0
6.79011	0.0122308	119.517	0.843702	0
6.77357	0.0123201	119.084	0.842342	0
6.77385	0.0118077	118.884	0.847443	0
6.78127	0.0119622	120.516	0.843702	0
6.77298	0.0119447	118.017	0.83384	0
6.7623	0.0121047	118.684	0.83316	0
6.78432	0.0122974	120.033	0.821257	0
6.79856	0.0121196	119.833	0.840981	0
6.77924	0.0120178	119.65	0.849483	0
6.77518	0.0120838	118.634	0.83588	0
6.78567	0.0118212	119.484	0.826358	0
6.79292	0.0123937	119.817	0.861045	0
6.79241	0.0119862	119.117	0.822278	0
6.78243	0.0120514	119.467	0.8352	0
6.76169	0.0122134	118.817	0.839281	0
6.7664	0.0124108	120.616	0.851523	0
6.79021	0.0121309	119.2	0.838601	0
6.78316	0.0120277	119.2	0.83554	0
6.77148	0.0123219	118.434	0.829079	0
6.75943	0.0121482	119.5	0.841321	0
6.76249	0.0120798	119.65	0.8335	0
6.78564	0.0122631	119.917	0.850843	0
6.77543	0.0120248	117.984	0.839621	0
6.76191	0.0121355	119.6	0.83452	0
6.77947	0.0122121	118.434	0.842001	0
6.77973	0.0122617	120.1	0.837241	0
6.76395	0.0122289	118.334	0.842682	0
6.77549	0.0121971	119.434	0.818537	0
6.78872	0.012366	119.917	0.831459	0
6.76908	0.0122553	118.467	0.820577	0
6.756	0.0121989	120.083	0.823298	0
6.78392	0.0121514	120.633	0.845402	0
6.80442	0.0121527	119.367	0.849143	0
6.78526	0.0120652	119.8	0.83656	0
6.78155	0.012498	118.667	0.816497	0
6.78241	0.0120658	119.234	0.819897	0
6.77263	0.0120445	119.084	0.838261	0
6.76188	0.0121081	118.251	0.826358	0
6.76777	0.0122799	119.967	0.847443	0
6.78224	0.0121592	120.167	0.83554	0
6.76954	0.0123375	119.467	0.857985	0
6.77175	0.0122389	120.483	0.820917	0
6.77787	0.0122471	118.667	0.830099	0
6.7703	0.01218	119.733	0.844722	0
6.77499	0.0122001	119.25	0.83554	0
6.77635	0.012032	120	0.8335	0
6.76832	0.0121233	116.768	0.824998	0
6.75907	0.0123467	119.8	0.849483	0
6.75692	0.0120678	119.617	0.849143	0
6.75616	0.0121635	117.918	0.842342	0
6.75516	0.0119299	119.15	0.844042	0
6.76632	0.0124274	120.766	0.848123	0
6.77401	0.0123573	120.766	0.844382	0
6.78202	0.0124686	121.1	0.83554	0
6.78028	0.0121585	118.517	0.829759	0
6.75849	0.0119689	120.033	0.821257	0
6.75749	0.0122062	118.384	0.824998	0
6.78212	0.0124419	120	0.856624	0
6.78642	0.0122041	119.117	0.830099	0
6.77036	0.0120873	118.95	0.852543	0
6.76413	0.0121356	120.383	0.844042	0
6.75999	0.0121724	118.884	0.842001	0
6.77293	0.012128	120.05	0.824318	0
6.79462	0.0121104	118.517	0.831459	0
6.77967	0.0121363	120.9	0.831459	0
6.77663	0.0121016	119.55	0.855604	0
6.77031	0.0123998	119.217	0.839961	0
6.74816	0.0120279	119.6	0.838601	0
6.75473	0.012115	118.85	0.840641	0
6.76684	0.0122572	119	0.830099	0
6.76579	0.0122158	119.967	0.826358	0
6.7743	0.0120829	121.299	0.845062	0
6.79617	0.0122519	118.967	0.819897	0
6.78453	0.0124343	120.766	0.838941	0
6.76594	0.0123275	119.883	0.842001	0
6.77913	0.0122704	119.733	0.825678	0
6.77053	0.0123952	120.5	0.8352	0
6.76258	0.0120828	119.55	0.8335	0
6.78932	0.012111	120.716	0.831119	0
6.79551	0.0125221	118.817	0.848463	0
6.77853	0.0123011	120.15	0.854584	0
6.77146	0.0121294	119.833	0.8369	0
6.76423	0.0121673	118.351	0.827719	0
6.76666	0.0117869	120.283	0.843022	0
6.76939	0.0122001	119.65	0.849143	0
6.75076	0.0123807	118.501	0.843702	0
6.75652	0.0126548	120.333	0.857304	0
6.76946	0.0122647	118.917	0.841661	0
6.76589	0.0119895	118.017	0.851523	0
6.75887	0.0121994	117.135	0.838601	0
6.75138	0.0121288	119.384	0.819557	0
6.74898	0.0122653	120.433	0.829759	0
6.76397	0.012098	117.568	0.83418	0
6.76918	0.0121606	119.084	0.845742	0
6.77032	0.0123009	119.05	0.842342	0
6.77618	0.0121801	120.15	0.83622	0
6.76593	0.0120052	118.617	0.850163	0
6.75512	0.0123238	119.1	0.845062	0
6.77423	0.012418	118.284	0.842001	0
6.78513	0.0122061	119.983	0.839281	0
6.76644	0.0121368	120.966	0.846762	0
6.76002	0.0119391	119.2	0.818877	0
6.7651	0.0120366	120.333	0.824658	0
6.78224	0.0121418	117.568	0.830779	0
6.77834	0.0122374	120.183	0.846762	0
6.75627	0.0122812	118.651	0.8369	0
6.75754	0.0120525	118.467	0.840981	0
6.75096	0.0122194	120.133	0.838601	0
6.75445	0.0125821	119.384	0.876008	0
6.7727	0.0123413	120.666	0.855944	0
6.75076	0.0120705	118.984	0.843022	0
6.74855	0.0121561	118.567	0.812416	0
6.77483	0.0121355	118.051	0.839961	0
6.78232	0.0122513	119.667	0.845062	0
6.77842	0.0121447	121.133	0.841661	0
6.77842	0.0123832	119.8	0.830779	0
6.76607	0.0120548	119.933	0.83418	0
6.75435	0.0122308	118.401	0.845742	0
6.74188	0.0120404	119.717	0.8369	0
6.74686	0.0123847	118.051	0.813776	0
6.77024	0.0125761	119.85	0.851863	0
6.76949	0.01247	119.234	0.824998	0
6.75717	0.0117745	119.317	0.846762	0
6.76708	0.0121392	119.933	0.818537	0
6.76111	0.0118052	119.084	0.810035	0
6.74497	0.0118487	119.733	0.824658	0
6.76216	0.0120981	120.167	0.859685	0
6.7672	0.0121912	119.05	0.840301	0
6.7608	0.0120935	118.9	0.840301	0
6.76723	0.0122934	119.034	0.819557	0
6.76603	0.0123096	119.484	0.845402	0
6.7653	0.0119106	118.701	0.827379	0
6.76905	0.0121726	117.884	0.843362	0
6.75091	0.012317	119.933	0.839961	0
6.75313	0.0120053	119.334	0.850503	0
6.77641	0.0122359	119.4	0.853564	0
6.77502	0.0124191	120.067	0.810035	0
6.76045	0.0122563	118.684	0.854924	0
6.75183	0.0122832	118.201	0.820237	0
6.7648	0.0120042	120	0.845742	0
6.77874	0.0123182	116.885	0.849823	0
6.76386	0.0122698	118.85	0.839281	0
6.76223	0.0123225	119.5	0.847102	0
6.77682	0.0121815	119.1	0.849823	0
6.75493	0.0123743	120.2	0.831119	0
6.74675	0.0120514	120.2	0.850163	0
6.7627	0.0120929	117.918	0.848463	0
6.75269	0.0121641	120.566	0.862745	0
6.7601	0.0122459	118.667	0.855944	0
6.74719	0.0121752	119.15	0.839621	0
6.74348	0.0122917	120.6	0.853564	0
6.77996	0.0119548	118.151	0.854244	0
6.76275	0.0120706	118.767	0.856284	0
6.74706	0.0120537	118.767	0.823298	0
6.76157	0.0121182	118.667	0.838261	0
6.77066	0.01236	119.7	0.840641	0
6.7688	0.0124427	118.884	0.821938	0
6.75191	0.0119922	118.667	0.839961	0
6.75505	0.0123735	119.084	0.845742	0
6.77436	0.0122665	119.867	0.814116	0
6.75773	0.0120777	119	0.83554	0
6.73489	0.0119079	119.434	0.837921	0
6.74232	0.0122186	118.384	0.846422	0
6.74109	0.0119763	119.5	0.850163	0
6.73733	0.0121438	118.467	0.812416	0
6.75364	0.0122926	119.25	0.853904	0
6.75357	0.0123466	118.534	0.83316	0
6.75902	0.0123591	120.416	0.824998	0
6.77452	0.0121699	120.1	0.849823	0
6.76278	0.0123489	119.767	0.846762	0
6.76564	0.0124071	120.183	0.853904	0
6.78922	0.0123332	118.267	0.838261	0
6.7799	0.0121774	119.8	0.828059	0
6.7648	0.0121796	117.068	0.831459	0
6.76142	0.0119857	121	0.846422	0
6.76049	0.0121061	117.718	0.821938	0
6.75454	0.0120405	118.117	0.821257	0
6.75008	0.0124024	118.067	0.839621	0
6.74539	0.0123069	120.5	0.83554	0
6.75361	0.0122376	118.85	0.857644	0
6.76847	0.0121566	119.484	0.845402	0
6.77932	0.0121478	119.633	0.819217	0
6.77042	0.0122057	121.016	0.83486	0
6.76435	0.0123698	120.233	0.837241	0
6.76668	0.0119314	120.583	0.825678	0
6.75831	0.0120026	119.134	0.839621	0
6.74922	0.0121223	118.101	0.849823	0
6.75502	0.0123858	118.751	0.807995	0
6.75477	0.0123755	120.483	0.837241	0
6.74704	0.0122761	118.601	0.815136	0
6.75257	0.011836	117.234	0.839961	0
6.76566	0.0122153	119.117	0.829759	0
6.75958	0.0123357	118.817	0.83214	0
6.75248	0.0121456	119.3	0.830099	0
6.75861	0.0120179	119.4	0.871587	0
6.77634	0.0120792	120.416	0.850843	0
6.77482	0.0122098	118.9	0.842342	0
6.76749	0.0122171	119.4	0.840641	0
6.75073	0.0121697	118.584	0.839961	0
6.74541	0.0120246	117.334	0.844042	0
6.75787	0.011962	119.167	0.851183	0
6.76052	0.0122566	118.684	0.814456	0
6.76353	0.0121394	119.767	0.841661	0
6.76284	0.0125444	118.067	0.830439	0
6.75973	0.0124576	120.25	0.837241	0
6.77016	0.0124792	119.933	0.854924	0
6.77414	0.0119461	120.167	0.846082	0
6.76315	0.0121612	119.067	0.838261	0
6.75362	0.0121304	119.917	0.842682	0
6.76065	0.0121542	120.05	0.850163	0
6.75007	0.0121769	117.534	0.829079	0
6.74071	0.012097	119.484	0.854244	0
6.76128	0.0124624	119.85	0.8318	0
6.76624	0.0122725	117.834	0.8369	0
6.75629	0.0123399	121.2	0.830439	0
6.75896	0.0121368	119.117	0.845062	0
6.75131	0.0123755	118.034	0.851523	0
6.75554	0.0120877	121.449	0.849143	0
6.75686	0.0119327	118.85	0.830779	0
6.75554	0.011786	118.417	0.831459	0
6.76637	0.0122694	118.517	0.83384	0
6.76826	0.0122892	119.467	0.844042	0
6.7698	0.01236	118.984	0.820917	0
6.77286	0.0121416	120.083	0.8352	0
6.76337	0.0121151	119.017	0.840641	0
6.74733	0.0118522	121.15	0.848123	0
6.74357	0.0122377	118.684	0.83384	0
6.74497	0.0120219	119.517	0.841661	0
6.76026	0.01209	120.15	0.842001	0
6.77665	0.0123944	119.55	0.83248	0
6.77626	0.0120563	120.416	0.837241	0
6.75489	0.0123724	118.617	0.83554	0
6.74008	0.0119706	119.3	0.799153	0
6.76759	0.0122605	120.183	0.845402	0
6.77027	0.0123316	119.05	0.856964	0
6.73293	0.0121731	118.584	0.854244	0
6.74189	0.012227	119.167	0.83656	0
6.75695	0.0121532	118.434	0.855604	0
6.74765	0.0120078	118.251	0.827039	0
6.74622	0.01203	119.85	0.837921	0
6.76189	0.0123957	118.651	0.841321	0
6.76202	0.0123448	119.384	0.830439	0
6.74998	0.0121236	117.784	0.83248	0
6.74981	0.0124093	118.95	0.856284	0
6.74084	0.0119196	117.334	0.819217	0
6.74125	0.0118895	118.8	0.8369	0
6.76144	0.0120683	118.451	0.837581	0
6.77146	0.0122393	118.101	0.828739	0
6.74622	0.0123186	117.518	0.828059	0
6.72138	0.0122465	119	0.861725	0
6.74779	0.0120704	118.817	0.842682	0
6.76692	0.0123122	119.434	0.821257	0
6.75065	0.0121951	117.968	0.843362	0
6.7451	0.0120156	117.634	0.839621	0
6.74821	0.0123232	120.566	0.83622	0
6.74514	0.012031	119.467	0.826018	0
6.74459	0.0120028	119.467	0.83622	0
6.76566	0.0123853	119.517	0.822278	0
6.76831	0.0122904	118.351	0.841321	0
6.75439	0.0122575	120.05	0.83316	0
6.74505	0.0121875	118.717	0.840641	0
6.75844	0.0121494	119.45	0.842342	0
6.77404	0.0120907	119.733	0.839621	0
6.76493	0.0122394	118.667	0.856624	0
6.75953	0.0122431	118.867	0.842682	0
6.76032	0.0123501	117.718	0.829759	0
6.7467	0.0122607	119.234	0.829419	0
6.73994	0.0122149	120.367	0.827379	0
6.73849	0.012381	117.718	0.841321	0
6.74353	0.012185	118.534	0.848463	0
6.75092	0.0122973	119.417	0.817857	0
6.745	0.0121841	119.234	0.854584	0
6.73626	0.0123322	118.184	0.823978	0
6.74584	0.0121483	120.233	0.845402	0
6.74967	0.0123426	118.184	0.825678	0
6.74309	0.0122368	120.017	0.842001	0
6.75256	0.0124354	118.417	0.822618	0
6.76261	0.0121176	119.234	0.8335	0
6.76312	0.0121798	118.817	0.843362	0
6.77155	0.0122824	120.117	0.843022	0
6.76328	0.0123071	120.2	0.83588	0
6.74692	0.0121826	118.434	0.845402	0
6.75645	0.0120048	120.95	0.841321	0
6.76339	0.0120632	118.984	0.846762	0
6.75373	0.012213	118.384	0.837921	0
6.75676	0.0122243	118.001	0.846762	0
6.76232	0.0121037	120.083	0.862065	0
6.74611	0.012168	117.584	0.858665	0
6.73535	0.0122125	117.934	0.849483	0
6.74752	0.0119868	118.734	0.857644	0
6.75109	0.0122027	118.151	0.840641	0
6.76733	0.0126463	120.616	0.849483	0
6.76256	0.0121369	118.167	0.837921	0
6.7308	0.0122956	119.384	0.83486	0
6.76599	0.0122749	119.084	0.857644	0
6.78942	0.0122509	119.733	0.837241	0
6.75177	0.0119404	118.584	0.843702	0
6.75618	0.0121833	119.8	0.848803	0
6.77592	0.0123409	120.416	0.841321	0
6.75539	0.0122878	116.485	0.842001	0
6.74466	0.0121004	119.35	0.821257	0
6.75123	0.0120376	119.417	0.848123	0
6.74562	0.0122023	117.584	0.848803	0
6.76514	0.0124081	119.867	0.850843	0
6.76334	0.0122448	118.384	0.8335	0
6.74318	0.0120345	120.4	0.841661	0
6.77515	0.011924	119.733	0.817517	0
6.78203	0.011969	119.6	0.83656	0
6.76031	0.0122273	120.317	0.861045	0
6.75547	0.0123727	118.034	0.851183	0
6.7495	0.0121916	119.15	0.841661	0
6.74225	0.0122543	118.934	0.8352	0
6.74481	0.0123773	119.767	0.852884	0
6.75157	0.0120955	118.601	0.842001	0
6.76108	0.0121362	119.867	0.841321	0
6.77912	0.0123408	117.501	0.830779	0
6.76391	0.0121584	119.334	0.842682	0
6.73496	0.0120253	119.067	0.841321	0
6.73658	0.0118039	118.351	0.844722	0
6.75077	0.0123156	119.517	0.83214	0
6.75312	0.0121118	119.167	0.857304	0
6.75608	0.0119884	117.884	0.839961	0
6.76425	0.0124287	121.1	0.841321	0
6.76638	0.0122832	117.951	0.838941	0
6.75877	0.0122024	118.85	0.8369	0
6.77264	0.0122311	119.917	0.845742	0
6.76436	0.0124257	118.467	0.821598	0
6.75305	0.0122902	119.567	0.819557	0
6.76691	0.0122356	118.367	0.827379	0
6.76622	0.011995	119.3	0.842001	0
6.78212	0.0121295	120.35	0.830099	0
6.79638	0.0124947	119.667	0.828399	0
6.76958	0.0124236	119.35	0.825338	0
6.73829	0.0124794	118.034	0.827379	0
6.74923	0.0123229	121.599	0.845742	0
6.75956	0.0124482	119.967	0.855604	0
6.75573	0.0125136	120.067	0.850503	0
6.75641	0.0123899	118.967	0.864446	0
6.74437	0.0122989	119.7	0.844382	0
6.75874	0.0120312	120.283	0.8352	0
6.77068	0.0124363	118.917	0.843022	0
6.75092	0.0122569	118.734	0.864786	0
6.74842	0.0122231	119.517	0.850503	0
6.75625	0.0122887	119.867	0.847102	0
6.74138	0.0123447	118.634	0.816837	0
6.73157	0.0123676	119.6	0.8352	0
6.73047	0.011972	117.818	0.83316	0
6.73664	0.0120626	120.2	0.827379	0
6.76396	0.0123086	119.134	0.853564	0
6.76498	0.0122346	118.667	0.843362	0
6.74131	0.0122296	118.684	0.849143	0
6.74566	0.0121745	118.684	0.818537	0
6.75482	0.0120315	119.9	0.859685	0
6.74015	0.012257	118.834	0.824998	0
6.7383	0.0121603	118.767	0.845402	0
6.75473	0.0118963	118.934	0.831119	0
6.76098	0.0122518	119.55	0.83282	0
6.75576	0.0119544	119.234	0.83452	0
6.74426	0.012029	119.067	0.850163	0
6.74594	0.0120349	118.567	0.838941	0
6.76175	0.0121703	119	0.852543	0
6.75848	0.0119461	118.517	0.8352	0
6.75147	0.0121591	118.417	0.829419	0
6.74831	0.0122465	118.001	0.839961	0
6.75695	0.0123105	118.634	0.842342	0
6.76343	0.0122976	118.9	0.83282	0
6.74938	0.012269	118.251	0.850843	0
6.74076	0.0118762	118.534	0.841321	0
6.75706	0.0118347	120.233	0.868527	0
6.75311	0.0120203	117.984	0.855944	0
6.74138	0.0123284	119.1	0.844382	0
6.75094	0.0118678	119.45	0.855604	0
6.75123	0.0121477	120.7	0.837581	0
6.75533	0.0123945	117.918	0.846422	0
6.75604	0.0121372	118.151	0.842342	0
6.72368	0.0117802	119.034	0.83316	0
6.72907	0.012133	118.667	0.83214	0
6.753	0.0119884	119.7	0.829759	0
6.7408	0.0118309	118.534	0.842001	0
6.73589	0.0119413	118.784	0.843702	0
6.76129	0.0122121	120.65	0.8318	0
6.76289	0.0121321	118.501	0.825678	0
6.74532	0.0120371	119.267	0.8335	0
6.7472	0.0121608	118.651	0.839621	0
6.75313	0.0124998	118.051	0.818537	0
6.76323	0.0124528	118.501	0.853564	0
6.75697	0.0122718	118.501	0.83622	0
6.74068	0.012221	118.85	0.842682	0
6.75665	0.0122147	119.384	0.842682	0
6.77781	0.0122387	119.234	0.839621	0
6.7677	0.0123104	120.666	0.83486	0
6.7653	0.0120571	119.234	0.847102	0
6.76621	0.0122152	119.967	0.847443	0
6.76294	0.0120728	119.833	0.843362	0
6.76118	0.0120358	119.384	0.830439	0
6.74529	0.0123707	119.3	0.848463	0
6.75627	0.0122289	118.167	0.816157	0
6.76512	0.0121741	119	0.845402	0
6.74249	0.0119703	118.701	0.839621	0
6.74584	0.0123113	120.433	0.816157	0
6.76693	0.0119161	120.4	0.83452	0
6.75958	0.0122247	119.667	0.870227	0
6.75983	0.0125263	120.75	0.844382	0
6.76406	0.0121505	117.868	0.839621	0
6.76173	0.0121391	119.933	0.822618	0
6.77093	0.0120455	119.334	0.83316	0
6.74916	0.0120343	118.234	0.846762	0
6.74849	0.0123139	121.166	0.839281	0
6.75967	0.0125824	117.784	0.83486	0
6.74458	0.0121486	119.883	0.850503	0
6.76141	0.0121134	118.784	0.819217	0
6.77571	0.0123373	119.084	0.83452	0
6.76712	0.0123552	119.267	0.83656	0
6.77129	0.0123628	118.917	0.8352	0
6.75616	0.0120141	118.417	0.824998	0
6.73823	0.0118755	119.633	0.8352	0
6.76386	0.0122216	119.567	0.845402	0
6.77713	0.0118241	118.084	0.830779	0
6.75065	0.0124477	117.501	0.83622	0
6.74551	0.0123679	119.35	0.826018	0
6.76698	0.0124644	117.584	0.824998	0
6.76336	0.0118826	118.584	0.83588	0
6.75356	0.0123532	118.101	0.866146	0
6.76203	0.0122511	119.317	0.839961	0
6.77164	0.0123095	119.234	0.852203	0
6.76438	0.0123201	117.851	0.829079	0
6.75809	0.0122289	120.733	0.838941	0
6.74679	0.0123159	117.801	0.8318	0
6.72985	0.012256	118.501	0.829419	0
6.74561	0.0121617	119.434	0.841661	0
6.75461	0.0119223	118.984	0.843022	0
6.76315	0.0120397	118.301	0.839961	0
6.78403	0.0119038	120.516	0.840301	0
6.75887	0.0118921	118.551	0.837921	0
6.73888	0.01223	117.468	0.870227	0
6.75087	0.0124461	120	0.83588	0
6.75631	0.0122116	118.884	0.825678	0
6.76008	0.0122555	118.267	0.821257	0
6.76572	0.012144	119.933	0.827719	0
6.75651	0.0121115	119.45	0.8352	0
6.7536	0.0122568	118.667	0.825678	0
6.76019	0.0120163	119.35	0.840301	0
6.751	0.0120357	118.984	0.847443	0
6.75101	0.0123396	118.367	0.83214	0
6.76624	0.0123037	118.067	0.842682	0
6.77227	0.0122844	119.65	0.820917	0
6.76387	0.0122046	119.134	0.831459	0
6.74286	0.0119303	119.1	0.806975	0
6.74075	0.011961	119.417	0.83588	0
6.75601	0.012291	119.9	0.83316	0
6.76978	0.0120795	119.883	0.823298	0
6.76087	0.0122083	120.7	0.818537	0
6.74963	0.0121454	118.217	0.824658	0
6.75399	0.0120441	119.367	0.848463	0
6.77145	0.0123341	119	0.83214	0
6.77516	0.0121466	120.317	0.853564	0
6.76137	0.0125196	117.085	0.843362	0
6.75595	0.012364	118.684	0.807315	0
6.74835	0.0122028	120.766	0.83418	0
6.74583	0.0121847	119.6	0.826018	0
6.7576	0.0123168	118.134	0.846422	0
6.75475	0.0120558	119.534	0.852884	0
6.76907	0.0124085	119.633	0.838261	0
6.7776	0.0121583	119.117	0.83248	0
6.76703	0.0125857	118.617	0.848463	0
6.77273	0.0124612	120.233	0.844382	0
6.7622	0.0121876	118.601	0.815136	0
6.74437	0.0121128	120.067	0.8369	0
6.75672	0.0124077	119.017	0.838601	0
6.76409	0.0125833	119.717	0.823298	0
6.74473	0.0121109	119.567	0.840301	0
6.73247	0.0121176	119.567	0.83656	0
6.74931	0.0121368	119.717	0.844382	0
6.76231	0.0121959	120.816	0.826018	0
6.75217	0.011848	120.083	0.83316	0
6.76042	0.0119157	119.534	0.8369	0
6.77084	0.0122362	117.751	0.843362	0
6.76384	0.0121948	119.8	0.850843	0
6.75932	0.0121578	119.15	0.838941	0
6.76449	0.0120364	119.85	0.83656	0
6.76707	0.0121504	118.151	0.830779	0
6.75423	0.0121604	119.034	0.853564	0
6.74824	0.0122617	119.867	0.838941	0
6.75882	0.0124781	118.95	0.826358	0
6.76011	0.0120002	119.917	0.841661	0
6.74704	0.0122439	118.684	0.831459	0
6.73991	0.0121462	118.917	0.815136	0
6.74061	0.0122786	117.934	0.820917	0
6.75361	0.0120133	118.967	0.841661	0
6.7699	0.0120089	119.983	0.848803	0
6.77378	0.0123382	120.183	0.827379	0
6.77842	0.0119909	119.717	0.842682	0
6.76474	0.0121516	118.701	0.83452	0
6.73685	0.0122234	118.367	0.863086	0
6.73928	0.0119929	118.917	0.842682	0
6.75509	0.0119928	119	0.844722	0
6.75272	0.0119275	118.784	0.829419	0
6.76291	0.0122951	119.817	0.865466	0
6.76375	0.0122246	119.95	0.814796	0
6.74163	0.0120245	117.651	0.846082	0
6.73456	0.0120381	118.534	0.823978	0
6.7578	0.0121658	119.817	0.848803	0
6.76013	0.0118673	118.151	0.830439	0
6.76516	0.0123465	119.217	0.83248	0
6.77685	0.0123554	118.101	0.848803	0
6.74375	0.0123227	117.684	0.842342	0
6.71282	0.0120392	118.567	0.829079	0
6.72692	0.0121982	119.034	0.839621	0
6.73986	0.012124	119.3	0.861725	0
6.74495	0.012005	117.918	0.841661	0
6.75403	0.0123406	118.751	0.839281	0
6.75025	0.0119686	119.817	0.8335	0
6.75709	0.0121638	118.734	0.853224	0
6.75334	0.0122577	118.017	0.821598	0
6.74027	0.0121333	119.034	0.857304	0
6.76633	0.0122396	118.667	0.846422	0
6.7726	0.0124423	117.418	0.850843	0
6.74767	0.0124055	119.6	0.860365	0
6.76023	0.0122356	118.701	0.846422	0
6.77056	0.0120922	118.301	0.822618	0
6.75948	0.0122806	118.117	0.843362	0
6.75603	0.0122754	120.65	0.850163	0
6.75975	0.0122201	118.284	0.850163	0
6.76632	0.0123257	120.017	0.83214	0
6.75545	0.012426	118.967	0.83656	0
6.74419	0.0117894	117.618	0.83656	0
6.76875	0.0121551	117.434	0.838261	0
6.76676	0.0121956	118.217	0.852543	0
6.74944	0.0123511	118.667	0.822278	0
6.76264	0.012197	119.717	0.848463	0
6.76686	0.0121222	119.7	0.83452	0
6.76524	0.0120395	119.15	0.829079	0
6.76719	0.0118275	120.233	0.846422	0
6.74898	0.0120874	119.067	0.861385	0
6.74213	0.0122869	117.668	0.83316	0
6.75837	0.0120577	118.867	0.825338	0
6.76972	0.0122435	120.683	0.851183	0
6.77753	0.0122403	119.167	0.83384	0
6.76899	0.0121388	119.45	0.854584	0
6.74905	0.0120715	117.218	0.839961	0
6.74948	0.0121268	118.734	0.841321	0
6.74875	0.0121041	118.434	0.825338	0
6.76211	0.0122781	120.883	0.8369	0
6.76933	0.0123428	118.917	0.844042	0
6.75337	0.0120888	119.017	0.83282	0
6.75527	0.0122561	118.467	0.8318	0
6.76905	0.0120371	119.1	0.843702	0
6.76835	0.0123703	119.067	0.814796	0
6.77433	0.0121601	119.917	0.8352	0
6.77858	0.0123649	119.017	0.847443	0
6.76273	0.012126	119.683	0.837241	0
6.75405	0.0122102	119.417	0.839621	0
6.75503	0.0120281	119.367	0.857644	0
6.74587	0.0121285	118.351	0.842682	0
6.75733	0.0122762	118.817	0.843362	0
6.77623	0.0122788	118.834	0.842001	0
6.755	0.0123576	119.15	0.831459	0
6.73605	0.012345	117.934	0.83656	0
6.75073	0.0118554	118.85	0.847102	0
6.76107	0.0119738	119.567	0.849143	0
6.75964	0.0123422	119.6	0.839621	0
6.767	0.0121885	119.184	0.837921	0
6.76348	0.0121667	119.334	0.8318	0
6.75661	0.0123437	119.334	0.8318	0
6.7714	0.0121985	120.4	0.844382	0
6.75714	0.0122221	117.101	0.845742	0
6.7354	0.0119929	117.784	0.848463	0
6.76416	0.0119766	119.167	0.839621	0
6.76886	0.0118808	119.384	0.868527	0
6.76339	0.0121434	119.817	0.854584	0
6.77392	0.0121718	120.416	0.819217	0
6.75551	0.0120074	119.917	0.844042	0
6.7612	0.0121801	119.767	0.813776	0
6.78648	0.0119834	119.017	0.850163	0
6.7562	0.0120146	119.267	0.843362	0
6.74265	0.0123757	118.501	0.821257	0
6.76626	0.0124173	119.117	0.842001	0
6.77294	0.0121527	119.034	0.839961	0
6.7547	0.0123612	119.067	0.83452	0
6.74014	0.0123767	118.85	0.83384	0
6.74321	0.0116691	119.767	0.844382	0
6.76112	0.012066	118.784	0.840301	0
6.77075	0.0121734	118.934	0.840301	0
6.76187	0.0121258	118.867	0.846422	0
6.76285	0.0122176	119.5	0.846422	0
6.75853	0.0121321	119.8	0.838941	0
6.74087	0.0121752	118.717	0.859345	0
6.73055	0.0122805	118.334	0.83486	0
6.73738	0.0119976	118.934	0.839281	0
6.75063	0.0121245	119.35	0.841661	0
6.76217	0.012316	118.084	0.83554	0
6.75775	0.0120913	118.834	0.837581	0
6.75621	0.012334	119.584	0.831119	0
6.76673	0.0123735	119.034	0.840981	0
6.76285	0.0122807	118.884	0.859685	0
6.74227	0.0120657	117.584	0.829079	0
6.75494	0.0119533	119.817	0.824318	0
6.7566	0.0121271	117.968	0.837241	0
6.74501	0.0121121	120.267	0.8318	0
6.77236	0.01183	119.567	0.828059	0
6.75878	0.0123216	117.818	0.843022	0
6.72617	0.012373	119.2	0.847102	0
6.75175	0.0123769	119.467	0.813776	0
6.76933	0.0121996	118.151	0.839961	0
6.76006	0.0123552	118.334	0.844042	0
6.76237	0.0119111	119.2	0.821598	0
6.76041	0.0120023	118.401	0.861725	0
6.76392	0.0122118	119.267	0.826358	0
6.7718	0.0121447	119.917	0.83384	0
6.77242	0.0119374	119.167	0.83282	0
6.76675	0.0119526	119.8	0.819557	0
6.76511	0.0120098	119.034	0.828059	0
6.76683	0.0121688	118.751	0.846762	0
6.73958	0.0118179	118.95	0.849823	0
6.72824	0.0120015	118.117	0.849823	0
6.751	0.0120672	119.667	0.838941	0
6.77114	0.0121041	120.733	0.846762	0
6.7884	0.0124848	118.651	0.828059	0
6.76921	0.0123782	119.05	0.828399	0
6.74453	0.0120609	119.733	0.839961	0
6.75621	0.0121961	119.034	0.838601	0
6.75981	0.0121615	120.15	0.843362	0
6.76521	0.012644	118.467	0.8369	0
6.78814	0.0123026	118.651	0.823638	0
6.80152	0.0122388	119.534	0.838941	0
6.77133	0.0122533	119.034	0.852203	0
6.74549	0.0123498	117.634	0.83418	0
6.76393	0.01207	119.167	0.845742	0
6.77644	0.0121867	120.267	0.837581	0
6.76604	0.0119853	119.933	0.83656	0
6.76831	0.0119732	118.151	0.830099	0
6.7631	0.0121165	117.185	0.796433	0
6.76348	0.0121983	120.8	0.853904	0
6.7812	0.012405	119.2	0.828059	0
6.7817	0.01225	119.45	0.8335	0
6.78083	0.0122215	121.083	0.819557	0
6.76873	0.0121545	119.783	0.856964	0
6.74617	0.0120439	118.034	0.843702	0
6.75169	0.0121315	119.867	0.858665	0
6.77628	0.0122363	119.534	0.830779	0
6.75557	0.0122531	117.801	0.828059	0
6.75345	0.0121828	119.933	0.850163	0
6.77134	0.0122644	118.8	0.820917	0
6.75199	0.0123293	118.201	0.842682	0
6.74808	0.0120757	119.467	0.827719	0
6.76357	0.012121	118.784	0.820577	0
6.76602	0.0119346	118.334	0.845062	0
6.76855	0.0121796	118.917	0.827379	0
6.78115	0.0121661	121.133	0.855944	0
6.78152	0.0122129	118.684	0.856624	0
6.76157	0.0122253	119.2	0.848123	0
6.75555	0.0124222	119.084	0.850163	0
6.74796	0.0121931	117.818	0.845742	0
6.74051	0.0122627	117.484	0.821938	0
6.76361	0.0124008	119.484	0.849823	0
6.77199	0.012024	118.417	0.844722	0
6.75794	0.0121265	119.017	0.826699	0
6.76979	0.0123892	119.65	0.83486	0
6.78151	0.0119842	120.833	0.820577	0
6.77223	0.0122374	119.3	0.872607	0
6.74625	0.012079	116.851	0.820917	0
6.7494	0.0123543	119.284	0.857985	0
6.77339	0.0123595	118.467	0.837921	0
6.75377	0.0123567	119.3	0.851183	0
6.75653	0.0121442	119.65	0.846762	0
6.76279	0.0124866	118.201	0.8318	0
6.75271	0.0118742	119.683	0.823638	0
6.76795	0.0119873	119	0.827379	0
6.75411	0.0119864	118.551	0.854584	0
6.75152	0.0122317	119.434	0.83418	0
6.77965	0.0121711	119.034	0.840641	0
6.78092	0.0120201	118.85	0.8318	0
6.76622	0.0120344	120.033	0.839961	0
6.74944	0.012293	117.351	0.839961	0
6.74875	0.0125241	118.251	0.859345	0
6.76608	0.0122682	119.783	0.830779	0
6.78102	0.0120149	119.1	0.83554	0
6.78442	0.0120888	119.017	0.826699	0
6.76933	0.0123681	118.751	0.83588	0
6.76109	0.0121149	118.767	0.826358	0
6.77827	0.0122847	119.8	0.824658	0
6.77136	0.0119596	119.3	0.869207	0
6.74006	0.0118202	116.102	0.808335	0
6.74779	0.0122378	119.234	0.848803	0
6.77798	0.01255	118.884	0.861045	0
6.76392	0.0125414	118.784	0.822278	0
6.76016	0.0120885	119.284	0.857985	0
6.78162	0.0122911	119.517	0.847102	0
6.76907	0.0122045	118.834	0.840981	0
6.76398	0.0122445	118.817	0.849483	0
6.78276	0.0121649	118.834	0.818537	0
6.79335	0.0122526	118.817	0.857304	0
6.76279	0.0119229	118.717	0.838261	0
6.74896	0.011947	119.6	0.838601	0
6.75973	0.0118998	118.401	0.837581	0
6.75068	0.0121176	118.9	0.828399	0
6.75559	0.0121315	118.284	0.851183	0
6.76882	0.0122173	119.367	0.823298	0
6.77033	0.0119868	119.867	0.8318	0
6.77654	0.0119578	119.517	0.837921	0
6.77845	0.0123665	118.534	0.844042	0
6.78406	0.0124648	119.967	0.830779	0
6.78465	0.0123252	119.1	0.850163	0
6.76244	0.012402	119.584	0.846082	0
6.75161	0.0123353	117.968	0.853224	0
6.75404	0.0121702	118.217	0.843362	0
6.76805	0.0123431	119.817	0.829079	0
6.7921	0.0120652	119.9	0.843022	0
6.77192	0.0119698	118.617	0.827719	0
6.76986	0.0121604	119.667	0.829419	0
6.78675	0.0124417	119.6	0.847443	0
6.77467	0.0124346	120.383	0.812756	0
6.78053	0.0123087	117.601	0.821938	0
6.77476	0.0122233	118.284	0.841321	0
6.76288	0.0121561	118.101	0.853224	0
6.75953	0.0123407	118.401	0.851863	0
6.75348	0.0120732	119.534	0.817517	0
6.75968	0.0121089	118.534	0.848123	0
6.76966	0.012091	120.117	0.83486	0
6.76241	0.012142	118.667	0.83486	0
6.75508	0.0124826	118.734	0.83554	0
6.76825	0.0122976	119.234	0.841661	0
6.77027	0.0121977	119.117	0.83486	0
6.76083	0.0122563	117.085	0.840301	0
6.77215	0.0123072	119.367	0.825338	0
6.78919	0.0122695	119.15	0.839281	0
6.7699	0.0121257	118.85	0.840981	0
6.75085	0.0120702	118.967	0.826018	0
6.76678	0.0119868	120.35	0.850163	0
6.77569	0.01243	117.984	0.850163	0
6.76637	0.0124375	118.717	0.827039	0
6.77701	0.0122548	118.267	0.863086	0
6.78562	0.0122745	118.984	0.844382	0
6.76858	0.0121261	118.667	0.843022	0
6.74903	0.0122019	120.433	0.827719	0
6.74942	0.0119388	120.05	0.843702	0
6.75188	0.0120896	118.767	0.848463	0
6.76612	0.012094	119.117	0.845402	0
6.78462	0.0120732	120.35	0.83622	0
6.76076	0.011909	119.567	0.826358	0
6.76502	0.0120888	120.4	0.841321	0
6.7921	0.0122281	119.8	0.842682	0
6.77168	0.012234	118.117	0.855264	0
6.76258	0.0121638	119.6	0.829759	0
6.76031	0.0125594	118.751	0.83486	0
6.75247	0.0120095	118.367	0.847783	0
6.76907	0.0124757	118.917	0.846422	0
6.78351	0.0119723	119.334	0.838941	0
6.78279	0.0120497	119.9	0.860705	0
6.75123	0.0119307	118.734	0.846422	0
6.72877	0.0119251	118.517	0.848463	0
6.7502	0.0119102	120.05	0.824318	0
6.76368	0.0122459	117.085	0.83452	0
6.75121	0.011969	120.15	0.83452	0
6.75981	0.0120923	118.184	0.851183	0
6.76962	0.012279	117.834	0.83282	0
6.76668	0.0122607	118.85	0.828739	0
6.75835	0.0121026	118.067	0.864446	0
6.75825	0.0122967	119.134	0.83248	0
6.76693	0.0123932	118.934	0.839281	0
6.7662	0.0123784	118.867	0.848123	0
6.78136	0.0120493	118.201	0.83588	0
6.79173	0.011871	120	0.849823	0
6.76941	0.0120314	118.484	0.8352	0
6.76597	0.0124102	118.751	0.842682	0
6.77357	0.0122965	119.3	0.839961	0
6.7739	0.0119427	118.251	0.844382	0
6.78123	0.0123164	119.767	0.821938	0
6.7649	0.0121878	119.25	0.825338	0
6.75528	0.0121515	119.767	0.842682	0
6.77265	0.0121063	118.117	0.809355	0
6.77944	0.0121454	120.133	0.83656	0
6.77413	0.0124037	118.734	0.846082	0
6.76498	0.0121348	117.718	0.847443	0
6.76627	0.0121105	119.2	0.826358	0
6.78187	0.0122644	118.634	0.829419	0
6.78325	0.012415	118.234	0.8335	0
6.76432	0.0121545	118.051	0.863766	0
6.75267	0.0123626	119.933	0.853224	0
6.7574	0.0123193	118.717	0.858325	0
6.75293	0.0124819	119.65	0.83316	0
6.75852	0.0119228	119.667	0.847443	0
6.76367	0.0121164	118.934	0.83486	0
6.76207	0.0120311	119.134	0.856964	0
6.76943	0.0123979	118.467	0.839621	0
6.75582	0.0121641	118.717	0.839281	0
6.7489	0.0119672	118.434	0.826699	0
6.76067	0.0123112	119.184	0.850163	0
6.77395	0.0119036	119.25	0.846082	0
6.77984	0.0118998	119.917	0.826358	0
6.78428	0.0120611	120.05	0.843022	0
6.78474	0.0118277	117.951	0.849483	0
6.76971	0.0116815	119.9	0.846082	0
6.77796	0.0123701	117.718	0.841661	0
6.78315	0.0125447	117.951	0.831119	0
6.75429	0.0126286	118.334	0.848463	0
6.74996	0.0122061	118.95	0.845402	0
6.77232	0.0122946	120.5	0.844382	0
6.77254	0.0120575	119.2	0.83554	0
6.76426	0.0120299	119	0.83384	0
6.78004	0.012424	118.834	0.83214	0
6.77002	0.0120692	118.717	0.828399	0
6.75876	0.0121092	119.45	0.828059	0
6.78004	0.0120734	119.9	0.823978	0
6.79126	0.012204	120.017	0.83656	0
6.77232	0.0123635	117.651	0.829079	0
6.77695	0.0121996	120.733	0.839621	0
6.78314	0.0121833	119.783	0.837241	0
6.77419	0.0124266	119.234	0.857304	0
6.78219	0.0123001	118.551	0.826699	0
6.78559	0.0122439	117.918	0.822958	0
6.76746	0.0119965	120.15	0.853564	0
6.76938	0.0123255	117.618	0.838941	0
6.75525	0.0121868	118.751	0.860365	0
6.74265	0.0120866	119.217	0.852884	0
6.78382	0.012134	119.584	0.822278	0
6.80087	0.0122915	119.5	0.826699	0
6.77665	0.0119978	119.45	0.837921	0
6.7728	0.0122516	118.484	0.850163	0
6.7749	0.012116	118.251	0.848463	0
6.76847	0.0121799	118.551	0.846762	0
6.77122	0.0121631	120.167	0.817177	0
6.79921	0.012405	117.584	0.846082	0
6.79992	0.0121082	119.817	0.843362	0
6.77415	0.0120986	119.234	0.83656	0
6.77018	0.0122487	120.083	0.864106	0
6.77183	0.0122449	119.85	0.845402	0
6.76371	0.0118464	119.267	0.824998	0
6.77514	0.0122563	119.983	0.854244	0
6.77412	0.0121634	118.401	0.828059	0
6.76942	0.01184	119.267	0.83622	0
6.78361	0.0118812	119.65	0.848123	0
6.78177	0.0120227	118.017	0.83418	0
6.77152	0.0121304	118.084	0.828739	0
6.77115	0.0120133	118.867	0.83588	0
6.77301	0.0121794	119.284	0.856624	0
6.76175	0.0120229	119.034	0.830779	0
6.76427	0.0122634	118.001	0.830779	0
6.78192	0.0122026	120.8	0.846082	0
6.78303	0.0124051	118.834	0.850503	0
6.77973	0.0124696	119.35	0.851183	0
6.77522	0.0121494	119.017	0.838601	0
6.77245	0.0123831	120.267	0.862065	0
6.78375	0.0121709	119.017	0.851863	0
6.77823	0.0120336	118.667	0.83282	0
6.78427	0.0120801	119.933	0.842682	0
6.79548	0.0124472	117.818	0.864106	0
6.76027	0.0124935	118.734	0.850503	0
6.76194	0.0121996	118.8	0.824318	0
6.79901	0.0121598	119.167	0.844042	0
6.7865	0.012314	119.983	0.842342	0
6.76356	0.0121123	117.418	0.856284	0
6.77652	0.0122896	118.184	0.842682	0
6.78491	0.0122227	120.2	0.83282	0
6.77563	0.0119492	119.783	0.83214	0
6.76886	0.0121979	119.833	0.867506	0
6.76461	0.0118862	118.484	0.824658	0
6.77207	0.0121182	119.217	0.830439	0
6.79278	0.012413	119.267	0.843362	0
6.7849	0.0123879	119.434	0.846082	0
6.77459	0.0122246	119.484	0.83588	0
6.79537	0.0121204	118.984	0.825338	0
6.77994	0.0120902	117.768	0.849483	0
6.7756	0.0124233	119.75	0.8335	0
6.81054	0.0121906	119.434	0.83554	0
6.79125	0.0120862	119.817	0.819217	0
6.75733	0.0121729	118.867	0.8369	0
6.76527	0.0121462	117.918	0.844722	0
6.76223	0.0122267	117.551	0.820577	0
6.76391	0.0119749	118.584	0.83656	0
6.77726	0.0121165	118.051	0.861725	0
6.76252	0.0119208	118.134	0.822618	0
6.75897	0.0118854	118.601	0.837241	0
6.78284	0.0123874	118.234	0.848463	0
6.77602	0.012484	117.551	0.843702	0
6.7759	0.0118868	120.217	0.850163	0
6.79713	0.012216	119.467	0.83452	0
6.79647	0.0121974	119.434	0.8335	0
6.80084	0.0124433	120.566	0.855944	0
6.80148	0.0122993	119.134	0.854244	0
6.76921	0.01216	118.967	0.843022	0
6.77764	0.0119832	119.833	0.841661	0
6.80018	0.0117612	120.333	0.827719	0
6.77741	0.0121161	118.751	0.818197	0
6.76135	0.012061	117.968	0.820237	0
6.78	0.0119947	118.884	0.844382	0
6.79265	0.0120931	119.6	0.822618	0
6.78062	0.0118673	119.534	0.839281	0
6.79733	0.0121335	119.617	0.850503	0
6.80422	0.0121863	120.283	0.853564	0
6.7638	0.0122639	118.784	0.840981	0
6.75141	0.0122588	118.701	0.853224	0
6.78455	0.0124104	119.817	0.852884	0
6.79739	0.0124447	119.35	0.823298	0
6.76806	0.0121228	117.801	0.822278	0
6.75876	0.0121161	118.451	0.847443	0
6.77919	0.0120783	119.967	0.83214	0
6.79052	0.0122411	119.067	0.852884	0
6.77099	0.0122625	119.167	0.845062	0
6.75747	0.0124747	117.318	0.851183	0
6.77753	0.0124911	118.134	0.838261	0
6.78461	0.0125361	118.684	0.8352	0
6.76903	0.0124516	120.067	0.851863	0
6.76223	0.0122174	118.251	0.831459	0
6.77024	0.0124106	118.617	0.83384	0
6.77133	0.012429	117.951	0.822958	0
6.76824	0.0119943	118.017	0.831119	0
6.78066	0.0122316	119.933	0.849143	0
6.77805	0.0122915	118.084	0.848803	0
6.76723	0.0121436	119.9	0.8369	0
6.78298	0.0120054	120.083	0.818877	0
6.79288	0.0121763	118.751	0.847443	0
6.7844	0.0121551	119.034	0.830439	0
6.77325	0.0117561	119	0.847783	0
6.76512	0.0119982	119.284	0.861725	0
6.7624	0.0121182	118.101	0.848463	0
6.76955	0.0122033	118.734	0.858665	0
6.78185	0.0119124	120	0.849483	0
6.7889	0.0123364	119.5	0.847783	0
6.78449	0.0119718	119.217	0.857985	0
6.77799	0.0120693	119.75	0.860365	0
6.77501	0.012036	118.051	0.829079	0
6.78702	0.012108	120.283	0.844722	0
6.79282	0.0120884	118.717	0.855604	0
6.78321	0.0121398	119.067	0.859685	0
6.79716	0.0123144	119.9	0.824658	0
6.79562	0.0122996	118.434	0.840641	0
6.76709	0.0121343	119.167	0.846422	0
6.78269	0.0121879	119.767	0.842682	0
6.78971	0.0122841	119.217	0.830439	0
6.76276	0.0122624	119.084	0.829419	0
6.76447	0.0120707	118.067	0.839621	0
6.79372	0.0121455	119	0.863426	0
0	0	0	0	0
0	0	0	0	0
0	0	0	0	0
0	0	0	0	0
0	0	0	0	0
0	0	0	0	0
0	0	0	0	0
0	0	0	0	0
0	0	0	0	0
0	0	0	0	0
0	0	0	0	0
0	0	0	0	0
0	0	0	0	0
0	0	0	0	0
0	0	0	0	0
0	0	0	0	0
0	0	0	0	0
0	0	0	0	0
0	0	0	0	0
0	0	0	0	0
0	0	0	0	0
0	0	0	0	0
0	0	0	0	0
0	0	0	0	0
0	0	0	0	0
0	0	0	0	0
0	0	0	0	0
0	0	0	0	0
0	0	0	0	0
0	0	0	0	0
0	0	0	0	0
0	0	0	0	0
0	0	0	0	0
0	0	0	0	0
0	0	0	0	0
0	0	0	0	0
0	0	0	0	0
0	0	0	0	0
0	0	0	0	0
0	0	0	0	0
0	0	0	0	0
0	0	0	0	0
0	0	0	0	0
0	0	0	0	0
0	0	0	0	0
0	0	0	0	0
0	0	0	0	0
0	0	0	0	0
0	0	0	0	0
0	0	0	0	0
0	0	0	0	0
0	0	0	0	0
0	0	0	0	0
0	0	0	0	0
0	0	0	0	0
0	0	0	0	0
0	0	0	0	0
0	0	0	0	0
0	0	0	0	0
0	0	0	0	0
0	0	0	0	0
0	0	0	0	0
0	0	0	0	0
0	0	0	0	0
0	0	0	0	0
0	0	0	0	0
0	0	0	0	0
0	0	0	0	0
0	0	0	0	0
0	0	0	0	0
0	0	0	0	0
0	0	0	0	0
0	0	0	0	0
0	0	0	0	0
0	0	0	0	0
0	0	0	0	0
0	0	0	0	0
0	0	0	0	0
0	0	0	0	0
0	0	0	0	0
0	0	0	0	0
0	0	0	0	0
0	0	0	0	0
0	0	0	0	0
0	0	0	0	0
0	0	0	0	0
0	0	0	0	0
0	0	0	0	0
0	0	0	0	0
0	0	0	0	0
0	0	0	0	0
0	0	0	0	0
0	0	0	0	0
0	0	0	0	0
0	0	0	0	0
0	0	0	0	0
0	0	0	0	0
0	0	0	0	0
0	0	0	0	0
0	0	0	0	0
0	0	0	0	0
0	0	0	0	0
0	0	0	0	0
0	0	0	0	0
0	0	0	0	0
0	0	0	0	0
0	0	0	0	0
0	0	0	0	0
0	0	0	0	0
0	0	0	0	0
0	0	0	0	0
0	0	0	0	0
0	0	0	0	0
0	0	0	0	0
0	0	0	0	0
0	0	0	0	0
0	0	0	0	0
0	0	0	0	0
0	0	0	0	0
0	0	0	0	0
0	0	0	0	0
0	0	0	0	0
0	0	0	0	0
0	0	0	0	0
0	0	0	0	0
0	0	0	0	0
0	0	0	0	0
0	0	0	0	0
0	0	0	0	0
0	0	0	0	0
0	0	0	0	0
0	0	0	0	0
0	0	0	0	0
0	0	0	0	0
0	0	0	0	0
0	0	0	0	0
0	0	0	0	0
0	0	0	0	0
0	0	0	0	0
0	0	0	0	0
0	0	0	0	0
0	0	0	0	0
0	0	0	0	0
0	0	0	0	0
0	0	0	0	0
0	0	0	0	0
0	0	0	0	0
0	0	0	0	0
0	0	0	0	0
0	0	0	0	0
0	0	0	0	0
0	0	0	0	0
0	0	0	0	0
0	0	0	0	0
0	0	0	0	0
0	0	0	0	0
0	0	0	0	0
0	0	0	0	0
0	0	0	0	0
0	0	0	0	0
0	0	0	0	0
0	0	0	0	0
0	0	0	0	0
0	0	0	0	0
0	0	0	0	0
0	0	0	0	0
0	0	0	0	0
0	0	0	0	0
0	0	0	0	0
0	0	0	0	0
0	0	0	0	0
0	0	0	0	0
0	0	0	0	0
0	0	0	0	0
0	0	0	0	0
0	0	0	0	0
0	0	0	0	0
0	0	0	0	0
0	0	0	0	0
0	0	0	0	0
0	0	0	0	0
0	0	0	0	0
0	0	0	0	0
0	0	0	0	0
0	0	0	0	0
0	0	0	0	0
0	0	0	0	0
0	0	0	0	0
0	0	0	0	0
0	0	0	0	0
0	0	0	0	0
0	0	0	0	0
0	0	0	0	0
0	0	0	0	0
0	0	0	0	0
0	0	0	0	0
0	0	0	0	0
0	0	0	0	0
0	0	0	0	0
0	0	0	0	0
0	0	0	0	0
0	0	0	0	0
0	0	0	0	0
0	0	0	0	0
0	0	0	0	0
0	0	0	0	0
0	0	0	0	0
0	0	0	0	0
0	0	0	0	0
0	0	0	0	0
0	0	0	0	0
0	0	0	0	0
0	0	0	0	0
0	0	0	0	0
0	0	0	0	0
0	0	0	0	0
0	0	0	0	0
0	0	0	0	0
0	0	0	0	0
0	0	0	0	0
0	0	0	0	0
0	0	0	0	0
0	0	0	0	0
0	0	0	0	0
0	0	0	0	0
0	0	0	0	0
0	0	0	0	0
0	0	0	0	0
0	0	0	0	0
0	0	0	0	0
0	0	0	0	0
0	0	0	0	0
0	0	0	0	0
0	0	0	0	0
0	0	0	0	0
0	0	0	0	0
0	0	0	0	0
0	0	0	0	0
0	0	0	0	0
0	0	0	0	0
0	0	0	0	0
0	0	0	0	0
0	0	0	0	0
0	0	0	0	0
0	0	0	0	0
0	0	0	0	0
0	0	0	0	0
0	0	0	0	0
0	0	0	0	0
0	0	0	0	0
0	0	0	0	0
0	0	0	0	0
0	0	0	0	0
0	0	0	0	0
0	0	0	0	0
0	0	0	0	0
0	0	0	0	0
0	0	0	0	0
0	0	0	0	0
0	0	0	0	0
0	0	0	0	0
0	0	0	0	0
0	0	0	0	0
0	0	0	0	0
0	0	0	0	0
0	0	0	0	0
0	0	0	0	0
0	0	0	0	0
0	0	0	0	0
0	0	0	0	0
0	0	0	0	0
0	0	0	0	0
0	0	0	0	0
0	0	0	0	0
0	0	0	0	0
0	0	0	0	0
0	0	0	0	0
0	0	0	0	0
0	0	0	0	0
0	0	0	0	0
0	0	0	0	0
0	0	0	0	0
0	0	0	0	0
0	0	0	0	0
0	0	0	0	0
0	0	0	0	0
0	0	0	0	0
0	0	0	0	0
0	0	0	0	0
0	0	0	0	0
0	0	0	0	0
0	0	0	0	0
0	0	0	0	0
0	0	0	0	0
0	0	0	0	0
0	0	0	0	0
0	0	0	0	0
0	0	0	0	0
0	0	0	0	0
0	0	0	0	0
0	0	0	0	0
0	0	0	0	0
0	0	0	0	0
0	0	0	0	0
0	0	0	0	0
0	0	0	0	0
0	0	0	0	0
0	0	0	0	0
0	0	0	0	0
0	0	0	0	0
0	0	0	0	0
0	0	0	0	0
0	0	0	0	0
0	0	0	0	0
0	0	0	0	0
0	0	0	0	0
0	0	0	0	0
0	0	0	0	0
0	0	0	0	0
0	0	0	0	0
0	0	0	0	0
0	0	0	0	0
0	0	0	0	0
0	0	0	0	0
0	0	0	0	0
0	0	0	0	0
0	0	0	0	0
0	0	0	0	0
0	0	0	0	0
0	0	0	0	0
0	0	0	0	0
0	0	0	0	0
0	0	0	0	0
0	0	0	0	0
0	0	0	0	0
0	0	0	0	0
0	0	0	0	0
0	0	0	0	0
0	0	0	0	0
0	0	0	0	0
0	0	0	0	0
0	0	0	0	0
0	0	0	0	0
0	0	0	0	0
0	0	0	0	0
0	0	0	0	0
0	0	0	0	0
0	0	0	0	0
0	0	0	0	0
0	0	0	0	0
0	0	0	0	0
0	0	0	0	0
0	0	0	0	0
0	0	0	0	0
0	0	0	0	0
0	0	0	0	0
0	0	0	0	0
0	0	0	0	0
0	0	0	0	0
0	0	0	0	0
0	0	0	0	0
0	0	0	0	0
0	0	0	0	0
0	0	0	0	0
0	0	0	0	0
0	0	0	0	0
0	0	0	0	0
0	0	0	0	0
0	0	0	0	0
0	0	0	0	0
0	0	0	0	0
0	0	0	0	0
0	0	0	0	0
0	0	0	0	0
0	0	0	0	0
0	0	0	0	0
0	0	0	0	0
0	0	0	0	0
0	0	0	0	0
0	0	0	0	0
0	0	0	0	0
0	0	0	0	0
0	0	0	0	0
0	0	0	0	0
0	0	0	0	0
0	0	0	0	0
0	0	0	0	0
0	0	0	0	0
0	0	0	0	0
0	0	0	0	0
0	0	0	0	0
0	0	0	0	0
0	0	0	0	0
0	0	0	0	0
0	0	0	0	0
0	0	0	0	0
0	0	0	0	0
0	0	0	0	0
0	0	0	0	0
0	0	0	0	0
