a2610919.350053
Narit-cm 09/01/2026 19:05:02 09/01/2026 19:35:00 0045 0013.384714 0052.542598 00.0 00.0
0002401 0010 0000000 0010 05 0000000 0010 0000000 0010
1 0 1 01600 1 0000 3.75 00000.o 0 0 01 000 16 002401 0.500 BT0
1 2 1 02000 1 0000 3.75 00000.o 0 0 01 000 16 002401 0.500 S2A0
1 1 1 01600 1 0000 3.75 00000.o 0 0 00 000 00 002401 3.1746 BC0
1 3 1 02000 1 0000 3.75 00000.o 0 0 00 000 00 002401 3.1746 S2P0
1 5 0 01600 0 0000 1.00 00000.o 0 0 00 000 00 000000 0.000 OF0
0.000 .o Analog 0 	0.000 .o Analog StErr 0 	0.000 .o Photon Counting 0 	0.000 .o PC StErr 0 	0.000 .o Overflow Info 0 
29.5642	0.165745	179.525	0.892671	0
62.8693	0.353524	195.835	0.88757	0
258.749	2.25571	117.085	1.31741	0
472.666	0.102367	1.2828	0.145888	0
473.457	0	0	0	0
473.457	0	0.0166597	0.0166632	0
473.457	1.10266E-5	22.8072	0.669248	0
473.457	1.10266E-5	20.4581	0.644424	0
473.457	0	5.19783	0.328843	0
473.457	9.01586E-6	13.6277	0.486293	0
473.457	6.3565E-6	41.1828	0.776709	0
473.457	9.01586E-6	94.6439	0.980748	0
473.457	0	143.207	1.0219	0
473.457	6.3565E-6	132.611	1.08821	0
473.457	6.3565E-6	91.4286	0.93892	0
473.457	0	84.1983	0.900153	0
473.457	6.3565E-6	89.2461	0.907634	0
473.457	0	95.1104	0.923957	0
473.457	0	113.369	0.950822	0
473.457	0	121.116	0.922937	0
473.457	0	122.582	0.942661	0
473.457	0	133.278	0.947422	0
473.457	0	153.403	0.916816	0
473.457	0	170.612	0.904914	0
473.457	0	185.173	0.908994	0
473.457	6.3565E-6	192.603	0.916816	0
473.457	0	200.133	0.880089	0
473.457	0	203.832	0.891991	0
473.457	6.3565E-6	203.049	0.870227	0
473.457	0	203.782	0.901853	0
473.457	6.3565E-6	201.899	0.866486	0
473.457	0	203.599	0.915796	0
473.457	0	203.748	0.898792	0
473.457	0	204.348	0.896072	0
473.639	0.0381491	201.383	0.895052	1
478.74	0.205926	201.266	0.900833	1
485.109	0.265981	200.916	0.866146	1
492.563	0.234602	201.116	0.898792	1
499.904	0.0284656	203.415	0.88587	1
499.99	0.010432	203.149	0.88757	1
499.972	0.0094086	201	0.867166	1
497.125	0.166328	201.766	0.902873	1
484.571	0.495786	202.699	0.88655	1
464.625	0.874637	201.949	0.867846	1
437.605	1.15359	202.366	0.879069	1
399.135	1.20227	201.366	0.848803	1
360.293	1.21874	204.198	0.876688	0
322.609	1.22259	202.482	0.878388	0
286.029	1.22395	201.899	0.875668	0
251.137	1.21941	203.365	0.872947	0
217.796	1.18491	202.116	0.879069	0
186.2	1.12952	200.85	0.871927	0
157.349	1.05516	200.6	0.897432	0
131.391	0.958508	201.2	0.873968	0
108.295	0.851214	200.9	0.855264	0
88.2639	0.739681	200.017	0.882469	0
71.1764	0.629067	199.117	0.859685	0
56.9559	0.52377	197.368	0.859005	0
45.4242	0.429613	196.685	0.874988	0
35.9614	0.345496	196.285	0.872607	0
28.4112	0.272291	194.302	0.880429	0
22.7318	0.214044	192.403	0.863766	0
18.3544	0.166302	191.204	0.874988	0
14.8769	0.127988	190.404	0.889271	0
12.3519	0.0996964	187.972	0.881789	0
10.4747	0.0771674	186.789	0.845062	0
8.95045	0.0600371	184.423	0.869207	0
7.86072	0.0487638	184.04	0.844722	0
7.06252	0.0403178	180.025	0.845062	0
6.35893	0.033239	177.343	0.864786	0
5.86334	0.0275246	176.16	0.850163	0
5.53322	0.0248699	171.329	0.83656	0
5.27267	0.0224811	170.945	0.852543	0
5.08763	0.0213669	167.747	0.845742	0
4.90867	0.0208157	167.247	0.845742	0
4.76698	0.0206134	164.365	0.826358	0
4.70166	0.0199453	161.883	0.843702	0
4.64876	0.0195095	160.8	0.83282	0
4.63472	0.0199589	160.1	0.839961	0
4.64248	0.0197659	158.934	0.845062	0
4.63199	0.0197582	156.418	0.849483	0
4.6721	0.0195033	155.219	0.843702	0
4.73866	0.0197447	154.236	0.829759	0
4.74355	0.0186726	153.053	0.843702	0
4.78578	0.0193527	151.77	0.853564	0
4.87108	0.0190535	150.537	0.828739	0
4.91864	0.0191315	150.321	0.846082	0
4.9803	0.0194044	148.322	0.861725	0
5.06491	0.0194774	148.372	0.827379	0
5.07596	0.0187249	145.156	0.845062	0
5.09791	0.0184536	147.322	0.829759	0
5.17473	0.0182405	145.406	0.830439	0
5.2146	0.0185364	146.122	0.853564	0
5.26028	0.0180023	143.89	0.831119	0
5.31507	0.0180345	144.506	0.823638	0
5.35665	0.0182993	143.44	0.856284	0
5.40542	0.017922	142.574	0.844722	0
5.46406	0.0174705	142.457	0.861725	0
5.51115	0.0174122	140.708	0.851523	0
5.53546	0.0173346	140.208	0.831119	0
5.58844	0.01724	139.109	0.850163	0
5.66397	0.0169701	139.375	0.861725	0
5.71473	0.016546	139.792	0.857985	0
5.74088	0.0164115	138.492	0.858325	0
5.784	0.016999	140.175	0.831459	0
5.8374	0.0162125	139.675	0.847443	0
5.87749	0.0164276	138.642	0.813776	0
5.91586	0.0162339	137.526	0.840301	0
5.93354	0.0158819	136.343	0.861045	0
5.9761	0.0158071	138.892	0.8318	0
6.02228	0.0159882	136.61	0.853224	0
6.03149	0.0156266	135.627	0.818877	0
6.05613	0.0153671	135.377	0.83486	0
6.10854	0.0152159	136.06	0.845742	0
6.14461	0.0154701	135.044	0.844042	0
6.16607	0.0157031	134.661	0.855604	0
6.17731	0.0154254	133.145	0.850503	0
6.19323	0.0153515	133.844	0.830779	0
6.24937	0.0150923	132.495	0.847443	0
6.27655	0.0151392	131.945	0.829079	0
6.28401	0.0149781	133.728	0.840981	0
6.31815	0.0150025	131.728	0.842001	0
6.34082	0.0152332	132.545	0.864786	0
6.35053	0.0153719	131.395	0.846082	0
6.3714	0.014687	131.445	0.842682	0
6.39226	0.0146273	131.279	0.854244	0
6.42487	0.0148423	130.796	0.846422	0
6.44201	0.0147551	129.746	0.851523	0
6.4507	0.0146815	129.813	0.855264	0
6.46072	0.0145153	130.329	0.844722	0
6.45284	0.0141486	129.363	0.843702	0
6.46998	0.0142828	129.829	0.826018	0
6.51424	0.0142102	128.746	0.83316	0
6.52113	0.0142514	129.196	0.853564	0
6.50439	0.0138249	128.297	0.83656	0
6.5065	0.014074	127.064	0.852884	0
6.51476	0.0140318	127.497	0.840301	0
6.54838	0.0138918	127.947	0.865806	0
6.54955	0.0141651	124.965	0.839621	0
6.51357	0.0138681	126.464	0.843022	0
6.53767	0.0135581	126.647	0.839281	0
6.56871	0.0136467	125.548	0.83656	0
6.56285	0.0135993	125.981	0.830099	0
6.55555	0.0132931	125.614	0.844382	0
6.54724	0.013013	124.298	0.854924	0
6.55115	0.0129659	126.114	0.854584	0
6.59712	0.0135356	124.581	0.856624	0
6.60763	0.013176	124.815	0.857644	0
6.58563	0.0131745	125.514	0.829419	0
6.59298	0.0128214	124.248	0.845742	0
6.59356	0.0129953	124.015	0.820237	0
6.58811	0.0127151	123.332	0.83588	0
6.58844	0.0126599	123.648	0.854584	0
6.56786	0.0129966	122.682	0.837581	0
6.55688	0.0126816	122.299	0.844722	0
6.5518	0.0127296	121.449	0.837241	0
6.55215	0.0126804	123.582	0.83656	0
6.56314	0.0126322	122.516	0.850843	0
6.56088	0.0125192	121.233	0.830099	0
6.54902	0.0129116	121.583	0.846422	0
6.54695	0.012756	120.367	0.844382	0
6.54099	0.0121423	120.35	0.840641	0
6.53335	0.0118501	120.283	0.840641	0
6.52305	0.0120873	119.534	0.817177	0
6.52065	0.0120803	120.033	0.821938	0
6.50472	0.0119986	117.384	0.823298	0
6.4817	0.0120246	118.584	0.827379	0
6.47782	0.0118127	117.401	0.861045	0
6.45965	0.0116409	117.918	0.849143	0
6.45318	0.0116407	117.334	0.848463	0
6.45302	0.0116587	118.817	0.848463	0
6.4321	0.0119111	114.786	0.826699	0
6.4245	0.0119441	116.118	0.838261	0
6.42794	0.0117065	115.119	0.846082	0
6.41425	0.0117811	115.135	0.822958	0
6.39801	0.0117843	115.602	0.846082	0
6.38647	0.011345	116.168	0.83384	0
6.38127	0.0112074	116.202	0.829419	0
6.37314	0.0113096	114.952	0.844042	0
6.34924	0.0114396	114.436	0.831119	0
6.32739	0.0113425	114.369	0.860025	0
6.31746	0.0113704	113.486	0.844722	0
6.31057	0.011179	112.986	0.83248	0
6.30038	0.0109396	113.186	0.83316	0
6.29226	0.0111858	112.387	0.842001	0
6.27389	0.0111117	111.603	0.825678	0
6.25114	0.0109798	112.303	0.842001	0
6.2433	0.0108807	111.154	0.858665	0
6.23369	0.0107028	110.471	0.83214	0
6.22481	0.0107733	111.404	0.856624	0
6.20547	0.0106898	109.421	0.823978	0
6.17402	0.0107054	109.554	0.831119	0
6.18141	0.0108222	111.737	0.838601	0
6.16951	0.0107284	108.322	0.846422	0
6.10703	0.0105651	108.138	0.844722	0
6.10428	0.0105704	108.122	0.825678	0
6.12024	0.0105323	108.072	0.844722	0
6.10322	0.0106584	107.305	0.843022	0
6.08757	0.0105641	106.889	0.847102	0
6.06527	0.0105319	106.089	0.845062	0
6.04137	0.0107344	107.105	0.840301	0
6.03169	0.0100618	105.306	0.83554	0
6.01329	0.01033	105.106	0.838261	0
5.99689	0.0106335	104.69	0.8369	0
5.98123	0.0103654	102.691	0.8335	0
5.95851	0.0101844	103.623	0.842001	0
5.96229	0.010264	102.741	0.820917	0
5.94565	0.0104389	103.04	0.849823	0
5.90543	0.0103982	101.841	0.849143	0
5.88894	0.0100987	101.824	0.828059	0
5.88348	0.0100918	100.008	0.821598	0
5.85991	0.010162	102.157	0.849483	0
5.82222	0.0103181	99.4252	0.844042	0
5.80365	0.0102357	99.1587	0.847783	0
5.78342	0.0104969	97.626	0.859685	0
5.76374	0.0102055	98.8088	0.852543	0
5.75565	0.0102236	96.0267	0.843022	0
5.72853	0.0102417	97.2428	0.857644	0
5.69727	0.0100567	95.6268	0.847783	0
5.66845	0.0102965	94.7605	0.853224	0
5.65635	0.0101175	93.3444	0.855944	0
5.64915	0.0101894	93.4944	0.830779	0
5.62994	0.0101072	95.0604	0.863766	0
5.61965	0.0102389	94.5273	0.823638	0
5.59632	0.00999093	92.1616	0.850163	0
5.5691	0.00998613	92.6114	0.839621	0
5.54336	0.00983306	91.0454	0.828399	0
5.5276	0.00977248	89.8126	0.851523	0
5.51742	0.0100358	88.9463	0.825678	0
5.47833	0.00978675	89.7459	0.827719	0
5.46052	0.00983877	88.5964	0.859685	0
5.46507	0.00978409	88.6964	0.837581	0
5.43299	0.00955921	87.3803	0.848123	0
5.40969	0.00971371	85.9642	0.841661	0
5.40627	0.00981347	86.0142	0.844382	0
5.38817	0.0096386	85.7476	0.841321	0
5.36152	0.00938596	83.9983	0.848463	0
5.34738	0.00958107	84.6814	0.839621	0
5.33533	0.00946276	84.015	0.849483	0
5.32318	0.00947898	84.2482	0.862065	0
5.32098	0.00960105	84.3648	0.851183	0
5.30606	0.00947859	83.082	0.854584	0
5.28146	0.00936676	82.2491	0.868186	0
5.26769	0.00935814	81.9325	0.843702	0
5.25407	0.00945919	81.3661	0.847783	0
5.22992	0.00926019	79.5002	0.83384	0
5.21674	0.00922653	81.2162	0.8318	0
5.21353	0.00913618	78.9338	0.845062	0
5.18339	0.00917652	79.217	0.830099	0
5.17101	0.00903752	78.7672	0.849483	0
5.18051	0.00915966	77.0346	0.852884	0
5.15293	0.00925987	77.551	0.837241	0
5.12876	0.00924923	77.0679	0.845742	0
5.121	0.00905951	75.4186	0.845402	0
5.09781	0.00911789	74.9021	0.844722	0
5.08102	0.00902669	75.3353	0.839281	0
5.07057	0.00887349	73.6027	0.828399	0
5.0562	0.00880655	74.419	0.828399	0
5.03591	0.0086152	73.4527	0.854584	0
5.02597	0.0087653	73.9359	0.841661	0
5.00947	0.00864121	72.07	0.865466	0
4.99157	0.00876659	71.6701	0.828399	0
4.98051	0.00871263	69.8376	0.826699	0
4.97034	0.00872625	71.187	0.849823	0
4.95683	0.00849891	69.3711	0.841661	0
4.92747	0.00846453	67.6551	0.811736	0
4.91327	0.00826436	69.0546	0.823638	0
4.92076	0.00830834	67.5385	0.824998	0
4.90555	0.00842814	67.5219	0.819897	0
4.87381	0.00818076	66.0558	0.825678	0
4.87078	0.00824043	66.5056	0.839961	0
4.87232	0.00814567	66.1224	0.821938	0
4.8506	0.00812219	65.3061	0.817857	0
4.83221	0.00815721	63.8067	0.822958	0
4.82599	0.00796295	64.873	0.799833	0
4.82162	0.00801523	64.8563	0.837921	0
4.81215	0.00801263	63.94	0.810715	0
4.79649	0.00808444	63.8234	0.820577	0
4.78603	0.00794336	62.5906	0.806975	0
4.78561	0.00813419	62.9571	0.826358	0
4.78135	0.00815501	62.3074	0.83282	0
4.76981	0.00789945	63.2403	0.828059	0
4.75686	0.00796301	61.4244	0.821938	0
4.74586	0.00783874	61.9742	0.813776	0
4.73619	0.00758149	60.4082	0.806295	0
4.72374	0.00756482	60.808	0.798133	0
4.71096	0.00764123	58.8255	0.799833	0
4.69382	0.00771433	57.8092	0.795753	0
4.68327	0.00771414	58.2424	0.797113	0
4.68158	0.00784023	57.7759	0.806295	0
4.66816	0.00747265	56.2099	0.791672	0
4.65963	0.00744334	56.8263	0.790312	0
4.66054	0.00769098	58.8755	0.819217	0
4.63127	0.00731614	56.1766	0.827039	0
4.61285	0.00742505	55.8601	0.798133	0
4.61722	0.00753447	55.0937	0.802214	0
4.59965	0.00724875	54.7105	0.797453	0
4.5843	0.0071296	53.661	0.797793	0
4.59382	0.00735285	55.0937	0.805955	0
4.59469	0.00719537	53.5444	0.792012	0
4.57242	0.00719874	52.9779	0.771948	0
4.55733	0.00714419	51.0454	0.789631	0
4.55188	0.00707991	51.5119	0.798133	0
4.53947	0.00706279	52.4948	0.798813	0
4.52989	0.00687495	51.5119	0.78181	0
4.52011	0.00682338	49.1129	0.787591	0
4.50884	0.00682734	50.8621	0.78419	0
4.49845	0.00677759	48.2965	0.761746	0
4.4859	0.00666758	48.813	0.78045	0
4.48464	0.00658703	49.7293	0.759706	0
4.47708	0.00663379	47.4636	0.742702	0
4.45622	0.00647215	47.8134	0.754265	0
4.44805	0.00634781	46.464	0.740322	0
4.44926	0.00663223	46.7805	0.760386	0
4.44059	0.00643998	46.514	0.760726	0
4.43453	0.00641222	45.3145	0.755965	0
4.43308	0.00640372	46.7139	0.764807	0
4.42434	0.00619681	45.7643	0.732841	0
4.41193	0.00631772	44.2982	0.73216	0
4.40208	0.00592699	44.4315	0.733181	0
4.39036	0.00612618	43.5152	0.743723	0
4.38153	0.00612962	43.4819	0.742702	0
4.38122	0.00623223	43.4652	0.732841	0
4.37856	0.00603537	43.5652	0.739642	0
4.374	0.00614492	43.9983	0.747803	0
4.36956	0.0058882	42.7489	0.718898	0
4.35843	0.00583216	42.1324	0.745763	0
4.34847	0.00593075	42.6489	0.726379	0
4.3519	0.00589053	41.2995	0.737601	0
4.34835	0.00604478	41.1995	0.736241	0
4.33726	0.00595624	41.9992	0.757665	0
4.33753	0.00584377	41.6826	0.742362	0
4.33687	0.00571703	40.4831	0.736921	0
4.32306	0.0057479	40.05	0.715497	0
4.32185	0.00577534	40.8163	0.72876	0
4.32504	0.0058164	41.2495	0.73012	0
4.31444	0.00573902	40.0666	0.704275	0
4.30611	0.00555688	41.2828	0.736581	0
4.29851	0.00562784	38.6339	0.713117	0
4.29067	0.0056724	39.2337	0.711076	0
4.28813	0.00559645	37.7176	0.701555	0
4.29128	0.00559074	40.1333	0.699514	0
4.29341	0.00554592	39.317	0.72876	0
4.29364	0.00566566	39.4835	0.7291	0
4.28911	0.00559249	38.8172	0.700194	0
4.27547	0.00557965	39.8001	0.739982	0
4.2665	0.00559813	38.0841	0.72842	0
4.26587	0.00544856	37.551	0.700874	0
4.26765	0.00559197	38.7672	0.720258	0
4.26413	0.00561429	37.3344	0.720598	0
4.25275	0.00539492	38.2507	0.722299	0
4.24917	0.00539862	37.1345	0.712097	0
4.25062	0.00545472	36.6347	0.702575	0
4.23857	0.00531553	35.9184	0.704275	0
4.22809	0.00525456	35.4519	0.704275	0
4.22968	0.00527882	36.2682	0.708016	0
4.22613	0.00522784	36.7347	0.720598	0
4.22434	0.00540212	36.035	0.703595	0
4.21818	0.00534744	33.8359	0.685231	0
4.21193	0.0052161	35.8351	0.688972	0
4.21044	0.00523095	34.3357	0.696113	0
4.20472	0.00527259	34.419	0.688632	0
4.20076	0.00503377	34.5523	0.688292	0
4.19448	0.00507418	32.8696	0.644424	0
4.18254	0.00505232	32.9529	0.694753	0
4.17949	0.00506633	33.1195	0.67979	0
4.18004	0.00502702	33.5527	0.694413	0
4.16432	0.00502534	31.9867	0.668908	0
4.15801	0.00493531	32.6364	0.681831	0
4.1613	0.00499738	31.6368	0.667548	0
4.15593	0.00490871	31.7868	0.667888	0
4.14919	0.00479267	31.6535	0.671629	0
4.14314	0.00483438	30.8372	0.655306	0
4.13802	0.00473949	29.2878	0.633882	0
4.13385	0.00476679	30.4207	0.663467	0
4.12826	0.00470926	30.7039	0.667888	0
4.1232	0.00464836	29.0212	0.653605	0
4.11727	0.00466074	29.8042	0.669928	0
4.11578	0.00460282	28.9046	0.641703	0
4.10691	0.00462027	29.7209	0.661767	0
4.09132	0.00447725	27.3219	0.629801	0
4.0827	0.00435758	27.9217	0.629121	0
4.08191	0.0044624	27.905	0.634562	0
4.07643	0.00436977	27.272	0.635242	0
4.06538	0.00422435	26.0225	0.600895	0
4.0597	0.00426846	26.2724	0.614498	0
4.0588	0.00418615	26.289	0.608717	0
4.05657	0.00411324	26.2557	0.621639	0
4.05242	0.00410844	25.4561	0.604976	0
4.05211	0.00409541	25.0562	0.596474	0
4.04859	0.00407264	24.8896	0.593754	0
4.03703	0.00403651	23.8234	0.592394	0
4.03025	0.00395414	24.04	0.578111	0
4.0326	0.00391866	24.09	0.598855	0
4.02789	0.00388875	23.7901	0.585932	0
4.02209	0.00381416	23.1237	0.587633	0
4.02117	0.00388369	23.94	0.593074	0
4.0172	0.00385626	24.2732	0.601575	0
4.01196	0.00384108	22.2741	0.57335	0
4.00863	0.00383719	23.5569	0.588993	0
4.00482	0.00384192	22.2741	0.579811	0
3.99972	0.00371252	22.7072	0.57267	0
3.99763	0.00373386	21.9409	0.561448	0
3.9986	0.00369209	22.1075	0.580491	0
3.99946	0.00378355	21.5743	0.560768	0
3.99502	0.00363138	21.4577	0.568929	0
3.98988	0.00362483	21.7243	0.577771	0
3.98301	0.00360809	20.7747	0.556347	0
3.97989	0.00357203	21.3578	0.558387	0
3.97952	0.00360939	20.5748	0.556007	0
3.97253	0.00361983	20.9579	0.554986	0
3.96917	0.00361821	20.4082	0.553286	0
3.97251	0.00350075	21.5577	0.557367	0
3.97165	0.00357359	20.5581	0.560087	0
3.96789	0.00354459	20.3082	0.549205	0
3.9678	0.00355076	21.0579	0.566209	0
3.96075	0.00350827	19.092	0.528121	0
3.95619	0.00353091	20.0083	0.559747	0
3.95987	0.00356172	18.9088	0.527441	0
3.95538	0.00342622	19.8751	0.551246	0
3.94678	0.00336512	18.8255	0.541384	0
3.94881	0.00348784	19.142	0.527101	0
3.94963	0.00347149	18.5256	0.541384	0
3.94319	0.00337543	18.4257	0.531182	0
3.93995	0.00343271	18.2257	0.530842	0
3.93686	0.00329909	19.0421	0.532542	0
3.93406	0.00325758	19.1254	0.528801	0
3.93457	0.00316314	19.142	0.537643	0
3.93196	0.00326342	18.1758	0.51928	0
3.92773	0.0033227	18.1258	0.52098	0
3.92922	0.00334651	18.5756	0.530502	0
3.92678	0.00316599	17.4761	0.516559	0
3.92058	0.00327276	16.9263	0.507037	0
3.9166	0.00318539	16.8263	0.497855	0
3.9164	0.00317741	17.0929	0.508738	0
3.91756	0.0032376	17.2428	0.506357	0
3.91207	0.00309354	17.1928	0.515879	0
3.9082	0.00313862	16.8763	0.52302	0
3.91041	0.00316969	17.3928	0.513498	0
3.90546	0.00311151	16.5598	0.503297	0
3.8954	0.00310139	15.5102	0.494455	0
3.88858	0.00299495	15.7601	0.497855	0
3.89207	0.00304587	15.6102	0.493435	0
3.89608	0.00306364	15.96	0.490374	0
3.89483	0.00303997	15.9933	0.495475	0
3.89436	0.00303166	15.8767	0.490034	0
3.88894	0.00292522	15.5435	0.487654	0
3.88367	0.00291965	15.2103	0.493775	0
3.88474	0.00291251	14.344	0.478812	0
3.88297	0.00285316	15.0771	0.475411	0
3.87989	0.00287496	14.394	0.478472	0
3.88383	0.00297017	15.9767	0.499896	0
3.88255	0.00291355	14.9271	0.480512	0
3.87803	0.00298016	14.9938	0.475751	0
3.87496	0.00296751	14.5273	0.47099	0
3.87	0.00277474	14.9604	0.485273	0
3.86829	0.0029035	14.1274	0.461809	0
3.87176	0.00281379	14.8438	0.47099	0
3.87227	0.00281574	13.9608	0.459088	0
3.8672	0.0029476	14.0108	0.47133	0
3.87153	0.00288851	15.2103	0.489014	0
3.87387	0.00288858	14.5273	0.473371	0
3.86934	0.00290291	14.8438	0.484933	0
3.86815	0.00283364	14.4107	0.478132	0
3.86357	0.00278266	13.5444	0.461809	0
3.8621	0.00281269	14.7272	0.466569	0
3.86221	0.00282346	14.0108	0.461468	0
3.8575	0.00282599	13.5777	0.460788	0
3.85682	0.00279336	14.6439	0.47167	0
3.85852	0.00278188	13.4444	0.455687	0
3.85441	0.00274309	13.8442	0.451947	0
3.84993	0.00266694	13.2778	0.459428	0
3.85139	0.00278045	13.9608	0.455007	0
3.85392	0.00273531	13.5777	0.462489	0
3.85263	0.00281781	13.661	0.465889	0
3.85173	0.00274225	13.2778	0.456027	0
3.85373	0.00267959	13.7443	0.465889	0
3.85333	0.00273129	13.2278	0.449906	0
3.84975	0.00265585	13.4611	0.466569	0
3.84847	0.00272817	12.778	0.442765	0
3.85054	0.0026709	13.5777	0.466569	0
3.84696	0.00270852	13.7776	0.47133	0
3.84076	0.00267265	12.728	0.439364	0
3.83988	0.00267466	12.5781	0.442765	0
3.84153	0.00267213	13.6443	0.464529	0
3.83811	0.00266221	13.511	0.457728	0
3.83446	0.0026039	12.9113	0.442425	0
3.83379	0.00267291	12.6447	0.448206	0
3.83548	0.00264911	13.3111	0.447526	0
3.83393	0.00256297	12.3782	0.436304	0
3.82898	0.00259196	12.4282	0.447866	0
3.82592	0.00256453	12.2116	0.434263	0
3.8228	0.00254383	11.112	0.412159	0
3.82307	0.00256744	12.2116	0.422701	0
3.82332	0.00252911	11.7951	0.427802	0
3.82018	0.00261123	11.7118	0.433583	0
3.8149	0.00248202	10.6789	0.412159	0
3.80975	0.00241729	11.0787	0.420661	0
3.80959	0.00242053	11.6451	0.4193	0
3.80946	0.00239549	10.379	0.403997	0
3.80783	0.00240905	10.9121	0.421001	0
3.80649	0.00240963	10.329	0.401957	0
3.80148	0.00235158	10.0625	0.407398	0
3.80097	0.00240042	10.0292	0.393455	0
3.80142	0.00234782	10.0625	0.399237	0
3.80194	0.00233115	10.0458	0.394816	0
3.8001	0.0022947	10.2457	0.405358	0
3.79649	0.00237591	9.4294	0.396516	0
3.8001	0.00237558	10.5956	0.410799	0
3.80212	0.00235534	9.49604	0.398216	0
3.79587	0.00237396	10.7622	0.41488	0
3.79081	0.0023089	9.69596	0.389035	0
3.78789	0.00219961	9.41274	0.395156	0
3.78488	0.00225915	9.26281	0.384954	0
3.78683	0.00224754	9.41274	0.389375	0
3.78551	0.00224605	8.66306	0.36557	0
3.78288	0.00223989	9.596	0.393455	0
3.78599	0.00227342	9.49604	0.385294	0
3.78602	0.00233212	9.27947	0.384274	0
3.78418	0.00223068	9.57934	0.386994	0
3.78379	0.00224008	9.16285	0.384954	0
3.77953	0.00218437	8.84631	0.371691	0
3.77896	0.00224806	8.62974	0.375772	0
3.78231	0.00220662	8.99625	0.376452	0
3.77841	0.00219877	8.77968	0.369991	0
3.77674	0.00220655	8.84631	0.378493	0
3.77642	0.00216277	8.3965	0.36523	0
3.77394	0.00210322	8.62974	0.370331	0
3.77422	0.00216063	8.3965	0.368291	0
3.77359	0.00216432	8.57976	0.375772	0
3.77042	0.00215148	8.29654	0.357749	0
3.77089	0.00210939	8.19658	0.36625	0
3.76996	0.00213241	8.74636	0.379173	0
3.76931	0.00209038	7.81341	0.346867	0
3.77012	0.00208578	8.27988	0.374072	0
3.77118	0.00207605	8.57976	0.368291	0
3.7717	0.00216614	8.3965	0.360469	0
3.77029	0.00208681	8.34652	0.357409	0
3.76849	0.00212411	8.32986	0.371691	0
3.76598	0.00215511	7.59683	0.340405	0
3.76131	0.00204037	7.48022	0.343466	0
3.76025	0.00205607	7.56352	0.344826	0
3.76334	0.00208668	7.98001	0.358089	0
3.7643	0.0020837	8.14661	0.358089	0
3.7615	0.0021243	7.99667	0.361149	0
3.7581	0.00204809	7.39692	0.347887	0
3.75914	0.00206042	7.74677	0.355368	0
3.75929	0.00201443	7.18034	0.342106	0
3.75631	0.00195566	7.69679	0.354008	0
3.75602	0.00204984	6.89713	0.330883	0
3.75455	0.0020357	7.33028	0.350947	0
3.75441	0.00205146	6.99708	0.334284	0
3.75114	0.00196851	7.38026	0.342786	0
3.74901	0.00192174	6.56393	0.325442	0
3.75054	0.00197726	6.69721	0.334284	0
3.74836	0.00195229	6.93045	0.332244	0
3.74912	0.00196539	7.29696	0.346526	0
3.74798	0.00194269	7.06372	0.335304	0
3.74385	0.00192887	7.0304	0.340745	0
3.74184	0.00187348	6.73053	0.327483	0
3.7411	0.00191577	6.11412	0.316601	0
3.73845	0.00183541	6.29738	0.323402	0
3.73543	0.00183035	5.94752	0.309799	0
3.73269	0.00185753	5.49771	0.300278	0
3.73186	0.00179746	5.76426	0.300958	0
3.73418	0.00186771	5.98084	0.3149	0
3.7337	0.00186842	5.88088	0.31048	0
3.72963	0.00176185	5.66431	0.297897	0
3.73147	0.00181744	5.79758	0.301638	0
3.73172	0.0018275	5.88088	0.304018	0
3.72907	0.00179831	5.51437	0.300618	0
3.72887	0.0018251	5.14786	0.287355	0
3.72754	0.00178488	4.93128	0.282594	0
3.7282	0.00179117	5.54769	0.299257	0
3.7275	0.00174616	5.23115	0.291776	0
3.72555	0.00178916	5.28113	0.293816	0
3.72364	0.00170212	4.91462	0.282254	0
3.72138	0.00170776	4.59808	0.273072	0
3.72101	0.00170335	4.83132	0.282254	0
3.7189	0.00166352	4.41483	0.267631	0
3.71902	0.00164212	4.93128	0.288375	0
3.72109	0.00173675	4.69804	0.275113	0
3.71786	0.00167578	4.53145	0.270352	0
3.71614	0.00166527	4.6314	0.273752	0
3.71592	0.00166975	4.24823	0.263551	0
3.71469	0.00164218	3.99833	0.257089	0
3.71383	0.00165924	4.28155	0.26117	0
3.71457	0.00166378	4.61474	0.276473	0
3.71231	0.00164108	4.33153	0.268652	0
3.71201	0.00167131	4.58142	0.271372	0
3.71309	0.00163849	4.39817	0.266951	0
3.71007	0.00161267	3.74844	0.250288	0
3.70791	0.00155676	4.18159	0.26083	0
3.70864	0.0015947	3.96501	0.255049	0
3.71088	0.0016106	4.41483	0.266611	0
3.71006	0.0016451	4.26489	0.265931	0
3.70751	0.00160528	4.01499	0.25981	0
3.70471	0.00154346	3.44856	0.238726	0
3.7053	0.00154917	3.8484	0.253009	0
3.70729	0.00155527	4.06497	0.25879	0
3.70782	0.00158692	4.08163	0.258109	0
3.70598	0.00162921	4.31487	0.266271	0
3.70322	0.00154463	3.86506	0.253689	0
3.70209	0.00156908	3.5985	0.242807	0
3.70207	0.00155378	3.5152	0.239406	0
3.70367	0.00161689	3.96501	0.255049	0
3.70393	0.00157596	3.49854	0.236685	0
3.70306	0.00155611	3.83174	0.251648	0
3.70283	0.00155806	3.48188	0.241786	0
3.70307	0.00157576	3.71512	0.241786	0
3.70366	0.00156902	3.7651	0.246547	0
3.70295	0.00153334	3.78176	0.250288	0
3.69997	0.00152543	3.39858	0.231244	0
3.70163	0.00155968	4.03165	0.256749	0
3.70237	0.00159723	4.09829	0.253009	0
3.70059	0.00158251	3.41524	0.237706	0
3.6983	0.00153237	3.63182	0.246207	0
3.70098	0.00155819	3.9317	0.249948	0
3.69862	0.00155851	3.63182	0.241446	0
3.69701	0.00149806	3.66514	0.241446	0
3.69955	0.00156675	3.66514	0.249268	0
3.6988	0.00156312	3.5152	0.238386	0
3.69778	0.00156545	3.69846	0.247908	0
3.69898	0.00151499	3.46522	0.236685	0
3.69712	0.00153795	3.46522	0.234305	0
3.69516	0.00150889	3.3486	0.234645	0
3.69498	0.00149949	3.31529	0.236005	0
3.69574	0.00154171	3.18201	0.230904	0
3.69749	0.00149774	3.53186	0.236345	0
3.69473	0.00148385	3.11537	0.225123	0
3.69228	0.00149034	3.11537	0.227504	0
3.69371	0.00145123	3.09871	0.225803	0
3.69176	0.00146122	3.06539	0.225803	0
3.69173	0.0014583	3.26531	0.231924	0
3.69399	0.00148561	3.3486	0.233285	0
3.69466	0.00149313	3.04873	0.217982	0
3.69383	0.00149858	3.4319	0.236005	0
3.69629	0.00151278	3.64848	0.248928	0
3.69451	0.00150824	3.71512	0.246207	0
3.6944	0.00152874	3.36526	0.236345	0
3.69444	0.0015421	3.53186	0.237706	0
3.69191	0.0015288	3.04873	0.224103	0
3.69088	0.00149702	3.21533	0.225803	0
3.69038	0.00148762	3.28197	0.230224	0
3.68886	0.00142113	2.71554	0.21084	0
3.68913	0.00145687	2.84881	0.21118	0
3.69249	0.00151745	3.29863	0.232945	0
3.69203	0.00154671	3.53186	0.238726	0
3.68856	0.00153146	2.88213	0.220022	0
3.68977	0.00148133	3.29863	0.228184	0
3.69168	0.0014413	3.36526	0.234985	0
3.68966	0.00150189	3.14869	0.232265	0
3.68684	0.0014703	2.63224	0.205059	0
3.68806	0.00150993	2.83215	0.214581	0
3.69077	0.00151084	2.96543	0.219002	0
3.68951	0.00152563	3.13203	0.232945	0
3.6859	0.00146628	2.71554	0.212201	0
3.68754	0.00148749	3.01541	0.220702	0
3.6884	0.00146816	2.96543	0.221723	0
3.68556	0.00144474	2.81549	0.211521	0
3.68586	0.00145921	2.88213	0.214921	0
3.68654	0.0014677	2.83215	0.217302	0
3.68642	0.00148256	3.18201	0.228524	0
3.68648	0.00147101	2.96543	0.219002	0
3.68479	0.00141653	2.81549	0.214241	0
3.6835	0.00144507	2.96543	0.220362	0
3.6842	0.00144507	2.88213	0.213901	0
3.68648	0.00149793	2.93211	0.220362	0
3.68564	0.00149456	3.29863	0.234305	0
3.68495	0.00149975	2.88213	0.217642	0
3.68425	0.00146154	2.58226	0.2088	0
3.6838	0.00143313	2.69888	0.2088	0
3.6836	0.00141711	2.74885	0.213221	0
3.68236	0.0014018	2.73219	0.20982	0
3.6831	0.00141802	2.63224	0.205059	0
3.68319	0.001457	2.73219	0.21118	0
3.68163	0.00144825	2.81549	0.219342	0
3.6808	0.00142314	2.61558	0.204719	0
3.68144	0.00145162	2.66556	0.20914	0
3.6821	0.00141802	2.59892	0.205399	0
3.68052	0.00141568	2.81549	0.221723	0
3.67941	0.00142652	2.79883	0.217302	0
3.68063	0.0014177	2.63224	0.20642	0
3.6806	0.00143339	2.63224	0.20642	0
3.68122	0.00148814	2.63224	0.211861	0
3.68181	0.00142237	2.73219	0.20982	0
3.67978	0.00144066	2.36568	0.196898	0
3.67807	0.00143767	2.399	0.196558	0
3.67937	0.00141283	2.71554	0.21084	0
3.6805	0.00138377	2.63224	0.203699	0
3.679	0.00143884	2.24906	0.189416	0
3.67689	0.00139052	2.59892	0.201319	0
3.67734	0.00142483	2.34902	0.197578	0
3.68049	0.00141938	2.81549	0.211521	0
3.68121	0.00144014	2.63224	0.205059	0
3.67954	0.00142483	2.83215	0.214581	0
3.67829	0.00139188	2.24906	0.193837	0
3.67888	0.00147477	2.74885	0.215601	0
3.67759	0.00138273	2.28238	0.192137	0
3.67686	0.00138747	2.53228	0.20846	0
3.67825	0.00139285	2.33236	0.196898	0
3.67777	0.0013983	2.66556	0.20914	0
3.67749	0.00141114	2.49896	0.203019	0
3.67857	0.00141127	2.86547	0.214581	0
3.67746	0.00140051	2.41566	0.199958	0
3.67483	0.00143365	2.26572	0.197238	0
3.67648	0.00143158	2.58226	0.204719	0
3.67615	0.0014212	2.54894	0.203699	0
3.67323	0.00140083	2.2324	0.188736	0
3.67422	0.00138942	2.04915	0.186016	0
3.67504	0.00137975	2.21574	0.194177	0
3.67495	0.00141581	2.54894	0.205059	0
3.67586	0.00142652	2.54894	0.2088	0
3.67475	0.00136535	2.11579	0.187376	0
3.67386	0.00138663	2.29904	0.194517	0
3.67477	0.00141763	2.08247	0.182955	0
3.67386	0.00141328	2.34902	0.198938	0
3.67461	0.00138312	2.28238	0.193837	0
3.67483	0.00137275	2.38234	0.196218	0
3.67282	0.00139752	2.08247	0.187376	0
3.67313	0.00139396	2.19908	0.194857	0
3.6727	0.00136704	2.43232	0.199278	0
3.67248	0.00138766	2.51562	0.202339	0
3.67443	0.00139434	2.26572	0.188736	0
3.67303	0.00136762	2.3157	0.200638	0
3.6732	0.00136289	2.11579	0.184315	0
3.67325	0.00136191	2.08247	0.182955	0
3.67165	0.00136859	2.29904	0.192817	0
3.67037	0.00136581	1.94919	0.183635	0
3.67219	0.00135971	1.88255	0.177514	0
3.67274	0.00137125	2.36568	0.195537	0
3.6722	0.0013754	2.24906	0.193837	0
3.67086	0.00134823	1.93253	0.176494	0
3.66977	0.00135932	1.86589	0.172073	0
3.67034	0.00134985	2.33236	0.195537	0
3.67155	0.00136652	2.44898	0.199958	0
3.66974	0.00137774	2.06581	0.185336	0
3.66875	0.00134421	1.93253	0.182955	0
3.67124	0.00143248	2.18242	0.195537	0
3.6716	0.00136918	2.18242	0.192817	0
3.67029	0.00137009	1.96585	0.181255	0
3.67178	0.00139558	2.08247	0.182955	0
3.67155	0.00132604	2.04915	0.186016	0
3.66945	0.00138825	2.04915	0.179894	0
3.67103	0.00135848	2.34902	0.197578	0
3.67179	0.00135763	1.96585	0.179554	0
3.67045	0.00139065	2.18242	0.191457	0
3.67044	0.00136126	2.13244	0.190777	0
3.66925	0.00136457	2.04915	0.186016	0
3.66831	0.00134524	1.94919	0.177514	0
3.67024	0.00135783	2.5656	0.204039	0
3.67019	0.00133506	1.59933	0.161531	0
3.66735	0.00135731	1.88255	0.179214	0
3.66785	0.00136717	1.99917	0.182615	0
3.66851	0.00135342	1.83257	0.172413	0
3.66748	0.00137352	2.08247	0.188736	0
3.66861	0.00135394	1.89921	0.173773	0
3.6696	0.00133934	1.63265	0.161531	0
3.66761	0.00134434	1.84923	0.174794	0
3.66781	0.00135218	1.93253	0.179894	0
3.66673	0.00133143	2.03249	0.185336	0
3.66662	0.00132384	1.98251	0.177174	0
3.66765	0.0013481	2.06581	0.180575	0
3.66796	0.00131988	1.69929	0.166292	0
3.6655	0.00129848	1.93253	0.181255	0
3.66576	0.00133409	1.63265	0.163231	0
3.66573	0.00130243	1.88255	0.172753	0
3.66699	0.00130976	1.91587	0.179214	0
3.66652	0.0013335	1.68263	0.167312	0
3.66497	0.00132715	1.83257	0.170713	0
3.66671	0.00135582	1.66597	0.169693	0
3.66702	0.00136444	1.69929	0.169693	0
3.66629	0.00131846	2.03249	0.185336	0
3.66711	0.00132481	2.08247	0.191797	0
3.66745	0.00134836	1.88255	0.176154	0
3.66619	0.00132157	1.89921	0.175134	0
3.66481	0.00130912	1.78259	0.168332	0
3.6653	0.001299	1.89921	0.176834	0
3.66564	0.00130808	1.69929	0.169693	0
3.66335	0.00131113	1.84923	0.173093	0
3.66335	0.00134849	1.51603	0.15575	0
3.6653	0.00133357	1.81591	0.173093	0
3.66555	0.00129044	1.71595	0.168672	0
3.66542	0.00134278	1.88255	0.177514	0
3.66644	0.00134044	1.71595	0.168672	0
3.66617	0.00132942	1.79925	0.174113	0
3.66427	0.00130282	1.66597	0.169693	0
3.66517	0.001342	1.81591	0.171733	0
3.66482	0.00129828	1.68263	0.167312	0
3.66464	0.00135809	1.74927	0.175134	0
3.66595	0.00134077	1.98251	0.181935	0
3.66534	0.00131742	1.79925	0.172413	0
3.66284	0.0013239	1.48272	0.159491	0
3.6639	0.00132553	1.93253	0.181255	0
3.66495	0.00130185	1.79925	0.170713	0
3.66462	0.00131988	1.81591	0.173093	0
3.66561	0.00134868	1.94919	0.177514	0
3.66588	0.00134667	1.66597	0.166632	0
3.66515	0.00135523	1.76593	0.167652	0
3.66456	0.00129465	1.61599	0.164251	0
3.66507	0.00133435	1.89921	0.173773	0
3.66502	0.00131314	1.78259	0.171733	0
3.66401	0.00131015	2.19908	0.189076	0
3.66191	0.00127941	1.4494	0.15439	0
3.66134	0.00127026	1.53269	0.161871	0
3.66234	0.00126319	1.48272	0.15439	0
3.66362	0.00135218	1.99917	0.183975	0
3.66308	0.00130055	1.56601	0.161871	0
3.66127	0.00129913	1.61599	0.164251	0
3.66129	0.00128512	1.71595	0.168672	0
3.66293	0.00130743	1.54935	0.15745	0
3.66324	0.00128259	1.49938	0.15677	0
3.66321	0.00135043	1.71595	0.173773	0
3.66352	0.00134693	1.61599	0.165952	0
3.66343	0.00130029	1.46606	0.15507	0
3.66314	0.0013145	1.46606	0.15507	0
3.66284	0.00135848	1.91587	0.182275	0
3.66117	0.00131223	1.31612	0.149289	0
3.65947	0.00125353	1.24948	0.142147	0
3.66112	0.00130192	1.64931	0.163911	0
3.66309	0.00129556	1.58267	0.160851	0
3.66146	0.00126832	1.4494	0.15609	0
3.66165	0.00131742	1.79925	0.174113	0
3.66153	0.00130445	1.43274	0.153709	0
3.66101	0.00127895	1.71595	0.173773	0
3.66195	0.0012748	1.46606	0.15507	0
3.66237	0.00133967	1.56601	0.161871	0
3.66114	0.00131093	1.86589	0.176834	0
3.66178	0.00129478	1.49938	0.15677	0
3.66158	0.00126384	1.2828	0.149629	0
3.6596	0.00127415	1.4494	0.152689	0
3.65989	0.0013084	1.48272	0.15609	0
3.66021	0.00127078	1.64931	0.167312	0
3.66238	0.00128103	1.68263	0.167312	0
3.66271	0.00132637	1.66597	0.166632	0
3.66223	0.001311	1.53269	0.160171	0
3.66097	0.00129764	1.64931	0.165612	0
3.66009	0.0012846	1.66597	0.171393	0
3.66105	0.00129867	1.39942	0.153709	0
3.66005	0.0012796	1.3661	0.148268	0
3.6587	0.00126014	1.33278	0.146568	0
3.65991	0.0012691	1.53269	0.15677	0
3.66028	0.00130425	1.51603	0.15779	0
3.65954	0.00127221	1.34944	0.147248	0
3.65981	0.00126994	1.31612	0.145548	0
3.6602	0.0012497	1.63265	0.164932	0
3.65976	0.00127273	1.18284	0.142147	0
3.66002	0.00127895	1.29946	0.146568	0
3.66079	0.00129524	1.3661	0.148268	0
3.65949	0.00129452	1.39942	0.153709	0
3.66067	0.00126689	1.49938	0.15847	0
3.66125	0.00131015	1.58267	0.160851	0
3.66152	0.00133616	1.61599	0.165952	0
3.66076	0.00131424	1.31612	0.147588	0
3.65999	0.00126397	1.18284	0.140447	0
3.66024	0.00125152	1.63265	0.163231	0
3.65983	0.00127214	1.1995	0.139087	0
3.65765	0.00123426	1.31612	0.145548	0
3.65908	0.00127506	1.34944	0.147248	0
3.65904	0.00126598	1.3661	0.153709	0
3.6578	0.00124613	1.31612	0.147588	0
3.65779	0.0012643	1.41608	0.152689	0
3.65858	0.00127441	1.24948	0.145888	0
3.65897	0.00129154	1.61599	0.164251	0
3.65901	0.00129757	1.61599	0.162551	0
3.65961	0.00129919	1.3661	0.15745	0
3.6579	0.0012497	1.24948	0.142147	0
3.65817	0.00123375	1.24948	0.145888	0
3.65997	0.00127714	1.3661	0.148268	0
3.65992	0.00127733	1.1995	0.139087	0
3.65949	0.0012412	1.43274	0.153709	0
3.66108	0.00124613	1.33278	0.148268	0
3.66086	0.00127331	1.68263	0.170713	0
3.65833	0.00125178	0.949604	0.126504	0
3.65826	0.0012484	1.26614	0.146908	0
3.65753	0.00126319	1.16618	0.137386	0
3.65718	0.00123958	1.18284	0.142147	0
3.6578	0.00123511	1.2828	0.151329	0
3.65849	0.00125943	1.33278	0.150309	0
3.65763	0.00123537	1.13286	0.135346	0
3.65685	0.0012246	1.1995	0.141127	0
3.65703	0.00123997	1.31612	0.145548	0
3.65769	0.00126008	1.1162	0.140447	0
3.65773	0.00126676	1.4494	0.152689	0
3.65757	0.0012403	1.09954	0.137726	0
3.65708	0.00127584	1.49938	0.160511	0
3.6582	0.00128122	1.16618	0.137386	0
3.65729	0.00123932	1.0329	0.131605	0
3.65514	0.0012017	1.06622	0.131605	0
3.65606	0.00122441	1.23282	0.141127	0
3.65635	0.00123122	1.14952	0.138407	0
3.65645	0.00122687	0.966264	0.125484	0
3.65542	0.00121254	0.982924	0.128545	0
3.65643	0.00117822	1.04956	0.132625	0
3.65767	0.0012235	1.23282	0.144868	0
3.65838	0.00125126	1.33278	0.15405	0
3.65847	0.00123472	1.1162	0.138407	0
3.65844	0.00124166	1.2828	0.143848	0
3.65718	0.00122188	0.832986	0.116642	0
3.65561	0.00121902	1.04956	0.130585	0
3.65772	0.00124399	1.16618	0.141467	0
3.65817	0.00124639	1.29946	0.144868	0
3.65581	0.00123096	0.916285	0.122083	0
3.65615	0.00123829	1.16618	0.137386	0
3.65596	0.00122233	0.882965	0.120043	0
3.65759	0.00122337	1.08288	0.134666	0
3.65722	0.00121831	1.21616	0.142147	0
3.65585	0.00121922	1.04956	0.132625	0
3.65668	0.0012065	1.08288	0.132625	0
3.65674	0.00122285	0.982924	0.126504	0
3.65779	0.00120936	1.09954	0.133646	0
3.65779	0.0012078	1.06622	0.133646	0
3.65725	0.00125366	1.14952	0.140447	0
3.65753	0.00121396	1.23282	0.144868	0
3.65768	0.00123958	1.09954	0.133646	0
3.65578	0.0012475	0.982924	0.126504	0
3.65617	0.00122706	1.01624	0.128545	0
3.65692	0.00123115	1.09954	0.137726	0
3.65633	0.00123692	1.06622	0.135686	0
3.65686	0.00120566	1.09954	0.133646	0
3.65834	0.00123005	0.966264	0.125484	0
3.65866	0.0012246	1.13286	0.135346	0
3.658	0.0012353	1.21616	0.142147	0
3.65755	0.00122843	1.0329	0.129565	0
3.65693	0.00124127	1.16618	0.137386	0
3.65761	0.00124043	1.13286	0.137386	0
3.65738	0.00120028	1.16618	0.137386	0
3.65756	0.0012438	1.0329	0.129565	0
3.65734	0.00122038	1.08288	0.134666	0
3.65631	0.00121721	1.01624	0.128545	0
3.65568	0.00123128	0.966264	0.125484	0
3.65576	0.00119016	1.24948	0.147928	0
3.65626	0.00119619	0.699708	0.107121	0
3.65623	0.00121909	0.999584	0.129565	0
3.65626	0.00116116	0.966264	0.125484	0
3.65561	0.00118263	0.799667	0.114262	0
3.65682	0.00125833	1.0329	0.129565	0
3.65783	0.00125431	1.21616	0.144188	0
3.65666	0.0012126	1.08288	0.136706	0
3.6569	0.00122259	0.916285	0.124464	0
3.6576	0.00122531	1.1995	0.141127	0
3.65645	0.00123199	0.899625	0.123444	0
3.65805	0.00125697	1.2828	0.143848	0
3.65844	0.00122201	1.06622	0.131605	0
3.65616	0.00120573	0.866306	0.121063	0
3.6556	0.00122901	1.04956	0.130585	0
3.65754	0.00118542	0.966264	0.127524	0
3.65706	0.00123498	1.0329	0.131605	0
3.65677	0.00122551	1.06622	0.131605	0
3.65631	0.0012067	0.916285	0.124464	0
3.65518	0.00119029	0.849646	0.117663	0
3.65637	0.001184	0.916285	0.122083	0
3.65704	0.00121377	0.849646	0.120043	0
3.65757	0.00121442	1.08288	0.132625	0
3.65556	0.00122499	0.932945	0.123104	0
3.65462	0.00120469	0.866306	0.121063	0
3.65579	0.00122512	0.982924	0.126504	0
3.65619	0.00119827	0.999584	0.133986	0
3.65607	0.00122421	0.882965	0.120043	0
3.65635	0.00123005	1.09954	0.135686	0
3.65553	0.00121714	0.932945	0.123104	0
3.65595	0.00123796	1.01624	0.130585	0
3.65778	0.00121137	0.866306	0.118683	0
3.65668	0.00121545	1.0329	0.133646	0
3.65704	0.00126942	0.999584	0.127524	0
3.65776	0.00121267	0.999584	0.129565	0
3.65779	0.00123589	1.04956	0.130585	0
3.6565	0.00122544	0.832986	0.121403	0
3.65666	0.00118938	1.26614	0.142827	0
3.65756	0.00121494	1.08288	0.134666	0
3.65704	0.00126955	1.08288	0.132625	0
3.6573	0.00128311	1.1162	0.136366	0
3.65728	0.0011982	0.832986	0.121403	0
3.65793	0.00119171	1.04956	0.132625	0
3.65644	0.00119859	0.982924	0.128545	0
3.6546	0.0011934	0.816327	0.117663	0
3.65534	0.00119373	0.982924	0.128545	0
3.65665	0.00119308	0.916285	0.124464	0
3.65557	0.0012115	0.849646	0.120043	0
3.65481	0.00114527	0.766347	0.111881	0
3.65684	0.0012089	0.882965	0.122423	0
3.65711	0.00122077	1.06622	0.133646	0
3.65641	0.00119723	0.866306	0.118683	0
3.65507	0.0012137	0.866306	0.118683	0
3.65581	0.00121176	0.849646	0.120043	0
3.65632	0.00119146	0.949604	0.124464	0
3.65592	0.00117582	0.649729	0.10338	0
3.65554	0.00118516	0.866306	0.121063	0
3.65628	0.00116914	0.966264	0.125484	0
3.65542	0.00117063	0.666389	0.1044	0
3.6564	0.00117933	0.899625	0.121063	0
3.65835	0.00120021	0.999584	0.129565	0
3.65738	0.00119548	0.916285	0.122083	0
3.65619	0.00117076	0.932945	0.125484	0
3.65673	0.00119619	0.882965	0.120043	0
3.65629	0.00121091	0.882965	0.120043	0
3.65592	0.00120683	0.899625	0.121063	0
3.65604	0.00120138	0.866306	0.121063	0
3.6567	0.00118776	0.882965	0.122423	0
3.65688	0.0011742	0.882965	0.120043	0
3.65643	0.00117381	0.59975	0.099299	0
3.65616	0.00117239	0.882965	0.120043	0
3.65708	0.00118737	0.882965	0.120043	0
3.65763	0.00120326	0.832986	0.116642	0
3.65683	0.00119827	0.932945	0.123104	0
3.65556	0.00117959	0.58309	0.0979388	0
3.65673	0.00121792	1.24948	0.143848	0
3.65778	0.00121999	0.766347	0.111881	0
3.65532	0.00119937	0.932945	0.123104	0
3.65632	0.00118127	0.783007	0.115622	0
3.65596	0.00115559	0.566431	0.0965785	0
3.65515	0.0011792	0.949604	0.124464	0
3.65779	0.00117887	0.799667	0.114262	0
3.65865	0.00121974	1.18284	0.142147	0
3.65718	0.00118698	0.832986	0.116642	0
3.65613	0.00120307	0.766347	0.111881	0
3.65714	0.00119853	0.699708	0.107121	0
3.65726	0.00117738	0.982924	0.126504	0
3.65649	0.00115254	0.882965	0.122423	0
3.65801	0.00119651	0.866306	0.118683	0
3.65913	0.00121189	0.932945	0.125484	0
3.65739	0.00120274	0.766347	0.114262	0
3.65668	0.00119859	0.733028	0.109501	0
3.65744	0.00117576	0.716368	0.108141	0
3.65685	0.00117135	0.733028	0.109501	0
3.65839	0.00120832	0.932945	0.123104	0
3.65857	0.00118653	1.0329	0.131605	0
3.65768	0.00122823	0.999584	0.133986	0
3.65765	0.00119003	0.61641	0.100659	0
3.65763	0.00119703	0.982924	0.128545	0
3.65774	0.00121027	0.866306	0.121063	0
3.65625	0.00122084	0.716368	0.108141	0
3.65578	0.00118153	0.716368	0.108141	0
3.65674	0.00114495	0.733028	0.109501	0
3.65785	0.00116674	0.866306	0.118683	0
3.65725	0.00115526	0.59975	0.099299	0
3.65666	0.00117089	0.816327	0.117663	0
3.65708	0.00119055	0.766347	0.114262	0
3.65682	0.00118756	0.699708	0.112222	0
3.65786	0.00120177	0.783007	0.115622	0
3.65767	0.0012209	0.799667	0.114262	0
3.65716	0.00119548	0.749688	0.110861	0
3.65682	0.00120864	0.849646	0.117663	0
3.65774	0.00121708	0.832986	0.119023	0
3.6578	0.00118834	0.59975	0.099299	0
3.65738	0.00117038	0.832986	0.116642	0
3.65795	0.00117907	0.866306	0.118683	0
3.65757	0.00116642	0.59975	0.099299	0
3.65781	0.00117038	0.916285	0.122083	0
3.65831	0.00117031	0.849646	0.117663	0
3.65777	0.00120196	0.733028	0.109501	0
3.65772	0.00118776	0.916285	0.122083	0
3.65808	0.00119262	0.832986	0.116642	0
3.65644	0.00117109	0.832986	0.119023	0
3.65599	0.00115033	0.61641	0.100659	0
3.65698	0.00118263	0.966264	0.125484	0
3.65645	0.00118458	0.683049	0.10576	0
3.6554	0.00118893	0.63307	0.10474	0
3.65754	0.00116804	0.799667	0.114262	0
3.65825	0.00118289	0.63307	0.10202	0
3.65825	0.00122681	0.799667	0.114262	0
3.65837	0.00117887	0.783007	0.113242	0
3.65709	0.00116149	0.683049	0.108481	0
3.65833	0.00118912	0.816327	0.117663	0
3.65899	0.00117809	0.816327	0.115282	0
3.65818	0.00115779	0.716368	0.110861	0
3.65809	0.00116026	0.866306	0.118683	0
3.65805	0.00116506	0.699708	0.107121	0
3.65742	0.00116674	0.61641	0.100659	0
3.65838	0.00117466	0.749688	0.110861	0
3.65947	0.00117712	0.749688	0.110861	0
3.65877	0.00119651	0.849646	0.120043	0
3.65865	0.00116823	0.683049	0.10576	0
3.65915	0.00115585	0.733028	0.109501	0
3.65883	0.00118867	0.783007	0.113242	0
3.65832	0.00116603	0.733028	0.111881	0
3.65829	0.0011753	0.63307	0.10202	0
3.65865	0.00118925	0.766347	0.111881	0
3.6599	0.00117796	0.783007	0.113242	0
3.65897	0.00120378	0.766347	0.114262	0
3.65845	0.00117641	0.799667	0.114262	0
3.65933	0.00119262	0.816327	0.115282	0
3.65773	0.00118704	0.699708	0.109501	0
3.65752	0.00116843	0.683049	0.10576	0
3.65928	0.00115539	0.766347	0.111881	0
3.6569	0.00114287	0.416493	0.0829759	0
3.65682	0.00111252	0.516451	0.0921577	0
3.66055	0.00113957	0.699708	0.112222	0
3.65959	0.00115922	0.549771	0.0979388	0
3.65816	0.0011598	0.649729	0.10338	0
3.65973	0.00116733	0.666389	0.1044	0
3.65805	0.00114728	0.466472	0.0877368	0
3.6585	0.00116279	0.832986	0.116642	0
3.65968	0.00113658	0.466472	0.0877368	0
3.65833	0.00115351	0.783007	0.113242	0
3.65766	0.00118899	0.483132	0.0890971	0
3.65714	0.00115144	0.533111	0.0935179	0
3.65793	0.00114696	0.766347	0.114262	0
3.65833	0.00113288	0.58309	0.0979388	0
3.65862	0.00117511	0.61641	0.100659	0
3.65965	0.00115202	0.716368	0.108141	0
3.65976	0.0011897	0.849646	0.117663	0
3.66027	0.00119801	0.766347	0.114262	0
3.65888	0.00117543	0.683049	0.10576	0
3.65774	0.00114612	0.549771	0.0952183	0
3.65849	0.00114988	0.566431	0.0965785	0
3.65884	0.00117083	0.466472	0.0877368	0
3.65898	0.00118218	0.716368	0.108141	0
3.65856	0.00119009	0.466472	0.0877368	0
3.65951	0.00120806	0.716368	0.110861	0
3.66005	0.00118588	0.649729	0.10338	0
3.65987	0.0012115	0.666389	0.1044	0
3.66009	0.00119236	0.549771	0.0952183	0
3.65968	0.00117407	0.59975	0.099299	0
3.65967	0.00113866	0.483132	0.0890971	0
3.66012	0.00114456	0.58309	0.0979388	0
3.66082	0.00113288	0.549771	0.0952183	0
3.66073	0.00116992	0.733028	0.109501	0
3.66039	0.00117057	0.766347	0.116642	0
3.66021	0.00115208	0.63307	0.10202	0
3.66007	0.00117868	0.699708	0.109501	0
3.66023	0.00115578	0.649729	0.10576	0
3.65978	0.00116129	0.716368	0.113242	0
3.65995	0.00118296	0.766347	0.111881	0
3.66095	0.00117459	0.666389	0.1044	0
3.65996	0.00117881	0.59975	0.099299	0
3.65959	0.00116162	0.716368	0.108141	0
3.65897	0.00115267	0.499792	0.0907974	0
3.65925	0.00116311	0.683049	0.10576	0
3.65891	0.00113911	0.549771	0.0952183	0
3.65986	0.00113918	0.566431	0.0965785	0
3.65991	0.00116616	0.58309	0.100659	0
3.65932	0.00116707	0.832986	0.116642	0
3.65991	0.00116966	0.516451	0.0921577	0
3.65975	0.00115922	0.683049	0.108481	0
3.65951	0.00116402	0.483132	0.0890971	0
3.66022	0.00115922	0.649729	0.10338	0
3.66125	0.0011515	0.499792	0.0907974	0
3.66088	0.00116395	0.733028	0.111881	0
3.6601	0.00114054	0.466472	0.0877368	0
3.65956	0.00118328	0.533111	0.0935179	0
3.6612	0.00116687	0.649729	0.10338	0
3.66257	0.00116058	0.683049	0.10576	0
3.66219	0.00117479	0.649729	0.10338	0
3.66182	0.00118387	0.749688	0.110861	0
3.66168	0.00116026	0.59975	0.099299	0
3.6598	0.00113788	0.63307	0.10202	0
3.65959	0.00114417	0.699708	0.107121	0
3.66092	0.00112744	0.466472	0.0877368	0
3.66034	0.00114495	0.61641	0.100659	0
3.66066	0.00114333	0.466472	0.0877368	0
3.6605	0.00115546	0.58309	0.0979388	0
3.65985	0.0011336	0.516451	0.0952183	0
3.65978	0.00113327	0.533111	0.0935179	0
3.66125	0.00113237	0.566431	0.0965785	0
3.66077	0.00115072	0.666389	0.1044	0
3.6613	0.00120028	0.749688	0.110861	0
3.66186	0.00119742	0.683049	0.10576	0
3.66037	0.00115559	0.683049	0.10576	0
3.65972	0.00113859	0.449813	0.0860365	0
3.66179	0.00114618	0.58309	0.0979388	0
3.66161	0.00115636	0.433153	0.0843362	0
3.66018	0.00112504	0.449813	0.0890971	0
3.66201	0.00114242	0.549771	0.0952183	0
3.66336	0.00116194	0.766347	0.111881	0
3.66113	0.00115176	0.549771	0.0979388	0
3.66129	0.0011467	0.549771	0.0952183	0
3.66226	0.00113548	0.433153	0.0843362	0
3.66285	0.00114806	0.549771	0.0979388	0
3.66297	0.00114754	0.549771	0.0952183	0
3.66254	0.00114339	0.566431	0.0965785	0
3.66145	0.0011253	0.549771	0.0952183	0
3.66191	0.00113146	0.566431	0.0965785	0
3.66219	0.00114411	0.466472	0.0877368	0
3.66205	0.00115851	0.649729	0.10338	0
3.66218	0.0011312	0.516451	0.0921577	0
3.66206	0.00114158	0.59975	0.099299	0
3.66234	0.00114125	0.516451	0.0921577	0
3.66213	0.00114216	0.283215	0.0724339	0
3.66119	0.00113146	0.59975	0.099299	0
3.66333	0.00113295	0.61641	0.100659	0
3.66331	0.00115552	0.566431	0.0965785	0
3.66248	0.00114735	0.499792	0.0907974	0
3.66264	0.0011552	0.699708	0.109501	0
3.66235	0.00115085	0.416493	0.0829759	0
3.66241	0.00115617	0.649729	0.10338	0
3.66271	0.00113113	0.466472	0.0877368	0
3.66172	0.00112581	0.516451	0.0952183	0
3.66377	0.00115273	0.59975	0.10202	0
3.66336	0.00113697	0.549771	0.0952183	0
3.66204	0.00114287	0.499792	0.093858	0
3.66103	0.00114462	0.449813	0.0860365	0
3.66185	0.00112705	0.466472	0.0907974	0
3.66305	0.00113606	0.566431	0.0965785	0
3.66278	0.00116259	0.533111	0.0935179	0
3.66466	0.00116279	0.749688	0.110861	0
3.66374	0.00113658	0.63307	0.10202	0
3.66231	0.00113003	0.283215	0.0683531	0
3.66341	0.0011384	0.716368	0.108141	0
3.6633	0.00113295	0.483132	0.0890971	0
3.66229	0.00111025	0.466472	0.0877368	0
3.66267	0.00115286	0.59975	0.099299	0
3.66356	0.00115838	0.516451	0.0921577	0
3.66369	0.00112977	0.483132	0.0890971	0
3.66331	0.0011277	0.466472	0.0877368	0
3.66341	0.0011227	0.466472	0.0877368	0
3.66353	0.00114852	0.416493	0.0829759	0
3.66331	0.00114904	0.499792	0.0907974	0
3.66331	0.00115546	0.566431	0.0965785	0
3.66378	0.0011598	0.483132	0.0890971	0
3.66407	0.00114981	0.699708	0.109501	0
3.66421	0.00115487	0.483132	0.0890971	0
3.66351	0.00115014	0.466472	0.0877368	0
3.6653	0.00116331	0.549771	0.0952183	0
3.66477	0.00116921	0.699708	0.107121	0
3.6654	0.00115455	0.566431	0.0965785	0
3.66419	0.00113425	0.449813	0.0860365	0
3.66394	0.00113159	0.566431	0.0965785	0
3.66434	0.00114184	0.516451	0.0921577	0
3.66493	0.00113503	0.516451	0.0921577	0
3.66536	0.00116369	0.683049	0.10576	0
3.66472	0.00116707	0.59975	0.099299	0
3.66577	0.00116791	0.449813	0.0860365	0
3.66576	0.00116162	0.533111	0.0935179	0
3.66468	0.00113788	0.549771	0.0979388	0
3.66391	0.00113405	0.349854	0.0795753	0
3.66401	0.00111459	0.58309	0.0979388	0
3.66428	0.00113003	0.483132	0.0890971	0
3.66437	0.00112783	0.483132	0.0890971	0
3.66438	0.00110765	0.433153	0.0843362	0
3.66542	0.00112335	0.516451	0.0921577	0
3.66478	0.00113814	0.399833	0.0812756	0
3.66415	0.00112218	0.399833	0.0812756	0
3.66503	0.00110882	0.483132	0.0890971	0
3.66553	0.00115312	0.59975	0.099299	0
3.66545	0.00115948	0.466472	0.0877368	0
3.6657	0.0011707	0.516451	0.0921577	0
3.66553	0.00111836	0.383174	0.0795753	0
3.66426	0.00114553	0.416493	0.0829759	0
3.66527	0.00111479	0.349854	0.0761746	0
3.6658	0.00113081	0.549771	0.0952183	0
3.66614	0.0011539	0.566431	0.099299	0
3.66517	0.00112231	0.333195	0.0741342	0
3.66547	0.0011467	0.433153	0.0843362	0
3.66712	0.00114119	0.533111	0.0935179	0
3.66523	0.0011406	0.449813	0.0860365	0
3.66533	0.00112011	0.399833	0.0812756	0
3.66642	0.0011397	0.533111	0.0935179	0
3.66624	0.00112964	0.566431	0.0965785	0
3.66721	0.00114184	0.466472	0.0877368	0
3.66672	0.0011696	0.549771	0.0952183	0
3.66596	0.00114787	0.416493	0.0829759	0
3.66584	0.00114372	0.499792	0.0907974	0
3.66629	0.00112413	0.516451	0.0921577	0
3.66563	0.00113165	0.483132	0.0890971	0
3.66513	0.0011325	0.416493	0.0829759	0
3.66618	0.00113243	0.466472	0.0877368	0
3.667	0.0011157	0.549771	0.0952183	0
3.6663	0.00112899	0.466472	0.0877368	0
3.6658	0.00113308	0.299875	0.0703935	0
3.66716	0.00113386	0.549771	0.0952183	0
3.66807	0.00113613	0.483132	0.0890971	0
3.66724	0.00113833	0.466472	0.0877368	0
3.66671	0.00113626	0.383174	0.0795753	0
3.66725	0.00113444	0.516451	0.0921577	0
3.66715	0.00114865	0.483132	0.0890971	0
3.6678	0.00112575	0.483132	0.0890971	0
3.6678	0.00112977	0.449813	0.0860365	0
3.6675	0.00112095	0.466472	0.0877368	0
3.66768	0.00111232	0.433153	0.0843362	0
3.66809	0.00113807	0.433153	0.0843362	0
3.66744	0.00114981	0.466472	0.0907974	0
3.66755	0.00113723	0.366514	0.0778749	0
3.66729	0.00113911	0.433153	0.0843362	0
3.6659	0.00111991	0.449813	0.0860365	0
3.66804	0.00112277	0.499792	0.0907974	0
3.66985	0.00116318	0.61641	0.10338	0
3.66823	0.00113567	0.433153	0.0843362	0
3.66757	0.00111634	0.449813	0.0860365	0
3.66783	0.00113087	0.349854	0.0761746	0
3.66789	0.00112283	0.399833	0.0812756	0
3.66825	0.00112893	0.399833	0.0846762	0
3.66882	0.00113503	0.466472	0.0877368	0
3.66836	0.00113023	0.349854	0.0761746	0
3.6672	0.00113204	0.249896	0.0642723	0
3.66741	0.00110662	0.399833	0.0812756	0
3.66874	0.0011264	0.349854	0.0761746	0
3.66696	0.00112374	0.349854	0.0761746	0
3.6674	0.00110675	0.366514	0.0812756	0
3.66894	0.0011299	0.466472	0.0907974	0
3.66976	0.00111485	0.549771	0.0952183	0
3.66886	0.00114592	0.416493	0.0829759	0
3.66953	0.0011347	0.566431	0.0965785	0
3.66904	0.00112445	0.333195	0.0778749	0
3.67003	0.0011851	0.58309	0.0979388	0
3.66976	0.00115215	0.483132	0.0890971	0
3.66827	0.00111291	0.416493	0.0829759	0
3.66882	0.00115513	0.416493	0.0829759	0
3.66988	0.0011384	0.383174	0.0795753	0
3.66854	0.00112808	0.333195	0.0741342	0
3.66834	0.00113905	0.416493	0.0860365	0
3.67006	0.00113898	0.499792	0.0907974	0
3.6704	0.00116811	0.483132	0.0890971	0
3.66968	0.00110915	0.399833	0.0812756	0
3.66899	0.00112633	0.333195	0.0741342	0
3.66956	0.00111784	0.366514	0.0778749	0
3.66899	0.00112997	0.399833	0.0812756	0
3.67036	0.00112581	0.416493	0.0829759	0
3.67016	0.00114411	0.516451	0.0952183	0
3.67043	0.00113386	0.416493	0.0829759	0
3.66979	0.00111959	0.366514	0.0778749	0
3.66956	0.00113159	0.333195	0.0778749	0
3.67034	0.00114248	0.383174	0.0795753	0
3.67129	0.00114482	0.483132	0.0890971	0
3.67109	0.00113613	0.499792	0.0907974	0
3.67013	0.00111615	0.333195	0.0741342	0
3.67122	0.00113924	0.416493	0.0829759	0
3.67107	0.00114553	0.349854	0.0761746	0
3.6708	0.00111446	0.449813	0.0860365	0
3.67128	0.00112043	0.416493	0.0829759	0
3.67033	0.00109261	0.299875	0.0703935	0
3.67144	0.00111544	0.399833	0.0846762	0
3.67169	0.00109993	0.283215	0.0683531	0
3.67156	0.00114248	0.483132	0.0890971	0
3.67172	0.00118367	0.349854	0.0795753	0
3.67028	0.00112867	0.233236	0.0622319	0
3.6704	0.00112789	0.383174	0.0795753	0
3.67143	0.00112011	0.433153	0.0843362	0
3.67242	0.00113159	0.449813	0.0860365	0
3.67153	0.00116188	0.416493	0.0829759	0
3.67091	0.00115429	0.449813	0.0860365	0
3.67111	0.00112841	0.349854	0.0761746	0
3.66995	0.00111959	0.399833	0.0812756	0
3.67012	0.00110519	0.349854	0.0761746	0
3.67291	0.00115883	0.483132	0.0921577	0
3.6724	0.0011624	0.366514	0.0778749	0
3.67208	0.00114326	0.399833	0.0812756	0
3.67229	0.00113593	0.383174	0.0829759	0
3.67253	0.00112121	0.316535	0.0724339	0
3.67093	0.0011181	0.316535	0.0724339	0
3.67198	0.00112445	0.516451	0.0921577	0
3.67269	0.00109831	0.266556	0.0663127	0
3.67152	0.00111544	0.299875	0.0703935	0
3.6722	0.00110798	0.399833	0.0812756	0
3.67347	0.00110006	0.349854	0.0761746	0
3.67248	0.00112445	0.416493	0.0829759	0
3.67258	0.00111051	0.299875	0.0703935	0
3.67225	0.00111816	0.366514	0.0778749	0
3.67243	0.00113412	0.449813	0.0860365	0
3.67277	0.00111972	0.333195	0.0741342	0
3.67316	0.00110318	0.333195	0.0741342	0
3.67279	0.00110123	0.349854	0.0761746	0
3.67128	0.00110175	0.266556	0.0663127	0
3.67133	0.00114715	0.383174	0.0829759	0
3.67201	0.00113911	0.349854	0.0795753	0
3.67313	0.00112646	0.349854	0.0761746	0
3.6738	0.00113995	0.466472	0.0877368	0
3.67299	0.00115176	0.366514	0.0778749	0
3.67275	0.00111485	0.366514	0.0778749	0
3.67371	0.00112011	0.333195	0.0741342	0
3.67315	0.00111232	0.333195	0.0741342	0
3.67413	0.00110422	0.349854	0.0761746	0
3.67532	0.00112711	0.349854	0.0761746	0
3.67431	0.00113567	0.399833	0.0812756	0
3.67353	0.00111155	0.416493	0.0860365	0
3.67421	0.0011059	0.316535	0.0724339	0
3.6751	0.00113639	0.433153	0.0843362	0
3.67401	0.00113918	0.466472	0.093858	0
3.6731	0.00112633	0.349854	0.0761746	0
3.67521	0.00113016	0.383174	0.0795753	0
3.67512	0.00112218	0.383174	0.0795753	0
3.67364	0.00111738	0.266556	0.0663127	0
3.67343	0.00111103	0.233236	0.0622319	0
3.67463	0.00111667	0.333195	0.0741342	0
3.67474	0.00111881	0.366514	0.0778749	0
3.67448	0.00111252	0.416493	0.0829759	0
3.6745	0.0011166	0.283215	0.0683531	0
3.67461	0.0011142	0.399833	0.0812756	0
3.67611	0.00110279	0.466472	0.0877368	0
3.67455	0.00111836	0.333195	0.0741342	0
3.67448	0.00109741	0.383174	0.0795753	0
3.67511	0.001119	0.366514	0.0778749	0
3.67436	0.00113321	0.366514	0.0778749	0
3.67463	0.00108839	0.449813	0.0860365	0
3.67565	0.00110966	0.416493	0.0829759	0
3.67458	0.00112082	0.483132	0.0890971	0
3.67516	0.00111602	0.316535	0.0724339	0
3.67574	0.00111965	0.249896	0.0642723	0
3.6755	0.00112685	0.399833	0.0812756	0
3.67605	0.00109578	0.299875	0.0703935	0
3.67548	0.00108359	0.399833	0.0812756	0
3.67536	0.00111349	0.266556	0.0663127	0
3.67645	0.00112147	0.266556	0.0663127	0
3.67518	0.00109955	0.299875	0.0703935	0
3.67539	0.00111239	0.433153	0.0843362	0
3.67664	0.00110058	0.299875	0.0703935	0
3.676	0.00108469	0.216576	0.0598515	0
3.67628	0.00111531	0.349854	0.0795753	0
3.67683	0.00112646	0.349854	0.0761746	0
3.67664	0.00110662	0.383174	0.0795753	0
3.67562	0.00106692	0.233236	0.0622319	0
3.67578	0.00109734	0.199917	0.057471	0
3.67608	0.00111025	0.483132	0.0890971	0
3.67589	0.00111122	0.366514	0.0778749	0
3.67628	0.00110778	0.249896	0.0642723	0
3.67516	0.00111472	0.299875	0.0703935	0
3.6768	0.00112322	0.466472	0.0877368	0
3.67666	0.00113237	0.316535	0.0724339	0
3.67585	0.0010976	0.199917	0.0622319	0
3.67602	0.00109546	0.399833	0.0812756	0
3.67936	0.00111382	0.416493	0.0829759	0
3.67909	0.00114021	0.566431	0.0965785	0
3.67794	0.00111258	0.349854	0.0761746	0
3.67721	0.00110869	0.366514	0.0778749	0
3.67823	0.00110953	0.349854	0.0761746	0
3.67811	0.00112847	0.283215	0.0683531	0
3.67781	0.00111271	0.333195	0.0741342	0
3.67803	0.00110149	0.166597	0.0527101	0
3.67731	0.00111206	0.349854	0.0761746	0
3.67734	0.00109001	0.299875	0.0703935	0
3.6779	0.00109689	0.316535	0.0724339	0
3.67824	0.00109423	0.316535	0.0724339	0
3.6786	0.00110739	0.366514	0.0778749	0
3.67794	0.00111103	0.366514	0.0778749	0
3.67786	0.00109955	0.316535	0.0724339	0
3.67929	0.00110052	0.416493	0.0829759	0
3.67832	0.00110331	0.283215	0.0683531	0
3.67683	0.00108781	0.283215	0.0683531	0
3.67748	0.00110493	0.283215	0.0683531	0
3.67715	0.00108015	0.233236	0.0622319	0
3.67782	0.00108774	0.333195	0.0741342	0
3.67868	0.00110156	0.249896	0.0642723	0
3.67795	0.00109345	0.299875	0.0741342	0
3.67816	0.00110493	0.283215	0.0724339	0
3.67922	0.00111336	0.383174	0.0795753	0
3.67882	0.00112458	0.233236	0.0622319	0
3.67813	0.00110143	0.249896	0.0642723	0
3.67832	0.00111323	0.299875	0.0703935	0
3.67976	0.00111849	0.283215	0.0683531	0
3.67872	0.00111343	0.333195	0.0741342	0
3.67906	0.00110233	0.199917	0.057471	0
3.6803	0.00110065	0.399833	0.0812756	0
3.68017	0.0011181	0.366514	0.0778749	0
3.68006	0.00113074	0.266556	0.0663127	0
3.6807	0.00111667	0.349854	0.0761746	0
3.67986	0.00109118	0.299875	0.0703935	0
3.67938	0.00109085	0.266556	0.0703935	0
3.6795	0.00110688	0.199917	0.057471	0
3.67887	0.00111116	0.183257	0.0550906	0
3.67925	0.00111427	0.299875	0.0703935	0
3.67996	0.00109689	0.233236	0.0622319	0
3.68042	0.00110597	0.383174	0.0795753	0
3.68103	0.00112744	0.433153	0.0843362	0
3.68026	0.00111258	0.299875	0.0703935	0
3.67955	0.00111284	0.349854	0.0761746	0
3.68025	0.00110279	0.383174	0.0795753	0
3.68107	0.00112426	0.299875	0.0703935	0
3.68117	0.0011155	0.383174	0.0795753	0
3.68049	0.00110525	0.199917	0.057471	0
3.67994	0.00110616	0.199917	0.057471	0
3.68091	0.00111336	0.316535	0.0724339	0
3.68161	0.0011286	0.383174	0.0795753	0
3.68129	0.00113931	0.433153	0.0843362	0
3.68072	0.00110934	0.216576	0.0598515	0
3.68045	0.00110817	0.333195	0.0741342	0
3.6819	0.0010904	0.249896	0.0642723	0
3.68139	0.00109578	0.283215	0.0683531	0
3.68066	0.0011061	0.249896	0.0683531	0
3.68113	0.00109384	0.149938	0.0499896	0
3.68248	0.00112413	0.383174	0.0795753	0
3.68244	0.00111777	0.316535	0.0724339	0
3.68174	0.0011277	0.333195	0.0741342	0
3.68136	0.0011118	0.283215	0.0683531	0
3.68273	0.00113269	0.366514	0.0778749	0
3.68175	0.00111544	0.216576	0.0598515	0
3.68129	0.00108865	0.266556	0.0663127	0
3.68189	0.00108476	0.266556	0.0663127	0
3.68242	0.00110097	0.316535	0.0724339	0
3.68209	0.00110311	0.349854	0.0761746	0
3.6814	0.00108813	0.233236	0.0622319	0
3.68121	0.00109747	0.283215	0.0724339	0
3.68175	0.00108268	0.183257	0.0550906	0
3.68205	0.00108417	0.316535	0.0724339	0
3.68304	0.00111369	0.383174	0.0829759	0
3.68308	0.00112536	0.216576	0.0598515	0
3.68255	0.00112101	0.316535	0.0724339	0
3.68327	0.00109468	0.266556	0.0663127	0
3.68316	0.00110441	0.233236	0.0622319	0
3.68334	0.00109228	0.349854	0.0761746	0
3.68335	0.00109423	0.249896	0.0642723	0
3.68296	0.0010965	0.349854	0.0761746	0
3.68354	0.00110876	0.399833	0.0812756	0
3.6842	0.00112179	0.349854	0.0761746	0
3.6839	0.00109929	0.316535	0.0724339	0
3.68476	0.00108742	0.266556	0.0663127	0
3.68434	0.00108982	0.366514	0.0778749	0
3.68425	0.00109222	0.233236	0.0622319	0
3.68446	0.00109611	0.316535	0.0724339	0
3.68346	0.00111511	0.249896	0.0642723	0
3.68261	0.00110441	0.266556	0.0703935	0
3.68406	0.00110266	0.283215	0.0683531	0
3.68421	0.00109643	0.333195	0.0741342	0
3.68366	0.00109993	0.249896	0.0642723	0
3.6836	0.00110571	0.316535	0.0724339	0
3.68402	0.00113431	0.349854	0.0761746	0
3.68425	0.00111051	0.366514	0.0778749	0
3.68392	0.00110058	0.199917	0.057471	0
3.68505	0.00111375	0.266556	0.0663127	0
3.68461	0.00113898	0.399833	0.0812756	0
3.68544	0.00111939	0.416493	0.0829759	0
3.68526	0.00113314	0.383174	0.0795753	0
3.68466	0.00115481	0.349854	0.0761746	0
3.68537	0.0010989	0.299875	0.0703935	0
3.685	0.00109059	0.199917	0.057471	0
3.68524	0.00111103	0.299875	0.0703935	0
3.686	0.0011118	0.333195	0.0741342	0
3.68571	0.00109293	0.199917	0.057471	0
3.68522	0.00110383	0.316535	0.0724339	0
3.68639	0.00109877	0.516451	0.0921577	0
3.68581	0.00109792	0.249896	0.0642723	0
3.68531	0.00108333	0.249896	0.0642723	0
3.68622	0.00110097	0.399833	0.0846762	0
3.68608	0.00108897	0.299875	0.0703935	0
3.68466	0.0011059	0.316535	0.0724339	0
3.68586	0.00110739	0.299875	0.0703935	0
3.686	0.00109027	0.216576	0.0598515	0
3.68485	0.00108897	0.199917	0.057471	0
3.68559	0.00109903	0.283215	0.0683531	0
3.68646	0.00108891	0.249896	0.0642723	0
3.68543	0.00109462	0.316535	0.0724339	0
3.68606	0.00112491	0.316535	0.0724339	0
3.68652	0.00110869	0.233236	0.0622319	0
3.68539	0.00107795	0.216576	0.0598515	0
3.68684	0.0010867	0.299875	0.0703935	0
3.68766	0.00110992	0.233236	0.0622319	0
3.68649	0.00110071	0.333195	0.0741342	0
3.6873	0.00109844	0.299875	0.0703935	0
3.68716	0.00107898	0.249896	0.0642723	0
3.68679	0.00109312	0.233236	0.0622319	0
3.68686	0.00110545	0.416493	0.0829759	0
3.68697	0.00109027	0.349854	0.0761746	0
3.68719	0.00107658	0.116618	0.0438684	0
3.68764	0.00108897	0.266556	0.0663127	0
3.68721	0.00111401	0.266556	0.0663127	0
3.68725	0.00108087	0.133278	0.046929	0
3.6866	0.00106303	0.183257	0.0550906	0
3.68587	0.00108975	0.166597	0.0527101	0
3.68641	0.00111544	0.349854	0.0761746	0
3.68733	0.00110616	0.216576	0.0598515	0
3.68896	0.00112445	0.333195	0.0778749	0
3.68686	0.00109682	0.116618	0.0438684	0
3.68762	0.00110791	0.299875	0.0703935	0
3.68845	0.00110208	0.216576	0.0598515	0
3.68846	0.00109539	0.383174	0.0795753	0
3.68823	0.00111025	0.266556	0.0663127	0
3.688	0.00111044	0.233236	0.0622319	0
3.68789	0.00109909	0.233236	0.0622319	0
3.68886	0.00111382	0.333195	0.0741342	0
3.68867	0.00108982	0.233236	0.0622319	0
3.68827	0.00108502	0.216576	0.0598515	0
3.68909	0.00110512	0.266556	0.0663127	0
3.68948	0.00110253	0.249896	0.0683531	0
3.68891	0.00109397	0.166597	0.0527101	0
3.68974	0.00111265	0.316535	0.0724339	0
3.69074	0.00111868	0.416493	0.0829759	0
3.68984	0.00108722	0.316535	0.0724339	0
3.68881	0.00108456	0.233236	0.0622319	0
3.68986	0.0011133	0.349854	0.0761746	0
3.68904	0.00110279	0.116618	0.0438684	0
3.68987	0.00110324	0.349854	0.0761746	0
3.69038	0.00111005	0.283215	0.0683531	0
3.68978	0.00108735	0.183257	0.0550906	0
3.69038	0.00108365	0.199917	0.057471	0
3.69081	0.00109565	0.233236	0.0622319	0
3.69005	0.00108865	0.316535	0.0724339	0
3.69085	0.00109539	0.349854	0.0761746	0
3.69024	0.00108074	0.233236	0.0622319	0
3.68955	0.00108982	0.183257	0.0550906	0
3.69015	0.0011072	0.283215	0.0683531	0
3.69034	0.00109877	0.283215	0.0683531	0
3.6907	0.00111187	0.166597	0.0527101	0
3.69005	0.0011251	0.249896	0.0642723	0
3.69105	0.00111492	0.299875	0.0703935	0
3.6906	0.00111012	0.233236	0.0622319	0
3.6902	0.00110091	0.316535	0.0724339	0
3.69077	0.00108067	0.166597	0.0527101	0
3.69004	0.00111317	0.266556	0.0663127	0
3.69042	0.00110707	0.216576	0.0598515	0
3.69129	0.0010989	0.266556	0.0663127	0
3.69209	0.0011022	0.249896	0.0642723	0
3.69195	0.00110603	0.249896	0.0642723	0
3.69082	0.00108579	0.283215	0.0683531	0
3.69108	0.00108865	0.266556	0.0663127	0
3.69141	0.00109779	0.266556	0.0663127	0
3.69169	0.00108223	0.316535	0.0724339	0
3.69226	0.00107918	0.233236	0.0622319	0
3.69251	0.00108028	0.283215	0.0683531	0
3.69132	0.00106893	0.183257	0.0550906	0
3.69153	0.00108028	0.166597	0.0527101	0
3.69231	0.00107373	0.233236	0.0622319	0
0	0	0	0	0
0	0	0	0	0
0	0	0	0	0
0	0	0	0	0
0	0	0	0	0
0	0	0	0	0
0	0	0	0	0
0	0	0	0	0
0	0	0	0	0
0	0	0	0	0
0	0	0	0	0
0	0	0	0	0
0	0	0	0	0
0	0	0	0	0
0	0	0	0	0
0	0	0	0	0
0	0	0	0	0
0	0	0	0	0
0	0	0	0	0
0	0	0	0	0
0	0	0	0	0
0	0	0	0	0
0	0	0	0	0
0	0	0	0	0
0	0	0	0	0
0	0	0	0	0
0	0	0	0	0
0	0	0	0	0
0	0	0	0	0
0	0	0	0	0
0	0	0	0	0
0	0	0	0	0
0	0	0	0	0
0	0	0	0	0
0	0	0	0	0
0	0	0	0	0
0	0	0	0	0
0	0	0	0	0
0	0	0	0	0
0	0	0	0	0
0	0	0	0	0
0	0	0	0	0
0	0	0	0	0
0	0	0	0	0
0	0	0	0	0
0	0	0	0	0
0	0	0	0	0
0	0	0	0	0
0	0	0	0	0
0	0	0	0	0
0	0	0	0	0
0	0	0	0	0
0	0	0	0	0
0	0	0	0	0
0	0	0	0	0
0	0	0	0	0
0	0	0	0	0
0	0	0	0	0
0	0	0	0	0
0	0	0	0	0
0	0	0	0	0
0	0	0	0	0
0	0	0	0	0
0	0	0	0	0
0	0	0	0	0
0	0	0	0	0
0	0	0	0	0
0	0	0	0	0
0	0	0	0	0
0	0	0	0	0
0	0	0	0	0
0	0	0	0	0
0	0	0	0	0
0	0	0	0	0
0	0	0	0	0
0	0	0	0	0
0	0	0	0	0
0	0	0	0	0
0	0	0	0	0
0	0	0	0	0
0	0	0	0	0
0	0	0	0	0
0	0	0	0	0
0	0	0	0	0
0	0	0	0	0
0	0	0	0	0
0	0	0	0	0
0	0	0	0	0
0	0	0	0	0
0	0	0	0	0
0	0	0	0	0
0	0	0	0	0
0	0	0	0	0
0	0	0	0	0
0	0	0	0	0
0	0	0	0	0
0	0	0	0	0
0	0	0	0	0
0	0	0	0	0
0	0	0	0	0
0	0	0	0	0
0	0	0	0	0
0	0	0	0	0
0	0	0	0	0
0	0	0	0	0
0	0	0	0	0
0	0	0	0	0
0	0	0	0	0
0	0	0	0	0
0	0	0	0	0
0	0	0	0	0
0	0	0	0	0
0	0	0	0	0
0	0	0	0	0
0	0	0	0	0
0	0	0	0	0
0	0	0	0	0
0	0	0	0	0
0	0	0	0	0
0	0	0	0	0
0	0	0	0	0
0	0	0	0	0
0	0	0	0	0
0	0	0	0	0
0	0	0	0	0
0	0	0	0	0
0	0	0	0	0
0	0	0	0	0
0	0	0	0	0
0	0	0	0	0
0	0	0	0	0
0	0	0	0	0
0	0	0	0	0
0	0	0	0	0
0	0	0	0	0
0	0	0	0	0
0	0	0	0	0
0	0	0	0	0
0	0	0	0	0
0	0	0	0	0
0	0	0	0	0
0	0	0	0	0
0	0	0	0	0
0	0	0	0	0
0	0	0	0	0
0	0	0	0	0
0	0	0	0	0
0	0	0	0	0
0	0	0	0	0
0	0	0	0	0
0	0	0	0	0
0	0	0	0	0
0	0	0	0	0
0	0	0	0	0
0	0	0	0	0
0	0	0	0	0
0	0	0	0	0
0	0	0	0	0
0	0	0	0	0
0	0	0	0	0
0	0	0	0	0
0	0	0	0	0
0	0	0	0	0
0	0	0	0	0
0	0	0	0	0
0	0	0	0	0
0	0	0	0	0
0	0	0	0	0
0	0	0	0	0
0	0	0	0	0
0	0	0	0	0
0	0	0	0	0
0	0	0	0	0
0	0	0	0	0
0	0	0	0	0
0	0	0	0	0
0	0	0	0	0
0	0	0	0	0
0	0	0	0	0
0	0	0	0	0
0	0	0	0	0
0	0	0	0	0
0	0	0	0	0
0	0	0	0	0
0	0	0	0	0
0	0	0	0	0
0	0	0	0	0
0	0	0	0	0
0	0	0	0	0
0	0	0	0	0
0	0	0	0	0
0	0	0	0	0
0	0	0	0	0
0	0	0	0	0
0	0	0	0	0
0	0	0	0	0
0	0	0	0	0
0	0	0	0	0
0	0	0	0	0
0	0	0	0	0
0	0	0	0	0
0	0	0	0	0
0	0	0	0	0
0	0	0	0	0
0	0	0	0	0
0	0	0	0	0
0	0	0	0	0
0	0	0	0	0
0	0	0	0	0
0	0	0	0	0
0	0	0	0	0
0	0	0	0	0
0	0	0	0	0
0	0	0	0	0
0	0	0	0	0
0	0	0	0	0
0	0	0	0	0
0	0	0	0	0
0	0	0	0	0
0	0	0	0	0
0	0	0	0	0
0	0	0	0	0
0	0	0	0	0
0	0	0	0	0
0	0	0	0	0
0	0	0	0	0
0	0	0	0	0
0	0	0	0	0
0	0	0	0	0
0	0	0	0	0
0	0	0	0	0
0	0	0	0	0
0	0	0	0	0
0	0	0	0	0
0	0	0	0	0
0	0	0	0	0
0	0	0	0	0
0	0	0	0	0
0	0	0	0	0
0	0	0	0	0
0	0	0	0	0
0	0	0	0	0
0	0	0	0	0
0	0	0	0	0
0	0	0	0	0
0	0	0	0	0
0	0	0	0	0
0	0	0	0	0
0	0	0	0	0
0	0	0	0	0
0	0	0	0	0
0	0	0	0	0
0	0	0	0	0
0	0	0	0	0
0	0	0	0	0
0	0	0	0	0
0	0	0	0	0
0	0	0	0	0
0	0	0	0	0
0	0	0	0	0
0	0	0	0	0
0	0	0	0	0
0	0	0	0	0
0	0	0	0	0
0	0	0	0	0
0	0	0	0	0
0	0	0	0	0
0	0	0	0	0
0	0	0	0	0
0	0	0	0	0
0	0	0	0	0
0	0	0	0	0
0	0	0	0	0
0	0	0	0	0
0	0	0	0	0
0	0	0	0	0
0	0	0	0	0
0	0	0	0	0
0	0	0	0	0
0	0	0	0	0
0	0	0	0	0
0	0	0	0	0
0	0	0	0	0
0	0	0	0	0
0	0	0	0	0
0	0	0	0	0
0	0	0	0	0
0	0	0	0	0
0	0	0	0	0
0	0	0	0	0
0	0	0	0	0
0	0	0	0	0
0	0	0	0	0
0	0	0	0	0
0	0	0	0	0
0	0	0	0	0
0	0	0	0	0
0	0	0	0	0
0	0	0	0	0
0	0	0	0	0
0	0	0	0	0
0	0	0	0	0
0	0	0	0	0
0	0	0	0	0
0	0	0	0	0
0	0	0	0	0
0	0	0	0	0
0	0	0	0	0
0	0	0	0	0
0	0	0	0	0
0	0	0	0	0
0	0	0	0	0
0	0	0	0	0
0	0	0	0	0
0	0	0	0	0
0	0	0	0	0
0	0	0	0	0
0	0	0	0	0
0	0	0	0	0
0	0	0	0	0
0	0	0	0	0
0	0	0	0	0
0	0	0	0	0
0	0	0	0	0
0	0	0	0	0
0	0	0	0	0
0	0	0	0	0
0	0	0	0	0
0	0	0	0	0
0	0	0	0	0
0	0	0	0	0
0	0	0	0	0
0	0	0	0	0
0	0	0	0	0
0	0	0	0	0
0	0	0	0	0
0	0	0	0	0
0	0	0	0	0
0	0	0	0	0
0	0	0	0	0
0	0	0	0	0
0	0	0	0	0
0	0	0	0	0
0	0	0	0	0
0	0	0	0	0
0	0	0	0	0
0	0	0	0	0
0	0	0	0	0
0	0	0	0	0
0	0	0	0	0
0	0	0	0	0
0	0	0	0	0
0	0	0	0	0
0	0	0	0	0
0	0	0	0	0
0	0	0	0	0
0	0	0	0	0
0	0	0	0	0
0	0	0	0	0
0	0	0	0	0
0	0	0	0	0
0	0	0	0	0
0	0	0	0	0
0	0	0	0	0
0	0	0	0	0
0	0	0	0	0
0	0	0	0	0
0	0	0	0	0
0	0	0	0	0
0	0	0	0	0
0	0	0	0	0
0	0	0	0	0
0	0	0	0	0
0	0	0	0	0
0	0	0	0	0
0	0	0	0	0
0	0	0	0	0
0	0	0	0	0
0	0	0	0	0
0	0	0	0	0
0	0	0	0	0
0	0	0	0	0
0	0	0	0	0
0	0	0	0	0
0	0	0	0	0
0	0	0	0	0
0	0	0	0	0
0	0	0	0	0
0	0	0	0	0
0	0	0	0	0
0	0	0	0	0
0	0	0	0	0
0	0	0	0	0
0	0	0	0	0
0	0	0	0	0
0	0	0	0	0
0	0	0	0	0
0	0	0	0	0
0	0	0	0	0
0	0	0	0	0
