a2610922.030273
Narit-cm 09/01/2026 21:05:01 09/01/2026 22:03:02 0045 0013.384714 0052.542598 00.0 00.0
0002401 0010 0000000 0010 05 0000000 0010 0000000 0010
1 0 1 01600 1 0000 3.75 00000.o 0 0 01 000 16 002401 0.500 BT0
1 2 1 02000 1 0000 3.75 00000.o 0 0 01 000 16 002401 0.500 S2A0
1 1 1 01600 1 0000 3.75 00000.o 0 0 00 000 00 002401 3.1746 BC0
1 3 1 02000 1 0000 3.75 00000.o 0 0 00 000 00 002401 3.1746 S2P0
1 5 0 01600 0 0000 1.00 00000.o 0 0 00 000 00 000000 0.000 OF0
0.000 .o Analog 0 	0.000 .o Analog StErr 0 	0.000 .o Photon Counting 0 	0.000 .o PC StErr 0 	0.000 .o Overflow Info 0 
28.9115	0.160012	177.943	0.881789	0
67.0388	0.414524	195.485	0.897772	0
282.966	2.37181	106.539	1.35992	0
473.43	0.0645859	0.866306	0.118683	0
473.457	0	0	0	0
473.457	0	0	0	0
473.457	0	21.7909	0.616538	0
473.457	1.10266E-5	11.7451	0.499216	0
473.457	0	5.64765	0.335304	0
473.457	0	20.5748	0.595794	0
473.457	0	60.1083	0.901853	0
473.457	6.3565E-6	123.149	1.0559	0
473.457	0	155.668	1.04672	0
473.457	6.3565E-6	115.435	1.03958	0
473.457	0	80.3665	0.927358	0
473.457	0	76.5681	0.88621	0
473.457	0	78.9838	0.900493	0
473.457	1.10266E-5	94.0108	0.927358	0
473.457	0	111.537	0.917156	0
473.457	0	117.518	0.931099	0
473.457	6.3565E-6	121.949	0.917496	0
473.457	6.3565E-6	137.226	0.935179	0
473.457	0	157.151	0.932459	0
473.457	0	174.96	0.943001	0
473.457	0	185.989	0.901853	0
473.457	6.3565E-6	197.301	0.901513	0
473.457	0	201.499	0.910355	0
473.457	0	204.615	0.901173	0
473.457	0	204.615	0.894031	0
473.457	0	203.565	0.890971	0
473.457	0	203.748	0.901173	0
473.459	0.00253255	202.582	0.862065	0
475.5	0.136162	202.815	0.881789	1
481.042	0.235805	200.866	0.877368	1
489.46	0.253669	203.299	0.910355	1
499.084	0.0887959	201.266	0.880089	1
500	0	201.849	0.899132	1
499.988	0.00656958	200.65	0.902873	1
498.005	0.143389	201.933	0.894712	1
488.089	0.431524	203.632	0.883489	1
463.847	0.753281	202.049	0.894031	1
421.609	0.885605	201.633	0.88723	1
374.486	0.865787	202.649	0.895732	1
328.911	0.831712	202.666	0.903553	0
285.188	0.810715	201.966	0.901853	0
242.825	0.763143	202.932	0.877708	0
203.233	0.716252	202.815	0.881789	0
167.236	0.662319	201.899	0.880089	0
134.889	0.589217	200.85	0.868867	0
106.869	0.521494	201.583	0.871587	0
83.3883	0.45707	199.25	0.879069	0
64.1766	0.390022	198.467	0.864446	0
49.0315	0.329841	199.1	0.878048	0
37.3719	0.275577	194.552	0.861725	0
28.655	0.228492	193.986	0.850503	0
22.273	0.188079	193.07	0.894372	0
17.5373	0.150806	192.137	0.843022	0
14.1612	0.121344	190.954	0.845062	0
11.7157	0.0983369	189.704	0.865466	0
9.90742	0.0786766	188.388	0.868867	0
8.63079	0.0638566	187.589	0.849823	0
7.69654	0.0521179	184.49	0.850503	0
7.00717	0.0431798	183.14	0.876348	0
6.53339	0.0376997	179.658	0.850843	0
6.17634	0.0331527	178.092	0.852884	0
5.87751	0.0293481	176.393	0.846082	0
5.65731	0.0270198	173.128	0.83622	0
5.48256	0.0254657	173.828	0.876688	0
5.34578	0.0246125	169.096	0.861045	0
5.26139	0.0234691	169.146	0.842001	0
5.22113	0.0230028	167.763	0.859685	0
5.18556	0.0222341	168.063	0.878729	0
5.14057	0.0224077	165.031	0.83486	0
5.11088	0.0222367	161.733	0.845062	0
5.0607	0.0216655	160.2	0.863766	0
5.01627	0.0213662	160.716	0.838601	0
5.00567	0.0210507	159.783	0.847102	0
4.98217	0.0213916	157.551	0.843702	0
4.98248	0.020651	156.102	0.846082	0
5.0178	0.0202486	156.318	0.856284	0
5.06087	0.0196835	153.469	0.830779	0
5.10745	0.019889	152.37	0.845742	0
5.1538	0.0196808	152.387	0.846082	0
5.19216	0.0193797	153.253	0.872607	0
5.21971	0.0193011	150.954	0.845062	0
5.2466	0.0187711	150.487	0.842342	0
5.29525	0.0183122	150.221	0.83486	0
5.35852	0.0182796	151.17	0.867846	0
5.40134	0.018958	148.621	0.850163	0
5.43697	0.0186996	147.322	0.858665	0
5.46359	0.0185762	146.389	0.863426	0
5.50823	0.017924	146.972	0.8318	0
5.57218	0.0177638	144.84	0.846422	0
5.62217	0.0178426	143.49	0.848803	0
5.68198	0.0176006	144.59	0.849483	0
5.72746	0.0173193	144.357	0.858665	0
5.77148	0.0171581	145.256	0.860365	0
5.81266	0.0171267	143.607	0.852884	0
5.838	0.0168866	144.79	0.822618	0
5.87989	0.0172986	142.557	0.869547	0
5.90177	0.0166526	142.257	0.844722	0
5.9554	0.0163618	141.125	0.843362	0
6.04085	0.0167558	140.791	0.854924	0
6.09442	0.0166933	141.108	0.848463	0
6.1318	0.0164316	141.341	0.83316	0
6.16167	0.0165436	141.658	0.850163	0
6.17643	0.0164081	138.192	0.830779	0
6.20972	0.01615	138.759	0.851183	0
6.25264	0.0160257	138.526	0.864446	0
6.27158	0.0157545	138.276	0.855604	0
6.30224	0.0158789	138.409	0.847783	0
6.34311	0.0162511	137.243	0.850503	0
6.35012	0.0159074	137.526	0.847783	0
6.37156	0.0156493	136.643	0.855264	0
6.4164	0.0155885	136.01	0.83452	0
6.4272	0.0157646	136.46	0.853904	0
6.45461	0.0161987	134.96	0.845062	0
6.51836	0.0160535	135.693	0.855604	0
6.51514	0.0160211	135.81	0.862745	0
6.49687	0.015855	135.077	0.844042	0
6.53614	0.0154294	135.044	0.862745	0
6.55958	0.0152688	134.077	0.854244	0
6.55771	0.0155297	134.877	0.865466	0
6.56808	0.015918	131.912	0.874308	0
6.58721	0.015334	132.928	0.821598	0
6.58444	0.0150242	132.428	0.861385	0
6.56633	0.014847	130.679	0.8369	0
6.57841	0.0147815	131.479	0.855944	0
6.58558	0.0148292	130.662	0.828739	0
6.56593	0.014549	132.195	0.827379	0
6.58143	0.0145411	129.929	0.851863	0
6.57281	0.0145082	128.646	0.831119	0
6.54783	0.0142572	129.379	0.842342	0
6.55914	0.0144738	126.697	0.83588	0
6.55615	0.0141454	126.947	0.83622	0
6.54111	0.0143684	126.847	0.827039	0
6.52541	0.0144014	127.38	0.847102	0
6.48328	0.0141259	125.698	0.852203	0
6.45082	0.0141817	124.048	0.830099	0
6.45149	0.0138933	125.781	0.822618	0
6.42761	0.0139229	124.415	0.841661	0
6.38855	0.0135358	122.416	0.831459	0
6.38085	0.013589	122.032	0.843702	0
6.3692	0.0131208	121.866	0.857985	0
6.33022	0.0132244	119.867	0.852203	0
6.29955	0.0132403	119.9	0.863766	0
6.27274	0.0134832	117.784	0.847443	0
6.25274	0.0129732	118.067	0.853904	0
6.22718	0.0129634	116.302	0.824658	0
6.17517	0.0128986	115.235	0.856624	0
6.16361	0.0127365	115.202	0.862405	0
6.17043	0.0125726	116.202	0.858325	0
6.13034	0.0124995	113.836	0.852543	0
6.08585	0.012278	113.803	0.851183	0
6.06512	0.0123013	113.736	0.847102	0
6.03069	0.0121555	111.753	0.867506	0
6.00844	0.011892	110.537	0.846422	0
6.00173	0.0118987	109.788	0.845062	0
5.97433	0.0120736	109.071	0.849143	0
5.93391	0.0114485	107.589	0.854924	0
5.91059	0.0114371	107.805	0.837921	0
5.89465	0.0116353	106.106	0.849483	0
5.86809	0.0114792	103.307	0.839621	0
5.85236	0.011309	105.406	0.851863	0
5.82861	0.0112348	102.057	0.828399	0
5.80519	0.0113704	103.157	0.840301	0
5.79646	0.011063	101.841	0.831119	0
5.75963	0.0108621	103.29	0.856624	0
5.73131	0.0108612	101.058	0.821938	0
5.71822	0.0107235	100.525	0.856964	0
5.69683	0.0107093	99.1753	0.842342	0
5.66486	0.0105881	98.4257	0.864786	0
5.62652	0.0107071	94.7605	0.839281	0
5.60285	0.0104025	95.0437	0.83554	0
5.59482	0.0103231	93.5277	0.843362	0
5.56548	0.0103416	94.2274	0.848123	0
5.53046	0.0101526	91.6785	0.830099	0
5.51634	0.0101388	92.7447	0.846422	0
5.49144	0.0101647	91.212	0.858325	0
5.45798	0.00981613	90.9954	0.841661	0
5.43935	0.00972344	88.7797	0.861385	0
5.41846	0.0099083	89.2128	0.843702	0
5.38754	0.00973635	87.8634	0.841661	0
5.35472	0.00941496	85.681	0.863086	0
5.33386	0.00959326	85.3978	0.838261	0
5.31712	0.00925235	84.4148	0.840641	0
5.30286	0.00890624	83.6985	0.829419	0
5.28005	0.00904355	81.3661	0.8352	0
5.25615	0.00894425	81.7993	0.829419	0
5.23798	0.00864627	80.2832	0.810375	0
5.20965	0.00865853	79.217	0.843702	0
5.17912	0.00852881	79.9833	0.820237	0
5.16067	0.00852161	76.2182	0.830439	0
5.142	0.00841459	75.985	0.818537	0
5.11082	0.00841705	74.7688	0.808675	0
5.08546	0.0082569	74.1025	0.820577	0
5.07475	0.00822875	73.1195	0.818197	0
5.0628	0.00821345	74.7022	0.829419	0
5.05043	0.0080114	71.8867	0.806295	0
5.0318	0.00797553	69.9042	0.817177	0
5.00869	0.0077177	71.3869	0.818197	0
4.99198	0.0077921	69.621	0.815136	0
4.97334	0.00774462	68.9213	0.830779	0
4.96051	0.00762229	67.3553	0.796773	0
4.94183	0.0075224	67.8884	0.801534	0
4.91842	0.00762242	64.7397	0.803574	0
4.91345	0.00761898	65.2062	0.812076	0
4.90027	0.0072553	63.7068	0.78181	0
4.86576	0.00705228	62.5239	0.811396	0
4.85762	0.00710664	63.9567	0.807995	0
4.85343	0.00716456	62.1741	0.802894	0
4.82004	0.00699332	59.7918	0.773648	0
4.80247	0.00696589	60.6581	0.801194	0
4.80251	0.00711494	57.9925	0.798813	0
4.79126	0.00692126	59.092	0.776709	0
4.77027	0.00672901	56.5098	0.793712	0
4.75816	0.00680217	56.9763	0.794392	0
4.75279	0.00677882	56.1933	0.799833	0
4.73384	0.00661174	54.9105	0.772628	0
4.71712	0.00655051	55.8934	0.78249	0
4.69952	0.00658871	53.3944	0.772628	0
4.67632	0.00633309	52.6781	0.759026	0
4.66264	0.00616218	51.0621	0.746443	0
4.64806	0.00624838	51.2786	0.759706	0
4.63144	0.00596007	50.5789	0.755285	0
4.61751	0.00607286	47.5802	0.72876	0
4.60214	0.00601993	48.1799	0.758005	0
4.5988	0.00577702	49.2295	0.751544	0
4.59189	0.0059074	46.8305	0.734541	0
4.57625	0.00588431	46.5306	0.745083	0
4.57066	0.00567441	46.9971	0.733181	0
4.56263	0.00555773	45.2145	0.72842	0
4.54354	0.00558782	45.7643	0.758685	0
4.53044	0.00562901	43.8151	0.72842	0
4.5291	0.00563277	43.6985	0.722639	0
4.52727	0.00555189	44.2482	0.733521	0
4.51796	0.00564795	42.8155	0.706656	0
4.49864	0.00536924	42.2324	0.713797	0
4.49889	0.00537365	42.1658	0.716517	0
4.50283	0.00539096	41.5993	0.727059	0
4.48533	0.00528154	42.0825	0.703595	0
4.47643	0.00537514	40.6997	0.716857	0
4.4757	0.00534952	40.5331	0.701895	0
4.4639	0.00525449	39.1504	0.689312	0
4.45376	0.00528686	40.4665	0.694073	0
4.44793	0.00525689	39.5335	0.705975	0
4.43504	0.0050841	37.6177	0.694073	0
4.41856	0.00500867	36.5848	0.665848	0
4.41116	0.00505362	36.3848	0.693053	0
4.40443	0.00491384	36.7014	0.686252	0
4.3947	0.00490378	36.1683	0.681491	0
4.3837	0.00480656	35.0021	0.669248	0
4.37232	0.00474876	34.3857	0.67877	0
4.37056	0.00479507	34.5023	0.660067	0
4.36537	0.00471134	33.7359	0.659386	0
4.35225	0.00466872	32.5698	0.655306	0
4.34566	0.00459407	33.5527	0.661087	0
4.33976	0.00463791	32.1533	0.653265	0
4.32438	0.0045916	31.137	0.640683	0
4.31102	0.00433754	30.5873	0.62606	0
4.315	0.00441835	32.4032	0.644424	0
4.31494	0.00447524	31.6868	0.654966	0
4.2986	0.00437191	30.0875	0.635582	0
4.29299	0.00439967	29.8542	0.633201	0
4.29487	0.00431457	29.9042	0.635582	0
4.28404	0.00423985	28.9379	0.635582	0
4.27431	0.00415495	29.621	0.62368	0
4.26942	0.00409424	28.4048	0.612457	0
4.26703	0.00422986	28.9379	0.622999	0
4.26004	0.00421255	27.7884	0.619259	0
4.24626	0.00404721	26.5556	0.597155	0
4.23976	0.00402445	26.0891	0.605996	0
4.23823	0.00399085	26.5223	0.613138	0
4.23004	0.00395452	25.6393	0.599535	0
4.22631	0.00393779	26.9888	0.601915	0
4.2221	0.00395323	25.4561	0.601575	0
4.20639	0.0038429	24.3232	0.579811	0
4.20462	0.00391593	24.8563	0.584572	0
4.20663	0.00382824	24.0733	0.578451	0
4.19863	0.00381766	24.5898	0.584232	0
4.18942	0.00374229	23.6235	0.576411	0
4.18479	0.00373756	23.4902	0.585252	0
4.18114	0.00386813	23.2903	0.590013	0
4.17776	0.00377401	23.6068	0.597155	0
4.17642	0.00364967	22.1574	0.57165	0
4.17034	0.00369365	22.424	0.567229	0
4.1637	0.00355368	21.4411	0.545465	0
4.16077	0.00362678	21.7409	0.550226	0
4.1537	0.00358358	21.3744	0.557027	0
4.14128	0.0033958	20.8913	0.539683	0
4.13696	0.00338581	19.925	0.535943	0
4.1367	0.00341623	20.9579	0.546825	0
4.13302	0.0034809	19.4419	0.5237	0
4.13044	0.00338737	20.758	0.541724	0
4.13075	0.00345184	20.708	0.542404	0
4.12623	0.00345774	19.5752	0.546145	0
4.11687	0.00344685	19.6751	0.529141	0
4.11355	0.00340157	19.2586	0.533222	0
4.11221	0.00341675	19.0421	0.526081	0
4.10597	0.00331498	18.5423	0.525061	0
4.10293	0.00332166	19.1087	0.529822	0
4.0996	0.00320498	17.676	0.52166	0
4.09374	0.00327496	18.1591	0.52302	0
4.08756	0.00326912	16.6764	0.493775	0
4.08439	0.00314297	17.8759	0.511118	0
4.08036	0.00308355	16.9429	0.502276	0
4.07541	0.00313162	17.0762	0.509078	0
4.07425	0.00311397	16.5431	0.502276	0
4.07103	0.00310535	17.1928	0.493775	0
4.06528	0.00304652	15.7934	0.482212	0
4.06133	0.00308712	15.6601	0.493095	0
4.05921	0.0029862	15.96	0.492414	0
4.06596	0.00306195	16.5098	0.493095	0
4.06241	0.00306351	15.7934	0.482893	0
4.04613	0.00296226	15.8101	0.485273	0
4.0439	0.00300792	15.0437	0.484593	0
4.04637	0.00294974	14.6606	0.464189	0
4.04308	0.00293495	15.4269	0.479832	0
4.03986	0.00295895	14.6606	0.484593	0
4.03498	0.00297835	13.7443	0.462829	0
4.03347	0.00291867	15.2936	0.479152	0
4.03147	0.00290843	14.7439	0.46963	0
4.03117	0.00293554	14.8272	0.461128	0
4.0303	0.00290414	15.0937	0.482553	0
4.02399	0.00297984	14.1774	0.465209	0
4.01555	0.00279466	13.3611	0.456368	0
4.011	0.0027307	13.1612	0.448546	0
4.01303	0.00272986	13.7943	0.450926	0
4.01285	0.00277786	13.3111	0.447526	0
4.00768	0.00275606	12.7613	0.441405	0
4.00953	0.00280601	13.5777	0.450246	0
4.01064	0.00275554	13.511	0.446166	0
4.0028	0.00273083	13.1612	0.441405	0
3.99932	0.00272143	13.0612	0.451947	0
3.99775	0.00273686	12.6281	0.444805	0
3.9919	0.00264937	12.1116	0.432903	0
3.9911	0.00267265	12.4615	0.433583	0
3.99134	0.00269081	12.6114	0.443445	0
3.98614	0.00256933	12.0616	0.430523	0
3.98223	0.00263276	12.1116	0.426442	0
3.97921	0.00261933	11.312	0.41658	0
3.97189	0.00255402	11.0287	0.4193	0
3.97678	0.00265144	11.9783	0.431883	0
3.97743	0.00254182	11.4119	0.41692	0
3.97092	0.00252249	11.4452	0.4176	0
3.97325	0.00258619	11.3786	0.421001	0
3.97448	0.00254688	11.1953	0.412159	0
3.97151	0.00256167	12.0117	0.422361	0
3.97069	0.00247605	11.262	0.408758	0
3.96729	0.00247508	10.4623	0.390735	0
3.96203	0.00249739	10.8288	0.402637	0
3.96145	0.00254812	11.4452	0.421681	0
3.95871	0.00243357	10.5956	0.403997	0
3.95387	0.00252619	10.7455	0.411479	0
3.95278	0.00247236	10.429	0.397536	0
3.95385	0.00241638	10.9621	0.412159	0
3.95076	0.00245348	9.82924	0.395496	0
3.94791	0.00248611	10.1458	0.395836	0
3.94779	0.00240179	10.1291	0.396516	0
3.9504	0.00243895	10.7122	0.421681	0
3.94881	0.00242124	10.2957	0.397536	0
3.94687	0.00242468	10.5956	0.395496	0
3.94322	0.00240801	10.0292	0.391075	0
3.93831	0.00242241	10.0125	0.390395	0
3.93835	0.00245121	9.8459	0.396856	0
3.93568	0.00233122	9.74594	0.394476	0
3.9277	0.00229392	8.99625	0.388014	0
3.92856	0.00232194	10.1958	0.395836	0
3.93018	0.00235508	9.04623	0.384274	0
3.9265	0.0023571	9.49604	0.395836	0
3.92885	0.00232862	9.99584	0.397196	0
3.92724	0.00239647	9.79592	0.388695	0
3.92334	0.0023593	9.26281	0.375432	0
3.92346	0.00226389	9.06289	0.377472	0
3.92405	0.00226493	9.41274	0.377812	0
3.92187	0.00227083	8.82965	0.36455	0
3.92041	0.00229411	8.79633	0.368971	0
3.92169	0.0023412	9.64598	0.391415	0
3.92165	0.00233141	9.69596	0.385294	0
3.91364	0.00219695	8.17993	0.36387	0
3.9099	0.00221602	9.11287	0.375092	0
3.90993	0.00223684	8.54644	0.36557	0
3.90641	0.00227796	8.2299	0.36455	0
3.90806	0.00229321	9.34611	0.386314	0
3.90962	0.00219306	9.17951	0.377132	0
3.90501	0.00221498	8.44648	0.36285	0
3.90666	0.00221712	9.11287	0.379513	0
3.9078	0.00217691	8.59642	0.36557	0
3.90352	0.00220655	7.96335	0.351287	0
3.90294	0.00230864	8.27988	0.355708	0
3.90307	0.00216225	8.7297	0.371691	0
3.89981	0.00211886	7.74677	0.344146	0
3.89543	0.00214681	7.93003	0.358089	0
3.89551	0.00204634	8.34652	0.347207	0
3.89495	0.00210121	8.02999	0.354008	0
3.89083	0.00208656	7.48022	0.337005	0
3.88834	0.00208947	7.73011	0.354348	0
3.88991	0.00216854	8.07997	0.352308	0
3.88756	0.00211471	7.79675	0.341766	0
3.88226	0.00206813	6.91379	0.332244	0
3.88235	0.00204919	7.31362	0.338365	0
3.88356	0.00202247	7.79675	0.352308	0
3.88183	0.00204284	7.01374	0.328843	0
3.88113	0.00205626	7.08038	0.344486	0
3.88148	0.00206126	7.29696	0.340065	0
3.88046	0.00204712	7.71345	0.343126	0
3.87778	0.00206619	7.06372	0.335304	0
3.8713	0.00195242	6.78051	0.329863	0
3.86833	0.00193361	6.74719	0.326123	0
3.8679	0.00197441	6.48063	0.323062	0
3.86403	0.00193367	6.76385	0.327143	0
3.86154	0.00195158	6.23074	0.31354	0
3.8628	0.00190987	6.58059	0.319661	0
3.86629	0.00198492	6.64723	0.328503	0
3.86773	0.00200924	6.78051	0.324762	0
3.86685	0.00200509	6.63057	0.326463	0
3.86526	0.0019364	6.64723	0.320001	0
3.86384	0.00193082	6.09746	0.31354	0
3.86368	0.00191078	6.41399	0.320341	0
3.8627	0.00190799	6.34736	0.323402	0
3.85694	0.00189417	5.74761	0.303338	0
3.85545	0.00179785	6.09746	0.303678	0
3.85708	0.00187919	6.28072	0.317961	0
3.85558	0.00190857	5.96418	0.308439	0
3.85133	0.00187647	5.61433	0.299938	0
3.85228	0.00190792	6.78051	0.331564	0
3.85085	0.00190423	5.79758	0.300618	0
3.84654	0.00188749	6.0808	0.317621	0
3.84695	0.00189547	5.56435	0.302658	0
3.8469	0.00188418	5.79758	0.303338	0
3.84265	0.001855	5.24781	0.288375	0
3.84309	0.00183664	5.66431	0.300958	0
3.84428	0.00180278	4.91462	0.284975	0
3.84166	0.00178975	5.23115	0.287015	0
3.84172	0.0018081	5.51437	0.294837	0
3.84184	0.00182224	4.89796	0.283614	0
3.83991	0.00174544	5.39775	0.297217	0
3.8399	0.00180881	5.48105	0.297897	0
3.83845	0.00185863	5.48105	0.295177	0
3.83167	0.00174077	4.798	0.282594	0
3.82997	0.00167948	4.84798	0.274773	0
3.83049	0.00173079	4.93128	0.281574	0
3.83032	0.00176367	5.53103	0.301978	0
3.83081	0.00172008	5.14786	0.285315	0
3.82895	0.00167124	5.01458	0.285315	0
3.82726	0.00168571	4.51479	0.264571	0
3.828	0.00168538	4.61474	0.274433	0
3.82719	0.00171794	4.91462	0.279194	0
3.82733	0.00166871	4.14827	0.26083	0
3.82811	0.00173332	4.94794	0.278853	0
3.82666	0.00170088	4.34819	0.271032	0
3.82471	0.00176691	4.74802	0.275453	0
3.8242	0.00170341	4.73136	0.275113	0
3.82097	0.00165561	4.04831	0.256069	0
3.82034	0.00166806	4.798	0.281574	0
3.82169	0.001663	4.76468	0.273752	0
3.82111	0.00171133	4.44815	0.269332	0
3.81891	0.00168947	4.64806	0.278173	0
3.81999	0.00169784	4.24823	0.256069	0
3.82034	0.00163712	4.68138	0.273752	0
3.81908	0.00167429	4.38151	0.265591	0
3.81944	0.0016728	4.28155	0.26117	0
3.82041	0.00168882	4.84798	0.278853	0
3.81894	0.00169608	4.51479	0.267971	0
3.81603	0.00167539	4.09829	0.256409	0
3.8149	0.00169913	4.33153	0.26219	0
3.81469	0.00162195	4.39817	0.265931	0
3.81459	0.00166703	4.61474	0.270352	0
3.8139	0.00165133	4.48147	0.265931	0
3.81307	0.00173059	4.6314	0.273752	0
3.81223	0.00177612	4.18159	0.263891	0
3.80947	0.00165237	3.94835	0.250288	0
3.81043	0.00167753	4.09829	0.257429	0
3.81282	0.00168344	4.43149	0.270012	0
3.81208	0.00171392	4.43149	0.267971	0
3.81071	0.00172145	4.08163	0.257089	0
3.81014	0.00166411	4.21491	0.26049	0
3.81096	0.00163485	4.46481	0.265591	0
3.80696	0.00160476	3.5152	0.239406	0
3.80422	0.00157713	3.48188	0.244167	0
3.80728	0.00158582	4.41483	0.271712	0
3.80845	0.00165555	4.28155	0.266271	0
3.80552	0.0016883	3.94835	0.251308	0
3.80473	0.00162597	4.16493	0.257089	0
3.80476	0.00162448	3.79842	0.246207	0
3.80318	0.00163745	4.09829	0.264911	0
3.80353	0.00164783	4.24823	0.257089	0
3.80203	0.00156688	3.66514	0.238046	0
3.79963	0.0015698	3.56518	0.239746	0
3.80081	0.0015519	3.83174	0.247227	0
3.80309	0.0016488	4.23157	0.257769	0
3.80217	0.00161773	3.98167	0.25879	0
3.80055	0.0015816	3.81508	0.243147	0
3.80082	0.00157512	4.26489	0.26287	0
3.80082	0.00164517	3.74844	0.251648	0
3.79843	0.00157369	3.79842	0.246207	0
3.79948	0.00166502	4.19825	0.265251	0
3.79762	0.00153743	3.6818	0.241786	0
3.79427	0.00158193	3.83174	0.248248	0
3.79544	0.0016056	3.79842	0.250628	0
3.79386	0.00154554	3.56518	0.240766	0
3.79134	0.00153458	3.71512	0.243827	0
3.79179	0.00150474	3.61516	0.240086	0
3.79088	0.0015253	3.44856	0.234985	0
3.78983	0.00153568	3.11537	0.225123	0
3.79005	0.00150909	3.3486	0.233285	0
3.79051	0.00149326	3.56518	0.239746	0
3.78899	0.00154956	3.23199	0.228524	0
3.78691	0.00146297	2.58226	0.21016	0
3.78626	0.00152627	3.41524	0.236685	0
3.78731	0.0014716	3.29863	0.230564	0
3.78718	0.0015266	3.33195	0.232945	0
3.78455	0.00145311	2.84881	0.213901	0
3.78252	0.00152342	3.24865	0.227844	0
3.78292	0.0014703	2.98209	0.216962	0
3.78139	0.00141328	3.06539	0.221042	0
3.78249	0.00152647	2.84881	0.216622	0
3.78435	0.00148781	3.36526	0.233965	0
3.78621	0.00149748	3.31529	0.238386	0
3.78743	0.00151791	3.74844	0.250288	0
3.78697	0.0015423	3.26531	0.233285	0
3.78452	0.00151557	3.26531	0.228524	0
3.78222	0.00145661	3.14869	0.227164	0
3.7827	0.00143839	2.81549	0.212881	0
3.78316	0.0014749	3.31529	0.236005	0
3.78354	0.00156422	3.21533	0.234305	0
3.78071	0.00151862	3.24865	0.224443	0
3.77902	0.00149884	3.23199	0.229884	0
3.77857	0.00145564	2.83215	0.215941	0
3.77992	0.00142788	2.98209	0.222063	0
3.78053	0.0015002	3.3486	0.227504	0
3.77898	0.00148463	3.04873	0.221723	0
3.77793	0.00143878	3.03207	0.220022	0
3.77839	0.00141082	3.38192	0.233285	0
3.78008	0.00145694	3.29863	0.227164	0
3.7815	0.00152543	3.44856	0.234985	0
3.77937	0.00146881	3.16535	0.227844	0
3.77721	0.00147938	3.13203	0.228184	0
3.7772	0.00145473	3.08205	0.224103	0
3.77525	0.00144539	2.84881	0.21118	0
3.77599	0.00141523	3.33195	0.232945	0
3.77645	0.00146719	2.99875	0.220022	0
3.7715	0.00136594	2.54894	0.200979	0
3.77279	0.00142003	2.78217	0.212881	0
3.77586	0.00144215	2.99875	0.222743	0
3.77545	0.00150493	3.13203	0.226823	0
3.77492	0.0015133	2.83215	0.215941	0
3.77402	0.00145726	2.79883	0.20948	0
3.77374	0.00146751	2.94877	0.219682	0
3.77396	0.00142866	2.94877	0.218662	0
3.77453	0.00142191	3.41524	0.234305	0
3.77483	0.0014978	3.08205	0.227844	0
3.77462	0.00149559	3.3486	0.232265	0
3.77525	0.00149988	3.41524	0.235325	0
3.77169	0.0014437	2.68222	0.20812	0
3.76678	0.00141653	2.44898	0.199958	0
3.76769	0.00143359	2.71554	0.21084	0
3.76723	0.00143852	2.79883	0.217302	0
3.76313	0.00139486	2.399	0.195197	0
3.76118	0.00133895	2.28238	0.192137	0
3.76029	0.00132092	1.89921	0.176834	0
3.75952	0.00129556	2.01583	0.180235	0
3.76038	0.00134018	1.96585	0.179554	0
3.7605	0.00133493	2.04915	0.181595	0
3.75923	0.00135679	2.01583	0.180235	0
3.75743	0.0012966	1.73261	0.174453	0
3.75621	0.00124283	1.94919	0.178874	0
3.75663	0.0012246	1.66597	0.164932	0
3.75623	0.00124335	1.86589	0.181595	0
3.75563	0.0012595	1.83257	0.172413	0
3.75552	0.00125054	1.78259	0.168332	0
3.75506	0.00125346	1.79925	0.170713	0
3.7549	0.00125275	1.61599	0.162551	0
3.75357	0.00123245	1.68263	0.167312	0
3.75413	0.00122959	1.94919	0.178874	0
3.75583	0.00126987	1.78259	0.171733	0
3.75363	0.00124218	1.78259	0.168332	0
3.75333	0.00123893	1.61599	0.164251	0
3.75381	0.00122038	1.53269	0.15847	0
3.75208	0.00123037	1.69929	0.166292	0
3.75283	0.00124678	1.73261	0.167992	0
3.75412	0.00124931	1.83257	0.173773	0
3.75151	0.00122531	1.61599	0.162551	0
3.74938	0.00120326	1.14952	0.136366	0
3.74955	0.00117757	1.53269	0.160171	0
3.75068	0.00118004	1.49938	0.15677	0
3.74918	0.00119256	1.48272	0.15439	0
3.7505	0.00122927	1.61599	0.165952	0
3.75063	0.00120015	1.3661	0.150309	0
3.74865	0.00116506	1.39942	0.149969	0
3.74794	0.00116058	1.46606	0.153369	0
3.74739	0.00118614	1.48272	0.15439	0
3.74694	0.00117946	1.46606	0.15507	0
3.74684	0.00112329	1.0329	0.129565	0
3.74813	0.00116545	1.59933	0.161531	0
3.74934	0.00120832	1.56601	0.163571	0
3.74716	0.00117757	1.33278	0.148268	0
3.74503	0.00111842	1.21616	0.140107	0
3.74628	0.00115027	1.39942	0.152009	0
3.74472	0.00116142	1.31612	0.147588	0
3.74365	0.00114365	1.04956	0.132625	0
3.74334	0.00115189	1.29946	0.146568	0
3.74322	0.00113814	1.24948	0.143848	0
3.74291	0.00113957	1.01624	0.130585	0
3.74294	0.00116395	1.13286	0.137386	0
3.74423	0.00116369	1.24948	0.142147	0
3.74573	0.0011827	1.43274	0.151669	0
3.74281	0.00113846	1.04956	0.130585	0
3.74227	0.00112341	1.34944	0.149289	0
3.7449	0.00113846	1.1995	0.139087	0
3.74332	0.00112763	1.04956	0.132625	0
3.74141	0.00111453	0.966264	0.127524	0
3.7413	0.00110668	1.14952	0.140447	0
3.74146	0.00110908	1.23282	0.143167	0
3.74166	0.00114132	1.26614	0.144868	0
3.7409	0.00113159	1.0329	0.129565	0
3.7403	0.00110324	1.08288	0.132625	0
3.74081	0.00111206	0.999584	0.129565	0
3.74081	0.00113645	1.2828	0.143848	0
3.74021	0.00110486	1.13286	0.135346	0
3.74058	0.00114222	1.16618	0.139427	0
3.73991	0.00111479	1.13286	0.137386	0
3.73992	0.00112646	1.1162	0.134326	0
3.73933	0.00108891	0.832986	0.116642	0
3.73905	0.00111907	1.1995	0.143167	0
3.7396	0.00111362	0.949604	0.126504	0
3.73875	0.00111297	1.14952	0.138407	0
3.7382	0.00110863	1.14952	0.136366	0
3.73849	0.00112348	0.999584	0.127524	0
3.73783	0.00110953	1.26614	0.144868	0
3.73721	0.00111304	1.16618	0.139427	0
3.73757	0.0011227	0.966264	0.129565	0
3.7381	0.00116149	1.1162	0.134326	0
3.73771	0.00108398	0.849646	0.120043	0
3.73823	0.00109851	1.08288	0.132625	0
3.7382	0.0011083	0.949604	0.124464	0
3.7385	0.00110882	1.1995	0.143167	0
3.73783	0.00109961	0.949604	0.124464	0
3.73633	0.00113697	0.916285	0.122083	0
3.73657	0.00109449	0.932945	0.123104	0
3.73822	0.00109416	1.24948	0.142147	0
3.73703	0.00109157	1.01624	0.130585	0
3.73639	0.00112783	1.09954	0.135686	0
3.73639	0.00109176	0.932945	0.123104	0
3.73512	0.00109338	1.04956	0.130585	0
3.73579	0.00109034	0.916285	0.122083	0
3.73598	0.00105615	0.982924	0.126504	0
3.73364	0.00107133	0.666389	0.107121	0
3.73321	0.00109488	0.932945	0.123104	0
3.73421	0.00107068	0.849646	0.117663	0
3.73451	0.00107107	1.1995	0.139087	0
3.73434	0.00107801	0.783007	0.118003	0
3.73489	0.00107354	1.0329	0.129565	0
3.73312	0.00108359	0.932945	0.123104	0
3.73415	0.00107101	1.08288	0.132625	0
3.73524	0.00108255	0.982924	0.126504	0
3.7342	0.00111622	1.08288	0.134666	0
3.73425	0.00111155	0.966264	0.125484	0
3.73419	0.00108177	0.916285	0.122083	0
3.73304	0.00108203	1.0329	0.129565	0
3.73324	0.00111725	0.899625	0.121063	0
3.73213	0.00107049	0.783007	0.115622	0
3.7325	0.00106971	0.982924	0.126504	0
3.73465	0.00108969	1.01624	0.128545	0
3.73213	0.00107808	0.949604	0.130925	0
3.73184	0.0010472	0.716368	0.110861	0
3.73259	0.0010797	0.916285	0.122083	0
3.73311	0.0011109	0.966264	0.127524	0
3.73415	0.00110681	1.04956	0.132625	0
3.7329	0.00109559	0.899625	0.127865	0
3.73234	0.00108832	0.916285	0.122083	0
3.73201	0.0010747	0.699708	0.107121	0
3.73162	0.00108404	1.06622	0.133646	0
3.73084	0.00105499	0.783007	0.113242	0
3.73027	0.00104565	0.816327	0.117663	0
3.73201	0.00105966	0.949604	0.124464	0
3.73238	0.00108197	0.816327	0.115282	0
3.72943	0.00107321	0.816327	0.115282	0
3.73052	0.00104662	0.749688	0.110861	0
3.73191	0.00110675	1.09954	0.135686	0
3.7314	0.00111557	0.733028	0.109501	0
3.73018	0.00109552	1.16618	0.141467	0
3.73047	0.00107198	0.949604	0.126504	0
3.73086	0.0010952	0.916285	0.122083	0
3.73019	0.00108236	0.916285	0.126504	0
3.73029	0.00106575	0.816327	0.115282	0
3.73122	0.00108489	0.932945	0.125484	0
3.73149	0.00116207	1.01624	0.130585	0
3.73036	0.001088	0.882965	0.120043	0
3.72911	0.00104247	0.716368	0.108141	0
3.72889	0.00106063	0.816327	0.115282	0
3.72809	0.00104759	0.733028	0.109501	0
3.72775	0.00103624	0.749688	0.110861	0
3.72899	0.00106361	0.899625	0.121063	0
3.72918	0.00104156	0.849646	0.120043	0
3.72808	0.00105635	0.882965	0.120043	0
3.72844	0.00104363	0.58309	0.0979388	0
3.72915	0.00103929	0.882965	0.122423	0
3.72944	0.00106997	0.882965	0.122423	0
3.72799	0.00104247	0.816327	0.115282	0
3.72776	0.00104007	0.683049	0.110861	0
3.72917	0.00100608	0.58309	0.0979388	0
3.72883	0.00104817	0.932945	0.123104	0
3.72892	0.00103994	0.832986	0.119023	0
3.72774	0.00103799	0.783007	0.113242	0
3.72626	0.0010402	0.799667	0.114262	0
3.72624	0.00106199	0.832986	0.116642	0
3.72808	0.00105797	0.932945	0.123104	0
3.72838	0.00107697	0.866306	0.118683	0
3.72745	0.00103935	0.783007	0.113242	0
3.72889	0.00104817	0.882965	0.120043	0
3.72994	0.00106147	0.733028	0.109501	0
3.728	0.00106212	0.816327	0.117663	0
3.7273	0.00104383	0.666389	0.1044	0
3.72753	0.00103721	0.966264	0.125484	0
3.72771	0.00109475	0.866306	0.118683	0
3.72801	0.00107587	0.899625	0.121063	0
3.72749	0.00105272	0.783007	0.113242	0
3.72666	0.00107937	0.882965	0.120043	0
3.72663	0.00105726	0.832986	0.116642	0
3.72656	0.0010485	0.766347	0.111881	0
3.72698	0.00107159	0.966264	0.127524	0
3.72713	0.00107665	0.766347	0.111881	0
3.72601	0.00107438	0.783007	0.113242	0
3.7268	0.00104934	0.766347	0.114262	0
3.72657	0.00107412	0.899625	0.123444	0
3.72666	0.00105362	0.783007	0.113242	0
3.72695	0.00101211	0.683049	0.10576	0
3.72565	0.00101393	0.683049	0.10576	0
3.72485	0.00102761	0.783007	0.113242	0
3.72565	0.00102359	0.63307	0.10202	0
3.72519	0.00103222	0.783007	0.113242	0
3.72552	0.00105868	0.766347	0.114262	0
3.72422	0.00106958	0.566431	0.0965785	0
3.72464	0.00105635	0.866306	0.118683	0
3.72655	0.00105998	0.932945	0.123104	0
3.72558	0.00104383	0.799667	0.116642	0
3.72488	0.00105492	0.882965	0.122423	0
3.72467	0.00104454	0.549771	0.0952183	0
3.72457	0.000997193	0.749688	0.110861	0
3.72635	0.00103598	0.832986	0.116642	0
3.7267	0.00100718	0.733028	0.109501	0
3.72471	0.00103689	0.63307	0.10202	0
3.72534	0.00103624	0.749688	0.113242	0
3.72512	0.00105044	0.749688	0.110861	0
3.72479	0.00107081	0.799667	0.114262	0
3.72378	0.00104305	0.649729	0.10338	0
3.72385	0.00104117	0.649729	0.10338	0
3.72368	0.00101205	0.666389	0.1044	0
3.72353	0.00103598	0.666389	0.1044	0
3.723	0.00103695	0.699708	0.112222	0
3.72284	0.00104856	0.566431	0.0965785	0
3.72344	0.00104753	0.699708	0.107121	0
3.72452	0.00102677	0.716368	0.108141	0
3.72317	0.00103384	0.63307	0.10202	0
3.72353	0.00104655	0.699708	0.107121	0
3.72427	0.00103669	0.533111	0.0935179	0
3.72413	0.00104195	0.749688	0.110861	0
3.72435	0.00104934	0.766347	0.111881	0
3.72377	0.00101347	0.882965	0.120043	0
3.72328	0.001028	0.533111	0.0935179	0
3.72368	0.00101626	0.499792	0.0907974	0
3.72331	0.00101711	0.783007	0.113242	0
3.72297	0.00105083	0.816327	0.120043	0
3.72334	0.00104085	0.716368	0.108141	0
3.72316	0.00102002	0.59975	0.099299	0
3.72274	0.00100822	0.699708	0.109501	0
3.72289	0.00101659	0.666389	0.1044	0
3.72349	0.00103922	0.749688	0.110861	0
3.72272	0.00102651	0.566431	0.10474	0
3.72221	0.00100699	0.649729	0.10576	0
3.72276	0.00101419	0.483132	0.0890971	0
3.72395	0.00106835	0.666389	0.1044	0
3.72302	0.00103066	0.649729	0.10576	0
3.7225	0.00104552	0.58309	0.0979388	0
3.72143	0.00100569	0.59975	0.10202	0
3.72106	0.00100926	0.566431	0.0965785	0
3.72234	0.00103721	0.832986	0.116642	0
3.72299	0.00104753	0.699708	0.109501	0
3.72048	0.000994469	0.449813	0.0860365	0
3.72157	0.00100738	0.683049	0.10576	0
3.72251	0.0010055	0.499792	0.0907974	0
3.72186	0.00102236	0.63307	0.10202	0
3.72183	0.00104727	0.549771	0.0952183	0
3.72281	0.00104344	0.716368	0.113242	0
3.72241	0.00100666	0.58309	0.0979388	0
3.72239	0.0010461	0.766347	0.111881	0
3.72171	0.00103572	0.466472	0.0907974	0
3.72285	0.0010461	0.749688	0.110861	0
3.72275	0.00102379	0.683049	0.10576	0
3.72214	0.00101094	0.649729	0.10338	0
3.7219	0.000985712	0.566431	0.0965785	0
3.72089	0.00104039	0.666389	0.1044	0
3.72096	0.0010411	0.666389	0.1044	0
3.7213	0.00100712	0.766347	0.111881	0
3.72148	0.00101464	0.666389	0.1044	0
3.72129	0.00103423	0.733028	0.109501	0
3.72028	0.00101905	0.649729	0.10338	0
3.72068	0.000999204	0.516451	0.0952183	0
3.72248	0.00101555	0.61641	0.100659	0
3.72217	0.00101607	0.61641	0.10338	0
3.72138	0.00104629	0.683049	0.113242	0
3.72117	0.00102119	0.799667	0.116642	0
3.72042	0.00104675	0.666389	0.1044	0
3.72102	0.00103611	0.61641	0.100659	0
3.721	0.00103948	0.59975	0.10202	0
3.72109	0.00105719	0.649729	0.10338	0
3.72061	0.00105116	0.483132	0.0890971	0
3.72013	0.000994534	0.63307	0.10202	0
3.71993	0.00101075	0.483132	0.0890971	0
3.71961	0.0009562	0.283215	0.0683531	0
3.72021	0.000980523	0.499792	0.0907974	0
3.72172	0.000991096	0.516451	0.0921577	0
3.7213	0.00100854	0.533111	0.0935179	0
3.72089	0.00101574	0.499792	0.0907974	0
3.71996	0.00101905	0.416493	0.0829759	0
3.71991	0.000986685	0.61641	0.100659	0
3.7211	0.000994274	0.466472	0.0877368	0
3.72096	0.000998814	0.433153	0.0843362	0
3.71953	0.000971183	0.533111	0.0935179	0
3.7208	0.000978123	0.566431	0.0965785	0
3.7203	0.00103747	0.59975	0.099299	0
3.71973	0.00102606	0.566431	0.0965785	0
3.71967	0.00100757	0.416493	0.0829759	0
3.71966	0.000969432	0.399833	0.0812756	0
3.71943	0.000983507	0.416493	0.0829759	0
3.72046	0.00100251	0.466472	0.0877368	0
3.72092	0.00101075	0.549771	0.0952183	0
3.7204	0.00101691	0.566431	0.0965785	0
3.72	0.000995247	0.499792	0.0907974	0
3.71908	0.000974102	0.433153	0.0843362	0
3.71965	0.00102606	0.533111	0.099299	0
3.72007	0.00102061	0.499792	0.0907974	0
3.71936	0.000998879	0.466472	0.0877368	0
3.71991	0.000991161	0.59975	0.099299	0
3.71995	0.00100491	0.483132	0.0890971	0
3.71989	0.00101574	0.533111	0.0935179	0
3.7203	0.0010269	0.59975	0.099299	0
3.71982	0.000990253	0.466472	0.0877368	0
3.71993	0.000971443	0.59975	0.099299	0
3.72051	0.00099129	0.416493	0.0829759	0
3.72024	0.00101295	0.61641	0.100659	0
3.71986	0.00100854	0.516451	0.0952183	0
3.72094	0.00101542	0.549771	0.0952183	0
3.72063	0.00101613	0.666389	0.1044	0
3.72048	0.00100809	0.549771	0.0952183	0
3.71864	0.00101295	0.483132	0.0890971	0
3.71958	0.00101477	0.466472	0.0877368	0
3.71961	0.000972999	0.466472	0.0877368	0
3.71877	0.000992069	0.499792	0.0907974	0
3.72013	0.00100679	0.683049	0.108481	0
3.72109	0.00103754	0.716368	0.108141	0
3.72003	0.00100504	0.433153	0.0843362	0
3.71951	0.000969302	0.466472	0.0877368	0
3.7203	0.000994598	0.499792	0.093858	0
3.71994	0.00098928	0.549771	0.0952183	0
3.71958	0.00100731	0.399833	0.0812756	0
3.71884	0.00099862	0.566431	0.0965785	0
3.71948	0.000999398	0.549771	0.0952183	0
3.72005	0.0010173	0.63307	0.107121	0
3.7187	0.00100024	0.299875	0.0703935	0
3.71873	0.000995182	0.63307	0.10202	0
3.71983	0.000992134	0.333195	0.0741342	0
3.71984	0.000972545	0.499792	0.0907974	0
3.71969	0.000989539	0.549771	0.0952183	0
3.71895	0.000987723	0.433153	0.0843362	0
3.72001	0.000973194	0.449813	0.0860365	0
3.72074	0.00100679	0.533111	0.0935179	0
3.71968	0.000986555	0.416493	0.0829759	0
3.7185	0.000957562	0.333195	0.0741342	0
3.71964	0.000978902	0.466472	0.0877368	0
3.72033	0.000985647	0.499792	0.0965785	0
3.71954	0.000953216	0.516451	0.0921577	0
3.71897	0.000962881	0.449813	0.0860365	0
3.7185	0.000991744	0.383174	0.0795753	0
3.71955	0.000997712	0.516451	0.0979388	0
3.71894	0.000994923	0.283215	0.0683531	0
3.71878	0.000963659	0.299875	0.0703935	0
3.71829	0.000980977	0.416493	0.0829759	0
3.71923	0.000990382	0.666389	0.107121	0
3.71872	0.000990901	0.333195	0.0741342	0
3.71816	0.000955097	0.299875	0.0703935	0
3.71944	0.000962751	0.449813	0.0860365	0
3.71973	0.00101302	0.533111	0.0935179	0
3.71979	0.000989409	0.449813	0.0860365	0
3.71964	0.000967291	0.483132	0.0890971	0
3.71984	0.0010234	0.516451	0.0952183	0
3.71887	0.000978123	0.499792	0.0907974	0
3.71886	0.000973453	0.433153	0.0843362	0
3.71968	0.00098902	0.566431	0.099299	0
3.71988	0.00100251	0.499792	0.0907974	0
3.71986	0.00099862	0.58309	0.0979388	0
3.72076	0.00102178	0.533111	0.0935179	0
3.71903	0.0009634	0.249896	0.0642723	0
3.71979	0.000997712	0.483132	0.0890971	0
3.72061	0.00101646	0.58309	0.0979388	0
3.71964	0.00102191	0.483132	0.0890971	0
3.71913	0.000981431	0.433153	0.0843362	0
3.71934	0.000944395	0.499792	0.0907974	0
3.71856	0.000960546	0.349854	0.0761746	0
3.71985	0.000973324	0.59975	0.099299	0
3.72	0.00102632	0.59975	0.099299	0
3.72	0.000994663	0.59975	0.099299	0
3.71993	0.00102262	0.549771	0.0979388	0
3.71937	0.00100381	0.449813	0.0860365	0
3.71906	0.000974426	0.333195	0.0741342	0
3.71954	0.00096794	0.449813	0.0860365	0
3.71923	0.000959508	0.316535	0.0724339	0
3.71858	0.00096541	0.383174	0.0795753	0
3.71864	0.000963659	0.366514	0.0778749	0
3.71881	0.000984545	0.383174	0.0795753	0
3.719	0.000973518	0.416493	0.0829759	0
3.71866	0.000989409	0.433153	0.0843362	0
3.71977	0.000986037	0.483132	0.0890971	0
3.72035	0.000982275	0.433153	0.0843362	0
3.71887	0.000984545	0.516451	0.0921577	0
3.71816	0.000962751	0.349854	0.0761746	0
3.7189	0.000955811	0.399833	0.0812756	0
3.71972	0.000984026	0.499792	0.0907974	0
3.7194	0.000981107	0.366514	0.0778749	0
3.71976	0.000963464	0.316535	0.0761746	0
3.71965	0.000951789	0.416493	0.0829759	0
3.71968	0.000982664	0.516451	0.0921577	0
3.72022	0.00100958	0.433153	0.0843362	0
3.71964	0.000968653	0.483132	0.0890971	0
3.71897	0.000986685	0.449813	0.0860365	0
3.71984	0.00101399	0.549771	0.0952183	0
3.72063	0.000970924	0.399833	0.0812756	0
3.71869	0.000957692	0.416493	0.0829759	0
3.71866	0.000969626	0.333195	0.0741342	0
3.71841	0.000964243	0.333195	0.0741342	0
3.71882	0.000940568	0.416493	0.0829759	0
3.72057	0.000960935	0.466472	0.0877368	0
3.72005	0.000998166	0.466472	0.0877368	0
3.71972	0.000989863	0.399833	0.0812756	0
3.71941	0.000953411	0.333195	0.0741342	0
3.71899	0.000962427	0.333195	0.0741342	0
3.72011	0.000963335	0.449813	0.0890971	0
3.72022	0.000954124	0.516451	0.0921577	0
3.71889	0.000944525	0.349854	0.0761746	0
3.71906	0.000975334	0.399833	0.0812756	0
3.72096	0.000963205	0.416493	0.0829759	0
3.72027	0.000989734	0.533111	0.0935179	0
3.71882	0.000976048	0.366514	0.0778749	0
3.71914	0.000984285	0.266556	0.0663127	0
3.72107	0.000981691	0.416493	0.0829759	0
3.72083	0.000953541	0.299875	0.0703935	0
3.72067	0.000996155	0.433153	0.0843362	0
3.72168	0.000965929	0.466472	0.0907974	0
3.72019	0.000990512	0.549771	0.0952183	0
3.71986	0.000957627	0.283215	0.0683531	0
3.71909	0.000928633	0.283215	0.0683531	0
3.71949	0.000955876	0.449813	0.0860365	0
3.71932	0.000967291	0.366514	0.0778749	0
3.71886	0.000942125	0.333195	0.0741342	0
3.71912	0.000956394	0.399833	0.0812756	0
3.71943	0.000971248	0.333195	0.0741342	0
3.71953	0.000978318	0.433153	0.0877368	0
3.71976	0.000978253	0.416493	0.0829759	0
3.71965	0.000947184	0.333195	0.0741342	0
3.71888	0.000961519	0.249896	0.0642723	0
3.71936	0.000960157	0.316535	0.0724339	0
3.72085	0.000960286	0.433153	0.0843362	0
3.7217	0.00098662	0.549771	0.0952183	0
3.72068	0.000980004	0.433153	0.0843362	0
3.72039	0.00100459	0.383174	0.0795753	0
3.72078	0.000976177	0.333195	0.0741342	0
3.72098	0.000976372	0.333195	0.0741342	0
3.72035	0.000956459	0.333195	0.0741342	0
3.72031	0.000952308	0.383174	0.0795753	0
3.71973	0.000969172	0.299875	0.0703935	0
3.71978	0.000955357	0.366514	0.0778749	0
3.71992	0.000956135	0.266556	0.0663127	0
3.71916	0.000959443	0.349854	0.0761746	0
3.71996	0.000961	0.499792	0.0907974	0
3.71933	0.000945887	0.349854	0.0761746	0
3.7194	0.000978772	0.316535	0.0724339	0
3.72027	0.000955746	0.349854	0.0761746	0
3.72011	0.000963659	0.483132	0.0890971	0
3.72029	0.000932266	0.349854	0.0761746	0
3.72073	0.000961324	0.333195	0.0741342	0
3.71977	0.000946146	0.333195	0.0741342	0
3.7193	0.000954578	0.366514	0.0778749	0
3.72032	0.000946795	0.183257	0.0550906	0
3.72045	0.000982145	0.516451	0.0921577	0
3.72146	0.000969497	0.366514	0.0778749	0
3.72003	0.000960092	0.399833	0.0812756	0
3.72033	0.000936157	0.316535	0.0724339	0
3.71962	0.00095166	0.333195	0.0741342	0
3.72129	0.000961129	0.249896	0.0642723	0
3.72122	0.000952049	0.366514	0.0778749	0
3.7216	0.000953087	0.349854	0.0761746	0
3.72189	0.000960157	0.399833	0.0812756	0
3.72174	0.000961259	0.266556	0.0663127	0
3.72047	0.000961908	0.366514	0.0812756	0
3.71992	0.000962881	0.499792	0.0907974	0
3.72092	0.000947833	0.349854	0.0761746	0
3.72072	0.000950297	0.333195	0.0741342	0
3.72124	0.000977669	0.416493	0.0829759	0
3.72034	0.0009658	0.383174	0.0795753	0
3.71949	0.000964373	0.433153	0.0843362	0
3.72016	0.000939919	0.283215	0.0683531	0
3.72019	0.00096554	0.233236	0.0622319	0
3.71982	0.000966383	0.333195	0.0741342	0
3.72082	0.000941736	0.283215	0.0683531	0
3.72108	0.000948935	0.349854	0.0761746	0
3.72207	0.00094193	0.299875	0.0703935	0
3.72152	0.000966318	0.499792	0.0907974	0
3.72099	0.000947962	0.333195	0.0741342	0
3.72105	0.000938363	0.383174	0.0795753	0
3.72101	0.000945433	0.316535	0.0724339	0
3.72186	0.000944525	0.399833	0.0812756	0
3.72093	0.000959054	0.299875	0.0703935	0
3.72102	0.000945238	0.266556	0.0663127	0
3.72099	0.000945433	0.383174	0.0795753	0
3.7213	0.000954838	0.183257	0.0550906	0
3.72082	0.000915596	0.233236	0.0622319	0
3.7214	0.000938298	0.333195	0.0741342	0
3.72258	0.000967745	0.333195	0.0741342	0
3.72117	0.000947768	0.216576	0.0598515	0
3.72135	0.000948676	0.399833	0.0812756	0
3.72049	0.000929217	0.216576	0.0598515	0
3.72081	0.0009418	0.349854	0.0761746	0
3.72102	0.000953476	0.483132	0.0890971	0
3.7212	0.000968913	0.299875	0.0703935	0
3.72119	0.000961324	0.499792	0.0907974	0
3.72155	0.000975399	0.233236	0.0622319	0
3.72113	0.000957367	0.299875	0.0741342	0
3.7211	0.000967032	0.383174	0.0795753	0
3.72183	0.000967486	0.349854	0.0761746	0
3.7212	0.000965475	0.233236	0.0622319	0
3.72038	0.000941541	0.216576	0.0598515	0
3.72143	0.000924547	0.349854	0.0761746	0
3.72204	0.000951335	0.283215	0.0683531	0
3.72208	0.000954968	0.349854	0.0761746	0
3.72225	0.000945757	0.466472	0.0877368	0
3.72324	0.000966902	0.433153	0.0843362	0
3.72268	0.000968005	0.316535	0.0724339	0
3.72167	0.000922472	0.249896	0.0642723	0
3.72171	0.000941217	0.433153	0.0843362	0
3.72148	0.000957821	0.316535	0.0724339	0
3.72253	0.000945368	0.316535	0.0724339	0
3.72215	0.000949973	0.366514	0.0778749	0
3.72158	0.000947444	0.266556	0.0663127	0
3.72237	0.000933758	0.333195	0.0778749	0
3.72222	0.000954254	0.299875	0.0703935	0
3.7215	0.000957108	0.266556	0.0663127	0
3.72187	0.000955227	0.266556	0.0663127	0
3.72214	0.000944654	0.333195	0.0741342	0
3.72229	0.000941541	0.349854	0.0761746	0
3.72213	0.000927531	0.283215	0.0683531	0
3.72167	0.000938882	0.249896	0.0642723	0
3.72157	0.000938103	0.266556	0.0663127	0
3.72172	0.000960805	0.333195	0.0741342	0
3.72113	0.000935639	0.266556	0.0663127	0
3.72177	0.000959313	0.333195	0.0741342	0
3.72248	0.000935898	0.249896	0.0642723	0
3.72253	0.000941995	0.266556	0.0663127	0
3.72378	0.000927531	0.0999584	0.0408078	0
3.72328	0.000917672	0.349854	0.0761746	0
3.72302	0.000917218	0.216576	0.0598515	0
3.72282	0.000950168	0.283215	0.0683531	0
3.72263	0.000953605	0.333195	0.0741342	0
3.72314	0.000940244	0.266556	0.0663127	0
3.7227	0.000954578	0.316535	0.0724339	0
3.72379	0.000943746	0.299875	0.0703935	0
3.72322	0.00092085	0.216576	0.0598515	0
3.72269	0.000926688	0.199917	0.057471	0
3.72297	0.000916439	0.233236	0.0622319	0
3.72347	0.000934212	0.333195	0.0741342	0
3.72324	0.000938947	0.316535	0.0724339	0
3.72289	0.000945562	0.249896	0.0642723	0
3.72332	0.000950687	0.266556	0.0663127	0
3.72357	0.000927206	0.283215	0.0683531	0
3.72335	0.000943163	0.266556	0.0663127	0
3.72396	0.000959119	0.399833	0.0812756	0
3.7242	0.00096327	0.316535	0.0724339	0
3.72293	0.000928828	0.216576	0.0598515	0
3.72362	0.00096087	0.349854	0.0761746	0
3.72398	0.000974296	0.366514	0.0778749	0
3.72353	0.0009634	0.399833	0.0812756	0
3.72307	0.000931877	0.233236	0.0622319	0
3.72194	0.000934925	0.233236	0.0622319	0
3.72322	0.000950751	0.333195	0.0741342	0
3.72395	0.000951465	0.266556	0.0663127	0
3.72233	0.000945108	0.283215	0.0683531	0
3.72408	0.00097021	0.149938	0.0499896	0
3.72471	0.000943033	0.416493	0.0829759	0
3.7233	0.000954319	0.316535	0.0761746	0
3.72251	0.000927985	0.183257	0.0550906	0
3.7226	0.000920785	0.249896	0.0642723	0
3.72433	0.000957173	0.383174	0.0795753	0
3.72436	0.000946211	0.233236	0.0622319	0
3.72348	0.000948092	0.249896	0.0642723	0
3.72426	0.000934212	0.366514	0.0778749	0
3.72439	0.00092565	0.199917	0.057471	0
3.72339	0.000926428	0.216576	0.0598515	0
3.72433	0.000946665	0.366514	0.0778749	0
3.72449	0.000947703	0.183257	0.0550906	0
3.72401	0.000954384	0.333195	0.0741342	0
3.72526	0.000947573	0.216576	0.0598515	0
3.72491	0.000949519	0.299875	0.0703935	0
3.72429	0.000922017	0.249896	0.0642723	0
3.72364	0.00093739	0.133278	0.046929	0
3.72351	0.000980264	0.283215	0.0683531	0
3.72419	0.000967227	0.316535	0.0724339	0
3.72473	0.000944914	0.183257	0.0550906	0
3.72452	0.00090178	0.183257	0.0550906	0
3.7237	0.000902818	0.0999584	0.0408078	0
3.7236	0.000943617	0.283215	0.0683531	0
3.72542	0.000930579	0.166597	0.0527101	0
3.72533	0.000901521	0.216576	0.0598515	0
3.7247	0.000922017	0.216576	0.0598515	0
3.7253	0.00095847	0.249896	0.0683531	0
3.72523	0.000966513	0.316535	0.0761746	0
3.72583	0.000930839	0.233236	0.0622319	0
3.72632	0.000966383	0.283215	0.0683531	0
3.72487	0.000947379	0.283215	0.0683531	0
3.72421	0.00092085	0.299875	0.0703935	0
3.72529	0.000943681	0.266556	0.0663127	0
3.72606	0.000951789	0.299875	0.0703935	0
3.7257	0.000926947	0.216576	0.0598515	0
3.72522	0.000936547	0.199917	0.057471	0
3.72562	0.000944979	0.233236	0.0622319	0
3.72645	0.000959573	0.349854	0.0761746	0
3.72602	0.000945303	0.283215	0.0683531	0
3.72619	0.000956005	0.383174	0.0795753	0
3.7259	0.000954319	0.249896	0.0642723	0
3.72573	0.000971183	0.299875	0.0703935	0
3.72599	0.000965021	0.299875	0.0703935	0
3.72522	0.000935055	0.383174	0.0795753	0
3.72608	0.00093966	0.299875	0.0703935	0
3.72706	0.000914947	0.166597	0.0527101	0
3.7259	0.000917218	0.133278	0.046929	0
3.72674	0.000918061	0.216576	0.0598515	0
3.72597	0.000908137	0.233236	0.0622319	0
3.72552	0.000921563	0.199917	0.057471	0
3.72636	0.000901586	0.249896	0.0642723	0
3.72638	0.000915142	0.266556	0.0663127	0
3.7269	0.000920785	0.233236	0.0622319	0
3.72664	0.000937584	0.316535	0.0724339	0
3.72681	0.000937844	0.249896	0.0642723	0
3.72656	0.000931682	0.233236	0.0622319	0
3.72619	0.00090671	0.316535	0.0724339	0
3.727	0.000923639	0.266556	0.0663127	0
3.72615	0.000933239	0.199917	0.057471	0
3.72639	0.000929347	0.183257	0.0550906	0
3.72804	0.000936806	0.299875	0.0703935	0
3.72712	0.000946211	0.316535	0.0724339	0
3.72664	0.000917931	0.333195	0.0741342	0
3.72572	0.000944784	0.299875	0.0703935	0
3.72685	0.00094459	0.299875	0.0703935	0
3.72646	0.000922212	0.183257	0.0550906	0
3.72646	0.000927336	0.233236	0.0622319	0
3.72625	0.000891467	0.149938	0.0499896	0
3.72662	0.000900289	0.216576	0.0598515	0
3.72714	0.000933109	0.283215	0.0683531	0
3.72683	0.000910083	0.166597	0.0527101	0
3.72719	0.000924353	0.216576	0.0598515	0
3.72761	0.000924482	0.199917	0.057471	0
3.72692	0.000900353	0.166597	0.0527101	0
3.72809	0.000915272	0.233236	0.0622319	0
3.72789	0.000927725	0.266556	0.0663127	0
3.72678	0.00091871	0.249896	0.0642723	0
3.7283	0.000928569	0.333195	0.0741342	0
3.72869	0.000933433	0.216576	0.0598515	0
3.72802	0.000928633	0.249896	0.0642723	0
3.72813	0.00091378	0.283215	0.0683531	0
3.72811	0.000928698	0.183257	0.0550906	0
3.72838	0.000922082	0.233236	0.0622319	0
3.72936	0.000942384	0.299875	0.0741342	0
3.72927	0.000906775	0.283215	0.0683531	0
3.72891	0.000914104	0.249896	0.0642723	0
3.72731	0.000912029	0.216576	0.0598515	0
3.72782	0.00090911	0.149938	0.0499896	0
3.72762	0.000900224	0.199917	0.057471	0
3.72795	0.00090911	0.199917	0.057471	0
3.72789	0.000911575	0.249896	0.0642723	0
3.72869	0.000929477	0.249896	0.0642723	0
3.72891	0.000924223	0.333195	0.0741342	0
3.72851	0.000919747	0.166597	0.0527101	0
3.72892	0.000926039	0.266556	0.0663127	0
3.72947	0.00093019	0.333195	0.0741342	0
3.72846	0.000912353	0.166597	0.0527101	0
3.72821	0.000913261	0.249896	0.0642723	0
3.73014	0.00095393	0.249896	0.0683531	0
3.72918	0.000938622	0.283215	0.0683531	0
3.72932	0.000921239	0.316535	0.0724339	0
3.73045	0.00093259	0.366514	0.0812756	0
3.72935	0.00090457	0.133278	0.046929	0
3.72757	0.000914364	0.133278	0.046929	0
3.72871	0.000893802	0.0999584	0.0408078	0
3.73012	0.000912094	0.316535	0.0724339	0
3.73021	0.00093713	0.199917	0.0622319	0
3.7296	0.000919618	0.233236	0.0622319	0
3.73032	0.00094673	0.283215	0.0683531	0
3.73051	0.000927401	0.199917	0.057471	0
3.73002	0.000913521	0.199917	0.057471	0
3.73069	0.000901262	0.166597	0.0527101	0
3.7304	0.000929152	0.349854	0.0761746	0
3.729	0.000945303	0.266556	0.0663127	0
3.72945	0.00093966	0.233236	0.0622319	0
3.72942	0.000896137	0.166597	0.0527101	0
3.72902	0.000902364	0.216576	0.0598515	0
3.72971	0.000919682	0.216576	0.0598515	0
3.7304	0.000922472	0.166597	0.0527101	0
3.73095	0.000924288	0.366514	0.0778749	0
3.73168	0.000934925	0.133278	0.046929	0
3.73149	0.000929412	0.249896	0.0642723	0
3.72988	0.000906969	0.166597	0.0527101	0
3.73027	0.000910731	0.266556	0.0663127	0
3.73046	0.000917931	0.233236	0.0622319	0
3.73034	0.00089244	0.266556	0.0663127	0
3.73056	0.000914947	0.233236	0.0622319	0
3.73181	0.000918904	0.333195	0.0741342	0
3.73089	0.000911575	0.233236	0.0622319	0
3.73027	0.000913066	0.149938	0.0499896	0
3.73048	0.000903402	0.266556	0.0663127	0
3.73017	0.000911575	0.133278	0.046929	0
3.72992	0.000912223	0.266556	0.0663127	0
3.73136	0.000923315	0.333195	0.0741342	0
3.73199	0.000943033	0.233236	0.0622319	0
3.732	0.000913845	0.249896	0.0642723	0
3.73203	0.000938687	0.249896	0.0642723	0
3.7308	0.000938687	0.166597	0.0527101	0
3.72926	0.000937066	0.333195	0.0741342	0
3.73057	0.00090898	0.216576	0.0598515	0
3.73059	0.000937066	0.166597	0.0527101	0
3.73078	0.000916245	0.133278	0.046929	0
3.73091	0.000913845	0.216576	0.0598515	0
3.73029	0.00092085	0.166597	0.0527101	0
3.73087	0.000928958	0.133278	0.046929	0
3.73208	0.00093499	0.249896	0.0642723	0
3.73239	0.000928569	0.166597	0.0527101	0
3.73122	0.000925325	0.299875	0.0703935	0
3.7319	0.000915012	0.133278	0.046929	0
3.73177	0.00091391	0.199917	0.057471	0
3.731	0.000909369	0.116618	0.0438684	0
3.73127	0.000908526	0.149938	0.0499896	0
3.73213	0.000917607	0.199917	0.057471	0
3.73264	0.000912418	0.216576	0.0598515	0
3.73328	0.000921174	0.149938	0.0499896	0
3.73206	0.000916569	0.199917	0.057471	0
3.73203	0.000915402	0.149938	0.0499896	0
3.73212	0.000897954	0.133278	0.046929	0
3.73163	0.000903337	0.216576	0.0598515	0
3.73151	0.000895554	0.149938	0.0499896	0
3.73235	0.000912872	0.199917	0.057471	0
3.7321	0.000910796	0.149938	0.0499896	0
3.73214	0.000898862	0.266556	0.0663127	0
3.73347	0.000905478	0.199917	0.057471	0
3.73306	0.000923704	0.249896	0.0642723	0
3.73273	0.000935833	0.216576	0.0598515	0
3.73304	0.000909434	0.249896	0.0642723	0
3.7344	0.00093473	0.266556	0.0663127	0
3.73407	0.000946471	0.233236	0.0622319	0
3.73358	0.000927466	0.199917	0.057471	0
3.73353	0.000927206	0.233236	0.0622319	0
3.7345	0.000913715	0.216576	0.0598515	0
3.7336	0.000920655	0.216576	0.0598515	0
3.73396	0.000912937	0.183257	0.0550906	0
3.7334	0.000913845	0.366514	0.0778749	0
3.73407	0.000955616	0.283215	0.0683531	0
3.73445	0.00091618	0.183257	0.0550906	0
3.73367	0.000897564	0.0666389	0.0333264	0
3.73464	0.000896656	0.183257	0.0550906	0
3.7353	0.000927012	0.233236	0.0622319	0
3.73516	0.000910731	0.166597	0.0527101	0
3.73506	0.000913261	0.249896	0.0642723	0
3.73513	0.000936222	0.233236	0.0622319	0
3.73433	0.000932201	0.133278	0.046929	0
3.73413	0.000925844	0.283215	0.0683531	0
3.7351	0.000915142	0.233236	0.0622319	0
3.73503	0.000928698	0.116618	0.0438684	0
3.73295	0.000904634	0.149938	0.0499896	0
3.73412	0.000917477	0.266556	0.0663127	0
3.73593	0.000924158	0.249896	0.0642723	0
3.7341	0.000912807	0.183257	0.0550906	0
3.73426	0.000916829	0.166597	0.0527101	0
3.73474	0.000934601	0.133278	0.046929	0
3.73449	0.000947508	0.266556	0.0663127	0
3.73477	0.000945108	0.283215	0.0683531	0
3.73475	0.000915726	0.283215	0.0683531	0
3.73592	0.000945044	0.199917	0.057471	0
3.73554	0.000926363	0.316535	0.0724339	0
3.73509	0.000919942	0.216576	0.0598515	0
3.73607	0.000905024	0.183257	0.0550906	0
3.73592	0.000886213	0.116618	0.0438684	0
3.7356	0.000940568	0.249896	0.0642723	0
3.73567	0.000923769	0.166597	0.0527101	0
3.73514	0.00090924	0.199917	0.057471	0
3.73539	0.000929217	0.116618	0.0438684	0
3.73562	0.000918191	0.199917	0.057471	0
3.73616	0.000901975	0.149938	0.0499896	0
3.73675	0.000924417	0.366514	0.0778749	0
3.7358	0.00091605	0.166597	0.0527101	0
3.73572	0.000919358	0.199917	0.057471	0
3.73609	0.000900872	0.0999584	0.0408078	0
3.73588	0.000910537	0.199917	0.057471	0
3.73621	0.000920526	0.216576	0.0598515	0
3.73704	0.000920785	0.299875	0.0703935	0
3.73689	0.000919812	0.299875	0.0703935	0
3.73627	0.000902948	0.316535	0.0724339	0
3.73578	0.000914947	0.149938	0.0499896	0
3.73544	0.000919228	0.166597	0.0527101	0
3.73666	0.000901067	0.149938	0.0499896	0
3.73634	0.000915466	0.233236	0.0622319	0
3.73617	0.000912742	0.183257	0.0550906	0
3.73626	0.000907034	0.149938	0.0499896	0
3.73569	0.000904764	0.0999584	0.0408078	0
3.73672	0.000905478	0.249896	0.0642723	0
3.73735	0.000933822	0.216576	0.0598515	0
3.73664	0.000907553	0.166597	0.0527101	0
3.7369	0.000911769	0.216576	0.0598515	0
3.73732	0.000897175	0.166597	0.0527101	0
3.73625	0.000893089	0.149938	0.0499896	0
3.73728	0.000916893	0.199917	0.057471	0
3.73714	0.000912094	0.166597	0.0527101	0
3.73724	0.000891338	0.166597	0.0527101	0
3.73772	0.000910148	0.166597	0.0527101	0
3.73841	0.000909304	0.199917	0.057471	0
3.73886	0.000914947	0.183257	0.0550906	0
3.7379	0.000905283	0.233236	0.0622319	0
3.73698	0.000927336	0.116618	0.0438684	0
3.73767	0.000929347	0.266556	0.0663127	0
3.73771	0.000928439	0.199917	0.057471	0
3.73776	0.000911445	0.133278	0.046929	0
3.73835	0.000920396	0.166597	0.0527101	0
3.73859	0.000905283	0.166597	0.0527101	0
3.73838	0.000909045	0.166597	0.0527101	0
3.73789	0.000913456	0.166597	0.0527101	0
3.7389	0.000899964	0.149938	0.0499896	0
3.73839	0.000884527	0.183257	0.0550906	0
3.73833	0.000915337	0.183257	0.0550906	0
3.73965	0.000932785	0.299875	0.0703935	0
3.73915	0.000911834	0.266556	0.0663127	0
3.73849	0.000920785	0.183257	0.0550906	0
3.73975	0.000906775	0.233236	0.0622319	0
3.73818	0.000903791	0.183257	0.0550906	0
3.73901	0.000901002	0.199917	0.057471	0
3.74006	0.000915402	0.199917	0.057471	0
3.73964	0.000910926	0.199917	0.057471	0
3.7384	0.000895294	0.116618	0.0438684	0
3.73905	0.000887835	0.116618	0.0438684	0
3.73944	0.000929087	0.166597	0.0527101	0
3.74035	0.000919228	0.166597	0.0527101	0
3.73959	0.000912223	0.149938	0.0499896	0
3.73942	0.000902494	0.133278	0.046929	0
3.73913	0.000907618	0.166597	0.0527101	0
3.74013	0.000915726	0.299875	0.0703935	0
3.74125	0.000931617	0.266556	0.0663127	0
3.73966	0.000914558	0.216576	0.0598515	0
3.73947	0.000892051	0.0333195	0.0234645	0
3.73951	0.000908137	0.199917	0.057471	0
3.7406	0.000893997	0.149938	0.0499896	0
3.74093	0.000906775	0.183257	0.0550906	0
3.73937	0.000912937	0.116618	0.0438684	0
3.73959	0.000891338	0.0999584	0.0408078	0
3.7406	0.000889457	0.266556	0.0663127	0
3.74047	0.000882906	0.0832986	0.0370671	0
3.74145	0.000886084	0.183257	0.0550906	0
3.74129	0.000893543	0.149938	0.0499896	0
3.74155	0.000897629	0.133278	0.046929	0
3.74208	0.000891792	0.133278	0.046929	0
3.74224	0.000904699	0.249896	0.0642723	0
3.74194	0.000900548	0.216576	0.0598515	0
3.7403	0.000893089	0.0666389	0.0333264	0
3.74082	0.000900418	0.149938	0.0499896	0
3.74141	0.000901067	0.0666389	0.0333264	0
3.74144	0.000900613	0.249896	0.0642723	0
3.74179	0.000903726	0.166597	0.0527101	0
3.74138	0.000926752	0.166597	0.0527101	0
3.74153	0.000912612	0.149938	0.0499896	0
3.74128	0.000923185	0.266556	0.0663127	0
3.74148	0.000907229	0.0832986	0.0370671	0
3.74065	0.000894321	0.149938	0.0499896	0
3.74061	0.00090178	0.166597	0.0527101	0
3.74131	0.000879662	0.0832986	0.0370671	0
3.7414	0.000889521	0.199917	0.057471	0
3.7419	0.00089977	0.216576	0.0598515	0
3.74176	0.000905153	0.183257	0.0550906	0
3.74232	0.00092539	0.299875	0.0703935	0
3.74271	0.000924677	0.199917	0.057471	0
3.74238	0.000890689	0.116618	0.0438684	0
3.74128	0.00089017	0.0666389	0.0333264	0
3.74142	0.000884722	0.149938	0.0499896	0
3.7428	0.0008903	0.183257	0.0550906	0
3.74341	0.000919358	0.133278	0.046929	0
3.74423	0.000905478	0.166597	0.0527101	0
3.74263	0.000916439	0.183257	0.0550906	0
3.74281	0.00090178	0.149938	0.0499896	0
3.74372	0.000885695	0.149938	0.0499896	0
3.74279	0.000886149	0.0666389	0.0333264	0
3.74213	0.000875446	0.0666389	0.0333264	0
3.7423	0.000879079	0.0499792	0.0289055	0
3.74298	0.000892116	0.199917	0.057471	0
3.74377	0.000891273	0.166597	0.0527101	0
3.74338	0.000908137	0.166597	0.0527101	0
3.74286	0.000912288	0.149938	0.0499896	0
3.74295	0.000906645	0.183257	0.0550906	0
3.74218	0.000892505	0.133278	0.046929	0
3.74367	0.000910018	0.249896	0.0642723	0
3.74349	0.000899899	0.116618	0.0438684	0
3.7428	0.000886019	0.133278	0.046929	0
3.74306	0.000873436	0.133278	0.046929	0
3.74381	0.000915402	0.199917	0.057471	0
3.74407	0.000904764	0.149938	0.0499896	0
3.74375	0.000883424	0.116618	0.0438684	0
3.74376	0.000896656	0.0999584	0.0408078	0
3.74491	0.000906645	0.199917	0.057471	0
3.74432	0.000884851	0.199917	0.057471	0
3.74413	0.000907942	0.149938	0.0550906	0
3.74464	0.000927206	0.249896	0.0683531	0
3.74497	0.000892311	0.0832986	0.0370671	0
3.74506	0.000901002	0.149938	0.0499896	0
3.74543	0.000936612	0.233236	0.0622319	0
3.74496	0.000897175	0.149938	0.0499896	0
3.74503	0.000896591	0.0832986	0.0370671	0
3.74512	0.00091138	0.166597	0.0527101	0
3.74425	0.000911834	0.116618	0.0438684	0
3.74518	0.000898927	0.183257	0.0550906	0
3.74524	0.000907359	0.166597	0.0527101	0
3.74476	0.000905283	0.0666389	0.0333264	0
3.74476	0.000889132	0.116618	0.0438684	0
3.74426	0.000908396	0.133278	0.046929	0
3.74464	0.000916374	0.166597	0.0527101	0
3.74494	0.000912677	0.149938	0.0499896	0
3.74394	0.000891273	0.133278	0.046929	0
3.74546	0.00088764	0.183257	0.0550906	0
3.74598	0.000871165	0.166597	0.0527101	0
3.74584	0.000872009	0.0166597	0.0166632	0
3.74633	0.000862733	0.149938	0.0499896	0
3.74621	0.000878625	0.0499792	0.0289055	0
3.74559	0.000870063	0.133278	0.046929	0
3.74637	0.000884657	0.166597	0.0527101	0
3.74649	0.000887705	0.199917	0.057471	0
3.74696	0.0008927	0.183257	0.0550906	0
3.74665	0.000910083	0.149938	0.0499896	0
3.74759	0.000936287	0.266556	0.0663127	0
3.74741	0.000888354	0.133278	0.046929	0
3.74689	0.000899835	0.166597	0.0527101	0
3.74705	0.000891532	0.199917	0.057471	0
3.74704	0.000891597	0.166597	0.0527101	0
3.74658	0.000894321	0.183257	0.0550906	0
3.74746	0.000905088	0.183257	0.0550906	0
3.74707	0.000893867	0.116618	0.0438684	0
3.74682	0.000888354	0.149938	0.0499896	0
3.74758	0.000908137	0.0999584	0.0408078	0
3.7465	0.000903078	0.116618	0.0438684	0
3.74596	0.000914104	0.166597	0.0527101	0
3.74719	0.000896591	0.116618	0.0438684	0
3.74615	0.000888678	0.0499792	0.0289055	0
3.74627	0.000885111	0.199917	0.057471	0
3.74674	0.000898602	0.233236	0.0622319	0
3.74753	0.000901456	0.149938	0.0499896	0
3.74729	0.000908786	0.116618	0.0438684	0
3.74772	0.000894516	0.116618	0.0438684	0
3.74705	0.000908267	0.183257	0.0550906	0
3.7483	0.000890559	0.149938	0.0499896	0
3.74884	0.000881673	0.0499792	0.0289055	0
3.7485	0.000892959	0.199917	0.057471	0
3.74903	0.000908332	0.216576	0.0598515	0
3.74839	0.000886408	0.0832986	0.0370671	0
3.74821	0.000879987	0.0999584	0.0408078	0
3.74898	0.000886278	0.166597	0.0527101	0
3.74818	0.000884008	0.0666389	0.0333264	0
3.74842	0.000903986	0.0999584	0.0408078	0
3.74898	0.000880765	0.0666389	0.0333264	0
3.74767	0.000891986	0.149938	0.0499896	0
3.74894	0.000895943	0.149938	0.0499896	0
3.74991	0.000903337	0.166597	0.057471	0
3.74935	0.000906515	0.166597	0.0527101	0
3.74934	0.000887835	0.216576	0.0598515	0
3.7491	0.000900613	0.133278	0.046929	0
3.74894	0.00088764	0.149938	0.0499896	0
3.74981	0.000911445	0.216576	0.0642723	0
3.74983	0.0008975	0.183257	0.0550906	0
3.75	0.000900937	0.166597	0.0527101	0
3.74931	0.000890494	0.149938	0.0499896	0
3.74965	0.000892959	0.116618	0.0438684	0
3.75012	0.000896591	0.0999584	0.0408078	0
3.75017	0.000910731	0.216576	0.0598515	0
3.75032	0.000906969	0.0999584	0.0408078	0
3.74937	0.000888678	0.183257	0.0550906	0
3.74924	0.000883684	0.216576	0.0598515	0
3.74986	0.000898408	0.0666389	0.0333264	0
3.74923	0.000887057	0.116618	0.0438684	0
3.75033	0.000874668	0.0999584	0.0408078	0
3.75103	0.000886473	0.149938	0.0499896	0
3.7491	0.000892375	0.116618	0.0438684	0
3.74945	0.000898343	0.0666389	0.0333264	0
3.75209	0.000899964	0.266556	0.0663127	0
3.75187	0.000907488	0.149938	0.0499896	0
3.75071	0.000912872	0.233236	0.0622319	0
3.75131	0.00089724	0.183257	0.0550906	0
3.75042	0.000884851	0.0999584	0.0408078	0
3.75097	0.00089964	0.149938	0.0499896	0
3.75159	0.000892116	0.116618	0.0438684	0
3.75174	0.000910148	0.133278	0.046929	0
3.75104	0.000897305	0.116618	0.0438684	0
3.75097	0.000874019	0.0499792	0.0289055	0
3.75027	0.000884397	0.133278	0.046929	0
3.75124	0.000880311	0.0832986	0.0370671	0
3.75177	0.000878949	0.133278	0.046929	0
3.75185	0.000891273	0.149938	0.0499896	0
3.75157	0.000891857	0.133278	0.046929	0
3.75173	0.000885435	0.0832986	0.0370671	0
3.75123	0.000879014	0.149938	0.0499896	0
3.7514	0.000874798	0.0999584	0.0408078	0
3.75148	0.000885695	0.133278	0.046929	0
3.7522	0.000874863	0.0832986	0.0370671	0
3.75298	0.000883814	0.0832986	0.0370671	0
3.75254	0.000884527	0.183257	0.0550906	0
3.75263	0.000889521	0.183257	0.0550906	0
3.75255	0.000889911	0.199917	0.057471	0
3.75369	0.000912223	0.183257	0.0550906	0
3.75332	0.000902105	0.183257	0.0550906	0
3.75136	0.000889457	0.0999584	0.0408078	0
3.75154	0.000896332	0.0832986	0.0370671	0
3.75197	0.000889327	0.0999584	0.0408078	0
3.75211	0.000893024	0.0999584	0.0408078	0
3.75244	0.000889586	0.0999584	0.0408078	0
3.75318	0.000876484	0.116618	0.0438684	0
3.75288	0.000868895	0.133278	0.046929	0
3.75324	0.000869609	0.0666389	0.0333264	0
3.75354	0.000877003	0.116618	0.0438684	0
3.75364	0.000887122	0.116618	0.0438684	0
3.75317	0.000886343	0.166597	0.0527101	0
3.75388	0.000903143	0.149938	0.0499896	0
3.75347	0.000895619	0.149938	0.0499896	0
3.75347	0.000894516	0.0999584	0.0408078	0
3.75302	0.00090204	0.166597	0.0527101	0
3.75364	0.000867533	0.116618	0.0438684	0
3.75436	0.000900289	0.116618	0.0438684	0
3.75452	0.000882451	0.149938	0.0499896	0
3.75346	0.000869544	0.0499792	0.0289055	0
3.75375	0.000878041	0.0666389	0.0333264	0
3.75422	0.000862733	0.0832986	0.0370671	0
3.75377	0.000885046	0.183257	0.0598515	0
3.75366	0.000879014	0.116618	0.0438684	0
3.75517	0.000860528	0.116618	0.0438684	0
3.75472	0.000880765	0.149938	0.0499896	0
3.75494	0.000891792	0.133278	0.046929	0
3.75539	0.000883554	0.133278	0.046929	0
3.75432	0.000899705	0.0999584	0.0408078	0
3.7546	0.000882451	0.0166597	0.0166632	0
3.7535	0.000877457	0.166597	0.0527101	0
3.75465	0.000874798	0.116618	0.0438684	0
3.75495	0.000901975	0.0832986	0.0370671	0
3.75515	0.000867663	0.0999584	0.0408078	0
3.75537	0.000876419	0.133278	0.046929	0
3.7543	0.000890559	0.149938	0.0499896	0
3.7542	0.000896073	0.116618	0.0438684	0
3.75441	0.000894256	0.149938	0.0499896	0
3.7549	0.000878106	0.149938	0.0499896	0
3.75517	0.00085949	0.0499792	0.0289055	0
3.75574	0.000881673	0.183257	0.0550906	0
3.75578	0.000881154	0.133278	0.046929	0
3.75529	0.000877457	0.116618	0.0438684	0
3.75626	0.000854496	0.0166597	0.0166632	0
3.75625	0.000868052	0.166597	0.0527101	0
3.75594	0.000874603	0.183257	0.0550906	0
3.75641	0.000894905	0.0999584	0.0408078	0
3.75686	0.000867663	0.199917	0.057471	0
3.75588	0.000879273	0.0832986	0.0370671	0
3.7559	0.000896786	0.249896	0.0642723	0
3.756	0.000892765	0.166597	0.0527101	0
3.7566	0.00091618	0.183257	0.0550906	0
3.75741	0.000895424	0.0666389	0.0333264	0
3.75647	0.000882451	0.183257	0.0550906	0
3.75535	0.000893413	0.133278	0.046929	0
3.75642	0.000875771	0.116618	0.0438684	0
3.75703	0.000876614	0.0832986	0.0370671	0
3.75732	0.000892051	0.149938	0.0499896	0
3.75723	0.000905218	0.149938	0.0499896	0
3.75721	0.000893997	0.116618	0.0438684	0
3.75688	0.000873436	0.133278	0.046929	0
3.75717	0.000900224	0.0999584	0.0408078	0
3.75784	0.000896916	0.216576	0.0598515	0
3.75754	0.000879144	0.233236	0.0622319	0
3.75805	0.000868376	0.0333195	0.0234645	0
3.75778	0.000884332	0.0999584	0.0408078	0
3.75695	0.000888613	0.149938	0.0499896	0
3.75748	0.000864744	0.149938	0.0499896	0
3.75804	0.000871684	0.0666389	0.0333264	0
3.75739	0.00088323	0.0999584	0.0408078	0
3.75762	0.000898862	0.116618	0.0438684	0
3.75861	0.000879857	0.183257	0.0550906	0
3.7592	0.00090671	0.149938	0.0499896	0
3.75827	0.00091391	0.199917	0.057471	0
3.75767	0.000884008	0.0999584	0.0408078	0
3.7585	0.000873371	0.0666389	0.0333264	0
3.75791	0.000881738	0.0499792	0.0289055	0
3.75733	0.000870128	0.0999584	0.0408078	0
3.75865	0.00086429	0.116618	0.0438684	0
3.75933	0.000872009	0.0666389	0.0333264	0
3.75834	0.000888289	0.149938	0.0499896	0
3.75866	0.000869025	0.0666389	0.0333264	0
3.75885	0.000867339	0.116618	0.0438684	0
3.75916	0.000860139	0.149938	0.0499896	0
0	0	0	0	0
0	0	0	0	0
0	0	0	0	0
0	0	0	0	0
0	0	0	0	0
0	0	0	0	0
0	0	0	0	0
0	0	0	0	0
0	0	0	0	0
0	0	0	0	0
0	0	0	0	0
0	0	0	0	0
0	0	0	0	0
0	0	0	0	0
0	0	0	0	0
0	0	0	0	0
0	0	0	0	0
0	0	0	0	0
0	0	0	0	0
0	0	0	0	0
0	0	0	0	0
0	0	0	0	0
0	0	0	0	0
0	0	0	0	0
0	0	0	0	0
0	0	0	0	0
0	0	0	0	0
0	0	0	0	0
0	0	0	0	0
0	0	0	0	0
0	0	0	0	0
0	0	0	0	0
0	0	0	0	0
0	0	0	0	0
0	0	0	0	0
0	0	0	0	0
0	0	0	0	0
0	0	0	0	0
0	0	0	0	0
0	0	0	0	0
0	0	0	0	0
0	0	0	0	0
0	0	0	0	0
0	0	0	0	0
0	0	0	0	0
0	0	0	0	0
0	0	0	0	0
0	0	0	0	0
0	0	0	0	0
0	0	0	0	0
0	0	0	0	0
0	0	0	0	0
0	0	0	0	0
0	0	0	0	0
0	0	0	0	0
0	0	0	0	0
0	0	0	0	0
0	0	0	0	0
0	0	0	0	0
0	0	0	0	0
0	0	0	0	0
0	0	0	0	0
0	0	0	0	0
0	0	0	0	0
0	0	0	0	0
0	0	0	0	0
0	0	0	0	0
0	0	0	0	0
0	0	0	0	0
0	0	0	0	0
0	0	0	0	0
0	0	0	0	0
0	0	0	0	0
0	0	0	0	0
0	0	0	0	0
0	0	0	0	0
0	0	0	0	0
0	0	0	0	0
0	0	0	0	0
0	0	0	0	0
0	0	0	0	0
0	0	0	0	0
0	0	0	0	0
0	0	0	0	0
0	0	0	0	0
0	0	0	0	0
0	0	0	0	0
0	0	0	0	0
0	0	0	0	0
0	0	0	0	0
0	0	0	0	0
0	0	0	0	0
0	0	0	0	0
0	0	0	0	0
0	0	0	0	0
0	0	0	0	0
0	0	0	0	0
0	0	0	0	0
0	0	0	0	0
0	0	0	0	0
0	0	0	0	0
0	0	0	0	0
0	0	0	0	0
0	0	0	0	0
0	0	0	0	0
0	0	0	0	0
0	0	0	0	0
0	0	0	0	0
0	0	0	0	0
0	0	0	0	0
0	0	0	0	0
0	0	0	0	0
0	0	0	0	0
0	0	0	0	0
0	0	0	0	0
0	0	0	0	0
0	0	0	0	0
0	0	0	0	0
0	0	0	0	0
0	0	0	0	0
0	0	0	0	0
0	0	0	0	0
0	0	0	0	0
0	0	0	0	0
0	0	0	0	0
0	0	0	0	0
0	0	0	0	0
0	0	0	0	0
0	0	0	0	0
0	0	0	0	0
0	0	0	0	0
0	0	0	0	0
0	0	0	0	0
0	0	0	0	0
0	0	0	0	0
0	0	0	0	0
0	0	0	0	0
0	0	0	0	0
0	0	0	0	0
0	0	0	0	0
0	0	0	0	0
0	0	0	0	0
0	0	0	0	0
0	0	0	0	0
0	0	0	0	0
0	0	0	0	0
0	0	0	0	0
0	0	0	0	0
0	0	0	0	0
0	0	0	0	0
0	0	0	0	0
0	0	0	0	0
0	0	0	0	0
0	0	0	0	0
0	0	0	0	0
0	0	0	0	0
0	0	0	0	0
0	0	0	0	0
0	0	0	0	0
0	0	0	0	0
0	0	0	0	0
0	0	0	0	0
0	0	0	0	0
0	0	0	0	0
0	0	0	0	0
0	0	0	0	0
0	0	0	0	0
0	0	0	0	0
0	0	0	0	0
0	0	0	0	0
0	0	0	0	0
0	0	0	0	0
0	0	0	0	0
0	0	0	0	0
0	0	0	0	0
0	0	0	0	0
0	0	0	0	0
0	0	0	0	0
0	0	0	0	0
0	0	0	0	0
0	0	0	0	0
0	0	0	0	0
0	0	0	0	0
0	0	0	0	0
0	0	0	0	0
0	0	0	0	0
0	0	0	0	0
0	0	0	0	0
0	0	0	0	0
0	0	0	0	0
0	0	0	0	0
0	0	0	0	0
0	0	0	0	0
0	0	0	0	0
0	0	0	0	0
0	0	0	0	0
0	0	0	0	0
0	0	0	0	0
0	0	0	0	0
0	0	0	0	0
0	0	0	0	0
0	0	0	0	0
0	0	0	0	0
0	0	0	0	0
0	0	0	0	0
0	0	0	0	0
0	0	0	0	0
0	0	0	0	0
0	0	0	0	0
0	0	0	0	0
0	0	0	0	0
0	0	0	0	0
0	0	0	0	0
0	0	0	0	0
0	0	0	0	0
0	0	0	0	0
0	0	0	0	0
0	0	0	0	0
0	0	0	0	0
0	0	0	0	0
0	0	0	0	0
0	0	0	0	0
0	0	0	0	0
0	0	0	0	0
0	0	0	0	0
0	0	0	0	0
0	0	0	0	0
0	0	0	0	0
0	0	0	0	0
0	0	0	0	0
0	0	0	0	0
0	0	0	0	0
0	0	0	0	0
0	0	0	0	0
0	0	0	0	0
0	0	0	0	0
0	0	0	0	0
0	0	0	0	0
0	0	0	0	0
0	0	0	0	0
0	0	0	0	0
0	0	0	0	0
0	0	0	0	0
0	0	0	0	0
0	0	0	0	0
0	0	0	0	0
0	0	0	0	0
0	0	0	0	0
0	0	0	0	0
0	0	0	0	0
0	0	0	0	0
0	0	0	0	0
0	0	0	0	0
0	0	0	0	0
0	0	0	0	0
0	0	0	0	0
0	0	0	0	0
0	0	0	0	0
0	0	0	0	0
0	0	0	0	0
0	0	0	0	0
0	0	0	0	0
0	0	0	0	0
0	0	0	0	0
0	0	0	0	0
0	0	0	0	0
0	0	0	0	0
0	0	0	0	0
0	0	0	0	0
0	0	0	0	0
0	0	0	0	0
0	0	0	0	0
0	0	0	0	0
0	0	0	0	0
0	0	0	0	0
0	0	0	0	0
0	0	0	0	0
0	0	0	0	0
0	0	0	0	0
0	0	0	0	0
0	0	0	0	0
0	0	0	0	0
0	0	0	0	0
0	0	0	0	0
0	0	0	0	0
0	0	0	0	0
0	0	0	0	0
0	0	0	0	0
0	0	0	0	0
0	0	0	0	0
0	0	0	0	0
0	0	0	0	0
0	0	0	0	0
0	0	0	0	0
0	0	0	0	0
0	0	0	0	0
0	0	0	0	0
0	0	0	0	0
0	0	0	0	0
0	0	0	0	0
0	0	0	0	0
0	0	0	0	0
0	0	0	0	0
0	0	0	0	0
0	0	0	0	0
0	0	0	0	0
0	0	0	0	0
0	0	0	0	0
0	0	0	0	0
0	0	0	0	0
0	0	0	0	0
0	0	0	0	0
0	0	0	0	0
0	0	0	0	0
0	0	0	0	0
0	0	0	0	0
0	0	0	0	0
0	0	0	0	0
0	0	0	0	0
0	0	0	0	0
0	0	0	0	0
0	0	0	0	0
0	0	0	0	0
0	0	0	0	0
0	0	0	0	0
0	0	0	0	0
0	0	0	0	0
0	0	0	0	0
0	0	0	0	0
0	0	0	0	0
0	0	0	0	0
0	0	0	0	0
0	0	0	0	0
0	0	0	0	0
0	0	0	0	0
0	0	0	0	0
0	0	0	0	0
0	0	0	0	0
0	0	0	0	0
0	0	0	0	0
0	0	0	0	0
0	0	0	0	0
0	0	0	0	0
0	0	0	0	0
0	0	0	0	0
0	0	0	0	0
0	0	0	0	0
0	0	0	0	0
0	0	0	0	0
0	0	0	0	0
0	0	0	0	0
0	0	0	0	0
0	0	0	0	0
0	0	0	0	0
0	0	0	0	0
0	0	0	0	0
0	0	0	0	0
0	0	0	0	0
0	0	0	0	0
0	0	0	0	0
0	0	0	0	0
0	0	0	0	0
0	0	0	0	0
0	0	0	0	0
0	0	0	0	0
0	0	0	0	0
0	0	0	0	0
0	0	0	0	0
0	0	0	0	0
0	0	0	0	0
0	0	0	0	0
0	0	0	0	0
0	0	0	0	0
0	0	0	0	0
0	0	0	0	0
0	0	0	0	0
0	0	0	0	0
0	0	0	0	0
0	0	0	0	0
0	0	0	0	0
0	0	0	0	0
0	0	0	0	0
0	0	0	0	0
0	0	0	0	0
0	0	0	0	0
0	0	0	0	0
0	0	0	0	0
0	0	0	0	0
0	0	0	0	0
0	0	0	0	0
0	0	0	0	0
0	0	0	0	0
0	0	0	0	0
0	0	0	0	0
0	0	0	0	0
0	0	0	0	0
0	0	0	0	0
0	0	0	0	0
0	0	0	0	0
0	0	0	0	0
