a2610800.284275
Narit-cm 08/01/2026 00:27:53 08/01/2026 00:28:42 0045 0013.384714 0052.542598 00.0 00.0
0000367 0010 0000000 0010 05 0000000 0010 0000000 0010
1 0 1 01600 1 0000 3.75 00000.o 0 0 01 000 16 000367 0.500 BT0
1 2 1 02000 1 0000 3.75 00000.o 0 0 01 000 16 000367 0.500 S2A0
1 1 1 01600 1 0000 3.75 00000.o 0 0 00 000 00 000367 3.1746 BC0
1 3 1 02000 1 0000 3.75 00000.o 0 0 00 000 00 000367 3.1746 S2P0
1 5 0 01600 0 0000 1.00 00000.o 0 0 00 000 00 000000 0.000 OF0
0.000 .o Analog 0 	0.000 .o Analog StErr 0 	0.000 .o Photon Counting 0 	0.000 .o PC StErr 0 	0.000 .o Overflow Info 0 
27.9379	0.354061	176.567	2.22187	0
69.2061	1.21568	198.147	2.21047	0
310.562	5.36638	90.6812	3.20746	0
473.958	0.0243634	0	0	0
473.457	0	0	0	0
473.457	0	0.217984	0.153822	0
473.457	0	24.7411	1.53822	0
473.457	0	5.44959	0.88305	0
473.457	4.12921E-5	7.62943	1.01408	0
473.457	0	24.4142	1.62367	0
473.457	0	51.9891	1.93701	0
473.457	0	123.161	2.52951	0
473.457	0	161.308	2.80297	0
473.457	0	126.431	2.52951	0
473.457	0	105.286	2.51242	0
473.457	0	82.6158	2.26175	0
473.457	0	86.2125	2.31872	0
473.457	0	90.7902	2.27314	0
473.457	0	108.556	2.25605	0
473.457	0	116.839	2.26744	0
473.457	0	125.995	2.31302	0
473.457	0	149.755	2.52381	0
473.457	0	167.956	2.31302	0
473.457	0	185.177	2.30732	0
473.457	0	196.185	2.31872	0
473.457	0	203.597	2.29593	0
473.457	0	204.578	2.22756	0
473.457	0	205.123	2.24466	0
473.457	0	202.398	2.18768	0
473.457	0	202.725	2.42126	0
473.457	0	209.482	2.40987	0
473.457	4.12921E-5	201.417	2.18768	0
475.33	0.331043	204.033	2.29023	1
492.525	0.609947	201.526	2.33581	1
498.839	0.271238	202.616	2.19908	1
500	0	196.185	2.29023	1
500	0	200.327	2.25035	1
500	0	201.962	2.38139	1
497.218	0.36766	202.18	2.22187	1
469.355	1.24286	201.09	2.27884	1
428.167	1.77094	199.237	2.19338	1
379.949	2.00029	203.924	2.22187	0
332.233	2.02534	206.213	2.36429	0
287.119	2.02407	204.905	2.17059	0
244.748	2.04007	205.232	2.30163	0
206.125	2.02657	206.431	2.3529	0
169.558	1.97933	204.796	2.21617	0
135.606	1.86567	203.488	2.14211	0
107.048	1.70904	201.417	2.22187	0
83.7007	1.52366	201.962	2.20478	0
64.8753	1.32318	199.455	2.18199	0
50.444	1.12481	198.474	2.1649	0
39.5774	0.955504	197.82	2.22756	0
31.2667	0.796811	193.569	2.18768	0
24.3256	0.641742	193.025	1.98259	0
17.7153	0.49752	195.531	2.26175	0
12.3126	0.358584	190.627	2.29023	0
9.19491	0.248922	188.447	2.09653	0
7.20218	0.168989	185.613	2.13071	0
5.71263	0.12572	182.779	2.1592	0
4.95502	0.0974668	180.926	2.39278	0
4.45981	0.0787658	180.054	2.05095	0
4.00502	0.0692164	179.51	2.00538	0
3.74443	0.0626314	176.894	2.23896	1
3.6653	0.0526344	172.207	2.3529	0
3.57562	0.0538971	173.624	2.1592	0
3.56747	0.0492724	166.213	2.20478	0
3.55196	0.0494462	170.027	2.25035	0
3.5181	0.0463004	159.891	2.08514	0
3.59579	0.0478739	163.924	2.26744	0
3.66458	0.0487312	160.763	2.17629	0
3.66982	0.0460179	157.929	2.31872	0
3.70713	0.0460364	158.147	2.26744	0
3.729	0.0444792	160.981	2.03386	0
3.78869	0.0451268	156.621	2.18199	0
3.85344	0.0436871	152.262	2.12502	0
3.91616	0.0458451	155.313	2.10792	0
3.99366	0.0440587	152.698	2.10792	0
4.09992	0.0452018	150.191	2.05095	0
4.0878	0.0405152	151.499	2.11932	0
4.0541	0.0442945	149.21	2.06805	0
4.20808	0.0430481	146.485	2.22756	0
4.37219	0.0426308	149.864	2.11932	0
4.4657	0.0430318	146.812	2.13071	0
4.50794	0.0399306	148.883	2.19908	0
4.51075	0.0404608	141.58	2.05665	0
4.61355	0.0421136	148.447	2.03956	0
4.74601	0.0415486	143.651	2.28453	0
4.78867	0.0412997	142.888	2.30163	0
4.84322	0.0410313	141.035	2.07944	0
4.89093	0.0431383	139.183	2.17629	0
4.89249	0.0403935	138.856	2.00538	0
4.96808	0.0393666	141.471	2.05095	0
5.06109	0.0399871	140.381	2.09083	0
5.09938	0.0402576	142.997	2.25035	0
5.18462	0.037076	137.657	2.25605	0
5.25081	0.038807	138.638	2.22187	0
5.32783	0.0394459	139.292	2.12502	0
5.36444	0.0405021	136.349	2.39848	0
5.39128	0.0399762	138.747	2.17629	0
5.52422	0.0394992	138.856	2.18768	0
5.55191	0.0374976	137.548	2.18768	0
5.56969	0.0381974	138.202	2.24466	0
5.6333	0.0383799	136.131	2.11932	0
5.64742	0.0382832	136.894	2.18199	0
5.74026	0.0384136	135.259	2.02817	0
5.80356	0.0386092	136.349	2.27884	0
5.83034	0.0397165	135.913	2.07944	0
5.9025	0.0403304	132.861	2.27314	0
5.89959	0.0366587	133.079	2.22187	0
5.89468	0.0347169	134.605	2.09083	0
5.96287	0.0345658	135.913	2.11362	0
5.99696	0.0362132	128.828	2.24466	0
6.00923	0.0389635	130.572	2.02817	0
6.01332	0.0355101	133.733	2.27884	0
5.99208	0.0349777	128.174	2.13641	0
6.00403	0.0352819	127.847	2.02817	0
6.05523	0.0338476	129.918	2.10223	0
6.09288	0.0349592	131.335	2.20478	0
6.11912	0.0359611	132.861	2.22756	0
6.115	0.0380105	125.014	2.13641	0
6.09363	0.034932	129.7	2.10792	0
6.15928	0.0352124	130.79	2.07374	0
6.16144	0.0342333	127.956	2.09653	0
6.09677	0.0349592	129.809	2.13641	0
6.05717	0.033815	127.956	2.05665	0
6.03463	0.0329424	125.232	2.33011	0
6.07149	0.0352309	125.45	2.05095	0
6.08748	0.0324339	122.834	2.12502	0
6.02694	0.0304573	125.777	2.25605	0
6.04051	0.0311831	122.398	2.23896	0
6.06031	0.0317449	122.616	2.1649	0
5.99428	0.0317775	116.621	2.03956	0
5.9895	0.0301595	119.891	2.11362	0
6.0312	0.0309213	124.142	2.03386	0
6.02106	0.0311745	119.128	2.10792	0
5.96285	0.0306116	120.218	2.22756	0
5.91888	0.0282666	115.531	2.18768	0
5.90848	0.0308604	112.262	2.14211	0
5.87391	0.0283557	113.134	2.13641	0
5.81961	0.028347	111.717	2.13071	0
5.84396	0.0297868	114.659	2.27884	0
5.85949	0.0274962	109.21	2.19908	0
5.80895	0.0284926	112.698	2.31302	0
5.79776	0.0280971	107.357	2.07944	0
5.77261	0.0277972	106.158	2.07944	0
5.74764	0.0282253	109.864	2.1592	0
5.76292	0.0270844	107.248	2.02817	0
5.73858	0.0249763	111.499	2.17059	0
5.69787	0.0247894	105.504	2.03956	0
5.6442	0.0261759	102.997	2.11362	0
5.5585	0.0246655	100.054	2.11932	0
5.5441	0.0244591	99.2916	2.01107	0
5.55146	0.0256544	101.144	2.25605	0
5.51321	0.0251328	99.2916	2.23326	0
5.51518	0.0259662	98.8556	2.10223	0
5.51832	0.0247361	101.362	2.17629	0
5.43202	0.0244102	96.4578	2.1649	0
5.37712	0.0238288	94.6049	2.27314	0
5.39469	0.0245112	95.8038	2.14211	0
5.39591	0.0232866	94.4959	2.17059	0
5.36082	0.024295	91.4441	2.09083	0
5.33141	0.0236582	90.5722	2.21047	0
5.30353	0.0237288	85.9946	2.01677	0
5.27112	0.0235495	86.4305	2.1649	0
5.26966	0.0238473	86.5395	2.07944	0
5.26291	0.0239896	84.6866	1.99968	0
5.23821	0.0222575	84.1417	1.99398	0
5.19189	0.0228889	80	2.02817	0
5.15944	0.022477	82.8338	2.11362	0
5.16198	0.0212904	83.5967	2.03956	0
5.16599	0.0214947	81.8529	2.11932	0
5.16237	0.0225976	82.9428	2.10223	0
5.15098	0.0219196	81.9619	2.17629	0
5.09346	0.0212089	78.9101	2.08514	0
5.06369	0.0208677	75.5313	2.01677	0
5.05448	0.0213535	78.5831	2.01677	0
5.00955	0.0200419	73.2425	2.03956	0
5.01984	0.0203288	71.0627	2.07374	0
5.01138	0.0219402	71.7166	2.10792	0
4.94382	0.0220663	67.03	2.1592	0
4.92237	0.0200147	72.6975	2.06805	0
4.92054	0.0205222	67.139	1.94841	0
4.88883	0.0203016	63.6512	2.01677	0
4.88235	0.0194323	66.485	2.11932	0
4.89039	0.0194551	65.1771	1.98829	0
4.90037	0.0197213	64.7411	2.10792	0
4.86786	0.0204592	62.5613	2.04526	0
4.82651	0.0198333	63.3243	2.14211	0
4.82902	0.0188575	64.5232	2.03386	0
4.83023	0.0195627	59.0736	2.02817	0
4.76689	0.0191302	64.3052	2.10223	0
4.72822	0.0170015	56.1308	1.93131	0
4.74998	0.0177882	58.0926	1.97689	0
4.71271	0.0179577	53.951	1.82307	0
4.68375	0.017572	54.6049	1.86295	0
4.70851	0.0168124	53.733	2.05665	0
4.70984	0.0175611	56.1308	1.94841	0
4.69311	0.0172558	51.4441	2.06235	0
4.67067	0.0174155	51.3351	1.98259	0
4.67026	0.0178056	55.1499	1.9598	0
4.64828	0.0172807	50.6812	2.01107	0
4.61939	0.0168591	51.5531	1.90283	0
4.6229	0.0164136	53.733	2.02817	0
4.6091	0.0170449	45.6676	1.82877	0
4.5865	0.0154498	49.8093	1.89144	0
4.57053	0.0164897	46.8665	1.89144	0
4.54409	0.0153748	43.9237	1.88574	0
4.54906	0.0155291	44.7956	1.93131	0
4.54166	0.0155476	44.2507	1.93131	0
4.52682	0.0139752	44.4687	1.88574	0
4.51964	0.0133917	43.3787	1.84016	0
4.50813	0.0150119	42.9428	1.80598	0
4.51258	0.0150618	41.1989	1.84586	0
4.48266	0.0134634	37.7112	1.70913	0
4.4699	0.0141002	42.9428	1.86865	0
4.48256	0.0136938	36.5123	1.7547	0
4.44672	0.0138502	38.9101	1.85725	0
4.42846	0.01307	35.4223	1.73192	0
4.4409	0.0132439	38.2561	1.81737	0
4.43243	0.0131407	38.1471	1.7661	0
4.40194	0.0130755	32.4796	1.63507	0
4.39832	0.0134362	33.5695	1.77749	0
4.4046	0.0136134	31.6076	1.66355	0
4.38892	0.012167	34.1144	1.7604	0
4.37564	0.0124909	32.4796	1.63507	0
4.36955	0.0122648	32.8065	1.66925	0
4.35938	0.0124289	33.8965	1.68634	0
4.34234	0.0114988	28.8828	1.5781	0
4.33884	0.0120986	31.2807	1.64076	0
4.33572	0.0121627	28.8828	1.5781	0
4.31916	0.0111293	30.7357	1.64646	0
4.3192	0.0115727	31.7166	1.72622	0
4.31699	0.0112162	27.139	1.50403	0
4.30743	0.0115259	29.6458	1.63507	0
4.30146	0.0106534	29.6458	1.63507	0
4.29936	0.0111728	27.03	1.61228	0
4.29456	0.010649	26.485	1.5667	0
4.26456	0.0111228	25.5041	1.64646	0
4.25055	0.0111673	23.3243	1.50403	0
4.2577	0.0105186	24.6322	1.53822	0
4.24001	0.00996118	24.1962	1.46985	0
4.23656	0.0104991	22.9973	1.52682	0
4.24876	0.0106121	24.1962	1.54391	0
4.24091	0.0100937	24.3052	1.41858	0
4.22538	0.00989272	23.2153	1.47555	0
4.20744	0.0094309	19.9455	1.46985	0
4.20014	0.00964279	20.7084	1.39579	0
4.19519	0.00917337	20.4905	1.39009	0
4.18347	0.00861592	19.5095	1.33312	0
4.19347	0.00923313	20.1635	1.42427	0
4.2011	0.00992423	21.1444	1.44706	0
4.18401	0.00984056	19.5095	1.3787	0
4.17864	0.0088376	21.2534	1.50973	0
4.17382	0.00905058	18.8556	1.36161	0
4.16395	0.00904297	18.0926	1.35021	0
4.16771	0.00846271	21.2534	1.41858	0
4.16515	0.00848553	18.5286	1.3787	0
4.1516	0.0088289	18.7466	1.40149	0
4.16064	0.00900711	18.7466	1.36161	0
4.15898	0.00922335	17.4387	1.32742	0
4.14264	0.00883868	18.8556	1.34451	0
4.1422	0.00771619	16.3488	1.21918	0
4.14844	0.0082606	17.5477	1.26475	0
4.15284	0.00825951	20.4905	1.34451	0
4.1505	0.00871589	19.8365	1.34451	0
4.14285	0.00871589	17.7657	1.30463	0
4.14285	0.0082606	19.1826	1.34451	0
4.12507	0.00798133	15.6948	1.16221	0
4.10301	0.00746083	14.1689	1.13372	0
4.11249	0.0084062	17.6567	1.30463	0
4.11676	0.00816388	14.9319	1.20209	0
4.10121	0.00837904	16.1308	1.30463	0
4.11143	0.00780747	18.7466	1.28185	0
4.12241	0.00813346	15.2589	1.25906	0
4.1057	0.00825842	16.6757	1.28754	0
4.08994	0.00755211	14.9319	1.24197	0
4.08994	0.00764339	15.6948	1.21348	0
4.09836	0.00773575	14.2779	1.1793	0
4.09996	0.00758254	17.0027	1.31033	0
4.09094	0.00765643	14.8229	1.185	0
4.08158	0.00799872	15.3678	1.26475	0
4.07505	0.00756841	13.406	1.185	0
4.08316	0.00788027	15.4768	1.25906	0
4.09193	0.0083823	15.8038	1.28754	0
4.07378	0.00835948	15.0409	1.23627	0
4.05846	0.00710007	12.97	1.13372	0
4.06703	0.00701857	12.4251	1.09384	0
4.07536	0.00810086	14.7139	1.30463	0
4.06403	0.00732392	14.8229	1.23057	0
4.04994	0.00708812	12.861	1.14512	0
4.0594	0.00680124	13.951	1.16221	0
4.07033	0.00744671	12.752	1.14512	0
4.05491	0.00787701	12.752	1.07675	0
4.04177	0.00731631	13.188	1.11093	0
4.05952	0.00809325	15.3678	1.23057	0
4.05187	0.00735543	11.5531	1.06536	0
4.02836	0.00684145	11.3351	1.05966	0
4.02944	0.00647308	10.8992	1.05966	0
4.04252	0.00707725	12.861	1.24197	0
4.04682	0.00677082	14.1689	1.14512	0
4.02595	0.00663173	11.4441	1.03117	0
4.01479	0.00630031	11.4441	1.09384	0
4.02761	0.0065774	11.8801	1.13942	0
4.02738	0.0069675	11.6621	1.15651	0
4.02204	0.00722829	10.5722	1.03117	0
4.02506	0.00677843	13.406	1.14512	0
4.01838	0.00654045	11.7711	1.09384	0
4.00919	0.00671757	11.3351	1.08245	0
4.00502	0.00631661	11.8801	1.11663	0
4.01071	0.00658826	12.3161	1.12233	0
4.00942	0.00646439	10.0272	0.991294	0
4.00275	0.00653937	13.406	1.12233	0
4.00545	0.00625684	10.2452	0.996991	0
3.9999	0.00625249	11.8801	1.10524	0
3.9987	0.00642636	11.1172	1.11093	0
3.99951	0.00636007	10.4632	1.00839	0
3.99371	0.00585805	10.5722	1.00839	0
3.99242	0.00600474	10.8992	1.04827	0
3.99053	0.00639158	10.6812	1.07105	0
3.97959	0.00607646	9.80926	0.985597	0
3.97826	0.00587761	9.80926	1.00269	0
3.97996	0.00641984	9.80926	1.00269	0
3.9778	0.00559399	9.80926	0.951415	0
3.97512	0.00602973	10.7902	1.02548	0
3.9676	0.00584935	8.71935	0.991294	0
3.96105	0.00568527	8.82834	0.996991	0
3.96315	0.00528865	8.39237	0.945718	0
3.97242	0.0059428	10.1362	0.985597	0
3.96751	0.00537884	8.39237	0.945718	0
3.95672	0.00559943	8.82834	0.945718	0
3.95631	0.00562225	9.26431	1.00839	0
3.96568	0.00548642	9.59128	0.968506	0
3.9672	0.0057722	9.59128	0.991294	0
3.96267	0.00572548	9.59128	1.00839	0
3.94787	0.00557009	6.97548	0.837473	0
3.94679	0.00536906	7.41144	0.88305	0
3.95117	0.00601452	9.3733	0.974203	0
3.9534	0.00592542	9.70027	1.03117	0
3.94768	0.0053169	9.04632	0.962809	0
3.94479	0.00540818	9.80926	0.962809	0
3.93577	0.00508762	7.08447	0.814684	0
3.93462	0.00539297	8.17439	0.88305	0
3.93859	0.00545599	7.30245	0.894444	0
3.93614	0.00538319	7.73842	0.865958	0
3.9383	0.00543535	8.17439	0.871655	0
3.93872	0.00531582	7.41144	0.88305	0
3.93277	0.00521802	8.17439	0.911535	0
3.93128	0.00543426	7.30245	0.894444	0
3.92974	0.00518977	7.9564	0.917232	0
3.92396	0.00544078	7.08447	0.88305	0
3.9228	0.00564072	7.62943	0.928626	0
3.92596	0.00553097	6.10354	0.769108	0
3.91057	0.00526257	5.55858	0.769108	0
3.91354	0.00525496	8.50136	0.962809	0
3.92331	0.00532342	7.52044	0.871655	0
3.92107	0.00516912	8.17439	0.911535	0
3.92265	0.00517564	7.52044	0.860261	0
3.92359	0.00542774	6.10354	0.854564	0
3.92265	0.00567875	8.71935	0.991294	0
3.9183	0.00540057	6.32153	0.865958	0
3.91361	0.00554292	5.77657	0.769108	0
3.91253	0.00499417	6.6485	0.820382	0
3.90396	0.00503112	6.97548	0.837473	0
3.90215	0.00515391	7.08447	0.894444	0
3.90708	0.00537884	5.99455	0.774805	0
3.90508	0.00493767	5.88556	0.740622	0
3.90063	0.00498331	6.43052	0.826079	0
3.90226	0.00517999	6.86649	0.848867	0
3.89764	0.00467579	6.75749	0.814684	0
3.89754	0.00485508	7.19346	0.831776	0
3.90199	0.00486269	6.97548	0.791896	0
3.89238	0.00452257	6.43052	0.826079	0
3.89219	0.00479314	6.97548	0.820382	0
3.89972	0.00480184	6.10354	0.780502	0
3.89488	0.00491159	5.88556	0.786199	0
3.89573	0.00477467	6.21253	0.80329	0
3.89959	0.00470947	7.30245	0.820382	0
3.89086	0.00440956	5.66757	0.774805	0
3.88691	0.00441717	6.10354	0.797593	0
3.89224	0.00459429	5.3406	0.757714	0
3.89005	0.00482792	7.08447	0.814684	0
3.88668	0.00479749	5.44959	0.752016	0
3.87554	0.00453018	5.44959	0.752016	0
3.87843	0.00464754	5.66757	0.808987	0
3.88253	0.00467361	6.32153	0.808987	0
3.88477	0.00506589	6.21253	0.820382	0
3.88288	0.00483335	5.99455	0.820382	0
3.88151	0.00490072	6.21253	0.80329	0
3.87997	0.0046508	5.44959	0.752016	0
3.88093	0.00469209	5.12262	0.763411	0
3.88442	0.00457799	7.08447	0.871655	0
3.8813	0.00496266	6.43052	0.814684	0
3.87024	0.00433676	5.23161	0.740622	0
3.87355	0.00460733	5.99455	0.820382	0
3.88303	0.00486595	6.43052	0.84317	0
3.87646	0.00465623	6.10354	0.797593	0
3.86935	0.00444651	5.44959	0.780502	0
3.87407	0.00481705	6.32153	0.837473	0
3.87278	0.00465732	6.86649	0.820382	0
3.8649	0.00447367	5.3406	0.791896	0
3.86731	0.00507676	7.08447	0.911535	0
3.86976	0.00486704	5.99455	0.808987	0
3.86839	0.00462689	5.3406	0.729228	0
3.87367	0.00499743	7.73842	0.88305	0
3.87573	0.00466384	5.55858	0.740622	0
3.8671	0.00469317	6.86649	0.80329	0
3.86313	0.00449867	5.66757	0.763411	0
3.86531	0.00453018	6.6485	0.837473	0
3.86016	0.00425526	5.77657	0.734925	0
3.85916	0.00450953	5.44959	0.734925	0
3.85567	0.00451823	5.44959	0.780502	0
3.85436	0.00438457	6.32153	0.808987	0
3.86253	0.00475403	6.21253	0.80329	0
3.8612	0.00476489	5.99455	0.774805	0
3.85941	0.00471056	7.19346	0.888747	0
3.85795	0.0045693	4.79564	0.712137	0
3.85274	0.00434654	5.23161	0.814684	0
3.86155	0.00452366	5.55858	0.757714	0
3.85762	0.00448997	4.79564	0.712137	0
3.84723	0.00435088	4.14169	0.689348	0
3.85168	0.00439435	5.01362	0.723531	0
3.85276	0.00461928	5.01362	0.786199	0
3.85105	0.00476055	5.55858	0.757714	0
3.85415	0.00440956	5.55858	0.740622	0
3.8427	0.00421288	4.57766	0.683651	0
3.84307	0.00477467	5.12262	0.729228	0
3.84729	0.0048616	4.79564	0.712137	0
3.83954	0.0043411	4.57766	0.683651	0
3.84382	0.00469861	5.99455	0.763411	0
3.84796	0.00449215	5.01362	0.695045	0
3.84164	0.0044063	4.79564	0.729228	0
3.84504	0.0046019	5.55858	0.814684	0
3.84407	0.00440956	4.25068	0.729228	0
3.84255	0.00433893	4.90463	0.700743	0
3.84665	0.00372064	5.55858	0.757714	0
3.84184	0.00409118	5.01362	0.695045	0
3.84157	0.00470404	5.77657	0.797593	0
3.84669	0.00473121	5.66757	0.763411	0
3.84369	0.00447585	4.57766	0.700743	0
3.8354	0.00416942	4.46866	0.677954	0
3.83087	0.00408249	4.68665	0.672257	0
3.83024	0.00383256	4.68665	0.723531	0
3.83405	0.00398034	5.44959	0.734925	0
3.83831	0.004114	4.57766	0.66656	0
3.83008	0.00430199	4.68665	0.723531	0
3.82636	0.00413682	3.48774	0.592498	0
3.82596	0.00406945	3.59673	0.615286	0
3.82513	0.0041379	4.68665	0.723531	0
3.81829	0.00402707	2.6158	0.558315	0
3.81754	0.00386081	3.48774	0.592498	0
3.82174	0.00387059	3.92371	0.638075	0
3.81981	0.00380322	3.92371	0.638075	0
3.81434	0.00383256	3.48774	0.649469	0
3.81496	0.00398469	4.14169	0.672257	0
3.81386	0.00398252	2.94278	0.586801	0
3.81193	0.00361089	2.39782	0.495647	0
3.81336	0.00372824	3.59673	0.655166	0
3.81266	0.00374128	2.6158	0.558315	0
3.8092	0.003512	2.28883	0.484253	0
3.80995	0.00346962	3.26975	0.575406	0
3.81419	0.00346528	3.70572	0.603892	0
3.81201	0.00330228	2.28883	0.507041	0
3.81332	0.00394014	4.68665	0.740622	0
3.81449	0.00390102	3.16076	0.586801	0
3.8058	0.00355112	3.81471	0.615286	0
3.80012	0.00336313	1.85286	0.467162	0
3.80467	0.00351418	3.37875	0.603892	0
3.8016	0.00353591	2.39782	0.495647	0
3.80207	0.00346854	3.05177	0.575406	0
3.80571	0.00347071	3.26975	0.575406	0
3.80671	0.00344898	3.59673	0.638075	0
3.80469	0.00360437	2.7248	0.524133	0
3.80692	0.00358915	3.59673	0.598195	0
3.80613	0.00361523	2.83379	0.535527	0
3.80559	0.00379018	3.81471	0.615286	0
3.80646	0.00400968	3.16076	0.603892	0
3.80182	0.0039673	3.26975	0.592498	0
3.80336	0.0037641	3.16076	0.564012	0
3.80852	0.0036424	2.83379	0.558315	0
3.79939	0.0034305	2.83379	0.535527	0
3.79569	0.00351418	2.83379	0.558315	0
3.80058	0.00394448	2.17984	0.501344	0
3.79702	0.00355003	3.92371	0.620983	0
3.79812	0.00376736	3.59673	0.598195	0
3.79725	0.00341855	2.39782	0.495647	0
3.79266	0.00354895	2.94278	0.546921	0
3.79578	0.00340117	2.39782	0.495647	0
3.80072	0.00388472	4.0327	0.649469	0
3.80137	0.00385864	3.37875	0.620983	0
3.79503	0.0034305	2.39782	0.495647	0
3.79041	0.00318167	2.28883	0.507041	0
3.79361	0.00338269	2.6158	0.558315	0
3.79492	0.00385864	2.7248	0.546921	0
3.79214	0.00344898	2.28883	0.507041	0
3.79249	0.00353808	3.26975	0.575406	0
3.79736	0.0036663	3.48774	0.62668	0
3.79351	0.00377279	3.26975	0.615286	0
3.78875	0.00369456	2.07084	0.461465	0
3.79016	0.00320774	2.07084	0.461465	0
3.78998	0.0032599	2.50681	0.507041	0
3.78748	0.00342073	2.50681	0.52983	0
3.78214	0.00350222	2.17984	0.472859	0
3.78301	0.00333705	2.07084	0.48995	0
3.78773	0.00343376	2.6158	0.541224	0
3.78634	0.0034305	2.39782	0.495647	0
3.78004	0.00337509	1.63488	0.444373	0
3.78237	0.00323165	2.50681	0.52983	0
3.78467	0.00310125	2.17984	0.501344	0
3.78002	0.00331424	2.50681	0.507041	0
3.78031	0.00321426	2.17984	0.472859	0
3.78222	0.00324578	3.26975	0.575406	0
3.77871	0.00332619	1.63488	0.415888	0
3.77576	0.00309473	2.17984	0.501344	0
3.77303	0.0030241	1.08992	0.341826	0
3.77511	0.00326208	2.83379	0.558315	0
3.78262	0.00344572	2.50681	0.507041	0
3.7795	0.00334466	1.63488	0.415888	0
3.77499	0.00318384	1.96185	0.45007	0
3.7779	0.00335335	1.41689	0.415888	0
3.7863	0.00363479	4.25068	0.660863	0
3.7844	0.00336313	1.63488	0.415888	0
3.77557	0.00330663	2.17984	0.501344	0
3.77667	0.00311538	1.96185	0.478556	0
3.77455	0.00296108	1.52589	0.398797	0
3.77174	0.00303062	1.96185	0.45007	0
3.77301	0.00294152	1.41689	0.387402	0
3.77415	0.00312733	2.39782	0.564012	0
3.77282	0.00313059	1.85286	0.438676	0
3.77374	0.00318493	1.96185	0.45007	0
3.77384	0.00309473	1.63488	0.415888	0
3.77347	0.00318167	1.96185	0.45007	0
3.77536	0.00308604	1.96185	0.45007	0
3.77295	0.00344137	2.50681	0.615286	0
3.77041	0.00302302	1.08992	0.341826	0
3.77255	0.0031708	2.07084	0.512738	0
3.77603	0.00372498	2.39782	0.518436	0
3.76973	0.00302845	1.41689	0.387402	0
3.76969	0.00315776	1.74387	0.427282	0
3.77397	0.00311973	2.07084	0.48995	0
3.77139	0.00309582	2.17984	0.472859	0
3.76788	0.00314689	1.96185	0.45007	0
3.76538	0.0030165	1.85286	0.467162	0
3.7643	0.00283829	1.41689	0.387402	0
3.76819	0.0030241	1.19891	0.358917	0
3.76929	0.00332401	2.07084	0.461465	0
3.76748	0.00310451	1.19891	0.387402	0
3.76754	0.00307518	1.96185	0.45007	0
3.76353	0.00294152	1.41689	0.387402	0
3.7632	0.002797	0.980926	0.324734	0
3.77149	0.00326968	3.37875	0.581104	0
3.77085	0.00315885	1.52589	0.398797	0
3.76457	0.00301758	2.17984	0.472859	0
3.76729	0.00286871	1.63488	0.415888	0
3.76964	0.00315124	1.85286	0.438676	0
3.76754	0.00321535	1.96185	0.45007	0
3.76642	0.00350005	1.63488	0.415888	0
3.75885	0.00274375	1.52589	0.427282	0
3.75817	0.00285459	1.19891	0.387402	0
3.76137	0.00282742	0.871935	0.307643	0
3.76133	0.00289479	1.3079	0.370311	0
3.76133	0.00292957	1.52589	0.427282	0
3.75987	0.00260901	1.52589	0.427282	0
3.76131	0.00289262	1.74387	0.427282	0
3.76359	0.00307626	1.19891	0.358917	0
3.7664	0.00303388	2.17984	0.472859	0
3.76792	0.00309256	1.19891	0.358917	0
3.76031	0.00287632	1.3079	0.370311	0
3.76085	0.00311973	1.41689	0.415888	0
3.76528	0.00297521	1.63488	0.415888	0
3.76	0.00283503	1.63488	0.415888	0
3.75896	0.00312081	1.63488	0.415888	0
3.7605	0.00285568	2.17984	0.501344	0
3.7601	0.00313168	1.96185	0.45007	0
3.76004	0.00313168	1.3079	0.370311	0
3.75948	0.00312842	1.96185	0.45007	0
3.76428	0.00316754	2.17984	0.501344	0
3.76029	0.00308604	1.85286	0.438676	0
3.75985	0.00297521	1.74387	0.455768	0
3.75985	0.00294152	1.41689	0.387402	0
3.75418	0.00269594	1.41689	0.387402	0
3.75451	0.00270681	1.52589	0.398797	0
3.75536	0.00279048	1.52589	0.398797	0
3.75102	0.00266008	0.980926	0.358917	0
3.75174	0.00260249	0.653951	0.307643	0
3.75193	0.00261662	1.74387	0.427282	0
3.75578	0.00275136	1.63488	0.415888	0
3.75705	0.00292196	1.63488	0.444373	0
3.75316	0.00273289	1.41689	0.415888	0
3.75154	0.00273832	1.63488	0.415888	0
3.74973	0.00284155	0.762943	0.284855	0
3.7475	0.00260032	0.435967	0.267763	0
3.74885	0.00250578	0.653951	0.267763	0
3.75347	0.00298607	1.41689	0.387402	0
3.75216	0.0028133	0.980926	0.358917	0
3.74925	0.00269485	0.762943	0.284855	0
3.74834	0.0028209	1.19891	0.358917	0
3.75102	0.00278613	1.19891	0.358917	0
3.75041	0.00279048	1.3079	0.370311	0
3.74856	0.00279374	1.08992	0.341826	0
3.74669	0.00250578	0.980926	0.324734	0
3.74567	0.00260358	1.41689	0.387402	0
3.74869	0.00276983	0.871935	0.307643	0
3.74742	0.00271985	0.653951	0.267763	0
3.74809	0.0025449	0.871935	0.307643	0
3.74871	0.00273832	1.74387	0.455768	0
3.74703	0.00261444	0.653951	0.267763	0
3.74624	0.00249383	0.980926	0.324734	0
3.75152	0.00272202	1.63488	0.444373	0
3.75445	0.00286871	1.3079	0.370311	0
3.74584	0.0030654	1.08992	0.376008	0
3.74422	0.00253512	0.544959	0.244975	0
3.74659	0.0024145	0.544959	0.244975	0
3.74563	0.00264704	0.980926	0.324734	0
3.74391	0.00252534	0.544959	0.244975	0
3.74395	0.00227759	0.762943	0.284855	0
3.74734	0.00262966	0.871935	0.307643	0
3.74863	0.00261662	0.762943	0.284855	0
3.74694	0.00276657	1.63488	0.444373	0
3.74389	0.00234387	0.980926	0.324734	0
3.74378	0.00271659	1.63488	0.415888	0
3.74569	0.00268725	0.762943	0.284855	0
3.7443	0.00255142	1.19891	0.358917	0
3.74466	0.00258293	0.871935	0.307643	0
3.74389	0.00265899	1.3079	0.370311	0
3.7443	0.00247427	0.544959	0.244975	0
3.73979	0.00217979	0.544959	0.244975	0
3.74058	0.0023167	0.762943	0.284855	0
3.74378	0.00248296	0.871935	0.307643	0
3.7437	0.00277526	0.980926	0.324734	0
3.74453	0.00258076	0.762943	0.284855	0
3.74374	0.00277526	1.08992	0.341826	0
3.74534	0.0026264	0.653951	0.267763	0
3.74133	0.0023493	1.19891	0.358917	0
3.73996	0.00245471	0.762943	0.284855	0
3.74447	0.00252099	1.3079	0.370311	0
3.74411	0.0025938	1.3079	0.370311	0
3.74245	0.00271115	1.08992	0.341826	0
3.74226	0.00272854	1.08992	0.341826	0
3.74123	0.00274049	1.52589	0.398797	0
3.74137	0.00277961	1.52589	0.427282	0
3.73962	0.00273397	0.653951	0.267763	0
3.7374	0.00248948	0.762943	0.284855	0
3.74104	0.00259054	0.435967	0.21649	0
3.73892	0.00256337	1.19891	0.358917	0
3.73888	0.00237973	0.871935	0.307643	0
3.74233	0.00242971	0.980926	0.324734	0
3.74147	0.00267203	1.08992	0.376008	0
3.73655	0.0026503	0.435967	0.21649	0
3.73944	0.00253403	0.653951	0.267763	0
3.74212	0.00276548	0.980926	0.324734	0
3.74247	0.0027807	0.980926	0.324734	0
3.7391	0.00271115	1.19891	0.358917	0
3.73659	0.00239277	0.544959	0.244975	0
3.73545	0.00256337	0.871935	0.307643	0
3.73482	0.00245688	0.435967	0.21649	0
3.73715	0.00256989	0.435967	0.21649	0
3.74376	0.00284481	1.74387	0.427282	0
3.74551	0.00288175	1.41689	0.387402	0
3.73898	0.00263944	0.653951	0.267763	0
3.73287	0.00222108	0.217984	0.153822	0
3.73775	0.0026177	0.980926	0.324734	0
3.74241	0.00260466	1.3079	0.370311	0
3.73784	0.00272419	1.08992	0.341826	0
3.73395	0.00262857	0.653951	0.267763	0
3.73545	0.00242537	0.435967	0.21649	0
3.73457	0.00236995	0.435967	0.21649	0
3.73374	0.00239386	0.653951	0.267763	0
3.73711	0.00224607	0.871935	0.307643	0
3.73646	0.00233409	0.326975	0.188004	0
3.73582	0.00243949	0.762943	0.324734	0
3.73896	0.00263509	0.980926	0.324734	0
3.73917	0.00279808	1.08992	0.341826	0
3.73703	0.00274919	0.871935	0.341826	0
3.73528	0.00255142	0.762943	0.284855	0
3.73306	0.00234387	0.544959	0.244975	0
3.73553	0.00239168	1.08992	0.341826	0
3.73607	0.00251665	1.3079	0.370311	0
3.7352	0.00229171	0.326975	0.188004	0
3.73202	0.00240907	0.653951	0.267763	0
3.73459	0.00243406	1.19891	0.358917	0
3.73663	0.00253186	0.653951	0.267763	0
3.73324	0.00240038	0.544959	0.244975	0
3.73559	0.0027883	0.762943	0.284855	0
3.73543	0.00239386	0.762943	0.284855	0
3.73291	0.00235474	0.217984	0.153822	0
3.73468	0.00228845	0.544959	0.244975	0
3.73536	0.002333	0.762943	0.284855	0
3.73428	0.00246231	0.653951	0.267763	0
3.73368	0.00224173	0.326975	0.188004	0
3.73422	0.0022928	0.762943	0.284855	0
3.73416	0.00237321	0.762943	0.284855	0
3.7342	0.00238516	0.544959	0.244975	0
3.73501	0.00229389	0.326975	0.188004	0
3.73264	0.00242863	0.435967	0.21649	0
3.73455	0.00235691	0.653951	0.267763	0
3.73191	0.00244167	0.544959	0.244975	0
3.73449	0.00251773	0.544959	0.244975	0
3.7343	0.00234278	0.653951	0.267763	0
3.73628	0.00269594	1.52589	0.398797	0
3.73807	0.00258836	1.08992	0.341826	0
3.73572	0.00270246	1.08992	0.341826	0
3.73538	0.00243623	0.435967	0.21649	0
3.73295	0.00251447	0.980926	0.324734	0
3.73235	0.00240146	0.653951	0.267763	0
3.72958	0.00234713	0.217984	0.153822	0
3.72954	0.00239494	0.653951	0.267763	0
3.73127	0.00258945	0.871935	0.307643	0
3.73511	0.00263074	0.980926	0.324734	0
3.73449	0.00233083	0.435967	0.21649	0
3.73185	0.00253294	1.08992	0.341826	0
3.73491	0.00257532	0.762943	0.284855	0
3.73407	0.00267203	0.871935	0.307643	0
3.73	0.00245362	0.435967	0.21649	0
3.73158	0.00247209	0.544959	0.244975	0
3.73389	0.00253077	1.08992	0.341826	0
3.73281	0.00236778	0.435967	0.21649	0
3.7322	0.00264161	1.08992	0.341826	0
3.73216	0.00254816	0.653951	0.267763	0
3.73308	0.00259923	0.980926	0.324734	0
3.73289	0.00247318	0.653951	0.267763	0
3.73202	0.00253403	0.980926	0.358917	0
3.72896	0.0025525	0.653951	0.267763	0
3.72813	0.00235474	0.653951	0.267763	0
3.73098	0.00239603	0.871935	0.341826	0
3.73353	0.00244601	0.980926	0.324734	0
3.73214	0.002333	0.653951	0.267763	0
3.73378	0.00243406	0.871935	0.307643	0
3.73272	0.00260575	0.544959	0.244975	0
3.73029	0.00250252	0.544959	0.244975	0
3.73083	0.00240038	0.762943	0.324734	0
3.72721	0.00242971	0.326975	0.188004	0
3.72424	0.0022439	0.326975	0.188004	0
3.72771	0.0023254	0	0	0
3.72954	0.00250035	1.08992	0.341826	0
3.73037	0.00223195	0.326975	0.188004	0
3.72836	0.00236778	0.544959	0.244975	0
3.73039	0.00239386	0.762943	0.284855	0
3.73143	0.00229715	0.653951	0.267763	0
3.72813	0.00234822	0.653951	0.267763	0
3.72807	0.00230584	0.217984	0.153822	0
3.72998	0.0022113	0.762943	0.284855	0
3.7306	0.00248405	0.762943	0.284855	0
3.72908	0.00231236	0.326975	0.188004	0
3.73056	0.00238625	0.871935	0.307643	0
3.72911	0.00235256	0.326975	0.188004	0
3.72698	0.00223303	0.217984	0.153822	0
3.73031	0.00223412	0.653951	0.267763	0
3.73066	0.00248731	0.762943	0.284855	0
3.73044	0.00229497	0.435967	0.21649	0
3.72944	0.00239712	0.762943	0.284855	0
3.73295	0.00253403	0.980926	0.324734	0
3.73166	0.00247318	0.326975	0.188004	0
3.72746	0.00222434	0.544959	0.244975	0
3.72998	0.00270029	0.544959	0.244975	0
3.73249	0.00270355	1.19891	0.358917	0
3.7301	0.00251991	0.544959	0.244975	0
3.72738	0.0024634	0.435967	0.21649	0
3.7301	0.00270137	0.762943	0.284855	0
3.72963	0.00243406	0.326975	0.188004	0
3.72917	0.00243841	0.871935	0.307643	0
3.72854	0.00242971	0.653951	0.267763	0
3.72665	0.00240798	0.217984	0.153822	0
3.7278	0.00229389	0.544959	0.244975	0
3.73322	0.00235256	0.544959	0.244975	0
3.73129	0.00231453	0.326975	0.188004	0
3.7247	0.00236886	0.217984	0.153822	0
3.72665	0.00228302	0.326975	0.188004	0
3.72738	0.00234496	0.871935	0.307643	0
3.7279	0.00252208	0.762943	0.284855	0
3.72963	0.00250252	0.544959	0.244975	0
3.72705	0.00243515	0.435967	0.21649	0
3.72906	0.00253512	0.544959	0.244975	0
3.72938	0.00246449	0.653951	0.267763	0
3.72769	0.00250904	0.326975	0.188004	0
3.7252	0.00226237	0.326975	0.188004	0
3.7269	0.00244493	0.544959	0.244975	0
3.72829	0.00239168	1.08992	0.341826	0
3.72669	0.00225042	0.217984	0.153822	0
3.73048	0.00231779	0.544959	0.244975	0
3.73158	0.0022928	0.653951	0.267763	0
3.72692	0.00243841	0.544959	0.244975	0
3.72933	0.00232214	0.435967	0.21649	0
3.72906	0.00230258	0.326975	0.188004	0
3.73002	0.0022928	0.435967	0.21649	0
3.7275	0.00229715	0.435967	0.21649	0
3.72738	0.00258619	0.762943	0.284855	0
3.72904	0.00237647	0.108992	0.108245	0
3.7269	0.00227867	0.435967	0.21649	0
3.72424	0.00227324	0.871935	0.307643	0
3.72644	0.00234061	0.435967	0.21649	0
3.72767	0.0021787	0.435967	0.21649	0
3.72829	0.00221021	0.871935	0.307643	0
3.72692	0.00223303	0.326975	0.188004	0
3.72434	0.00239712	0.326975	0.188004	0
3.72613	0.00234061	0.544959	0.244975	0
3.72607	0.00227215	0.435967	0.21649	0
3.72719	0.00238842	0.544959	0.244975	0
3.72549	0.00236886	0.762943	0.284855	0
3.72798	0.0023091	0.435967	0.21649	0
3.7274	0.00222869	0.326975	0.188004	0
3.72721	0.00244601	0.544959	0.244975	0
3.72755	0.00238408	0.544959	0.244975	0
3.72341	0.00222651	0.217984	0.153822	0
3.72308	0.00225368	0.435967	0.21649	0
3.72274	0.00223412	0.326975	0.188004	0
3.72445	0.00237864	0.653951	0.267763	0
3.72497	0.00246014	0.435967	0.21649	0
3.7241	0.00218088	0.435967	0.21649	0
3.72576	0.00229497	0.762943	0.284855	0
3.72715	0.00229715	0.871935	0.307643	0
3.72674	0.00220587	0.217984	0.153822	0
3.72511	0.00215371	0.326975	0.188004	0
3.72659	0.00232322	0.326975	0.188004	0
3.72923	0.00228085	0.544959	0.244975	0
3.7269	0.00228193	0.544959	0.244975	0
3.72543	0.00211133	0.217984	0.153822	0
3.72314	0.0021461	0.326975	0.188004	0
3.72287	0.00202005	0.217984	0.153822	0
3.72281	0.00204287	0.217984	0.153822	0
3.72694	0.00223847	0.217984	0.153822	0
3.72499	0.00231236	0.544959	0.244975	0
3.72276	0.00223195	0.217984	0.153822	0
3.72347	0.0023656	0.544959	0.244975	0
3.72894	0.00238842	0.326975	0.188004	0
3.72861	0.00246992	0.435967	0.21649	0
3.72678	0.00231236	0.326975	0.188004	0
3.72274	0.00241124	0.326975	0.188004	0
3.72378	0.00231779	0.326975	0.188004	0
3.72387	0.00218414	0.108992	0.108245	0
3.72655	0.00234713	0.653951	0.267763	0
3.72987	0.0022113	0.653951	0.267763	0
3.72884	0.0023656	0.435967	0.21649	0
3.72389	0.00222217	0.217984	0.153822	0
3.7253	0.00244819	0.326975	0.188004	0
3.72655	0.002333	0.108992	0.108245	0
3.72426	0.00216784	0.217984	0.153822	0
3.72459	0.00223629	0.544959	0.244975	0
3.72603	0.00243406	0.217984	0.153822	0
3.72657	0.00227324	0.435967	0.21649	0
3.72597	0.0023167	0.544959	0.244975	0
3.72553	0.00225042	0.217984	0.153822	0
3.72347	0.00232105	0.435967	0.21649	0
3.72572	0.00214828	0.544959	0.244975	0
3.72848	0.00231562	0.326975	0.188004	0
3.72513	0.00232105	0.326975	0.188004	0
3.72647	0.00249165	0.653951	0.267763	0
3.72667	0.00231236	0.653951	0.267763	0
3.72595	0.00223521	0.980926	0.324734	0
3.72434	0.00236452	0	0	0
3.72597	0.00214176	0.326975	0.188004	0
3.72574	0.00240364	0.871935	0.307643	0
3.72489	0.00227759	0.217984	0.153822	0
3.72748	0.002358	0.544959	0.244975	0
3.7238	0.0023417	0.108992	0.108245	0
3.72568	0.00242102	0.217984	0.153822	0
3.72551	0.00230258	0.326975	0.188004	0
3.72268	0.00213741	0	0	0
3.7222	0.00229171	0.544959	0.244975	0
3.72407	0.00225585	0.326975	0.188004	0
3.72274	0.00219826	0.435967	0.21649	0
3.72355	0.00233083	0.326975	0.188004	0
3.72482	0.00230258	0.326975	0.188004	0
3.72559	0.00246557	0.544959	0.244975	0
3.72343	0.00226672	0.217984	0.153822	0
3.72287	0.00221021	0.326975	0.188004	0
3.72559	0.00218414	0.435967	0.21649	0
3.72707	0.00231018	0.544959	0.244975	0
3.72455	0.00223955	0.108992	0.108245	0
3.72237	0.00216892	0.435967	0.21649	0
3.72459	0.00217001	0.108992	0.108245	0
3.72568	0.00229389	0.544959	0.244975	0
3.72561	0.00229063	0.326975	0.188004	0
3.72466	0.00237756	0.326975	0.188004	0
3.72559	0.00242645	0.435967	0.21649	0
3.72486	0.00214284	0.435967	0.21649	0
3.72058	0.00213306	0.217984	0.153822	0
3.72274	0.00207873	0.108992	0.108245	0
3.72316	0.00224281	0.326975	0.188004	0
3.72324	0.00211133	0.108992	0.108245	0
3.72368	0.00214719	0.326975	0.188004	0
3.72511	0.00242102	0.108992	0.108245	0
3.72638	0.00236126	0.326975	0.188004	0
3.72249	0.00210372	0.217984	0.153822	0
3.72314	0.00217327	0.217984	0.153822	0
3.72306	0.00220913	0.326975	0.188004	0
3.72597	0.00222651	0.544959	0.244975	0
3.72576	0.00230367	0.108992	0.108245	0
3.72322	0.00219717	0.544959	0.244975	0
3.72617	0.00220043	0.544959	0.244975	0
3.72605	0.00234604	0.544959	0.244975	0
3.72563	0.00225259	0.108992	0.108245	0
3.72588	0.00220261	0.435967	0.21649	0
3.72599	0.00222977	0.217984	0.153822	0
3.72553	0.00237104	0.326975	0.188004	0
3.72208	0.00217762	0.108992	0.108245	0
3.72237	0.00218414	0.217984	0.153822	0
3.72484	0.00212437	0.108992	0.108245	0
3.72686	0.00223195	0.653951	0.267763	0
3.72617	0.00220913	0.217984	0.153822	0
3.72538	0.00212328	0.435967	0.21649	0
3.72607	0.00225477	0.326975	0.188004	0
3.72501	0.00214393	0.108992	0.108245	0
3.72351	0.00208525	0.326975	0.188004	0
3.72505	0.00228845	0	0	0
3.7253	0.00232214	0.544959	0.284855	0
3.72407	0.00227215	0.326975	0.188004	0
3.72628	0.00214828	0.326975	0.188004	0
3.72299	0.00218414	0.108992	0.108245	0
3.72353	0.0022602	0.108992	0.108245	0
3.72237	0.00199289	0.217984	0.153822	0
3.72283	0.0021298	0.326975	0.188004	0
3.72484	0.00213089	0.217984	0.153822	0
3.72312	0.00228085	0.217984	0.153822	0
3.7242	0.00233083	0.544959	0.244975	0
3.72557	0.00229497	0.108992	0.108245	0
3.72613	0.00228411	0.435967	0.21649	0
3.72568	0.00227867	0.108992	0.108245	0
3.72584	0.00217762	0.108992	0.108245	0
3.72472	0.00211459	0.108992	0.108245	0
3.72218	0.00210372	0.217984	0.153822	0
3.72682	0.00233626	0.544959	0.244975	0
3.72769	0.00240581	0.544959	0.244975	0
3.72786	0.00216458	0.108992	0.108245	0
3.72518	0.00220261	0.217984	0.153822	0
3.72507	0.0021222	0.435967	0.21649	0
3.72848	0.00232974	0.435967	0.21649	0
3.72491	0.00215806	0.217984	0.153822	0
3.72306	0.00220695	0.217984	0.153822	0
3.72528	0.00235691	0.326975	0.188004	0
3.72397	0.0021711	0.326975	0.188004	0
3.72434	0.00233083	0.544959	0.244975	0
3.72651	0.00212437	0	0	0
3.72753	0.00241016	0.653951	0.267763	0
3.72459	0.00204287	0	0	0
3.72256	0.00215914	0.108992	0.108245	0
3.72491	0.00228085	0.326975	0.188004	0
3.72339	0.00196898	0.108992	0.108245	0
3.72401	0.0020733	0.108992	0.108245	0
3.72526	0.00204722	0.217984	0.153822	0
3.72366	0.00224607	0.435967	0.21649	0
3.72464	0.0022439	0.108992	0.108245	0
3.72723	0.0023906	0.871935	0.307643	0
3.72397	0.0022765	0.217984	0.153822	0
3.72474	0.00215914	0.108992	0.108245	0
3.72522	0.00205917	0.108992	0.108245	0
3.7242	0.00216349	0.217984	0.153822	0
3.72619	0.00233844	0.326975	0.188004	0
3.72757	0.00232648	0.653951	0.267763	0
3.72609	0.00217544	0.108992	0.108245	0
3.72112	0.00217436	0.108992	0.108245	0
3.72272	0.00230475	0.435967	0.21649	0
3.72676	0.00223955	0.108992	0.108245	0
3.72459	0.00207439	0.326975	0.188004	0
3.72599	0.00221239	0.435967	0.21649	0
3.72678	0.00221891	0.217984	0.153822	0
3.72489	0.00219935	0.326975	0.188004	0
3.72622	0.00225694	0.217984	0.153822	0
3.72771	0.00218305	0.762943	0.284855	0
3.72509	0.00223955	0.435967	0.21649	0
3.72721	0.002358	0.326975	0.188004	0
3.72819	0.00234387	0.653951	0.267763	0
3.72717	0.00212111	0.217984	0.153822	0
3.72428	0.00212002	0.108992	0.108245	0
3.72617	0.00220695	0.326975	0.188004	0
3.72578	0.00207113	0.326975	0.188004	0
3.7226	0.00206678	0.108992	0.108245	0
3.72434	0.00234604	0.217984	0.153822	0
3.72474	0.00215588	0.326975	0.188004	0
3.72451	0.00226455	0.217984	0.153822	0
3.72599	0.00219826	0	0	0
3.72534	0.00215045	0.326975	0.188004	0
3.72482	0.00210698	0.326975	0.188004	0
3.72842	0.0020733	0.217984	0.153822	0
3.72468	0.00223738	0.217984	0.153822	0
3.72491	0.00218631	0.108992	0.108245	0
3.72717	0.00207547	0.217984	0.153822	0
3.72395	0.00194725	0.217984	0.153822	0
3.7238	0.00206135	0.108992	0.108245	0
3.72728	0.00212002	0.108992	0.108245	0
3.72825	0.00206895	0.217984	0.153822	0
3.7257	0.00215914	0.217984	0.153822	0
3.72191	0.00219066	0.108992	0.108245	0
3.72397	0.00212002	0.435967	0.21649	0
3.72944	0.00214828	0.326975	0.188004	0
3.72582	0.00230475	0.435967	0.21649	0
3.72526	0.00246231	0.326975	0.188004	0
3.72832	0.0021548	0.435967	0.21649	0
3.72434	0.00208416	0.326975	0.188004	0
3.72308	0.00213632	0.108992	0.108245	0
3.72511	0.00247644	0.435967	0.21649	0
3.72717	0.00236778	0.217984	0.153822	0
3.72867	0.00224933	0.544959	0.244975	0
3.72611	0.00213632	0.108992	0.108245	0
3.72486	0.00223738	0.435967	0.21649	0
3.72592	0.00229932	0.217984	0.153822	0
3.72617	0.0021135	0.217984	0.153822	0
3.7253	0.00208416	0.108992	0.108245	0
3.72561	0.0021385	0.217984	0.153822	0
3.72759	0.00220152	0.326975	0.188004	0
3.72626	0.00220043	0.653951	0.267763	0
3.72528	0.00216892	0.108992	0.108245	0
3.72499	0.00220804	0.108992	0.108245	0
3.73042	0.00238408	0.653951	0.267763	0
3.72717	0.0021548	0.108992	0.108245	0
3.7253	0.00213415	0.108992	0.108245	0
3.72807	0.00206787	0.108992	0.108245	0
3.72617	0.00220695	0.108992	0.108245	0
3.72723	0.00237756	0.217984	0.153822	0
3.72956	0.00227324	0.326975	0.188004	0
3.72588	0.00215588	0.435967	0.21649	0
3.72447	0.00230692	0.108992	0.108245	0
3.72651	0.00204505	0.108992	0.108245	0
3.72732	0.00205483	0.108992	0.108245	0
3.72624	0.00206569	0.217984	0.153822	0
3.72669	0.00207982	0	0	0
3.7253	0.00201136	0.108992	0.108245	0
3.72715	0.00216458	0.653951	0.267763	0
3.72805	0.0020809	0.108992	0.108245	0
3.72603	0.00197333	0.108992	0.108245	0
3.72767	0.00204939	0.108992	0.108245	0
3.72755	0.0020972	0.108992	0.108245	0
3.72873	0.00220913	0.544959	0.244975	0
3.72929	0.00222869	0.217984	0.153822	0
3.73249	0.00227867	0.435967	0.21649	0
3.72809	0.00229497	0.326975	0.188004	0
3.7268	0.00225259	0.217984	0.153822	0
3.72615	0.00210264	0.217984	0.153822	0
3.72755	0.00237104	0	0	0
3.72782	0.00219609	0.326975	0.188004	0
3.72703	0.00218088	0.217984	0.153822	0
3.72809	0.0021711	0.326975	0.188004	0
3.72933	0.00214393	0.217984	0.153822	0
3.72935	0.00211459	0.217984	0.153822	0
3.73098	0.00230584	0.435967	0.21649	0
3.73029	0.0025449	0.435967	0.21649	0
3.72942	0.00218522	0.326975	0.188004	0
3.72811	0.00217544	0.108992	0.108245	0
3.72653	0.00209612	0.108992	0.108245	0
3.72844	0.00222651	0.217984	0.153822	0
3.73048	0.00206461	0.108992	0.108245	0
3.72817	0.0020896	0.326975	0.188004	0
3.72638	0.00219066	0.326975	0.188004	0
3.72726	0.00226998	0.108992	0.108245	0
3.73089	0.00218848	0.326975	0.188004	0
3.73054	0.00229606	0.326975	0.188004	0
3.72973	0.00225585	0.326975	0.188004	0
3.72713	0.00204505	0.217984	0.153822	0
3.72701	0.00233192	0.435967	0.21649	0
3.72867	0.00238951	0.108992	0.108245	0
3.72597	0.00217653	0	0	0
3.72777	0.00211024	0.326975	0.188004	0
3.73052	0.00223195	0.217984	0.153822	0
3.72815	0.0023982	0.435967	0.21649	0
3.72678	0.00211568	0.326975	0.188004	0
3.72861	0.00225259	0.435967	0.21649	0
3.72975	0.00222869	0.108992	0.108245	0
3.72846	0.00212328	0.217984	0.153822	0
3.7289	0.00223847	0.108992	0.108245	0
3.73031	0.00216675	0.326975	0.188004	0
3.7311	0.00218088	0.326975	0.188004	0
3.72794	0.00214284	0.108992	0.108245	0
3.72586	0.00208525	0	0	0
3.72892	0.00206026	0.108992	0.108245	0
3.72879	0.00203744	0.108992	0.108245	0
3.73102	0.00230584	0.762943	0.284855	0
3.72911	0.00235365	0.217984	0.153822	0
3.72655	0.00213958	0.326975	0.188004	0
3.72856	0.00219609	0.871935	0.307643	0
3.73023	0.00226455	0.108992	0.108245	0
3.72474	0.00215154	0.108992	0.108245	0
3.72763	0.00195051	0	0	0
3.72927	0.00220913	0.108992	0.108245	0
3.72811	0.00218088	0.108992	0.108245	0
3.72584	0.00200484	0	0	0
3.72827	0.00200484	0.108992	0.108245	0
3.729	0.00207439	0	0	0
3.72711	0.0020809	0.217984	0.153822	0
3.72811	0.00215914	0.108992	0.108245	0
3.72782	0.0020896	0.108992	0.108245	0
3.72946	0.00203853	0.217984	0.153822	0
3.72994	0.00210264	0.108992	0.108245	0
3.72981	0.00213089	0.217984	0.153822	0
3.73366	0.00217544	0.326975	0.188004	0
3.73276	0.0024069	0.435967	0.21649	0
3.73472	0.00241342	0.435967	0.21649	0
3.7322	0.00212437	0.217984	0.153822	0
3.73089	0.00221347	0.217984	0.153822	0
3.73071	0.00210155	0.108992	0.108245	0
3.73027	0.00205809	0.217984	0.153822	0
3.73143	0.00212872	0.217984	0.153822	0
3.73401	0.00237864	0.435967	0.21649	0
3.73216	0.00220261	0.326975	0.188004	0
3.72967	0.00224716	0.217984	0.153822	0
3.73029	0.002195	0	0	0
3.72971	0.00230041	0.435967	0.21649	0
3.72981	0.00216349	0.108992	0.108245	0
3.72873	0.00211024	0.108992	0.108245	0
3.73243	0.00229606	0.544959	0.244975	0
3.73281	0.00220695	0.544959	0.244975	0
3.72848	0.00211024	0.217984	0.153822	0
3.73195	0.00228302	0.108992	0.108245	0
3.73156	0.00203961	0.108992	0.108245	0
3.72807	0.00206243	0.108992	0.108245	0
3.73175	0.00213741	0.217984	0.153822	0
3.73008	0.00203527	0.217984	0.153822	0
3.72846	0.00197224	0	0	0
3.73131	0.00210155	0.217984	0.153822	0
3.73044	0.00222651	0.108992	0.108245	0
3.72904	0.00229389	0.544959	0.244975	0
3.7315	0.00208525	0.108992	0.108245	0
3.73081	0.00229606	0.217984	0.153822	0
3.73064	0.00233626	0.326975	0.188004	0
3.73224	0.002195	0.326975	0.188004	0
3.73148	0.00207221	0.108992	0.108245	0
3.73382	0.00209938	0	0	0
3.73443	0.00213741	0.217984	0.153822	0
3.73522	0.00211785	0.435967	0.21649	0
3.73233	0.00208525	0.217984	0.153822	0
3.73112	0.00220261	0.326975	0.188004	0
3.73245	0.00226455	0.326975	0.188004	0
3.73156	0.00214936	0	0	0
3.72925	0.00218957	0.217984	0.153822	0
3.72967	0.00210372	0.108992	0.108245	0
3.73243	0.00199071	0.108992	0.108245	0
3.73254	0.00232974	0.435967	0.21649	0
3.73453	0.00221021	0.108992	0.108245	0
3.73129	0.00205917	0.108992	0.108245	0
3.72979	0.00210698	0	0	0
3.73333	0.00212002	0.326975	0.188004	0
3.73297	0.00217327	0.435967	0.21649	0
3.73237	0.00223629	0.108992	0.108245	0
3.73538	0.00215371	0.217984	0.153822	0
3.73008	0.00220369	0.217984	0.153822	0
3.7315	0.00209829	0.108992	0.108245	0
3.73459	0.0021787	0.217984	0.153822	0
3.73295	0.0021624	0	0	0
3.73293	0.00216023	0.217984	0.153822	0
3.73231	0.00207656	0.108992	0.108245	0
3.73382	0.00209177	0.326975	0.188004	0
3.73185	0.00207982	0.108992	0.108245	0
3.73237	0.00228519	0.435967	0.21649	0
3.73553	0.00242211	0.217984	0.153822	0
3.73374	0.00209286	0.435967	0.21649	0
3.73403	0.00211024	0.217984	0.153822	0
3.73534	0.00234387	0.435967	0.21649	0
3.73713	0.00215914	0.217984	0.153822	0
3.73574	0.00220369	0.217984	0.153822	0
3.73237	0.00216784	0.108992	0.108245	0
3.7326	0.0021059	0	0	0
3.73565	0.00219391	0.217984	0.153822	0
3.73127	0.00207221	0.217984	0.153822	0
3.73127	0.00197441	0.108992	0.108245	0
3.73474	0.00221456	0.326975	0.188004	0
3.73476	0.00208199	0	0	0
3.73266	0.00229171	0.544959	0.244975	0
3.73482	0.00217218	0	0	0
3.73222	0.0021461	0.544959	0.244975	0
3.7326	0.00209938	0.435967	0.21649	0
3.73283	0.00223955	0.217984	0.153822	0
3.73266	0.00217653	0	0	0
3.73306	0.0020733	0.217984	0.153822	0
3.73534	0.00225368	0.544959	0.244975	0
3.73628	0.00230041	0.326975	0.188004	0
3.73276	0.00238516	0.326975	0.244975	0
3.73195	0.00212872	0.108992	0.108245	0
3.73268	0.00205157	0.108992	0.108245	0
3.73636	0.00207873	0.435967	0.21649	0
3.73557	0.00215914	0.544959	0.244975	0
3.73468	0.00216132	0.108992	0.108245	0
3.73162	0.00226781	0.217984	0.153822	0
3.73507	0.00221021	0.326975	0.188004	0
3.73513	0.00218631	0.217984	0.153822	0
3.73256	0.00201136	0	0	0
3.73439	0.00206352	0.326975	0.188004	0
3.73586	0.00219283	0.435967	0.21649	0
3.73636	0.00225803	0.435967	0.21649	0
3.73441	0.00217544	0.217984	0.153822	0
3.73601	0.00208851	0.217984	0.153822	0
3.73567	0.00197333	0.108992	0.108245	0
3.73262	0.00199506	0	0	0
3.73491	0.00202766	0	0	0
3.73592	0.00190487	0	0	0
3.73349	0.00207547	0	0	0
3.73414	0.00222977	0	0	0
3.73547	0.00215588	0.108992	0.108245	0
3.73243	0.00218631	0.108992	0.108245	0
3.73341	0.0020244	0.108992	0.108245	0
3.73594	0.0020733	0.217984	0.153822	0
3.73642	0.00219935	0.217984	0.153822	0
3.73466	0.0020972	0.108992	0.108245	0
3.73472	0.00228302	0.326975	0.188004	0
3.73657	0.00223195	0.108992	0.108245	0
3.73582	0.00228954	0.435967	0.21649	0
3.73788	0.00221782	0.544959	0.244975	0
3.73518	0.00210481	0.108992	0.108245	0
3.73416	0.00201571	0.217984	0.153822	0
3.73578	0.00212546	0	0	0
3.73204	0.00218305	0.217984	0.153822	0
3.73374	0.00224607	0.326975	0.188004	0
3.73715	0.00218196	0.326975	0.188004	0
3.73513	0.00201462	0	0	0
3.73472	0.0021222	0.217984	0.153822	0
3.73584	0.00209829	0	0	0
3.73549	0.00215588	0.108992	0.108245	0
3.73414	0.00223303	0.108992	0.108245	0
3.7332	0.00194182	0	0	0
3.73684	0.0019755	0	0	0
3.73609	0.00213089	0.217984	0.153822	0
3.73545	0.00206678	0.326975	0.188004	0
3.73503	0.00220913	0	0	0
3.73468	0.00205048	0	0	0
3.73802	0.00229823	0.326975	0.188004	0
3.73927	0.0021787	0.217984	0.153822	0
3.73638	0.00189726	0.108992	0.108245	0
3.73607	0.00197767	0	0	0
3.73653	0.00208525	0.326975	0.188004	0
3.73929	0.00211133	0.108992	0.108245	0
3.73831	0.0021624	0.217984	0.153822	0
3.73723	0.00223629	0.108992	0.108245	0
3.73632	0.00205048	0	0	0
3.73752	0.00210807	0.217984	0.153822	0
3.73935	0.0021711	0.217984	0.153822	0
3.73921	0.00220695	0.217984	0.153822	0
3.73881	0.0021135	0.108992	0.108245	0
3.73659	0.00216784	0.108992	0.108245	0
3.73649	0.00225803	0.435967	0.21649	0
3.7379	0.00226237	0.435967	0.21649	0
3.73965	0.00229171	0.544959	0.244975	0
3.74197	0.00233192	0.108992	0.108245	0
3.73877	0.00201462	0.108992	0.108245	0
3.73987	0.00213415	0.108992	0.108245	0
3.74133	0.00210807	0.217984	0.153822	0
3.73881	0.00225911	0.326975	0.188004	0
3.73827	0.0023819	0.326975	0.188004	0
3.74168	0.00218196	0.108992	0.108245	0
3.73794	0.00203744	0	0	0
3.73451	0.00196138	0.108992	0.108245	0
3.7375	0.00204831	0.217984	0.153822	0
3.73715	0.00200701	0.108992	0.108245	0
3.7373	0.0019918	0	0	0
3.73711	0.00198093	0	0	0
3.73707	0.0020896	0.217984	0.153822	0
3.73894	0.00208308	0.217984	0.153822	0
3.74123	0.00226129	0.217984	0.153822	0
3.73979	0.00211785	0	0	0
3.7391	0.00221239	0.217984	0.153822	0
3.73811	0.00220913	0.108992	0.108245	0
3.7378	0.00212328	0.108992	0.108245	0
3.73954	0.00221456	0.435967	0.21649	0
3.74071	0.00220913	0.108992	0.108245	0
3.74037	0.00207873	0.108992	0.108245	0
3.73896	0.00223412	0.217984	0.153822	0
3.73965	0.00221782	0.108992	0.108245	0
3.7394	0.00220043	0.108992	0.108245	0
3.73954	0.0020244	0.108992	0.108245	0
3.74077	0.00212546	0.326975	0.188004	0
3.73987	0.00208308	0.326975	0.188004	0
3.73902	0.00219066	0	0	0
3.73757	0.00205917	0.108992	0.108245	0
3.73973	0.00205157	0.326975	0.188004	0
3.74108	0.00220913	0.326975	0.188004	0
3.74075	0.00197441	0.108992	0.108245	0
3.74114	0.0021135	0.217984	0.153822	0
3.74135	0.0021135	0	0	0
3.74027	0.00210372	0.108992	0.108245	0
3.74037	0.00216349	0.108992	0.108245	0
3.7395	0.00201897	0	0	0
3.74025	0.00204831	0.108992	0.108245	0
3.73973	0.00211242	0.326975	0.188004	0
3.73761	0.00204722	0.108992	0.108245	0
3.74087	0.00201679	0	0	0
3.74089	0.00193204	0.217984	0.153822	0
3.74054	0.002057	0	0	0
3.74314	0.00201245	0.217984	0.153822	0
3.74145	0.0021298	0.108992	0.108245	0
3.73933	0.00211242	0.217984	0.153822	0
3.74262	0.00215806	0.326975	0.188004	0
3.74455	0.00223629	0.435967	0.21649	0
3.74268	0.00241342	0.435967	0.21649	0
3.74179	0.00213524	0.108992	0.108245	0
3.73967	0.00212546	0.217984	0.153822	0
3.74152	0.00207765	0	0	0
3.74156	0.00203744	0.108992	0.108245	0
3.74012	0.00202549	0	0	0
3.74179	0.00219609	0.217984	0.153822	0
3.74226	0.00203527	0.217984	0.153822	0
3.74083	0.0020407	0	0	0
3.73933	0.00197441	0	0	0
3.74027	0.00204505	0.217984	0.153822	0
3.74187	0.00213415	0.108992	0.108245	0
3.74314	0.00207873	0.217984	0.153822	0
3.74193	0.00208199	0.217984	0.153822	0
3.74191	0.00220587	0	0	0
3.74181	0.0021711	0.217984	0.153822	0
3.74316	0.0021624	0.326975	0.188004	0
3.74345	0.00218848	0.326975	0.188004	0
3.74364	0.0020733	0.326975	0.188004	0
3.74341	0.00225151	0.326975	0.188004	0
3.74066	0.00212872	0.108992	0.108245	0
3.74077	0.00198311	0	0	0
3.74268	0.00212654	0.217984	0.153822	0
3.74291	0.00215914	0.326975	0.188004	0
3.74048	0.00209394	0.108992	0.108245	0
3.74116	0.00214067	0.108992	0.108245	0
3.74056	0.00226237	0.108992	0.108245	0
3.74382	0.00222325	0.108992	0.108245	0
3.74522	0.0021624	0.326975	0.188004	0
3.74538	0.00221347	0.326975	0.188004	0
3.74405	0.00218522	0.108992	0.108245	0
3.74183	0.00208851	0.217984	0.153822	0
3.74206	0.00216784	0.108992	0.108245	0
3.74501	0.00205591	0	0	0
3.74339	0.00200267	0.217984	0.153822	0
3.74586	0.00209177	0.108992	0.108245	0
3.7449	0.00210698	0.326975	0.188004	0
3.74162	0.00224716	0.326975	0.188004	0
3.74378	0.00216892	0.217984	0.153822	0
3.74638	0.00219609	0.108992	0.108245	0
3.74405	0.00202331	0.108992	0.108245	0
3.74424	0.00199397	0.108992	0.108245	0
3.74559	0.0019918	0.108992	0.108245	0
3.74594	0.00211568	0.217984	0.153822	0
3.74384	0.00219174	0.108992	0.108245	0
3.74534	0.00208851	0.108992	0.108245	0
3.7459	0.00210698	0.217984	0.153822	0
3.74495	0.00213415	0.326975	0.188004	0
3.74549	0.00213198	0	0	0
3.74734	0.00219391	0.326975	0.188004	0
3.74549	0.00202766	0.217984	0.153822	0
3.74335	0.00209177	0.108992	0.108245	0
3.74468	0.00221999	0.108992	0.108245	0
3.74511	0.0021874	0.217984	0.153822	0
3.74399	0.00206895	0.108992	0.108245	0
3.74436	0.00219066	0.326975	0.188004	0
3.74536	0.00222869	0.217984	0.153822	0
3.74524	0.00210481	0.217984	0.153822	0
3.74617	0.00207982	0.326975	0.188004	0
3.74603	0.00212872	0.108992	0.108245	0
3.7447	0.00214719	0.217984	0.153822	0
3.74368	0.00200267	0.217984	0.153822	0
3.74634	0.00209068	0.326975	0.188004	0
3.74501	0.00206352	0.108992	0.108245	0
3.74422	0.00206678	0	0	0
3.74511	0.00193312	0.108992	0.108245	0
3.74565	0.00207004	0.108992	0.108245	0
3.74401	0.00200919	0	0	0
3.74634	0.00203635	0	0	0
3.74605	0.00209938	0.217984	0.153822	0
3.74682	0.00227324	0.326975	0.188004	0
3.74784	0.00214502	0.108992	0.108245	0
3.7447	0.00205157	0.108992	0.108245	0
3.74617	0.00215697	0	0	0
3.74723	0.00219609	0.108992	0.108245	0
3.74418	0.00205265	0	0	0
3.74678	0.00217436	0.217984	0.153822	0
3.748	0.00206026	0	0	0
3.74696	0.00197333	0.217984	0.153822	0
3.74744	0.00206135	0.108992	0.108245	0
3.74861	0.0021624	0.217984	0.153822	0
3.74838	0.00191139	0.108992	0.108245	0
3.74599	0.001894	0	0	0
3.7463	0.00206895	0.217984	0.153822	0
3.74534	0.00214176	0.108992	0.108245	0
3.74873	0.00198745	0.108992	0.108245	0
3.7489	0.00198745	0.217984	0.153822	0
3.74892	0.00215262	0.108992	0.108245	0
3.74852	0.0020733	0	0	0
3.7479	0.00201679	0.217984	0.153822	0
3.74944	0.0020081	0.544959	0.244975	0
3.74888	0.00222108	0.326975	0.188004	0
3.74869	0.00217001	0	0	0
3.74885	0.00209612	0.108992	0.108245	0
3.74981	0.00207004	0.326975	0.188004	0
3.75181	0.00207982	0.108992	0.108245	0
3.75181	0.00214719	0.217984	0.153822	0
3.74873	0.00201571	0.108992	0.108245	0
3.75098	0.00211568	0.108992	0.108245	0
3.75	0.00219717	0.217984	0.153822	0
3.74967	0.00205157	0	0	0
3.75095	0.00214393	0.435967	0.21649	0
3.75185	0.00214284	0.217984	0.153822	0
3.74931	0.00211894	0.217984	0.153822	0
3.74732	0.00217762	0.108992	0.108245	0
3.74992	0.00211785	0.217984	0.153822	0
3.75029	0.00219283	0.108992	0.108245	0
3.74806	0.0020896	0.108992	0.108245	0
3.74686	0.00202549	0.108992	0.108245	0
3.74844	0.00200158	0	0	0
3.74915	0.00207221	0.108992	0.108245	0
3.75037	0.00201679	0.108992	0.108245	0
3.74794	0.00207004	0.326975	0.188004	0
3.74497	0.00214067	0.108992	0.108245	0
3.74917	0.00212111	0.108992	0.108245	0
3.75004	0.00218196	0.217984	0.153822	0
3.74871	0.00215045	0.217984	0.153822	0
3.7489	0.00216023	0	0	0
3.74871	0.00210916	0	0	0
3.74933	0.00216675	0.326975	0.188004	0
3.74846	0.00207873	0	0	0
3.74985	0.00204287	0.108992	0.108245	0
3.74969	0.00225259	0.108992	0.108245	0
3.74975	0.0021461	0.217984	0.153822	0
3.75158	0.00209938	0.217984	0.153822	0
3.75149	0.00214393	0	0	0
3.7532	0.00209177	0.108992	0.108245	0
3.75301	0.00222434	0.217984	0.153822	0
3.75035	0.0020972	0.108992	0.108245	0
3.74935	0.00207765	0.108992	0.108245	0
3.74998	0.00221782	0.108992	0.108245	0
3.75181	0.00193204	0	0	0
3.75041	0.00195268	0.108992	0.108245	0
3.75357	0.00198637	0.435967	0.21649	0
3.75399	0.00212111	0.544959	0.244975	0
3.75272	0.00202549	0	0	0
3.75021	0.00209829	0	0	0
3.74989	0.00201897	0.108992	0.108245	0
3.74902	0.00200919	0.217984	0.153822	0
3.751	0.00217436	0.217984	0.153822	0
3.74915	0.00221999	0.435967	0.21649	0
3.75066	0.00203744	0	0	0
3.75087	0.00206895	0.326975	0.188004	0
3.75318	0.00218414	0.217984	0.153822	0
3.75295	0.00250578	0.326975	0.188004	0
3.75066	0.0020733	0.108992	0.108245	0
3.74969	0.00207765	0	0	0
3.75201	0.00208525	0.108992	0.108245	0
3.75278	0.00232431	0.435967	0.21649	0
3.75212	0.0021222	0.108992	0.108245	0
3.75073	0.00198202	0.217984	0.153822	0
3.75191	0.00226563	0.435967	0.21649	0
3.7538	0.00224173	0.326975	0.188004	0
3.75349	0.00200375	0.108992	0.108245	0
3.75349	0.00208634	0	0	0
3.75364	0.00207547	0.108992	0.108245	0
3.75335	0.00213632	0.326975	0.188004	0
3.75245	0.00194508	0.108992	0.108245	0
3.75256	0.00217218	0	0	0
3.75251	0.0020407	0	0	0
3.75085	0.00192552	0.108992	0.108245	0
3.75129	0.00202983	0.108992	0.108245	0
3.75256	0.00202331	0	0	0
3.75335	0.00200158	0.217984	0.153822	0
3.75584	0.00220152	0.108992	0.108245	0
3.75457	0.00207547	0.108992	0.108245	0
3.75095	0.00211242	0.217984	0.153822	0
3.75291	0.0019592	0	0	0
3.75484	0.00203092	0.217984	0.153822	0
3.75386	0.00200593	0.217984	0.153822	0
3.7532	0.0019516	0.108992	0.108245	0
3.75351	0.00213415	0	0	0
3.75355	0.00216023	0.217984	0.153822	0
3.75378	0.0019266	0	0	0
3.75283	0.00188205	0	0	0
3.75393	0.00197985	0.108992	0.108245	0
3.75752	0.00209286	0.326975	0.188004	0
3.75619	0.00221999	0	0	0
3.7554	0.00221673	0.217984	0.153822	0
3.75418	0.00197985	0.217984	0.153822	0
3.75447	0.00208199	0	0	0
3.75407	0.00210698	0.108992	0.108245	0
3.7554	0.00188857	0	0	0
3.75258	0.00189835	0	0	0
3.75414	0.00200593	0	0	0
3.75582	0.00208525	0.108992	0.108245	0
3.7532	0.002057	0.108992	0.108245	0
3.75457	0.002057	0.435967	0.21649	0
3.7564	0.0020809	0	0	0
3.75493	0.00200049	0	0	0
3.75486	0.00193312	0	0	0
3.75648	0.0019516	0.326975	0.188004	0
3.75657	0.0021298	0.108992	0.108245	0
3.75542	0.00202005	0.326975	0.188004	0
3.75405	0.00206895	0	0	0
3.75318	0.00208525	0.108992	0.108245	0
3.75727	0.00227215	0.217984	0.153822	0
3.75678	0.00211459	0.108992	0.108245	0
3.75509	0.00201571	0.108992	0.108245	0
3.75621	0.00202549	0.108992	0.108245	0
3.75933	0.0021461	0.435967	0.21649	0
3.75678	0.00220043	0	0	0
3.75603	0.00202875	0	0	0
3.75651	0.00200049	0.108992	0.108245	0
3.75846	0.0021874	0.326975	0.188004	0
3.75707	0.00206678	0.217984	0.153822	0
3.75738	0.00202223	0.217984	0.153822	0
3.75663	0.00210046	0.108992	0.108245	0
3.7579	0.00206026	0.108992	0.108245	0
3.75738	0.00209286	0.217984	0.153822	0
3.75661	0.00196572	0	0	0
3.75561	0.00196789	0.108992	0.108245	0
3.75551	0.00197441	0.108992	0.108245	0
3.7558	0.00201245	0	0	0
3.75719	0.00197224	0.108992	0.108245	0
3.757	0.00210264	0.108992	0.108245	0
3.75765	0.00223738	0.217984	0.153822	0
3.7564	0.00214828	0.108992	0.108245	0
3.75829	0.00200049	0.108992	0.108245	0
3.75619	0.00201679	0	0	0
3.75842	0.00203527	0.108992	0.108245	0
3.76002	0.00202766	0	0	0
3.7605	0.00216458	0.108992	0.108245	0
3.75985	0.00224499	0.217984	0.153822	0
3.75738	0.0019266	0.108992	0.108245	0
3.75599	0.00203961	0.108992	0.108245	0
3.75944	0.00198202	0	0	0
3.75836	0.00198745	0.108992	0.108245	0
3.75673	0.00215588	0.326975	0.188004	0
3.75663	0.00213089	0	0	0
3.75682	0.00192552	0.108992	0.108245	0
3.7589	0.00200375	0	0	0
3.75817	0.00197007	0	0	0
3.75944	0.00202657	0.108992	0.108245	0
3.75952	0.00203635	0.217984	0.153822	0
3.7579	0.00200484	0	0	0
3.75836	0.00199506	0.217984	0.153822	0
3.76147	0.00221239	0	0	0
3.76131	0.00220261	0.217984	0.153822	0
3.75935	0.00212328	0.217984	0.153822	0
3.75877	0.00211894	0	0	0
3.7595	0.00215806	0.108992	0.108245	0
3.75929	0.0021624	0.217984	0.153822	0
3.76031	0.00197767	0	0	0
3.76122	0.00196464	0	0	0
3.7596	0.00202983	0.108992	0.108245	0
3.75883	0.00199832	0.217984	0.153822	0
3.75927	0.00230149	0.217984	0.153822	0
3.75981	0.00218414	0.108992	0.108245	0
3.76228	0.00209068	0.217984	0.153822	0
3.75969	0.00203961	0.217984	0.153822	0
3.75744	0.00217762	0.108992	0.108245	0
3.75952	0.00198093	0	0	0
3.75964	0.00191574	0	0	0
3.76118	0.00208851	0.108992	0.108245	0
3.76033	0.00199723	0.108992	0.108245	0
3.75925	0.00201788	0	0	0
3.75875	0.00190596	0	0	0
3.75863	0.00202005	0.108992	0.108245	0
3.76054	0.00204505	0.217984	0.153822	0
3.76299	0.0021059	0	0	0
3.75962	0.00207547	0	0	0
3.75881	0.00208416	0.108992	0.108245	0
3.76089	0.00209177	0	0	0
3.76137	0.0020244	0	0	0
3.75979	0.00200049	0.108992	0.108245	0
3.76172	0.00211785	0.217984	0.153822	0
3.76048	0.00199615	0	0	0
3.76085	0.00194182	0	0	0
3.76093	0.00193312	0.108992	0.108245	0
3.76253	0.00196572	0	0	0
3.76253	0.00209829	0.217984	0.153822	0
3.76085	0.00213632	0	0	0
3.76068	0.00204613	0.108992	0.108245	0
3.76382	0.00205157	0.217984	0.153822	0
3.76497	0.00210046	0.217984	0.153822	0
3.76393	0.00223303	0.217984	0.153822	0
3.76339	0.00201245	0.108992	0.108245	0
3.76243	0.00196572	0.108992	0.108245	0
3.76133	0.0020972	0.108992	0.108245	0
3.76312	0.00202223	0.108992	0.108245	0
3.76064	0.00197876	0.108992	0.108245	0
3.76114	0.00196464	0.217984	0.153822	0
3.76374	0.00209938	0.108992	0.108245	0
3.76208	0.00206243	0.108992	0.108245	0
3.76316	0.00195268	0	0	0
3.76364	0.00209286	0.217984	0.153822	0
3.7606	0.00214936	0	0	0
3.76255	0.00207004	0	0	0
3.7621	0.00205374	0.108992	0.108245	0
3.76091	0.00202223	0	0	0
3.7601	0.00199506	0	0	0
3.76206	0.00202223	0	0	0
3.76359	0.00201462	0.108992	0.108245	0
3.76526	0.00205591	0.108992	0.108245	0
3.76226	0.00202766	0	0	0
3.76241	0.00199071	0.108992	0.108245	0
3.76457	0.00189074	0	0	0
3.76519	0.00210372	0	0	0
3.76389	0.00225151	0.217984	0.153822	0
3.7644	0.00201679	0.108992	0.108245	0
3.76258	0.0021222	0.108992	0.108245	0
3.76285	0.0019103	0.108992	0.108245	0
3.76686	0.00204831	0.217984	0.153822	0
3.76328	0.00210155	0	0	0
3.76141	0.00205157	0	0	0
3.76293	0.00198854	0.108992	0.108245	0
3.7663	0.00212546	0.108992	0.108245	0
3.76775	0.0020896	0	0	0
3.76819	0.00186901	0	0	0
3.76509	0.00189618	0.108992	0.108245	0
3.76357	0.00206243	0.108992	0.108245	0
3.76413	0.00202983	0	0	0
3.7644	0.00203418	0	0	0
3.76478	0.00193312	0	0	0
3.76434	0.00206026	0.108992	0.108245	0
3.76266	0.0021461	0.108992	0.108245	0
3.76534	0.00205157	0.108992	0.108245	0
3.7653	0.0019592	0	0	0
3.76183	0.00202657	0	0	0
3.76432	0.00207765	0.108992	0.108245	0
0	0	0	0	0
0	0	0	0	0
0	0	0	0	0
0	0	0	0	0
0	0	0	0	0
0	0	0	0	0
0	0	0	0	0
0	0	0	0	0
0	0	0	0	0
0	0	0	0	0
0	0	0	0	0
0	0	0	0	0
0	0	0	0	0
0	0	0	0	0
0	0	0	0	0
0	0	0	0	0
0	0	0	0	0
0	0	0	0	0
0	0	0	0	0
0	0	0	0	0
0	0	0	0	0
0	0	0	0	0
0	0	0	0	0
0	0	0	0	0
0	0	0	0	0
0	0	0	0	0
0	0	0	0	0
0	0	0	0	0
0	0	0	0	0
0	0	0	0	0
0	0	0	0	0
0	0	0	0	0
0	0	0	0	0
0	0	0	0	0
0	0	0	0	0
0	0	0	0	0
0	0	0	0	0
0	0	0	0	0
0	0	0	0	0
0	0	0	0	0
0	0	0	0	0
0	0	0	0	0
0	0	0	0	0
0	0	0	0	0
0	0	0	0	0
0	0	0	0	0
0	0	0	0	0
0	0	0	0	0
0	0	0	0	0
0	0	0	0	0
0	0	0	0	0
0	0	0	0	0
0	0	0	0	0
0	0	0	0	0
0	0	0	0	0
0	0	0	0	0
0	0	0	0	0
0	0	0	0	0
0	0	0	0	0
0	0	0	0	0
0	0	0	0	0
0	0	0	0	0
0	0	0	0	0
0	0	0	0	0
0	0	0	0	0
0	0	0	0	0
0	0	0	0	0
0	0	0	0	0
0	0	0	0	0
0	0	0	0	0
0	0	0	0	0
0	0	0	0	0
0	0	0	0	0
0	0	0	0	0
0	0	0	0	0
0	0	0	0	0
0	0	0	0	0
0	0	0	0	0
0	0	0	0	0
0	0	0	0	0
0	0	0	0	0
0	0	0	0	0
0	0	0	0	0
0	0	0	0	0
0	0	0	0	0
0	0	0	0	0
0	0	0	0	0
0	0	0	0	0
0	0	0	0	0
0	0	0	0	0
0	0	0	0	0
0	0	0	0	0
0	0	0	0	0
0	0	0	0	0
0	0	0	0	0
0	0	0	0	0
0	0	0	0	0
0	0	0	0	0
0	0	0	0	0
0	0	0	0	0
0	0	0	0	0
0	0	0	0	0
0	0	0	0	0
0	0	0	0	0
0	0	0	0	0
0	0	0	0	0
0	0	0	0	0
0	0	0	0	0
0	0	0	0	0
0	0	0	0	0
0	0	0	0	0
0	0	0	0	0
0	0	0	0	0
0	0	0	0	0
0	0	0	0	0
0	0	0	0	0
0	0	0	0	0
0	0	0	0	0
0	0	0	0	0
0	0	0	0	0
0	0	0	0	0
0	0	0	0	0
0	0	0	0	0
0	0	0	0	0
0	0	0	0	0
0	0	0	0	0
0	0	0	0	0
0	0	0	0	0
0	0	0	0	0
0	0	0	0	0
0	0	0	0	0
0	0	0	0	0
0	0	0	0	0
0	0	0	0	0
0	0	0	0	0
0	0	0	0	0
0	0	0	0	0
0	0	0	0	0
0	0	0	0	0
0	0	0	0	0
0	0	0	0	0
0	0	0	0	0
0	0	0	0	0
0	0	0	0	0
0	0	0	0	0
0	0	0	0	0
0	0	0	0	0
0	0	0	0	0
0	0	0	0	0
0	0	0	0	0
0	0	0	0	0
0	0	0	0	0
0	0	0	0	0
0	0	0	0	0
0	0	0	0	0
0	0	0	0	0
0	0	0	0	0
0	0	0	0	0
0	0	0	0	0
0	0	0	0	0
0	0	0	0	0
0	0	0	0	0
0	0	0	0	0
0	0	0	0	0
0	0	0	0	0
0	0	0	0	0
0	0	0	0	0
0	0	0	0	0
0	0	0	0	0
0	0	0	0	0
0	0	0	0	0
0	0	0	0	0
0	0	0	0	0
0	0	0	0	0
0	0	0	0	0
0	0	0	0	0
0	0	0	0	0
0	0	0	0	0
0	0	0	0	0
0	0	0	0	0
0	0	0	0	0
0	0	0	0	0
0	0	0	0	0
0	0	0	0	0
0	0	0	0	0
0	0	0	0	0
0	0	0	0	0
0	0	0	0	0
0	0	0	0	0
0	0	0	0	0
0	0	0	0	0
0	0	0	0	0
0	0	0	0	0
0	0	0	0	0
0	0	0	0	0
0	0	0	0	0
0	0	0	0	0
0	0	0	0	0
0	0	0	0	0
0	0	0	0	0
0	0	0	0	0
0	0	0	0	0
0	0	0	0	0
0	0	0	0	0
0	0	0	0	0
0	0	0	0	0
0	0	0	0	0
0	0	0	0	0
0	0	0	0	0
0	0	0	0	0
0	0	0	0	0
0	0	0	0	0
0	0	0	0	0
0	0	0	0	0
0	0	0	0	0
0	0	0	0	0
0	0	0	0	0
0	0	0	0	0
0	0	0	0	0
0	0	0	0	0
0	0	0	0	0
0	0	0	0	0
0	0	0	0	0
0	0	0	0	0
0	0	0	0	0
0	0	0	0	0
0	0	0	0	0
0	0	0	0	0
0	0	0	0	0
0	0	0	0	0
0	0	0	0	0
0	0	0	0	0
0	0	0	0	0
0	0	0	0	0
0	0	0	0	0
0	0	0	0	0
0	0	0	0	0
0	0	0	0	0
0	0	0	0	0
0	0	0	0	0
0	0	0	0	0
0	0	0	0	0
0	0	0	0	0
0	0	0	0	0
0	0	0	0	0
0	0	0	0	0
0	0	0	0	0
0	0	0	0	0
0	0	0	0	0
0	0	0	0	0
0	0	0	0	0
0	0	0	0	0
0	0	0	0	0
0	0	0	0	0
0	0	0	0	0
0	0	0	0	0
0	0	0	0	0
0	0	0	0	0
0	0	0	0	0
0	0	0	0	0
0	0	0	0	0
0	0	0	0	0
0	0	0	0	0
0	0	0	0	0
0	0	0	0	0
0	0	0	0	0
0	0	0	0	0
0	0	0	0	0
0	0	0	0	0
0	0	0	0	0
0	0	0	0	0
0	0	0	0	0
0	0	0	0	0
0	0	0	0	0
0	0	0	0	0
0	0	0	0	0
0	0	0	0	0
0	0	0	0	0
0	0	0	0	0
0	0	0	0	0
0	0	0	0	0
0	0	0	0	0
0	0	0	0	0
0	0	0	0	0
0	0	0	0	0
0	0	0	0	0
0	0	0	0	0
0	0	0	0	0
0	0	0	0	0
0	0	0	0	0
0	0	0	0	0
0	0	0	0	0
0	0	0	0	0
0	0	0	0	0
0	0	0	0	0
0	0	0	0	0
0	0	0	0	0
0	0	0	0	0
0	0	0	0	0
0	0	0	0	0
0	0	0	0	0
0	0	0	0	0
0	0	0	0	0
0	0	0	0	0
0	0	0	0	0
0	0	0	0	0
0	0	0	0	0
0	0	0	0	0
0	0	0	0	0
0	0	0	0	0
0	0	0	0	0
0	0	0	0	0
0	0	0	0	0
0	0	0	0	0
0	0	0	0	0
0	0	0	0	0
0	0	0	0	0
0	0	0	0	0
0	0	0	0	0
0	0	0	0	0
0	0	0	0	0
0	0	0	0	0
0	0	0	0	0
0	0	0	0	0
0	0	0	0	0
0	0	0	0	0
0	0	0	0	0
0	0	0	0	0
0	0	0	0	0
0	0	0	0	0
0	0	0	0	0
0	0	0	0	0
0	0	0	0	0
0	0	0	0	0
0	0	0	0	0
0	0	0	0	0
0	0	0	0	0
0	0	0	0	0
0	0	0	0	0
0	0	0	0	0
0	0	0	0	0
0	0	0	0	0
0	0	0	0	0
0	0	0	0	0
0	0	0	0	0
0	0	0	0	0
0	0	0	0	0
0	0	0	0	0
0	0	0	0	0
0	0	0	0	0
0	0	0	0	0
0	0	0	0	0
0	0	0	0	0
0	0	0	0	0
0	0	0	0	0
0	0	0	0	0
0	0	0	0	0
0	0	0	0	0
0	0	0	0	0
0	0	0	0	0
0	0	0	0	0
0	0	0	0	0
0	0	0	0	0
0	0	0	0	0
0	0	0	0	0
0	0	0	0	0
0	0	0	0	0
0	0	0	0	0
0	0	0	0	0
0	0	0	0	0
0	0	0	0	0
0	0	0	0	0
0	0	0	0	0
0	0	0	0	0
0	0	0	0	0
0	0	0	0	0
0	0	0	0	0
0	0	0	0	0
0	0	0	0	0
0	0	0	0	0
0	0	0	0	0
0	0	0	0	0
0	0	0	0	0
0	0	0	0	0
0	0	0	0	0
0	0	0	0	0
0	0	0	0	0
0	0	0	0	0
0	0	0	0	0
0	0	0	0	0
0	0	0	0	0
0	0	0	0	0
0	0	0	0	0
0	0	0	0	0
0	0	0	0	0
0	0	0	0	0
0	0	0	0	0
0	0	0	0	0
0	0	0	0	0
0	0	0	0	0
