a2610811.050788
Narit-cm 08/01/2026 10:35:08 08/01/2026 11:05:07 0045 0013.384714 0052.542598 00.0 00.0
0002401 0010 0000000 0010 05 0000000 0010 0000000 0010
1 0 1 01600 1 0000 3.75 00000.o 0 0 01 000 16 002401 0.500 BT0
1 2 1 02000 1 0000 3.75 00000.o 0 0 01 000 16 002401 0.500 S2A0
1 1 1 01600 1 0000 3.75 00000.o 0 0 00 000 00 002401 3.1746 BC0
1 3 1 02000 1 0000 3.75 00000.o 0 0 00 000 00 002401 3.1746 S2P0
1 5 0 01600 0 0000 1.00 00000.o 0 0 00 000 00 000000 0.000 OF0
0.000 .o Analog 0 	0.000 .o Analog StErr 0 	0.000 .o Photon Counting 0 	0.000 .o PC StErr 0 	0.000 .o Overflow Info 0 
33.3206	0.136633	160.583	0.83554	0
59.4909	0.221269	167.38	0.844382	0
147.332	0.975032	83.282	1.19873	0
392.497	1.70245	0.316535	0.0724339	1
483.333	0.253708	26.1558	0.72978	1
473.479	0.0118106	140.575	1.23852	0
473.457	2.00424E-5	121.716	1.28715	0
473.457	0	23.7068	0.671289	0
473.457	0	13.4277	0.493095	0
473.457	0	30.8372	0.690332	0
473.457	0	69.8709	0.910695	0
473.457	0	120.483	1.0457	0
473.457	0	149.171	1.02156	0
473.457	0	127.53	1.02666	0
473.652	0.0405404	106.456	0.965785	1
478.866	0.205133	100.575	0.982108	1
492.951	0.224802	100.675	0.925317	1
499.767	0.0470687	107.122	0.93892	1
499.889	0.0348929	109.554	0.935859	1
499.977	0.0150596	117.135	0.926338	1
500	0	136.61	0.949802	1
499.946	0.0127059	159.217	0.934839	1
494.542	0.211577	173.578	0.922937	1
471.799	0.453169	182.507	0.927358	1
437.243	0.484038	189.488	0.906614	1
404.972	0.465698	188.505	0.912395	1
375.766	0.442174	190.304	0.88655	0
349.303	0.416548	187.422	0.900833	0
325.678	0.393376	187.005	0.902873	0
304.33	0.372941	183.857	0.912055	0
284.762	0.353284	185.023	0.889271	0
266.885	0.338391	180.758	0.867506	0
250.347	0.3253	182.457	0.876688	0
234.966	0.314662	179.742	0.863426	0
220.661	0.308586	180.425	0.877368	0
207.056	0.30499	177.843	0.849823	0
194.022	0.299749	177.709	0.877708	0
181.76	0.29322	176.91	0.853564	0
170.154	0.287371	174.91	0.863086	0
159.187	0.283944	174.161	0.854584	0
148.795	0.282504	173.528	0.855604	0
138.712	0.280111	172.561	0.850503	0
129.101	0.27781	172.578	0.855944	0
119.976	0.275951	171.162	0.847443	0
111.166	0.273564	169.096	0.856624	0
102.765	0.272687	168.596	0.850163	0
94.7419	0.272087	168.48	0.848123	0
87.0435	0.268579	167.297	0.847783	0
79.6417	0.263077	166.297	0.854584	0
72.5646	0.257886	166.464	0.838941	0
66.0017	0.249121	165.031	0.83656	0
59.9452	0.237888	164.565	0.839621	0
54.3811	0.226627	164.765	0.829419	0
49.4048	0.214028	162.716	0.829419	0
44.8762	0.197252	162.432	0.83316	0
40.8203	0.176952	162.366	0.842682	0
37.3713	0.157951	160.383	0.815136	0
34.4421	0.139614	160.85	0.831459	0
31.9314	0.120667	159.1	0.817517	0
29.8185	0.103948	158.584	0.811056	0
28.097	0.0884589	157.784	0.830099	0
26.7038	0.0759783	155.635	0.825338	0
25.5154	0.0661325	156.935	0.811736	0
24.5749	0.0582247	156.268	0.822618	0
23.8811	0.0502057	153.986	0.813436	0
23.2559	0.0455308	154.436	0.809015	0
22.6588	0.0405335	153.886	0.819557	0
22.1683	0.0374037	152.72	0.816157	0
21.7793	0.0346924	152.137	0.824998	0
21.4263	0.0323701	151.204	0.811736	0
21.1327	0.0304568	150.654	0.829079	0
20.8945	0.0294877	150.454	0.824998	0
20.636	0.0288184	149.888	0.823298	0
20.4339	0.0282174	149.838	0.811396	0
20.3022	0.0272213	150.121	0.802894	0
20.127	0.02682	147.355	0.814116	0
19.9138	0.0271936	147.189	0.809355	0
19.787	0.026333	149.304	0.817517	0
19.708	0.0265966	147.339	0.827719	0
19.5441	0.0257382	148.921	0.815476	0
19.4024	0.0260903	147.255	0.812756	0
19.3021	0.0253816	147.405	0.812416	0
19.1898	0.0249657	146.022	0.814116	0
19.09	0.0254966	148.205	0.819897	0
18.992	0.0255925	147.255	0.818877	0
18.8845	0.0255354	146.256	0.83486	0
18.8257	0.025706	146.506	0.810715	0
18.7599	0.0255731	145.256	0.815136	0
18.643	0.0252469	145.14	0.811736	0
18.5787	0.0255462	146.722	0.816837	0
18.5153	0.0252777	145.973	0.812416	0
18.4344	0.0255373	144.873	0.812076	0
18.405	0.0258447	146.156	0.817857	0
18.3334	0.0253731	144.556	0.821598	0
18.2377	0.0245268	146.289	0.800514	0
18.2146	0.0247204	145.106	0.810715	0
18.1348	0.0245487	143.474	0.816157	0
18.0461	0.0246634	145.723	0.805614	0
18.0778	0.0250221	144.723	0.807655	0
18.0085	0.0243326	146.006	0.808335	0
17.8516	0.0237102	145.656	0.822618	0
17.8442	0.0245152	144.89	0.812756	0
17.8713	0.0238398	144.573	0.827039	0
17.7843	0.0239435	145.09	0.811736	0
17.6722	0.0241209	145.556	0.812756	0
17.6827	0.0245105	145.489	0.796433	0
17.671	0.0248151	141.891	0.804594	0
17.5888	0.0244451	145.873	0.793372	0
17.5709	0.0246845	145.14	0.799493	0
17.5702	0.0241133	144.99	0.776709	0
17.5111	0.0241054	143.723	0.803234	0
17.474	0.0239132	143.907	0.810715	0
17.474	0.023922	143.773	0.807315	0
17.4373	0.0244221	144.956	0.806635	0
17.3897	0.0239069	143.957	0.822278	0
17.3515	0.0241174	144.123	0.824998	0
17.3334	0.023913	144.64	0.795072	0
17.2569	0.0235966	142.374	0.800514	0
17.178	0.0237982	144.073	0.792012	0
17.1599	0.0235341	143.524	0.792352	0
17.0865	0.0234933	142.624	0.821598	0
17.036	0.0234853	143.007	0.807655	0
17.0072	0.0234265	143.74	0.794392	0
16.894	0.0234507	143.307	0.800514	0
16.7912	0.0243297	141.441	0.817517	0
16.7505	0.0232147	142.141	0.795072	0
16.7106	0.0233627	142.624	0.800514	0
16.6426	0.0235881	142.241	0.801874	0
16.5551	0.023408	142.157	0.797453	0
16.4973	0.0233823	141.974	0.785211	0
16.4484	0.0235828	142.774	0.788611	0
16.4014	0.0236628	142.124	0.791332	0
16.3524	0.0233616	141.808	0.802214	0
16.2712	0.022684	141.574	0.814796	0
16.2041	0.0233838	142.057	0.800514	0
16.1514	0.0227037	141.125	0.798813	0
16.0399	0.022594	141.741	0.804254	0
15.9702	0.0220527	141.708	0.796093	0
15.9484	0.0220866	140.292	0.813436	0
15.8759	0.0224502	140.975	0.786231	0
15.812	0.0217353	139.808	0.812756	0
15.7709	0.0221514	141.125	0.809355	0
15.7203	0.021584	140.908	0.802894	0
15.6772	0.0223247	140.591	0.809355	0
15.6202	0.0217494	140.925	0.789631	0
15.5573	0.022691	139.025	0.812756	0
15.4965	0.0225837	140.575	0.794052	0
15.4811	0.0220622	139.459	0.830779	0
15.4461	0.0218553	140.725	0.811736	0
15.3911	0.0221823	140.008	0.798473	0
15.3738	0.0220908	138.576	0.806635	0
15.327	0.0223271	139.608	0.796433	0
15.2692	0.0220674	139.509	0.793032	0
15.2414	0.0223409	139.708	0.806295	0
15.2031	0.0215295	138.759	0.800173	0
15.1728	0.0217134	138.426	0.822618	0
15.1517	0.021747	138.392	0.809695	0
15.1337	0.0216836	137.576	0.807995	0
15.1293	0.0218037	139.608	0.816837	0
15.0814	0.021527	138.642	0.798473	0
15.0148	0.0218338	138.242	0.796433	0
14.997	0.0216467	137.193	0.820917	0
14.9643	0.0215581	138.626	0.806975	0
14.9247	0.0211629	138.459	0.784871	0
14.9177	0.021205	138.292	0.822618	0
14.8873	0.0213208	138.309	0.796773	0
14.8784	0.0215547	139.958	0.805614	0
14.8785	0.0219596	138.576	0.797113	0
14.818	0.0215762	136.643	0.800514	0
14.7721	0.0215192	136.893	0.803234	0
14.7831	0.021682	139.159	0.795753	0
14.7686	0.021718	136.726	0.791332	0
14.7285	0.0214703	137.826	0.805614	0
14.7137	0.0218138	137.509	0.797793	0
14.6713	0.0211095	138.159	0.811396	0
14.6211	0.0215984	135.36	0.798813	0
14.577	0.0213799	137.476	0.791672	0
14.5739	0.0215646	137.209	0.819897	0
14.5798	0.0210226	137.609	0.787931	0
14.5356	0.0212037	137.576	0.796773	0
14.5067	0.0212416	137.876	0.809695	0
14.4928	0.0213435	136.643	0.821598	0
14.4689	0.0213424	135.943	0.779429	0
14.4606	0.0215167	138.559	0.784871	0
14.4417	0.0214784	135.427	0.805274	0
14.4041	0.0216257	136.227	0.795753	0
14.3905	0.0209318	136.876	0.800173	0
14.4025	0.0207329	137.226	0.802214	0
14.3824	0.0214539	136.443	0.799493	0
14.3734	0.0210062	137.176	0.800173	0
14.3614	0.0214769	136.493	0.789631	0
14.3046	0.0212475	135.96	0.796093	0
14.2771	0.021337	135.727	0.812076	0
14.2568	0.0212267	137.01	0.814116	0
14.2435	0.0209722	137.543	0.809355	0
14.2234	0.0215997	136.876	0.799833	0
14.217	0.021101	137.526	0.801534	0
14.2273	0.0205541	135.993	0.785551	0
14.2072	0.0209106	136.493	0.785551	0
14.1831	0.0208067	136.76	0.83214	0
14.1524	0.0210673	134.96	0.811056	0
14.1242	0.0207807	135.61	0.803574	0
14.1129	0.0209481	136.46	0.805955	0
14.096	0.021185	136.293	0.793372	0
14.0832	0.0204675	136.077	0.795413	0
14.0525	0.0205245	135.793	0.819557	0
14.0036	0.0206016	135.327	0.813096	0
13.9959	0.0209141	135.41	0.798133	0
14.0177	0.0205878	137.11	0.794392	0
13.9996	0.0205219	134.777	0.800514	0
13.966	0.0203699	135.527	0.809355	0
13.9743	0.0206725	135.56	0.788611	0
13.9574	0.0203524	132.778	0.794392	0
13.9417	0.0204723	135.993	0.808675	0
13.9691	0.0204533	135.027	0.811736	0
13.9266	0.0201459	135.294	0.797793	0
13.9092	0.0204378	135.36	0.78079	0
13.9449	0.0201795	134.561	0.801874	0
13.896	0.0204544	135.227	0.800514	0
13.869	0.0199182	134.86	0.801874	0
13.8931	0.0207836	134.077	0.794732	0
13.8534	0.0205361	135.627	0.796093	0
13.8301	0.0202366	134.711	0.790652	0
13.848	0.0205712	133.644	0.787251	0
13.8383	0.0205294	134.577	0.807655	0
13.8147	0.0200059	134.777	0.801534	0
13.7895	0.0201077	134.577	0.800854	0
13.7843	0.0205628	134.794	0.801534	0
13.7796	0.0201274	134.494	0.804254	0
13.7773	0.0202295	135.51	0.824318	0
13.7696	0.0203321	134.027	0.801194	0
13.7271	0.0204762	134.894	0.811056	0
13.7231	0.0205538	134.827	0.8318	0
13.7333	0.0203804	133.644	0.798813	0
13.7234	0.02022	135.444	0.769908	0
13.7237	0.0199505	134.527	0.804254	0
13.6828	0.0196806	134.477	0.787591	0
13.6527	0.0192759	135.56	0.792012	0
13.6862	0.0196409	134.227	0.809355	0
13.6815	0.0205455	133.311	0.78419	0
13.6311	0.0198415	135.81	0.811056	0
13.6318	0.0201197	134.311	0.786571	0
13.6334	0.0195108	133.778	0.790312	0
13.6167	0.019783	133.461	0.800173	0
13.6226	0.0196146	134.794	0.78147	0
13.6138	0.0198923	133.578	0.798813	0
13.6145	0.0199391	135.01	0.823978	0
13.6107	0.0198261	135.327	0.798473	0
13.5839	0.0195762	134.211	0.803914	0
13.5892	0.0197011	134.227	0.802894	0
13.604	0.0197966	134.527	0.797113	0
13.5562	0.0193034	134.227	0.795072	0
13.5363	0.0194591	134.744	0.806975	0
13.5553	0.0191787	135.194	0.801874	0
13.5256	0.0196522	134.611	0.814796	0
13.5211	0.019434	133.861	0.793712	0
13.5494	0.0202729	134.994	0.813096	0
13.54	0.0202819	135.41	0.791672	0
13.5196	0.0198354	133.661	0.790992	0
13.4895	0.0195841	133.878	0.809015	0
13.4731	0.0198904	135.21	0.788271	0
13.5191	0.0195705	132.678	0.808335	0
13.5309	0.0197173	134.544	0.807655	0
13.512	0.0195092	135.144	0.798813	0
13.5033	0.01977	133.728	0.804254	0
13.4602	0.0196694	134.777	0.809015	0
13.4588	0.0191857	132.711	0.814116	0
13.4846	0.0194868	133.444	0.806635	0
13.4756	0.0189574	134.011	0.815816	0
13.4674	0.0190023	134.677	0.807995	0
13.4631	0.0197859	133.494	0.78113	0
13.4373	0.0193843	133.778	0.801194	0
13.4335	0.0191265	132.095	0.800854	0
13.4567	0.0188821	133.744	0.807655	0
13.4363	0.019413	133.444	0.792012	0
13.3868	0.0192182	134.427	0.802214	0
13.4212	0.0193291	133.994	0.797453	0
13.4798	0.0197729	131.978	0.801194	0
13.4434	0.0195547	134.027	0.794732	0
13.4127	0.0196246	133.644	0.786231	0
13.4139	0.0189814	133.544	0.805955	0
13.385	0.0191955	134.544	0.815476	0
13.3818	0.0192444	134.011	0.792692	0
13.4103	0.0190803	133.444	0.823978	0
13.3956	0.0193715	132.811	0.798813	0
13.3729	0.0194449	133.611	0.815476	0
13.4058	0.019123	133.678	0.785891	0
13.416	0.0193479	133.228	0.792692	0
13.3579	0.0198394	133.544	0.806295	0
13.3581	0.0191471	133.594	0.793712	0
13.3855	0.0194397	133.694	0.816837	0
13.3653	0.0188856	133.978	0.799153	0
13.3922	0.0191517	133.111	0.828399	0
13.3804	0.0191943	131.062	0.791332	0
13.3457	0.019091	133.944	0.810035	0
13.3605	0.0195588	133.211	0.788951	0
13.3792	0.0190554	133.361	0.810715	0
13.3774	0.0195704	134.411	0.802214	0
13.3564	0.019465	132.678	0.803914	0
13.3458	0.0193255	133.228	0.799153	0
13.3559	0.0194937	132.995	0.802894	0
13.3474	0.0189316	131.279	0.786231	0
13.3358	0.0192457	133.944	0.801874	0
13.3453	0.0194597	134.86	0.807315	0
13.3288	0.0195422	134.211	0.790312	0
13.3046	0.0189735	133.111	0.796093	0
13.3046	0.0189995	132.628	0.811056	0
13.3159	0.0195861	133.894	0.804254	0
13.3465	0.0195553	132.911	0.814796	0
13.3322	0.019456	133.894	0.808675	0
13.3005	0.0197912	132.195	0.802214	0
13.2977	0.0187944	133.761	0.810035	0
13.3224	0.0192886	133.328	0.815816	0
13.3185	0.0189275	132.911	0.803234	0
13.2741	0.0194667	132.795	0.802214	0
13.2615	0.0191773	132.678	0.790652	0
13.2761	0.0193089	134.627	0.814116	0
13.2948	0.0190775	132.678	0.819557	0
13.2819	0.0191575	132.062	0.803914	0
13.2824	0.01948	131.612	0.798133	0
13.2956	0.0192925	134.044	0.808675	0
13.291	0.019291	132.811	0.798473	0
13.2785	0.0195075	132.028	0.804594	0
13.2555	0.0190314	132.461	0.816497	0
13.2454	0.0189138	133.045	0.776369	0
13.2547	0.0187942	134.027	0.789971	0
13.2699	0.0189122	132.861	0.792692	0
13.2657	0.0195309	132.895	0.796093	0
13.2408	0.0192443	132.811	0.794732	0
13.2367	0.0194815	133.095	0.78419	0
13.2405	0.0198224	132.561	0.815136	0
13.2424	0.0185434	134.211	0.811736	0
13.248	0.0193975	131.795	0.812076	0
13.2325	0.0192048	133.578	0.813436	0
13.2326	0.0196502	133.828	0.797453	0
13.2403	0.0193202	133.111	0.800854	0
13.2315	0.0192967	133.028	0.796433	0
13.2291	0.0188734	133.561	0.822278	0
13.2522	0.0190167	132.595	0.797113	0
13.2477	0.0192067	132.428	0.779429	0
13.2052	0.0185039	133.528	0.799153	0
13.1948	0.0191592	132.095	0.799833	0
13.2356	0.0188162	133.561	0.810035	0
13.2205	0.0188849	132.961	0.808675	0
13.1828	0.0189305	134.477	0.791672	0
13.2076	0.0188129	132.761	0.806295	0
13.2172	0.0189452	132.145	0.791332	0
13.2346	0.0189011	132.995	0.800514	0
13.2469	0.0187634	131.695	0.795072	0
13.2179	0.0191005	132.828	0.803234	0
13.1982	0.0193645	130.962	0.794052	0
13.1931	0.0190804	132.595	0.776709	0
13.2084	0.019205	133.494	0.790312	0
13.2079	0.0186927	132.495	0.812076	0
13.191	0.019028	133.228	0.796773	0
13.1938	0.0194337	131.129	0.808335	0
13.1974	0.0191007	132.878	0.776369	0
13.1969	0.0190077	132.312	0.805274	0
13.2069	0.0192826	133.128	0.821257	0
13.202	0.0190434	133.294	0.795753	0
13.1943	0.0189543	132.278	0.809015	0
13.2063	0.019413	133.195	0.808335	0
13.182	0.0188131	131.512	0.78011	0
13.1552	0.0190199	133.694	0.812756	0
13.151	0.0194373	132.911	0.817857	0
13.1902	0.0191414	134.944	0.796093	0
13.2367	0.0193052	133.045	0.798813	0
13.1792	0.0188992	132.595	0.78419	0
13.1419	0.0190798	132.445	0.809015	0
13.1891	0.0189052	133.228	0.797453	0
13.1879	0.0189094	132.511	0.806295	0
13.1798	0.0190672	131.462	0.810035	0
13.188	0.0189092	133.311	0.799153	0
13.1655	0.0191595	131.978	0.78419	0
13.1674	0.0194658	131.928	0.789631	0
13.1847	0.0190266	131.678	0.78351	0
13.1757	0.0190343	132.861	0.791332	0
13.1946	0.0192211	132.362	0.78249	0
13.1742	0.0186937	133.494	0.789971	0
13.1449	0.0190977	132.895	0.793032	0
13.1676	0.0189286	132.661	0.78283	0
13.1516	0.0188658	132.461	0.807995	0
13.152	0.0192389	132.461	0.796433	0
13.1527	0.0190085	132.595	0.794052	0
13.1385	0.0189266	132.945	0.811396	0
13.1629	0.0189681	133.244	0.795072	0
13.158	0.0185479	131.612	0.816157	0
13.1263	0.0187581	132.028	0.799493	0
13.1342	0.0190627	133.394	0.817517	0
13.1697	0.0191124	133.028	0.809015	0
13.1845	0.0192657	132.745	0.784871	0
13.1687	0.0188993	131.662	0.815816	0
13.1631	0.0190463	133.711	0.812756	0
13.1439	0.0190415	132.878	0.795072	0
13.1082	0.0190958	132.561	0.794732	0
13.1253	0.0191095	132.811	0.807315	0
13.1563	0.0192105	132.528	0.825338	0
13.1362	0.0192655	133.294	0.807995	0
13.1164	0.0189202	132.511	0.800854	0
13.131	0.0189774	131.878	0.795753	0
13.1407	0.0187692	133.411	0.786571	0
13.1305	0.0187928	133.011	0.798473	0
13.105	0.0190601	132.245	0.790652	0
13.1169	0.019024	133.694	0.820917	0
13.1484	0.0191844	133.378	0.807995	0
13.1457	0.0189554	131.279	0.802894	0
13.1529	0.0187804	131.362	0.819897	0
13.1623	0.0190024	131.928	0.802214	0
13.1287	0.0191729	134.511	0.808335	0
13.1374	0.0186633	133.344	0.797793	0
13.1604	0.0192742	132.678	0.785891	0
13.1405	0.019001	131.912	0.786231	0
13.1026	0.0190205	132.062	0.787931	0
13.114	0.0188654	133.328	0.805274	0
13.133	0.0192193	132.212	0.774669	0
13.1291	0.0189007	131.978	0.803234	0
13.1501	0.019013	132.128	0.805614	0
13.1363	0.0185934	132.795	0.799153	0
13.0931	0.0189961	131.945	0.796773	0
13.1406	0.0189874	132.861	0.787591	0
13.1611	0.0191841	132.345	0.794732	0
13.0958	0.0186643	132.761	0.804934	0
13.0926	0.0188632	132.895	0.800173	0
13.1152	0.0187828	132.528	0.815816	0
13.1088	0.0186034	132.528	0.807995	0
13.1173	0.01885	132.212	0.807655	0
13.156	0.0194416	132.495	0.814796	0
13.1358	0.0191188	132.995	0.813096	0
13.0952	0.0187835	132.978	0.790992	0
13.1007	0.0191887	133.594	0.793712	0
13.0967	0.0187001	132.911	0.809355	0
13.1059	0.0189384	132.045	0.776369	0
13.1173	0.0183984	132.178	0.806975	0
13.0977	0.0186598	132.895	0.796773	0
13.1085	0.0186195	132.728	0.795072	0
13.1294	0.0191413	132.028	0.788951	0
13.109	0.0191263	131.812	0.78249	0
13.0935	0.0189107	132.978	0.804254	0
13.1096	0.0193128	132.028	0.807995	0
13.1175	0.0185526	132.478	0.78317	0
13.0967	0.0193472	132.195	0.801534	0
13.0819	0.0192912	132.778	0.794732	0
13.1209	0.0193567	133.095	0.806975	0
13.1625	0.0192965	132.578	0.799833	0
13.1088	0.0192419	132.245	0.801874	0
13.0857	0.0186813	133.411	0.812076	0
13.1298	0.0187748	132.961	0.787931	0
13.1365	0.0186807	133.211	0.789971	0
13.111	0.0186753	131.862	0.814116	0
13.0956	0.0188062	132.078	0.801874	0
13.1202	0.0188981	132.295	0.801874	0
13.1502	0.0193932	132.661	0.817857	0
13.1259	0.0193354	132.228	0.78453	0
13.1007	0.019013	132.811	0.797453	0
13.1175	0.0189705	131.062	0.802894	0
13.0835	0.0186645	131.995	0.804934	0
13.0626	0.0186372	131.828	0.799153	0
13.0956	0.0188807	132.045	0.793032	0
13.0959	0.0188683	132.445	0.798473	0
13.0814	0.0193201	132.845	0.792692	0
13.0847	0.0194545	132.262	0.802894	0
13.0789	0.0188422	131.262	0.810715	0
13.0824	0.0191942	131.995	0.793372	0
13.1078	0.0188279	133.611	0.807995	0
13.1066	0.0191169	131.045	0.795072	0
13.0686	0.0188068	131.828	0.804254	0
13.0883	0.0192385	131.529	0.808675	0
13.1185	0.0197702	133.228	0.798473	0
13.0795	0.0185815	131.762	0.806635	0
13.0737	0.0186478	133.344	0.795753	0
13.1054	0.0188176	132.178	0.790652	0
13.0899	0.0185775	133.878	0.807315	0
13.0931	0.019106	132.528	0.802214	0
13.1125	0.0187867	133.494	0.795413	0
13.0853	0.0183981	131.445	0.797113	0
13.0591	0.0186945	132.995	0.803234	0
13.0923	0.0187538	131.978	0.822958	0
13.1264	0.0185148	133.011	0.819557	0
13.0989	0.0188164	132.461	0.815476	0
13.0736	0.0187017	133.178	0.797453	0
13.0862	0.0191211	132.828	0.797453	0
13.0797	0.0189301	133.161	0.794052	0
13.09	0.0184388	133.344	0.805955	0
13.1067	0.01873	133.028	0.811056	0
13.0875	0.0193771	131.728	0.78181	0
13.0513	0.0192996	133.178	0.792692	0
13.0672	0.0190125	132.995	0.809015	0
13.0956	0.0188191	131.579	0.796433	0
13.0474	0.01863	131.795	0.779429	0
13.0353	0.0186488	133.195	0.799493	0
13.0916	0.0187096	132.911	0.800514	0
13.1126	0.0191299	132.878	0.78045	0
13.0868	0.0191673	131.329	0.800854	0
13.0836	0.0190991	131.362	0.78385	0
13.0917	0.0191558	131.945	0.8335	0
13.075	0.0188081	132.778	0.807655	0
13.0726	0.0188707	132.128	0.795072	0
13.0831	0.0191883	132.645	0.805614	0
13.0819	0.0188798	132.245	0.829079	0
13.0708	0.0189762	132.228	0.814796	0
13.0721	0.0183853	131.712	0.791672	0
13.0898	0.0189395	131.512	0.797453	0
13.0887	0.0190135	132.578	0.803914	0
13.0645	0.0188328	133.428	0.804254	0
13.0607	0.018534	133.528	0.792692	0
13.067	0.0189597	131.279	0.795413	0
13.0748	0.0185583	132.312	0.823638	0
13.0715	0.019056	131.878	0.807655	0
13.06	0.0187998	132.678	0.816837	0
13.0774	0.0187291	133.594	0.797113	0
13.0674	0.0189107	132.628	0.805955	0
13.0659	0.0187215	132.511	0.803574	0
13.0888	0.0188513	132.178	0.830439	0
13.0788	0.0191137	131.978	0.799833	0
13.0624	0.0190928	131.145	0.796093	0
13.0585	0.0189784	131.162	0.799833	0
13.0832	0.0190466	133.928	0.786231	0
13.0989	0.0191454	131.828	0.793712	0
13.0685	0.018996	132.945	0.796773	0
13.0551	0.0189648	132.795	0.820237	0
13.053	0.0188625	132.928	0.798473	0
13.0541	0.0190899	133.128	0.800854	0
13.0777	0.0190953	134.227	0.801194	0
13.0904	0.0192907	132.511	0.785211	0
13.0679	0.0192909	132.678	0.810715	0
13.0548	0.0190484	132.561	0.796093	0
13.0701	0.0190717	130.879	0.812416	0
13.0564	0.0190439	132.478	0.812076	0
13.057	0.0185881	131.395	0.789971	0
13.0933	0.0190552	132.695	0.804934	0
13.0536	0.0188885	132.178	0.788611	0
13.0358	0.0187423	133.061	0.791672	0
13.0936	0.018794	131.662	0.793032	0
13.0875	0.0185989	132.928	0.792692	0
13.027	0.0190191	131.928	0.805274	0
13.0308	0.0191339	131.362	0.814116	0
13.0602	0.0187096	132.428	0.800514	0
13.0545	0.0187808	131.945	0.778409	0
13.0515	0.0191732	133.794	0.801534	0
13.0774	0.0190086	132.895	0.784871	0
13.0742	0.0190783	132.995	0.795753	0
13.0495	0.0188094	131.762	0.792352	0
13.0754	0.0192169	132.678	0.812076	0
13.0928	0.0190406	132.278	0.811396	0
13.0684	0.0189628	132.495	0.790652	0
13.0869	0.019382	133.128	0.802214	0
13.0663	0.018734	132.178	0.788611	0
13.0236	0.0187163	131.895	0.810715	0
13.0797	0.0186185	131.878	0.810375	0
13.1022	0.0187803	133.045	0.788611	0
13.0553	0.01896	133.478	0.826018	0
13.0527	0.0183879	131.762	0.822618	0
13.0459	0.0191438	131.095	0.798813	0
13.0313	0.0194373	132.212	0.803234	0
13.0368	0.018766	131.628	0.802214	0
13.0463	0.018853	132.195	0.799153	0
13.0307	0.0188741	132.678	0.808675	0
13.0188	0.018807	133.494	0.828059	0
13.0627	0.0193877	131.129	0.790312	0
13.0769	0.0192595	131.928	0.78045	0
13.061	0.0189504	132.495	0.793032	0
13.0549	0.0186055	131.662	0.794052	0
13.0501	0.0188732	131.628	0.813776	0
13.0674	0.0191041	132.928	0.798473	0
13.0618	0.0189295	132.195	0.812756	0
13.0352	0.0188036	131.978	0.78147	0
13.02	0.0185101	132.978	0.814456	0
13.0375	0.0185133	132.611	0.795413	0
13.0582	0.0189957	131.912	0.804594	0
13.0559	0.0185697	132.828	0.78317	0
13.055	0.0188746	132.628	0.791332	0
13.0684	0.0189245	132.145	0.795413	0
13.0689	0.0192935	133.195	0.788271	0
13.0439	0.0186432	131.529	0.798473	0
13.0481	0.0186606	132.362	0.803914	0
13.0472	0.0187806	131.712	0.814116	0
13.0421	0.0191355	133.128	0.803914	0
13.0741	0.0195068	132.778	0.786231	0
13.0571	0.0188472	131.612	0.815816	0
13.023	0.0191519	131.662	0.786231	0
13.0358	0.0188522	132.378	0.791672	0
13.0658	0.0188735	134.211	0.816837	0
13.0823	0.019239	132.778	0.792692	0
13.0829	0.0194754	131.495	0.827719	0
13.0775	0.0188762	131.945	0.793712	0
13.0536	0.0191673	131.112	0.802214	0
13.0357	0.0188156	133.244	0.808335	0
13.0442	0.0189391	131.695	0.785891	0
13.0341	0.018924	131.612	0.797113	0
13.0283	0.0190189	132.778	0.794732	0
13.0447	0.0190193	130.212	0.809015	0
13.0444	0.0188077	133.328	0.802554	0
13.0424	0.0186971	131.512	0.800854	0
13.0561	0.0185586	133.161	0.790652	0
13.0712	0.0185223	131.695	0.788611	0
13.0639	0.0191338	132.578	0.791672	0
13.0212	0.0187704	131.712	0.778069	0
13.022	0.0191544	133.561	0.815136	0
13.0629	0.0192605	131.362	0.801534	0
13.0443	0.0190573	132.611	0.815476	0
13.0278	0.0192518	131.878	0.774328	0
13.0524	0.0188348	133.128	0.789291	0
13.0672	0.0187201	132.728	0.794732	0
13.0507	0.0192363	132.761	0.794392	0
13.0395	0.0187948	130.929	0.807315	0
13.0464	0.018852	132.828	0.812416	0
13.0565	0.018927	132.828	0.794052	0
13.0539	0.0186728	132.078	0.797453	0
13.04	0.0190256	132.178	0.810715	0
13.0227	0.0189622	131.678	0.803574	0
13.0077	0.019241	132.245	0.811056	0
13.0404	0.0192653	132.611	0.796773	0
13.0562	0.0192867	132.278	0.796433	0
13.0329	0.0190105	133.111	0.803234	0
13.0385	0.0187254	132.795	0.809015	0
13.0389	0.0188726	132.628	0.827039	0
13.0235	0.0189895	131.728	0.801194	0
13.0446	0.0193298	133.161	0.806975	0
13.0391	0.0189797	132.761	0.799833	0
13.0248	0.0191602	131.195	0.790652	0
13.0538	0.0189814	131.745	0.799833	0
13.0285	0.0189144	132.511	0.799493	0
13.0126	0.0189742	132.911	0.792692	0
13.0466	0.0190754	131.429	0.799833	0
13.0553	0.0192851	131.495	0.804594	0
13.0344	0.019151	131.179	0.810035	0
13.0309	0.019041	133.261	0.787931	0
13.0551	0.019018	132.828	0.803914	0
13.0399	0.0189466	133.528	0.799153	0
13.003	0.0188009	132.778	0.797793	0
13.0197	0.0191422	132.228	0.814116	0
13.0784	0.0188946	132.262	0.792352	0
13.0622	0.0190547	131.029	0.809695	0
13.0113	0.0189526	132.378	0.820237	0
13.0093	0.0186361	132.878	0.811396	0
13.0352	0.0189485	131.978	0.806635	0
13.0723	0.0190312	133.111	0.795072	0
13.0786	0.0185393	132.645	0.818537	0
13.0556	0.0188325	131.828	0.808335	0
13.0329	0.0188615	131.179	0.812416	0
13.0109	0.0188983	133.244	0.817517	0
13.0185	0.0183141	131.562	0.799493	0
13.0712	0.0188245	134.444	0.799493	0
13.0867	0.0187281	132.345	0.789631	0
13.0378	0.0189597	133.511	0.772628	0
13.0269	0.0190166	132.362	0.785211	0
13.0313	0.0187918	132.528	0.813776	0
13.0287	0.0188777	132.278	0.814456	0
13.0233	0.0191022	131.662	0.78419	0
12.9961	0.0189907	131.312	0.775009	0
12.994	0.0185878	131.545	0.811056	0
13.0319	0.0192568	129.863	0.797113	0
13.0523	0.0188682	132.811	0.816157	0
13.0291	0.0184444	134.361	0.820577	0
13.0124	0.0191415	131.995	0.809015	0
13.0302	0.0188378	133.278	0.804934	0
13.0474	0.0194482	131.412	0.799153	0
13.0142	0.0187396	132.961	0.805274	0
13.0204	0.0188596	133.161	0.78249	0
13.0401	0.0185694	131.912	0.798473	0
13.0088	0.0191283	131.129	0.788271	0
13.0225	0.0189712	132.245	0.784871	0
13.0419	0.0191665	133.411	0.791332	0
13.0197	0.019154	131.545	0.767867	0
13.0324	0.0192258	131.229	0.811056	0
13.0233	0.0190962	132.461	0.817177	0
13.0036	0.0191867	133.061	0.793712	0
13.0105	0.0187014	133.728	0.798473	0
13.0208	0.0192321	131.895	0.804594	0
13.0348	0.018874	131.529	0.806975	0
13.0072	0.0190626	133.161	0.804254	0
12.9723	0.0186567	132.828	0.77977	0
13.026	0.0186643	133.694	0.790652	0
13.0691	0.019055	131.845	0.809355	0
13.0252	0.0191881	133.128	0.793032	0
13.0112	0.0191071	131.812	0.789291	0
13.032	0.0189566	132.445	0.771608	0
13.0298	0.0187961	132.045	0.789291	0
13.0324	0.0186558	133.061	0.800514	0
13.0564	0.0187881	133.911	0.78181	0
13.0545	0.0187575	132.795	0.806295	0
13.0149	0.018445	129.579	0.798813	0
13.0021	0.018814	132.312	0.78385	0
13.0202	0.0183831	132.045	0.804934	0
13.0334	0.0183345	131.529	0.816497	0
13.0338	0.0188855	132.861	0.775689	0
13.0381	0.0188081	132.961	0.802214	0
13.0412	0.0191775	133.644	0.803234	0
13.0256	0.0196897	132.245	0.78079	0
13.0205	0.0186316	132.411	0.798473	0
13.033	0.0188135	133.061	0.812416	0
13.0364	0.0189448	132.145	0.792012	0
13.0312	0.0187527	132.162	0.816497	0
13.0327	0.018989	132.478	0.807315	0
13.0164	0.0187607	132.678	0.803574	0
13.0151	0.0193358	132.478	0.78113	0
13.0566	0.0190091	132.861	0.810035	0
13.0416	0.018796	132.295	0.803234	0
13.0192	0.0188798	132.278	0.819557	0
13.0272	0.0185367	132.628	0.811056	0
13.0136	0.0183237	132.595	0.78249	0
13.0402	0.0186918	133.394	0.813776	0
13.0749	0.0190798	132.278	0.816157	0
13.0516	0.0189177	132.911	0.809355	0
13.0628	0.0189916	132.495	0.800173	0
13.0418	0.0188712	131.612	0.816157	0
13.004	0.0191584	134.344	0.805274	0
13.0328	0.019456	131.245	0.799493	0
13.032	0.0190793	132.695	0.791672	0
13.0252	0.0183853	131.329	0.802554	0
13.0316	0.0189574	131.412	0.796093	0
13.0283	0.0188201	131.995	0.818197	0
13.0454	0.0188262	132.595	0.813436	0
13.0725	0.0193273	132.861	0.806975	0
13.0495	0.0190764	131.279	0.791332	0
13.0314	0.0188928	132.245	0.803914	0
13.0455	0.0196555	133.061	0.821938	0
13.0353	0.0189869	132.728	0.794052	0
13.0413	0.0191612	132.878	0.78113	0
13.0337	0.0187264	132.678	0.800854	0
13.0114	0.0189202	132.262	0.785551	0
13.0033	0.0189246	130.895	0.803574	0
13.0007	0.0184872	131.479	0.800173	0
13.017	0.0188877	132.761	0.785551	0
13.0154	0.0186814	131.529	0.798133	0
13.0291	0.0184053	132.628	0.808675	0
13.0311	0.0188226	130.812	0.788951	0
13.007	0.0190554	132.362	0.808675	0
13.0217	0.0192074	132.128	0.803914	0
13.0295	0.0189201	132.045	0.777389	0
13.0153	0.0193108	131.978	0.791332	0
13.0167	0.0192243	131.728	0.810375	0
13.02	0.0185816	131.628	0.788951	0
13.021	0.0187501	132.695	0.802894	0
13.0295	0.0187699	133.195	0.799833	0
13.0279	0.0186707	131.945	0.809355	0
13.0122	0.0186087	132.178	0.811396	0
12.9871	0.0184492	132.112	0.807655	0
13.009	0.0184655	131.812	0.78113	0
13.0515	0.0188566	133.294	0.785891	0
13.0299	0.0191863	132.062	0.815136	0
13.0197	0.0187113	132.128	0.799153	0
13.0473	0.0189759	132.511	0.789631	0
13.0657	0.0190019	132.262	0.810375	0
13.0463	0.01902	132.128	0.806295	0
13.012	0.0189145	132.528	0.798813	0
13.0333	0.0184045	132.795	0.813436	0
13.0384	0.0189422	130.979	0.794052	0
12.9969	0.018795	132.978	0.78079	0
13.0077	0.0191134	131.712	0.78351	0
13.0312	0.0187324	131.562	0.790992	0
13.0317	0.0183107	134.027	0.78079	0
13.0433	0.0189954	130.912	0.809355	0
13.047	0.0189278	133.294	0.807995	0
13.0298	0.0190718	132.178	0.801534	0
13.0468	0.019204	132.028	0.805614	0
13.0546	0.0188901	132.345	0.800173	0
13.0156	0.0187179	131.495	0.803234	0
13.0071	0.0186047	132.112	0.787591	0
13.0131	0.0186762	131.579	0.799493	0
13.0349	0.019187	132.095	0.810035	0
13.0329	0.0189576	131.728	0.807315	0
13.016	0.0187821	132.728	0.803574	0
13.0294	0.018644	131.595	0.798133	0
13.0324	0.0187154	132.695	0.798473	0
13.0434	0.0188933	133.145	0.804594	0
13.0341	0.0187577	131.212	0.791332	0
12.9944	0.019073	131.512	0.791672	0
12.9875	0.0187593	133.095	0.826358	0
13.0384	0.0190718	132.595	0.790992	0
13.062	0.0188126	132.945	0.810375	0
13.0311	0.0194682	132.112	0.78147	0
13.0309	0.0187049	132.312	0.785551	0
13.0444	0.0187316	132.062	0.790312	0
13.0167	0.0187112	131.995	0.801534	0
13.0176	0.0188793	132.345	0.793712	0
13.0282	0.019211	130.362	0.805955	0
13.0192	0.0188446	133.045	0.807995	0
13.0223	0.0184979	130.296	0.800173	0
13.0217	0.0184957	132.511	0.798133	0
13.0261	0.0187494	132.545	0.784871	0
13.0497	0.0189491	131.812	0.797113	0
13.035	0.0185893	132.728	0.794052	0
13.0164	0.0190886	133.511	0.811056	0
13.0322	0.0194525	130.596	0.803234	0
13.0429	0.0187213	133.461	0.798813	0
13.0459	0.0186574	132.978	0.811736	0
13.0618	0.0188099	133.061	0.813776	0
13.0587	0.0191244	131.928	0.789291	0
13.0433	0.0184168	133.278	0.806975	0
13.0393	0.0189838	133.145	0.793372	0
13.0217	0.0189862	133.278	0.812756	0
13.0217	0.0187231	133.628	0.817177	0
13.0262	0.0189467	131.595	0.811736	0
13.0198	0.0185942	131.545	0.806635	0
13.0237	0.0189828	132.761	0.795072	0
13.0302	0.0183582	131.728	0.78419	0
13.0125	0.0188417	133.111	0.78215	0
13.018	0.0188424	131.262	0.808335	0
13.0378	0.0193152	131.862	0.815476	0
13.031	0.0186732	133.311	0.794732	0
13.0192	0.0185788	132.695	0.813436	0
12.9996	0.0188835	132.478	0.812756	0
13.0121	0.018714	133.528	0.804254	0
13.0179	0.0185489	131.312	0.798133	0
13.031	0.0187597	132.811	0.769568	0
13.0597	0.0191226	132.978	0.814456	0
13.0499	0.0188486	133.061	0.798473	0
13.0363	0.0190287	132.461	0.798813	0
13.0311	0.0186946	132.511	0.814456	0
13.0184	0.0186812	132.362	0.796773	0
13.0325	0.0189216	133.411	0.818877	0
13.0449	0.0186914	132.028	0.792692	0
13.0409	0.0183975	132.428	0.795413	0
13.0357	0.0189759	132.095	0.805614	0
13.0327	0.0188297	131.862	0.787591	0
13.0009	0.0185498	132.645	0.785211	0
13.0046	0.0191243	132.711	0.803234	0
13.0293	0.0187617	131.628	0.810375	0
13.008	0.0185807	132.478	0.796433	0
13.0273	0.0182999	130.796	0.815816	0
13.0496	0.0189643	132.078	0.801874	0
13.0274	0.018725	132.245	0.767187	0
13.0169	0.0190997	131.845	0.800173	0
12.9941	0.0184976	131.495	0.803914	0
12.9943	0.0186137	131.479	0.806975	0
13.0028	0.0186659	132.895	0.814116	0
13.0013	0.0188836	132.162	0.801874	0
13.0312	0.0191819	132.611	0.793032	0
13.0007	0.0187563	132.328	0.815476	0
12.9934	0.0188738	132.511	0.800173	0
13.022	0.0191298	131.595	0.820577	0
13.0139	0.0186999	131.995	0.788611	0
13.0012	0.0187085	133.061	0.779089	0
12.9906	0.0188468	133.711	0.799833	0
13.0198	0.0190733	132.478	0.800514	0
13.0211	0.0184759	131.595	0.789291	0
12.9848	0.018846	133.744	0.803574	0
12.9868	0.0183764	132.212	0.798473	0
13.0037	0.0190448	132.078	0.800514	0
13.0098	0.0186451	131.978	0.790992	0
13.0289	0.0187802	132.262	0.794732	0
13.0453	0.0184967	132.511	0.793032	0
13.0274	0.0188821	132.128	0.813096	0
13.0036	0.0189002	132.178	0.819897	0
13.0004	0.0187529	132.262	0.804934	0
13.0187	0.0184216	132.378	0.787591	0
13.028	0.0184293	133.511	0.786911	0
13.0333	0.0185482	132.695	0.812416	0
13.0462	0.0190196	132.595	0.816497	0
13.0433	0.0187794	131.645	0.786911	0
13.0057	0.0187163	132.661	0.806635	0
13.0066	0.0190741	132.178	0.808335	0
13.0273	0.0190705	131.645	0.806635	0
13.0304	0.0193721	132.761	0.803574	0
13.0234	0.0188452	133.211	0.798473	0
13.0043	0.0180377	132.828	0.807315	0
12.9937	0.018615	132.012	0.802554	0
13.0016	0.0186643	133.361	0.794052	0
12.995	0.0190347	131.595	0.790992	0
13.0156	0.0187664	132.545	0.811736	0
13.0092	0.0185838	130.746	0.786911	0
12.9955	0.0189965	131.945	0.799833	0
13.0229	0.0192383	131.429	0.797793	0
13.0263	0.0186692	132.245	0.796773	0
13.01	0.0188614	130.612	0.789971	0
13.0068	0.0192512	132.028	0.802214	0
13.0347	0.0187588	132.128	0.806635	0
13.0338	0.018837	134.027	0.78147	0
13.0066	0.0184823	131.795	0.821257	0
13.0101	0.0191366	131.695	0.798133	0
13.0206	0.0187311	131.945	0.801534	0
13.0083	0.0191394	132.745	0.778749	0
13.0164	0.0191497	132.328	0.793032	0
13.0191	0.0191521	132.995	0.799153	0
13.0048	0.0189759	133.711	0.806295	0
13.0319	0.0190852	132.445	0.78249	0
13.0427	0.0186875	132.561	0.816157	0
12.9979	0.0189543	133.028	0.806975	0
12.9791	0.0187426	133.028	0.804934	0
13.0122	0.0190181	132.895	0.802894	0
13.026	0.0186327	131.778	0.790992	0
12.9908	0.0192959	132.178	0.792692	0
12.9718	0.019142	132.028	0.798813	0
12.9856	0.018517	130.879	0.793712	0
12.9909	0.0186261	131.512	0.795753	0
12.989	0.0189393	131.912	0.799153	0
13.0193	0.0188391	131.678	0.793372	0
13.0214	0.0188341	132.895	0.805955	0
13.0116	0.0183333	132.461	0.814796	0
13.0288	0.0188178	132.078	0.817177	0
13.0188	0.0186881	130.312	0.807995	0
13.0106	0.0188597	131.312	0.814116	0
13.0353	0.0189513	132.845	0.806975	0
13.0424	0.0187519	132.695	0.790312	0
13.0141	0.0185841	132.778	0.828059	0
12.9994	0.0184387	132.295	0.797793	0
12.9982	0.0186473	132.611	0.784871	0
13.006	0.0185912	131.962	0.794052	0
13.0086	0.0190446	132.045	0.794732	0
13.0219	0.0187482	132.695	0.796433	0
13.0286	0.0187471	131.962	0.802894	0
13.0387	0.0187129	131.495	0.799493	0
13.0339	0.0185952	132.062	0.802894	0
13.0179	0.0188277	132.511	0.803574	0
13.0249	0.0185916	132.312	0.796093	0
13.0228	0.0189738	131.662	0.809355	0
13.0032	0.0189677	131.628	0.806635	0
13.0017	0.018799	132.095	0.811396	0
13.0174	0.0188091	133.028	0.794392	0
13.033	0.0194612	132.695	0.787591	0
13.0253	0.0190217	132.395	0.793032	0
13.005	0.0185331	131.462	0.800854	0
13.0152	0.0185699	133.028	0.810375	0
13.0438	0.0187907	132.678	0.792692	0
13.0447	0.0190838	131.945	0.786911	0
13.0073	0.0185177	131.712	0.814796	0
13.0033	0.0189746	133.761	0.804254	0
13.0329	0.0190576	131.845	0.796773	0
13.0214	0.0188507	131.012	0.800514	0
13.0102	0.019101	132.661	0.808335	0
13.0141	0.0187457	131.645	0.827719	0
13.0009	0.0190329	132.845	0.78453	0
13.0131	0.01851	132.228	0.785551	0
13.029	0.0184528	131.429	0.815476	0
13.0127	0.0194424	133.328	0.805614	0
13.0064	0.0191949	130.879	0.789971	0
13.0017	0.019216	131.512	0.807995	0
12.9991	0.0186841	132.012	0.803234	0
13.0172	0.0189487	131.862	0.804594	0
12.9945	0.0190258	131.978	0.809695	0
12.9835	0.018897	131.479	0.803914	0
13.0123	0.0187178	132.312	0.810375	0
13.0371	0.018788	132.778	0.785891	0
13.037	0.0189639	131.029	0.777729	0
13.0261	0.0190264	132.295	0.788611	0
13.0299	0.0186567	131.362	0.804594	0
13.0163	0.0188788	132.045	0.798813	0
12.9795	0.018889	132.495	0.820577	0
12.9927	0.0193146	132.078	0.802554	0
13.0302	0.0188521	132.478	0.798813	0
13.0084	0.0188559	133.378	0.807315	0
12.9856	0.0185699	133.511	0.802554	0
13.0065	0.0191496	130.346	0.778069	0
13.0039	0.0188265	132.362	0.802894	0
13.0077	0.0185624	132.378	0.804934	0
12.9985	0.0188366	132.495	0.797453	0
13.0073	0.0184374	131.479	0.809015	0
13.0271	0.018663	132.345	0.817177	0
13.0073	0.0185865	132.411	0.776709	0
13.0413	0.0186753	132.428	0.8352	0
13.043	0.0190525	132.028	0.790992	0
12.9909	0.0187763	130.912	0.795413	0
12.9885	0.0188249	133.394	0.788271	0
12.9953	0.0188448	132.411	0.795413	0
12.9989	0.0191466	133.028	0.807995	0
13.0127	0.0189546	130.995	0.797453	0
13.0047	0.0185699	132.112	0.795753	0
13.0076	0.0189885	132.112	0.794392	0
13.0228	0.0188363	132.528	0.789631	0
13.0006	0.0187878	131.945	0.787931	0
12.9999	0.0186613	132.461	0.802894	0
13.0313	0.0190861	132.961	0.771608	0
13.0374	0.0188552	132.178	0.806295	0
13.0109	0.0194778	132.095	0.816157	0
13.0249	0.0189484	132.112	0.785551	0
13.0259	0.0191907	131.712	0.787251	0
12.9867	0.0187876	131.429	0.793712	0
12.9852	0.0186198	133.078	0.807655	0
13.0192	0.0185701	131.162	0.804254	0
13.021	0.0188101	132.645	0.810035	0
13.037	0.01855	131.678	0.801534	0
13.0389	0.0187001	131.412	0.813436	0
12.9948	0.0183652	132.445	0.777729	0
12.9897	0.0187234	130.662	0.799833	0
13.011	0.0186085	132.878	0.811396	0
13.0278	0.0186143	132.428	0.804934	0
13.0086	0.018885	131.745	0.811396	0
13.0078	0.0187924	131.962	0.798813	0
13.0213	0.0189548	132.478	0.806295	0
12.9958	0.018773	132.162	0.811736	0
12.983	0.0187261	131.762	0.769908	0
13.0065	0.0181522	132.362	0.798473	0
13.008	0.0188969	132.395	0.795413	0
13.0038	0.0187419	132.795	0.813096	0
13.0012	0.0188171	132.561	0.821257	0
12.9905	0.0189616	132.978	0.799153	0
12.9991	0.0190861	131.445	0.789631	0
12.9943	0.0188477	131.978	0.798473	0
12.9982	0.0189904	130.446	0.779429	0
12.9966	0.0189771	131.079	0.798813	0
12.987	0.0186256	132.695	0.824658	0
13.0123	0.0191172	133.128	0.814116	0
13.0326	0.0188048	130.529	0.790992	0
13.0217	0.01884	132.028	0.811396	0
13.0113	0.0188145	131.612	0.806295	0
13.0133	0.0185605	132.711	0.803234	0
13.0132	0.0188989	131.579	0.787591	0
13.0276	0.0186628	132.728	0.809015	0
13.0327	0.0186225	131.778	0.805614	0
13.0106	0.0188771	132.778	0.791672	0
12.9944	0.0182107	132.545	0.819217	0
12.994	0.0186085	132.028	0.795413	0
13.0025	0.018904	132.611	0.812076	0
12.9954	0.0190902	131.345	0.793032	0
12.9886	0.0185754	133.161	0.802214	0
13.0051	0.0186365	131.529	0.807655	0
13.0136	0.01885	132.162	0.822618	0
13.0199	0.0190955	131.045	0.78147	0
13.0168	0.0185897	131.645	0.78317	0
13.0074	0.0189982	133.195	0.801194	0
13.0081	0.0188987	131.195	0.785551	0
13.0164	0.0182831	131.678	0.815136	0
13.0256	0.0187276	130.945	0.815136	0
12.9848	0.0191891	132.262	0.827379	0
12.9704	0.0185068	132.312	0.78147	0
13.0076	0.0190177	131.962	0.788611	0
12.9936	0.0185991	133.611	0.797113	0
12.9803	0.019011	132.062	0.810375	0
13.0048	0.0190067	134.111	0.787931	0
13.0093	0.0188452	133.161	0.802214	0
13.0246	0.0185842	132.511	0.794732	0
13.0245	0.0187414	132.262	0.805955	0
13.0093	0.018604	133.028	0.806975	0
13.0157	0.018615	132.778	0.830099	0
13.0027	0.0183645	131.995	0.805614	0
12.9821	0.0190016	132.495	0.794392	0
13.0143	0.0182545	131.079	0.796433	0
13.0202	0.0187707	134.411	0.78351	0
12.9809	0.0187782	131.778	0.818537	0
12.9706	0.0184139	131.862	0.792692	0
13.0108	0.0187763	132.878	0.827379	0
13.0124	0.0189	131.562	0.789291	0
12.986	0.0186675	130.862	0.813436	0
12.9949	0.0185509	133.494	0.804594	0
13.0346	0.0193708	132.145	0.797113	0
13.0415	0.0192277	131.345	0.78317	0
13.0172	0.0189552	131.928	0.820237	0
13.0085	0.0186761	131.579	0.806635	0
13.0268	0.018763	132.461	0.793712	0
13.0206	0.0193332	132.595	0.795413	0
13.0008	0.0186147	131.812	0.801874	0
13.0001	0.0189105	131.845	0.804934	0
12.9951	0.0189664	132.661	0.792352	0
13.0107	0.0187172	132.545	0.802554	0
13.0374	0.0187749	131.945	0.777729	0
13.019	0.0190277	132.328	0.806635	0
12.9999	0.019042	131.895	0.78317	0
13.0333	0.0191833	133.195	0.794392	0
13.0559	0.0187354	132.478	0.809695	0
13.0192	0.018465	131.812	0.800854	0
12.9975	0.0187082	132.395	0.789971	0
13.0012	0.0184394	131.445	0.808675	0
13.0142	0.0187066	130.862	0.811056	0
13.0121	0.0185932	132.578	0.818197	0
12.9906	0.0187134	133.161	0.788951	0
12.9956	0.0186911	132.345	0.790992	0
13.0166	0.018319	132.561	0.798473	0
13.017	0.0185587	132.312	0.798133	0
13.0186	0.0189046	132.295	0.801874	0
13.0636	0.0188627	132.895	0.809695	0
13.0476	0.0191066	131.362	0.796093	0
12.9838	0.0190098	132.811	0.78419	0
12.9911	0.0185326	132.545	0.788611	0
12.9994	0.0186133	131.329	0.794052	0
13.0076	0.0189557	131.279	0.788951	0
13.0059	0.0187043	131.745	0.802554	0
12.9742	0.0188956	132.012	0.799493	0
12.972	0.0186496	131.895	0.815816	0
12.9897	0.0189591	131.762	0.795072	0
12.9974	0.0188521	133.478	0.786231	0
13.0146	0.0191613	133.111	0.802894	0
13.014	0.0187588	131.129	0.799833	0
12.9859	0.0185052	130.246	0.794732	0
12.9996	0.0187601	131.962	0.785551	0
13.0298	0.0186783	132.595	0.821598	0
13.0175	0.0191449	132.528	0.792012	0
13.0088	0.0190822	132.478	0.792352	0
13.0066	0.0187854	132.528	0.790652	0
12.9858	0.0186498	132.195	0.78181	0
12.9787	0.0188297	133.211	0.789971	0
12.9997	0.018477	130.862	0.801534	0
12.9884	0.0188117	132.295	0.799833	0
13.0042	0.0190146	133.794	0.806295	0
13.0085	0.0185646	130.979	0.796773	0
12.9571	0.0189954	131.512	0.790312	0
12.9603	0.0185905	132.162	0.799833	0
12.9968	0.0187782	131.912	0.799833	0
12.9996	0.0188976	131.995	0.78011	0
12.9946	0.0184577	132.162	0.802554	0
13.0097	0.018898	132.228	0.814796	0
13.0079	0.0190991	131.062	0.801874	0
12.9929	0.0189746	131.678	0.807995	0
12.9988	0.0190943	133.628	0.803574	0
13.0104	0.0184008	131.229	0.799493	0
13.014	0.018585	132.761	0.806975	0
13.0104	0.0192506	132.861	0.794052	0
12.9982	0.0190247	131.362	0.807995	0
13.0117	0.0190063	132.611	0.807995	0
13.0195	0.0186331	131.429	0.775349	0
12.9968	0.0189519	132.195	0.794052	0
12.9812	0.0187025	134.011	0.804254	0
13.007	0.018597	132.695	0.807315	0
13.0076	0.0187476	131.412	0.793372	0
12.984	0.0182617	130.929	0.814116	0
13.007	0.0189548	131.962	0.797113	0
13.0356	0.0186238	130.679	0.820917	0
12.9996	0.0189015	132.545	0.809355	0
12.9841	0.0189875	131.345	0.801874	0
13.0008	0.018402	131.812	0.794732	0
13.0012	0.0185432	132.362	0.805955	0
13.0042	0.018937	131.579	0.78147	0
13.0003	0.0191765	131.628	0.821938	0
12.9903	0.0191843	132.362	0.798473	0
12.9913	0.0186194	131.329	0.800173	0
13.008	0.0190569	132.112	0.792692	0
13.0149	0.0189573	132.728	0.794392	0
13.0147	0.0187551	132.611	0.795753	0
13.0013	0.0188604	133.344	0.794052	0
13.0016	0.01893	132.845	0.818197	0
13.0252	0.0185749	131.462	0.789291	0
13.0166	0.0193201	133.494	0.779429	0
12.9967	0.019541	133.661	0.808335	0
13.0034	0.0191456	131.812	0.828399	0
13.0201	0.0185432	133.028	0.815816	0
13.0169	0.0193356	131.079	0.804934	0
13.0009	0.0187396	132.428	0.798133	0
12.9973	0.0189557	131.645	0.812076	0
13.0078	0.0186661	132.195	0.814116	0
13.0468	0.0190964	133.761	0.802894	0
13.0145	0.0188453	132.511	0.800514	0
12.9475	0.0186829	131.445	0.797453	0
13.0008	0.0188699	132.095	0.815136	0
13.0423	0.0184474	131.412	0.808335	0
12.9917	0.0184618	132.312	0.802554	0
12.9898	0.0185088	131.962	0.797113	0
13.028	0.0192767	132.362	0.788951	0
13.0049	0.0186502	132.195	0.798473	0
12.9929	0.0189711	132.278	0.825678	0
13.0101	0.01878	132.928	0.827379	0
12.9838	0.0191861	131.245	0.796093	0
12.9498	0.0188131	131.995	0.799833	0
13.0046	0.0186208	131.928	0.804594	0
13.021	0.0192443	131.878	0.802214	0
12.9876	0.0193207	131.895	0.802554	0
13.0349	0.0193392	132.012	0.797453	0
13.0244	0.0190816	131.862	0.807655	0
13.0156	0.0191942	133.361	0.812756	0
13.0346	0.0190989	131.895	0.797113	0
12.9833	0.0185991	131.362	0.778069	0
12.966	0.0182388	132.112	0.809695	0
13.006	0.0186011	130.845	0.820577	0
13.0079	0.0187848	132.628	0.803234	0
13.0177	0.0190383	133.111	0.805955	0
13.039	0.0188166	132.661	0.787251	0
13.0041	0.0186142	132.645	0.798133	0
13.0034	0.0184622	132.995	0.817517	0
13.0142	0.0187047	131.962	0.794392	0
12.9829	0.0188861	132.778	0.791672	0
13.0281	0.0189676	132.978	0.795072	0
13.0514	0.0191863	132.828	0.798133	0
13.0125	0.0187682	132.928	0.802214	0
13.0211	0.0189069	132.595	0.794392	0
13.0029	0.0189048	130.529	0.800854	0
13.0064	0.0187811	132.761	0.78419	0
13.0178	0.0185498	130.779	0.798813	0
12.9852	0.0188139	132.028	0.826018	0
12.9897	0.0186944	132.811	0.817857	0
12.9887	0.0185779	132.695	0.817857	0
12.9984	0.0187289	131.579	0.799153	0
13.0126	0.0189155	132.162	0.810035	0
12.9805	0.0186849	132.312	0.787251	0
13.001	0.0191688	131.662	0.78181	0
13.0501	0.0185215	132.378	0.78045	0
13.0271	0.0191082	133.461	0.803914	0
12.9879	0.0191149	130.829	0.775009	0
13.0082	0.0189193	131.962	0.795753	0
13.0302	0.0186411	131.462	0.789291	0
13.0122	0.0184825	132.378	0.804594	0
13.0091	0.0182948	131.362	0.795413	0
13.0192	0.0187375	132.078	0.812416	0
13.006	0.0186408	130.995	0.818197	0
12.9965	0.018957	131.645	0.807655	0
13.0038	0.0181143	131.978	0.825678	0
13.0137	0.018561	132.178	0.802894	0
13.0178	0.0186587	132.028	0.810375	0
12.9935	0.019044	131.562	0.796433	0
12.9719	0.018771	131.312	0.818877	0
12.9766	0.019317	132.995	0.778409	0
12.979	0.0190377	131.362	0.801534	0
13.0037	0.0186338	132.145	0.797113	0
13.0207	0.0183809	132.495	0.810375	0
13.0014	0.0191143	132.262	0.789291	0
13.0169	0.0186593	132.395	0.805274	0
13.0313	0.0188005	132.728	0.78419	0
13.0046	0.0184052	132.678	0.791672	0
13.0017	0.0190595	131.912	0.802894	0
12.9863	0.018412	132.828	0.804934	0
12.9686	0.0189108	132.195	0.802554	0
13.0051	0.0192124	131.628	0.813436	0
13.0225	0.0189202	132.695	0.803574	0
12.9896	0.0190683	132.245	0.778749	0
12.9764	0.0191831	133.211	0.789631	0
13.013	0.0187957	132.761	0.787591	0
13.035	0.0187702	132.695	0.806635	0
13.0282	0.0188471	130.462	0.801194	0
13.0288	0.0190287	132.145	0.793032	0
13.0055	0.0187637	133.728	0.802554	0
12.9931	0.0192024	131.662	0.78249	0
13.0221	0.0187482	131.095	0.790652	0
13.025	0.0188631	131.795	0.788271	0
12.9839	0.0186881	133.111	0.805955	0
12.9827	0.0190486	131.479	0.798473	0
13.0044	0.0186196	130.512	0.799153	0
13.0005	0.0187866	133.961	0.822278	0
12.9967	0.0187195	131.595	0.794052	0
12.9915	0.0190253	132.861	0.800173	0
12.9868	0.0182899	132.112	0.774669	0
12.9758	0.0187272	131.828	0.805955	0
12.9971	0.0185804	132.645	0.809355	0
13.0272	0.019057	131.912	0.808675	0
12.9963	0.0187318	132.645	0.818877	0
12.985	0.0191805	131.362	0.800854	0
13.0366	0.0186351	132.478	0.804254	0
13.0463	0.0191487	131.912	0.816497	0
13.0371	0.0187182	132.378	0.798473	0
13.0342	0.0187952	131.329	0.797793	0
13.0036	0.0191181	132.178	0.793032	0
13.0018	0.0188064	131.678	0.794052	0
13.0032	0.0189608	131.695	0.796093	0
12.9939	0.0189517	131.612	0.798813	0
13.0128	0.0181606	131.678	0.789291	0
13.008	0.0189728	130.829	0.798473	0
12.9859	0.0188116	131.962	0.790992	0
13.008	0.0181238	132.145	0.791332	0
13.0011	0.0185711	132.495	0.803234	0
12.9995	0.0183492	131.495	0.797793	0
13.0171	0.0184767	130.862	0.804934	0
13.0015	0.0186073	132.628	0.794052	0
13.004	0.0189529	131.662	0.811056	0
13.0146	0.0181249	132.095	0.794392	0
13.0006	0.0190837	133.878	0.798473	0
13.0264	0.0188197	132.378	0.799833	0
13.0431	0.0187966	131.945	0.799833	0
13.0194	0.0188327	132.411	0.797793	0
13.0419	0.0190442	133.644	0.804254	0
13.0398	0.0189891	133.578	0.817857	0
13.0227	0.018718	132.028	0.786231	0
13.0327	0.0191418	131.612	0.796093	0
13.0057	0.0192993	132.328	0.812756	0
13.0039	0.018458	131.745	0.792692	0
13.0081	0.0187688	132.162	0.795753	0
12.984	0.0187954	133.161	0.800173	0
13.0224	0.018133	132.845	0.802554	0
13.0223	0.0189059	132.645	0.78419	0
12.9798	0.018522	131.462	0.815816	0
13.0029	0.018678	133.161	0.790312	0
13.0268	0.0189693	132.578	0.790312	0
13.0024	0.0186224	131.812	0.803234	0
12.9989	0.0183735	132.028	0.778409	0
13.0001	0.0189747	132.362	0.804934	0
12.9811	0.0190198	131.245	0.779429	0
12.9878	0.0190207	131.812	0.816837	0
12.9952	0.0191282	132.811	0.772628	0
12.9784	0.0191233	131.195	0.779429	0
12.9886	0.0189181	130.662	0.809695	0
12.9937	0.018719	133.028	0.809695	0
12.9622	0.0188709	131.912	0.796093	0
12.9449	0.0183542	132.778	0.816157	0
12.9833	0.0188771	131.362	0.799493	0
13.0038	0.0186756	130.396	0.787931	0
12.9966	0.0185113	132.728	0.807315	0
13.0051	0.0186381	132.128	0.794392	0
13.017	0.0193428	132.278	0.808335	0
13.0079	0.0192338	130.096	0.797453	0
12.9879	0.018797	132.795	0.805955	0
12.9889	0.0187208	130.062	0.813096	0
12.9801	0.0186841	130.829	0.811396	0
12.9866	0.0190022	130.479	0.817857	0
13.0026	0.0187117	133.594	0.812076	0
13.0054	0.0187028	132.012	0.804594	0
12.9987	0.0187483	132.645	0.814796	0
13.0036	0.0185401	131.379	0.800173	0
13.0161	0.0190563	132.012	0.794392	0
12.978	0.0183551	132.062	0.802554	0
12.98	0.0185409	132.878	0.790652	0
13.023	0.0186168	131.212	0.807315	0
13.0062	0.0188143	132.595	0.805274	0
13.0122	0.0187732	132.162	0.818537	0
13.0485	0.0194331	131.179	0.807655	0
13.009	0.0190956	131.845	0.793032	0
12.9583	0.0189858	132.711	0.806295	0
13.0057	0.0182768	132.795	0.801534	0
13.0225	0.0190637	131.379	0.806635	0
13.0021	0.0190331	132.178	0.77977	0
13.0089	0.0183398	130.412	0.808675	0
12.9964	0.0190146	132.645	0.809015	0
13.0081	0.0185011	132.112	0.818537	0
13.0128	0.0187491	131.845	0.797793	0
13.006	0.0186848	131.612	0.807655	0
13.0067	0.019174	130.845	0.824318	0
13.0113	0.0187889	132.262	0.795753	0
13.013	0.0186971	132.878	0.805274	0
13.0101	0.0189495	133.411	0.811736	0
12.9924	0.0183416	132.112	0.789291	0
12.9883	0.0188142	132.278	0.778409	0
12.9924	0.0187507	132.411	0.803574	0
13.005	0.0184363	133.128	0.800854	0
13.0113	0.0185138	132.945	0.786911	0
13.0184	0.0189594	132.528	0.814456	0
12.9937	0.0188094	131.662	0.807655	0
12.9867	0.0187588	133.128	0.804934	0
13.0165	0.0186859	131.562	0.801874	0
13.0115	0.0190813	132.578	0.810375	0
13.0011	0.0186868	132.728	0.795753	0
13.0132	0.0190607	131.495	0.800514	0
13.0247	0.0186753	132.445	0.809695	0
13.0298	0.0191287	131.512	0.800854	0
13.009	0.0190563	131.579	0.78113	0
12.9973	0.0191515	132.495	0.795753	0
12.9995	0.0190794	131.912	0.795413	0
12.9704	0.0191003	132.262	0.78419	0
12.9713	0.0189731	132.578	0.800173	0
13.0196	0.0185445	131.795	0.795413	0
13.0292	0.0186372	132.711	0.790312	0
12.9854	0.0187824	131.545	0.811736	0
12.9713	0.0185398	132.212	0.803234	0
12.9761	0.0189353	131.728	0.787591	0
12.9712	0.0185615	131.529	0.797793	0
13.0113	0.0191665	131.962	0.789291	0
13.0081	0.0189336	130.879	0.793032	0
12.9843	0.0185488	132.628	0.793712	0
13.0079	0.0192389	130.696	0.819897	0
13.0158	0.0191101	132.578	0.78181	0
13.0052	0.0191302	132.228	0.818197	0
12.9917	0.0189591	131.978	0.799153	0
12.9978	0.0186776	132.778	0.784871	0
12.9985	0.0190019	132.228	0.805955	0
12.9981	0.0188081	131.778	0.816157	0
12.9938	0.0184992	132.312	0.797113	0
13.0041	0.0191251	131.445	0.827719	0
12.9981	0.018687	133.111	0.813776	0
12.9949	0.0192511	131.529	0.774328	0
12.9877	0.0191018	133.178	0.826018	0
12.9795	0.018819	132.228	0.820917	0
13.027	0.0192598	131.828	0.809695	0
13.0315	0.0187736	131.695	0.801534	0
12.9911	0.0193014	132.195	0.824998	0
12.9925	0.0193463	130.729	0.802554	0
12.9972	0.0189965	132.028	0.794052	0
12.9871	0.0190375	133.078	0.787251	0
13.0078	0.0184373	132.378	0.799833	0
13.0201	0.0186445	131.812	0.793712	0
13.0278	0.0185382	132.928	0.769228	0
13.0132	0.0184481	131.828	0.786571	0
12.991	0.0191731	132.645	0.817857	0
13.0055	0.0189896	131.195	0.812416	0
12.9943	0.018624	131.662	0.798133	0
12.9882	0.0192308	132.545	0.789291	0
13.0046	0.0186228	132.478	0.806635	0
13.0056	0.0190368	132.695	0.805274	0
13.0056	0.0187618	132.745	0.806295	0
12.9929	0.0185951	130.829	0.826018	0
12.9898	0.0185997	132.611	0.816157	0
13.0253	0.0185675	133.095	0.799153	0
13.0327	0.0190041	131.662	0.813776	0
13.0297	0.0190648	131.795	0.816497	0
13.0365	0.018962	132.178	0.820917	0
13.0158	0.0189201	131.695	0.799833	0
13.0101	0.0184923	130.879	0.778069	0
13.0169	0.0193011	132.878	0.808675	0
13.0117	0.0191012	131.728	0.793032	0
13.0147	0.0188835	132.295	0.793032	0
13.0098	0.01881	132.045	0.794052	0
12.9903	0.0187474	132.811	0.78317	0
12.969	0.0186841	132.378	0.796773	0
12.9753	0.0189017	131.678	0.817857	0
13.0311	0.0190311	133.794	0.78419	0
13.0463	0.0190072	132.445	0.777389	0
12.9903	0.0190737	131.279	0.785891	0
12.9719	0.018594	131.912	0.786911	0
13.0019	0.0186556	130.429	0.806295	0
13.0022	0.0185618	132.495	0.797793	0
12.9913	0.0182971	132.045	0.809695	0
12.9882	0.0188182	131.029	0.811736	0
12.9855	0.0189201	133.294	0.803234	0
13.0041	0.0190576	132.478	0.796773	0
13.0159	0.0185845	131.262	0.804934	0
13.0033	0.0183946	132.961	0.810035	0
13.0207	0.0184658	132.628	0.785211	0
13.0307	0.0187377	132.861	0.812076	0
13.0128	0.0190425	132.645	0.797793	0
13.0057	0.0188202	132.028	0.793712	0
12.9977	0.0187758	133.861	0.779429	0
13.0003	0.0189662	130.995	0.791332	0
12.9958	0.0184223	133.394	0.815476	0
13.0116	0.0185997	132.195	0.809695	0
13.0271	0.0188206	132.312	0.802554	0
13.0067	0.0191684	132.178	0.800854	0
12.9933	0.018698	132.578	0.808335	0
12.9994	0.018244	131.245	0.797113	0
12.9911	0.0184852	132.445	0.791672	0
12.9767	0.018734	132.312	0.790992	0
12.9779	0.0186938	130.579	0.78317	0
12.9892	0.0185496	132.595	0.799153	0
13.0023	0.0190837	131.379	0.809015	0
12.986	0.0189914	131.912	0.779429	0
12.9903	0.0190906	133.095	0.810375	0
13.0286	0.0188463	132.145	0.792352	0
12.9967	0.0184417	132.295	0.814116	0
12.9769	0.0189572	132.945	0.800854	0
13.0145	0.0186965	132.595	0.803574	0
13.0085	0.0192356	132.761	0.805614	0
13.0116	0.0187774	132.628	0.806975	0
13.027	0.0189272	132.295	0.787251	0
12.9981	0.0189711	131.529	0.793372	0
13.014	0.0188348	132.295	0.824318	0
13.0565	0.019225	133.311	0.806635	0
13.0136	0.0191329	133.128	0.78385	0
12.9887	0.0190556	131.978	0.786571	0
13.0133	0.0185299	132.861	0.806975	0
13.0059	0.0191609	131.545	0.806295	0
13.0197	0.0187071	132.761	0.799833	0
13.0014	0.0184541	131.912	0.798133	0
12.9857	0.0185412	133.078	0.813096	0
12.9993	0.0190845	132.378	0.791332	0
12.9885	0.0187907	132.795	0.786571	0
13.0056	0.0189732	132.611	0.796433	0
13.0048	0.0190205	132.661	0.797453	0
12.9708	0.0186866	131.728	0.810035	0
12.9799	0.0185489	132.162	0.799833	0
13.0271	0.0191451	133.278	0.814456	0
13.0209	0.0188655	132.645	0.810375	0
13.0196	0.0189275	131.495	0.803234	0
13.0204	0.0186159	131.762	0.78351	0
13.0051	0.0190341	131.545	0.785551	0
13.0221	0.01895	130.945	0.818197	0
13.0015	0.0189064	131.412	0.787251	0
12.9603	0.0184974	132.711	0.804934	0
12.9867	0.0183832	132.228	0.798813	0
13.005	0.0187343	130.529	0.801194	0
12.9921	0.0189787	131.828	0.793712	0
13.0109	0.0186627	132.795	0.805614	0
13.03	0.0186539	132.112	0.779089	0
13.0255	0.0190419	132.428	0.820237	0
13.0141	0.0190523	133.528	0.78215	0
13.0186	0.019029	132.062	0.821257	0
13.0116	0.0193467	132.478	0.804934	0
12.9959	0.0192719	131.279	0.78215	0
12.9877	0.0190856	132.145	0.799833	0
13.0145	0.0187813	132.645	0.815136	0
13.0295	0.0189236	132.461	0.788611	0
12.9944	0.0185913	130.995	0.807655	0
12.9784	0.0184245	130.629	0.812416	0
12.9733	0.0185317	130.062	0.785551	0
12.9598	0.0186988	132.128	0.789291	0
12.9733	0.0184912	131.412	0.787591	0
12.9945	0.0185303	131.878	0.807995	0
13.0003	0.0191492	132.362	0.802214	0
12.9834	0.0190209	130.579	0.78147	0
12.9828	0.0191505	131.562	0.790992	0
12.9989	0.0189973	132.695	0.805955	0
12.9972	0.0186679	133.361	0.788951	0
13.0034	0.0187119	132.678	0.791332	0
13.0013	0.0194481	131.695	0.803914	0
12.9746	0.0185736	132.995	0.802894	0
12.9811	0.018716	131.695	0.797453	0
13.0142	0.0186309	132.395	0.803574	0
13.0219	0.0193103	131.595	0.800514	0
13.0025	0.0186992	132.845	0.792692	0
13.0073	0.018549	132.262	0.803234	0
13.0041	0.0185131	131.229	0.790312	0
12.9938	0.0185085	131.295	0.794392	0
12.9907	0.0192568	132.495	0.787931	0
12.9969	0.0193251	132.645	0.797113	0
12.9926	0.0191462	132.778	0.795413	0
12.9918	0.0196518	132.778	0.78283	0
13.0116	0.0191112	131.945	0.796433	0
13.0007	0.0190289	134.227	0.794392	0
12.9914	0.0182899	131.279	0.808335	0
12.9918	0.0184638	131.562	0.800173	0
13.0011	0.0192483	132.112	0.788951	0
13.019	0.0190087	133.061	0.790652	0
13.0143	0.0186855	133.794	0.797453	0
13.0234	0.0187016	132.828	0.794732	0
13.0294	0.0191828	132.995	0.811736	0
12.99	0.0187113	132.045	0.797113	0
12.9725	0.018853	131.978	0.813436	0
13.004	0.0186471	132.045	0.802554	0
13.0043	0.0193008	132.112	0.807655	0
12.9948	0.0185522	132.695	0.800514	0
12.9953	0.0191472	132.711	0.789631	0
12.9905	0.0190756	132.428	0.796093	0
12.9747	0.0187585	130.945	0.797453	0
12.98	0.0184827	132.945	0.78113	0
12.9985	0.018435	133.011	0.800514	0
13.0018	0.0188936	132.628	0.818197	0
13.0316	0.0187754	132.645	0.803574	0
13.0278	0.0189106	132.312	0.809015	0
12.9969	0.0184079	132.878	0.811056	0
12.9962	0.0186404	132.661	0.801194	0
13.0111	0.0188307	132.928	0.78045	0
13.0353	0.0190024	132.112	0.803914	0
13.0236	0.0182927	133.461	0.797793	0
13.0022	0.0192706	130.895	0.785551	0
12.992	0.0192378	131.828	0.802214	0
13.0002	0.0187285	132.561	0.798813	0
13.012	0.0188582	132.761	0.787591	0
12.9868	0.0187513	132.678	0.816157	0
12.9925	0.0183168	132.378	0.803914	0
13.0085	0.0184101	131.329	0.78283	0
12.9816	0.0180203	131.895	0.78045	0
12.9858	0.0186117	131.695	0.806635	0
13.0066	0.0183732	134.827	0.818537	0
13.0108	0.0192358	133.061	0.801874	0
13.0228	0.0190153	131.345	0.793372	0
12.9854	0.0185976	131.962	0.810035	0
12.9831	0.018762	131.728	0.812076	0
13.0332	0.0186777	132.528	0.799493	0
13.0034	0.0189636	131.479	0.776029	0
12.9665	0.0186647	132.678	0.778069	0
12.9971	0.01916	130.945	0.810375	0
13.018	0.0191876	131.812	0.802554	0
12.9984	0.0179399	131.928	0.801874	0
13.011	0.0191599	131.579	0.800173	0
13.0179	0.0188058	131.995	0.794732	0
12.992	0.018636	133.195	0.813096	0
13.0018	0.0188786	131.828	0.811396	0
13.0118	0.0188435	130.979	0.789631	0
13.0036	0.0189277	132.678	0.796093	0
12.9915	0.0190514	131.445	0.809355	0
12.9907	0.0187535	132.911	0.814796	0
12.9985	0.0186142	132.578	0.802894	0
13	0.0190228	132.728	0.804934	0
13.0083	0.0186753	132.528	0.810715	0
13.0289	0.0185733	132.561	0.802554	0
13.0278	0.018835	130.829	0.803914	0
12.9913	0.0191438	132.362	0.787591	0
12.9914	0.0190912	131.429	0.796093	0
13.0067	0.0193932	132.395	0.812416	0
13.0016	0.0193613	131.012	0.785891	0
13.0181	0.0189744	132.095	0.801874	0
13.0254	0.0187807	134.244	0.797113	0
13.0056	0.0188908	133.711	0.797113	0
13.0026	0.0194247	132.445	0.801194	0
13.0229	0.0195741	132.578	0.798473	0
13.0353	0.0188747	133.328	0.790312	0
13.004	0.0183937	132.895	0.775689	0
12.9855	0.0187797	131.962	0.806295	0
13.023	0.0187921	131.862	0.805274	0
13.041	0.0191988	133.794	0.816497	0
13.0144	0.0188492	131.245	0.787251	0
12.9976	0.0194099	131.945	0.807315	0
12.9967	0.0187859	132.711	0.817857	0
13.0007	0.0186333	132.861	0.814116	0
13.0072	0.0189253	132.545	0.799833	0
13.0091	0.0186438	131.162	0.801534	0
13.0054	0.0192134	133.361	0.814796	0
12.9918	0.0187389	131.329	0.800173	0
12.9742	0.0186979	132.395	0.801194	0
13.0125	0.0188663	132.978	0.788951	0
13.0453	0.0189736	132.362	0.810035	0
13.0051	0.0189179	131.195	0.816837	0
12.9744	0.0186452	131.212	0.817517	0
13.0076	0.0189421	132.628	0.805955	0
13.0289	0.0188919	131.762	0.807315	0
12.9854	0.0190691	131.712	0.797113	0
12.9299	0.0190853	131.095	0.789291	0
12.9707	0.0188021	132.961	0.804594	0
13.0177	0.0194806	133.011	0.798473	0
12.9953	0.0186277	131.595	0.794052	0
12.9717	0.0189682	132.661	0.799153	0
12.9879	0.0192491	132.495	0.800514	0
12.982	0.0191872	132.312	0.792352	0
12.9665	0.0186881	132.411	0.805955	0
12.9839	0.0192902	133.461	0.804594	0
13.0014	0.0185912	134.211	0.78453	0
13.0156	0.0184947	131.695	0.787931	0
13.0263	0.0187704	132.678	0.812076	0
13.0219	0.0187862	131.828	0.806635	0
13.0136	0.0188855	132.162	0.793372	0
13.013	0.0187958	130.995	0.797793	0
13.014	0.0190194	131.395	0.793372	0
12.9922	0.0191367	132.078	0.789631	0
12.9945	0.0189605	132.262	0.819897	0
13.0287	0.0192019	133.045	0.801874	0
13.0077	0.0189015	132.611	0.786231	0
12.9643	0.0185328	132.595	0.806295	0
12.9889	0.0186163	133.195	0.801194	0
13.0328	0.0183054	131.395	0.806975	0
12.999	0.0187838	131.862	0.811736	0
12.9789	0.0189669	131.878	0.78147	0
12.9865	0.0185661	132.362	0.814456	0
12.9795	0.0187994	134.211	0.803914	0
13.0121	0.0187135	132.828	0.78147	0
13.0261	0.0187459	131.945	0.815476	0
13.0112	0.0182948	133.328	0.820237	0
12.9991	0.0180082	131.712	0.802554	0
12.9929	0.0182019	132.578	0.804934	0
12.9986	0.0189415	132.162	0.799493	0
0	0	0	0	0
0	0	0	0	0
0	0	0	0	0
0	0	0	0	0
0	0	0	0	0
0	0	0	0	0
0	0	0	0	0
0	0	0	0	0
0	0	0	0	0
0	0	0	0	0
0	0	0	0	0
0	0	0	0	0
0	0	0	0	0
0	0	0	0	0
0	0	0	0	0
0	0	0	0	0
0	0	0	0	0
0	0	0	0	0
0	0	0	0	0
0	0	0	0	0
0	0	0	0	0
0	0	0	0	0
0	0	0	0	0
0	0	0	0	0
0	0	0	0	0
0	0	0	0	0
0	0	0	0	0
0	0	0	0	0
0	0	0	0	0
0	0	0	0	0
0	0	0	0	0
0	0	0	0	0
0	0	0	0	0
0	0	0	0	0
0	0	0	0	0
0	0	0	0	0
0	0	0	0	0
0	0	0	0	0
0	0	0	0	0
0	0	0	0	0
0	0	0	0	0
0	0	0	0	0
0	0	0	0	0
0	0	0	0	0
0	0	0	0	0
0	0	0	0	0
0	0	0	0	0
0	0	0	0	0
0	0	0	0	0
0	0	0	0	0
0	0	0	0	0
0	0	0	0	0
0	0	0	0	0
0	0	0	0	0
0	0	0	0	0
0	0	0	0	0
0	0	0	0	0
0	0	0	0	0
0	0	0	0	0
0	0	0	0	0
0	0	0	0	0
0	0	0	0	0
0	0	0	0	0
0	0	0	0	0
0	0	0	0	0
0	0	0	0	0
0	0	0	0	0
0	0	0	0	0
0	0	0	0	0
0	0	0	0	0
0	0	0	0	0
0	0	0	0	0
0	0	0	0	0
0	0	0	0	0
0	0	0	0	0
0	0	0	0	0
0	0	0	0	0
0	0	0	0	0
0	0	0	0	0
0	0	0	0	0
0	0	0	0	0
0	0	0	0	0
0	0	0	0	0
0	0	0	0	0
0	0	0	0	0
0	0	0	0	0
0	0	0	0	0
0	0	0	0	0
0	0	0	0	0
0	0	0	0	0
0	0	0	0	0
0	0	0	0	0
0	0	0	0	0
0	0	0	0	0
0	0	0	0	0
0	0	0	0	0
0	0	0	0	0
0	0	0	0	0
0	0	0	0	0
0	0	0	0	0
0	0	0	0	0
0	0	0	0	0
0	0	0	0	0
0	0	0	0	0
0	0	0	0	0
0	0	0	0	0
0	0	0	0	0
0	0	0	0	0
0	0	0	0	0
0	0	0	0	0
0	0	0	0	0
0	0	0	0	0
0	0	0	0	0
0	0	0	0	0
0	0	0	0	0
0	0	0	0	0
0	0	0	0	0
0	0	0	0	0
0	0	0	0	0
0	0	0	0	0
0	0	0	0	0
0	0	0	0	0
0	0	0	0	0
0	0	0	0	0
0	0	0	0	0
0	0	0	0	0
0	0	0	0	0
0	0	0	0	0
0	0	0	0	0
0	0	0	0	0
0	0	0	0	0
0	0	0	0	0
0	0	0	0	0
0	0	0	0	0
0	0	0	0	0
0	0	0	0	0
0	0	0	0	0
0	0	0	0	0
0	0	0	0	0
0	0	0	0	0
0	0	0	0	0
0	0	0	0	0
0	0	0	0	0
0	0	0	0	0
0	0	0	0	0
0	0	0	0	0
0	0	0	0	0
0	0	0	0	0
0	0	0	0	0
0	0	0	0	0
0	0	0	0	0
0	0	0	0	0
0	0	0	0	0
0	0	0	0	0
0	0	0	0	0
0	0	0	0	0
0	0	0	0	0
0	0	0	0	0
0	0	0	0	0
0	0	0	0	0
0	0	0	0	0
0	0	0	0	0
0	0	0	0	0
0	0	0	0	0
0	0	0	0	0
0	0	0	0	0
0	0	0	0	0
0	0	0	0	0
0	0	0	0	0
0	0	0	0	0
0	0	0	0	0
0	0	0	0	0
0	0	0	0	0
0	0	0	0	0
0	0	0	0	0
0	0	0	0	0
0	0	0	0	0
0	0	0	0	0
0	0	0	0	0
0	0	0	0	0
0	0	0	0	0
0	0	0	0	0
0	0	0	0	0
0	0	0	0	0
0	0	0	0	0
0	0	0	0	0
0	0	0	0	0
0	0	0	0	0
0	0	0	0	0
0	0	0	0	0
0	0	0	0	0
0	0	0	0	0
0	0	0	0	0
0	0	0	0	0
0	0	0	0	0
0	0	0	0	0
0	0	0	0	0
0	0	0	0	0
0	0	0	0	0
0	0	0	0	0
0	0	0	0	0
0	0	0	0	0
0	0	0	0	0
0	0	0	0	0
0	0	0	0	0
0	0	0	0	0
0	0	0	0	0
0	0	0	0	0
0	0	0	0	0
0	0	0	0	0
0	0	0	0	0
0	0	0	0	0
0	0	0	0	0
0	0	0	0	0
0	0	0	0	0
0	0	0	0	0
0	0	0	0	0
0	0	0	0	0
0	0	0	0	0
0	0	0	0	0
0	0	0	0	0
0	0	0	0	0
0	0	0	0	0
0	0	0	0	0
0	0	0	0	0
0	0	0	0	0
0	0	0	0	0
0	0	0	0	0
0	0	0	0	0
0	0	0	0	0
0	0	0	0	0
0	0	0	0	0
0	0	0	0	0
0	0	0	0	0
0	0	0	0	0
0	0	0	0	0
0	0	0	0	0
0	0	0	0	0
0	0	0	0	0
0	0	0	0	0
0	0	0	0	0
0	0	0	0	0
0	0	0	0	0
0	0	0	0	0
0	0	0	0	0
0	0	0	0	0
0	0	0	0	0
0	0	0	0	0
0	0	0	0	0
0	0	0	0	0
0	0	0	0	0
0	0	0	0	0
0	0	0	0	0
0	0	0	0	0
0	0	0	0	0
0	0	0	0	0
0	0	0	0	0
0	0	0	0	0
0	0	0	0	0
0	0	0	0	0
0	0	0	0	0
0	0	0	0	0
0	0	0	0	0
0	0	0	0	0
0	0	0	0	0
0	0	0	0	0
0	0	0	0	0
0	0	0	0	0
0	0	0	0	0
0	0	0	0	0
0	0	0	0	0
0	0	0	0	0
0	0	0	0	0
0	0	0	0	0
0	0	0	0	0
0	0	0	0	0
0	0	0	0	0
0	0	0	0	0
0	0	0	0	0
0	0	0	0	0
0	0	0	0	0
0	0	0	0	0
0	0	0	0	0
0	0	0	0	0
0	0	0	0	0
0	0	0	0	0
0	0	0	0	0
0	0	0	0	0
0	0	0	0	0
0	0	0	0	0
0	0	0	0	0
0	0	0	0	0
0	0	0	0	0
0	0	0	0	0
0	0	0	0	0
0	0	0	0	0
0	0	0	0	0
0	0	0	0	0
0	0	0	0	0
0	0	0	0	0
0	0	0	0	0
0	0	0	0	0
0	0	0	0	0
0	0	0	0	0
0	0	0	0	0
0	0	0	0	0
0	0	0	0	0
0	0	0	0	0
0	0	0	0	0
0	0	0	0	0
0	0	0	0	0
0	0	0	0	0
0	0	0	0	0
0	0	0	0	0
0	0	0	0	0
0	0	0	0	0
0	0	0	0	0
0	0	0	0	0
0	0	0	0	0
0	0	0	0	0
0	0	0	0	0
0	0	0	0	0
0	0	0	0	0
0	0	0	0	0
0	0	0	0	0
0	0	0	0	0
0	0	0	0	0
0	0	0	0	0
0	0	0	0	0
0	0	0	0	0
0	0	0	0	0
0	0	0	0	0
0	0	0	0	0
0	0	0	0	0
0	0	0	0	0
0	0	0	0	0
0	0	0	0	0
0	0	0	0	0
0	0	0	0	0
0	0	0	0	0
0	0	0	0	0
0	0	0	0	0
0	0	0	0	0
0	0	0	0	0
0	0	0	0	0
0	0	0	0	0
0	0	0	0	0
0	0	0	0	0
0	0	0	0	0
0	0	0	0	0
0	0	0	0	0
0	0	0	0	0
0	0	0	0	0
0	0	0	0	0
0	0	0	0	0
0	0	0	0	0
0	0	0	0	0
0	0	0	0	0
0	0	0	0	0
0	0	0	0	0
0	0	0	0	0
0	0	0	0	0
0	0	0	0	0
0	0	0	0	0
0	0	0	0	0
0	0	0	0	0
0	0	0	0	0
0	0	0	0	0
0	0	0	0	0
0	0	0	0	0
0	0	0	0	0
0	0	0	0	0
0	0	0	0	0
0	0	0	0	0
0	0	0	0	0
0	0	0	0	0
0	0	0	0	0
0	0	0	0	0
0	0	0	0	0
0	0	0	0	0
0	0	0	0	0
0	0	0	0	0
0	0	0	0	0
0	0	0	0	0
0	0	0	0	0
0	0	0	0	0
0	0	0	0	0
0	0	0	0	0
0	0	0	0	0
0	0	0	0	0
0	0	0	0	0
0	0	0	0	0
0	0	0	0	0
0	0	0	0	0
0	0	0	0	0
0	0	0	0	0
0	0	0	0	0
0	0	0	0	0
0	0	0	0	0
0	0	0	0	0
