a2610811.350889
Narit-cm 08/01/2026 11:05:08 08/01/2026 11:35:08 0045 0013.384714 0052.542598 00.0 00.0
0002401 0010 0000000 0010 05 0000000 0010 0000000 0010
1 0 1 01600 1 0000 3.75 00000.o 0 0 01 000 16 002401 0.500 BT0
1 2 1 02000 1 0000 3.75 00000.o 0 0 01 000 16 002401 0.500 S2A0
1 1 1 01600 1 0000 3.75 00000.o 0 0 00 000 00 002401 3.1746 BC0
1 3 1 02000 1 0000 3.75 00000.o 0 0 00 000 00 002401 3.1746 S2P0
1 5 0 01600 0 0000 1.00 00000.o 0 0 00 000 00 000000 0.000 OF0
0.000 .o Analog 0 	0.000 .o Analog StErr 0 	0.000 .o Photon Counting 0 	0.000 .o PC StErr 0 	0.000 .o Overflow Info 0 
29.1145	0.104281	156.585	0.823298	0
50.3055	0.183415	162.266	0.826699	0
124.451	0.819038	77.6177	1.11643	0
337.706	1.589	0.58309	0.111201	1
498.221	0.122044	32.3865	0.819897	1
499.621	0.0631104	151.687	1.24226	1
487.766	0.248141	124.898	1.30891	1
489.051	0.243617	27.2553	0.687952	1
499.333	0.0797899	21.691	0.598515	1
499.701	0.0564403	43.5152	0.777729	1
499.714	0.0555972	91.1454	0.997071	1
499.69	0.0577616	143.773	1.04298	1
499.698	0.0572113	161.549	1.01611	1
499.713	0.0560745	134.977	1.044	1
499.717	0.0553743	119.4	0.972927	1
499.928	0.0265879	111.27	0.959324	1
500	0	112.436	0.967145	1
500	0	115.785	0.952863	1
500	0	115.435	0.929398	1
499.781	0.0247107	128.313	0.944021	1
479.376	0.288127	147.755	0.968846	1
438.967	0.3264	168.913	0.918176	1
401.614	0.318855	182.324	0.922937	1
368.273	0.29184	190.337	0.9362	0
338.802	0.264742	192.653	0.917156	0
312.534	0.242587	193.12	0.914435	0
289.138	0.222733	192.886	0.909674	0
268.368	0.205152	190.404	0.898112	0
249.644	0.189552	189.904	0.900153	0
232.715	0.179753	186.256	0.904573	0
217.215	0.169318	184.806	0.893011	0
202.81	0.157462	184.54	0.867846	0
189.482	0.150107	181.674	0.892331	0
176.954	0.144169	180.641	0.866826	0
165.035	0.137484	178.842	0.869887	0
153.775	0.131999	175.56	0.878048	0
143.121	0.128627	174.711	0.846082	0
133.007	0.124264	174.344	0.874308	0
123.449	0.119778	173.011	0.868186	0
114.365	0.116472	173.095	0.872947	0
105.566	0.113932	169.446	0.83214	0
97.1692	0.111317	168.963	0.862405	0
89.266	0.109165	167.663	0.859005	0
81.6416	0.105226	165.231	0.852543	0
74.3813	0.10302	165.231	0.83248	0
67.5709	0.0995629	164.282	0.859005	0
61.1055	0.0959975	161.733	0.855264	0
55.0302	0.092391	161.716	0.838601	0
49.4884	0.0879654	159.367	0.818877	0
44.4473	0.0841281	159.717	0.837581	0
39.9833	0.0779171	158.467	0.837921	0
36.2114	0.0692027	157.701	0.820917	0
33.0254	0.0622251	154.452	0.796433	0
30.3474	0.0564679	154.219	0.810375	0
28.1545	0.0499682	153.386	0.813436	0
26.4346	0.0442062	151.254	0.801534	0
25.1348	0.0395245	152.253	0.825678	0
24.1443	0.0367933	148.938	0.78283	0
23.287	0.0340491	149.821	0.820577	0
22.5933	0.030445	148.205	0.795413	0
22.0959	0.0298248	147.389	0.820237	0
21.6786	0.0288576	146.406	0.809695	0
21.2895	0.027924	146.006	0.804254	0
20.9901	0.0271755	145.09	0.813096	0
20.7097	0.0262764	142.607	0.811056	0
20.4126	0.0262147	145.756	0.821257	0
20.2232	0.0257538	142.441	0.817857	0
20.0357	0.02502	142.141	0.794392	0
19.8671	0.02589	141.558	0.805955	0
19.7162	0.0254896	140.392	0.818877	0
19.5443	0.0252802	140.508	0.799493	0
19.4348	0.0246067	140.825	0.798473	0
19.324	0.0247671	139.242	0.800173	0
19.1509	0.0242815	140.758	0.806295	0
19.0324	0.0243383	139.592	0.802214	0
18.939	0.0241943	139.858	0.801874	0
18.8379	0.0246913	140.025	0.807995	0
18.7547	0.0240073	138.942	0.801194	0
18.645	0.0249137	137.709	0.770928	0
18.5429	0.0241666	138.292	0.819217	0
18.4751	0.0242604	139.858	0.793372	0
18.4006	0.0236129	139.359	0.817177	0
18.3087	0.0236761	138.909	0.799833	0
18.2132	0.0239297	136.06	0.812076	0
18.1601	0.0237238	138.359	0.812416	0
18.1353	0.0230741	137.343	0.807655	0
18.096	0.0233669	138.042	0.815476	0
18.0165	0.023152	138.009	0.801534	0
17.9115	0.0230006	136.843	0.800514	0
17.8611	0.0229046	138.692	0.801534	0
17.8825	0.023264	138.209	0.792012	0
17.8174	0.023192	137.743	0.803234	0
17.7521	0.0232348	136.31	0.801534	0
17.7637	0.023386	137.793	0.785891	0
17.7346	0.0234188	137.243	0.802214	0
17.679	0.0236064	137.16	0.813776	0
17.6508	0.0231727	137.743	0.804934	0
17.5946	0.0232808	137.126	0.809015	0
17.5431	0.0233594	136.26	0.814456	0
17.4953	0.0229504	137.826	0.812076	0
17.4464	0.0230135	135.993	0.797793	0
17.4226	0.0228107	136.027	0.810375	0
17.4016	0.0222829	137.476	0.791672	0
17.3825	0.0230932	135.177	0.78249	0
17.367	0.0227345	134.827	0.776029	0
17.3242	0.0237396	136.86	0.809015	0
17.2865	0.0228586	137.309	0.795413	0
17.243	0.0225317	136.543	0.821598	0
17.1852	0.0224523	134.061	0.799493	0
17.1088	0.022869	135.51	0.813096	0
17.0132	0.0226529	135.893	0.790992	0
17.0207	0.0228392	135.66	0.789631	0
17.0404	0.0227866	134.844	0.806975	0
16.9797	0.0218904	135.91	0.793032	0
16.9107	0.022361	136.543	0.826018	0
16.8826	0.0224291	134.344	0.78385	0
16.8475	0.0221326	136.027	0.823638	0
16.7758	0.021835	134.261	0.797453	0
16.7117	0.0219914	134.81	0.789631	0
16.6671	0.0223884	135.46	0.784871	0
16.6314	0.0219817	135.344	0.791332	0
16.5664	0.0217673	134.277	0.802554	0
16.525	0.0227061	135.677	0.805274	0
16.5086	0.0216516	133.328	0.790652	0
16.4388	0.0214269	133.561	0.788951	0
16.3661	0.0214706	133.961	0.803574	0
16.3531	0.0213888	134.894	0.801194	0
16.3177	0.0217471	134.444	0.793032	0
16.2398	0.021672	133.644	0.798813	0
16.2058	0.0214802	134.561	0.800854	0
16.1713	0.0218811	133.944	0.774328	0
16.134	0.0214003	133.944	0.793372	0
16.0709	0.0215681	134.161	0.800173	0
15.9552	0.0211973	134.211	0.802214	0
15.8853	0.0213998	133.644	0.801874	0
15.904	0.0214764	134.061	0.796773	0
15.8895	0.0211044	132.478	0.793712	0
15.816	0.0210346	134.111	0.804594	0
15.7557	0.0211867	134.711	0.814116	0
15.7053	0.0215001	132.995	0.813436	0
15.6354	0.02163	131.762	0.800854	0
15.5856	0.0216045	131.612	0.797793	0
15.5674	0.0205272	133.228	0.776369	0
15.5457	0.0214551	131.828	0.804254	0
15.4576	0.0209997	131.229	0.786911	0
15.3454	0.0207592	131.712	0.804934	0
15.3123	0.02061	130.396	0.794392	0
15.2632	0.0207862	132.028	0.775009	0
15.196	0.0208111	130.012	0.766167	0
15.1496	0.020513	131.912	0.798473	0
15.1236	0.0204836	130.912	0.794392	0
15.122	0.0208572	131.662	0.804934	0
15.1098	0.0200932	130.546	0.798813	0
15.0239	0.0204083	131.512	0.815816	0
14.9487	0.0204786	131.045	0.78453	0
14.9506	0.0199673	129.546	0.809015	0
14.9291	0.0201868	130.962	0.795753	0
14.882	0.0201314	130.979	0.814456	0
14.8336	0.0202424	128.913	0.804934	0
14.8082	0.0242742	130.229	0.800173	0
14.7999	0.0221243	130.046	0.815476	0
14.7802	0.0202315	129.846	0.805955	0
14.7774	0.0202627	129.279	0.811056	0
14.7418	0.0204035	129.213	0.789631	0
14.6884	0.0201905	130.112	0.822958	0
14.6864	0.0203	128.913	0.798473	0
14.6629	0.0199087	130.079	0.772968	0
14.6132	0.0198177	130.995	0.817857	0
14.6084	0.0196012	129.996	0.801534	0
14.5638	0.0197621	127.364	0.790312	0
14.4999	0.0196552	128.946	0.786571	0
14.4897	0.0195996	128.28	0.792692	0
14.4907	0.0196614	128.363	0.792012	0
14.4615	0.0201303	127.547	0.796433	0
14.4243	0.020394	128.68	0.78453	0
14.3689	0.0201565	128.98	0.791672	0
14.3491	0.0199614	128.646	0.802894	0
14.3527	0.0196587	127.48	0.788951	0
14.3093	0.020116	127.897	0.78113	0
14.2698	0.0193315	127.747	0.78215	0
14.2514	0.0192924	129.263	0.812416	0
14.2521	0.0184893	128.563	0.78079	0
14.2315	0.0187662	127.247	0.797113	0
14.1843	0.0189936	128.397	0.804594	0
14.1695	0.0194176	127.314	0.790312	0
14.1438	0.0194696	128.147	0.806295	0
14.1184	0.0194654	127.03	0.804594	0
14.1159	0.0195073	128.18	0.796093	0
14.1204	0.0193973	129.396	0.801874	0
14.1079	0.0193221	129.196	0.785891	0
14.0587	0.0186317	127.447	0.799833	0
14.0321	0.0188442	127.93	0.803574	0
14.0139	0.0191317	128.03	0.804934	0
13.9971	0.0193714	127.697	0.807995	0
13.9929	0.0192118	126.681	0.800173	0
13.9697	0.0190304	127.763	0.792012	0
13.9372	0.0189053	127.613	0.788951	0
13.9235	0.0189031	128.73	0.785891	0
13.906	0.0187675	125.731	0.802214	0
13.9009	0.018718	127.963	0.795072	0
13.8917	0.0189748	125.598	0.807315	0
13.836	0.0187675	125.881	0.797793	0
13.8317	0.0190423	127.08	0.78215	0
13.8454	0.0188201	126.714	0.810035	0
13.8159	0.0193421	127.347	0.794732	0
13.8016	0.0183984	127.197	0.78317	0
13.826	0.0186542	127.88	0.78283	0
13.8492	0.018698	126.747	0.792352	0
13.8445	0.0191236	126.181	0.817517	0
13.8208	0.0186321	126.531	0.785551	0
13.8017	0.0189758	126.381	0.814116	0
13.7948	0.0187944	127.564	0.818537	0
13.8105	0.0193151	125.914	0.793712	0
13.826	0.0189855	126.964	0.788951	0
13.7947	0.0182393	125.964	0.785211	0
13.7576	0.0190746	125.398	0.796773	0
13.7661	0.0186211	126.264	0.808335	0
13.7824	0.0188132	126.781	0.771608	0
13.79	0.0189009	125.798	0.78215	0
13.7708	0.0188461	127.33	0.789971	0
13.7465	0.01876	126.131	0.807995	0
13.7544	0.018575	127.264	0.816837	0
13.746	0.0189042	126.93	0.770248	0
13.7181	0.0187255	127.147	0.78317	0
13.7083	0.018551	124.232	0.797453	0
13.6879	0.0187866	126.414	0.787251	0
13.7011	0.0182564	126.147	0.799153	0
13.7235	0.0191824	126.997	0.77977	0
13.6924	0.0190959	126.347	0.801874	0
13.6967	0.0188044	126.997	0.801874	0
13.7071	0.0189251	126.481	0.788271	0
13.6767	0.0184144	127.28	0.795072	0
13.6807	0.018492	126.514	0.78215	0
13.6919	0.0185188	126.764	0.797793	0
13.6795	0.0185014	126.381	0.788611	0
13.6396	0.018579	126.464	0.791332	0
13.6186	0.018916	126.497	0.802554	0
13.6289	0.0189978	125.931	0.796093	0
13.622	0.019006	125.698	0.784871	0
13.6013	0.019058	126.814	0.803914	0
13.5988	0.0184919	125.831	0.775009	0
13.5935	0.0189014	125.664	0.798473	0
13.5877	0.0184203	125.348	0.801874	0
13.5838	0.018591	124.415	0.795753	0
13.5776	0.0184733	125.015	0.78317	0
13.5562	0.0184557	125.398	0.796093	0
13.5196	0.0184452	125.065	0.784871	0
13.5313	0.0188311	125.564	0.796093	0
13.5635	0.0185673	125.448	0.772288	0
13.5335	0.0184279	126.347	0.811056	0
13.5277	0.0177701	125.131	0.793032	0
13.5449	0.01822	124.581	0.790992	0
13.5408	0.0181612	125.414	0.787931	0
13.535	0.018142	124.365	0.78351	0
13.5163	0.0185653	126.397	0.789291	0
13.517	0.0187678	125.031	0.819217	0
13.5452	0.0186361	124.965	0.797453	0
13.5211	0.0183045	125.648	0.78283	0
13.4999	0.0184058	125.448	0.787251	0
13.5466	0.0189058	125.531	0.803914	0
13.5473	0.0187751	125.398	0.794392	0
13.4886	0.018315	124.382	0.786911	0
13.4938	0.0182956	124.848	0.795753	0
13.5434	0.0185908	125.798	0.78351	0
13.5244	0.0184352	125.031	0.784871	0
13.4899	0.0183414	125.498	0.792012	0
13.4951	0.0189442	126.431	0.797113	0
13.4877	0.0183077	125.431	0.795072	0
13.4739	0.0184311	124.598	0.793372	0
13.4808	0.0183519	126.347	0.796433	0
13.4762	0.018152	124.348	0.768887	0
13.4609	0.0179152	126.681	0.811396	0
13.4765	0.0184372	125.498	0.787931	0
13.4817	0.0181225	125.398	0.77977	0
13.4692	0.0182216	125.248	0.808675	0
13.452	0.0183438	125.631	0.785891	0
13.4777	0.0189369	125.898	0.772288	0
13.5057	0.0182541	125.948	0.798133	0
13.461	0.0186781	125.948	0.78113	0
13.4284	0.0184534	125.931	0.800514	0
13.4542	0.0180676	125.964	0.792352	0
13.4741	0.0184888	125.864	0.78385	0
13.4582	0.018437	126.581	0.797793	0
13.4514	0.018536	125.598	0.785551	0
13.4522	0.0185085	125.248	0.785551	0
13.4688	0.018324	124.681	0.800173	0
13.4806	0.0185571	125.798	0.811736	0
13.4758	0.0185676	125.414	0.78317	0
13.4769	0.0183151	126.264	0.792012	0
13.467	0.0184374	125.165	0.793372	0
13.433	0.0186886	125.681	0.798473	0
13.4366	0.0185202	125.631	0.793032	0
13.4391	0.018263	125.964	0.78181	0
13.4327	0.0181899	125.165	0.78181	0
13.4361	0.0183198	125.814	0.786911	0
13.4056	0.0181441	125.581	0.800514	0
13.4204	0.0182207	126.081	0.800854	0
13.4721	0.018272	127.097	0.793712	0
13.4349	0.0182341	124.998	0.797453	0
13.4169	0.018138	124.831	0.779089	0
13.471	0.0182718	126.747	0.78419	0
13.4637	0.0186064	125.364	0.790652	0
13.4337	0.0186631	124.798	0.789291	0
13.4439	0.0188993	125.781	0.765147	0
13.4413	0.0188965	123.965	0.787591	0
13.4397	0.018185	125.898	0.770928	0
13.4339	0.0184317	124.798	0.78453	0
13.417	0.0188241	125.464	0.803914	0
13.4047	0.0181536	123.965	0.777729	0
13.4171	0.0187124	126.497	0.797113	0
13.4405	0.018866	125.481	0.787591	0
13.4362	0.01837	125.398	0.786231	0
13.4235	0.0185866	125.581	0.784871	0
13.426	0.0178845	126.014	0.794732	0
13.4402	0.0181831	124.615	0.794052	0
13.4268	0.0185279	124.598	0.793372	0
13.4253	0.0181641	124.798	0.801534	0
13.4336	0.01827	127.18	0.803914	0
13.3904	0.017931	124.931	0.797453	0
13.4147	0.0182229	125.464	0.78215	0
13.4506	0.0183404	123.948	0.78045	0
13.4017	0.0182725	125.881	0.800514	0
13.3988	0.0184206	123.515	0.77977	0
13.4225	0.0185835	126.614	0.806635	0
13.4405	0.0186393	125.214	0.774669	0
13.3967	0.0184181	125.081	0.797453	0
13.3649	0.0187612	124.731	0.796093	0
13.4244	0.0186779	126.414	0.809695	0
13.4205	0.0187557	124.248	0.786911	0
13.388	0.0184886	125.814	0.800514	0
13.4216	0.0181906	125.514	0.778409	0
13.4467	0.0184326	123.532	0.785891	0
13.422	0.018583	126.514	0.799833	0
13.4057	0.0179613	126.614	0.823298	0
13.4262	0.0180815	126.564	0.797453	0
13.4268	0.0183841	125.015	0.793372	0
13.4084	0.0186596	127.297	0.799153	0
13.4077	0.0187301	125.281	0.804254	0
13.4019	0.0184039	126.414	0.787931	0
13.3911	0.0179017	123.449	0.788611	0
13.3893	0.0182552	127.23	0.787591	0
13.3937	0.0185096	125.648	0.773308	0
13.4007	0.0182197	125.948	0.797453	0
13.3982	0.0181712	126.797	0.779089	0
13.3959	0.018596	125.165	0.796773	0
13.3945	0.0186018	125.748	0.789971	0
13.382	0.0184875	125.598	0.796093	0
13.3728	0.0180126	125.848	0.812076	0
13.3848	0.0181131	125.414	0.790652	0
13.3853	0.0179096	124.881	0.805614	0
13.3838	0.0184819	124.498	0.78419	0
13.3983	0.0185469	124.298	0.796433	0
13.3997	0.0183645	125.298	0.785551	0
13.3943	0.0186781	125.948	0.803234	0
13.3865	0.0182963	124.515	0.786231	0
13.3858	0.0184956	125.531	0.788271	0
13.3928	0.0183634	125.431	0.793712	0
13.4166	0.0185234	126.314	0.805955	0
13.4094	0.0184512	124.165	0.790992	0
13.3737	0.0178965	125.831	0.792012	0
13.3781	0.0182362	125.081	0.796433	0
13.3904	0.0183497	124.998	0.804934	0
13.3785	0.0183063	125.264	0.794392	0
13.3952	0.0186354	125.015	0.78147	0
13.3732	0.0178389	125.048	0.771948	0
13.354	0.0180267	126.764	0.805955	0
13.37	0.0179947	125.198	0.797793	0
13.3542	0.0183227	125.614	0.778749	0
13.3505	0.0180291	124.815	0.792692	0
13.3736	0.0181808	124.332	0.78283	0
13.3805	0.0183813	124.365	0.779429	0
13.3719	0.0183266	124.548	0.788611	0
13.3692	0.0180127	125.981	0.787251	0
13.3696	0.0183214	125.448	0.785551	0
13.3373	0.0185657	125.364	0.804254	0
13.3532	0.0185731	126.047	0.785211	0
13.3858	0.018429	125.431	0.788271	0
13.3506	0.0183756	125.264	0.794732	0
13.3389	0.0185574	124.648	0.771948	0
13.3809	0.0182397	125.964	0.799833	0
13.3758	0.0178724	124.965	0.793372	0
13.3459	0.0183174	124.948	0.793032	0
13.3585	0.0180376	123.965	0.794732	0
13.3634	0.0183056	125.481	0.794052	0
13.3559	0.0184903	125.531	0.78385	0
13.3665	0.017829	125.198	0.798133	0
13.3712	0.0184041	125.581	0.785891	0
13.359	0.0183044	125.448	0.801534	0
13.3737	0.0180863	126.131	0.805274	0
13.3945	0.0184541	125.498	0.801534	0
13.3529	0.018194	125.031	0.797113	0
13.3474	0.0186655	124.248	0.785211	0
13.3827	0.0181915	125.998	0.800173	0
13.3626	0.018257	125.448	0.801534	0
13.3558	0.0180659	125.581	0.804594	0
13.3855	0.0180787	125.181	0.802214	0
13.3961	0.0185548	124.348	0.779429	0
13.3732	0.0180023	123.932	0.786911	0
13.3433	0.0181755	125.165	0.802554	0
13.3664	0.0181751	124.465	0.806295	0
13.377	0.0185576	125.248	0.788271	0
13.343	0.01804	125.181	0.778749	0
13.3687	0.017997	125.898	0.799833	0
13.4047	0.018263	124.548	0.772628	0
13.3815	0.0187682	126.097	0.789291	0
13.3507	0.0182933	125.631	0.78385	0
13.3346	0.0183579	124.631	0.788951	0
13.3327	0.0182605	123.782	0.78079	0
13.3467	0.0179621	126.564	0.768207	0
13.3725	0.0182022	125.614	0.796773	0
13.3636	0.0188102	125.448	0.792692	0
13.3514	0.0185049	125.065	0.769908	0
13.3347	0.0183325	126.297	0.786231	0
13.3429	0.0182133	126.064	0.805274	0
13.3813	0.018282	126.464	0.831119	0
13.3889	0.0182736	124.965	0.789631	0
13.3582	0.0182026	124.715	0.793372	0
13.3455	0.0184627	125.331	0.78215	0
13.3531	0.0182489	126.697	0.805614	0
13.3432	0.0185118	125.115	0.779429	0
13.3371	0.0183684	123.865	0.785891	0
13.3341	0.0177427	124.815	0.803914	0
13.3463	0.0185856	125.498	0.788611	0
13.371	0.0191131	125.848	0.786231	0
13.3823	0.0181819	125.148	0.800514	0
13.3742	0.0181228	125.081	0.78113	0
13.3646	0.0179997	124.365	0.788271	0
13.3368	0.0182426	125.631	0.784871	0
13.3382	0.0182299	124.765	0.790652	0
13.3707	0.0180112	126.681	0.803234	0
13.3665	0.0181796	125.231	0.793032	0
13.3547	0.0185546	125.214	0.787591	0
13.3523	0.0183839	125.681	0.777729	0
13.3474	0.0180731	126.214	0.798133	0
13.3425	0.0183917	125.581	0.797113	0
13.3496	0.0178049	125.048	0.796433	0
13.3387	0.0182229	125.414	0.800514	0
13.3473	0.0183207	124.898	0.799153	0
13.3652	0.0185659	125.264	0.797453	0
13.3541	0.0186045	123.898	0.796773	0
13.3577	0.0179639	125.664	0.78045	0
13.3522	0.0180686	124.698	0.770928	0
13.3453	0.0182556	125.831	0.802554	0
13.3507	0.0185175	123.399	0.787251	0
13.3438	0.0181919	125.348	0.78181	0
13.3586	0.0182667	126.214	0.801874	0
13.3817	0.0185546	125.931	0.791332	0
13.3706	0.0186157	123.982	0.788611	0
13.3468	0.0181104	125.481	0.795753	0
13.3361	0.0179458	122.849	0.793372	0
13.3217	0.0177324	125.714	0.789291	0
13.3256	0.0182904	125.015	0.794732	0
13.3458	0.0186262	126.88	0.806975	0
13.3636	0.0186491	125.015	0.794732	0
13.3478	0.0182245	124.265	0.792352	0
13.3527	0.0183833	125.098	0.802554	0
13.3651	0.018437	124.265	0.810375	0
13.3372	0.0179887	125.464	0.78419	0
13.3415	0.0184304	124.531	0.787591	0
13.378	0.0185315	124.232	0.799833	0
13.3746	0.0182129	124.731	0.776369	0
13.3429	0.0186543	125.698	0.778409	0
13.3516	0.0184836	125.931	0.792352	0
13.3712	0.0187606	123.948	0.771948	0
13.3508	0.0182259	124.748	0.763786	0
13.3318	0.0185689	125.548	0.790992	0
13.3315	0.0181052	126.181	0.796773	0
13.3359	0.018218	125.414	0.78351	0
13.327	0.0181274	124.415	0.78249	0
13.3093	0.0184237	124.531	0.795753	0
13.3299	0.0181657	124.082	0.794052	0
13.3378	0.0183386	125.081	0.776369	0
13.3367	0.0185284	124.082	0.803914	0
13.3221	0.0178436	125.031	0.78181	0
13.3178	0.0178822	125.364	0.791332	0
13.3597	0.0183556	124.948	0.792012	0
13.3657	0.0185398	123.482	0.795753	0
13.3237	0.0184553	125.248	0.776369	0
13.334	0.0185891	126.714	0.798473	0
13.3619	0.0178162	125.214	0.784871	0
13.349	0.0180231	124.348	0.795413	0
13.354	0.0183396	126.347	0.821598	0
13.3339	0.0179598	125.548	0.786231	0
13.3121	0.018404	123.882	0.787251	0
13.3336	0.0185513	126.531	0.788951	0
13.3449	0.0185692	124.465	0.785891	0
13.3236	0.0184079	125.631	0.807315	0
13.3069	0.0179893	124.931	0.790652	0
13.3354	0.018085	124.631	0.793712	0
13.3335	0.0186737	125.648	0.794392	0
13.3242	0.0186269	124.681	0.793372	0
13.3334	0.0179783	125.181	0.803234	0
13.3508	0.0185026	125.481	0.786911	0
13.3676	0.018245	123.882	0.806295	0
13.3346	0.0181735	124.265	0.806975	0
13.3062	0.0180646	124.132	0.801874	0
13.3305	0.0182606	124.298	0.799833	0
13.3402	0.0183055	125.414	0.806975	0
13.3367	0.0185493	125.931	0.787251	0
13.3458	0.0178269	124.232	0.807655	0
13.3356	0.0185553	125.948	0.785891	0
13.3215	0.0188798	124.282	0.785551	0
13.3252	0.018195	124.165	0.777389	0
13.3519	0.0184273	125.731	0.794732	0
13.3402	0.0183715	124.415	0.815476	0
13.3213	0.0183944	125.598	0.796093	0
13.327	0.0185186	125.414	0.78283	0
13.3318	0.0182747	125.364	0.78079	0
13.305	0.017698	124.981	0.822618	0
13.2867	0.0185131	124.048	0.798813	0
13.3216	0.0182259	125.348	0.812756	0
13.3358	0.0181516	124.581	0.795072	0
13.3364	0.0183549	125.631	0.817177	0
13.3546	0.0181228	124.731	0.796093	0
13.34	0.0180582	126.314	0.806975	0
13.3295	0.0179882	125.098	0.799153	0
13.3248	0.0184473	126.88	0.787251	0
13.3047	0.0182139	124.265	0.796773	0
13.3008	0.0180994	124.948	0.802894	0
13.3318	0.0181129	125.131	0.796093	0
13.3453	0.0178988	125.214	0.798813	0
13.3328	0.018054	126.031	0.797453	0
13.3112	0.0184503	125.848	0.816497	0
13.293	0.0182453	123.132	0.78113	0
13.3027	0.0179263	126.014	0.807655	0
13.3539	0.0183051	123.715	0.78045	0
13.3441	0.0185549	125.831	0.78317	0
13.315	0.0181166	125.115	0.787251	0
13.3428	0.0181673	126.297	0.793372	0
13.3547	0.0187392	125.198	0.790652	0
13.3039	0.0184961	124.415	0.772288	0
13.2993	0.0186958	124.981	0.788271	0
13.3392	0.0183081	125.264	0.798813	0
13.3264	0.0182487	124.931	0.788271	0
13.303	0.0183611	124.315	0.778409	0
13.3078	0.0182919	124.965	0.805274	0
13.3152	0.0179934	124.748	0.803574	0
13.331	0.0180885	126.414	0.808335	0
13.3393	0.018447	125.398	0.78045	0
13.3276	0.0183672	125.181	0.790992	0
13.3098	0.0181711	126.131	0.805614	0
13.3091	0.0179991	124.965	0.777729	0
13.3257	0.0182406	123.782	0.809355	0
13.3189	0.0182191	124.365	0.792692	0
13.3219	0.0182028	126.664	0.789971	0
13.353	0.0184071	126.047	0.794732	0
13.3633	0.0176099	124.898	0.789971	0
13.3546	0.0183846	126.731	0.77977	0
13.3407	0.0187333	124.698	0.811736	0
13.3501	0.0184193	125.131	0.764467	0
13.3553	0.0183078	124.881	0.774328	0
13.3231	0.0183244	124.382	0.778409	0
13.3147	0.0182305	125.165	0.803914	0
13.3303	0.0185976	125.314	0.772288	0
13.337	0.0185849	126.631	0.807655	0
13.3426	0.0181423	125.181	0.775349	0
13.3295	0.0185085	126.064	0.776029	0
13.316	0.018782	126.714	0.801874	0
13.32	0.0183088	123.165	0.807315	0
13.3205	0.018437	124.215	0.785551	0
13.3398	0.018404	124.881	0.78385	0
13.3264	0.0183551	124.465	0.772968	0
13.3245	0.018317	124.298	0.798473	0
13.3476	0.0186338	124.315	0.790992	0
13.329	0.0184151	125.898	0.797113	0
13.3211	0.0180694	125.714	0.777729	0
13.3233	0.0185008	124.431	0.796433	0
13.3055	0.0179742	125.398	0.78045	0
13.3165	0.0180132	124.731	0.793372	0
13.3205	0.0181708	125.414	0.778749	0
13.2979	0.0178831	123.599	0.796093	0
13.3133	0.0181701	125.514	0.78419	0
13.3042	0.0181264	124.531	0.795072	0
13.2632	0.0181207	125.498	0.788951	0
13.3026	0.0182287	125.314	0.78351	0
13.3477	0.0182246	125.331	0.772288	0
13.3202	0.0184159	125.181	0.799493	0
13.3188	0.0183897	125.364	0.798473	0
13.333	0.018377	125.264	0.796433	0
13.3139	0.0180126	124.615	0.798473	0
13.287	0.0180529	124.931	0.792352	0
13.2958	0.018248	124.881	0.787931	0
13.3152	0.0179146	124.398	0.791332	0
13.313	0.0176593	124.631	0.795753	0
13.3288	0.0182291	123.582	0.801874	0
13.3394	0.0183094	124.232	0.804594	0
13.3248	0.0186635	124.332	0.787591	0
13.322	0.018437	124.681	0.793712	0
13.3093	0.0181933	125.148	0.793032	0
13.3144	0.0183776	123.832	0.814116	0
13.3139	0.0181873	125.398	0.793712	0
13.3095	0.018425	123.449	0.78181	0
13.3231	0.0181489	125.198	0.789631	0
13.3297	0.0186818	125.181	0.793032	0
13.3067	0.0182302	124.065	0.799493	0
13.3258	0.0185525	125.398	0.78317	0
13.3438	0.0184306	124.965	0.789971	0
13.2832	0.0183399	125.165	0.78113	0
13.2665	0.018143	125.165	0.78181	0
13.3028	0.0185341	125.648	0.785551	0
13.3158	0.0182306	125.065	0.78079	0
13.3526	0.0188265	125.248	0.787931	0
13.3377	0.0181956	126.181	0.797113	0
13.3072	0.0179746	125.548	0.789971	0
13.3175	0.018477	125.348	0.795072	0
13.3023	0.0180928	125.065	0.787931	0
13.3281	0.0178831	125.714	0.807995	0
13.3546	0.0181888	124.965	0.797793	0
13.3101	0.0178511	124.631	0.792012	0
13.2986	0.0183855	123.632	0.789631	0
13.3207	0.0178371	125.798	0.78453	0
13.331	0.0181478	124.781	0.801194	0
13.3328	0.0183421	125.331	0.790652	0
13.3147	0.01844	126.247	0.801534	0
13.2884	0.0185099	125.115	0.787591	0
13.3047	0.0177983	125.764	0.78181	0
13.3285	0.0178663	124.565	0.796093	0
13.3081	0.0176203	125.614	0.774328	0
13.3017	0.0184878	124.098	0.789971	0
13.3215	0.0182782	124.648	0.801534	0
13.323	0.0187122	125.864	0.774669	0
13.3078	0.0181063	126.414	0.796093	0
13.2918	0.0185065	125.548	0.792352	0
13.3218	0.0186669	125.981	0.796433	0
13.3399	0.0187462	124.598	0.801534	0
13.305	0.0187634	125.831	0.801874	0
13.2721	0.018296	124.481	0.803574	0
13.2844	0.0189011	123.998	0.809695	0
13.3282	0.0186218	126.764	0.799833	0
13.3423	0.0179527	124.365	0.787251	0
13.3085	0.0183927	124.598	0.796433	0
13.3089	0.0182295	124.465	0.790312	0
13.3068	0.0185767	126.714	0.787591	0
13.3028	0.0182683	125.298	0.786911	0
13.3147	0.0182402	123.465	0.77977	0
13.3047	0.0183213	124.232	0.792012	0
13.3249	0.0179159	124.948	0.784871	0
13.3275	0.0183352	125.048	0.812076	0
13.2961	0.0183287	125.248	0.788951	0
13.2943	0.0177324	123.365	0.798813	0
13.3191	0.0182059	124.615	0.78181	0
13.336	0.0187169	125.148	0.791332	0
13.3339	0.0182943	123.432	0.797113	0
13.3285	0.0182238	124.881	0.800854	0
13.3114	0.0182007	125.564	0.809695	0
13.3104	0.0178515	124.915	0.765487	0
13.3174	0.0176117	125.731	0.791332	0
13.3073	0.0183801	125.331	0.788271	0
13.2896	0.0182548	125.831	0.78317	0
13.3139	0.0186351	127.164	0.796773	0
13.3402	0.0176564	125.648	0.805614	0
13.3118	0.0179482	123.715	0.791672	0
13.2713	0.0182146	125.798	0.800854	0
13.2974	0.0184704	125.431	0.78317	0
13.3251	0.0182785	124.731	0.778409	0
13.3059	0.0178249	125.148	0.779429	0
13.3089	0.0179493	123.365	0.787251	0
13.3032	0.0186448	123.998	0.803914	0
13.293	0.0187041	126.147	0.792692	0
13.3307	0.0188854	125.198	0.775349	0
13.332	0.0181297	123.632	0.776029	0
13.2934	0.0184598	125.648	0.797793	0
13.3106	0.0184186	124.831	0.802894	0
13.3402	0.0181871	124.815	0.804934	0
13.3275	0.0181986	123.815	0.785891	0
13.3087	0.0183624	124.248	0.795072	0
13.3048	0.0184182	125.248	0.779429	0
13.3244	0.0178085	125.481	0.774669	0
13.3439	0.0184197	126.314	0.796773	0
13.3368	0.0182745	124.948	0.811056	0
13.3211	0.0180115	125.264	0.794392	0
13.336	0.0179599	124.348	0.802894	0
13.3194	0.0177991	124.781	0.797453	0
13.274	0.0181661	125.664	0.790652	0
13.3044	0.0184187	125.464	0.793032	0
13.3194	0.0180619	123.965	0.794392	0
13.2959	0.0177812	124.148	0.794392	0
13.3024	0.0185651	125.964	0.788951	0
13.3017	0.0184572	124.981	0.795413	0
13.3044	0.0180108	124.698	0.810035	0
13.3236	0.0183239	123.665	0.790652	0
13.3093	0.0180435	125.798	0.790992	0
13.2815	0.0184542	123.782	0.777049	0
13.3047	0.0185086	124.865	0.77977	0
13.3462	0.018298	125.214	0.792692	0
13.3407	0.018461	125.198	0.795072	0
13.3213	0.0187036	124.298	0.78249	0
13.3241	0.0182548	125.181	0.791672	0
13.3204	0.0182111	124.798	0.791332	0
13.3011	0.0178869	125.464	0.806975	0
13.2827	0.0178316	123.982	0.789291	0
13.302	0.0177813	124.615	0.794392	0
13.3235	0.0183359	124.731	0.791672	0
13.2956	0.0179542	125.381	0.800854	0
13.2949	0.017882	123.965	0.791672	0
13.3134	0.0183539	125.664	0.776709	0
13.2832	0.0180784	125.115	0.806975	0
13.2902	0.018243	125.214	0.812416	0
13.3269	0.0180475	126.514	0.794392	0
13.3136	0.0182847	126.131	0.799833	0
13.2961	0.0182159	126.647	0.807995	0
13.3	0.0187095	124.798	0.788271	0
13.3055	0.0187305	124.581	0.78419	0
13.3297	0.0181601	124.998	0.802214	0
13.3389	0.0180931	125.548	0.809355	0
13.3295	0.0183063	125.048	0.795413	0
13.3168	0.0181827	124.315	0.804594	0
13.3228	0.0180983	124.365	0.793372	0
13.3214	0.0183362	125.381	0.799833	0
13.2917	0.0185327	123.465	0.796433	0
13.3223	0.0180023	127.147	0.815136	0
13.3371	0.0179931	124.715	0.797453	0
13.2849	0.0179251	123.998	0.784871	0
13.2814	0.0179262	126.864	0.798473	0
13.3222	0.0180846	125.115	0.788271	0
13.3074	0.0178137	125.398	0.792012	0
13.3018	0.018342	124.765	0.794052	0
13.3377	0.0182489	125.598	0.806975	0
13.3272	0.0186222	124.931	0.799833	0
13.2863	0.0180479	123.982	0.779429	0
13.2956	0.0185974	125.464	0.801534	0
13.326	0.0182974	123.399	0.792692	0
13.2969	0.0176986	125.015	0.774328	0
13.3046	0.0177795	124.631	0.802214	0
13.331	0.018411	123.682	0.78419	0
13.3213	0.0179877	125.281	0.784871	0
13.334	0.0181734	125.948	0.78181	0
13.3262	0.0185604	123.882	0.773648	0
13.3063	0.0178183	124.498	0.78385	0
13.2955	0.0186085	126.314	0.772968	0
13.2909	0.0178245	125.065	0.787931	0
13.309	0.0182377	124.248	0.785551	0
13.3289	0.0183981	124.598	0.772288	0
13.3211	0.0179735	125.098	0.786571	0
13.2951	0.0183028	123.332	0.798133	0
13.2833	0.0183128	125.031	0.785551	0
13.2798	0.0181414	124.931	0.806635	0
13.3169	0.0181336	125.448	0.809015	0
13.3341	0.0185101	124.515	0.778069	0
13.2967	0.0182375	124.515	0.806635	0
13.3037	0.0180393	123.682	0.807655	0
13.3465	0.0185341	125.764	0.809355	0
13.3307	0.0179477	123.965	0.776029	0
13.2921	0.0176401	124.232	0.795072	0
13.3002	0.0175505	124.415	0.807655	0
13.3014	0.0180008	124.382	0.791332	0
13.2927	0.0183431	125.131	0.791672	0
13.3023	0.0185038	125.798	0.78113	0
13.2915	0.0180579	124.048	0.797453	0
13.2916	0.0184693	124.265	0.797453	0
13.3232	0.0179462	124.965	0.807655	0
13.3343	0.0184544	125.314	0.802214	0
13.3299	0.0182835	125.248	0.800514	0
13.3071	0.0184849	124.598	0.790992	0
13.3073	0.0185795	126.164	0.785891	0
13.306	0.0181492	125.498	0.801534	0
13.2894	0.0188127	126.064	0.811736	0
13.2984	0.0182668	125.831	0.790652	0
13.295	0.0182011	125.198	0.789971	0
13.29	0.0185423	124.998	0.778749	0
13.3168	0.0183193	124.881	0.788951	0
13.3233	0.0183791	124.198	0.789631	0
13.2733	0.0182545	124.065	0.814796	0
13.2879	0.0184995	124.565	0.792012	0
13.3366	0.0181885	126.281	0.795072	0
13.3052	0.0174693	125.748	0.804934	0
13.2742	0.0177701	124.182	0.785891	0
13.2686	0.017881	125.431	0.798813	0
13.2843	0.0183739	125.065	0.799833	0
13.315	0.0179882	124.965	0.78045	0
13.3047	0.018144	124.865	0.810035	0
13.2952	0.0180589	124.515	0.815816	0
13.3159	0.018425	125.864	0.768887	0
13.3037	0.018094	124.831	0.796093	0
13.3172	0.0179809	127.43	0.810715	0
13.3516	0.0182549	125.648	0.792352	0
13.2982	0.0179994	123.982	0.78249	0
13.281	0.0182357	123.798	0.776369	0
13.33	0.0182722	126.181	0.788271	0
13.3201	0.0184134	125.881	0.790652	0
13.3165	0.0184748	125.664	0.78079	0
13.3244	0.0179329	124.948	0.794392	0
13.2778	0.0181054	123.615	0.795413	0
13.2832	0.0181942	125.198	0.797113	0
13.3491	0.0184009	125.348	0.773308	0
13.3292	0.0185816	124.048	0.801534	0
13.2924	0.0179291	125.714	0.794392	0
13.3044	0.018456	125.248	0.785211	0
13.291	0.0183928	125.614	0.78317	0
13.3037	0.0183139	124.348	0.789971	0
13.3412	0.0179918	124.132	0.791332	0
13.3392	0.0180573	125.514	0.798473	0
13.3323	0.0180411	125.748	0.797453	0
13.3299	0.0183071	123.515	0.797453	0
13.3152	0.0182617	124.282	0.787591	0
13.3057	0.0179448	125.065	0.786571	0
13.3234	0.018542	125.514	0.790652	0
13.3331	0.0181304	126.731	0.78385	0
13.3238	0.018235	124.965	0.791672	0
13.3199	0.0182887	124.365	0.803234	0
13.2973	0.0182281	124.981	0.789291	0
13.2803	0.0182375	123.898	0.784871	0
13.2967	0.0182635	124.481	0.788611	0
13.3031	0.0186233	126.031	0.797113	0
13.2926	0.0185439	125.214	0.787591	0
13.3121	0.0176825	125.364	0.799833	0
13.3039	0.0181968	125.398	0.786231	0
13.2855	0.0181385	125.331	0.800173	0
13.2991	0.0181332	125.115	0.802554	0
13.2923	0.0185718	125.481	0.791332	0
13.3037	0.0182454	126.147	0.796093	0
13.3032	0.0176626	126.147	0.790992	0
13.2889	0.017891	124.515	0.797113	0
13.2997	0.0181254	124.165	0.792692	0
13.3243	0.0181441	126.197	0.804934	0
13.3339	0.0183176	125.631	0.806975	0
13.3058	0.0178945	125.848	0.787591	0
13.3052	0.0181618	124.598	0.787931	0
13.3138	0.0184066	126.164	0.803574	0
13.299	0.0182931	124.465	0.795413	0
13.3027	0.018078	125.498	0.785211	0
13.3188	0.0183972	125.214	0.812076	0
13.3088	0.0182443	125.948	0.792692	0
13.2967	0.0181226	124.015	0.786571	0
13.3044	0.0185988	124.332	0.795413	0
13.3351	0.0182443	125.031	0.798813	0
13.3486	0.0178986	125.065	0.77977	0
13.33	0.0185342	124.598	0.778749	0
13.3059	0.0180897	125.198	0.769568	0
13.2868	0.0184688	126.231	0.775689	0
13.2988	0.0183733	125.948	0.794052	0
13.3183	0.0179678	124.765	0.796773	0
13.2988	0.0177032	124.515	0.777389	0
13.3026	0.0177562	125.314	0.785551	0
13.3137	0.0183048	125.831	0.812756	0
13.3088	0.0185755	125.015	0.78045	0
13.3039	0.0181281	124.431	0.795072	0
13.3261	0.0183379	126.514	0.804934	0
13.3553	0.018655	124.881	0.814116	0
13.3319	0.0189623	125.481	0.788951	0
13.3183	0.0179111	124.348	0.786911	0
13.3242	0.0183754	125.731	0.793712	0
13.2992	0.0181233	124.215	0.788611	0
13.3036	0.0181986	125.364	0.798473	0
13.3094	0.0183188	124.915	0.795072	0
13.2992	0.0179916	124.431	0.788611	0
13.3105	0.0184615	124.431	0.769908	0
13.2938	0.0184172	124.282	0.801534	0
13.278	0.0182644	126.097	0.816497	0
13.3088	0.0184099	124.831	0.785551	0
13.3247	0.0186752	125.015	0.774328	0
13.2985	0.0184862	124.565	0.803574	0
13.3046	0.0183398	125.781	0.78147	0
13.3327	0.0182955	123.149	0.811396	0
13.3068	0.018151	124.615	0.794392	0
13.3063	0.0180921	125.231	0.796093	0
13.3312	0.0180494	123.399	0.808335	0
13.3266	0.0185559	125.198	0.78283	0
13.3225	0.0185669	124.365	0.769908	0
13.319	0.017938	125.231	0.802214	0
13.2991	0.0183212	123.715	0.792692	0
13.2753	0.0182975	125.048	0.813096	0
13.2935	0.0185375	125.431	0.784871	0
13.318	0.0177488	124.931	0.768887	0
13.2913	0.0180923	125.931	0.802214	0
13.3065	0.0180748	124.981	0.805274	0
13.3348	0.0181523	125.581	0.775349	0
13.2967	0.0179714	123.049	0.789291	0
13.2769	0.0185489	124.198	0.78351	0
13.3181	0.0188051	126.247	0.804934	0
13.3046	0.0184185	125.664	0.804254	0
13.2922	0.018112	125.631	0.791332	0
13.307	0.0177181	125.414	0.773648	0
13.2818	0.0179763	125.581	0.785211	0
13.2765	0.0180089	125.248	0.786571	0
13.3176	0.0180259	125.548	0.799493	0
13.3153	0.0183702	124.898	0.822618	0
13.2822	0.0182372	125.664	0.78419	0
13.3227	0.0179181	125.748	0.78283	0
13.3141	0.0180797	125.581	0.794052	0
13.263	0.0180437	124.415	0.78079	0
13.3123	0.0177293	124.365	0.791332	0
13.3479	0.0179165	125.814	0.797113	0
13.3011	0.0185589	125.581	0.789631	0
13.2812	0.0182336	124.731	0.806975	0
13.284	0.0178098	124.598	0.78351	0
13.2551	0.0181439	125.231	0.794732	0
13.254	0.0179822	123.399	0.785551	0
13.2908	0.0182325	124.182	0.790992	0
13.3051	0.0183991	124.548	0.796093	0
13.2746	0.0185517	123.465	0.789291	0
13.287	0.0185562	126.381	0.777389	0
13.3489	0.0180734	124.298	0.804594	0
13.3232	0.0183111	125.681	0.785211	0
13.2467	0.0182977	124.665	0.818537	0
13.2538	0.0182319	124.415	0.774328	0
13.2886	0.0178642	124.815	0.779429	0
13.2741	0.0182015	126.281	0.785891	0
13.3029	0.018326	124.998	0.767527	0
13.3561	0.0181539	125.081	0.78385	0
13.3292	0.0183643	125.381	0.789291	0
13.2942	0.0183594	124.515	0.788611	0
13.3086	0.0179317	123.882	0.803574	0
13.301	0.0181108	123.482	0.791672	0
13.273	0.0179735	126.764	0.804934	0
13.2921	0.0177727	124.731	0.802214	0
13.3044	0.0183911	124.015	0.775349	0
13.2916	0.0186663	125.431	0.763106	0
13.325	0.0184413	126.214	0.795753	0
13.3169	0.0181606	124.748	0.796773	0
13.2838	0.0181377	125.798	0.811396	0
13.3044	0.0181945	124.665	0.797453	0
13.3125	0.0179226	124.548	0.788951	0
13.3094	0.0182761	125.081	0.800854	0
13.3238	0.0184823	125.015	0.775689	0
13.3134	0.0184525	124.931	0.804934	0
13.3034	0.0184085	124.565	0.796433	0
13.3181	0.0179381	125.798	0.78079	0
13.3174	0.0177823	124.048	0.78283	0
13.2896	0.0179375	125.281	0.795072	0
13.2861	0.0178245	124.881	0.772628	0
13.2924	0.0182002	125.981	0.777389	0
13.33	0.0184684	124.098	0.795753	0
13.3538	0.0184424	124.232	0.786231	0
13.3122	0.0179982	124.948	0.78317	0
13.3019	0.0180348	125.531	0.78215	0
13.3242	0.0185969	124.831	0.797453	0
13.3251	0.0185753	125.264	0.78079	0
13.3192	0.0182199	124.915	0.803574	0
13.2983	0.0182923	124.715	0.789971	0
13.2731	0.0180688	124.332	0.796773	0
13.2962	0.0180097	125.015	0.808675	0
13.2985	0.0179789	125.881	0.798133	0
13.3155	0.0186059	125.581	0.801534	0
13.3347	0.0182964	125.831	0.786911	0
13.3109	0.0180227	126.281	0.791672	0
13.3132	0.0183143	124.681	0.793712	0
13.3086	0.0186251	125.381	0.792692	0
13.2934	0.0182018	125.015	0.792352	0
13.3029	0.017862	125.764	0.813096	0
13.2806	0.018368	124.648	0.788271	0
13.2726	0.0183468	125.115	0.809695	0
13.3112	0.0182172	124.431	0.798813	0
13.3161	0.0177888	124.581	0.786231	0
13.2877	0.0180357	123.049	0.804934	0
13.2877	0.0183754	125.031	0.797113	0
13.3029	0.0178397	123.482	0.778409	0
13.3095	0.0184269	126.081	0.798133	0
13.3314	0.0180671	124.465	0.793712	0
13.3515	0.0183777	125.931	0.802214	0
13.3556	0.0183176	125.948	0.792012	0
13.3264	0.0183541	124.581	0.794052	0
13.2843	0.0179488	124.931	0.778069	0
13.3128	0.017587	126.064	0.787251	0
13.3249	0.018272	124.515	0.785551	0
13.2731	0.0180577	124.998	0.778069	0
13.2921	0.0182047	123.815	0.753244	0
13.3095	0.0183222	124.881	0.803914	0
13.2832	0.0183532	125.881	0.789291	0
13.3024	0.0179875	125.331	0.802214	0
13.3165	0.018315	124.981	0.786571	0
13.321	0.0183929	125.831	0.791332	0
13.3167	0.0185269	124.565	0.786231	0
13.3045	0.0187855	124.748	0.799153	0
13.3321	0.0184178	124.298	0.787591	0
13.3223	0.0180281	123.648	0.789971	0
13.2856	0.0183732	124.731	0.804254	0
13.2984	0.0179434	124.631	0.791672	0
13.2915	0.0185003	125.031	0.790992	0
13.2696	0.0183209	125.498	0.804254	0
13.3084	0.018186	125.331	0.796773	0
13.326	0.0178352	123.865	0.791332	0
13.2897	0.0177481	124.598	0.806295	0
13.2786	0.0186069	127.13	0.801534	0
13.3019	0.0184612	125.531	0.795072	0
13.2962	0.0183212	125.764	0.787931	0
13.2787	0.018177	124.815	0.790312	0
13.3193	0.0184767	124.931	0.786231	0
13.3193	0.018313	124.515	0.785551	0
13.2972	0.0182696	125.015	0.802214	0
13.3123	0.0182131	125.231	0.793032	0
13.3003	0.018258	126.647	0.787931	0
13.2905	0.0184928	123.698	0.796093	0
13.3114	0.0179737	124.515	0.790312	0
13.312	0.0186502	123.782	0.807655	0
13.3091	0.0187145	125.065	0.786571	0
13.3222	0.0188943	124.515	0.809015	0
13.3252	0.0186398	124.515	0.801874	0
13.2869	0.0183882	125.065	0.798133	0
13.2601	0.0183988	124.831	0.794392	0
13.2934	0.0184518	124.498	0.796093	0
13.3081	0.0186934	124.748	0.78453	0
13.3132	0.0184217	124.065	0.792352	0
13.2921	0.0183538	123.965	0.795413	0
13.291	0.0181923	125.331	0.801874	0
13.3018	0.0182827	125.864	0.785891	0
13.2912	0.0181495	123.982	0.771268	0
13.2936	0.0184132	125.681	0.814116	0
13.292	0.018428	124.332	0.777729	0
13.2821	0.0180188	124.681	0.790312	0
13.2926	0.0184044	124.665	0.767527	0
13.2917	0.0184268	124.015	0.777389	0
13.2904	0.0180937	124.631	0.793372	0
13.3108	0.0183129	124.032	0.789971	0
13.3109	0.0180076	125.648	0.787251	0
13.3098	0.0181312	124.565	0.795753	0
13.3191	0.0177335	124.448	0.791672	0
13.3154	0.0180485	125.231	0.766507	0
13.3211	0.0186166	124.332	0.796773	0
13.3196	0.018194	125.398	0.801194	0
13.2954	0.0180946	124.098	0.787591	0
13.2834	0.0183366	126.564	0.796773	0
13.318	0.0180335	125.831	0.78317	0
13.3289	0.0181979	125.548	0.830099	0
13.3133	0.0181233	125.298	0.789971	0
13.3133	0.0183081	125.931	0.797793	0
13.3213	0.0186473	125.248	0.793032	0
13.317	0.0184492	124.981	0.792012	0
13.2905	0.0181493	123.832	0.779089	0
13.2943	0.0183063	124.615	0.807995	0
13.3298	0.0185169	124.215	0.762086	0
13.3133	0.0180241	123.265	0.787591	0
13.2913	0.0180049	124.765	0.78215	0
13.2937	0.0179711	124.365	0.794732	0
13.2972	0.0184976	124.865	0.789971	0
13.2964	0.0178703	126.431	0.796433	0
13.2867	0.0184122	124.565	0.78113	0
13.253	0.0177308	126.131	0.798813	0
13.2828	0.0180783	124.831	0.796433	0
13.3173	0.0177707	126.464	0.826018	0
13.3103	0.0178318	124.915	0.794392	0
13.2984	0.0177782	125.931	0.801874	0
13.3023	0.0187268	124.748	0.788951	0
13.3037	0.0183994	125.214	0.78113	0
13.3029	0.017578	125.181	0.799833	0
13.3157	0.0183165	124.332	0.77977	0
13.3206	0.0181878	125.264	0.774669	0
13.3007	0.0184537	125.781	0.806295	0
13.295	0.0180905	126.131	0.792692	0
13.3155	0.0183825	123.998	0.797793	0
13.2993	0.0181494	125.564	0.798133	0
13.2844	0.018396	124.365	0.787931	0
13.2925	0.0180771	125.198	0.794052	0
13.2922	0.0180591	125.931	0.768547	0
13.2847	0.0183656	124.615	0.795753	0
13.2886	0.018337	125.898	0.785891	0
13.3234	0.0183577	124.665	0.785551	0
13.3101	0.0180067	123.665	0.786571	0
13.2669	0.017774	124.431	0.794052	0
13.3119	0.0179167	124.798	0.788611	0
13.3389	0.0184454	124.498	0.785551	0
13.2786	0.0184315	125.398	0.779429	0
13.2708	0.0184135	124.515	0.798473	0
13.3187	0.0182388	124.232	0.794732	0
13.3111	0.018289	124.648	0.78147	0
13.2847	0.0184076	125.931	0.799153	0
13.2969	0.0182759	123.832	0.797113	0
13.312	0.0183487	126.414	0.798133	0
13.3119	0.0181581	124.898	0.785211	0
13.2999	0.017814	125.531	0.78079	0
13.2907	0.0182044	125.015	0.795072	0
13.2843	0.0183041	126.281	0.797113	0
13.297	0.0182578	125.964	0.802554	0
13.3088	0.0179499	125.381	0.774328	0
13.3076	0.0179135	125.031	0.795753	0
13.3186	0.0185813	125.015	0.803914	0
13.3088	0.0183853	125.781	0.820917	0
13.2993	0.0179268	126.864	0.796433	0
13.3217	0.0181166	124.931	0.803574	0
13.3333	0.0179873	126.197	0.800854	0
13.3245	0.0183498	125.264	0.78215	0
13.2886	0.0183466	125.364	0.792352	0
13.2776	0.018018	125.614	0.792012	0
13.2947	0.0186176	124.831	0.801874	0
13.291	0.0178222	124.531	0.78249	0
13.2753	0.0178897	124.781	0.795413	0
13.294	0.0184959	125.115	0.78283	0
13.3213	0.017853	125.881	0.797793	0
13.3099	0.018572	123.915	0.789631	0
13.278	0.0181532	124.731	0.797453	0
13.2959	0.0185969	125.281	0.799153	0
13.3288	0.0182421	126.297	0.796093	0
13.312	0.0186327	124.348	0.798133	0
13.2935	0.0182978	125.031	0.787591	0
13.3091	0.0181476	125.364	0.791332	0
13.3014	0.0184515	123.648	0.769228	0
13.267	0.0180975	123.782	0.812756	0
13.2894	0.0182255	125.264	0.787591	0
13.3101	0.0183243	125.015	0.78147	0
13.2868	0.0184416	125.898	0.797793	0
13.29	0.0182402	124.382	0.803234	0
13.2977	0.0180784	125.281	0.816497	0
13.2771	0.0176115	124.148	0.799153	0
13.2876	0.0181556	125.331	0.806295	0
13.2998	0.0182788	124.748	0.775009	0
13.3027	0.0183045	122.799	0.801534	0
13.309	0.0181657	124.481	0.767527	0
13.2713	0.0178763	125.498	0.808335	0
13.2592	0.0182104	124.598	0.801874	0
13.2835	0.0179344	126.181	0.795413	0
13.272	0.0179279	124.781	0.795413	0
13.2695	0.0184673	126.031	0.78351	0
13.2946	0.0180237	124.481	0.78079	0
13.2898	0.0185229	124.748	0.811736	0
13.2833	0.0186175	124.748	0.802214	0
13.3106	0.0181821	124.815	0.795413	0
13.3231	0.0183558	125.514	0.804934	0
13.3292	0.0182497	125.431	0.78181	0
13.3447	0.0178646	125.181	0.804594	0
13.3105	0.0180983	125.131	0.794052	0
13.2647	0.0180737	125.214	0.785551	0
13.298	0.018282	125.098	0.803234	0
13.3161	0.0182413	125.631	0.797113	0
13.293	0.0179458	123.449	0.797453	0
13.2604	0.0181045	125.431	0.789291	0
13.2593	0.0185489	124.748	0.810035	0
13.2936	0.0185513	125.648	0.798133	0
13.3078	0.0183133	124.898	0.793712	0
13.2966	0.0182635	124.465	0.789971	0
13.3071	0.0182164	126.481	0.778409	0
13.333	0.0184847	124.282	0.808335	0
13.3349	0.0188294	123.648	0.808335	0
13.3022	0.0180893	124.348	0.775349	0
13.2883	0.0179174	125.015	0.797453	0
13.3018	0.017982	124.681	0.810035	0
13.2926	0.0177607	124.415	0.788611	0
13.2876	0.018068	124.198	0.779429	0
13.3104	0.0186556	124.881	0.78249	0
13.3099	0.0182773	122.965	0.777729	0
13.2734	0.0181018	124.548	0.776709	0
13.2725	0.018298	123.965	0.785891	0
13.286	0.0179467	123.415	0.784871	0
13.2889	0.0179491	124.332	0.801534	0
13.3225	0.0181267	125.281	0.787931	0
13.3075	0.0187238	124.448	0.788951	0
13.2703	0.0179082	123.848	0.785891	0
13.2877	0.0184434	125.364	0.794392	0
13.2752	0.0182188	125.181	0.821598	0
13.2614	0.0182724	125.781	0.800514	0
13.2984	0.0180227	125.165	0.788611	0
13.3291	0.0179958	124.615	0.798473	0
13.3132	0.0187683	124.965	0.774669	0
13.2877	0.0182921	124.748	0.796093	0
13.2875	0.0183085	126.014	0.795753	0
13.2977	0.0185676	126.697	0.785551	0
13.3073	0.0182595	125.331	0.795413	0
13.2831	0.0184195	124.798	0.765827	0
13.292	0.0183373	123.932	0.787251	0
13.3148	0.0183776	125.081	0.795413	0
13.3123	0.0183234	125.664	0.798133	0
13.3093	0.0180995	125.698	0.798473	0
13.3061	0.0183716	124.515	0.78453	0
13.308	0.0178712	124.815	0.804594	0
13.3072	0.0182676	126.097	0.796093	0
13.2922	0.0182443	125.714	0.769908	0
13.3105	0.0182272	125.048	0.792012	0
13.3301	0.018074	125.148	0.78453	0
13.3124	0.0180569	125.981	0.791672	0
13.2996	0.0183608	124.948	0.798133	0
13.3043	0.0189174	124.415	0.794052	0
13.2934	0.0181499	125.281	0.769568	0
13.3019	0.0183926	124.498	0.78385	0
13.3187	0.0178914	125.264	0.790992	0
13.2895	0.0178461	123.765	0.792692	0
13.294	0.0179969	124.581	0.778409	0
13.3157	0.0182513	125.364	0.806975	0
13.2823	0.0181159	125.431	0.788951	0
13.2647	0.0179127	124.915	0.775689	0
13.2757	0.0182953	126.697	0.809015	0
13.2969	0.0182887	124.531	0.788271	0
13.2953	0.0182083	125.364	0.779089	0
13.2877	0.0183706	125.914	0.792692	0
13.2999	0.0187559	124.448	0.786911	0
13.2756	0.0181264	126.081	0.824998	0
13.294	0.0178766	123.499	0.78351	0
13.3304	0.0181895	125.331	0.810035	0
13.2897	0.0184082	125.564	0.794052	0
13.2761	0.0186394	123.832	0.787591	0
13.2998	0.0184482	124.815	0.793712	0
13.2829	0.0181196	125.181	0.792012	0
13.2856	0.0176236	126.031	0.798813	0
13.3254	0.0182506	124.332	0.796433	0
13.3262	0.018221	125.331	0.800514	0
13.3005	0.0182044	124.831	0.777049	0
13.2989	0.0183909	126.431	0.800514	0
13.3071	0.0184852	123.565	0.776029	0
13.2967	0.0180473	124.781	0.790652	0
13.289	0.018439	124.881	0.776709	0
13.2846	0.0179681	124.898	0.794732	0
13.2858	0.0181588	125.831	0.813096	0
13.2961	0.0179957	124.548	0.774669	0
13.3137	0.0186216	124.282	0.787931	0
13.3346	0.0184418	125.281	0.785551	0
13.2955	0.0185219	124.282	0.790992	0
13.2752	0.0185009	126.531	0.811056	0
13.2963	0.0182258	124.731	0.776369	0
13.2825	0.0181312	125.298	0.791332	0
13.2867	0.0175867	124.731	0.803234	0
13.3048	0.0182246	124.298	0.789631	0
13.2953	0.0182739	125.514	0.809355	0
13.3031	0.0177762	124.581	0.789971	0
13.303	0.0179663	125.081	0.789291	0
13.2899	0.0177164	127.064	0.795753	0
13.3152	0.0180634	124.948	0.775009	0
13.3347	0.0181935	126.647	0.784871	0
13.339	0.0184354	125.698	0.771948	0
13.3365	0.0184762	124.965	0.793712	0
13.3049	0.0187133	125.198	0.793032	0
13.2934	0.0182486	125.115	0.778749	0
13.3424	0.0180619	125.364	0.799153	0
13.3453	0.01837	124.715	0.794732	0
13.2819	0.0184188	123.565	0.78385	0
13.2874	0.0177373	125.031	0.776369	0
13.3328	0.0184992	124.015	0.787251	0
13.3111	0.0181454	124.282	0.776029	0
13.2929	0.0182636	124.881	0.787591	0
13.3055	0.0181019	125.264	0.797793	0
13.2939	0.0181494	123.898	0.804254	0
13.2867	0.0185424	123.832	0.808335	0
13.2995	0.0182125	124.931	0.778749	0
13.289	0.0182166	124.998	0.787931	0
13.2815	0.0179848	126.081	0.792012	0
13.2944	0.0183313	125.165	0.795072	0
13.2928	0.0183149	124.765	0.773988	0
13.3013	0.017804	125.015	0.798813	0
13.3139	0.0186198	123.782	0.78419	0
13.3095	0.0181956	123.698	0.814116	0
13.2998	0.0180675	126.264	0.807315	0
13.3011	0.0182877	124.282	0.788611	0
13.313	0.0180325	126.214	0.796773	0
13.3177	0.0181037	125.231	0.807315	0
13.3037	0.0182711	123.032	0.798133	0
13.316	0.0182293	125.281	0.818197	0
13.3346	0.0184656	125.464	0.78317	0
13.3191	0.0185963	124.698	0.804254	0
13.2901	0.0180049	124.298	0.795072	0
13.3065	0.0180878	124.148	0.785551	0
13.3109	0.0183501	125.398	0.778749	0
13.2829	0.0184872	123.549	0.779089	0
13.2997	0.018028	124.248	0.805614	0
13.3273	0.0181614	125.431	0.793032	0
13.2987	0.0180342	125.264	0.792012	0
13.2767	0.0180315	124.998	0.778409	0
13.3036	0.0184261	125.131	0.792692	0
13.3014	0.0180724	122.199	0.792352	0
13.2876	0.0180048	126.014	0.796093	0
13.3043	0.0184195	124.398	0.786571	0
13.2757	0.0182469	123.948	0.788951	0
13.2462	0.018094	124.398	0.791672	0
13.2734	0.0183329	123.682	0.793712	0
13.3005	0.0183464	124.915	0.793372	0
13.3085	0.0182698	126.047	0.791672	0
13.3112	0.0180294	124.881	0.78181	0
13.3112	0.0181655	125.798	0.778409	0
13.3238	0.0182833	125.281	0.799833	0
13.3114	0.0183881	123.765	0.791672	0
13.2769	0.0182352	125.514	0.807655	0
13.2871	0.01791	124.115	0.786911	0
13.2989	0.0182868	124.781	0.791332	0
13.2944	0.0184959	124.431	0.800514	0
13.284	0.0181577	124.715	0.812756	0
13.281	0.0185088	125.498	0.797453	0
13.2963	0.0183135	124.981	0.804934	0
13.2877	0.0183643	124.498	0.798473	0
13.281	0.0186416	124.748	0.803574	0
13.2795	0.0184333	124.665	0.767527	0
13.3104	0.0184976	126.347	0.813776	0
13.3262	0.0178715	122.632	0.789631	0
13.2811	0.0177527	125.731	0.795413	0
13.2909	0.0179509	124.648	0.770928	0
13.2978	0.0185173	124.232	0.807995	0
13.2585	0.0185667	124.748	0.791332	0
13.2659	0.0180559	124.965	0.78351	0
13.2971	0.0184867	124.831	0.797453	0
13.2934	0.0185714	124.781	0.798813	0
13.2862	0.0186376	124.831	0.789631	0
13.2906	0.0183418	124.881	0.800173	0
13.2824	0.0181683	125.364	0.793712	0
13.2735	0.0182375	124.581	0.778749	0
13.2843	0.0179419	124.465	0.796093	0
13.3065	0.0179767	126.414	0.796433	0
13.3235	0.0179552	125.214	0.803574	0
13.3223	0.0182636	125.998	0.779089	0
13.2972	0.0185688	124.448	0.775689	0
13.2787	0.0179158	124.048	0.795413	0
13.2916	0.0180763	124.182	0.795072	0
13.3021	0.018305	125.081	0.802214	0
13.2886	0.0184163	125.481	0.805274	0
13.2985	0.0180393	124.631	0.78419	0
13.3086	0.0179695	126.014	0.805955	0
13.2952	0.0181312	125.631	0.812076	0
13.3039	0.0181999	124.981	0.78317	0
13.2955	0.0180064	124.831	0.803914	0
13.2642	0.0180089	126.664	0.78215	0
13.2703	0.0180937	125.948	0.794392	0
13.3166	0.0185494	125.931	0.785211	0
13.3243	0.0184055	122.116	0.793032	0
13.2887	0.0187027	125.148	0.78011	0
13.3024	0.0184182	124.598	0.787251	0
13.3191	0.0183103	125.664	0.796093	0
13.308	0.0178258	125.931	0.788611	0
13.2705	0.0183024	125.448	0.796433	0
13.2667	0.0184472	125.248	0.78181	0
13.3093	0.01849	124.515	0.78317	0
13.2819	0.0178838	124.348	0.798133	0
13.2612	0.0185904	125.098	0.767187	0
13.2963	0.0181029	124.182	0.806295	0
13.2869	0.0182896	124.248	0.803234	0
13.2798	0.0178542	124.115	0.806975	0
13.3167	0.0183588	124.448	0.804254	0
13.3003	0.0180914	124.915	0.771608	0
13.2713	0.0187297	124.981	0.804934	0
13.294	0.0184051	125.698	0.792012	0
13.3042	0.0181966	123.915	0.798473	0
13.2865	0.0182454	126.581	0.792012	0
13.305	0.0178757	125.115	0.78283	0
13.324	0.0184669	125.098	0.772628	0
13.2787	0.0186112	122.832	0.787591	0
13.2716	0.0182428	125.798	0.786231	0
13.3375	0.0182021	123.382	0.796093	0
13.3317	0.018564	125.348	0.78317	0
13.2902	0.0181262	123.665	0.806295	0
13.2964	0.0179835	125.231	0.796433	0
13.3086	0.0181585	124.981	0.799493	0
13.2808	0.018155	123.932	0.792012	0
13.2612	0.0177642	125.364	0.794052	0
13.2907	0.0177618	125.681	0.799493	0
13.3107	0.0183645	126.647	0.779089	0
13.3087	0.0181898	124.198	0.763106	0
13.289	0.018273	124.265	0.78215	0
13.2792	0.0180872	124.965	0.787931	0
13.3126	0.0179655	125.981	0.786911	0
13.3105	0.0182872	124.798	0.78385	0
13.2726	0.0185523	124.315	0.796093	0
13.2861	0.0181273	124.781	0.800514	0
13.2961	0.0178142	124.815	0.799153	0
13.2718	0.0184544	124.698	0.797113	0
13.2825	0.0180199	125.148	0.789971	0
13.2866	0.0181501	125.264	0.796773	0
13.2754	0.0181663	125.348	0.787591	0
13.2867	0.0179372	124.781	0.796433	0
13.301	0.0181278	125.314	0.777729	0
13.2779	0.018062	123.965	0.78453	0
13.2676	0.0186082	125.848	0.78283	0
13.2794	0.0184407	124.581	0.790652	0
13.2666	0.0180027	125.814	0.788611	0
13.283	0.0179124	125.531	0.777049	0
13.3151	0.0180981	124.915	0.797453	0
13.3077	0.0184604	124.565	0.800514	0
13.3019	0.0185061	126.88	0.791672	0
13.2922	0.0181549	124.215	0.777049	0
13.2537	0.0180656	125.914	0.778069	0
13.289	0.0182989	123.715	0.776709	0
13.3297	0.0183223	123.115	0.787931	0
13.3086	0.0182657	125.198	0.791332	0
13.2975	0.0184329	124.431	0.794052	0
13.3085	0.0182919	125.748	0.799833	0
13.3101	0.0182906	125.498	0.788271	0
13.2831	0.0182338	125.831	0.792692	0
13.2753	0.0179493	124.298	0.796773	0
13.3037	0.0184012	126.031	0.796433	0
13.3066	0.0179685	124.132	0.794052	0
13.2869	0.0176156	126.264	0.768887	0
13.285	0.0179969	123.832	0.811736	0
13.2845	0.0180342	125.065	0.801534	0
13.2811	0.0181579	124.998	0.790312	0
13.2832	0.0179742	124.082	0.785211	0
13.3056	0.0180457	126.997	0.811396	0
13.3038	0.0180815	125.548	0.785891	0
13.2722	0.0183896	126.014	0.797793	0
13.2723	0.0184519	124.315	0.790992	0
13.2811	0.0182641	124.382	0.779429	0
13.2796	0.0180956	125.381	0.775349	0
13.2874	0.0183827	124.698	0.792692	0
13.2936	0.0178489	126.131	0.801194	0
13.2931	0.0185339	124.282	0.788611	0
13.2614	0.0177048	124.415	0.793372	0
13.2534	0.0179485	125.698	0.812756	0
13.2975	0.0179835	124.931	0.795072	0
13.3314	0.0186363	125.631	0.799493	0
13.3209	0.0183204	124.548	0.804254	0
13.2817	0.0181154	125.348	0.800514	0
13.2746	0.0184641	126.114	0.78283	0
13.2887	0.0186404	123.982	0.787931	0
13.2866	0.0180939	123.832	0.778749	0
13.2831	0.0181794	125.481	0.802554	0
13.2971	0.0187649	125.581	0.804934	0
13.3075	0.0180192	124.715	0.78385	0
13.2762	0.0186962	124.915	0.816497	0
13.2758	0.0184229	125.831	0.794392	0
13.2974	0.0184711	125.281	0.790992	0
13.2855	0.0182004	125.381	0.808335	0
13.267	0.0179383	126.531	0.803574	0
13.2633	0.018108	124.731	0.796093	0
13.3003	0.018504	126.181	0.78045	0
13.3281	0.0182824	125.464	0.799153	0
13.2955	0.0186912	125.764	0.805614	0
13.2642	0.0183399	122.382	0.78045	0
13.2787	0.0185378	125.548	0.808335	0
13.3127	0.0179736	124.681	0.78113	0
13.33	0.0179489	124.998	0.800854	0
13.3266	0.0182146	125.398	0.812076	0
13.2892	0.0182798	124.382	0.790992	0
13.2759	0.0182497	125.081	0.793032	0
13.2825	0.0181804	124.548	0.800173	0
13.2668	0.0184368	125.165	0.78419	0
13.2745	0.0178837	123.932	0.78249	0
13.2841	0.0179972	124.715	0.790652	0
13.2896	0.0180553	125.165	0.802894	0
13.2782	0.0183341	123.948	0.78419	0
13.2538	0.0183386	123.165	0.786571	0
13.2752	0.0184242	124.531	0.796773	0
13.3022	0.0181507	125.648	0.797453	0
13.2996	0.0183139	125.481	0.798473	0
13.3027	0.0186283	125.831	0.799153	0
13.3087	0.017964	124.731	0.78453	0
13.3192	0.0189679	125.015	0.819897	0
13.3005	0.0179722	125.381	0.789291	0
13.2974	0.0184753	125.148	0.798473	0
13.3366	0.0188935	124.581	0.803234	0
13.3164	0.0185048	124.781	0.800514	0
13.261	0.018396	125.298	0.802214	0
13.2764	0.0181886	125.864	0.808335	0
13.3007	0.018094	124.298	0.794052	0
13.2953	0.018224	124.565	0.776029	0
13.3091	0.0177467	124.898	0.77977	0
13.3097	0.0180754	124.315	0.786571	0
13.2996	0.0186803	126.347	0.791332	0
13.3172	0.0187579	125.015	0.796433	0
13.3115	0.0182232	124.132	0.788611	0
13.2982	0.0181401	126.314	0.805955	0
13.309	0.0184806	125.531	0.804254	0
13.3179	0.0180376	125.598	0.786231	0
13.3249	0.0178787	124.481	0.78283	0
13.2981	0.0181723	124.915	0.790992	0
13.2796	0.0182389	124.931	0.779429	0
13.2857	0.0180143	123.948	0.778749	0
13.2805	0.0184497	123.798	0.78283	0
13.2813	0.0182816	125.714	0.800173	0
13.3233	0.0182217	125.181	0.798473	0
13.3223	0.0185111	123.632	0.789631	0
13.2763	0.0181907	126.214	0.809695	0
13.2686	0.0181222	123.765	0.77977	0
13.2953	0.0180314	125.948	0.786231	0
13.3275	0.018119	125.381	0.78181	0
13.3383	0.018305	125.431	0.764127	0
13.3075	0.0180911	124.881	0.789631	0
13.2931	0.0176356	125.814	0.786571	0
13.3126	0.0177637	124.631	0.786571	0
13.2891	0.0185559	125.298	0.800173	0
13.2809	0.0182024	125.048	0.796093	0
13.3046	0.0182676	125.214	0.797453	0
13.3034	0.0181991	126.447	0.793712	0
13.3081	0.0181961	125.514	0.777049	0
13.3027	0.0180578	124.648	0.795072	0
13.2894	0.0179677	125.731	0.815136	0
13.2892	0.0182975	123.515	0.791332	0
13.2655	0.0188969	124.348	0.812416	0
13.2721	0.0185445	126.114	0.788951	0
13.2854	0.0180182	123.399	0.776709	0
13.2848	0.0183037	125.214	0.772288	0
13.311	0.0178669	125.548	0.801194	0
13.297	0.0182028	124.382	0.794052	0
13.2661	0.01806	124.831	0.78453	0
13.257	0.0179783	124.498	0.78079	0
13.2716	0.0181058	125.148	0.78113	0
13.2982	0.0179027	124.881	0.785891	0
13.2912	0.0182641	124.648	0.788951	0
13.2865	0.0180516	125.348	0.804254	0
13.2817	0.0183318	125.298	0.793032	0
13.294	0.0174272	124.615	0.800854	0
13.2971	0.017881	125.264	0.78249	0
13.2821	0.0186623	125.298	0.799493	0
13.2922	0.0184365	124.848	0.787931	0
13.3124	0.0182635	125.881	0.801874	0
13.3274	0.0180729	124.315	0.802554	0
13.3132	0.0180133	126.914	0.78385	0
13.2873	0.0183744	124.165	0.804934	0
13.2823	0.0182462	124.615	0.785211	0
13.2982	0.0179607	124.965	0.790992	0
13.2942	0.0183821	125.614	0.801874	0
13.2729	0.0180994	123.449	0.785211	0
13.3001	0.0182096	124.315	0.78385	0
13.3247	0.0181553	125.298	0.806975	0
13.2865	0.0188219	125.398	0.786571	0
13.2895	0.0183236	125.048	0.795753	0
13.3068	0.0178692	124.615	0.803574	0
13.2661	0.01803	124.998	0.778409	0
13.2627	0.0180713	125.398	0.773308	0
13.304	0.0182621	125.065	0.805614	0
13.2845	0.0182445	125.464	0.790312	0
13.2663	0.0181681	125.281	0.796773	0
13.3137	0.0178765	125.115	0.789971	0
13.3272	0.0182585	125.414	0.791672	0
13.3152	0.0185716	124.881	0.795753	0
13.3067	0.0179607	124.048	0.790992	0
13.2699	0.0182596	126.481	0.808335	0
13.2731	0.0180813	125.364	0.814116	0
13.2962	0.0181295	125.414	0.813436	0
13.314	0.0182558	126.88	0.794732	0
13.3226	0.0182205	126.397	0.786911	0
13.3158	0.0184629	124.881	0.800173	0
13.298	0.0184848	125.331	0.804594	0
13.2908	0.0183134	125.131	0.795413	0
13.2848	0.0182539	126.497	0.795413	0
13.2884	0.0182294	124.965	0.817517	0
13.3205	0.0180005	124.615	0.77977	0
13.2844	0.0182438	126.514	0.816497	0
13.2436	0.0180888	122.915	0.777049	0
13.2767	0.0179263	125.498	0.78249	0
13.2816	0.0181313	124.248	0.812416	0
13.2834	0.018398	123.632	0.78113	0
13.3039	0.018067	125.348	0.785891	0
13.2857	0.0181897	123.565	0.802214	0
13.2893	0.0180335	124.915	0.78147	0
13.3238	0.0186144	125.898	0.805614	0
13.3185	0.0175024	124.848	0.786231	0
13.3092	0.0174068	124.115	0.791332	0
13.318	0.018598	124.798	0.785891	0
13.3006	0.0179873	124.298	0.78147	0
13.3107	0.0183267	125.531	0.802214	0
13.3364	0.018704	125.381	0.792352	0
13.3078	0.0181839	125.131	0.791332	0
13.3021	0.0183026	124.148	0.800854	0
13.3008	0.0181947	123.748	0.787931	0
13.27	0.0180657	123.765	0.787251	0
13.287	0.0175633	125.298	0.788271	0
13.3103	0.0183555	124.615	0.790312	0
13.2852	0.0179744	124.248	0.789971	0
13.2865	0.0179254	125.848	0.805955	0
13.3241	0.0182457	124.282	0.797453	0
13.3083	0.0182907	125.481	0.802894	0
13.2622	0.0183349	125.681	0.800173	0
13.2893	0.0182424	124.315	0.765147	0
13.3197	0.0184188	125.264	0.78283	0
13.2789	0.0180635	125.181	0.765827	0
13.3154	0.0180309	126.447	0.799153	0
13.3732	0.0179418	124.282	0.806295	0
13.3238	0.0184442	124.815	0.791332	0
13.2714	0.0181608	126.214	0.795413	0
13.2542	0.0179761	125.081	0.778069	0
13.2845	0.01827	125.948	0.792692	0
13.3343	0.018474	125.015	0.789971	0
13.3126	0.0186158	124.715	0.811396	0
13.2721	0.0188481	124.598	0.814456	0
13.2826	0.0182832	124.731	0.78453	0
13.2991	0.0180706	123.948	0.806975	0
13.294	0.017973	124.498	0.803234	0
13.3037	0.0182246	125.548	0.777729	0
13.3223	0.0182211	125.531	0.797453	0
13.3242	0.0182203	125.748	0.785211	0
13.3363	0.0180128	124.698	0.78283	0
13.3286	0.0183074	124.198	0.810375	0
13.2736	0.0182853	125.414	0.796773	0
13.261	0.0184473	124.615	0.804594	0
13.2876	0.0180537	123.898	0.788951	0
13.2853	0.0181304	124.681	0.807315	0
13.2879	0.0179313	124.848	0.796773	0
13.3082	0.0183477	126.231	0.808335	0
13.3014	0.0178914	125.048	0.78453	0
13.2684	0.0182255	126.064	0.792012	0
13.2889	0.0183569	126.331	0.797113	0
13.3178	0.0182847	125.115	0.801874	0
13.3042	0.0187339	124.365	0.802894	0
13.2958	0.018332	124.798	0.803574	0
13.2697	0.0183606	125.781	0.810375	0
13.2921	0.0180483	124.665	0.811396	0
13.3271	0.0181686	123.982	0.803234	0
13.3063	0.0181307	125.931	0.809695	0
13.2976	0.0183092	124.815	0.794732	0
13.3157	0.0186015	125.148	0.78419	0
13.2926	0.0184121	123.982	0.775349	0
13.2836	0.0187154	126.097	0.778409	0
13.2916	0.0183266	125.781	0.819217	0
13.2949	0.0183599	124.698	0.798813	0
13.3097	0.0181393	125.564	0.786231	0
13.3113	0.0187702	124.098	0.786231	0
13.2954	0.0182638	124.415	0.793032	0
13.288	0.0181504	125.065	0.792352	0
13.2735	0.0180243	125.498	0.792692	0
13.272	0.0182183	124.931	0.786231	0
13.3192	0.0179685	124.965	0.796093	0
13.3132	0.018042	124.698	0.802554	0
13.2661	0.0183988	124.032	0.788951	0
13.2842	0.0182221	126.064	0.779089	0
13.3056	0.0179476	124.915	0.807315	0
13.3161	0.0185369	126.98	0.773308	0
13.3199	0.0183807	124.531	0.799153	0
13.2807	0.0182106	124.565	0.779089	0
13.278	0.0183848	123.848	0.77977	0
13.2906	0.0183585	124.465	0.791332	0
13.2723	0.0187218	125.564	0.786231	0
13.3056	0.0181203	124.881	0.790652	0
13.3261	0.0182095	125.448	0.804254	0
13.2762	0.0182718	124.148	0.78011	0
13.2777	0.0184449	123.848	0.798133	0
13.3123	0.0183322	125.348	0.797453	0
13.3009	0.01797	124.048	0.78045	0
13.3011	0.0185548	125.664	0.78147	0
13.3074	0.0179931	126.014	0.801874	0
0	0	0	0	0
0	0	0	0	0
0	0	0	0	0
0	0	0	0	0
0	0	0	0	0
0	0	0	0	0
0	0	0	0	0
0	0	0	0	0
0	0	0	0	0
0	0	0	0	0
0	0	0	0	0
0	0	0	0	0
0	0	0	0	0
0	0	0	0	0
0	0	0	0	0
0	0	0	0	0
0	0	0	0	0
0	0	0	0	0
0	0	0	0	0
0	0	0	0	0
0	0	0	0	0
0	0	0	0	0
0	0	0	0	0
0	0	0	0	0
0	0	0	0	0
0	0	0	0	0
0	0	0	0	0
0	0	0	0	0
0	0	0	0	0
0	0	0	0	0
0	0	0	0	0
0	0	0	0	0
0	0	0	0	0
0	0	0	0	0
0	0	0	0	0
0	0	0	0	0
0	0	0	0	0
0	0	0	0	0
0	0	0	0	0
0	0	0	0	0
0	0	0	0	0
0	0	0	0	0
0	0	0	0	0
0	0	0	0	0
0	0	0	0	0
0	0	0	0	0
0	0	0	0	0
0	0	0	0	0
0	0	0	0	0
0	0	0	0	0
0	0	0	0	0
0	0	0	0	0
0	0	0	0	0
0	0	0	0	0
0	0	0	0	0
0	0	0	0	0
0	0	0	0	0
0	0	0	0	0
0	0	0	0	0
0	0	0	0	0
0	0	0	0	0
0	0	0	0	0
0	0	0	0	0
0	0	0	0	0
0	0	0	0	0
0	0	0	0	0
0	0	0	0	0
0	0	0	0	0
0	0	0	0	0
0	0	0	0	0
0	0	0	0	0
0	0	0	0	0
0	0	0	0	0
0	0	0	0	0
0	0	0	0	0
0	0	0	0	0
0	0	0	0	0
0	0	0	0	0
0	0	0	0	0
0	0	0	0	0
0	0	0	0	0
0	0	0	0	0
0	0	0	0	0
0	0	0	0	0
0	0	0	0	0
0	0	0	0	0
0	0	0	0	0
0	0	0	0	0
0	0	0	0	0
0	0	0	0	0
0	0	0	0	0
0	0	0	0	0
0	0	0	0	0
0	0	0	0	0
0	0	0	0	0
0	0	0	0	0
0	0	0	0	0
0	0	0	0	0
0	0	0	0	0
0	0	0	0	0
0	0	0	0	0
0	0	0	0	0
0	0	0	0	0
0	0	0	0	0
0	0	0	0	0
0	0	0	0	0
0	0	0	0	0
0	0	0	0	0
0	0	0	0	0
0	0	0	0	0
0	0	0	0	0
0	0	0	0	0
0	0	0	0	0
0	0	0	0	0
0	0	0	0	0
0	0	0	0	0
0	0	0	0	0
0	0	0	0	0
0	0	0	0	0
0	0	0	0	0
0	0	0	0	0
0	0	0	0	0
0	0	0	0	0
0	0	0	0	0
0	0	0	0	0
0	0	0	0	0
0	0	0	0	0
0	0	0	0	0
0	0	0	0	0
0	0	0	0	0
0	0	0	0	0
0	0	0	0	0
0	0	0	0	0
0	0	0	0	0
0	0	0	0	0
0	0	0	0	0
0	0	0	0	0
0	0	0	0	0
0	0	0	0	0
0	0	0	0	0
0	0	0	0	0
0	0	0	0	0
0	0	0	0	0
0	0	0	0	0
0	0	0	0	0
0	0	0	0	0
0	0	0	0	0
0	0	0	0	0
0	0	0	0	0
0	0	0	0	0
0	0	0	0	0
0	0	0	0	0
0	0	0	0	0
0	0	0	0	0
0	0	0	0	0
0	0	0	0	0
0	0	0	0	0
0	0	0	0	0
0	0	0	0	0
0	0	0	0	0
0	0	0	0	0
0	0	0	0	0
0	0	0	0	0
0	0	0	0	0
0	0	0	0	0
0	0	0	0	0
0	0	0	0	0
0	0	0	0	0
0	0	0	0	0
0	0	0	0	0
0	0	0	0	0
0	0	0	0	0
0	0	0	0	0
0	0	0	0	0
0	0	0	0	0
0	0	0	0	0
0	0	0	0	0
0	0	0	0	0
0	0	0	0	0
0	0	0	0	0
0	0	0	0	0
0	0	0	0	0
0	0	0	0	0
0	0	0	0	0
0	0	0	0	0
0	0	0	0	0
0	0	0	0	0
0	0	0	0	0
0	0	0	0	0
0	0	0	0	0
0	0	0	0	0
0	0	0	0	0
0	0	0	0	0
0	0	0	0	0
0	0	0	0	0
0	0	0	0	0
0	0	0	0	0
0	0	0	0	0
0	0	0	0	0
0	0	0	0	0
0	0	0	0	0
0	0	0	0	0
0	0	0	0	0
0	0	0	0	0
0	0	0	0	0
0	0	0	0	0
0	0	0	0	0
0	0	0	0	0
0	0	0	0	0
0	0	0	0	0
0	0	0	0	0
0	0	0	0	0
0	0	0	0	0
0	0	0	0	0
0	0	0	0	0
0	0	0	0	0
0	0	0	0	0
0	0	0	0	0
0	0	0	0	0
0	0	0	0	0
0	0	0	0	0
0	0	0	0	0
0	0	0	0	0
0	0	0	0	0
0	0	0	0	0
0	0	0	0	0
0	0	0	0	0
0	0	0	0	0
0	0	0	0	0
0	0	0	0	0
0	0	0	0	0
0	0	0	0	0
0	0	0	0	0
0	0	0	0	0
0	0	0	0	0
0	0	0	0	0
0	0	0	0	0
0	0	0	0	0
0	0	0	0	0
0	0	0	0	0
0	0	0	0	0
0	0	0	0	0
0	0	0	0	0
0	0	0	0	0
0	0	0	0	0
0	0	0	0	0
0	0	0	0	0
0	0	0	0	0
0	0	0	0	0
0	0	0	0	0
0	0	0	0	0
0	0	0	0	0
0	0	0	0	0
0	0	0	0	0
0	0	0	0	0
0	0	0	0	0
0	0	0	0	0
0	0	0	0	0
0	0	0	0	0
0	0	0	0	0
0	0	0	0	0
0	0	0	0	0
0	0	0	0	0
0	0	0	0	0
0	0	0	0	0
0	0	0	0	0
0	0	0	0	0
0	0	0	0	0
0	0	0	0	0
0	0	0	0	0
0	0	0	0	0
0	0	0	0	0
0	0	0	0	0
0	0	0	0	0
0	0	0	0	0
0	0	0	0	0
0	0	0	0	0
0	0	0	0	0
0	0	0	0	0
0	0	0	0	0
0	0	0	0	0
0	0	0	0	0
0	0	0	0	0
0	0	0	0	0
0	0	0	0	0
0	0	0	0	0
0	0	0	0	0
0	0	0	0	0
0	0	0	0	0
0	0	0	0	0
0	0	0	0	0
0	0	0	0	0
0	0	0	0	0
0	0	0	0	0
0	0	0	0	0
0	0	0	0	0
0	0	0	0	0
0	0	0	0	0
0	0	0	0	0
0	0	0	0	0
0	0	0	0	0
0	0	0	0	0
0	0	0	0	0
0	0	0	0	0
0	0	0	0	0
0	0	0	0	0
0	0	0	0	0
0	0	0	0	0
0	0	0	0	0
0	0	0	0	0
0	0	0	0	0
0	0	0	0	0
0	0	0	0	0
0	0	0	0	0
0	0	0	0	0
0	0	0	0	0
0	0	0	0	0
0	0	0	0	0
0	0	0	0	0
0	0	0	0	0
0	0	0	0	0
0	0	0	0	0
0	0	0	0	0
0	0	0	0	0
0	0	0	0	0
0	0	0	0	0
0	0	0	0	0
0	0	0	0	0
0	0	0	0	0
0	0	0	0	0
0	0	0	0	0
0	0	0	0	0
0	0	0	0	0
0	0	0	0	0
0	0	0	0	0
0	0	0	0	0
0	0	0	0	0
0	0	0	0	0
0	0	0	0	0
0	0	0	0	0
0	0	0	0	0
0	0	0	0	0
0	0	0	0	0
0	0	0	0	0
0	0	0	0	0
0	0	0	0	0
0	0	0	0	0
0	0	0	0	0
0	0	0	0	0
0	0	0	0	0
0	0	0	0	0
0	0	0	0	0
0	0	0	0	0
0	0	0	0	0
0	0	0	0	0
0	0	0	0	0
0	0	0	0	0
0	0	0	0	0
0	0	0	0	0
0	0	0	0	0
0	0	0	0	0
0	0	0	0	0
0	0	0	0	0
0	0	0	0	0
0	0	0	0	0
0	0	0	0	0
0	0	0	0	0
0	0	0	0	0
0	0	0	0	0
0	0	0	0	0
0	0	0	0	0
0	0	0	0	0
0	0	0	0	0
0	0	0	0	0
0	0	0	0	0
0	0	0	0	0
0	0	0	0	0
0	0	0	0	0
0	0	0	0	0
0	0	0	0	0
0	0	0	0	0
0	0	0	0	0
0	0	0	0	0
0	0	0	0	0
0	0	0	0	0
0	0	0	0	0
0	0	0	0	0
0	0	0	0	0
0	0	0	0	0
0	0	0	0	0
0	0	0	0	0
0	0	0	0	0
0	0	0	0	0
0	0	0	0	0
0	0	0	0	0
0	0	0	0	0
0	0	0	0	0
0	0	0	0	0
0	0	0	0	0
0	0	0	0	0
