a2610815.350209
Narit-cm 08/01/2026 15:05:02 08/01/2026 15:35:02 0045 0013.384714 0052.542598 00.0 00.0
0002395 0010 0000000 0010 05 0000000 0010 0000000 0010
1 0 1 01600 1 0000 3.75 00000.o 0 0 01 000 16 002395 0.500 BT0
1 2 1 02000 1 0000 3.75 00000.o 0 0 01 000 16 002395 0.500 S2A0
1 1 1 01600 1 0000 3.75 00000.o 0 0 00 000 00 002395 3.1746 BC0
1 3 1 02000 1 0000 3.75 00000.o 0 0 00 000 00 002395 3.1746 S2P0
1 5 0 01600 0 0000 1.00 00000.o 0 0 00 000 00 000000 0.000 OF0
0.000 .o Analog 0 	0.000 .o Analog StErr 0 	0.000 .o Photon Counting 0 	0.000 .o PC StErr 0 	0.000 .o Overflow Info 0 
31.0378	0.131034	180.827	0.845509	0
60.2504	0.306271	189.061	0.863601	0
216.446	1.83384	101.511	1.32988	0
466.255	0.409553	0.417537	0.0829466	0
473.484	0.00285282	2.63883	0.226311	0
473.457	0	80.3841	1.19436	0
473.457	0	107.19	1.22269	0
473.457	0	19.5073	0.635241	0
473.457	0	8.85177	0.401079	0
473.457	0	24.1002	0.616809	0
473.457	0	62.7641	0.883057	0
473.457	0	118.998	0.99809	0
473.457	0	139.808	0.998773	0
473.457	0	107.006	0.9701	0
473.457	6.38041E-6	83.7578	0.895346	0
473.457	0	84.3758	0.891932	0
473.457	0	92.6263	0.886471	0
473.457	0	101.061	0.905245	0
473.457	0	106.622	0.920946	0
473.457	0	116.994	0.914119	0
473.457	0	136.234	0.915485	0
473.457	0	159.833	0.913778	0
473.457	0	175.031	0.906951	0
473.501	0.0157005	186.422	0.898759	0
480.777	0.224214	191.182	0.895346	1
491.895	0.242067	192.184	0.89637	1
497.584	0.14628	193.937	0.858139	1
500	0	193.57	0.877254	1
500	0	193.236	0.869745	1
500	0	193.436	0.866673	1
499.758	0.0292529	191.916	0.871451	1
492.961	0.23289	194.071	0.883057	1
471.576	0.504526	192.067	0.862577	1
443.774	0.686123	190.413	0.877937	1
413.54	0.689581	189.862	0.848923	1
383.929	0.680895	190.013	0.864625	0
355.907	0.66838	191.015	0.866331	0
329.916	0.647102	188.96	0.866673	0
305.622	0.635198	189.578	0.861894	0
282.786	0.619449	188.944	0.848923	0
261.005	0.608453	188.476	0.88886	0
240.008	0.604393	189.779	0.845851	0
220.041	0.598719	188.459	0.836976	0
200.963	0.593535	187.441	0.861211	0
182.442	0.589647	187.942	0.864283	0
164.365	0.583111	188.342	0.851995	0
146.858	0.575451	186.572	0.85575	0
129.981	0.567939	187.875	0.877937	0
113.82	0.556026	186.004	0.852678	0
98.5807	0.533684	189.511	0.846192	0
84.45	0.500569	187.758	0.868038	0
71.8348	0.45497	187.641	0.851654	0
61.0709	0.398004	185.871	0.859504	0
51.9648	0.339417	187.307	0.841413	0
44.4829	0.282044	184.718	0.871793	0
38.7083	0.224696	184.735	0.868038	0
34.2138	0.176797	186.522	0.842096	0
30.7244	0.140691	182.246	0.86599	0
28.1621	0.110789	183.95	0.848923	0
26.2123	0.0880733	180.894	0.860187	0
24.6493	0.0732177	180.326	0.841413	0
23.4802	0.0606192	179.357	0.857456	0
22.5656	0.0509634	178.205	0.851312	0
21.8606	0.0444827	176.985	0.853019	0
21.3035	0.0409193	176.468	0.842096	0
20.8095	0.0381185	175.532	0.872134	0
20.3873	0.0348156	173.979	0.853019	0
20.0078	0.0335125	173.261	0.83561	0
19.6999	0.0318879	173.111	0.851654	0
19.4203	0.0317239	173.027	0.852678	0
19.2213	0.0295913	171.624	0.859846	0
19.0509	0.0288395	170.973	0.847557	0
18.83	0.0290655	171.273	0.841072	0
18.6307	0.0287363	170.505	0.831173	0
18.4971	0.02814	168.718	0.834928	0
18.3944	0.0276916	170.956	0.855067	0
18.2543	0.0277297	168.952	0.847557	0
18.0899	0.0274444	168.234	0.83288	0
17.9528	0.02689	168.468	0.837658	0
17.8356	0.0277758	168.284	0.835952	0
17.725	0.0275321	167.198	0.846875	0
17.6112	0.0268417	166.096	0.849264	0
17.5522	0.0263719	168.084	0.838341	0
17.4846	0.0265159	166.129	0.828783	0
17.3423	0.0258511	168.15	0.834245	0
17.2305	0.0256558	166.18	0.838682	0
17.1706	0.0257828	166.447	0.831173	0
17.1159	0.0258597	168.251	0.845851	0
17.0702	0.0257817	165.929	0.836634	0
17.0003	0.0252929	165.027	0.840048	0
16.9262	0.0256504	165.378	0.835269	0
16.8483	0.0251639	165.244	0.852336	0
16.7763	0.0259133	165.344	0.824687	0
16.7444	0.0249274	164.209	0.833562	0
16.6751	0.0248294	164.426	0.851312	0
16.6458	0.0249565	164.292	0.852678	0
16.6146	0.0257239	164.409	0.83288	0
16.4992	0.0247676	166.013	0.849605	0
16.4327	0.0249664	162.255	0.834928	0
16.4019	0.024263	163.791	0.833904	0
16.3927	0.0245825	164.309	0.841072	0
16.3635	0.0248701	164.676	0.847557	0
16.2909	0.0246636	165.244	0.850288	0
16.2371	0.0240015	164.225	0.838	0
16.2043	0.0244376	163.09	0.849947	0
16.1388	0.0245816	164.743	0.859504	0
16.0999	0.0248129	163.875	0.833904	0
16.0932	0.0239086	163.942	0.849605	0
16.0625	0.0250209	162.706	0.828442	0
16.003	0.024086	163.441	0.828442	0
15.9706	0.0243532	164.292	0.83288	0
15.9365	0.0244006	164.426	0.835952	0
15.8842	0.0235915	162.154	0.85575	0
15.8511	0.0240162	162.923	0.86599	0
15.8297	0.0238629	163.624	0.845851	0
15.8224	0.0237021	162.689	0.824687	0
15.8162	0.0237883	162.722	0.85575	0
15.7491	0.0237062	162.121	0.828101	0
15.6891	0.0235921	161.77	0.842437	0
15.6525	0.0239123	163.691	0.833904	0
15.5879	0.0238738	163.658	0.835952	0
15.56	0.0239955	162.99	0.828442	0
15.5346	0.023489	164.342	0.844827	0
15.4895	0.023341	161.871	0.832197	0
15.4708	0.0237494	162.138	0.834586	0
15.4364	0.023527	162.038	0.831514	0
15.3772	0.0237261	161.77	0.829808	0
15.3398	0.0234773	162.355	0.844485	0
15.3249	0.0230526	161.987	0.817519	0
15.3002	0.0236824	159.182	0.819567	0
15.2629	0.0234453	163.324	0.851312	0
15.2232	0.0232224	160.919	0.831856	0
15.1745	0.0230954	162.054	0.827077	0
15.1124	0.0233485	160.451	0.847899	0
15.0811	0.0231919	161.754	0.830832	0
15.0307	0.0229668	160.05	0.84312	0
14.9922	0.0233008	161.57	0.842437	0
14.9697	0.0229678	160.334	0.842437	0
14.8994	0.0232567	160.852	0.844827	0
14.8655	0.0231597	160.969	0.85848	0
14.8215	0.0232565	159.916	0.840048	0
14.74	0.0228967	161.887	0.839024	0
14.7165	0.0235171	160.852	0.85336	0
14.7106	0.0232904	159.132	0.841413	0
14.6616	0.023052	160.084	0.815471	0
14.6247	0.0232319	160.835	0.852336	0
14.6049	0.0223475	159.549	0.834586	0
14.5532	0.023113	161.42	0.829808	0
14.5195	0.0229532	158.497	0.835952	0
14.4627	0.0233248	159.933	0.847216	0
14.4062	0.0231129	158.43	0.845168	0
14.3775	0.0231033	157.912	0.826053	0
14.3407	0.02382	158.881	0.840389	0
14.2905	0.0233976	159.315	0.824346	0
14.2579	0.0228092	159.482	0.839706	0
14.2211	0.0222911	157.562	0.830832	0
14.156	0.0227539	158.914	0.840731	0
14.1491	0.0228885	158.163	0.839024	0
14.1013	0.0224811	158.33	0.827077	0
14.0157	0.0227626	159.232	0.833221	0
14.009	0.0228945	159.031	0.833904	0
13.9882	0.0229244	158.046	0.802841	0
13.9622	0.0231486	156.894	0.818202	0
13.9396	0.0230349	158.013	0.834928	0
13.8607	0.0223193	156.493	0.843803	0
13.8198	0.022855	157.495	0.829808	0
13.8106	0.0226807	157.912	0.83049	0
13.7728	0.0226134	155.624	0.839365	0
13.7305	0.0227788	158.781	0.828783	0
13.6882	0.0226524	155.775	0.823322	0
13.6326	0.0222663	157.645	0.827077	0
13.595	0.0222848	156.81	0.831514	0
13.5591	0.0223233	156.209	0.825711	0
13.5336	0.0221305	156.376	0.84312	0
13.4773	0.0217489	157.361	0.833221	0
13.4497	0.0219564	157.779	0.832197	0
13.4433	0.0220936	156.626	0.840048	0
13.4257	0.0223465	156.058	0.836293	0
13.4014	0.0220998	155.724	0.844144	0
13.3429	0.0223463	155.34	0.843803	0
13.3229	0.0216988	155.808	0.831514	0
13.3139	0.021869	155.691	0.839365	0
13.2421	0.0217257	155.641	0.834245	0
13.1809	0.0217458	156.209	0.820933	0
13.1747	0.0214666	155.808	0.847216	0
13.1644	0.0218245	154.939	0.819567	0
13.1334	0.0215597	156.309	0.84312	0
13.1136	0.0213791	155.975	0.805913	0
13.1195	0.0216874	154.689	0.813764	0
13.0959	0.0209093	154.572	0.823322	0
13.0447	0.0215295	153.687	0.824687	0
13.01	0.0217213	153.971	0.841755	0
12.9735	0.0216481	153.236	0.829125	0
12.9562	0.0214238	155.123	0.82025	0
12.9537	0.0212729	154.873	0.842437	0
12.9094	0.0213266	152.601	0.84824	0
12.862	0.0213283	153.035	0.828101	0
12.8607	0.0208373	154.305	0.840731	0
12.8394	0.0209826	154.054	0.836293	0
12.7779	0.0206645	152.818	0.835269	0
12.7659	0.0202334	155.841	0.821957	0
12.7661	0.0209943	154.956	0.845851	0
12.7086	0.021074	153.119	0.837317	0
12.6747	0.0205221	152.668	0.834586	0
12.6822	0.020412	153.987	0.835952	0
12.6712	0.0208633	152.902	0.83561	0
12.6441	0.0201347	153.286	0.833562	0
12.6338	0.0200127	151.733	0.84312	0
12.6195	0.0211399	153.954	0.836976	0
12.606	0.0206537	152.184	0.833221	0
12.5855	0.0197995	152.384	0.838341	0
12.5918	0.020521	153.937	0.83288	0
12.5973	0.0206598	151.85	0.839365	0
12.5378	0.0200502	152.301	0.816154	0
12.5159	0.0201004	152.418	0.842096	0
12.5141	0.0200793	153.453	0.836634	0
12.4708	0.0197804	153.687	0.814106	0
12.4526	0.0197578	151.883	0.841072	0
12.4782	0.0202706	153.937	0.845509	0
12.4553	0.0201889	151.699	0.806255	0
12.405	0.020298	152.217	0.821274	0
12.404	0.02024	153.336	0.842096	0
12.3812	0.0192216	151.098	0.835269	0
12.3522	0.0193596	151.699	0.834586	0
12.3501	0.0195858	153.52	0.848923	0
12.3325	0.0194362	151.783	0.834928	0
12.3221	0.0199491	151.8	0.826735	0
12.3397	0.0199819	152.267	0.81274	0
12.3226	0.019247	152.902	0.845851	0
12.2964	0.0196846	151.499	0.824687	0
12.2633	0.0192047	150.597	0.842779	0
12.2653	0.0193809	152.534	0.840048	0
12.259	0.0192705	152.167	0.835952	0
12.2163	0.0187324	150.263	0.827418	0
12.2102	0.0193693	150.196	0.84312	0
12.208	0.019006	151.248	0.839024	0
12.1833	0.0191368	151.248	0.830149	0
12.1993	0.0193325	150.614	0.833904	0
12.2079	0.01928	152.651	0.817519	0
12.1866	0.0193199	152.084	0.83561	0
12.1676	0.019253	150.58	0.84312	0
12.1093	0.0193894	150.614	0.827077	0
12.1153	0.0192649	152.084	0.848923	0
12.1517	0.0193022	151.599	0.840731	0
12.117	0.0190546	151.8	0.810351	0
12.0912	0.0187264	150.797	0.825711	0
12.0989	0.0189694	150.33	0.835952	0
12.1059	0.0195379	151.983	0.818202	0
12.0817	0.0191173	151.382	0.818884	0
12.051	0.0185381	151.098	0.843461	0
12.0532	0.0184693	150.397	0.838	0
12.0583	0.0193418	149.996	0.842096	0
12.0417	0.0186958	152.585	0.822981	0
12.0605	0.0191443	150.998	0.847216	0
12.0495	0.0190243	150.948	0.839024	0
12.0265	0.0185928	151.182	0.832538	0
12.0242	0.0186235	150.931	0.847216	0
12.0083	0.0189517	149.946	0.826053	0
11.9892	0.0185861	150.898	0.848923	0
12.0002	0.0192352	150.58	0.814788	0
12.0026	0.0188052	150.38	0.827418	0
11.9884	0.0192252	148.643	0.839706	0
11.9701	0.0187941	150.029	0.824346	0
11.9476	0.0191742	149.361	0.819567	0
11.9241	0.0183589	150.948	0.840048	0
11.9003	0.0183265	149.478	0.846875	0
11.9361	0.0186311	151.466	0.828101	0
12.0029	0.0187744	152.1	0.855408	0
11.9637	0.0186643	150.213	0.822298	0
11.902	0.0189896	151.282	0.82537	0
11.8993	0.018727	150.981	0.838682	0
11.9031	0.0189481	150.029	0.836634	0
11.8985	0.0183523	150.046	0.830832	0
11.8826	0.0187788	150.096	0.835269	0
11.8798	0.0188319	149.562	0.828442	0
11.8994	0.0183883	151.432	0.813423	0
11.8776	0.0186585	150.664	0.821957	0
11.8546	0.0187394	151.115	0.81001	0
11.8949	0.018779	152.2	0.818543	0
11.8878	0.0187188	148.509	0.849947	0
11.8274	0.0183314	149.445	0.846533	0
11.8017	0.0183846	148.927	0.820933	0
11.8323	0.0189533	149.495	0.836634	0
11.867	0.0187282	151.449	0.835269	0
11.864	0.0187878	150.363	0.827759	0
11.838	0.0183026	148.743	0.830149	0
11.8449	0.018492	150.597	0.831856	0
11.8461	0.0185393	149.979	0.84312	0
11.8064	0.0181241	149.662	0.82025	0
11.7735	0.0183495	147.975	0.826394	0
11.7766	0.0183191	150.296	0.849947	0
11.7793	0.0183488	149.846	0.808644	0
11.7842	0.0185472	149.879	0.841072	0
11.8043	0.0188153	150.43	0.86087	0
11.8031	0.0188277	149.261	0.825711	0
11.7744	0.0183614	149.194	0.822298	0
11.7844	0.0187866	150.096	0.820591	0
11.7861	0.0181772	149.795	0.835269	0
11.766	0.0185966	150.013	0.820933	0
11.7763	0.018557	149.445	0.808303	0
11.7896	0.0185743	149.111	0.824687	0
11.7489	0.0181044	150.547	0.853702	0
11.741	0.0192229	149.044	0.818884	0
11.7726	0.0184296	149.495	0.811716	0
11.7542	0.0185721	149.294	0.829466	0
11.7311	0.0185444	149.528	0.843803	0
11.7253	0.018482	149.495	0.824687	0
11.7216	0.018233	149.094	0.838	0
11.7323	0.0186116	150.463	0.851654	0
11.7315	0.0183113	148.643	0.838	0
11.7221	0.0182023	149.729	0.842096	0
11.7178	0.0180921	149.495	0.837317	0
11.7078	0.0182756	149.378	0.849264	0
11.6886	0.0179239	149.211	0.826394	0
11.7115	0.018306	149.729	0.836976	0
11.7142	0.0180315	149.261	0.818543	0
11.6919	0.0183178	150.363	0.839706	0
11.6942	0.0186776	146.973	0.833221	0
11.6682	0.0184459	149.344	0.842779	0
11.6561	0.0179618	148.125	0.804207	0
11.6867	0.0181833	148.643	0.81513	0
11.706	0.0186959	149.077	0.829466	0
11.6958	0.0185096	148.309	0.851654	0
11.6898	0.0182831	149.027	0.829466	0
11.6714	0.0184175	149.194	0.82025	0
11.674	0.018265	150.213	0.841755	0
11.6946	0.0181907	148.994	0.827759	0
11.6705	0.0183524	147.491	0.847216	0
11.6517	0.017969	148.476	0.83561	0
11.6591	0.0180754	148.225	0.836976	0
11.6755	0.0181842	149.01	0.829466	0
11.6777	0.0182316	150.514	0.842779	0
11.6544	0.018212	149.144	0.819567	0
11.6397	0.0180728	149.094	0.861553	0
11.6483	0.0182898	149.411	0.834928	0
11.6506	0.0183695	148.894	0.844485	0
11.6483	0.0183723	148.877	0.832538	0
11.6416	0.0180038	147.724	0.828101	0
11.6382	0.018437	149.161	0.839024	0
11.6417	0.0181043	149.461	0.826394	0
11.6417	0.0180588	148.86	0.858822	0
11.636	0.0184878	148.994	0.840048	0
11.5981	0.017837	148.793	0.808303	0
11.5908	0.0182935	149.862	0.834928	0
11.6357	0.0181961	149.795	0.839706	0
11.6446	0.0183251	148.276	0.821957	0
11.6201	0.01799	148.292	0.830149	0
11.5962	0.0178613	149.161	0.837658	0
11.5946	0.0183309	148.877	0.838682	0
11.5888	0.0182544	148.092	0.822981	0
11.5913	0.0185627	149.428	0.834586	0
11.6121	0.0182182	148.877	0.849947	0
11.5851	0.0180249	149.01	0.843461	0
11.5898	0.0183559	147.674	0.844485	0
11.6234	0.0182312	149.261	0.831856	0
11.6266	0.0181566	148.209	0.815812	0
11.6333	0.0177788	148.927	0.862918	0
11.612	0.0183665	149.111	0.833904	0
11.5832	0.0181399	149.645	0.824687	0
11.5947	0.0183474	149.127	0.843461	0
11.5903	0.0184611	149.545	0.822981	0
11.5832	0.0180917	147.524	0.81786	0
11.5819	0.0181009	149.461	0.829808	0
11.5743	0.018109	149.294	0.831173	0
11.5566	0.0179703	148.576	0.836634	0
11.5516	0.0181277	150.38	0.843803	0
11.5528	0.0177825	149.695	0.842779	0
11.5366	0.0181838	149.378	0.824005	0
11.5616	0.0184284	147.758	0.822298	0
11.5913	0.0184618	148.326	0.838341	0
11.5813	0.0177611	148.643	0.805913	0
11.5507	0.0179818	147.858	0.832197	0
11.5505	0.0179322	150.129	0.825711	0
11.5573	0.0180124	149.228	0.82537	0
11.5357	0.0179429	148.81	0.830149	0
11.5331	0.0183599	147.39	0.839365	0
11.5352	0.017805	148.91	0.83288	0
11.54	0.018406	148.96	0.823663	0
11.5301	0.0180609	149.879	0.833221	0
11.5331	0.0181702	147.641	0.815812	0
11.5591	0.0178495	149.294	0.823322	0
11.536	0.0177337	148.944	0.834586	0
11.4898	0.0177991	147.574	0.834586	0
11.511	0.018426	147.106	0.842437	0
11.5276	0.0182198	149.395	0.842096	0
11.5067	0.0180563	147.257	0.823663	0
11.489	0.018331	148.793	0.821957	0
11.5131	0.0177194	148.676	0.799428	0
11.5434	0.0178548	148.927	0.844827	0
11.5177	0.0177562	148.693	0.820933	0
11.5172	0.018037	148.743	0.853019	0
11.5305	0.018164	147.942	0.821957	0
11.4903	0.0181834	147.424	0.847216	0
11.4697	0.0180116	149.678	0.814106	0
11.5142	0.0179336	149.027	0.834928	0
11.5227	0.018035	148.81	0.849264	0
11.495	0.018381	148.459	0.831856	0
11.4966	0.0176509	148.877	0.835269	0
11.498	0.0174518	149.962	0.847899	0
11.4897	0.0177367	148.843	0.829466	0
11.515	0.0173483	148.894	0.848581	0
11.5298	0.0181078	146.956	0.830832	0
11.5131	0.0180987	149.211	0.801476	0
11.5085	0.0182665	148.994	0.830832	0
11.5142	0.0181699	149.278	0.818543	0
11.4848	0.0178863	147.357	0.815471	0
11.464	0.0177726	147.574	0.831856	0
11.4874	0.0180323	148.743	0.848923	0
11.4877	0.0179471	148.827	0.822981	0
11.4665	0.0178699	147.39	0.838	0
11.4592	0.0180306	147.808	0.835269	0
11.4748	0.0181153	148.392	0.826053	0
11.488	0.0177063	148.209	0.850288	0
11.4915	0.0180358	148.944	0.83561	0
11.5032	0.018303	148.292	0.826394	0
11.4889	0.0177366	149.595	0.827077	0
11.4788	0.0180428	149.044	0.821957	0
11.4804	0.0178859	148.459	0.831173	0
11.4367	0.0179624	148.125	0.834245	0
11.416	0.0175931	147.841	0.839365	0
11.4453	0.0181084	148.392	0.834928	0
11.4397	0.0177489	147.207	0.83288	0
11.4231	0.0181738	148.342	0.830832	0
11.437	0.0180301	148.66	0.84312	0
11.447	0.0185049	148.392	0.826735	0
11.4474	0.0180135	147.207	0.813423	0
11.4442	0.0178244	148.576	0.816154	0
11.4667	0.0177754	148.61	0.816495	0
11.4638	0.0180022	148.994	0.802841	0
11.4247	0.0173418	149.127	0.836293	0
11.4391	0.0181661	148.61	0.839024	0
11.4579	0.0177246	148.209	0.83049	0
11.4435	0.0178883	150.079	0.841755	0
11.4634	0.0178722	148.175	0.828442	0
11.4654	0.0181213	148.576	0.840731	0
11.4554	0.0177459	148.71	0.83288	0
11.4698	0.0179301	149.228	0.822639	0
11.4369	0.017814	148.276	0.831514	0
11.4166	0.0176457	147.841	0.831514	0
11.4309	0.0181866	149.846	0.828442	0
11.4358	0.0182083	147.491	0.829125	0
11.4447	0.0184041	148.259	0.840048	0
11.4541	0.018024	150.514	0.809327	0
11.4496	0.0184771	149.177	0.845509	0
11.4341	0.0176821	149.111	0.853019	0
11.4115	0.0179978	147.942	0.831856	0
11.4252	0.0181202	147.507	0.834586	0
11.4342	0.0181051	147.257	0.831856	0
11.4168	0.0181226	147.073	0.825029	0
11.4129	0.018123	148.042	0.842779	0
11.4175	0.017839	147.173	0.854384	0
11.4321	0.0179175	148.342	0.818202	0
11.4312	0.0180095	148.426	0.82537	0
11.4249	0.018268	147.39	0.810692	0
11.4345	0.0182923	149.461	0.832197	0
11.4402	0.0179869	147.658	0.822639	0
11.4304	0.0181736	147.841	0.835269	0
11.4248	0.0177248	148.576	0.814106	0
11.4344	0.0179216	148.409	0.843461	0
11.4364	0.017783	149.595	0.815812	0
11.4236	0.0177813	148.025	0.836634	0
11.4296	0.0184503	147.106	0.847216	0
11.4401	0.0177021	148.092	0.845168	0
11.4215	0.0177069	147.975	0.824687	0
11.4075	0.0176872	146.906	0.821274	0
11.4106	0.0177288	148.843	0.817519	0
11.396	0.0177176	149.979	0.827759	0
11.3603	0.0174339	147.157	0.835952	0
11.3892	0.018239	148.309	0.828442	0
11.4428	0.0183736	147.374	0.821957	0
11.4063	0.0179052	149.161	0.831173	0
11.3727	0.018036	146.322	0.819909	0
11.3761	0.0179999	148.259	0.835952	0
11.3918	0.0181283	147.825	0.846533	0
11.4006	0.0177858	146.99	0.850288	0
11.3862	0.0177002	147.808	0.801817	0
11.3902	0.0177673	148.693	0.808986	0
11.4115	0.0176746	149.01	0.827418	0
11.4014	0.0183681	148.326	0.844827	0
11.4085	0.0178842	147.324	0.836293	0
11.4255	0.0178934	148.793	0.819909	0
11.4334	0.0178993	149.428	0.82025	0
11.4254	0.0176832	147.491	0.838341	0
11.4024	0.0180221	148.576	0.831856	0
11.3969	0.0179667	149.361	0.824346	0
11.4051	0.0178701	148.276	0.833562	0
11.4155	0.0177851	148.326	0.846192	0
11.3953	0.0175211	146.873	0.828101	0
11.3765	0.0178542	146.355	0.816154	0
11.3996	0.0180588	148.71	0.844144	0
11.4015	0.0179547	148.259	0.828783	0
11.4034	0.0182051	149.111	0.837658	0
11.4079	0.0179354	147.09	0.855067	0
11.3901	0.0181373	149.161	0.821957	0
11.3905	0.0182838	149.228	0.830832	0
11.3883	0.0184462	147.858	0.840389	0
11.376	0.0176683	148.559	0.850629	0
11.408	0.0178956	147.324	0.843461	0
11.4198	0.017922	147.992	0.842096	0
11.3947	0.0183852	147.908	0.819567	0
11.3932	0.0181215	148.259	0.83288	0
11.3868	0.0177484	148.092	0.818884	0
11.3665	0.0178655	147.825	0.81513	0
11.4041	0.0176667	147.958	0.841413	0
11.4112	0.0180303	147.006	0.813764	0
11.3709	0.0179047	148.209	0.818543	0
11.37	0.0175078	147.307	0.839365	0
11.3846	0.018025	147.808	0.844485	0
11.3826	0.0181842	147.106	0.848581	0
11.3571	0.0176768	148.526	0.824687	0
11.3458	0.0176119	148.86	0.839365	0
11.3951	0.0180185	148.576	0.820933	0
11.4344	0.0180998	147.524	0.844827	0
11.3967	0.0177608	147.173	0.839706	0
11.3647	0.0177116	148.125	0.828101	0
11.3849	0.0181149	147.724	0.826735	0
11.374	0.0180017	148.209	0.840389	0
11.375	0.0179357	149.194	0.837317	0
11.3706	0.0179379	147.457	0.81786	0
11.3345	0.0175315	147.307	0.83288	0
11.3578	0.0176685	148.96	0.817178	0
11.3786	0.0180525	147.925	0.839365	0
11.3538	0.0178944	147.775	0.809668	0
11.3631	0.0177449	147.758	0.844827	0
11.3631	0.0178387	148.309	0.849947	0
11.3491	0.0180547	147.875	0.842779	0
11.3821	0.0178226	146.639	0.851654	0
11.3943	0.0180634	148.593	0.830149	0
11.3672	0.0179512	147.825	0.830149	0
11.3392	0.0182978	146.739	0.830149	0
11.3545	0.0176422	148.008	0.837658	0
11.4002	0.0176842	148.058	0.824687	0
11.3863	0.0178368	147.491	0.836293	0
11.3615	0.0175377	148.159	0.846875	0
11.3722	0.017837	147.741	0.84312	0
11.3676	0.018139	147.574	0.839365	0
11.3451	0.0180094	147.691	0.826394	0
11.3456	0.0178519	147.624	0.843803	0
11.3522	0.018091	147.825	0.833904	0
11.3555	0.0177846	149.328	0.826053	0
11.3543	0.0176391	148.827	0.836634	0
11.3415	0.0173917	147.975	0.827759	0
11.3311	0.0175771	147.257	0.834928	0
11.3548	0.0179875	147.708	0.826735	0
11.3819	0.0182104	148.342	0.822981	0
11.3763	0.0182946	148.493	0.812058	0
11.3538	0.018151	147.975	0.833221	0
11.3431	0.0181033	147.658	0.821957	0
11.355	0.0176864	149.545	0.83288	0
11.3762	0.0182238	147.257	0.833904	0
11.3641	0.0181108	148.042	0.820933	0
11.3421	0.0176161	147.858	0.857798	0
11.3455	0.0174502	149.094	0.842096	0
11.3574	0.0171682	148.476	0.820933	0
11.3689	0.0172591	148.008	0.822639	0
11.3806	0.017898	146.589	0.831856	0
11.3728	0.0180666	147.541	0.834245	0
11.3725	0.0178507	148.626	0.845509	0
11.3544	0.0179149	148.392	0.837317	0
11.322	0.0181833	148.242	0.833904	0
11.3295	0.0186112	147.591	0.845168	0
11.3376	0.0184258	147.891	0.844827	0
11.3246	0.0185837	148.058	0.839365	0
11.3459	0.0182793	148.092	0.838341	0
11.3549	0.018529	148.409	0.826394	0
11.328	0.0179213	149.01	0.829125	0
11.325	0.0176842	146.99	0.851654	0
11.3386	0.0176527	148.042	0.828101	0
11.348	0.0177084	148.159	0.842779	0
11.3652	0.0180047	148.493	0.832197	0
11.3748	0.0178122	147.257	0.835269	0
11.3376	0.0179838	148.159	0.81274	0
11.3105	0.017225	147.04	0.82537	0
11.3361	0.0175383	147.658	0.816154	0
11.352	0.0177258	147.775	0.834245	0
11.3269	0.0175295	148.576	0.823322	0
11.3354	0.0178951	147.541	0.827759	0
11.3541	0.0178779	147.574	0.834245	0
11.3566	0.0179835	148.225	0.826735	0
11.3704	0.0179334	147.791	0.835952	0
11.3582	0.0178316	149.144	0.829125	0
11.3411	0.0179045	148.777	0.831514	0
11.3482	0.0174938	147.574	0.847899	0
11.3403	0.0176402	147.29	0.807279	0
11.3412	0.0180688	146.756	0.81001	0
11.3514	0.0178106	148.376	0.839024	0
11.3459	0.0181534	148.543	0.831856	0
11.3331	0.0180064	146.572	0.825711	0
11.3185	0.0172584	148.259	0.831514	0
11.338	0.0180411	147.073	0.829808	0
11.3455	0.0179942	147.925	0.839024	0
11.3307	0.0173477	148.259	0.860528	0
11.3537	0.0172471	148.359	0.84312	0
11.3643	0.0177918	147.006	0.842096	0
11.3318	0.0181632	148.443	0.829125	0
11.3333	0.0181005	147.106	0.833562	0
11.3456	0.0173487	148.459	0.835952	0
11.3257	0.0177147	147.19	0.855408	0
11.3383	0.0179276	146.923	0.821274	0
11.3575	0.0180272	147.223	0.838682	0
11.3526	0.0180089	147.273	0.845851	0
11.3371	0.0180177	149.528	0.821957	0
11.3169	0.0181364	148.142	0.840731	0
11.3336	0.0179687	147.29	0.804548	0
11.3769	0.0179478	149.144	0.822298	0
11.3606	0.0183812	145.954	0.833562	0
11.3248	0.017711	148.543	0.837317	0
11.3311	0.0177778	147.958	0.82537	0
11.3121	0.0177539	149.194	0.826394	0
11.3106	0.0179498	147.407	0.839706	0
11.3413	0.0178629	148.543	0.820933	0
11.3231	0.0177908	149.695	0.842437	0
11.3264	0.0178717	147.407	0.845509	0
11.3702	0.0177238	147.424	0.829466	0
11.3764	0.0176808	148.91	0.845509	0
11.322	0.0177656	146.939	0.829808	0
11.2833	0.0178336	148.944	0.820933	0
11.3054	0.0178837	148.676	0.819567	0
11.3329	0.0175606	148.259	0.840731	0
11.3206	0.0175821	147.29	0.842437	0
11.3165	0.0176722	146.455	0.849605	0
11.3447	0.018065	147.808	0.82537	0
11.3446	0.0178866	148.225	0.824346	0
11.3564	0.0176538	148.092	0.84312	0
11.3739	0.0179196	148.359	0.846875	0
11.3222	0.0177844	147.741	0.821957	0
11.314	0.0182053	146.271	0.847557	0
11.335	0.0184749	149.027	0.806596	0
11.3325	0.0175632	149.244	0.829808	0
11.3506	0.0175126	147.908	0.840389	0
11.3536	0.0178436	148.326	0.823322	0
11.3407	0.0179381	147.591	0.823663	0
11.3507	0.0181161	148.643	0.832197	0
11.3557	0.0178964	146.889	0.83561	0
11.3381	0.0180833	148.977	0.844144	0
11.3341	0.0177098	147.257	0.846533	0
11.3437	0.018033	147.557	0.83561	0
11.3189	0.0178301	147.741	0.838341	0
11.3094	0.018004	149.896	0.843461	0
11.3437	0.0178682	147.324	0.81513	0
11.347	0.0182144	148.66	0.853019	0
11.3207	0.0178954	146.789	0.841072	0
11.329	0.0176492	147.24	0.822298	0
11.3339	0.0177212	147.407	0.838341	0
11.3189	0.0176379	148.843	0.819567	0
11.3159	0.0174647	147.975	0.808303	0
11.3165	0.017727	149.01	0.821274	0
11.3154	0.0176257	148.676	0.829125	0
11.3226	0.0175098	146.221	0.837658	0
11.3231	0.0177339	148.309	0.833904	0
11.3183	0.0179429	147.908	0.825029	0
11.3412	0.0178286	148.509	0.82537	0
11.3458	0.0176816	148.96	0.818884	0
11.2834	0.0177841	146.722	0.830832	0
11.2644	0.0176456	149.261	0.833221	0
11.3233	0.0177747	147.106	0.849264	0
11.3381	0.0180866	147.457	0.827759	0
11.308	0.0176325	147.691	0.849605	0
11.2994	0.0176666	148.626	0.837658	0
11.3435	0.0182439	146.522	0.844827	0
11.3557	0.0175857	147.307	0.848923	0
11.3237	0.0176717	147.491	0.824687	0
11.3191	0.0176669	146.739	0.828783	0
11.3286	0.0176539	147.056	0.844485	0
11.3264	0.0175893	147.441	0.836976	0
11.3175	0.0178665	149.996	0.830149	0
11.317	0.018188	147.34	0.821957	0
11.3044	0.017952	146.522	0.84824	0
11.3026	0.0172656	148.81	0.846533	0
11.3167	0.0179681	147.574	0.846192	0
11.3086	0.017651	147.04	0.808303	0
11.3104	0.0180279	147.424	0.832197	0
11.3165	0.0179174	149.144	0.846192	0
11.325	0.0181471	147.056	0.838	0
11.3354	0.0183281	148.392	0.831856	0
11.3296	0.0178473	145.887	0.82025	0
11.2991	0.017865	146.589	0.839365	0
11.2873	0.0177282	147.791	0.843461	0
11.2932	0.0178165	147.808	0.832538	0
11.3036	0.0177032	148.225	0.83288	0
11.3238	0.0179596	147.708	0.816154	0
11.3321	0.0175932	147.841	0.81786	0
11.3142	0.0173466	147.09	0.833221	0
11.3068	0.0178683	148.61	0.870427	0
11.3263	0.0180661	148.526	0.803183	0
11.3195	0.0183331	147.407	0.839024	0
11.2767	0.017481	146.973	0.826053	0
11.2849	0.0174149	148.025	0.820933	0
11.3313	0.0183719	147.574	0.803865	0
11.3206	0.0178248	148.793	0.820933	0
11.2951	0.0182213	146.405	0.845168	0
11.3058	0.0175555	147.29	0.813423	0
11.3272	0.0175822	146.689	0.855067	0
11.3233	0.0175873	149.846	0.840731	0
11.3154	0.0181754	147.374	0.80762	0
11.3201	0.0178431	147.858	0.827077	0
11.3134	0.0183268	148.392	0.847899	0
11.3071	0.0183314	148.109	0.832538	0
11.3149	0.0178734	147.24	0.819226	0
11.3264	0.0179265	146.388	0.835952	0
11.3198	0.0174119	147.992	0.844485	0
11.3187	0.0177271	148.309	0.837317	0
11.3044	0.0180342	146.255	0.846192	0
11.2875	0.0175011	148.91	0.822639	0
11.3079	0.0179261	149.328	0.824005	0
11.304	0.0174731	145.921	0.820591	0
11.3019	0.0183101	147.858	0.833904	0
11.3119	0.0181308	146.572	0.826394	0
11.2969	0.0177112	147.992	0.818884	0
11.299	0.0174186	147.825	0.833904	0
11.299	0.0174397	146.639	0.82025	0
11.3018	0.017446	148.81	0.842437	0
11.3087	0.017352	146.873	0.802841	0
11.2919	0.0179711	148.476	0.827759	0
11.2868	0.0185717	148.192	0.870086	0
11.2878	0.0178843	146.823	0.828101	0
11.3163	0.0183514	147.724	0.833562	0
11.3443	0.0181239	147.858	0.826394	0
11.3097	0.0176618	148.676	0.818543	0
11.2964	0.0175924	147.324	0.841755	0
11.3228	0.0178948	147.424	0.831856	0
11.3404	0.0181172	147.791	0.83288	0
11.3093	0.0176438	146.823	0.823663	0
11.2739	0.0177834	147.424	0.823663	0
11.2962	0.0176306	147.624	0.805231	0
11.3171	0.0176558	146.622	0.819567	0
11.3162	0.017038	147.992	0.838682	0
11.3388	0.0179898	147.674	0.833904	0
11.3486	0.0178551	147.758	0.825029	0
11.2887	0.0179907	147.524	0.826053	0
11.2779	0.017883	147.507	0.812399	0
11.3229	0.0175185	147.958	0.829808	0
11.3178	0.0181297	149.144	0.840389	0
11.3076	0.0176149	149.194	0.832197	0
11.3245	0.018479	147.791	0.81513	0
11.3287	0.0178737	148.61	0.828442	0
11.3068	0.0180246	145.871	0.822981	0
11.2806	0.0178733	148.543	0.834586	0
11.2896	0.0176656	149.344	0.848581	0
11.3125	0.0184205	147.741	0.829466	0
11.2986	0.0181349	147.758	0.835269	0
11.3024	0.0177357	147.875	0.847557	0
11.3166	0.0178202	147.791	0.799769	0
11.2931	0.0183195	149.545	0.828783	0
11.2945	0.0177946	148.676	0.848581	0
11.3133	0.0184274	147.841	0.839024	0
11.3256	0.0174834	147.825	0.844827	0
11.2976	0.0176468	147.891	0.846875	0
11.2763	0.0182081	147.524	0.833221	0
11.3168	0.0180084	148.142	0.818884	0
11.3253	0.0181003	147.674	0.83288	0
11.3113	0.0175874	147.875	0.812399	0
11.3265	0.0181588	148.81	0.831514	0
11.3366	0.0178926	148.409	0.825029	0
11.3144	0.0179582	147.808	0.819909	0
11.3126	0.0178149	147.925	0.820591	0
11.3217	0.0176141	148.66	0.847216	0
11.2936	0.0180644	147.641	0.834586	0
11.2718	0.01741	147.557	0.834928	0
11.2831	0.0175485	148.259	0.820591	0
11.2997	0.0179359	147.474	0.810692	0
11.3345	0.0180673	148.025	0.831514	0
11.3337	0.017772	147.491	0.847557	0
11.2903	0.0176234	147.691	0.806255	0
11.2854	0.0178884	147.507	0.83049	0
11.3094	0.0180818	148.008	0.807279	0
11.3108	0.017784	148.493	0.82025	0
11.2864	0.0171972	145.486	0.828442	0
11.285	0.0178644	148.392	0.826053	0
11.2858	0.0182116	147.641	0.820591	0
11.283	0.0181774	145.971	0.824346	0
11.2929	0.0174616	147.557	0.83049	0
11.2965	0.0177157	146.388	0.831173	0
11.2976	0.0177257	148.443	0.819909	0
11.3038	0.0181536	147.775	0.836976	0
11.3072	0.0175017	148.543	0.829125	0
11.3012	0.017994	147.357	0.793625	0
11.3028	0.0172882	148.676	0.834245	0
11.3101	0.0179446	145.704	0.837317	0
11.2983	0.0177048	147.223	0.857456	0
11.313	0.0176188	146.772	0.849605	0
11.3058	0.0182294	147.106	0.851654	0
11.2814	0.0176449	148.559	0.841413	0
11.28	0.0178977	147.106	0.821957	0
11.2927	0.0174889	148.292	0.805913	0
11.3115	0.0176903	147.925	0.836976	0
11.2852	0.0183463	147.975	0.832538	0
11.2664	0.0178697	147.624	0.851995	0
11.3088	0.0178612	148.793	0.843461	0
11.3404	0.0178814	148.175	0.833221	0
11.3225	0.0175938	146.221	0.827077	0
11.303	0.0180687	148.025	0.82537	0
11.2859	0.0180276	148.593	0.837658	0
11.2933	0.01763	147.691	0.846875	0
11.3176	0.0181877	148.142	0.843461	0
11.3099	0.0180029	147.106	0.839706	0
11.2839	0.0182036	146.722	0.825029	0
11.2717	0.0177909	148.209	0.819567	0
11.2804	0.0176573	148.409	0.828783	0
11.2988	0.0177881	147.441	0.832197	0
11.3105	0.0181946	148.66	0.829125	0
11.2993	0.0179372	146.906	0.842779	0
11.3086	0.018088	149.094	0.839706	0
11.2979	0.0175487	147.507	0.835269	0
11.2826	0.0178228	146.973	0.849947	0
11.2983	0.0183921	147.708	0.832538	0
11.3006	0.0177155	148.509	0.820591	0
11.3114	0.0185646	147.691	0.836293	0
11.3112	0.0180797	147.223	0.831856	0
11.3009	0.0182101	147.507	0.839024	0
11.3066	0.0177224	148.042	0.853019	0
11.3011	0.0179919	148.927	0.834928	0
11.2837	0.0179181	146.789	0.83049	0
11.266	0.0178518	146.522	0.826735	0
11.2947	0.0173431	147.858	0.844144	0
11.3434	0.0178644	148.61	0.829808	0
11.3165	0.0181414	148.125	0.848581	0
11.2565	0.0173922	148.392	0.831173	0
11.287	0.017485	148.008	0.831856	0
11.3333	0.0176166	146.221	0.844144	0
11.3245	0.0179448	148.259	0.81786	0
11.3226	0.0180297	147.441	0.817519	0
11.3163	0.0175045	148.392	0.816154	0
11.2981	0.0175935	148.76	0.833221	0
11.2861	0.0174541	147.257	0.836976	0
11.2748	0.0173608	147.708	0.831514	0
11.2894	0.017693	147.257	0.839024	0
11.2825	0.0180241	146.322	0.824346	0
11.2678	0.0177064	146.188	0.827418	0
11.278	0.0176575	147.758	0.854384	0
11.2842	0.0172792	147.207	0.826053	0
11.3072	0.0177099	148.025	0.845851	0
11.2974	0.017887	147.457	0.836634	0
11.2573	0.0175918	147.708	0.828442	0
11.2804	0.0178325	147.641	0.797721	0
11.2962	0.0180165	146.889	0.822981	0
11.2773	0.0184284	147.441	0.847899	0
11.2944	0.0175418	147.173	0.841072	0
11.3126	0.0174201	147.557	0.852678	0
11.3103	0.0177124	148.292	0.840048	0
11.3103	0.0177605	147.958	0.843461	0
11.3044	0.0182939	148.175	0.826053	0
11.2788	0.0178082	147.975	0.857798	0
11.2852	0.0172689	148.309	0.833562	0
11.3124	0.0175735	147.942	0.842096	0
11.3017	0.0177884	148.109	0.813082	0
11.2928	0.0181237	148.359	0.830149	0
11.3016	0.0178816	147.908	0.819909	0
11.2981	0.0181926	147.808	0.810351	0
11.3041	0.0181564	149.077	0.845851	0
11.3168	0.0177374	148.042	0.822981	0
11.3106	0.0175098	148.042	0.841755	0
11.3075	0.0174812	147.825	0.818884	0
11.2853	0.0177149	146.605	0.826394	0
11.2775	0.0174735	148.576	0.846875	0
11.288	0.0176676	147.591	0.830832	0
11.2756	0.0185568	147.624	0.81274	0
11.272	0.0181132	147.942	0.831856	0
11.2815	0.0178866	148.142	0.821957	0
11.2976	0.0176202	147.875	0.850971	0
11.3146	0.017278	147.441	0.844485	0
11.3036	0.0178748	147.841	0.848923	0
11.2706	0.017324	148.626	0.834586	0
11.2414	0.0176194	146.422	0.798745	0
11.2808	0.0178502	146.238	0.843803	0
11.32	0.0179205	148.676	0.842096	0
11.3039	0.0179992	147.123	0.845851	0
11.2923	0.0177207	147.791	0.826735	0
11.3091	0.0176086	147.591	0.834245	0
11.3114	0.0176852	148.944	0.845851	0
11.3181	0.0179215	147.708	0.836976	0
11.3196	0.0178351	148.242	0.83288	0
11.2891	0.0177261	147.173	0.828101	0
11.2714	0.0174433	147.574	0.833221	0
11.2726	0.0182904	148.192	0.829808	0
11.2759	0.0177102	147.507	0.826053	0
11.2733	0.0180006	149.612	0.823322	0
11.2874	0.0176839	147.006	0.825029	0
11.2845	0.0177052	148.509	0.83561	0
11.2939	0.0174571	147.04	0.823663	0
11.3228	0.017589	148.409	0.835269	0
11.3079	0.0179278	147.875	0.839365	0
11.3123	0.0183165	147.524	0.809668	0
11.3371	0.0180897	147.407	0.812058	0
11.2998	0.0175708	147.39	0.818884	0
11.2701	0.0180403	147.708	0.840731	0
11.2867	0.0180206	147.357	0.838341	0
11.2893	0.0178295	146.906	0.847899	0
11.2805	0.0175187	148.894	0.828442	0
11.2859	0.0176953	148.476	0.81786	0
11.29	0.0175973	147.808	0.83561	0
11.3067	0.0177347	147.741	0.838682	0
11.3189	0.0180099	147.758	0.844827	0
11.2888	0.0182455	148.292	0.828442	0
11.2716	0.017729	147.157	0.834245	0
11.2873	0.0176992	147.658	0.816495	0
11.2983	0.0176943	146.455	0.841413	0
11.295	0.0179594	146.372	0.805572	0
11.2682	0.0179254	146.906	0.836976	0
11.259	0.0180825	147.724	0.835952	0
11.2687	0.0182718	147.39	0.819909	0
11.2963	0.0179821	147.925	0.831856	0
11.3239	0.0178349	147.658	0.841072	0
11.2938	0.0172136	147.958	0.835269	0
11.2527	0.0179337	147.357	0.828101	0
11.2873	0.0182272	147.157	0.828101	0
11.305	0.0177877	147.273	0.814788	0
11.2748	0.0181448	146.038	0.824687	0
11.2709	0.0173245	147.925	0.818543	0
11.2625	0.0176564	147.608	0.823322	0
11.2593	0.0177201	146.856	0.840389	0
11.2996	0.0179856	149.211	0.846875	0
11.306	0.0177552	147.975	0.836634	0
11.259	0.0178017	147.29	0.838341	0
11.2683	0.0175228	148.409	0.832538	0
11.3027	0.0182943	147.207	0.832197	0
11.3152	0.0178786	147.875	0.826735	0
11.2984	0.0177569	148.409	0.868038	0
11.2762	0.0178444	146.288	0.829466	0
11.2959	0.017661	147.34	0.825711	0
11.2952	0.0179591	147.708	0.812058	0
11.2447	0.0178999	147.674	0.82537	0
11.2875	0.0178608	148.626	0.848923	0
11.3389	0.0179737	148.092	0.805572	0
11.2867	0.0184417	146.188	0.848581	0
11.2669	0.0176813	147.741	0.842779	0
11.2836	0.0178681	147.641	0.844827	0
11.2584	0.0178765	148.559	0.851995	0
11.2642	0.0176827	148.894	0.822639	0
11.2956	0.0177574	147.658	0.819567	0
11.2913	0.018013	147.775	0.826735	0
11.2713	0.0174375	147.942	0.808986	0
11.2707	0.0173933	147.424	0.848581	0
11.2732	0.0175426	147.758	0.853702	0
11.2623	0.0174786	148.008	0.831514	0
11.2572	0.0180917	147.674	0.835269	0
11.2781	0.017883	147.975	0.844485	0
11.2735	0.0182659	148.76	0.850288	0
11.2642	0.0180112	146.656	0.856432	0
11.2889	0.0175996	147.474	0.827759	0
11.2892	0.0177	146.639	0.83561	0
11.292	0.0182248	148.626	0.81786	0
11.2931	0.0172598	146.689	0.842437	0
11.2928	0.0177868	147.006	0.837658	0
11.2865	0.0176885	147.841	0.849264	0
11.2627	0.0175304	146.288	0.829125	0
11.2665	0.0177456	147.173	0.817178	0
11.2758	0.0180037	148.225	0.817519	0
11.2668	0.0178401	148.159	0.844144	0
11.2677	0.0175282	145.987	0.82025	0
11.2791	0.0175299	148.142	0.831514	0
11.2916	0.0178927	147.825	0.821957	0
11.3062	0.0178095	147.023	0.833562	0
11.2818	0.0179301	147.357	0.818884	0
11.2536	0.0181831	147.29	0.831514	0
11.2802	0.0173843	148.259	0.826053	0
11.2964	0.0179017	147.073	0.805572	0
11.27	0.0176418	148.092	0.812399	0
11.2835	0.017644	148.593	0.851995	0
11.2911	0.0176378	149.044	0.816154	0
11.2747	0.0178375	147.808	0.843461	0
11.2818	0.0176855	147.056	0.830832	0
11.2707	0.0179506	144.985	0.840389	0
11.2573	0.0176759	148.409	0.831856	0
11.293	0.017669	148.793	0.83049	0
11.2878	0.0177853	146.054	0.836293	0
11.2576	0.0177605	147.04	0.831856	0
11.2897	0.0177765	148.342	0.847557	0
11.3155	0.0179441	148.71	0.845168	0
11.3049	0.0178935	147.992	0.842096	0
11.2921	0.0177515	147.674	0.830149	0
11.2714	0.0179661	148.91	0.818884	0
11.2583	0.0176261	147.207	0.813423	0
11.2703	0.0181609	148.008	0.853019	0
11.2955	0.0182645	147.942	0.827418	0
11.2941	0.0175766	147.958	0.839024	0
11.2871	0.017933	145.904	0.822298	0
11.2857	0.017532	148.042	0.830832	0
11.2987	0.017892	147.441	0.826053	0
11.3165	0.0178264	148.276	0.825711	0
11.3052	0.0176801	148.777	0.816495	0
11.2905	0.017803	148.025	0.831173	0
11.2723	0.0174407	146.873	0.828442	0
11.2574	0.0175746	146.939	0.822981	0
11.2895	0.0178556	146.906	0.83288	0
11.3093	0.0179932	148.459	0.823663	0
11.2929	0.0176653	147.624	0.846533	0
11.2835	0.0177118	147.273	0.845509	0
11.265	0.01735	148.443	0.842779	0
11.2674	0.0177461	147.04	0.83288	0
11.2821	0.0176521	146.372	0.834586	0
11.2819	0.0176216	147.908	0.843803	0
11.2962	0.0177783	147.942	0.84312	0
11.2897	0.018215	148.159	0.816495	0
11.269	0.0180939	146.889	0.842437	0
11.279	0.0181185	147.491	0.824687	0
11.2974	0.0176978	148.109	0.829125	0
11.2981	0.0177172	148.559	0.834586	0
11.2873	0.017458	147.925	0.828442	0
11.266	0.0174686	148.576	0.814788	0
11.2885	0.0178778	146.973	0.831856	0
11.3001	0.0177221	147.257	0.838341	0
11.2738	0.0171634	147.34	0.821615	0
11.2705	0.0173715	147.925	0.837658	0
11.2559	0.0171479	147.157	0.80762	0
11.2671	0.018297	148.392	0.826735	0
11.2953	0.0178202	145.937	0.847216	0
11.2888	0.0178459	148.476	0.81786	0
11.2889	0.0175637	147.424	0.837317	0
11.2929	0.0175832	146.939	0.841755	0
11.2754	0.0177114	147.257	0.836976	0
11.2878	0.0180713	147.641	0.834928	0
11.2724	0.0177718	147.992	0.822298	0
11.2637	0.0177419	147.808	0.831173	0
11.2936	0.0174013	147.708	0.824687	0
11.282	0.0176404	147.474	0.860187	0
11.2834	0.0176193	147.557	0.824005	0
11.291	0.0176476	147.09	0.841413	0
11.2667	0.0178254	147.841	0.816154	0
11.2739	0.018026	147.441	0.832197	0
11.2715	0.0179637	148.693	0.842096	0
11.2688	0.017665	147.858	0.824687	0
11.3214	0.0179392	149.344	0.849264	0
11.2961	0.0181497	147.073	0.808986	0
11.2343	0.0173532	148.91	0.826053	0
11.2571	0.0181315	148.125	0.85336	0
11.286	0.0179113	147.34	0.844144	0
11.26	0.0178576	147.724	0.835952	0
11.2528	0.0175321	148.643	0.830149	0
11.284	0.0177566	147.223	0.851312	0
11.2904	0.0176759	146.422	0.835952	0
11.286	0.0178036	149.177	0.811375	0
11.2861	0.0176117	148.493	0.829808	0
11.2848	0.0176165	147.591	0.830832	0
11.3053	0.0182792	147.724	0.833562	0
11.2901	0.0175603	147.223	0.834586	0
11.2365	0.0176797	148.559	0.842437	0
11.2707	0.0176724	145.486	0.850288	0
11.3044	0.0175615	148.676	0.845168	0
11.2586	0.0179148	147.123	0.822298	0
11.2547	0.017544	148.86	0.819226	0
11.3035	0.0180657	147.407	0.838682	0
11.2812	0.0181917	147.307	0.840389	0
11.2407	0.0179456	146.906	0.829466	0
11.2645	0.0179497	146.255	0.808303	0
11.2728	0.0175819	147.608	0.830832	0
11.276	0.0177883	147.658	0.831514	0
11.2898	0.0175244	147.207	0.822298	0
11.2952	0.0174819	148.025	0.832197	0
11.2871	0.0179164	145.002	0.833221	0
11.2431	0.0174356	145.72	0.826735	0
11.2411	0.0177239	146.772	0.830832	0
11.2727	0.0176987	147.574	0.833221	0
11.2883	0.0178035	146.956	0.811034	0
11.3015	0.0174731	148.192	0.842437	0
11.2871	0.0181308	147.641	0.842779	0
11.2542	0.0178586	148.559	0.839365	0
11.2597	0.0174769	148.058	0.840389	0
11.3038	0.0179438	147.273	0.831173	0
11.2969	0.0176717	146.839	0.83049	0
11.2656	0.0177624	148.359	0.807279	0
11.2646	0.0176073	147.023	0.819909	0
11.2712	0.0180225	148.309	0.833904	0
11.259	0.0177771	147.758	0.841413	0
11.2629	0.0172576	147.758	0.834928	0
11.2793	0.0174414	147.674	0.801817	0
11.2809	0.0179831	146.522	0.819567	0
11.277	0.0176028	146.689	0.816836	0
11.2682	0.0178491	147.724	0.821615	0
11.2766	0.0175795	148.977	0.836293	0
11.2936	0.0181172	147.875	0.850288	0
11.271	0.018229	147.474	0.819226	0
11.2317	0.0178023	146.188	0.834928	0
11.25	0.0175046	147.641	0.836634	0
11.3116	0.0176414	148.76	0.828783	0
11.3025	0.0179124	147.39	0.829808	0
11.2644	0.0183932	147.758	0.83049	0
11.2769	0.0178422	146.823	0.824005	0
11.2683	0.0172403	148.342	0.832538	0
11.2632	0.0176273	146.572	0.83049	0
11.289	0.0178238	146.154	0.824005	0
11.292	0.0175545	147.825	0.86087	0
11.266	0.0179469	147.207	0.818543	0
11.2691	0.0179076	148.058	0.813423	0
11.2793	0.0178541	147.491	0.827418	0
11.2642	0.0180291	147.641	0.827077	0
11.2658	0.0178441	146.489	0.81786	0
11.2737	0.0177006	149.244	0.849947	0
11.2679	0.0181205	148.058	0.830832	0
11.2692	0.0175509	149.411	0.833904	0
11.2874	0.0179398	147.223	0.814106	0
11.2856	0.017844	147.34	0.819226	0
11.2604	0.0177942	146.823	0.849605	0
11.2362	0.0178275	147.891	0.834245	0
11.2649	0.0176887	146.873	0.830832	0
11.2861	0.0178951	147.658	0.827077	0
11.2528	0.0174605	147.891	0.851995	0
11.2636	0.0177926	148.058	0.818543	0
11.2844	0.0174899	149.044	0.842437	0
11.238	0.0178244	148.225	0.811375	0
11.2458	0.0175028	147.073	0.829125	0
11.2674	0.0176497	147.608	0.834928	0
11.2668	0.0178613	147.541	0.821957	0
11.2862	0.0174186	145.954	0.821615	0
11.2787	0.0176358	148.576	0.822981	0
11.2701	0.0181268	147.958	0.837658	0
11.2879	0.0181163	146.889	0.831173	0
11.2949	0.0177279	147.658	0.806596	0
11.2941	0.0177362	149.111	0.831173	0
11.285	0.0177998	146.622	0.83288	0
11.2734	0.0176243	148.944	0.829125	0
11.2782	0.017941	147.858	0.813764	0
11.2721	0.0176063	148.025	0.822298	0
11.2643	0.0175692	148.259	0.833562	0
11.2877	0.0180981	148.626	0.841413	0
11.2988	0.0184969	146.873	0.81001	0
11.2872	0.0185293	149.077	0.841413	0
11.2853	0.0182204	147.056	0.835952	0
11.2879	0.0178045	149.244	0.836976	0
11.309	0.0182612	148.292	0.848923	0
11.2889	0.0175002	148.192	0.838	0
11.2373	0.0174218	146.873	0.827418	0
11.2537	0.017811	147.173	0.852678	0
11.2859	0.0177328	147.608	0.84312	0
11.2783	0.0176747	149.378	0.839706	0
11.2512	0.0180602	147.207	0.826735	0
11.2493	0.0181725	147.791	0.831856	0
11.2665	0.0179356	148.894	0.833221	0
11.2562	0.0173488	148.025	0.835269	0
11.2529	0.0177949	146.672	0.839024	0
11.2624	0.0182029	146.372	0.828783	0
11.2604	0.0178024	149.729	0.825029	0
11.2639	0.0177114	147.574	0.842437	0
11.2569	0.0181472	146.689	0.824346	0
11.2572	0.0178911	148.493	0.854043	0
11.2583	0.0180062	148.159	0.82537	0
11.2638	0.0173001	147.691	0.835269	0
11.2766	0.0176492	148.042	0.826735	0
11.2766	0.0177185	146.889	0.819909	0
11.27	0.0181769	147.591	0.82537	0
11.2611	0.0180013	148.509	0.827418	0
11.2512	0.0176609	148.743	0.842096	0
11.2538	0.0185083	147.441	0.830149	0
11.2629	0.0179435	148.342	0.838341	0
11.2596	0.0175203	148.459	0.841413	0
11.2949	0.017344	147.324	0.825711	0
11.3185	0.0176833	147.056	0.814106	0
11.276	0.0179332	146.706	0.813082	0
11.2384	0.0175302	148.058	0.842096	0
11.254	0.0179674	147.207	0.834245	0
11.2794	0.0177257	147.641	0.81001	0
11.2526	0.0171113	147.975	0.824687	0
11.2309	0.0175019	147.04	0.839024	0
11.2626	0.0172594	147.491	0.812399	0
11.2914	0.017271	147.474	0.798063	0
11.2794	0.0174836	147.624	0.822298	0
11.2533	0.0179881	147.841	0.813082	0
11.2707	0.017859	147.407	0.832538	0
11.3034	0.0180354	147.624	0.844827	0
11.2966	0.0177608	147.858	0.843461	0
11.2671	0.0176454	147.24	0.839365	0
11.2835	0.0175765	147.307	0.837658	0
11.2813	0.0173733	146.639	0.838682	0
11.2443	0.0174399	148.242	0.840731	0
11.2896	0.0179191	146.639	0.85848	0
11.3237	0.0176775	148.225	0.838	0
11.2744	0.0175997	147.123	0.818543	0
11.2715	0.0175654	149.244	0.838341	0
11.303	0.0179176	147.307	0.839024	0
11.2987	0.0176786	148.309	0.85575	0
11.2823	0.0178495	148.91	0.816836	0
11.2908	0.0175732	146.121	0.817519	0
11.283	0.0176989	148.276	0.81786	0
11.2528	0.018006	147.457	0.839024	0
11.2901	0.0178797	147.19	0.828101	0
11.3019	0.0179719	148.526	0.824346	0
11.2586	0.0176819	145.47	0.811375	0
11.2645	0.0175802	146.956	0.844827	0
11.2755	0.0176606	145.787	0.827418	0
11.2732	0.0182037	149.628	0.829808	0
11.2803	0.0178297	148.443	0.837317	0
11.2826	0.0181978	147.775	0.839365	0
11.2919	0.0180837	147.24	0.826394	0
11.2717	0.0183943	146.422	0.828783	0
11.2342	0.0176687	148.392	0.85336	0
11.2821	0.018142	148.008	0.834245	0
11.301	0.017518	147.257	0.840389	0
11.2547	0.0174831	148.225	0.840048	0
11.2625	0.0175157	146.338	0.833904	0
11.2901	0.0179308	146.071	0.826394	0
11.2895	0.0179532	148.392	0.84312	0
11.271	0.0178759	147.491	0.833904	0
11.2612	0.0175415	148.526	0.820591	0
11.2482	0.0176203	146.322	0.8025	0
11.2591	0.0174659	147.257	0.822981	0
11.2697	0.0177723	147.507	0.830149	0
11.2751	0.0179109	147.524	0.831173	0
11.2858	0.0178437	148.259	0.840731	0
11.2622	0.0177418	149.244	0.825711	0
11.2515	0.0174789	147.658	0.840048	0
11.2817	0.0177998	147.557	0.828101	0
11.2981	0.0176873	147.491	0.824346	0
11.2726	0.0175303	148.376	0.855408	0
11.2658	0.0178687	148.125	0.844485	0
11.2813	0.0177365	147.674	0.813764	0
11.2933	0.0180956	148.058	0.836293	0
11.2779	0.0179204	147.374	0.84312	0
11.2554	0.0176726	148.376	0.809327	0
11.2511	0.0170983	148.626	0.834928	0
11.245	0.0173895	146.489	0.822639	0
11.2629	0.0175827	148.96	0.809668	0
11.2591	0.0175992	148.927	0.819226	0
11.2451	0.0172996	147.574	0.819567	0
11.2619	0.0176112	147.04	0.817178	0
11.268	0.0177124	148.944	0.850629	0
11.256	0.0178215	147.04	0.82537	0
11.2558	0.0175651	148.192	0.842779	0
11.265	0.0177661	147.541	0.833562	0
11.2732	0.0178608	147.691	0.858139	0
11.2796	0.017577	147.324	0.831856	0
11.2564	0.0171957	148.326	0.847899	0
11.2793	0.0179306	147.023	0.837317	0
11.3037	0.0180262	147.674	0.818543	0
11.2568	0.0180765	147.875	0.833562	0
11.2055	0.0175638	148.292	0.823322	0
11.2417	0.0184904	147.357	0.823322	0
11.2703	0.0185665	147.34	0.821274	0
11.2401	0.018029	146.873	0.829466	0
11.2564	0.0175786	148.994	0.825029	0
11.2982	0.0178231	147.557	0.814447	0
11.2742	0.0176618	147.507	0.824005	0
11.2367	0.0183932	146.789	0.819567	0
11.2658	0.0181321	148.426	0.84312	0
11.2951	0.0176088	148.125	0.83288	0
11.2823	0.0176091	147.875	0.834928	0
11.2633	0.0180116	147.424	0.833221	0
11.2602	0.0174117	147.958	0.81001	0
11.2685	0.017425	146.772	0.849264	0
11.2555	0.018152	147.624	0.846192	0
11.2626	0.017854	148.693	0.828442	0
11.3009	0.0182385	146.355	0.831173	0
11.2867	0.0175994	146.522	0.83288	0
11.2544	0.0175038	147.708	0.843461	0
11.2576	0.0180561	147.942	0.856774	0
11.2984	0.0181118	147.006	0.822298	0
11.3035	0.0179556	146.923	0.803865	0
11.2937	0.0180363	149.161	0.836293	0
11.301	0.0177314	146.99	0.841755	0
11.2831	0.0178287	147.09	0.838	0
11.2781	0.0178405	147.608	0.825029	0
11.2839	0.0181701	147.808	0.83288	0
11.3133	0.0177724	147.758	0.831173	0
11.3112	0.017961	149.094	0.827077	0
11.2612	0.0179072	147.023	0.806596	0
11.2713	0.01822	147.674	0.846533	0
11.2807	0.0177983	147.19	0.848923	0
11.2581	0.0175715	147.04	0.83288	0
11.2832	0.0177334	149.044	0.820591	0
11.2934	0.0181194	147.942	0.844827	0
11.2643	0.01789	147.942	0.844827	0
11.2631	0.017775	148.526	0.809327	0
11.2618	0.018348	146.622	0.844144	0
11.2579	0.0182504	147.591	0.828783	0
11.2578	0.0175002	147.524	0.834586	0
11.2645	0.0179219	146.939	0.845168	0
11.2678	0.0178274	147.441	0.83288	0
11.2584	0.0180058	147.173	0.832538	0
11.2845	0.0180398	147.491	0.846533	0
11.2909	0.0177097	147.574	0.808986	0
11.2453	0.0173772	147.307	0.82537	0
11.2588	0.0178439	147.641	0.842096	0
11.2927	0.0180267	148.359	0.842096	0
11.2613	0.0179087	147.04	0.821957	0
11.245	0.0177642	147.541	0.831173	0
11.2662	0.0173741	147.19	0.830832	0
11.2624	0.0176059	148.459	0.838682	0
11.2776	0.0176167	147.724	0.839706	0
11.2946	0.0173052	146.839	0.836976	0
11.2779	0.0177995	147.574	0.824687	0
11.2805	0.0180326	148.793	0.823663	0
11.2991	0.0178349	147.24	0.814788	0
11.2681	0.0174119	147.157	0.829125	0
11.2781	0.0171399	148.309	0.828783	0
11.3125	0.0173381	147.19	0.846875	0
11.2779	0.0178398	146.706	0.824005	0
11.2356	0.0177654	148.359	0.849947	0
11.2485	0.0178386	148.376	0.840048	0
11.2672	0.0173714	145.67	0.832197	0
11.247	0.017639	148.76	0.824005	0
11.2433	0.0173469	149.278	0.828442	0
11.2408	0.0176292	146.806	0.838682	0
11.2518	0.0177827	149.562	0.849947	0
11.2778	0.0174843	149.111	0.821957	0
11.2521	0.017856	147.123	0.838341	0
11.2391	0.0179557	146.656	0.831856	0
11.2615	0.0180092	147.123	0.834245	0
11.2582	0.0175257	146.956	0.832197	0
11.2581	0.0174278	148.359	0.832538	0
11.2684	0.0176694	147.491	0.829466	0
11.2574	0.0177386	146.455	0.841413	0
11.2553	0.0177948	147.942	0.821274	0
11.2723	0.0178135	147.708	0.839024	0
11.2752	0.0176195	146.789	0.837317	0
11.253	0.0177652	147.724	0.836634	0
11.2473	0.0180883	148.159	0.847557	0
11.2629	0.017877	147.424	0.859163	0
11.2652	0.0180332	147.925	0.821957	0
11.2472	0.0177863	147.09	0.842437	0
11.2628	0.0180094	146.021	0.832538	0
11.2756	0.0176477	147.724	0.829125	0
11.2541	0.0176659	147.056	0.850629	0
11.2563	0.017939	147.942	0.822981	0
11.3013	0.0179049	148.259	0.808986	0
11.3119	0.0175618	147.858	0.839365	0
11.2762	0.0179284	149.228	0.815812	0
11.2823	0.0180614	147.891	0.825029	0
11.2755	0.0174905	147.257	0.829808	0
11.2429	0.0177735	146.572	0.847557	0
11.2609	0.017637	146.789	0.848923	0
11.2632	0.0178049	148.025	0.837317	0
11.241	0.017978	147.608	0.829125	0
11.2464	0.017645	147.641	0.828442	0
11.2447	0.0181365	148.175	0.845168	0
11.2616	0.0175035	147.758	0.848581	0
11.2961	0.0173162	147.758	0.823663	0
11.291	0.0180732	147.758	0.83561	0
11.2732	0.0178929	148.743	0.850971	0
11.2562	0.0175463	147.708	0.829466	0
11.2506	0.0175644	146.372	0.81786	0
11.2853	0.0179291	147.591	0.821957	0
11.2821	0.0176831	148.259	0.828783	0
11.246	0.01752	147.073	0.84312	0
11.2425	0.0173733	147.674	0.846875	0
11.2621	0.0178868	147.541	0.838341	0
11.255	0.0172502	147.708	0.847557	0
11.2275	0.0175846	148.008	0.811716	0
11.2402	0.0172839	148.342	0.834586	0
11.2927	0.0178002	147.441	0.848923	0
11.3097	0.0181177	148.376	0.838	0
11.288	0.0177154	147.591	0.808644	0
11.2713	0.0180129	148.459	0.842096	0
11.2756	0.0176867	147.574	0.847899	0
11.2501	0.0177718	147.424	0.815471	0
11.2289	0.0176916	147.424	0.82025	0
11.2707	0.0178726	148.509	0.824346	0
11.2971	0.0184924	148.175	0.825711	0
11.2797	0.0173221	147.29	0.845168	0
11.2699	0.0178388	146.238	0.846875	0
11.2675	0.0173304	148.225	0.846875	0
11.2581	0.0177375	146.789	0.855408	0
11.2519	0.0176932	148.342	0.853019	0
11.2513	0.0182378	146.739	0.818202	0
11.2669	0.01826	148.409	0.843803	0
11.2895	0.0182294	148.209	0.840389	0
11.2645	0.0178197	147.724	0.828442	0
11.2338	0.0173117	148.175	0.824005	0
11.2619	0.0174077	146.656	0.821957	0
11.3024	0.0179066	147.374	0.836634	0
11.3115	0.0181825	148.259	0.791577	0
11.2672	0.0178392	149.261	0.812399	0
11.2433	0.0176395	147.658	0.821274	0
11.2661	0.0179679	147.574	0.829466	0
11.2695	0.01747	147.741	0.846875	0
11.2632	0.0173976	146.889	0.845168	0
11.2694	0.0176776	147.758	0.827759	0
11.2648	0.0178217	147.023	0.831856	0
11.2624	0.0178853	149.862	0.822981	0
11.2601	0.0174716	147.04	0.809668	0
11.2527	0.0175006	147.775	0.835269	0
11.2581	0.0173567	146.472	0.827418	0
11.2865	0.018145	148.793	0.829125	0
11.2814	0.0179698	147.073	0.81786	0
11.2593	0.0178104	147.557	0.831173	0
11.2559	0.017694	147.557	0.827759	0
11.2469	0.0181008	148.058	0.820591	0
11.2711	0.017694	147.674	0.81513	0
11.2811	0.0177555	147.34	0.801476	0
11.2437	0.0180848	146.706	0.843803	0
11.2549	0.0176322	147.324	0.819909	0
11.2756	0.0176332	148.242	0.83288	0
11.2756	0.0177483	148.927	0.836634	0
11.271	0.0172556	148.76	0.817519	0
11.2681	0.0178493	146.973	0.825029	0
11.2876	0.0182495	148.242	0.839024	0
11.2994	0.0179122	147.891	0.830149	0
11.2926	0.0175418	146.973	0.857456	0
11.2525	0.0175825	147.724	0.848581	0
11.2549	0.01768	147.975	0.821957	0
11.2989	0.0172729	148.326	0.803865	0
11.2706	0.0172665	147.658	0.81001	0
11.2504	0.0175923	147.908	0.827759	0
11.2835	0.0180788	147.09	0.839706	0
11.2929	0.0179887	146.906	0.825711	0
11.257	0.0179074	147.14	0.828783	0
11.233	0.0178452	146.823	0.839365	0
11.2407	0.0179056	147.808	0.848581	0
11.2823	0.0182088	148.91	0.837317	0
11.2901	0.0178217	148.109	0.834245	0
11.2592	0.01756	147.775	0.845509	0
11.273	0.018148	147.808	0.833221	0
11.283	0.0177228	146.539	0.822298	0
11.2611	0.017987	149.027	0.82537	0
11.2563	0.0172973	146.722	0.83561	0
11.253	0.0177808	147.273	0.827759	0
11.2587	0.017623	147.491	0.833904	0
11.2728	0.0181902	148.526	0.846533	0
11.2727	0.017823	147.207	0.834928	0
11.2574	0.0180824	149.278	0.843461	0
11.2595	0.0178117	149.762	0.821615	0
11.2781	0.0171923	148.66	0.805231	0
11.2587	0.0173337	146.088	0.846533	0
11.2703	0.0176745	146.138	0.829808	0
11.2875	0.0182156	147.257	0.823322	0
11.2576	0.0180839	146.505	0.837317	0
11.2599	0.0176461	147.056	0.820933	0
11.2942	0.0178131	149.478	0.822639	0
11.2899	0.018204	147.524	0.822981	0
11.2504	0.0174525	148.192	0.81513	0
11.2529	0.0178539	147.624	0.82025	0
11.291	0.0176815	147.24	0.840048	0
11.3002	0.0178191	149.244	0.816495	0
11.2941	0.018011	147.257	0.848581	0
11.2764	0.0176536	148.543	0.839024	0
11.2704	0.0179455	145.937	0.829466	0
11.2465	0.0179122	147.758	0.831173	0
11.2282	0.0175571	147.307	0.83561	0
11.2417	0.0177299	146.889	0.835952	0
11.2639	0.0178575	147.808	0.826394	0
11.2871	0.0173001	148.342	0.828101	0
11.2731	0.017511	146.472	0.823322	0
11.2618	0.0180786	148.159	0.808986	0
11.2734	0.0179631	147.958	0.843461	0
11.2719	0.0177497	147.741	0.813423	0
11.2502	0.0178748	147.942	0.828783	0
11.2536	0.0176146	147.491	0.83561	0
11.2613	0.0175714	147.975	0.807279	0
11.2596	0.0174619	148.693	0.829808	0
11.2716	0.0184311	147.708	0.83288	0
11.2769	0.0179846	148.76	0.80762	0
11.3059	0.0176151	148.81	0.834245	0
11.313	0.017626	146.973	0.838341	0
11.2727	0.0176881	147.825	0.81274	0
11.2597	0.0177822	147.056	0.816495	0
11.2588	0.0174208	146.555	0.846533	0
11.2581	0.0173091	147.491	0.842779	0
11.2411	0.0179103	146.355	0.84312	0
11.2535	0.0179647	147.791	0.840389	0
11.2618	0.0174127	149.144	0.831514	0
11.2605	0.0171479	146.672	0.842779	0
11.2572	0.0177159	146.873	0.837658	0
11.2309	0.0176278	146.973	0.833904	0
11.2689	0.0177005	146.973	0.819909	0
11.3055	0.0183717	147.357	0.843803	0
11.2801	0.0178603	147.658	0.819226	0
11.2685	0.0179887	149.211	0.835269	0
11.2748	0.0178731	148.359	0.814788	0
11.2609	0.0176782	147.457	0.802841	0
11.2602	0.0179747	146.422	0.836293	0
11.2792	0.0180779	146.656	0.821957	0
11.2572	0.0180962	147.741	0.834245	0
11.2494	0.017862	147.691	0.847899	0
11.2774	0.01807	147.023	0.822981	0
11.2909	0.0176844	147.407	0.801476	0
11.2667	0.0181248	147.507	0.843803	0
11.2557	0.0176601	147.708	0.842779	0
11.2851	0.017931	146.722	0.813082	0
11.2703	0.017855	146.806	0.857456	0
11.2427	0.0176284	147.958	0.833562	0
11.2523	0.0176463	147.29	0.807961	0
11.2513	0.0175457	147.507	0.828442	0
11.2639	0.0175384	149.144	0.831856	0
11.2978	0.0174571	148.443	0.844827	0
11.2819	0.0181076	147.39	0.839365	0
11.2422	0.0178085	148.008	0.831173	0
11.2664	0.017823	148.142	0.821615	0
11.2919	0.0176458	147.207	0.82025	0
11.2614	0.018395	147.708	0.819226	0
11.2472	0.0180775	146.772	0.837658	0
11.2617	0.0176494	147.407	0.827418	0
11.2632	0.0180016	148.075	0.810692	0
11.2713	0.017878	147.424	0.82025	0
11.2646	0.0174742	148.877	0.852336	0
11.2718	0.017683	147.908	0.817519	0
11.2972	0.0173696	146.906	0.836976	0
11.2601	0.01791	147.624	0.832197	0
11.2431	0.0172742	147.507	0.821274	0
11.2769	0.0177631	148.209	0.830149	0
11.2644	0.0178767	147.056	0.846192	0
11.2715	0.0181436	147.708	0.840389	0
11.2897	0.0180444	147.273	0.825711	0
11.247	0.0174603	149.562	0.844144	0
11.2387	0.0174729	147.741	0.823322	0
11.2523	0.01749	147.808	0.827077	0
11.249	0.0178946	148.359	0.813082	0
11.2683	0.0179616	148.944	0.83049	0
11.2726	0.0177636	146.973	0.811375	0
11.2544	0.0174166	146.722	0.831514	0
11.2649	0.0180394	148.058	0.842779	0
11.2625	0.0180625	148.593	0.846192	0
11.239	0.0175049	148.242	0.838341	0
11.2777	0.0178295	148.476	0.83561	0
11.2999	0.0177011	148.225	0.844144	0
11.251	0.0177504	146.956	0.831514	0
11.2476	0.0175767	149.294	0.847899	0
11.2793	0.0173673	148.626	0.81786	0
11.2836	0.017863	148.392	0.819226	0
11.2789	0.0177315	147.708	0.820933	0
11.2714	0.0178982	147.758	0.813764	0
11.2719	0.0175257	144.952	0.822981	0
11.2625	0.0179456	148.042	0.82025	0
11.257	0.0176817	146.121	0.832538	0
11.2524	0.0178698	147.724	0.839365	0
11.2454	0.0170291	147.19	0.828442	0
11.2455	0.0180528	145.002	0.813082	0
11.2518	0.0181205	146.772	0.834586	0
11.2668	0.018198	147.925	0.84824	0
11.2639	0.017503	146.906	0.847899	0
11.229	0.0175843	147.541	0.827418	0
11.2337	0.0175188	147.29	0.824005	0
11.2789	0.0177898	147.357	0.817519	0
11.3016	0.0180973	146.99	0.82025	0
11.2695	0.0177137	147.407	0.852336	0
11.2587	0.0183415	147.825	0.836634	0
11.2839	0.017879	148.259	0.836976	0
11.2716	0.0176466	147.624	0.831514	0
11.2511	0.0177394	147.724	0.832197	0
11.2604	0.0177108	149.111	0.815812	0
11.2677	0.017687	148.376	0.838682	0
11.2881	0.0177269	148.509	0.82537	0
11.3082	0.0175909	147.825	0.822639	0
11.2934	0.0177673	148.192	0.83049	0
11.2669	0.0182329	145.704	0.840731	0
11.2475	0.0174588	146.338	0.797038	0
11.2461	0.017873	147.574	0.815812	0
11.2714	0.0179293	146.956	0.835952	0
11.2765	0.0176671	146.589	0.824687	0
11.2639	0.0179409	148.443	0.821615	0
11.2743	0.0180591	148.242	0.85848	0
11.2658	0.0177256	146.99	0.829808	0
11.238	0.0174326	146.939	0.826394	0
11.2467	0.0183062	146.121	0.834586	0
11.2652	0.0179528	146.839	0.854726	0
11.2644	0.0176875	147.624	0.830149	0
11.2475	0.0174935	146.639	0.823663	0
11.2306	0.0178257	147.29	0.827077	0
11.2419	0.0179281	147.791	0.845509	0
11.265	0.0178449	147.257	0.840389	0
11.2717	0.0180495	147.374	0.829808	0
11.2649	0.0174523	148.543	0.839024	0
11.2531	0.0179824	146.021	0.814447	0
11.2643	0.0176718	147.223	0.849264	0
11.2678	0.0172196	147.441	0.836293	0
11.2386	0.017632	148.693	0.824687	0
11.2261	0.0174643	147.173	0.831514	0
11.2588	0.0180855	145.904	0.831514	0
11.2604	0.0182057	146.622	0.822298	0
11.2344	0.0177614	147.791	0.84312	0
11.2858	0.0178519	148.894	0.83049	0
11.2881	0.0178074	148.342	0.835269	0
11.2091	0.017518	147.14	0.828442	0
11.2229	0.0174797	147.457	0.848581	0
11.2874	0.0179082	146.472	0.829125	0
11.2702	0.0182673	147.357	0.842437	0
11.2324	0.0178843	149.194	0.85336	0
11.2651	0.017902	146.889	0.841413	0
11.279	0.0179835	149.027	0.840731	0
11.257	0.0176718	147.29	0.810692	0
11.2582	0.0177925	147.307	0.839024	0
11.2653	0.0175775	148.058	0.814447	0
11.2599	0.0179861	147.624	0.812058	0
11.2492	0.0181991	146.99	0.834245	0
11.2423	0.0177153	147.891	0.835269	0
11.2719	0.0171812	147.741	0.850971	0
11.2823	0.0177152	146.305	0.836293	0
11.2665	0.0181706	149.712	0.810351	0
11.2733	0.017461	148.209	0.824005	0
11.2898	0.0175293	147.741	0.85336	0
11.2776	0.0178579	148.342	0.826735	0
11.2673	0.0180411	147.758	0.817519	0
11.2586	0.0181678	145.119	0.839365	0
11.25	0.0179015	148.86	0.826394	0
11.2802	0.0176168	147.006	0.819909	0
11.2942	0.018379	148.409	0.85575	0
11.2678	0.0177773	148.643	0.833562	0
11.2528	0.0179282	146.589	0.824687	0
11.2567	0.0174875	147.006	0.827759	0
11.272	0.0173558	147.173	0.826053	0
11.2795	0.0174901	147.29	0.831514	0
11.2526	0.018126	146.472	0.828442	0
11.2396	0.0180275	147.641	0.814447	0
11.2716	0.0176674	150.079	0.81513	0
11.2581	0.0182446	146.789	0.84312	0
11.2384	0.0178	147.29	0.807279	0
11.2598	0.0181565	148.292	0.820933	0
11.2581	0.0174722	147.207	0.854043	0
11.2639	0.0178326	148.159	0.805572	0
11.2764	0.0179538	147.407	0.834928	0
11.2668	0.0176724	148.042	0.821274	0
11.2621	0.017142	147.507	0.826394	0
11.2594	0.01818	147.791	0.809668	0
0	0	0	0	0
0	0	0	0	0
0	0	0	0	0
0	0	0	0	0
0	0	0	0	0
0	0	0	0	0
0	0	0	0	0
0	0	0	0	0
0	0	0	0	0
0	0	0	0	0
0	0	0	0	0
0	0	0	0	0
0	0	0	0	0
0	0	0	0	0
0	0	0	0	0
0	0	0	0	0
0	0	0	0	0
0	0	0	0	0
0	0	0	0	0
0	0	0	0	0
0	0	0	0	0
0	0	0	0	0
0	0	0	0	0
0	0	0	0	0
0	0	0	0	0
0	0	0	0	0
0	0	0	0	0
0	0	0	0	0
0	0	0	0	0
0	0	0	0	0
0	0	0	0	0
0	0	0	0	0
0	0	0	0	0
0	0	0	0	0
0	0	0	0	0
0	0	0	0	0
0	0	0	0	0
0	0	0	0	0
0	0	0	0	0
0	0	0	0	0
0	0	0	0	0
0	0	0	0	0
0	0	0	0	0
0	0	0	0	0
0	0	0	0	0
0	0	0	0	0
0	0	0	0	0
0	0	0	0	0
0	0	0	0	0
0	0	0	0	0
0	0	0	0	0
0	0	0	0	0
0	0	0	0	0
0	0	0	0	0
0	0	0	0	0
0	0	0	0	0
0	0	0	0	0
0	0	0	0	0
0	0	0	0	0
0	0	0	0	0
0	0	0	0	0
0	0	0	0	0
0	0	0	0	0
0	0	0	0	0
0	0	0	0	0
0	0	0	0	0
0	0	0	0	0
0	0	0	0	0
0	0	0	0	0
0	0	0	0	0
0	0	0	0	0
0	0	0	0	0
0	0	0	0	0
0	0	0	0	0
0	0	0	0	0
0	0	0	0	0
0	0	0	0	0
0	0	0	0	0
0	0	0	0	0
0	0	0	0	0
0	0	0	0	0
0	0	0	0	0
0	0	0	0	0
0	0	0	0	0
0	0	0	0	0
0	0	0	0	0
0	0	0	0	0
0	0	0	0	0
0	0	0	0	0
0	0	0	0	0
0	0	0	0	0
0	0	0	0	0
0	0	0	0	0
0	0	0	0	0
0	0	0	0	0
0	0	0	0	0
0	0	0	0	0
0	0	0	0	0
0	0	0	0	0
0	0	0	0	0
0	0	0	0	0
0	0	0	0	0
0	0	0	0	0
0	0	0	0	0
0	0	0	0	0
0	0	0	0	0
0	0	0	0	0
0	0	0	0	0
0	0	0	0	0
0	0	0	0	0
0	0	0	0	0
0	0	0	0	0
0	0	0	0	0
0	0	0	0	0
0	0	0	0	0
0	0	0	0	0
0	0	0	0	0
0	0	0	0	0
0	0	0	0	0
0	0	0	0	0
0	0	0	0	0
0	0	0	0	0
0	0	0	0	0
0	0	0	0	0
0	0	0	0	0
0	0	0	0	0
0	0	0	0	0
0	0	0	0	0
0	0	0	0	0
0	0	0	0	0
0	0	0	0	0
0	0	0	0	0
0	0	0	0	0
0	0	0	0	0
0	0	0	0	0
0	0	0	0	0
0	0	0	0	0
0	0	0	0	0
0	0	0	0	0
0	0	0	0	0
0	0	0	0	0
0	0	0	0	0
0	0	0	0	0
0	0	0	0	0
0	0	0	0	0
0	0	0	0	0
0	0	0	0	0
0	0	0	0	0
0	0	0	0	0
0	0	0	0	0
0	0	0	0	0
0	0	0	0	0
0	0	0	0	0
0	0	0	0	0
0	0	0	0	0
0	0	0	0	0
0	0	0	0	0
0	0	0	0	0
0	0	0	0	0
0	0	0	0	0
0	0	0	0	0
0	0	0	0	0
0	0	0	0	0
0	0	0	0	0
0	0	0	0	0
0	0	0	0	0
0	0	0	0	0
0	0	0	0	0
0	0	0	0	0
0	0	0	0	0
0	0	0	0	0
0	0	0	0	0
0	0	0	0	0
0	0	0	0	0
0	0	0	0	0
0	0	0	0	0
0	0	0	0	0
0	0	0	0	0
0	0	0	0	0
0	0	0	0	0
0	0	0	0	0
0	0	0	0	0
0	0	0	0	0
0	0	0	0	0
0	0	0	0	0
0	0	0	0	0
0	0	0	0	0
0	0	0	0	0
0	0	0	0	0
0	0	0	0	0
0	0	0	0	0
0	0	0	0	0
0	0	0	0	0
0	0	0	0	0
0	0	0	0	0
0	0	0	0	0
0	0	0	0	0
0	0	0	0	0
0	0	0	0	0
0	0	0	0	0
0	0	0	0	0
0	0	0	0	0
0	0	0	0	0
0	0	0	0	0
0	0	0	0	0
0	0	0	0	0
0	0	0	0	0
0	0	0	0	0
0	0	0	0	0
0	0	0	0	0
0	0	0	0	0
0	0	0	0	0
0	0	0	0	0
0	0	0	0	0
0	0	0	0	0
0	0	0	0	0
0	0	0	0	0
0	0	0	0	0
0	0	0	0	0
0	0	0	0	0
0	0	0	0	0
0	0	0	0	0
0	0	0	0	0
0	0	0	0	0
0	0	0	0	0
0	0	0	0	0
0	0	0	0	0
0	0	0	0	0
0	0	0	0	0
0	0	0	0	0
0	0	0	0	0
0	0	0	0	0
0	0	0	0	0
0	0	0	0	0
0	0	0	0	0
0	0	0	0	0
0	0	0	0	0
0	0	0	0	0
0	0	0	0	0
0	0	0	0	0
0	0	0	0	0
0	0	0	0	0
0	0	0	0	0
0	0	0	0	0
0	0	0	0	0
0	0	0	0	0
0	0	0	0	0
0	0	0	0	0
0	0	0	0	0
0	0	0	0	0
0	0	0	0	0
0	0	0	0	0
0	0	0	0	0
0	0	0	0	0
0	0	0	0	0
0	0	0	0	0
0	0	0	0	0
0	0	0	0	0
0	0	0	0	0
0	0	0	0	0
0	0	0	0	0
0	0	0	0	0
0	0	0	0	0
0	0	0	0	0
0	0	0	0	0
0	0	0	0	0
0	0	0	0	0
0	0	0	0	0
0	0	0	0	0
0	0	0	0	0
0	0	0	0	0
0	0	0	0	0
0	0	0	0	0
0	0	0	0	0
0	0	0	0	0
0	0	0	0	0
0	0	0	0	0
0	0	0	0	0
0	0	0	0	0
0	0	0	0	0
0	0	0	0	0
0	0	0	0	0
0	0	0	0	0
0	0	0	0	0
0	0	0	0	0
0	0	0	0	0
0	0	0	0	0
0	0	0	0	0
0	0	0	0	0
0	0	0	0	0
0	0	0	0	0
0	0	0	0	0
0	0	0	0	0
0	0	0	0	0
0	0	0	0	0
0	0	0	0	0
0	0	0	0	0
0	0	0	0	0
0	0	0	0	0
0	0	0	0	0
0	0	0	0	0
0	0	0	0	0
0	0	0	0	0
0	0	0	0	0
0	0	0	0	0
0	0	0	0	0
0	0	0	0	0
0	0	0	0	0
0	0	0	0	0
0	0	0	0	0
0	0	0	0	0
0	0	0	0	0
0	0	0	0	0
0	0	0	0	0
0	0	0	0	0
0	0	0	0	0
0	0	0	0	0
0	0	0	0	0
0	0	0	0	0
0	0	0	0	0
0	0	0	0	0
0	0	0	0	0
0	0	0	0	0
0	0	0	0	0
0	0	0	0	0
0	0	0	0	0
0	0	0	0	0
0	0	0	0	0
0	0	0	0	0
0	0	0	0	0
0	0	0	0	0
0	0	0	0	0
0	0	0	0	0
0	0	0	0	0
0	0	0	0	0
0	0	0	0	0
0	0	0	0	0
0	0	0	0	0
0	0	0	0	0
0	0	0	0	0
0	0	0	0	0
0	0	0	0	0
0	0	0	0	0
0	0	0	0	0
0	0	0	0	0
0	0	0	0	0
0	0	0	0	0
0	0	0	0	0
0	0	0	0	0
0	0	0	0	0
0	0	0	0	0
0	0	0	0	0
0	0	0	0	0
0	0	0	0	0
0	0	0	0	0
0	0	0	0	0
0	0	0	0	0
0	0	0	0	0
0	0	0	0	0
0	0	0	0	0
0	0	0	0	0
0	0	0	0	0
0	0	0	0	0
0	0	0	0	0
0	0	0	0	0
0	0	0	0	0
0	0	0	0	0
0	0	0	0	0
0	0	0	0	0
0	0	0	0	0
0	0	0	0	0
0	0	0	0	0
0	0	0	0	0
0	0	0	0	0
0	0	0	0	0
0	0	0	0	0
0	0	0	0	0
0	0	0	0	0
0	0	0	0	0
0	0	0	0	0
0	0	0	0	0
0	0	0	0	0
0	0	0	0	0
0	0	0	0	0
0	0	0	0	0
0	0	0	0	0
0	0	0	0	0
0	0	0	0	0
0	0	0	0	0
0	0	0	0	0
0	0	0	0	0
0	0	0	0	0
0	0	0	0	0
0	0	0	0	0
0	0	0	0	0
0	0	0	0	0
0	0	0	0	0
0	0	0	0	0
0	0	0	0	0
0	0	0	0	0
