a2610818.350160
Narit-cm 08/01/2026 18:05:02 08/01/2026 18:35:01 0045 0013.384714 0052.542598 00.0 00.0
0002394 0010 0000000 0010 05 0000000 0010 0000000 0010
1 0 1 01600 1 0000 3.75 00000.o 0 0 01 000 16 002394 0.500 BT0
1 2 1 02000 1 0000 3.75 00000.o 0 0 01 000 16 002394 0.500 S2A0
1 1 1 01600 1 0000 3.75 00000.o 0 0 00 000 00 002394 3.1746 BC0
1 3 1 02000 1 0000 3.75 00000.o 0 0 00 000 00 002394 3.1746 S2P0
1 5 0 01600 0 0000 1.00 00000.o 0 0 00 000 00 000000 0.000 OF0
0.000 .o Analog 0 	0.000 .o Analog StErr 0 	0.000 .o Photon Counting 0 	0.000 .o PC StErr 0 	0.000 .o Overflow Info 0 
28.1242	0.237814	182.373	0.888392	0
60.2336	0.389997	193.35	0.878146	0
257.439	2.29331	111.93	1.34164	0
472.799	0.086498	0.685046	0.108615	0
473.457	0	0	0	0
473.457	0	0.0668338	0.047135	0
473.457	6.38441E-6	24.0602	0.70805	0
473.457	1.10098E-5	23.8931	0.695071	0
473.457	0	6.54971	0.377422	0
473.457	8.99029E-6	17.4102	0.560838	0
473.457	0	47.7026	0.832035	0
473.457	0	101.37	1.02262	0
473.457	6.38441E-6	149.841	1.07078	0
473.457	0	139.014	1.05507	0
473.457	6.38441E-6	102.941	0.977198	0
473.457	0	96.3241	0.93177	0
473.457	0	99.0309	0.968317	0
473.457	0	115.121	0.994959	0
473.457	0	130.092	0.9427	0
473.457	6.38441E-6	129.541	0.94919	0
473.457	0	127.352	0.955679	0
473.457	6.38441E-6	141.47	0.957729	0
473.457	6.38441E-6	159.733	0.96012	0
473.457	8.99029E-6	173.383	0.8901	0
473.457	0	189.039	0.907861	0
473.457	0	194.687	0.916059	0
473.457	0	200.1	0.904446	0
473.457	0	204.11	0.891808	0
473.457	0	202.874	0.887026	0
473.457	0	203.893	0.876779	0
473.457	6.38441E-6	204.678	0.886685	0
473.457	0	202.439	0.887026	0
473.457	0	203.325	0.883269	0
473.457	6.38441E-6	202.657	0.924598	0
474.401	0.0916056	201.621	0.906153	1
482.008	0.24245	201.587	0.893516	1
496.475	0.173203	200.986	0.89454	1
499.994	0.00486218	200.886	0.893174	1
500	0	203.058	0.8901	1
500	0	203.191	0.908886	1
499.751	0.0387138	199.916	0.886343	1
495.249	0.244135	202.556	0.889759	1
477.478	0.562246	202.774	0.908203	1
440.865	0.712921	201.42	0.893857	1
400.579	0.70976	201.688	0.879853	0
361.939	0.717861	200.618	0.880878	0
324.121	0.724667	203.058	0.888734	0
287.768	0.725044	203.141	0.886002	0
252.504	0.726552	203.041	0.884977	0
218.425	0.709762	200.451	0.882927	0
186.419	0.680046	201.621	0.881561	0
156.945	0.642082	202.239	0.863117	0
130.239	0.592868	201.637	0.878146	0
106.524	0.534409	200.084	0.869265	0
85.9876	0.47324	199.248	0.886002	0
68.5936	0.408837	200.251	0.877121	0
54.2151	0.345908	199.148	0.873022	0
42.573	0.290255	197.895	0.89659	0
33.3229	0.239528	195.957	0.882927	0
26.0959	0.19352	194.052	0.888051	0
20.6006	0.155055	193.768	0.856286	0
16.4859	0.123311	193.484	0.861751	0
13.3635	0.0992648	191.462	0.877463	0
11.0168	0.0795979	187.151	0.858677	0
9.3137	0.0628824	185.464	0.851163	0
8.07741	0.0519271	182.957	0.848772	0
7.09596	0.0438409	181.587	0.838525	0
6.35402	0.0374709	178.897	0.847405	0
5.81875	0.0320703	175.422	0.843648	0
5.41415	0.0281381	174.152	0.847405	0
5.106	0.025444	171.479	0.835109	0
4.86776	0.0236439	169.357	0.852187	0
4.72954	0.0220181	165.948	0.857994	1
4.62486	0.0202455	164.495	0.825204	0
4.52487	0.0193113	162.941	0.843307	0
4.4689	0.0191145	161.27	0.844673	0
4.46587	0.0189385	160.351	0.838183	0
4.49037	0.0186264	157.377	0.862092	0
4.5057	0.0181498	156.742	0.842282	0
4.49981	0.0176355	154.47	0.845698	0
4.53389	0.0170341	155.572	0.85287	0
4.60327	0.0178203	153.383	0.849455	0
4.6472	0.018037	151.963	0.858677	0
4.68996	0.0177885	150.794	0.851504	0
4.74487	0.0175182	149.574	0.845015	0
4.79393	0.017093	147.937	0.828961	0
4.82997	0.0170634	146.951	0.829303	0
4.87741	0.0165807	146.199	0.841941	0
4.92901	0.0168477	145.43	0.84399	0
4.96024	0.0163944	145.146	0.861409	0
5.01478	0.0165176	144.662	0.855603	0
5.06821	0.0161234	143.509	0.851504	0
5.09827	0.0162167	143.008	0.823155	0
5.15263	0.016419	143.091	0.840916	0
5.19775	0.0161004	140.568	0.859702	0
5.22711	0.0158243	140.551	0.836817	0
5.25714	0.0158376	138.713	0.838183	0
5.28038	0.0157204	139.733	0.840233	0
5.32592	0.0154739	138.079	0.847747	0
5.36983	0.0156488	137.828	0.856628	0
5.41006	0.0153764	137.243	0.859702	0
5.44192	0.0149604	136.124	0.847064	0
5.46489	0.0148115	135.856	0.861068	0
5.51749	0.0148493	136.124	0.866874	0
5.56749	0.0146609	134.119	0.86585	0
5.58173	0.0148878	135.305	0.846039	0
5.61243	0.0147354	133.266	0.845698	0
5.64997	0.0141697	132.949	0.850479	0
5.66927	0.0141749	132.264	0.839891	0
5.69205	0.0142166	132.297	0.838867	0
5.72372	0.0141857	130.927	0.853554	0
5.75881	0.0142128	132.448	0.848089	0
5.7765	0.0142669	130.159	0.84399	0
5.80358	0.0143845	130.51	0.844331	0
5.83131	0.0140699	129.758	0.843307	0
5.83262	0.0137925	130.827	0.846381	0
5.84376	0.0137065	129.34	0.841257	0
5.8575	0.0131043	126.249	0.850138	0
5.85792	0.0134299	127.285	0.829986	0
5.89029	0.0134886	126.65	0.851504	0
5.92282	0.0133364	126.683	0.861068	0
5.94123	0.0130708	127.736	0.850138	0
5.95201	0.0133424	124.194	0.8638	0
5.95902	0.0132123	125.597	0.861409	0
5.9637	0.012846	124.979	0.841257	0
5.96278	0.0128559	122.824	0.860726	0
5.96715	0.0127056	123.409	0.85936	0
5.99045	0.0126664	123.275	0.823838	0
6.02019	0.0124688	123.342	0.811542	0
6.03668	0.0127095	122.723	0.862434	0
6.05395	0.0126221	122.172	0.850138	0
6.07251	0.0125044	120.802	0.837159	0
6.08832	0.0127674	121.37	0.850138	0
6.11015	0.0120982	122.072	0.844331	0
6.10349	0.0125124	120.317	0.852187	0
6.08321	0.0124297	120.184	0.856628	0
6.09985	0.0123405	119.866	0.845015	0
6.12939	0.0128854	119.398	0.832377	0
6.12185	0.0119936	120.301	0.856969	0
6.11198	0.0123681	120.501	0.836134	0
6.14432	0.0122527	119.398	0.844673	0
6.17205	0.0121396	118.262	0.834426	0
6.16567	0.0121979	117.828	0.858335	0
6.15715	0.0122043	118.363	0.847747	0
6.1637	0.011735	117.878	0.864142	0
6.17728	0.011739	117.861	0.831694	0
6.18285	0.0118682	117.31	0.857652	0
6.18479	0.0119975	116.909	0.843307	0
6.19951	0.0116616	116.224	0.846722	0
6.22009	0.0116774	116.341	0.850821	0
6.21416	0.0118328	117.009	0.853554	0
6.20739	0.0118801	116.976	0.823155	0
6.21104	0.0116514	115.388	0.842624	0
6.19899	0.0113186	115.238	0.861751	0
6.18986	0.0114379	115.739	0.850479	0
6.19028	0.0116456	114.72	0.850138	0
6.18591	0.0115206	115.372	0.838183	0
6.19555	0.0112366	113.534	0.84843	0
6.20151	0.011154	113.718	0.835451	0
6.18423	0.0112721	113.116	0.851504	0
6.1741	0.0111744	112.999	0.849113	0
6.16782	0.0110214	112.899	0.845356	0
6.16346	0.0109837	112.598	0.841599	0
6.17513	0.0108588	111.963	0.832035	0
6.18286	0.011092	112.281	0.82657	0
6.15658	0.0107659	111.328	0.849455	0
6.13768	0.0111227	110.944	0.846039	0
6.13355	0.0109803	109.474	0.822472	0
6.12505	0.0109039	112.414	0.860385	0
6.1238	0.0108125	110.309	0.838183	0
6.12237	0.0106574	109.891	0.843648	0
6.10864	0.0107225	108.271	0.855944	0
6.08512	0.0108607	108.037	0.853212	0
6.07065	0.0105614	107.937	0.832035	0
6.06911	0.0104413	107.769	0.838867	0
6.06432	0.0104631	107.669	0.842965	0
6.05939	0.0104195	107.352	0.837159	0
6.05718	0.0102652	106.817	0.838183	0
6.03809	0.0102011	104.745	0.817007	0
6.01325	0.0101248	106.667	0.851846	0
6.00877	0.0103821	104.912	0.855603	0
6.00004	0.0104696	105.965	0.822472	0
5.97837	0.0101393	105.698	0.854237	0
5.96183	0.010314	103.642	0.836817	0
5.95689	0.0103272	103.008	0.827595	0
5.95659	0.0101257	104.043	0.846381	0
5.94493	0.0101473	103.275	0.827937	0
5.93153	0.00990007	100.852	0.832718	0
5.91097	0.00986111	102.523	0.830328	0
5.89421	0.0102207	102.089	0.838183	0
5.89232	0.0102397	101.52	0.840233	0
5.87798	0.00970248	100.602	0.848772	0
5.86196	0.0100458	100.351	0.83306	0
5.84265	0.00986697	98.2456	0.851504	0
5.81039	0.00970723	98.2957	0.833402	0
5.79718	0.00954567	97.4436	0.820081	0
5.79225	0.00966397	98.2122	0.845015	0
5.77457	0.00951153	97.7945	0.824521	0
5.76246	0.00961518	98.6132	0.839891	0
5.74615	0.00948476	97.0927	0.836134	0
5.73967	0.00958482	96.3409	0.829986	0
5.73316	0.00940671	97.7611	0.849113	0
5.71114	0.00947153	96.0735	0.821789	0
5.69713	0.00931628	94.787	0.851504	0
5.67514	0.0092572	92.782	0.825204	0
5.65949	0.00940886	94.787	0.818715	0
5.64787	0.00918905	92.7485	0.835792	0
5.63119	0.00938664	93.2832	0.82862	0
5.6162	0.00909882	92.3642	0.828961	0
5.60196	0.00919961	92.548	0.838867	0
5.58335	0.00894892	90.944	0.837159	0
5.56085	0.00921485	90.142	0.841941	0
5.5423	0.0090428	90.3759	0.845356	0
5.53681	0.00901628	90.1754	0.847064	0
5.51616	0.00912847	89.3233	0.849796	0
5.49529	0.00892084	88.9223	0.827595	0
5.48739	0.00895791	87.7861	0.844673	0
5.46878	0.00852651	88.5213	0.821447	0
5.45125	0.0086684	88.4211	0.843307	0
5.44934	0.00863374	87.7193	0.822813	0
5.42933	0.00852788	84.6115	0.817007	0
5.4076	0.00860097	86.5664	0.838183	0
5.40276	0.00844195	86.1821	0.820081	0
5.37869	0.00850592	84.5113	0.838867	0
5.35551	0.00854833	84.127	0.807785	0
5.34738	0.00836781	83.5088	0.811883	0
5.33607	0.00861608	83.2916	0.841257	0
5.3182	0.00819335	82.6065	0.848089	0
5.30037	0.00824416	81.3868	0.828961	0
5.28601	0.0082753	80.919	0.817007	0
5.27579	0.00832664	80.7018	0.817348	0
5.26503	0.00821217	80.685	0.844673	0
5.251	0.00821641	78.9808	0.807443	0
5.24377	0.00829309	78.1621	0.833402	0
5.2386	0.00826045	80.1337	0.815982	0
5.21455	0.00806996	78.5798	0.837159	0
5.18591	0.00815778	77.1094	0.816324	0
5.17238	0.00791999	76.1571	0.815299	0
5.1742	0.00805393	75.7561	0.815641	0
5.16668	0.00826123	75.1211	0.825546	0
5.13966	0.00773263	76.2406	0.822813	0
5.12261	0.00775888	75.8897	0.823155	0
5.12347	0.00801308	74.553	0.819398	0
5.11334	0.00794474	74.7034	0.811542	0
5.09629	0.00770533	73.7343	0.823838	0
5.07775	0.00775595	72.3141	0.810517	0
5.06242	0.00770969	73.183	0.808809	0
5.0509	0.00775087	72.548	0.816665	0
5.03468	0.0077121	70.9942	0.809834	0
5.01912	0.00757432	71.0276	0.805735	0
5.00721	0.00751139	68.8221	0.790365	0
5.00246	0.00753888	69.34	0.810176	0
4.99766	0.00764272	68.8722	0.801637	0
4.98147	0.00731477	70.4094	0.805052	0
4.96187	0.00728266	68.0201	0.811542	0
4.94837	0.00733321	67.2348	0.807443	0
4.94086	0.00719634	67.6525	0.807443	0
4.93267	0.00733047	68.3375	0.821447	0
4.9059	0.00719073	65.8145	0.788316	0
4.89215	0.00711705	65.1128	0.796172	0
4.89575	0.00715204	65.8981	0.811542	0
4.87741	0.00727549	63.9098	0.792756	0
4.86488	0.00701679	63.609	0.782509	0
4.86602	0.00702187	63.8095	0.801978	0
4.85489	0.0071721	63.3417	0.775337	0
4.84107	0.00709842	63.3417	0.806419	0
4.82587	0.00696721	62.6065	0.782851	0
4.80389	0.00684852	60.5514	0.777045	0
4.79933	0.00685425	62.6566	0.77397	0
4.80013	0.00676884	61.8713	0.798904	0
4.78416	0.0067508	59.4987	0.778069	0
4.77522	0.00685783	60.7185	0.79788	0
4.76826	0.00669516	60.802	0.797196	0
4.75975	0.00701373	58.9474	0.77602	0
4.74281	0.00664226	57.9783	0.781485	0
4.72813	0.00660565	57.8613	0.781143	0
4.72883	0.00665575	58.7135	0.769189	0
4.71744	0.00656936	56.4912	0.788657	0
4.70472	0.00642656	58.1454	0.776703	0
4.69729	0.00658096	56.2907	0.774995	0
4.67781	0.00667177	54.9875	0.785925	0
4.66788	0.00668135	55.6057	0.790024	0
4.66396	0.00647431	54.3358	0.753477	0
4.65027	0.00629021	53.584	0.769189	0
4.63979	0.00612929	53.8179	0.770555	0
4.63437	0.00612154	52.0635	0.761333	0
4.62936	0.00631672	52.1805	0.763041	0
4.62136	0.0062691	52.3475	0.752452	0
4.60627	0.00625294	51.4453	0.755526	0
4.591	0.0060646	50.9273	0.739815	0
4.59317	0.00593522	51.7293	0.761333	0
4.59247	0.0061502	51.0777	0.756209	0
4.58214	0.006182	49.9248	0.745621	0
4.5748	0.00611933	51.746	0.786608	0
4.56372	0.0060416	50.3592	0.766115	0
4.54538	0.00596056	48.655	0.731276	0
4.54083	0.00589841	50.1086	0.740498	0
4.54442	0.00591711	49.457	0.755185	0
4.53219	0.00598773	48.6383	0.731617	0
4.52607	0.00589313	47.5522	0.744938	0
4.5225	0.00596981	47.0008	0.738448	0
4.50873	0.00584616	46.4829	0.735033	0
4.51099	0.00567502	48.3542	0.75416	0
4.50809	0.00559007	47.5355	0.748012	0
4.49234	0.00585437	45.9649	0.727519	0
4.48635	0.00576766	45.7143	0.734691	0
4.48182	0.00574864	46.4829	0.732984	0
4.47269	0.00551808	45.2966	0.724103	0
4.46284	0.00551515	44.7118	0.706342	0
4.45617	0.00558779	44.812	0.72786	0
4.4476	0.00561711	44.8789	0.735716	0
4.43705	0.00543932	44.2941	0.729226	0
4.43701	0.00544121	44.5781	0.73435	0
4.43409	0.00553672	43.5255	0.732642	0
4.42008	0.00543456	43.1913	0.719663	0
4.41568	0.00556043	42.5564	0.715906	0
4.41506	0.00537287	43.3417	0.704976	0
4.40009	0.00527261	42.0886	0.716589	0
4.38877	0.00534668	40.7519	0.715223	0
4.38742	0.0053814	41.5038	0.707025	0
4.38327	0.00522635	40.8521	0.700536	0
4.37725	0.00523613	40.9858	0.709074	0
4.37334	0.00524987	39.1813	0.70361	0
4.36675	0.0053274	40.6015	0.694729	0
4.36245	0.0051371	39.6825	0.700877	0
4.35209	0.00508329	38.9474	0.694046	0
4.34592	0.00512362	39.6324	0.709758	0
4.35128	0.00523958	39.6324	0.71249	0
4.34251	0.00503183	38.6466	0.677993	0
4.33236	0.00509313	39.2815	0.694387	0
4.33021	0.00510798	37.2598	0.6797	0
4.32399	0.00495599	37.594	0.69268	0
4.31704	0.00486479	36.5915	0.675943	0
4.31194	0.00489834	36.9758	0.691313	0
4.30866	0.00495339	36.2072	0.674236	0
4.30213	0.00489827	37.0092	0.675943	0
4.2966	0.00479958	36.8254	0.682774	0
4.29423	0.00484915	35.9231	0.668771	0
4.28429	0.00478303	35.7561	0.674236	0
4.27555	0.00477606	34.4862	0.665355	0
4.2773	0.00480388	35.5054	0.671503	0
4.27771	0.00462948	35.4052	0.661598	0
4.2672	0.00467072	34.2022	0.652717	0
4.25616	0.00465326	33.0493	0.650668	0
4.25717	0.00462837	34.6867	0.66638	0
4.25881	0.00474857	33.066	0.669454	0
4.25084	0.00464303	33.0326	0.653401	0
4.24501	0.00465925	33.9014	0.670478	0
4.24341	0.00452049	33.6842	0.665355	0
4.23636	0.00450192	32.8154	0.657158	0
4.22739	0.00451938	32.4645	0.659207	0
4.2256	0.00459586	32.5313	0.65545	0
4.22813	0.00457599	32.4979	0.646911	0
4.22479	0.00455085	32.7151	0.668088	0
4.21677	0.00453905	32.5982	0.65545	0
4.2138	0.00453749	31.4453	0.655108	0
4.21052	0.00456472	31.4787	0.644862	0
4.20047	0.0043083	31.0443	0.642129	0
4.19253	0.00427065	30.5096	0.654084	0
4.19279	0.00422693	30.6099	0.637347	0
4.19483	0.00430237	30.7268	0.634615	0
4.18798	0.00422948	29.741	0.621294	0
4.17807	0.00416563	29.056	0.616854	0
4.17136	0.00427091	29.2565	0.637347	0
4.16883	0.00433983	28.7218	0.625393	0
4.16845	0.00424368	29.1061	0.624368	0
4.16957	0.00427221	29.34	0.639055	0
4.16004	0.00432908	28.5547	0.623685	0
4.1538	0.00422746	28.6717	0.630175	0
4.15659	0.00423391	28.0702	0.623343	0
4.15371	0.00418016	28.9056	0.62266	0
4.14926	0.00424283	28.2874	0.607973	0
4.14746	0.00420101	28.4712	0.644862	0
4.14561	0.00419944	28.5714	0.616854	0
4.14437	0.00421397	27.8363	0.604899	0
4.13823	0.00406863	27.5188	0.601484	0
4.13772	0.00411521	27.8864	0.619245	0
4.13668	0.00419514	27.619	0.608315	0
4.12656	0.00410765	26.2322	0.613097	0
4.12105	0.00409964	26.3659	0.594994	0
4.12008	0.00398218	26.533	0.604899	0
4.11637	0.00396583	27.2682	0.60934	0
4.11454	0.00401351	26.9006	0.599434	0
4.11343	0.00407612	26.1487	0.602167	0
4.11066	0.00393631	26.8003	0.609681	0
4.10427	0.00394387	25.2464	0.599776	0
4.10137	0.00384876	25.9816	0.603875	0
4.10215	0.0039739	26.416	0.606607	0
4.0989	0.00392895	25.3968	0.587138	0
4.09431	0.00380107	25.9816	0.59192	0
4.09383	0.00377683	24.8789	0.583381	0
4.08965	0.00376042	24.6115	0.57655	0
4.08862	0.0038956	25.2799	0.588163	0
4.08485	0.0037995	24.4946	0.576892	0
4.07813	0.00384843	24.3609	0.592262	0
4.08132	0.00381566	24.9791	0.597727	0
4.08337	0.00384407	24.7285	0.588846	0
4.07809	0.00385853	24.2272	0.58748	0
4.07387	0.0038653	24.3609	0.58748	0
4.0747	0.00379462	24.6282	0.591579	0
4.07391	0.00371788	23.8262	0.590212	0
4.06613	0.00373729	22.5898	0.566303	0
4.06432	0.00368191	23.9432	0.587821	0
4.06363	0.00374178	22.8571	0.570402	0
4.0585	0.00366902	23.5422	0.571085	0
4.05822	0.00381709	23.1245	0.585089	0
4.05575	0.0037399	23.0744	0.57655	0
4.04914	0.00362172	22.5063	0.563571	0
4.04618	0.00363143	22.0217	0.561521	0
4.04385	0.00353872	21.9215	0.55913	0
4.03879	0.00361371	22.1721	0.559814	0
4.03307	0.00355312	21.6708	0.560838	0
4.03283	0.00353279	21.6207	0.563571	0
4.0368	0.00368042	21.5205	0.56118	0
4.0362	0.00357357	21.3033	0.545127	0
4.02929	0.00358178	21.3868	0.550592	0
4.0277	0.00356211	21.3033	0.563229	0
4.03186	0.00355579	21.9883	0.557081	0
4.02818	0.0033838	21.1362	0.541711	0
4.02802	0.0035412	21.7043	0.55469	0
4.03079	0.00356439	21.4202	0.550592	0
4.02512	0.00343514	21.3868	0.562205	0
4.01871	0.00346152	20.6182	0.546493	0
4.01614	0.00341592	20.8855	0.551616	0
4.01349	0.00340843	20.3342	0.529073	0
4.00887	0.00341533	19.8329	0.530781	0
4.00532	0.00334361	20.6015	0.545468	0
3.99827	0.00335637	19.482	0.525999	0
3.99856	0.00336784	19.9332	0.536588	0
3.9988	0.00327227	19.5823	0.530098	0
3.99853	0.00330973	20.0334	0.53488	0
3.99985	0.00335787	19.6491	0.530781	0
3.99483	0.00331442	20	0.537612	0
3.99529	0.00332497	18.6967	0.518827	0
4.00066	0.00339318	20.8187	0.546493	0
3.99389	0.00333312	19.4319	0.542394	0
3.98779	0.00335462	18.6299	0.507214	0
3.98765	0.00337566	19.4486	0.532831	0
3.98275	0.0032537	19.2815	0.532489	0
3.97841	0.00330165	18.68	0.517802	0
3.97688	0.00324966	18.2289	0.524633	0
3.97674	0.00323898	18.7135	0.522584	0
3.97738	0.00320347	18.7803	0.51507	0
3.97553	0.00320426	18.2289	0.526682	0
3.97344	0.00327781	18.2957	0.522584	0
3.97075	0.00326569	17.6107	0.517119	0
3.97165	0.00319455	18.4628	0.521901	0
3.97517	0.0032881	18.8304	0.51951	0
3.97153	0.00310829	17.9114	0.50414	0
3.96594	0.00322048	17.4102	0.510288	0
3.96188	0.00324901	17.0092	0.511654	0
3.96247	0.00313983	17.594	0.516094	0
3.96621	0.00323136	18.0451	0.515411	0
3.96064	0.00316282	16.5748	0.498333	0
3.95691	0.00308999	17.6608	0.498675	0
3.96038	0.00323032	17.2765	0.514386	0
3.95797	0.00311331	17.878	0.513362	0
3.9559	0.00312321	17.6107	0.506872	0
3.95508	0.00307683	17.1261	0.499016	0
3.95534	0.003144	16.4912	0.487403	0
3.95642	0.00311383	16.8087	0.495601	0
3.9554	0.00316132	17.0259	0.505164	0
3.95168	0.00306399	17.076	0.485354	0
3.95224	0.0031967	17.3601	0.515753	0
3.95032	0.00311644	16.9758	0.494234	0
3.94341	0.00310588	16.5915	0.490477	0
3.93927	0.00297566	16.2406	0.483646	0
3.93832	0.00311162	16.3074	0.487403	0
3.936	0.00300595	16.3241	0.490136	0
3.93354	0.00299982	16.274	0.486037	0
3.93489	0.00305442	15.8897	0.489794	0
3.9337	0.00302745	15.8897	0.484671	0
3.92864	0.00293513	15.6391	0.48672	0
3.93238	0.00302627	16.5246	0.496967	0
3.93553	0.00297272	16.1069	0.479206	0
3.93077	0.00294419	15.6224	0.484329	0
3.92694	0.00290171	15.2715	0.483646	0
3.928	0.0030036	15.7561	0.492185	0
3.9285	0.00297898	15.8396	0.479889	0
3.92735	0.00292921	15.4052	0.479889	0
3.92578	0.0029309	15.873	0.491502	0
3.92394	0.00296152	15.6224	0.477498	0
3.91878	0.00289109	15.4887	0.479206	0
3.92007	0.00297364	14.8872	0.478864	0
3.92365	0.00299787	15.3383	0.485012	0
3.92278	0.00294276	15.6725	0.487403	0
3.92248	0.00291194	15.8897	0.480572	0
3.92022	0.00288868	15.2047	0.480914	0
3.91777	0.00293566	14.8371	0.467593	0
3.92398	0.00288263	15.6892	0.482963	0
3.92874	0.00288113	15.6558	0.477498	0
3.92756	0.00301129	16.2072	0.487062	0
3.92606	0.0030122	15.7561	0.477157	0
3.9247	0.00299559	16.3409	0.497992	0
3.9308	0.00310862	16.6917	0.507555	0
3.93407	0.00304315	16.2907	0.487745	0
3.92932	0.00312113	17.4937	0.501749	0
3.92267	0.00301689	15.1713	0.487745	0
3.92075	0.00292419	16.9424	0.494234	0
3.92955	0.0030552	17.1261	0.502432	0
3.92534	0.00299943	16.5246	0.491502	0
3.92007	0.00298347	16.3409	0.49765	0
3.92757	0.00299487	16.9591	0.489111	0
3.92477	0.00294517	16.2406	0.492185	0
3.91816	0.00301018	15.9733	0.486037	0
3.9159	0.00297494	14.9875	0.470667	0
3.912	0.00294132	15.9064	0.493893	0
3.91396	0.00291461	14.9875	0.479547	0
3.91413	0.00286745	15.188	0.470325	0
3.91139	0.00291761	15.589	0.47784	0
3.91741	0.00296758	15.7728	0.482621	0
3.91437	0.00294204	15.5723	0.487062	0
3.90603	0.00295207	14.9708	0.480572	0
3.9035	0.00300764	14.6366	0.47135	0
3.89684	0.00289181	14.1353	0.464519	0
3.88991	0.00281598	14.4528	0.468618	0
3.88838	0.00278947	12.9657	0.438561	0
3.88597	0.00277481	13.467	0.454955	0
3.88606	0.00276784	12.8822	0.444367	0
3.88616	0.00293611	13.9683	0.463153	0
3.88621	0.00287526	13.9348	0.461786	0
3.88942	0.00293624	13.7678	0.467593	0
3.88912	0.00311142	13.5673	0.452906	0
3.8776	0.00278386	12.7318	0.438219	0
3.87147	0.00270399	13.0493	0.443342	0
3.86706	0.00266021	11.9131	0.43617	0
3.86007	0.00262275	11.345	0.413627	0
3.85817	0.00259383	11.8463	0.430363	0
3.85637	0.00260966	11.1947	0.409528	0
3.85022	0.00253148	10.66	0.396207	0
3.84574	0.00244021	10.66	0.405088	0
3.84409	0.00252953	10.0418	0.387668	0
3.83593	0.00239897	9.3066	0.380154	0
3.8324	0.00233018	9.27318	0.379813	0
3.83366	0.00236959	9.49039	0.377763	0
3.83031	0.0023806	9.13952	0.381179	0
3.82347	0.00222966	8.88889	0.376739	0
3.82097	0.00223063	8.67168	0.370932	0
3.81493	0.00210392	7.88638	0.353171	0
3.80834	0.00207852	7.28488	0.332678	0
3.80722	0.00205083	7.10109	0.326529	0
3.80431	0.00193298	6.83375	0.32448	0
3.80101	0.0019976	6.85046	0.335068	0
3.80246	0.0019505	7.11779	0.3419	0
3.80447	0.00194444	6.88388	0.331311	0
3.80102	0.00193656	6.46617	0.317991	0
3.7965	0.00191728	6.28237	0.32004	0
3.7964	0.00195356	6.11529	0.316283	0
3.79767	0.00192379	6.43275	0.318332	0
3.79497	0.00183441	6.132	0.307744	0
3.79342	0.001832	5.9315	0.303645	0
3.79264	0.00189128	6.06516	0.314575	0
3.79167	0.00186594	5.86466	0.306036	0
3.78686	0.00184516	5.64745	0.306378	0
3.78486	0.00181161	5.06266	0.284859	0
3.78192	0.00176679	5.11278	0.286909	0
3.77804	0.00177565	4.72849	0.283493	0
3.77683	0.00170802	4.99582	0.290324	0
3.78001	0.00172581	5.3467	0.291007	0
3.78009	0.00173695	5.12949	0.286226	0
3.77588	0.00173089	4.82874	0.283835	0
3.77488	0.00169871	5.07937	0.285201	0
3.7748	0.00170496	4.5614	0.271539	0
3.77388	0.00169786	4.84545	0.278028	0
3.77334	0.00171382	4.84545	0.282127	0
3.77304	0.00171206	4.7452	0.274613	0
3.77087	0.0016249	3.84294	0.248996	0
3.77022	0.001666	4.24394	0.262658	0
3.77096	0.00164483	4.31078	0.265391	0
3.76909	0.0016277	4.22723	0.262317	0
3.76735	0.00157154	4.17711	0.259926	0
3.76777	0.00166359	4.69507	0.279736	0
3.77028	0.00161623	4.7452	0.273588	0
3.76679	0.00160242	4.14369	0.256852	0
3.764	0.00161024	4.17711	0.254461	0
3.76365	0.00159955	4.1604	0.261633	0
3.76331	0.00156125	3.9599	0.253094	0
3.76326	0.00161604	4.3609	0.267781	0
3.76349	0.00157786	3.92648	0.254461	0
3.76136	0.00154705	3.54219	0.241823	0
3.75965	0.00150939	3.82623	0.254119	0
3.75998	0.00155265	4.07686	0.258559	0
3.76183	0.00154405	4.14369	0.260267	0
3.76035	0.00153376	3.67586	0.240798	0
3.75759	0.00156496	3.90977	0.258559	0
3.7558	0.00150164	3.19131	0.224062	0
3.75646	0.00154001	3.49206	0.238066	0
3.75745	0.00148294	3.3584	0.233967	0
3.75716	0.00153161	3.97661	0.249337	0
3.75694	0.00154828	3.3584	0.232943	0
3.75388	0.0014576	3.29156	0.228502	0
3.75507	0.00151727	3.94319	0.249337	0
3.75865	0.0015189	3.54219	0.236017	0
3.75491	0.0015034	3.85965	0.248313	0
3.75306	0.00146692	3.3751	0.23465	0
3.75343	0.00149995	3.27485	0.23021	0
3.7515	0.00144854	3.22473	0.231235	0
3.7493	0.00142379	2.70677	0.210741	0
3.74818	0.00140157	3.12448	0.22577	0
3.74965	0.00142073	3.02423	0.227478	0
3.74898	0.00141402	3.10777	0.22133	0
3.74924	0.00141617	3.02423	0.222696	0
3.74873	0.0014419	3.09106	0.223379	0
3.74801	0.00141708	3.09106	0.220988	0
3.74911	0.00148034	3.22473	0.234992	0
3.74782	0.0014533	2.94069	0.218597	0
3.74753	0.00140763	3.12448	0.224404	0
3.74991	0.00145519	3.14119	0.231235	0
3.7496	0.00151122	3.27485	0.232601	0
3.74706	0.00144125	3.12448	0.22577	0
3.7478	0.00142359	3.07435	0.221671	0
3.7489	0.00145773	3.10777	0.225087	0
3.74765	0.00142639	3.12448	0.228161	0
3.74627	0.00144757	3.20802	0.223379	0
3.74517	0.00140783	3.05764	0.222354	0
3.7448	0.00139499	3.00752	0.218256	0
3.74422	0.001429	2.90727	0.216206	0
3.74564	0.00144757	3.24144	0.233967	0
3.74588	0.00141949	3.07435	0.223037	0
3.74424	0.00142646	3.05764	0.224745	0
3.74217	0.00137734	2.9741	0.223379	0
3.74201	0.00136275	2.79031	0.219963	0
3.74195	0.00137004	2.70677	0.209375	0
3.73932	0.00131063	2.18881	0.188882	0
3.74037	0.00138437	2.74018	0.218256	0
3.74169	0.00133245	2.42272	0.199128	0
3.74136	0.0013746	3.34169	0.231235	0
3.74169	0.00138991	2.45614	0.201861	0
3.74141	0.00140366	2.85714	0.227136	0
3.73917	0.00138802	2.63993	0.20835	0
3.738	0.00131454	2.33918	0.196054	0
3.73863	0.00137408	2.48956	0.203227	0
3.74089	0.00144151	3.32498	0.230552	0
3.74039	0.00136581	2.89056	0.216889	0
3.73868	0.00137245	2.72348	0.212791	0
3.74003	0.00140203	2.95739	0.221671	0
3.74013	0.00135193	2.48956	0.201861	0
3.7387	0.00135128	2.3726	0.19298	0
3.73854	0.00135968	2.58981	0.209375	0
3.73717	0.0013888	2.50627	0.206301	0
3.7373	0.00139304	2.7736	0.211766	0
3.73776	0.00135897	2.30576	0.196396	0
3.73637	0.00136216	2.65664	0.206301	0
3.73507	0.00131708	2.63993	0.20835	0
3.73508	0.00134548	2.48956	0.203227	0
3.73497	0.0013034	2.25564	0.191614	0
3.73577	0.00132607	2.52297	0.205618	0
3.73559	0.00136652	2.85714	0.214498	0
3.73502	0.00132157	2.15539	0.190589	0
3.73413	0.00134411	2.53968	0.203569	0
3.73523	0.00133643	2.53968	0.200836	0
3.73493	0.00136555	2.43943	0.198445	0
3.73344	0.00131812	2.28906	0.194347	0
3.73215	0.00132503	2.48956	0.200495	0
3.73446	0.00134033	2.48956	0.201861	0
3.73558	0.0013518	2.60652	0.207326	0
3.73378	0.0013802	2.48956	0.200495	0
3.73137	0.00132183	2.32247	0.197079	0
3.73266	0.00138711	2.35589	0.195371	0
3.73183	0.00128529	2.20551	0.188198	0
3.72964	0.00127721	1.95489	0.179318	0
3.73049	0.00127375	2.07185	0.1841	0
3.73064	0.00127232	2.28906	0.195713	0
3.72759	0.00127408	2.03843	0.17966	0
3.72868	0.00128861	2.00501	0.181367	0
3.7298	0.00125786	2.05514	0.18205	0
3.72883	0.00125024	2.03843	0.185808	0
3.73007	0.00128112	2.27235	0.189223	0
3.73091	0.00129004	2.1721	0.189906	0
3.73039	0.00129701	2.3726	0.196054	0
3.731	0.00132737	2.38931	0.200836	0
3.72923	0.00129095	1.85464	0.173511	0
3.7278	0.00128437	2.13868	0.189906	0
3.72902	0.00129812	2.23893	0.196737	0
3.7285	0.00128731	2.07185	0.185808	0
3.72689	0.00123493	2.10526	0.185466	0
3.72552	0.00126926	2.13868	0.186832	0
3.727	0.0012948	1.7878	0.173853	0
3.7254	0.00121532	1.77109	0.168047	0
3.72523	0.0012759	1.9883	0.183758	0
3.72638	0.0013004	2.03843	0.184441	0
3.72657	0.00128463	1.88805	0.174878	0
3.72608	0.00130965	1.88805	0.178293	0
3.7267	0.00124222	2.18881	0.191956	0
3.72822	0.00133858	2.27235	0.192297	0
3.72756	0.00129571	2.10526	0.1841	0
3.72665	0.00131434	2.12197	0.190589	0
3.72878	0.00131037	2.5731	0.207326	0
3.72699	0.00130581	1.73768	0.17317	0
3.72353	0.00125317	1.77109	0.168047	0
3.72464	0.0012533	2.00501	0.180001	0
3.72539	0.00123375	1.85464	0.176585	0
3.72207	0.0012361	1.62072	0.166339	0
3.72271	0.0012217	1.80451	0.169754	0
3.72419	0.00128639	1.95489	0.179318	0
3.72315	0.00127545	1.73768	0.168388	0
3.72327	0.00125063	1.95489	0.177952	0
3.72431	0.0012305	1.87135	0.17761	0
3.72358	0.00124607	1.87135	0.17761	0
3.72418	0.00124333	2.12197	0.183417	0
3.72292	0.00121493	1.45363	0.160191	0
3.72042	0.00120587	1.83793	0.172828	0
3.72396	0.00125616	2.05514	0.183758	0
3.7255	0.00127421	2.07185	0.187174	0
3.7233	0.00123981	2.00501	0.180001	0
3.72273	0.00128594	1.90476	0.177269	0
3.72318	0.00127395	1.95489	0.179318	0
3.72279	0.00122457	2.13868	0.189906	0
3.72468	0.00123271	2.33918	0.191956	0
3.72306	0.00122659	1.53718	0.157117	0
3.72036	0.0011948	2.07185	0.181367	0
3.72286	0.00123369	2.05514	0.186491	0
3.72383	0.00122138	1.93818	0.181709	0
3.7236	0.00128333	2.15539	0.186149	0
3.72225	0.00119297	1.73768	0.171804	0
3.72058	0.00117851	1.73768	0.170096	0
3.72186	0.00124828	1.87135	0.174195	0
3.7221	0.00121753	1.83793	0.175902	0
3.7207	0.00122248	1.83793	0.175902	0
3.72166	0.00124046	1.92147	0.177952	0
3.72087	0.00127603	2.1721	0.186832	0
3.71979	0.00120848	1.5873	0.161215	0
3.71973	0.00125441	1.75439	0.170779	0
3.72131	0.00124744	2.05514	0.18205	0
3.72036	0.00124848	1.80451	0.169754	0
3.72052	0.00125603	1.87135	0.175902	0
3.7219	0.00123388	1.9883	0.180684	0
3.72052	0.0012232	1.48705	0.158141	0
3.71895	0.00123102	1.82122	0.172145	0
3.7209	0.0011905	1.67084	0.16873	0
3.72088	0.00123089	2.00501	0.180001	0
3.71995	0.00124255	1.9716	0.181709	0
3.71807	0.00120014	1.45363	0.153018	0
3.71783	0.00120151	1.55388	0.163265	0
3.71872	0.00118613	1.48705	0.156434	0
3.71714	0.00118157	1.62072	0.161215	0
3.71667	0.00114144	1.35338	0.151652	0
3.71787	0.00118385	1.52047	0.159849	0
3.71884	0.00122744	1.62072	0.169754	0
3.71833	0.00121089	1.87135	0.180684	0
3.71868	0.00119747	1.83793	0.172828	0
3.71868	0.00119551	1.53718	0.164289	0
3.71745	0.00118085	1.45363	0.154726	0
3.71754	0.00118757	1.63743	0.165314	0
3.71792	0.00120685	1.45363	0.153018	0
3.71715	0.00116711	1.42022	0.15131	0
3.71748	0.00119988	1.73768	0.16668	0
3.71704	0.00115682	1.35338	0.149602	0
3.71737	0.00116926	1.40351	0.150286	0
3.71624	0.0011705	1.67084	0.171804	0
3.71692	0.00117369	1.63743	0.161899	0
3.71677	0.00118085	1.53718	0.158824	0
3.71559	0.00118066	1.40351	0.150286	0
3.71618	0.00116255	1.55388	0.158141	0
3.7159	0.00113988	1.43693	0.154043	0
3.71457	0.00112971	1.25313	0.14243	0
3.71594	0.00116372	1.77109	0.171462	0
3.71568	0.00115877	1.67084	0.165314	0
3.7153	0.00117799	1.77109	0.169754	0
3.71519	0.0011688	1.35338	0.149602	0
3.71438	0.00116398	1.45363	0.153018	0
3.71366	0.00117317	1.43693	0.15575	0
3.71371	0.0011634	1.25313	0.144479	0
3.71266	0.00116385	1.23642	0.143454	0
3.71408	0.00117043	1.33668	0.14687	0
3.71385	0.00112607	1.43693	0.154043	0
3.71423	0.00114112	1.37009	0.148578	0
3.71531	0.00114138	1.35338	0.149602	0
3.71448	0.00116353	1.40351	0.152335	0
3.71409	0.00114698	1.40351	0.152335	0
3.71582	0.00115043	1.55388	0.159849	0
3.71586	0.00113538	1.45363	0.153018	0
3.71468	0.00113382	1.50376	0.157458	0
3.71444	0.00114867	1.50376	0.160874	0
3.71517	0.00115975	1.48705	0.163606	0
3.71458	0.00116157	1.26984	0.143454	0
3.71229	0.00112913	1.25313	0.144479	0
3.71303	0.00113043	1.67084	0.165314	0
3.71457	0.00115721	1.43693	0.154043	0
3.71243	0.00115688	1.26984	0.145162	0
3.71215	0.00114457	1.35338	0.155067	0
3.71194	0.00112483	1.1863	0.138673	0
3.71012	0.00108678	1.10276	0.133891	0
3.7096	0.00108763	1.16959	0.137648	0
3.71168	0.00108952	1.13617	0.13594	0
3.71322	0.00111571	1.45363	0.153018	0
3.71274	0.00111219	1.11947	0.134915	0
3.71258	0.00113069	1.43693	0.154043	0
3.71237	0.00113486	1.43693	0.154043	0
3.71136	0.00110835	1.31997	0.146187	0
3.71227	0.001129	1.3868	0.149602	0
3.71248	0.00112626	1.11947	0.139014	0
3.71187	0.00114867	1.3868	0.15131	0
3.71353	0.00116164	1.21972	0.14243	0
3.71346	0.00116099	1.37009	0.150627	0
3.71269	0.0011387	1.25313	0.14243	0
3.71261	0.00111382	1.15288	0.140722	0
3.7134	0.00117812	1.53718	0.160532	0
3.71351	0.00111779	1.3868	0.15336	0
3.71232	0.00114659	1.3868	0.15336	0
3.71291	0.0011118	1.23642	0.141405	0
3.71194	0.00115056	1.42022	0.153018	0
3.71183	0.00112665	1.40351	0.150286	0
3.71105	0.00108515	1.25313	0.14243	0
3.71117	0.00115004	1.31997	0.146187	0
3.71039	0.00108633	1.15288	0.140722	0
3.7097	0.00109682	0.952381	0.124669	0
3.71109	0.00112998	1.43693	0.152335	0
3.71209	0.00114698	1.26984	0.145162	0
3.71129	0.00111942	1.35338	0.149602	0
3.71063	0.00110932	1.15288	0.138673	0
3.71081	0.00108209	1.13617	0.137989	0
3.71084	0.00111538	1.3868	0.15131	0
3.71115	0.00109616	1.11947	0.136965	0
3.71066	0.00113304	1.03592	0.136282	0
3.71025	0.00110183	1.30326	0.152676	0
3.70926	0.00110802	0.935673	0.125693	0
3.70972	0.00109349	1.35338	0.149602	0
3.71027	0.00114346	1.42022	0.153018	0
3.71108	0.00112861	1.13617	0.13594	0
3.7093	0.0010832	1.08605	0.132866	0
3.71127	0.00111473	1.10276	0.133891	0
3.71147	0.0011045	0.918964	0.122619	0
3.70998	0.00112138	1.1863	0.138673	0
3.71032	0.00108489	1.23642	0.141405	0
3.71039	0.0011019	1.10276	0.133891	0
3.70868	0.00106978	1.28655	0.144137	0
3.70852	0.00107076	1.05263	0.130817	0
3.70896	0.00107265	1.05263	0.137306	0
3.70878	0.00106157	0.969089	0.125693	0
3.70895	0.00107271	1.06934	0.131841	0
3.71035	0.00110874	1.35338	0.147895	0
3.70919	0.00110053	1.21972	0.140722	0
3.70741	0.00109831	1.05263	0.135257	0
3.70817	0.00108359	0.952381	0.129109	0
3.70879	0.00107369	1.1863	0.138673	0
3.70899	0.00108313	0.985798	0.126718	0
3.70822	0.00109701	1.06934	0.137989	0
3.7086	0.00106594	0.969089	0.128084	0
3.7096	0.00108646	1.15288	0.140722	0
3.70862	0.00108131	1.15288	0.138673	0
3.70842	0.00107506	0.885547	0.120228	0
3.70848	0.00109688	1.23642	0.145504	0
3.70942	0.0010845	0.985798	0.126718	0
3.71	0.00111271	1.15288	0.138673	0
3.70854	0.00109558	0.918964	0.122619	0
3.70775	0.00108952	1.03592	0.131841	0
3.70798	0.00107916	1.10276	0.13594	0
3.70916	0.00112763	1.11947	0.136965	0
3.70853	0.00107994	1.1863	0.138673	0
3.70824	0.00110151	0.969089	0.128084	0
3.70883	0.00112216	1.06934	0.133891	0
3.70855	0.0010987	1.05263	0.132866	0
3.7084	0.00106333	1.13617	0.13594	0
3.70929	0.00108418	1.03592	0.129792	0
3.70853	0.00106568	1.01921	0.128767	0
3.70835	0.00105395	0.952381	0.126718	0
3.70829	0.00108196	1.15288	0.140722	0
3.70799	0.00106366	0.935673	0.123644	0
3.70761	0.00104984	0.952381	0.124669	0
3.70957	0.00108496	1.15288	0.138673	0
3.70927	0.00108235	1.01921	0.131158	0
3.70745	0.00109499	1.06934	0.131841	0
3.70742	0.00108294	1.00251	0.127743	0
3.70729	0.0010316	0.785297	0.113397	0
3.70652	0.00105252	0.835422	0.119204	0
3.70683	0.00105336	0.985798	0.129109	0
3.70849	0.00110541	0.918964	0.124669	0
3.70747	0.00104444	0.85213	0.118179	0
3.70795	0.00107851	0.902256	0.121253	0
3.70927	0.00110835	1.28655	0.146187	0
3.70732	0.00107981	0.935673	0.123644	0
3.70604	0.00107616	1.15288	0.138673	0
3.70743	0.00108353	0.785297	0.113397	0
3.70755	0.00104346	0.835422	0.116813	0
3.70714	0.00106183	1.01921	0.133208	0
3.70727	0.00108144	1.00251	0.130134	0
3.70659	0.00110783	0.952381	0.129109	0
3.7082	0.00107551	0.868839	0.119204	0
3.70911	0.00109447	1.05263	0.130817	0
3.70744	0.00103186	0.918964	0.122619	0
3.70649	0.00104463	0.918964	0.12706	0
3.7066	0.00103949	0.802005	0.114763	0
3.70664	0.00106379	0.868839	0.119204	0
3.70743	0.0010574	0.952381	0.124669	0
3.70926	0.00109382	1.10276	0.13594	0
3.70797	0.00107616	0.835422	0.116813	0
3.70729	0.00107167	1.01921	0.131158	0
3.70758	0.00106724	0.985798	0.126718	0
3.70742	0.00106535	0.985798	0.129109	0
3.70605	0.00105421	0.952381	0.126718	0
3.70608	0.00102926	0.902256	0.121253	0
3.70703	0.00104366	0.835422	0.116813	0
3.70672	0.00105603	0.885547	0.122619	0
3.7063	0.00103681	0.918964	0.122619	0
3.70794	0.00105949	1.01921	0.128767	0
3.70881	0.0010974	0.835422	0.119204	0
3.70523	0.00105786	0.668338	0.104858	0
3.70604	0.00105427	0.885547	0.120228	0
3.70754	0.00103134	0.952381	0.124669	0
3.70678	0.00105695	0.685046	0.106225	0
3.70636	0.00105473	0.785297	0.113397	0
3.70763	0.00107252	0.902256	0.121253	0
3.70835	0.00107212	1.08605	0.132866	0
3.70735	0.00106157	1.05263	0.137306	0
3.70645	0.00103708	1.03592	0.129792	0
3.70644	0.00105564	0.802005	0.117154	0
3.70651	0.00103382	0.918964	0.122619	0
3.70709	0.00102581	0.75188	0.111006	0
3.70734	0.00102307	0.668338	0.104858	0
3.70607	0.00100261	0.634921	0.102126	0
3.70708	0.00105271	1.01921	0.128767	0
3.70792	0.00100874	0.818713	0.118179	0
3.70698	0.00105506	1.03592	0.129792	0
3.70848	0.00108307	1.11947	0.139014	0
3.70841	0.00109955	0.969089	0.128084	0
3.70677	0.00106164	0.85213	0.118179	0
3.70745	0.00105037	1.00251	0.130134	0
3.70772	0.00106294	0.952381	0.124669	0
3.70673	0.00103434	0.768588	0.112373	0
3.70655	0.00106339	0.935673	0.123644	0
3.70659	0.00103467	0.85213	0.118179	0
3.70674	0.00104085	0.885547	0.120228	0
3.70735	0.00103975	0.935673	0.125693	0
3.70647	0.00103076	0.53467	0.0939285	0
3.70582	0.00102984	0.818713	0.115788	0
3.70709	0.00103519	0.818713	0.115788	0
3.70623	0.00101532	0.768588	0.114763	0
3.70695	0.00107825	1.16959	0.137648	0
3.70639	0.00104437	0.668338	0.104858	0
3.70684	0.00107883	0.952381	0.129109	0
3.70748	0.00106568	0.902256	0.121253	0
3.70689	0.00104711	0.885547	0.120228	0
3.70709	0.00105343	0.935673	0.123644	0
3.70747	0.00104861	0.768588	0.112373	0
3.7064	0.00101681	0.835422	0.116813	0
3.70603	0.00103427	0.935673	0.123644	0
3.70694	0.00100984	0.701754	0.107249	0
3.70745	0.00103525	0.818713	0.118179	0
3.70731	0.00104822	1.06934	0.131841	0
3.70571	0.0010331	0.785297	0.113397	0
3.704	0.00100027	0.584795	0.0980272	0
3.7061	0.00101421	0.918964	0.124669	0
3.70786	0.00101766	0.935673	0.123644	0
3.70652	0.00103857	0.885547	0.122619	0
3.7091	0.00105037	1.10276	0.133891	0
3.70931	0.00105695	0.75188	0.111006	0
3.70705	0.00105056	0.985798	0.126718	0
3.70758	0.00103779	0.718463	0.108615	0
3.708	0.0010359	0.969089	0.125693	0
3.70722	0.00104098	0.969089	0.130134	0
3.70656	0.0010531	0.785297	0.113397	0
3.70776	0.00103962	0.668338	0.104858	0
3.70775	0.00102248	0.952381	0.124669	0
3.70721	0.00102828	0.634921	0.102126	0
3.7062	0.0010301	0.835422	0.119204	0
3.70591	0.00101317	0.802005	0.114763	0
3.70714	0.00104353	0.785297	0.113397	0
3.70744	0.00106822	0.952381	0.124669	0
3.70643	0.00101994	0.501253	0.0908544	0
3.70495	0.00100737	0.651629	0.103492	0
3.70555	0.000983003	0.701754	0.109982	0
3.70721	0.00103291	0.902256	0.121253	0
3.70707	0.00102906	0.802005	0.119545	0
3.70674	0.00102802	0.685046	0.106225	0
3.70664	0.00103141	0.785297	0.118179	0
3.70547	0.000986261	0.517962	0.0925622	0
3.70587	0.000971668	0.651629	0.106225	0
3.70655	0.00101532	0.818713	0.118179	0
3.70746	0.0010404	0.768588	0.112373	0
3.70646	0.000993557	0.618212	0.10076	0
3.7059	0.00102007	0.618212	0.10076	0
3.7061	0.0010131	0.634921	0.102126	0
3.70622	0.00101278	0.768588	0.114763	0
3.70743	0.00102366	0.85213	0.118179	0
3.70632	0.000983785	0.551378	0.0952947	0
3.70567	0.000965609	0.551378	0.0952947	0
3.70739	0.000996293	0.785297	0.113397	0
3.70806	0.00101362	0.868839	0.119204	0
3.70784	0.00102835	0.868839	0.123644	0
3.70784	0.00103923	0.818713	0.118179	0
3.70655	0.00101936	0.634921	0.102126	0
3.70613	0.00102691	0.768588	0.112373	0
3.70674	0.0010019	0.75188	0.111006	0
3.70662	0.00100444	0.517962	0.0925622	0
3.70623	0.00101102	0.651629	0.106225	0
3.70645	0.00100848	0.634921	0.102126	0
3.70675	0.000988671	0.651629	0.103492	0
3.70647	0.00103108	0.601504	0.102126	0
3.70616	0.00101708	0.651629	0.103492	0
3.70709	0.00100652	0.75188	0.113397	0
3.70718	0.00101636	0.818713	0.115788	0
3.70794	0.0010088	0.685046	0.106225	0
3.70711	0.00101388	0.634921	0.102126	0
3.70637	0.001026	0.668338	0.104858	0
3.70651	0.00100235	0.735171	0.112373	0
3.70626	0.00102274	0.735171	0.109982	0
3.7065	0.00100607	0.785297	0.115788	0
3.70695	0.00103467	0.634921	0.102126	0
3.70779	0.000995121	0.668338	0.104858	0
3.70614	0.00100835	0.651629	0.103492	0
3.70607	0.00099056	0.651629	0.106225	0
3.7072	0.00100424	0.668338	0.104858	0
3.70731	0.00102418	0.634921	0.102126	0
3.70621	0.0010331	0.618212	0.10076	0
3.70712	0.00102131	0.685046	0.106225	0
3.70822	0.00101818	0.785297	0.113397	0
3.70756	0.00100222	0.551378	0.0952947	0
3.70673	0.000986717	0.802005	0.114763	0
3.70787	0.00100124	0.768588	0.112373	0
3.70693	0.000985544	0.568087	0.0966609	0
3.70672	0.000984241	0.718463	0.111006	0
3.70695	0.00098613	0.685046	0.106225	0
3.70712	0.000980593	0.634921	0.102126	0
3.70723	0.000985088	0.53467	0.0939285	0
3.70833	0.00101356	0.935673	0.125693	0
3.70842	0.00102118	0.601504	0.0993934	0
3.70857	0.00104587	0.835422	0.116813	0
3.70861	0.00101681	0.568087	0.0966609	0
3.70694	0.000993492	0.417711	0.0864142	0
3.70618	0.000998248	0.568087	0.0997349	0
3.70777	0.000988606	0.634921	0.102126	0
3.70773	0.000965674	0.634921	0.104858	0
3.70717	0.00100118	0.584795	0.0980272	0
3.70766	0.00100229	0.551378	0.0952947	0
3.70641	0.000952319	0.517962	0.0925622	0
3.70554	0.000982026	0.584795	0.0980272	0
3.70715	0.00100352	0.668338	0.104858	0
3.70686	0.00100509	0.701754	0.109982	0
3.70647	0.000958313	0.467836	0.0877804	0
3.70781	0.00100281	0.735171	0.109982	0
3.70832	0.00100763	0.517962	0.0925622	0
3.7079	0.000972189	0.668338	0.104858	0
3.70815	0.000994795	0.53467	0.0939285	0
3.70719	0.00100704	0.668338	0.104858	0
3.70759	0.000992515	0.651629	0.106225	0
3.70767	0.000966391	0.601504	0.0993934	0
3.70791	0.000985674	0.584795	0.0980272	0
3.70798	0.00101238	0.685046	0.106225	0
3.70844	0.00102809	0.601504	0.0993934	0
3.70698	0.00101929	0.584795	0.0980272	0
3.70698	0.000995837	0.53467	0.0997349	0
3.70811	0.001003	0.601504	0.0993934	0
3.70902	0.00099271	0.802005	0.117154	0
3.70867	0.000994534	0.517962	0.0925622	0
3.70674	0.000965479	0.484545	0.0894882	0
3.70889	0.000993427	0.651629	0.103492	0
3.70997	0.00103134	0.701754	0.107249	0
3.70754	0.00100711	0.584795	0.0980272	0
3.70911	0.00102014	0.718463	0.111006	0
3.70945	0.000976228	0.517962	0.0925622	0
3.70863	0.00101877	0.501253	0.0908544	0
3.70841	0.00102743	0.584795	0.0980272	0
3.70849	0.000987173	0.618212	0.10076	0
3.70817	0.000985023	0.75188	0.111006	0
3.7079	0.000979485	0.501253	0.0908544	0
3.70723	0.000972059	0.551378	0.0952947	0
3.7085	0.000973818	0.568087	0.0966609	0
3.70924	0.000985674	0.634921	0.102126	0
3.70955	0.00098385	0.618212	0.10076	0
3.70932	0.000975056	0.685046	0.106225	0
3.70881	0.000965609	0.501253	0.0908544	0
3.70867	0.000970104	0.53467	0.0939285	0
3.708	0.000989518	0.618212	0.106225	0
3.70776	0.000976098	0.517962	0.0925622	0
3.70841	0.000987759	0.467836	0.0877804	0
3.70899	0.000999942	0.501253	0.0939285	0
3.70785	0.000989192	0.618212	0.10076	0
3.7075	0.000989974	0.517962	0.0983687	0
3.70837	0.000973818	0.584795	0.0980272	0
3.70904	0.000945218	0.484545	0.0894882	0
3.70814	0.00103147	0.735171	0.109982	0
3.7098	0.00102789	0.685046	0.106225	0
3.7109	0.00100561	0.601504	0.0993934	0
3.70864	0.000988802	0.584795	0.101101	0
3.70849	0.000991603	0.417711	0.0829986	0
3.7091	0.000999095	0.517962	0.0925622	0
3.7099	0.000991342	0.584795	0.101101	0
3.7097	0.000965088	0.685046	0.106225	0
3.70945	0.000989127	0.618212	0.10076	0
3.71	0.000991733	0.634921	0.102126	0
3.70875	0.000981179	0.568087	0.0997349	0
3.7071	0.000968736	0.601504	0.0993934	0
3.70904	0.000975251	0.501253	0.0908544	0
3.70889	0.000948866	0.634921	0.104858	0
3.70861	0.000943329	0.434419	0.0847064	0
3.70838	0.000954143	0.584795	0.0980272	0
3.70915	0.000968085	0.417711	0.0829986	0
3.70818	0.000990365	0.634921	0.102126	0
3.71037	0.000998183	0.634921	0.102126	0
3.70971	0.00096359	0.584795	0.101101	0
3.70863	0.000956945	0.284043	0.0686532	0
3.70784	0.000946977	0.417711	0.0829986	0
3.70903	0.000952319	0.584795	0.0980272	0
3.70996	0.000978704	0.651629	0.103492	0
3.70918	0.000977075	0.517962	0.0925622	0
3.70981	0.000982743	0.601504	0.0993934	0
3.71046	0.000989844	0.517962	0.0925622	0
3.70894	0.000932319	0.53467	0.0939285	0
3.70894	0.000980919	0.401003	0.0812908	0
3.70974	0.000982873	0.584795	0.0980272	0
3.70935	0.000941049	0.417711	0.0829986	0
3.70898	0.000967824	0.701754	0.107249	0
3.71017	0.000940658	0.551378	0.0952947	0
3.71003	0.000967433	0.451128	0.0864142	0
3.70961	0.000972841	0.601504	0.0993934	0
3.71025	0.000966196	0.618212	0.10076	0
3.71131	0.000982613	0.568087	0.0966609	0
3.7097	0.000970886	0.467836	0.0877804	0
3.70809	0.000914664	0.300752	0.0707025	0
3.71032	0.000958964	0.484545	0.0894882	0
3.71158	0.000985479	0.467836	0.0877804	0
3.70917	0.000971342	0.584795	0.0980272	0
3.70861	0.000958964	0.434419	0.0847064	0
3.71028	0.000959029	0.517962	0.0925622	0
3.71032	0.000971928	0.467836	0.0877804	0
3.70998	0.000969974	0.467836	0.0877804	0
3.7095	0.000959941	0.31746	0.0724103	0
3.71172	0.000997662	0.53467	0.0939285	0
3.71243	0.00101714	0.618212	0.10076	0
3.71137	0.000982743	0.484545	0.0894882	0
3.71095	0.000976945	0.517962	0.0925622	0
3.71021	0.000958052	0.53467	0.0939285	0
3.70917	0.000964176	0.401003	0.0812908	0
3.71055	0.000943199	0.517962	0.101101	0
3.71097	0.000966065	0.467836	0.0877804	0
3.71012	0.000962938	0.401003	0.0812908	0
3.71064	0.000947303	0.517962	0.0925622	0
3.71104	0.000956619	0.417711	0.0864142	0
3.70991	0.000946847	0.451128	0.0864142	0
3.71135	0.000944827	0.501253	0.0908544	0
3.71189	0.000973297	0.568087	0.0966609	0
3.7112	0.000964371	0.484545	0.0894882	0
3.71014	0.000962547	0.467836	0.0877804	0
3.71086	0.000941244	0.417711	0.0864142	0
3.71157	0.000958052	0.434419	0.088122	0
3.71161	0.000978117	0.517962	0.0952947	0
3.71159	0.000979095	0.584795	0.0980272	0
3.7116	0.000963329	0.484545	0.0925622	0
3.7111	0.000959485	0.517962	0.0925622	0
3.7104	0.000962678	0.434419	0.0847064	0
3.71152	0.000978183	0.350877	0.0761674	0
3.71171	0.000946717	0.350877	0.0761674	0
3.71149	0.000964567	0.417711	0.0829986	0
3.7122	0.000992906	0.467836	0.0877804	0
3.71217	0.000944892	0.31746	0.0724103	0
3.71191	0.000959029	0.53467	0.0939285	0
3.7131	0.000980463	0.517962	0.0925622	0
3.71267	0.000946977	0.367586	0.0778752	0
3.71137	0.000949909	0.53467	0.0966609	0
3.71216	0.000954143	0.417711	0.0829986	0
3.7126	0.000948019	0.31746	0.0724103	0
3.7114	0.000946391	0.384294	0.0799246	0
3.71174	0.000945544	0.601504	0.0993934	0
3.71189	0.000970821	0.384294	0.0799246	0
3.71166	0.000957205	0.517962	0.0952947	0
3.71247	0.000926847	0.434419	0.0847064	0
3.7131	0.00096613	0.53467	0.0939285	0
3.71247	0.000966912	0.618212	0.10076	0
3.71248	0.000969974	0.501253	0.0908544	0
3.71293	0.000927889	0.367586	0.0778752	0
3.71156	0.00095727	0.401003	0.0812908	0
3.71131	0.000952384	0.284043	0.0686532	0
3.71173	0.000946651	0.367586	0.0778752	0
3.71318	0.000965739	0.685046	0.106225	0
3.71249	0.000967108	0.467836	0.0877804	0
3.7117	0.000972189	0.501253	0.0908544	0
3.71366	0.000975251	0.484545	0.0894882	0
3.71369	0.000936684	0.501253	0.0908544	0
3.71264	0.000975902	0.53467	0.0966609	0
3.71369	0.000944436	0.401003	0.0812908	0
3.71338	0.000949583	0.467836	0.0877804	0
3.71188	0.000922612	0.367586	0.0778752	0
3.71261	0.000933557	0.551378	0.0952947	0
3.71381	0.00094587	0.434419	0.0847064	0
3.71254	0.000936684	0.334169	0.0744596	0
3.7123	0.000949388	0.367586	0.0778752	0
3.71366	0.000960723	0.417711	0.0829986	0
3.71298	0.000961049	0.401003	0.0812908	0
3.71283	0.000952124	0.434419	0.0847064	0
3.71311	0.00094613	0.267335	0.0666038	0
3.7132	0.000942938	0.417711	0.0829986	0
3.7126	0.000933752	0.467836	0.0877804	0
3.71411	0.000973622	0.551378	0.0952947	0
3.71432	0.000957336	0.434419	0.0847064	0
3.71441	0.000988802	0.584795	0.101101	0
3.7143	0.000978639	0.434419	0.0847064	0
3.71345	0.000952059	0.384294	0.0799246	0
3.71345	0.000945479	0.334169	0.0744596	0
3.71403	0.000963329	0.484545	0.0894882	0
3.71349	0.000936423	0.350877	0.0761674	0
3.71176	0.000919876	0.417711	0.0829986	0
3.71342	0.000911798	0.367586	0.0778752	0
3.71409	0.000947303	0.300752	0.0707025	0
3.71288	0.000939876	0.300752	0.0707025	0
3.71353	0.000925609	0.284043	0.0686532	0
3.71461	0.000944827	0.451128	0.0864142	0
3.71425	0.000943199	0.501253	0.0908544	0
3.71399	0.00093043	0.267335	0.0666038	0
3.7134	0.000931081	0.401003	0.0847064	0
3.71451	0.000963655	0.451128	0.0864142	0
3.71387	0.000944306	0.484545	0.0894882	0
3.71318	0.000949974	0.31746	0.0724103	0
3.71257	0.00092398	0.300752	0.0707025	0
3.71373	0.000915641	0.384294	0.0799246	0
3.71302	0.000941831	0.350877	0.0761674	0
3.7138	0.000958573	0.417711	0.0829986	0
3.71333	0.000933492	0.367586	0.0778752	0
3.71314	0.000929062	0.434419	0.0847064	0
3.71426	0.00095714	0.451128	0.0864142	0
3.71527	0.000956489	0.484545	0.0925622	0
3.71485	0.0009503	0.367586	0.0778752	0
3.71464	0.000954208	0.350877	0.0761674	0
3.71461	0.000915511	0.300752	0.0707025	0
3.71523	0.000955055	0.568087	0.0997349	0
3.71577	0.00097043	0.53467	0.0939285	0
3.71507	0.000961114	0.434419	0.0847064	0
3.71364	0.000940202	0.367586	0.0778752	0
3.71421	0.000929843	0.267335	0.0666038	0
3.71542	0.000947824	0.618212	0.10076	0
3.71625	0.000938703	0.384294	0.0833402	0
3.71539	0.00094157	0.367586	0.0778752	0
3.71543	0.000909127	0.350877	0.0761674	0
3.71491	0.000939616	0.300752	0.0707025	0
3.71501	0.000944306	0.434419	0.0847064	0
3.71496	0.000920788	0.267335	0.0666038	0
3.71537	0.000927498	0.384294	0.0799246	0
3.71499	0.000929974	0.384294	0.0799246	0
3.71554	0.000933361	0.384294	0.0833402	0
3.71535	0.000949453	0.401003	0.0812908	0
3.71575	0.000936554	0.350877	0.0761674	0
3.71615	0.000935511	0.467836	0.0877804	0
3.71576	0.000945218	0.451128	0.0864142	0
3.71522	0.000920593	0.350877	0.0833402	0
3.71538	0.000910169	0.284043	0.0686532	0
3.71557	0.000942938	0.417711	0.0829986	0
3.71635	0.000951081	0.334169	0.0744596	0
3.71658	0.000933752	0.284043	0.0686532	0
3.71722	0.000936032	0.401003	0.0812908	0
3.71713	0.000932514	0.350877	0.0761674	0
3.71617	0.000948997	0.350877	0.0761674	0
3.71653	0.000936554	0.284043	0.0686532	0
3.71655	0.000909843	0.401003	0.0812908	0
3.71601	0.000913166	0.284043	0.0686532	0
3.71652	0.000918573	0.267335	0.0666038	0
3.71628	0.000911863	0.350877	0.0761674	0
3.71688	0.000942938	0.434419	0.0847064	0
3.71744	0.000924371	0.367586	0.0778752	0
3.71612	0.000935772	0.384294	0.0799246	0
3.71804	0.000930234	0.484545	0.0925622	0
3.71816	0.00095258	0.417711	0.0829986	0
3.71689	0.000965805	0.484545	0.0894882	0
3.71688	0.000918312	0.350877	0.0761674	0
3.71706	0.00093056	0.300752	0.0707025	0
3.71786	0.00093499	0.501253	0.0908544	0
3.71783	0.00094385	0.434419	0.0847064	0
3.71618	0.000905739	0.284043	0.0686532	0
3.71773	0.000934729	0.401003	0.0812908	0
3.71789	0.000953296	0.434419	0.0847064	0
3.71758	0.000938443	0.384294	0.0799246	0
3.71699	0.000942873	0.434419	0.0847064	0
3.7183	0.000930039	0.284043	0.0686532	0
3.71746	0.000951668	0.384294	0.0799246	0
3.71715	0.000932319	0.284043	0.0686532	0
3.71725	0.000940332	0.31746	0.0724103	0
3.71705	0.000925479	0.284043	0.0686532	0
3.71738	0.000932645	0.31746	0.0724103	0
3.71841	0.00091714	0.350877	0.0761674	0
3.7177	0.000925218	0.434419	0.0847064	0
3.71792	0.000942417	0.384294	0.0799246	0
3.71992	0.000938573	0.367586	0.0778752	0
3.7178	0.000920983	0.31746	0.0724103	0
3.71825	0.000928541	0.334169	0.0744596	0
3.71881	0.000935707	0.451128	0.0864142	0
3.71977	0.000962873	0.434419	0.0847064	0
3.71854	0.00095499	0.417711	0.0829986	0
3.71767	0.000930821	0.367586	0.0778752	0
3.71779	0.000942808	0.384294	0.0799246	0
3.71867	0.000931537	0.300752	0.0707025	0
3.71904	0.000941896	0.434419	0.0847064	0
3.71828	0.000911863	0.267335	0.0666038	0
3.72	0.000916423	0.618212	0.10076	0
3.71979	0.000938182	0.300752	0.0707025	0
3.71835	0.000929387	0.350877	0.0761674	0
3.71933	0.000923654	0.417711	0.0829986	0
3.71873	0.000905478	0.334169	0.0744596	0
3.71834	0.000913101	0.384294	0.0799246	0
3.71965	0.000927889	0.401003	0.0812908	0
3.7193	0.000918117	0.334169	0.0744596	0
3.71917	0.000930495	0.31746	0.0724103	0
3.71954	0.000932319	0.267335	0.0666038	0
3.72026	0.000932124	0.31746	0.0724103	0
3.71949	0.00093499	0.284043	0.0686532	0
3.72003	0.000938834	0.417711	0.0864142	0
3.72024	0.000916619	0.300752	0.0707025	0
3.72085	0.000918247	0.451128	0.0864142	0
3.72175	0.000943524	0.417711	0.0829986	0
3.72084	0.00093499	0.434419	0.0847064	0
3.7193	0.000912058	0.334169	0.0744596	0
3.71931	0.000913882	0.284043	0.0686532	0
3.71959	0.000936684	0.350877	0.0761674	0
3.71964	0.000921635	0.31746	0.0724103	0
3.72098	0.000927433	0.367586	0.0778752	0
3.7213	0.000936749	0.31746	0.0724103	0
3.71947	0.000890495	0.21721	0.0601142	0
3.71877	0.000897465	0.267335	0.0666038	0
3.71996	0.000921765	0.284043	0.0686532	0
3.71982	0.000918899	0.350877	0.0799246	0
3.72058	0.000927433	0.401003	0.0812908	0
3.7214	0.000911863	0.417711	0.0829986	0
3.72066	0.000895316	0.250627	0.0645545	0
3.72087	0.000943785	0.300752	0.0707025	0
3.72039	0.000939159	0.384294	0.0833402	0
3.72078	0.000929387	0.21721	0.0601142	0
3.72095	0.000922808	0.334169	0.0782168	0
3.72029	0.000925218	0.300752	0.0707025	0
3.72078	0.000911081	0.250627	0.0645545	0
3.72196	0.000919876	0.417711	0.0829986	0
3.72168	0.000935707	0.350877	0.0761674	0
3.72193	0.000916163	0.401003	0.0812908	0
3.72176	0.000919615	0.300752	0.0707025	0
3.72174	0.000908475	0.31746	0.0724103	0
3.72148	0.000923394	0.31746	0.0724103	0
3.72115	0.000904697	0.300752	0.0707025	0
3.72085	0.000900918	0.284043	0.0686532	0
3.72173	0.000911081	0.250627	0.0645545	0
3.72155	0.000927759	0.350877	0.0761674	0
3.72201	0.00092841	0.233918	0.0625051	0
3.72192	0.000913687	0.334169	0.0744596	0
3.72277	0.000906521	0.300752	0.0707025	0
3.72225	0.000918768	0.367586	0.0778752	0
3.72201	0.00091271	0.434419	0.0847064	0
3.72111	0.000908801	0.267335	0.0666038	0
3.72079	0.000933101	0.334169	0.0744596	0
3.7213	0.000930234	0.434419	0.088122	0
3.72195	0.000890299	0.300752	0.0707025	0
3.72279	0.000918182	0.350877	0.0761674	0
3.72267	0.000947238	0.384294	0.0799246	0
3.72166	0.000918247	0.300752	0.0707025	0
3.72191	0.000883915	0.233918	0.0625051	0
3.72236	0.000903654	0.284043	0.0686532	0
3.72237	0.000915511	0.31746	0.0724103	0
3.7229	0.000915772	0.183793	0.0553324	0
3.7231	0.000901244	0.233918	0.0625051	0
3.72366	0.000923915	0.284043	0.0686532	0
3.72298	0.000913752	0.233918	0.0625051	0
3.72329	0.000899224	0.284043	0.0686532	0
3.72303	0.000914599	0.233918	0.0625051	0
3.72428	0.000909322	0.53467	0.0939285	0
3.72428	0.000897465	0.21721	0.0601142	0
3.72314	0.00089929	0.300752	0.0707025	0
3.72388	0.000902612	0.200501	0.0577233	0
3.72505	0.00092385	0.451128	0.0864142	0
3.7247	0.000932971	0.334169	0.0744596	0
3.72351	0.000928931	0.300752	0.0707025	0
3.72291	0.00091056	0.250627	0.0645545	0
3.7227	0.000902677	0.284043	0.0686532	0
3.72344	0.000901048	0.167084	0.0525999	0
3.72432	0.000915576	0.300752	0.0707025	0
3.72454	0.000915707	0.21721	0.0601142	0
3.7233	0.000916097	0.284043	0.0686532	0
3.72335	0.000931146	0.21721	0.0601142	0
3.72394	0.00090411	0.267335	0.0666038	0
3.72499	0.000927238	0.334169	0.0744596	0
3.72521	0.000917987	0.250627	0.0645545	0
3.72448	0.000888084	0.250627	0.0645545	0
3.72443	0.000899876	0.284043	0.0686532	0
3.72538	0.000909908	0.200501	0.0625051	0
3.72559	0.000903068	0.233918	0.0625051	0
3.72505	0.000922482	0.417711	0.0829986	0
3.72546	0.000901505	0.300752	0.0707025	0
3.72448	0.000917466	0.401003	0.0812908	0
3.72454	0.00093929	0.401003	0.0812908	0
3.72495	0.000912905	0.334169	0.0744596	0
3.72539	0.000924111	0.300752	0.0707025	0
3.72505	0.000916228	0.284043	0.0686532	0
3.72456	0.000905218	0.284043	0.0686532	0
3.72493	0.000900788	0.250627	0.0645545	0
3.72593	0.00093258	0.250627	0.0645545	0
3.72536	0.000915446	0.300752	0.0744596	0
3.72544	0.000938834	0.300752	0.0707025	0
3.72619	0.000932319	0.31746	0.0761674	0
3.72607	0.000944176	0.200501	0.0577233	0
3.72498	0.000915511	0.233918	0.0625051	0
3.72526	0.000918312	0.334169	0.0744596	0
3.72681	0.000913492	0.267335	0.0666038	0
3.72602	0.000909713	0.300752	0.0707025	0
3.72648	0.000926195	0.334169	0.0744596	0
3.72706	0.000945935	0.467836	0.0877804	0
3.72583	0.000890364	0.200501	0.0577233	0
3.72538	0.000899355	0.401003	0.0812908	0
3.72741	0.000884631	0.233918	0.0625051	0
3.72773	0.000905739	0.267335	0.0666038	0
3.72713	0.000900723	0.300752	0.0707025	0
3.72704	0.000910039	0.233918	0.0625051	0
3.72679	0.000913361	0.233918	0.0625051	0
3.7271	0.000898638	0.233918	0.0625051	0
3.72709	0.000908866	0.31746	0.0724103	0
3.72685	0.000916619	0.31746	0.0724103	0
3.72642	0.000894338	0.21721	0.0601142	0
3.72654	0.000899876	0.350877	0.0761674	0
3.7279	0.000896358	0.21721	0.0601142	0
3.72701	0.000908671	0.350877	0.0761674	0
3.72653	0.000915055	0.367586	0.0778752	0
3.72699	0.00091056	0.267335	0.0666038	0
3.72664	0.000888801	0.21721	0.0601142	0
3.72636	0.000887172	0.233918	0.0625051	0
3.72704	0.000887758	0.200501	0.0577233	0
3.72784	0.000899615	0.233918	0.0625051	0
3.72697	0.000894664	0.284043	0.0686532	0
3.72695	0.000908215	0.233918	0.0625051	0
3.72772	0.00090411	0.300752	0.0707025	0
3.7284	0.000915381	0.334169	0.0744596	0
3.72794	0.000893101	0.284043	0.0686532	0
3.72701	0.000896879	0.200501	0.0577233	0
3.72799	0.000916423	0.367586	0.0778752	0
3.72885	0.000909974	0.267335	0.0666038	0
3.72777	0.000894143	0.133668	0.047135	0
3.72849	0.000894143	0.284043	0.0686532	0
3.72935	0.00090411	0.31746	0.0724103	0
3.72869	0.000886586	0.150376	0.050209	0
3.72732	0.000903915	0.183793	0.0553324	0
3.72881	0.000875315	0.183793	0.0553324	0
3.72939	0.000915511	0.31746	0.0724103	0
3.72851	0.00091942	0.334169	0.0744596	0
3.72894	0.000942743	0.31746	0.0724103	0
3.72922	0.000909192	0.31746	0.0761674	0
3.72925	0.000896293	0.250627	0.0645545	0
3.72873	0.000892645	0.200501	0.0577233	0
3.72892	0.000893426	0.267335	0.0666038	0
3.72862	0.000876097	0.133668	0.047135	0
3.72856	0.000899811	0.267335	0.0666038	0
3.72904	0.000924501	0.334169	0.0744596	0
3.72917	0.000912514	0.233918	0.0625051	0
3.72957	0.000894534	0.250627	0.0645545	0
3.73022	0.000901895	0.21721	0.0601142	0
3.73031	0.000930495	0.350877	0.0761674	0
3.73002	0.000889322	0.21721	0.0601142	0
3.73062	0.000904632	0.300752	0.0707025	0
3.7302	0.000905218	0.250627	0.0645545	0
3.72956	0.000888345	0.250627	0.0645545	0
3.72972	0.000884892	0.284043	0.0686532	0
3.73008	0.000903459	0.250627	0.0645545	0
3.72958	0.000884827	0.200501	0.0577233	0
3.72969	0.000887758	0.233918	0.0625051	0
3.72999	0.000883003	0.250627	0.0645545	0
3.72969	0.000902547	0.284043	0.0686532	0
3.73055	0.000880918	0.233918	0.0625051	0
3.73084	0.000897791	0.31746	0.0724103	0
3.73059	0.000906065	0.200501	0.0577233	0
3.73109	0.000910625	0.384294	0.0799246	0
3.73113	0.000885022	0.233918	0.0625051	0
3.73056	0.000892514	0.300752	0.0707025	0
3.73079	0.000894403	0.167084	0.0525999	0
3.73143	0.000897596	0.334169	0.0744596	0
3.7309	0.000884762	0.200501	0.0577233	0
3.73161	0.000916553	0.334169	0.0744596	0
3.73194	0.000912775	0.284043	0.0686532	0
3.73113	0.00086639	0.267335	0.0666038	0
3.73059	0.000886651	0.21721	0.0601142	0
3.731	0.000877465	0.167084	0.0525999	0
3.73106	0.00087714	0.284043	0.0686532	0
3.73173	0.000904306	0.233918	0.0625051	0
3.73207	0.000908931	0.284043	0.0686532	0
3.73146	0.000922612	0.250627	0.0645545	0
3.73203	0.000920137	0.434419	0.0847064	0
3.73239	0.000915251	0.250627	0.0645545	0
3.73193	0.000886195	0.300752	0.0707025	0
3.73093	0.000876814	0.183793	0.0553324	0
3.73121	0.000871081	0.100251	0.040987	0
3.73204	0.000880657	0.350877	0.0761674	0
3.73301	0.000882482	0.250627	0.0645545	0
3.73229	0.000893622	0.183793	0.0553324	0
3.73331	0.000940267	0.384294	0.0799246	0
3.73322	0.000933361	0.31746	0.0724103	0
3.73261	0.000934013	0.350877	0.0761674	0
3.73231	0.000883198	0.250627	0.0645545	0
3.73246	0.000889713	0.300752	0.0707025	0
3.73233	0.000903394	0.267335	0.0666038	0
3.73242	0.000904241	0.200501	0.0577233	0
3.73292	0.00092626	0.350877	0.0799246	0
3.73432	0.000920267	0.200501	0.0577233	0
3.73338	0.00089069	0.284043	0.0686532	0
3.73218	0.000876618	0.133668	0.047135	0
3.73278	0.00085968	0.150376	0.050209	0
3.73335	0.000874664	0.284043	0.0686532	0
3.73336	0.000889452	0.300752	0.0744596	0
3.73322	0.000901114	0.267335	0.0666038	0
3.73361	0.00089069	0.167084	0.0525999	0
3.73435	0.000920983	0.300752	0.0707025	0
3.73468	0.000921179	0.284043	0.0686532	0
3.73484	0.000907954	0.21721	0.0601142	0
3.73479	0.000906781	0.267335	0.0666038	0
3.73516	0.00090385	0.267335	0.0666038	0
3.73444	0.000877596	0.167084	0.0525999	0
3.73459	0.000894208	0.21721	0.0601142	0
3.73476	0.000905088	0.183793	0.0553324	0
3.73344	0.000907824	0.183793	0.0553324	0
3.73413	0.000889778	0.200501	0.0577233	0
3.73505	0.000911602	0.233918	0.0625051	0
3.73372	0.000890625	0.21721	0.0601142	0
3.73379	0.000873491	0.183793	0.0553324	0
3.73541	0.000887107	0.233918	0.0625051	0
3.73534	0.000936228	0.233918	0.0625051	0
3.7355	0.000922938	0.300752	0.0707025	0
3.73611	0.000917856	0.350877	0.0761674	0
3.73435	0.00089297	0.21721	0.0601142	0
3.73437	0.000907237	0.350877	0.0761674	0
3.7353	0.000882677	0.150376	0.050209	0
3.73442	0.000884371	0.250627	0.0645545	0
3.73547	0.000869778	0.233918	0.0625051	0
3.73538	0.000879355	0.233918	0.0625051	0
3.73521	0.000901895	0.300752	0.0707025	0
3.7351	0.00089525	0.200501	0.0577233	0
3.73452	0.000890364	0.133668	0.047135	0
3.73492	0.000883133	0.233918	0.0625051	0
3.73601	0.000879811	0.350877	0.0761674	0
3.73622	0.000908019	0.284043	0.0686532	0
3.73582	0.000918703	0.21721	0.0645545	0
3.73543	0.000863198	0.100251	0.040987	0
3.73536	0.000880006	0.21721	0.0601142	0
3.73694	0.000902938	0.267335	0.0666038	0
3.73656	0.000893687	0.250627	0.0645545	0
3.73617	0.000906847	0.167084	0.0525999	0
3.73617	0.000883328	0.267335	0.0666038	0
3.73661	0.000885153	0.183793	0.0553324	0
3.73638	0.000886586	0.250627	0.0645545	0
3.73585	0.000870495	0.167084	0.0525999	0
3.73691	0.000896488	0.300752	0.0707025	0
3.73812	0.000883589	0.183793	0.0553324	0
3.73688	0.000909908	0.250627	0.0645545	0
3.73699	0.000899355	0.183793	0.0553324	0
3.73729	0.0009217	0.250627	0.0645545	0
3.73694	0.000869843	0.183793	0.0553324	0
3.73695	0.000877921	0.284043	0.0686532	0
3.73772	0.000895185	0.300752	0.0707025	0
3.73742	0.000911342	0.350877	0.0761674	0
3.73736	0.000909192	0.284043	0.0686532	0
3.73806	0.000883003	0.183793	0.0553324	0
3.73765	0.000883589	0.150376	0.050209	0
3.73761	0.000884892	0.233918	0.0625051	0
3.73719	0.000873491	0.167084	0.0525999	0
3.73923	0.000895446	0.233918	0.0666038	0
3.73979	0.000893687	0.284043	0.0686532	0
3.73813	0.000877009	0.167084	0.0525999	0
3.73725	0.000881179	0.150376	0.050209	0
3.73752	0.000871667	0.133668	0.047135	0
3.73907	0.000886586	0.21721	0.0601142	0
3.73904	0.000890951	0.200501	0.0577233	0
3.73938	0.000911472	0.267335	0.0666038	0
3.73839	0.000888084	0.21721	0.0601142	0
3.73748	0.000852579	0.100251	0.040987	0
3.73739	0.000889322	0.150376	0.050209	0
3.73763	0.000877009	0.150376	0.050209	0
3.73925	0.000865999	0.183793	0.0553324	0
3.73949	0.000880332	0.167084	0.0525999	0
3.73954	0.00088639	0.167084	0.0525999	0
3.7383	0.000871341	0.167084	0.0525999	0
3.73849	0.000876683	0.21721	0.0601142	0
3.74039	0.000899029	0.150376	0.050209	0
3.73913	0.000890951	0.300752	0.0707025	0
3.73987	0.00087942	0.233918	0.0625051	0
3.73826	0.00087727	0.100251	0.040987	0
3.7382	0.00086626	0.167084	0.0525999	0
3.7398	0.000869713	0.200501	0.0577233	0
3.73988	0.000882416	0.250627	0.0645545	0
3.74	0.000903524	0.250627	0.0645545	0
3.74	0.000890104	0.267335	0.0666038	0
3.73965	0.000874794	0.100251	0.040987	0
3.74057	0.000879224	0.267335	0.0666038	0
3.73986	0.000879355	0.0835422	0.0372298	0
3.73896	0.000882872	0.133668	0.047135	0
3.73968	0.000882351	0.100251	0.040987	0
3.7404	0.000912905	0.250627	0.0645545	0
3.74101	0.000894469	0.31746	0.0724103	0
3.74024	0.000908996	0.31746	0.0724103	0
3.73991	0.000893491	0.21721	0.0601142	0
3.73915	0.000875315	0.133668	0.047135	0
3.73971	0.000870755	0.233918	0.0625051	0
3.7408	0.000892645	0.200501	0.0577233	0
3.74043	0.000893361	0.150376	0.050209	0
3.73921	0.000900267	0.21721	0.0601142	0
3.74035	0.000875381	0.183793	0.0553324	0
3.74138	0.000883198	0.200501	0.0625051	0
3.74163	0.000890039	0.267335	0.0666038	0
3.74148	0.00087512	0.116959	0.044061	0
3.74138	0.0008817	0.300752	0.0707025	0
3.74255	0.000880983	0.150376	0.050209	0
3.74145	0.000874794	0.200501	0.0577233	0
3.74168	0.000872188	0.200501	0.0577233	0
3.74223	0.00087082	0.21721	0.0601142	0
3.74223	0.000865869	0.233918	0.0625051	0
3.74281	0.000877596	0.167084	0.0525999	0
3.74243	0.00089082	0.284043	0.0686532	0
3.74292	0.000882807	0.233918	0.0625051	0
3.74218	0.000885739	0.21721	0.0601142	0
3.742	0.000888866	0.183793	0.0553324	0
3.74274	0.000885087	0.183793	0.0553324	0
3.7431	0.000884241	0.21721	0.0601142	0
3.74207	0.000877921	0.150376	0.050209	0
0	0	0	0	0
0	0	0	0	0
0	0	0	0	0
0	0	0	0	0
0	0	0	0	0
0	0	0	0	0
0	0	0	0	0
0	0	0	0	0
0	0	0	0	0
0	0	0	0	0
0	0	0	0	0
0	0	0	0	0
0	0	0	0	0
0	0	0	0	0
0	0	0	0	0
0	0	0	0	0
0	0	0	0	0
0	0	0	0	0
0	0	0	0	0
0	0	0	0	0
0	0	0	0	0
0	0	0	0	0
0	0	0	0	0
0	0	0	0	0
0	0	0	0	0
0	0	0	0	0
0	0	0	0	0
0	0	0	0	0
0	0	0	0	0
0	0	0	0	0
0	0	0	0	0
0	0	0	0	0
0	0	0	0	0
0	0	0	0	0
0	0	0	0	0
0	0	0	0	0
0	0	0	0	0
0	0	0	0	0
0	0	0	0	0
0	0	0	0	0
0	0	0	0	0
0	0	0	0	0
0	0	0	0	0
0	0	0	0	0
0	0	0	0	0
0	0	0	0	0
0	0	0	0	0
0	0	0	0	0
0	0	0	0	0
0	0	0	0	0
0	0	0	0	0
0	0	0	0	0
0	0	0	0	0
0	0	0	0	0
0	0	0	0	0
0	0	0	0	0
0	0	0	0	0
0	0	0	0	0
0	0	0	0	0
0	0	0	0	0
0	0	0	0	0
0	0	0	0	0
0	0	0	0	0
0	0	0	0	0
0	0	0	0	0
0	0	0	0	0
0	0	0	0	0
0	0	0	0	0
0	0	0	0	0
0	0	0	0	0
0	0	0	0	0
0	0	0	0	0
0	0	0	0	0
0	0	0	0	0
0	0	0	0	0
0	0	0	0	0
0	0	0	0	0
0	0	0	0	0
0	0	0	0	0
0	0	0	0	0
0	0	0	0	0
0	0	0	0	0
0	0	0	0	0
0	0	0	0	0
0	0	0	0	0
0	0	0	0	0
0	0	0	0	0
0	0	0	0	0
0	0	0	0	0
0	0	0	0	0
0	0	0	0	0
0	0	0	0	0
0	0	0	0	0
0	0	0	0	0
0	0	0	0	0
0	0	0	0	0
0	0	0	0	0
0	0	0	0	0
0	0	0	0	0
0	0	0	0	0
0	0	0	0	0
0	0	0	0	0
0	0	0	0	0
0	0	0	0	0
0	0	0	0	0
0	0	0	0	0
0	0	0	0	0
0	0	0	0	0
0	0	0	0	0
0	0	0	0	0
0	0	0	0	0
0	0	0	0	0
0	0	0	0	0
0	0	0	0	0
0	0	0	0	0
0	0	0	0	0
0	0	0	0	0
0	0	0	0	0
0	0	0	0	0
0	0	0	0	0
0	0	0	0	0
0	0	0	0	0
0	0	0	0	0
0	0	0	0	0
0	0	0	0	0
0	0	0	0	0
0	0	0	0	0
0	0	0	0	0
0	0	0	0	0
0	0	0	0	0
0	0	0	0	0
0	0	0	0	0
0	0	0	0	0
0	0	0	0	0
0	0	0	0	0
0	0	0	0	0
0	0	0	0	0
0	0	0	0	0
0	0	0	0	0
0	0	0	0	0
0	0	0	0	0
0	0	0	0	0
0	0	0	0	0
0	0	0	0	0
0	0	0	0	0
0	0	0	0	0
0	0	0	0	0
0	0	0	0	0
0	0	0	0	0
0	0	0	0	0
0	0	0	0	0
0	0	0	0	0
0	0	0	0	0
0	0	0	0	0
0	0	0	0	0
0	0	0	0	0
0	0	0	0	0
0	0	0	0	0
0	0	0	0	0
0	0	0	0	0
0	0	0	0	0
0	0	0	0	0
0	0	0	0	0
0	0	0	0	0
0	0	0	0	0
0	0	0	0	0
0	0	0	0	0
0	0	0	0	0
0	0	0	0	0
0	0	0	0	0
0	0	0	0	0
0	0	0	0	0
0	0	0	0	0
0	0	0	0	0
0	0	0	0	0
0	0	0	0	0
0	0	0	0	0
0	0	0	0	0
0	0	0	0	0
0	0	0	0	0
0	0	0	0	0
0	0	0	0	0
0	0	0	0	0
0	0	0	0	0
0	0	0	0	0
0	0	0	0	0
0	0	0	0	0
0	0	0	0	0
0	0	0	0	0
0	0	0	0	0
0	0	0	0	0
0	0	0	0	0
0	0	0	0	0
0	0	0	0	0
0	0	0	0	0
0	0	0	0	0
0	0	0	0	0
0	0	0	0	0
0	0	0	0	0
0	0	0	0	0
0	0	0	0	0
0	0	0	0	0
0	0	0	0	0
0	0	0	0	0
0	0	0	0	0
0	0	0	0	0
0	0	0	0	0
0	0	0	0	0
0	0	0	0	0
0	0	0	0	0
0	0	0	0	0
0	0	0	0	0
0	0	0	0	0
0	0	0	0	0
0	0	0	0	0
0	0	0	0	0
0	0	0	0	0
0	0	0	0	0
0	0	0	0	0
0	0	0	0	0
0	0	0	0	0
0	0	0	0	0
0	0	0	0	0
0	0	0	0	0
0	0	0	0	0
0	0	0	0	0
0	0	0	0	0
0	0	0	0	0
0	0	0	0	0
0	0	0	0	0
0	0	0	0	0
0	0	0	0	0
0	0	0	0	0
0	0	0	0	0
0	0	0	0	0
0	0	0	0	0
0	0	0	0	0
0	0	0	0	0
0	0	0	0	0
0	0	0	0	0
0	0	0	0	0
0	0	0	0	0
0	0	0	0	0
0	0	0	0	0
0	0	0	0	0
0	0	0	0	0
0	0	0	0	0
0	0	0	0	0
0	0	0	0	0
0	0	0	0	0
0	0	0	0	0
0	0	0	0	0
0	0	0	0	0
0	0	0	0	0
0	0	0	0	0
0	0	0	0	0
0	0	0	0	0
0	0	0	0	0
0	0	0	0	0
0	0	0	0	0
0	0	0	0	0
0	0	0	0	0
0	0	0	0	0
0	0	0	0	0
0	0	0	0	0
0	0	0	0	0
0	0	0	0	0
0	0	0	0	0
0	0	0	0	0
0	0	0	0	0
0	0	0	0	0
0	0	0	0	0
0	0	0	0	0
0	0	0	0	0
0	0	0	0	0
0	0	0	0	0
0	0	0	0	0
0	0	0	0	0
0	0	0	0	0
0	0	0	0	0
0	0	0	0	0
0	0	0	0	0
0	0	0	0	0
0	0	0	0	0
0	0	0	0	0
0	0	0	0	0
0	0	0	0	0
0	0	0	0	0
0	0	0	0	0
0	0	0	0	0
0	0	0	0	0
0	0	0	0	0
0	0	0	0	0
0	0	0	0	0
0	0	0	0	0
0	0	0	0	0
0	0	0	0	0
0	0	0	0	0
0	0	0	0	0
0	0	0	0	0
0	0	0	0	0
0	0	0	0	0
0	0	0	0	0
0	0	0	0	0
0	0	0	0	0
0	0	0	0	0
0	0	0	0	0
0	0	0	0	0
0	0	0	0	0
0	0	0	0	0
0	0	0	0	0
0	0	0	0	0
0	0	0	0	0
0	0	0	0	0
0	0	0	0	0
0	0	0	0	0
0	0	0	0	0
0	0	0	0	0
0	0	0	0	0
0	0	0	0	0
0	0	0	0	0
0	0	0	0	0
0	0	0	0	0
0	0	0	0	0
0	0	0	0	0
0	0	0	0	0
0	0	0	0	0
0	0	0	0	0
0	0	0	0	0
0	0	0	0	0
0	0	0	0	0
0	0	0	0	0
0	0	0	0	0
0	0	0	0	0
0	0	0	0	0
0	0	0	0	0
0	0	0	0	0
0	0	0	0	0
0	0	0	0	0
0	0	0	0	0
0	0	0	0	0
0	0	0	0	0
0	0	0	0	0
0	0	0	0	0
0	0	0	0	0
0	0	0	0	0
0	0	0	0	0
0	0	0	0	0
0	0	0	0	0
0	0	0	0	0
0	0	0	0	0
0	0	0	0	0
0	0	0	0	0
0	0	0	0	0
0	0	0	0	0
0	0	0	0	0
0	0	0	0	0
0	0	0	0	0
0	0	0	0	0
0	0	0	0	0
0	0	0	0	0
0	0	0	0	0
0	0	0	0	0
0	0	0	0	0
0	0	0	0	0
0	0	0	0	0
0	0	0	0	0
0	0	0	0	0
0	0	0	0	0
0	0	0	0	0
0	0	0	0	0
0	0	0	0	0
0	0	0	0	0
0	0	0	0	0
0	0	0	0	0
0	0	0	0	0
0	0	0	0	0
0	0	0	0	0
0	0	0	0	0
0	0	0	0	0
0	0	0	0	0
0	0	0	0	0
0	0	0	0	0
0	0	0	0	0
0	0	0	0	0
0	0	0	0	0
0	0	0	0	0
0	0	0	0	0
0	0	0	0	0
0	0	0	0	0
0	0	0	0	0
0	0	0	0	0
0	0	0	0	0
0	0	0	0	0
0	0	0	0	0
0	0	0	0	0
0	0	0	0	0
0	0	0	0	0
0	0	0	0	0
0	0	0	0	0
