a2610819.350167
Narit-cm 08/01/2026 19:05:02 08/01/2026 19:35:01 0045 0013.384714 0052.542598 00.0 00.0
0002390 0010 0000000 0010 05 0000000 0010 0000000 0010
1 0 1 01600 1 0000 3.75 00000.o 0 0 01 000 16 002390 0.500 BT0
1 2 1 02000 1 0000 3.75 00000.o 0 0 01 000 16 002390 0.500 S2A0
1 1 1 01600 1 0000 3.75 00000.o 0 0 00 000 00 002390 3.1746 BC0
1 3 1 02000 1 0000 3.75 00000.o 0 0 00 000 00 002390 3.1746 S2P0
1 5 0 01600 0 0000 1.00 00000.o 0 0 00 000 00 000000 0.000 OF0
0.000 .o Analog 0 	0.000 .o Analog StErr 0 	0.000 .o Photon Counting 0 	0.000 .o PC StErr 0 	0.000 .o Overflow Info 0 
22.5863	0.11643	183.247	0.894391	0
53.2808	0.375634	194.762	0.86597	0
263.31	2.39498	99.9665	1.36864	0
472.926	0.0642597	0.23431	0.0623197	0
473.457	0	0	0	0
473.457	0	0.0502092	0.0291054	0
473.457	9.01287E-6	20.1339	0.619088	0
473.457	1.27356E-5	17.0711	0.563959	0
473.457	9.01287E-6	12.5356	0.488628	0
473.457	0	33.7908	0.731401	0
473.457	0	78.2427	0.980679	0
473.457	9.01287E-6	133.791	1.06217	0
473.457	0	157.69	1.08169	0
473.457	0	133.858	1.04505	0
473.457	0	107.967	0.984104	0
473.457	0	107.079	0.980679	0
473.457	9.01287E-6	113.958	0.933084	0
473.457	0	131.347	0.940274	0
473.457	0	128.285	0.937193	0
473.457	0	127.431	0.941302	0
473.457	0	140.787	0.937193	0
473.457	0	158.594	0.90706	0
473.457	0	175.632	0.918017	0
473.457	0	187.715	0.940274	0
473.457	0	193.874	0.905348	0
473.457	0	199.331	0.897472	0
473.457	6.40045E-6	202.711	0.896787	0
473.457	0	202.778	0.895418	0
473.457	6.40045E-6	203.715	0.88446	0
473.457	1.10375E-5	203.046	0.912196	0
474.841	0.116125	201.958	0.901239	1
486.125	0.263357	202.929	0.891651	1
497.182	0.159416	201.774	0.881721	1
499.968	0.0173847	201.473	0.902951	1
500	0	204.335	0.901924	1
499.991	0.00574316	202.092	0.899527	1
496.281	0.204526	202.059	0.881036	1
474.066	0.55214	202.427	0.873846	1
433.675	0.715693	201.289	0.870421	1
385.784	0.74475	202.377	0.890624	1
337.726	0.718423	203.264	0.873161	0
292.95	0.668534	202.695	0.878297	0
250.18	0.642121	202.745	0.882064	0
209.551	0.597007	202.879	0.884118	0
172.42	0.53944	202.259	0.894391	0
138.848	0.482032	203.9	0.901924	0
109.439	0.41757	200.318	0.883433	0
84.6313	0.352803	200.669	0.863573	0
64.0763	0.291928	200.084	0.862546	0
47.7542	0.236843	199.431	0.865285	0
35.3438	0.186804	195.381	0.873161	0
26.0856	0.145233	195.883	0.882406	0
19.3963	0.112532	192.435	0.845425	0
14.7049	0.087861	191.531	0.863916	0
11.5109	0.0687103	189.088	0.837207	0
9.27958	0.0547274	188.351	0.862546	0
7.75179	0.0451496	187.331	0.864943	0
6.6986	0.037881	186.226	0.869394	0
5.91672	0.0317224	182.929	0.852616	0
5.39293	0.0283204	181.992	0.850219	0
5.04497	0.0261947	177.222	0.862203	0
4.7902	0.0248475	173.724	0.849534	0
4.59416	0.0232816	173.105	0.843371	0
4.48034	0.0222483	172.502	0.85467	0
4.45011	0.0217663	169.49	0.843371	0
4.44559	0.0213046	167.531	0.857752	0
4.42944	0.0206962	166.276	0.845425	0
4.42406	0.0203987	162.812	0.857752	0
4.44344	0.0200918	163.397	0.851246	0
4.4675	0.0201398	161.506	0.826592	0
4.50336	0.0201503	159.766	0.852616	0
4.53232	0.0192768	157.958	0.843713	0
4.56114	0.0184277	156.854	0.831386	0
4.6233	0.0190235	156.017	0.841316	0
4.67814	0.0187638	153.64	0.845767	0
4.68662	0.0184068	154.025	0.835153	0
4.72547	0.0182018	152.502	0.831386	0
4.80403	0.0178678	150.979	0.842001	0
4.84854	0.0179545	150.31	0.846452	0
4.8835	0.0170791	150.561	0.859122	0
4.9415	0.01704	149.657	0.84748	0
5.00844	0.01696	147.565	0.842343	0
5.0598	0.0171748	148.301	0.8646	0
5.13378	0.0172396	146.109	0.860149	0
5.21848	0.0166372	147.18	0.82625	0
5.27362	0.0167545	146.46	0.833098	0
5.30504	0.0165774	144.987	0.831728	0
5.35429	0.0164	145.222	0.854328	0
5.41694	0.0158352	143.632	0.853985	0
5.47427	0.0160587	144.787	0.841316	0
5.51151	0.0160272	143.096	0.850904	0
5.55195	0.0156167	143.113	0.839604	0
5.62161	0.0155995	143.531	0.842686	0
5.68904	0.0155749	141.49	0.837207	0
5.75584	0.0157126	141.791	0.83344	0
5.79917	0.0153957	140.418	0.832413	0
5.82814	0.0156119	141.255	0.832413	0
5.88663	0.0155446	139.582	0.880009	0
5.9368	0.0152729	138.795	0.840631	0
5.96262	0.0150523	140.519	0.831044	0
6.02821	0.0152288	138.31	0.843028	0
6.08903	0.0148789	138.946	0.83481	0
6.12128	0.0147067	138.092	0.873161	0
6.16798	0.0148789	136.854	0.826592	0
6.20077	0.0147321	137.607	0.83618	0
6.24735	0.0151788	136.887	0.862203	0
6.31821	0.0198813	137.824	0.836865	0
6.31561	0.0161562	137.674	0.853643	0
6.30356	0.0148897	137.423	0.858094	1
6.35407	0.0149013	135.833	0.83344	0
6.36833	0.0145355	133.439	0.850561	0
6.38376	0.0143029	133.791	0.817347	0
6.43522	0.014175	135.297	0.832756	0
6.45962	0.0145318	133.808	0.841316	0
6.45237	0.0145272	132.117	0.84474	0
6.45046	0.0143328	132.603	0.84474	0
6.47406	0.0142967	132.82	0.875558	0
6.47169	0.0143187	131.582	0.846452	0
6.46548	0.0138464	131.682	0.850904	0
6.47459	0.0140387	130.192	0.85604	0
6.46885	0.0140758	131.28	0.840974	0
6.45727	0.0140291	129.255	0.83618	0
6.45858	0.0138063	130.192	0.855698	0
6.45315	0.0137832	128.887	0.847822	0
6.43955	0.0138158	127.95	0.839262	0
6.43155	0.0137326	127.247	0.839262	0
6.42366	0.0135674	126.092	0.850904	0
6.421	0.0136148	125.188	0.864943	0
6.41139	0.0135701	125.255	0.857067	0
6.39825	0.0131709	126.728	0.846795	0
6.39632	0.0135924	123.314	0.837549	0
6.35927	0.0134695	122.477	0.818717	0
6.31206	0.0130109	122.477	0.849876	0
6.30001	0.0131398	121.289	0.883433	0
6.28573	0.0132809	121.49	0.850219	0
6.25606	0.0132293	117.774	0.847137	0
6.22153	0.0127514	118.176	0.839946	0
6.18388	0.0124359	116.519	0.853301	0
6.17914	0.0123193	116.669	0.860149	0
6.15146	0.0124757	114.326	0.851589	0
6.0744	0.0124001	113.289	0.861176	0
6.03785	0.0121489	112.318	0.844398	0
6.02902	0.0120341	113.155	0.873503	0
6.00371	0.0122511	110.862	0.862888	0
5.97715	0.0119865	110.678	0.847822	0
5.9471	0.011744	109.389	0.848849	0
5.90506	0.0118307	107.933	0.834468	0
5.86431	0.0114509	106.527	0.84748	0
5.8407	0.0115519	104.285	0.868709	0
5.82173	0.0111016	104.117	0.856382	0
5.78916	0.0111057	101.841	0.868709	0
5.76383	0.0109953	102.661	0.847137	0
5.74709	0.0108881	100.435	0.841316	0
5.71777	0.0106558	98.4603	0.84748	0
5.67366	0.0106571	98.0251	0.85604	0
5.62989	0.0106441	95.9498	0.839604	0
5.60698	0.0101958	96.569	0.843713	0
5.5862	0.00996438	95.3138	0.861176	0
5.53301	0.00975421	92.9205	0.868024	0
5.49774	0.00989189	93.3222	0.837549	0
5.49204	0.00972143	89.6736	0.848507	0
5.46577	0.00960713	89.8912	0.845425	0
5.44064	0.009556	88.636	0.842343	0
5.42697	0.00964253	86.9289	0.842001	0
5.40364	0.00944771	87.5314	0.831044	0
5.36933	0.00930037	84.0837	0.817347	0
5.32608	0.00891941	82.7782	0.852273	0
5.30742	0.00879049	83.1632	0.827277	0
5.30011	0.0087946	80.1339	0.834468	0
5.27244	0.00877083	79.5314	0.848164	0
5.25689	0.00879604	78.7448	0.822483	0
5.23285	0.00850443	76.887	0.827962	0
5.20359	0.00841371	74.8619	0.818374	0
5.18556	0.00830334	74.8452	0.814608	0
5.1676	0.00836506	73.9079	0.852616	0
5.13884	0.00816422	72.8536	0.80502	0
5.11968	0.00798573	71.9331	0.81495	0
5.1049	0.00791304	70.4268	0.817689	0
5.07564	0.00790814	68.6025	0.802281	0
5.05214	0.00773344	67.4979	0.838577	0
5.03711	0.00765748	67.0628	0.807759	0
5.01507	0.00738017	67.1967	0.822141	0
4.99366	0.00743464	65.59	0.809129	0
4.97093	0.00718731	64.1172	0.809471	0
4.94995	0.00704624	62.5105	0.776257	0
4.93174	0.00686624	61.1213	0.786529	0
4.91597	0.00686964	59.9331	0.796802	0
4.90743	0.00692528	59.4812	0.790296	0
4.89381	0.00676135	58.4603	0.780708	0
4.87733	0.00667214	57.1213	0.786872	0
4.86759	0.00666528	55.9665	0.774887	0
4.85044	0.00649508	56.7029	0.785845	0
4.83233	0.0065261	54.5439	0.78242	0
4.81443	0.00637119	53.1213	0.758794	0
4.79446	0.00626257	52.636	0.753315	0
4.77778	0.0061023	50.6778	0.772148	0
4.75455	0.00626813	49.3054	0.749206	0
4.74608	0.00619014	50.0251	0.762218	0
4.74459	0.00601002	49.2385	0.729004	0
4.7123	0.0058133	46.5941	0.748521	0
4.69157	0.0057734	45.6569	0.739961	0
4.70113	0.00551842	45.6402	0.733797	0
4.69351	0.00577875	45.7741	0.743727	0
4.67485	0.00555265	44.9874	0.723183	0
4.66747	0.00548198	44.9038	0.746467	0
4.66011	0.00552058	43.9163	0.723867	0
4.63928	0.00533105	41.523	0.711198	0
4.63114	0.00546062	41.9414	0.712568	0
4.62575	0.00525254	41.1213	0.706062	0
4.60711	0.00510945	38.9623	0.697159	0
4.59159	0.00506935	38.1925	0.689968	0
4.59076	0.00503395	38.9791	0.710171	0
4.58658	0.00502317	37.841	0.688941	0
4.57679	0.00510063	36.9874	0.717361	0
4.56613	0.00496139	36.8201	0.692708	0
4.559	0.00506556	36.636	0.691338	0
4.54384	0.00488981	34.9289	0.663945	0
4.52415	0.00472856	34.0084	0.671478	0
4.52114	0.00452218	33.9247	0.649906	0
4.52166	0.00472536	33.3891	0.664629	0
4.50812	0.00465267	32.6695	0.644427	0
4.49369	0.00442597	31.8326	0.629018	0
4.48517	0.00445549	30.795	0.621827	0
4.48023	0.00437843	30.5439	0.638948	0
4.47262	0.0042704	30.6276	0.636894	0
4.46248	0.00427099	29.4561	0.620115	0
4.4552	0.0043203	28.3682	0.634154	0
4.45103	0.00424003	29.2887	0.618746	0
4.44212	0.00417564	27.364	0.612925	0
4.43281	0.0041535	27.5481	0.61087	0
4.43174	0.00398343	28.2845	0.616349	0
4.42306	0.00400361	26.2092	0.601625	0
4.41791	0.0039528	27.0628	0.603337	0
4.41647	0.00391139	26.41	0.59957	0
4.40508	0.00382538	25.1715	0.57971	0
4.39741	0.00387932	26.477	0.59957	0
4.39431	0.00384869	24.9038	0.601282	0
4.38744	0.00373427	24.569	0.588955	0
4.38444	0.00373675	24.9038	0.58108	0
4.38115	0.00370912	24.1004	0.57115	0
4.36995	0.00367327	23.7322	0.573204	0
4.36492	0.00376921	23.431	0.567726	0
4.36166	0.00374099	22.3264	0.562247	0
4.35695	0.00362278	22.728	0.563274	0
4.35124	0.00356701	21.1381	0.551975	0
4.34208	0.00350686	21.6569	0.540675	0
4.33901	0.00341176	20.9372	0.549235	0
4.33593	0.00332908	21.4059	0.553344	0
4.32933	0.00336147	19.8996	0.533484	0
4.32599	0.00337526	20.1506	0.529718	0
4.32324	0.00342783	19.9665	0.53862	0
4.31799	0.00342045	20.3515	0.533827	0
4.3126	0.00337343	19.2301	0.536223	0
4.30893	0.00342071	19.9833	0.538278	0
4.30122	0.0033215	18.1088	0.507118	0
4.2937	0.00325554	18.2762	0.516706	0
4.29368	0.00325201	18.477	0.515336	0
4.29187	0.00326782	18.1925	0.522527	0
4.2839	0.00315059	16.9205	0.494106	0
4.28001	0.00318742	18.4603	0.520815	0
4.27923	0.00315947	17.3724	0.502667	0
4.27503	0.00314582	18.5941	0.506776	0
4.26673	0.00302545	16.6192	0.496161	0
4.26025	0.00305079	16.1004	0.485888	0
4.26201	0.00307221	16.6862	0.485546	0
4.26153	0.00299312	16.1506	0.496503	0
4.25765	0.00308181	15.7992	0.483149	0
4.25262	0.00298032	16.1339	0.487943	0
4.2495	0.00299423	16.0669	0.492052	0
4.24818	0.00290907	15.4812	0.469452	0
4.24317	0.00290064	15.3975	0.482807	0
4.2393	0.00296301	15.1632	0.474246	0
4.23325	0.00294309	14.8117	0.469795	0
4.22883	0.00288699	14.3096	0.465001	0
4.22914	0.00283135	14.6444	0.467055	0
4.22765	0.00287289	14.7113	0.467398	0
4.21973	0.00283664	14.2929	0.455756	0
4.21631	0.00277962	14.5272	0.472534	0
4.21837	0.00281567	14.2929	0.474931	0
4.21327	0.00286244	14.1925	0.463631	0
4.20286	0.00273162	13.1548	0.438292	0
4.20417	0.00274155	14.1255	0.461919	0
4.20684	0.00278524	12.8703	0.439662	0
4.20321	0.00272888	13.2887	0.446853	0
4.2021	0.00271314	12.6862	0.438292	0
4.19915	0.00268309	12.8201	0.433499	0
4.19292	0.00261896	12	0.431444	0
4.19159	0.00264894	12.4351	0.42939	0
4.19312	0.00268375	13.3222	0.451989	0
4.1876	0.00270138	12.6192	0.441032	0
4.17961	0.00261021	12.3515	0.424253	0
4.17968	0.00264606	12.1004	0.426308	0
4.17907	0.00259656	11.8494	0.434526	0
4.1728	0.00257304	11.8159	0.422541	0
4.16824	0.00254503	10.9456	0.414323	0
4.16635	0.002524	11.2803	0.411242	0
4.16764	0.00253934	11.4142	0.417405	0
4.16809	0.00256312	12.318	0.428705	0
4.16405	0.00248775	10.8619	0.404051	0
4.16526	0.00262666	11.8159	0.422541	0
4.1615	0.00250702	11.3975	0.419802	0
4.15317	0.00250493	10.5607	0.402681	0
4.15369	0.00252589	10.8117	0.409187	0
4.15309	0.00245699	10.7448	0.407133	0
4.14944	0.00250101	10.41	0.391039	0
4.14817	0.00249591	10.41	0.40679	0
4.14625	0.00247658	10.2092	0.39686	0
4.14003	0.00237052	9.80753	0.3883	0
4.13774	0.00237901	10.0251	0.38556	0
4.13946	0.00245542	10.3766	0.398572	0
4.13907	0.00244438	9.60669	0.38693	0
4.13245	0.00243472	9.23849	0.381794	0
4.1281	0.00238306	9.58996	0.392409	0
4.12501	0.00232166	9.00418	0.379054	0
4.12451	0.00232735	9.60669	0.384876	0
4.12837	0.00237248	9.69038	0.382821	0
4.12886	0.0024131	9.57322	0.392409	0
4.12365	0.00234727	9.67364	0.386245	0
4.12192	0.00237855	9.35565	0.383848	0
4.12042	0.00232003	8.85356	0.377342	0
4.11675	0.00234002	9.03766	0.382479	0
4.11383	0.00235314	9.08787	0.380767	0
4.10971	0.00226654	8.80335	0.381109	0
4.11032	0.00233949	8.5523	0.368097	0
4.10959	0.00226452	8.63598	0.369124	0
4.10361	0.00228058	8.01674	0.354058	0
4.09997	0.00221534	8.06695	0.352346	0
4.09999	0.00216426	8.08368	0.349264	0
4.09904	0.00214219	8.1841	0.360222	0
4.09808	0.0021868	8.20084	0.361249	0
4.09905	0.00223996	8.25105	0.357825	0
4.09763	0.00217145	8	0.35851	0
4.09701	0.00224486	8.1841	0.353031	0
4.09409	0.00217445	8.33473	0.362276	0
4.08737	0.00208504	7.56485	0.351319	0
4.08764	0.00216779	8.25105	0.351661	0
4.09051	0.00219254	7.56485	0.34721	0
4.08531	0.00211842	7.86611	0.353373	0
4.08131	0.00216355	7.58159	0.349264	0
4.08251	0.00219176	7.79916	0.349949	0
4.08061	0.00215715	7.29707	0.338992	0
4.07603	0.00214454	7.54812	0.347895	0
4.07697	0.00217974	7.11297	0.331116	0
4.07655	0.00214768	7.58159	0.343443	0
4.07486	0.00207812	7.53138	0.341046	0
4.07541	0.00215564	7.29707	0.338307	0
4.07348	0.00206212	7.36402	0.340361	0
4.07158	0.00207061	6.97908	0.328035	0
4.07298	0.0021002	7.4477	0.343786	0
4.07336	0.00212495	7.79916	0.35714	0
4.06818	0.00205382	7.12971	0.333856	0
4.06468	0.00207348	6.84519	0.333513	0
4.06201	0.00202025	6.97908	0.330774	0
4.05828	0.00199015	6.66109	0.328719	0
4.05996	0.00209288	6.69456	0.324953	0
4.06045	0.00207172	6.84519	0.332828	0
4.05476	0.00201072	6.49372	0.319817	0
4.05414	0.00194436	6.5272	0.322213	0
4.05894	0.00204703	6.8954	0.33454	0
4.05836	0.00202339	6.81172	0.325295	0
4.05507	0.0020358	6.47699	0.321186	0
4.0553	0.00208655	6.86192	0.331459	0
4.05285	0.00191452	5.77406	0.302011	0
4.05442	0.00207727	7.19665	0.34584	0
4.05465	0.00203031	7.11297	0.337965	0
4.04815	0.00197271	6.5272	0.320501	0
4.04292	0.00198198	5.58996	0.300984	0
4.04383	0.00194417	6.10879	0.312968	0
4.04412	0.00197637	6.24268	0.317077	0
4.04147	0.00198355	6.29289	0.328377	0
4.04196	0.00195383	6.30962	0.321871	0
4.04198	0.00191589	5.90795	0.313653	0
4.04131	0.0019829	6.57741	0.322213	0
4.04327	0.00197682	6.20921	0.310229	0
4.04429	0.00195279	6.81172	0.337965	0
4.04115	0.00202463	6.17573	0.321871	0
4.03694	0.00199936	5.77406	0.30749	0
4.03869	0.0019701	6.42678	0.314338	0
4.03946	0.00203129	6.49372	0.323241	0
4.0364	0.0020134	6.76151	0.330431	0
4.03536	0.00200739	6.67782	0.32461	0
4.02906	0.00192614	6.07531	0.302353	0
4.02709	0.0019328	6.41004	0.316735	0
4.02875	0.00198531	5.79079	0.301326	0
4.02449	0.00189251	5.30544	0.285575	0
4.02493	0.00191236	5.79079	0.306805	0
4.02783	0.00190439	5.95816	0.304408	0
4.02251	0.00186521	5.60669	0.299614	0
4.02296	0.00189251	6.0251	0.305777	0
4.026	0.00190165	6.04184	0.310571	0
4.0245	0.00195174	6.00837	0.310229	0
4.02228	0.00188565	5.6569	0.30612	0
4.02197	0.00188937	5.64017	0.297217	0
4.02202	0.00190792	6.12552	0.316735	0
4.02092	0.00194005	5.841	0.301326	0
4.01704	0.00195429	5.77406	0.30749	0
4.01741	0.00186403	5.45607	0.29345	0
4.01685	0.00184254	5.52301	0.301668	0
4.01389	0.00185678	5.50628	0.293793	0
4.01213	0.00186135	5.37238	0.290026	0
4.00962	0.00180623	5.00418	0.282836	0
4.01128	0.00180434	5.00418	0.280781	0
4.01505	0.0018413	6.09205	0.308174	0
4.01528	0.00189074	5.2887	0.29482	0
4.01417	0.0019443	5.841	0.304065	0
4.01129	0.0018878	5.17155	0.29345	0
4.00827	0.00187291	5.18828	0.288999	0
4.00646	0.00184183	5.25523	0.293108	0
4.00672	0.00185482	5.12134	0.293108	0
4.00651	0.00190243	5.94142	0.302353	0
4.002	0.00185384	5.07113	0.28352	0
3.99713	0.00181511	4.68619	0.278727	0
4.00094	0.00183941	5.32218	0.291738	0
4.00142	0.00182458	5.30544	0.294135	0
3.99859	0.00186965	5.35565	0.297217	0
4.00043	0.00181204	5.20502	0.287287	0
4.00156	0.00179304	5.23849	0.290026	0
4.00194	0.00185312	5.2887	0.291054	0
4.00066	0.00180904	4.95397	0.282836	0
3.99911	0.00184365	5.43933	0.29619	0
3.99666	0.00173289	4.75314	0.279069	0
3.9947	0.00173648	4.71967	0.271193	0
3.99412	0.00177795	4.75314	0.273248	0
3.9916	0.00173217	4.1841	0.256127	0
3.99007	0.00180453	4.63598	0.276672	0
3.99002	0.00178194	4.85356	0.279411	0
3.98952	0.00172342	4.78661	0.27496	0
3.98696	0.00173903	4.97071	0.285233	0
3.98682	0.00172799	4.46862	0.269481	0
3.98701	0.0017466	4.70293	0.278042	0
3.98693	0.00175189	4.90377	0.28352	0
3.98847	0.00177952	4.58577	0.270166	0
3.98805	0.00173615	4.66946	0.271193	0
3.9881	0.00174922	4.66946	0.278384	0
3.98792	0.00176234	4.53556	0.269139	0
3.98773	0.00179898	5.08787	0.278727	0
3.98632	0.00173472	4.63598	0.269481	0
3.98171	0.00170559	4.78661	0.275987	0
3.97984	0.00169533	4.85356	0.277357	0
3.98027	0.0017306	4.30126	0.2664	0
3.97845	0.00172917	4.41841	0.266057	0
3.97776	0.00173361	4.5523	0.268454	0
3.97786	0.00177345	4.56904	0.272906	0
3.97782	0.00170866	4.33473	0.262975	0
3.97844	0.00174843	4.75314	0.279069	0
3.9799	0.00177044	4.60251	0.2664	0
3.97948	0.00174007	4.46862	0.2664	0
3.97785	0.00177456	4.60251	0.269481	0
3.97483	0.0016715	4.21757	0.267427	0
3.97543	0.00165223	4.38494	0.268454	0
3.97458	0.00167058	4	0.257839	0
3.9712	0.00170389	4.21757	0.260236	0
3.97075	0.00166549	3.98326	0.258524	0
3.97048	0.00166039	4.35146	0.265715	0
3.96914	0.00173237	4.40167	0.266742	0
3.96868	0.00171107	3.98326	0.258524	0
3.96741	0.00168306	3.68201	0.242431	0
3.96602	0.00168697	4.06695	0.258524	0
3.9679	0.00166007	4.1841	0.262633	0
3.96896	0.00166287	3.8159	0.251676	0
3.96686	0.0016391	3.94979	0.253045	0
3.96553	0.00159038	3.64854	0.239006	0
3.96582	0.00162937	4.01674	0.257154	0
3.96683	0.00164753	3.98326	0.257497	0
3.96637	0.00166	3.94979	0.25647	0
3.96327	0.00165269	4.21757	0.257839	0
3.96206	0.00162336	3.96653	0.259209	0
3.96163	0.00167052	3.54812	0.244485	0
3.95952	0.00164439	3.98326	0.251676	0
3.95996	0.00161337	3.71548	0.243458	0
3.96138	0.0016521	4.23431	0.26366	0
3.95949	0.00167123	3.76569	0.244827	0
3.96032	0.0016775	4.20084	0.260921	0
3.96082	0.00167195	3.96653	0.256812	0
3.96	0.00165014	4.15063	0.257154	0
3.95945	0.00165445	3.68201	0.248252	0
3.95988	0.00169912	3.93305	0.25373	0
3.95673	0.00161637	3.71548	0.242088	0
3.95779	0.00163871	3.94979	0.254415	0
3.95995	0.00163172	4.25105	0.257839	0
3.95991	0.0017276	4.23431	0.259551	0
3.9567	0.00163296	3.6318	0.243458	0
3.95544	0.00168763	3.88285	0.251333	0
3.95652	0.00171813	4.20084	0.259551	0
3.95557	0.00170644	3.96653	0.256812	0
3.95197	0.00164348	3.23013	0.231473	0
3.95073	0.00161422	3.86611	0.248594	0
3.95039	0.00162238	3.41423	0.234555	0
3.95339	0.00160325	4.06695	0.2551	0
3.95519	0.00162539	4.23431	0.259551	0
3.95404	0.00160547	3.71548	0.243458	0
3.95441	0.00165785	3.6318	0.238664	0
3.95622	0.00167189	4.46862	0.268454	0
3.95603	0.00166222	3.91632	0.249964	0
3.95331	0.00162173	4.30126	0.267427	0
3.95388	0.00170611	3.98326	0.2551	0
3.95189	0.00171003	3.69874	0.247567	0
3.94964	0.00168155	4.10042	0.26366	0
3.95077	0.00162904	3.96653	0.254757	0
3.94989	0.00163505	3.68201	0.243458	0
3.94937	0.00162323	4.21757	0.261263	0
3.95167	0.00165073	4.23431	0.264688	0
3.95214	0.00169906	4.15063	0.258524	0
3.95172	0.00168802	3.91632	0.247909	0
3.95199	0.0016617	4.01674	0.259209	0
3.95175	0.00170925	4.05021	0.255785	0
3.95021	0.0017193	4.35146	0.266742	0
3.95024	0.00163773	3.24686	0.232158	0
3.95095	0.00170415	4.05021	0.256812	0
3.95244	0.00169305	4.23431	0.262633	0
3.95062	0.00175882	4.33473	0.26503	0
3.94768	0.00168763	4.25105	0.265372	0
3.94836	0.00169083	4.16736	0.258866	0
3.94859	0.00169318	4.3682	0.264003	0
3.94724	0.00166405	4.21757	0.260236	0
3.94606	0.00165961	4.01674	0.256127	0
3.94624	0.00165621	4.08368	0.252361	0
3.94792	0.00171316	3.8159	0.251676	0
3.94998	0.00171584	4.51883	0.267427	0
3.95148	0.00174216	4.33473	0.262975	0
3.94892	0.00171401	4	0.255442	0
3.94625	0.00169527	4.10042	0.259209	0
3.94358	0.00164485	3.64854	0.244827	0
3.94184	0.0016696	4.05021	0.257839	0
3.93839	0.00157817	3.34728	0.23387	0
3.93506	0.00160475	3.66527	0.244143	0
3.936	0.00158548	3.46444	0.238664	0
3.93252	0.00157079	2.84519	0.216749	0
3.93003	0.00151828	2.94561	0.220173	0
3.92895	0.00147478	2.94561	0.217777	0
3.92637	0.00149235	2.5272	0.204765	0
3.9253	0.00146609	2.67782	0.204422	0
3.92503	0.00144395	2.17573	0.186959	0
3.92107	0.00138099	1.9749	0.181823	0
3.92145	0.00139379	2.3431	0.193465	0
3.92368	0.00140189	2.05858	0.182508	0
3.91992	0.00133678	1.841	0.174632	0
3.91809	0.00136284	2.10879	0.187302	0
3.91924	0.00134893	2.0251	0.185589	0
3.91646	0.00131222	1.79079	0.170866	0
3.9153	0.00131692	1.64017	0.167441	0
3.91514	0.00129655	1.82427	0.172235	0
3.91402	0.0012635	1.48954	0.155114	0
3.91193	0.00127833	1.42259	0.157169	0
3.91328	0.00125997	1.45607	0.156827	0
3.91515	0.00131941	1.90795	0.177714	0
3.91377	0.00132613	1.6569	0.16299	0
3.91238	0.00128231	1.53975	0.159223	0
3.91125	0.0012569	1.60669	0.164017	0
3.90906	0.00121177	1.18828	0.144842	0
3.90842	0.00123613	1.43933	0.154087	0
3.91052	0.00128146	1.50628	0.155799	0
3.90833	0.00121204	1.13808	0.137994	0
3.90585	0.00122177	1.2887	0.146554	0
3.90949	0.0012492	1.6569	0.166414	0
3.90852	0.00121641	1.25523	0.142787	0
3.90549	0.00121942	1.15481	0.136966	0
3.90645	0.00123202	1.53975	0.162648	0
3.90587	0.00123888	1.2887	0.146554	0
3.90577	0.00124195	1.25523	0.1445	0
3.90621	0.0012264	1.22176	0.140733	0
3.90513	0.00118336	1.25523	0.148609	0
3.90648	0.00124978	1.37238	0.152718	0
3.90727	0.00125677	1.38912	0.149978	0
3.90651	0.00121524	1.30544	0.145527	0
3.90644	0.00122745	1.64017	0.162305	0
3.90605	0.00122738	0.970711	0.126009	0
3.90472	0.00119055	1.2887	0.146554	0
3.90511	0.00122797	1.08787	0.1332	0
3.90386	0.00124005	1.30544	0.147239	0
3.903	0.00120204	1.02092	0.131145	0
3.90252	0.00119649	1.13808	0.135939	0
3.90394	0.00121119	1.23849	0.14176	0
3.90271	0.0012264	1.37238	0.152718	0
3.9013	0.00121628	1.30544	0.145527	0
3.90011	0.00116965	0.970711	0.128064	0
3.90084	0.00119571	1.07113	0.136282	0
3.90297	0.00122046	1.40586	0.152718	0
3.90274	0.00119342	1.13808	0.135939	0
3.90225	0.00120368	1.37238	0.150663	0
3.90145	0.00114934	1.08787	0.135254	0
3.89971	0.00114437	1.02092	0.129091	0
3.89925	0.00117161	1.08787	0.135254	0
3.90059	0.00116527	1.22176	0.140733	0
3.9	0.00120126	1.08787	0.1332	0
3.89969	0.00119238	1.2887	0.150321	0
3.90127	0.00122118	1.32218	0.148266	0
3.90062	0.00124534	1.35565	0.147924	0
3.8998	0.00118787	1.27197	0.145527	0
3.89892	0.0011863	1.1046	0.136282	0
3.89968	0.00120524	1.17155	0.137994	0
3.89946	0.00120446	1.25523	0.1445	0
3.89793	0.00117396	0.83682	0.117106	0
3.89726	0.00114313	0.870293	0.119503	0
3.89801	0.0011688	1.08787	0.135254	0
3.89797	0.00116475	1.05439	0.131145	0
3.89738	0.00114849	1.12134	0.135254	0
3.89684	0.00114574	0.870293	0.119503	0
3.89515	0.0011526	0.920502	0.124982	0
3.89625	0.0011624	1.02092	0.131145	0
3.8966	0.0011814	0.903766	0.123955	0
3.8952	0.00117762	1.08787	0.135254	0
3.89583	0.0011959	1.20502	0.14176	0
3.89761	0.00121661	1.30544	0.145527	0
3.89584	0.00116906	1.2887	0.1445	0
3.89496	0.00120374	1.03766	0.130118	0
3.89401	0.0011558	0.903766	0.121558	0
3.89401	0.00115587	1.1046	0.134227	0
3.89543	0.00117977	1.02092	0.129091	0
3.89455	0.00116273	0.920502	0.122585	0
3.89444	0.00115175	0.903766	0.121558	0
3.8943	0.00114418	0.870293	0.121558	0
3.89441	0.0011622	1.03766	0.132173	0
3.89417	0.00120466	1.13808	0.140048	0
3.89325	0.00115365	0.987448	0.129091	0
3.89202	0.00111107	0.903766	0.123955	0
3.89153	0.00116364	1.05439	0.131145	0
3.89232	0.00118669	1.02092	0.129091	0
3.89246	0.00115639	1.07113	0.134227	0
3.89223	0.00113556	0.803347	0.114709	0
3.89171	0.00115469	0.903766	0.121558	0
3.89281	0.00118656	1.05439	0.135254	0
3.89399	0.00117964	1.27197	0.147581	0
3.89182	0.00114731	1.02092	0.1332	0
3.8921	0.00112778	0.769874	0.112312	0
3.89367	0.00115215	1.05439	0.131145	0
3.8934	0.00117429	1.05439	0.137309	0
3.89177	0.00118343	0.83682	0.117106	0
3.89015	0.0011383	0.903766	0.121558	0
3.89105	0.00112563	1.08787	0.1332	0
3.89099	0.00114196	0.987448	0.127036	0
3.8913	0.00114509	0.702929	0.107519	0
3.88985	0.00113092	0.953975	0.124982	0
3.89025	0.00114849	0.853556	0.118134	0
3.89026	0.00114463	1.07113	0.134227	0
3.89051	0.00115502	0.769874	0.112312	0
3.88928	0.00110767	0.686192	0.111285	0
3.88895	0.00113288	1.15481	0.136966	0
3.88953	0.00113334	0.970711	0.126009	0
3.88864	0.00113908	0.887029	0.12053	0
3.88836	0.0011558	0.83682	0.117106	0
3.88801	0.00112765	0.870293	0.119503	0
3.88777	0.00112419	1.00418	0.130118	0
3.89016	0.00113667	0.736402	0.109916	0
3.88928	0.00118251	0.820084	0.120873	0
3.88731	0.00114777	0.870293	0.121558	0
3.88762	0.00109905	0.753138	0.111285	0
3.88736	0.00108925	0.83682	0.119503	0
3.88726	0.00111557	0.887029	0.122927	0
3.88687	0.00112008	0.83682	0.117106	0
3.88675	0.00112818	0.669456	0.105122	0
3.88536	0.00113967	0.736402	0.109916	0
3.88571	0.00115221	0.753138	0.111285	0
3.88644	0.00111505	0.669456	0.105122	0
3.8857	0.00112354	0.870293	0.119503	0
3.88552	0.00111603	0.60251	0.099643	0
3.88628	0.00111472	0.736402	0.109916	0
3.88668	0.00109552	0.803347	0.114709	0
3.88537	0.00108906	0.65272	0.103752	0
3.88593	0.00111688	0.953975	0.124982	0
3.88504	0.00110388	0.870293	0.119503	0
3.88544	0.00112321	0.83682	0.117106	0
3.88518	0.00112667	0.753138	0.111285	0
3.88401	0.00111381	0.753138	0.111285	0
3.88412	0.00111956	0.669456	0.105122	0
3.88436	0.00110466	0.769874	0.112312	0
3.88382	0.00110728	0.635983	0.105122	0
3.88427	0.00109774	0.870293	0.119503	0
3.88419	0.00112432	0.786611	0.118476	0
3.8839	0.00110186	0.585774	0.101013	0
3.88279	0.00110035	0.585774	0.0982734	0
3.88372	0.00109095	0.686192	0.106149	0
3.88451	0.00107972	0.803347	0.114709	0
3.88487	0.00113627	0.736402	0.109916	0
3.88284	0.00110336	0.686192	0.106149	0
3.88218	0.00111472	0.786611	0.113682	0
3.88287	0.00109996	0.669456	0.107519	0
3.8825	0.00108664	0.853556	0.122927	0
3.8818	0.00109226	0.485356	0.089713	0
3.88298	0.00111093	0.786611	0.113682	0
3.88456	0.00110192	0.769874	0.112312	0
3.88336	0.00111427	0.853556	0.12053	0
3.88285	0.00108919	0.569038	0.099643	0
3.88209	0.00108879	0.769874	0.112312	0
3.88297	0.00111204	0.920502	0.122585	0
3.88247	0.00111309	0.686192	0.108888	0
3.88221	0.00108814	0.870293	0.119503	0
3.88186	0.00106861	0.619247	0.101013	0
3.88142	0.00107136	0.786611	0.113682	0
3.8816	0.00107403	0.669456	0.105122	0
3.8822	0.00107913	0.702929	0.110258	0
3.88137	0.00106809	0.451883	0.0866312	0
3.88109	0.00108736	0.669456	0.105122	0
3.88174	0.00109408	0.619247	0.103752	0
3.88191	0.00107991	0.669456	0.105122	0
3.8817	0.00108912	0.870293	0.119503	0
3.88082	0.00107312	0.736402	0.109916	0
3.88071	0.00106757	0.569038	0.0969037	0
3.8812	0.00108161	0.485356	0.089713	0
3.88053	0.00108331	0.585774	0.0982734	0
3.88041	0.00109787	0.619247	0.101013	0
3.88051	0.00109761	0.736402	0.109916	0
3.88069	0.00107671	0.451883	0.0866312	0
3.87933	0.00107776	0.518828	0.0924523	0
3.88163	0.00111498	0.736402	0.109916	0
3.88192	0.00112465	0.719665	0.108888	0
3.87992	0.00109454	0.736402	0.109916	0
3.87966	0.00108403	0.686192	0.106149	0
3.87994	0.00109768	0.60251	0.099643	0
3.87982	0.00110153	0.552301	0.0955341	0
3.87981	0.00107985	0.569038	0.099643	0
3.87948	0.00109108	0.585774	0.0982734	0
3.88021	0.0010498	0.686192	0.106149	0
3.88011	0.00107606	0.686192	0.106149	0
3.87982	0.00110068	0.60251	0.099643	0
3.87875	0.00105764	0.384937	0.0797829	0
3.87945	0.00106156	0.585774	0.101013	0
3.87915	0.00107038	0.669456	0.105122	0
3.87819	0.00106594	0.535565	0.0941644	0
3.87903	0.00106385	0.585774	0.0982734	0
3.87974	0.0010485	0.502092	0.0910826	0
3.88021	0.00110114	0.753138	0.113682	0
3.87947	0.00108461	0.736402	0.109916	0
3.87864	0.00107371	0.736402	0.109916	0
3.8793	0.00108677	0.635983	0.102382	0
3.88021	0.00110009	0.65272	0.103752	0
3.88029	0.00111407	0.803347	0.117106	0
3.87889	0.00109683	0.635983	0.102382	0
3.87897	0.00111093	0.635983	0.102382	0
3.87874	0.00111727	0.736402	0.109916	0
3.87826	0.00108847	0.585774	0.0982734	0
3.87657	0.00107051	0.468619	0.0910826	0
3.87697	0.00107514	0.669456	0.107519	0
3.87663	0.00107456	0.41841	0.0832071	0
3.87633	0.00107939	0.619247	0.101013	0
3.87733	0.00107423	0.635983	0.105122	0
3.87774	0.00107475	0.65272	0.106491	0
3.87679	0.00106567	0.569038	0.0969037	0
3.87692	0.00109108	0.468619	0.0880009	0
3.87746	0.00105679	0.535565	0.0941644	0
3.87867	0.00106718	0.65272	0.103752	0
3.87855	0.00107103	0.635983	0.102382	0
3.87736	0.00106162	0.585774	0.0982734	0
3.87775	0.0010709	0.736402	0.109916	0
3.87861	0.00109356	0.535565	0.0941644	0
3.87746	0.00106776	0.635983	0.102382	0
3.8765	0.00106274	0.60251	0.099643	0
3.87731	0.00107906	0.468619	0.0880009	0
3.87661	0.00106398	0.535565	0.0941644	0
3.87537	0.00105248	0.569038	0.0969037	0
3.8771	0.00108344	0.619247	0.103752	0
3.87654	0.00109461	0.535565	0.0941644	0
3.87537	0.00104935	0.435146	0.0849192	0
3.87622	0.00103139	0.552301	0.0955341	0
3.87771	0.00106358	0.65272	0.103752	0
3.87561	0.0010643	0.451883	0.0866312	0
3.87602	0.00109297	0.669456	0.107519	0
3.87667	0.0010724	0.619247	0.101013	0
3.87736	0.00105424	0.569038	0.0969037	0
3.87716	0.00103962	0.619247	0.101013	0
3.87578	0.0010502	0.502092	0.0910826	0
3.87526	0.00103034	0.41841	0.0832071	0
3.87533	0.00105242	0.635983	0.102382	0
3.87665	0.00112341	0.569038	0.0969037	0
3.87577	0.00107234	0.569038	0.0969037	0
3.87561	0.00105764	0.585774	0.0982734	0
3.8766	0.001063	0.569038	0.0969037	0
3.87656	0.00111368	0.803347	0.114709	0
3.87573	0.00105457	0.485356	0.0927947	0
3.87509	0.00105993	0.552301	0.0955341	0
3.87606	0.00104902	0.384937	0.0797829	0
3.87575	0.00103772	0.435146	0.0849192	0
3.87537	0.00106685	0.619247	0.101013	0
3.87526	0.00107312	0.451883	0.0866312	0
3.87481	0.00106352	0.368201	0.0780708	0
3.87502	0.00103354	0.552301	0.0955341	0
3.87526	0.00107665	0.502092	0.0910826	0
3.87417	0.00105085	0.518828	0.0924523	0
3.87508	0.00103962	0.585774	0.0982734	0
3.87508	0.00103001	0.535565	0.0941644	0
3.87442	0.00105118	0.535565	0.0941644	0
3.87564	0.00109552	0.552301	0.0955341	0
3.87526	0.00105653	0.451883	0.0866312	0
3.87503	0.00103321	0.451883	0.0866312	0
3.87494	0.00106025	0.552301	0.0982734	0
3.87509	0.00107188	0.468619	0.0880009	0
3.87533	0.00106933	0.518828	0.0924523	0
3.87547	0.00105209	0.502092	0.0941644	0
3.87503	0.00103857	0.451883	0.0866312	0
3.87495	0.00105144	0.569038	0.0969037	0
3.87419	0.00103864	0.485356	0.089713	0
3.87496	0.00104268	0.552301	0.0955341	0
3.87434	0.00103668	0.60251	0.099643	0
3.87339	0.00102962	0.535565	0.0941644	0
3.87363	0.00105542	0.41841	0.0832071	0
3.87479	0.00107371	0.535565	0.0941644	0
3.87531	0.00107541	0.518828	0.0924523	0
3.87462	0.00105901	0.485356	0.089713	0
3.87559	0.00106633	0.384937	0.0797829	0
3.87514	0.00105803	0.485356	0.0927947	0
3.87515	0.00105908	0.569038	0.0969037	0
3.87545	0.00106894	0.502092	0.0910826	0
3.87328	0.00105699	0.317992	0.0725922	0
3.87235	0.00103086	0.317992	0.0725922	0
3.87462	0.00101721	0.485356	0.089713	0
3.87431	0.0010581	0.485356	0.089713	0
3.87325	0.00106078	0.502092	0.0910826	0
3.87374	0.00103602	0.502092	0.0910826	0
3.87475	0.00107482	0.502092	0.0910826	0
3.87424	0.00106594	0.451883	0.0866312	0
3.87371	0.00104432	0.619247	0.101013	0
3.87326	0.00104797	0.535565	0.0941644	0
3.87553	0.00108951	0.619247	0.101013	0
3.87478	0.00106136	0.518828	0.0924523	0
3.87274	0.001066	0.451883	0.0866312	0
3.87292	0.00103994	0.451883	0.0866312	0
3.87358	0.00104615	0.518828	0.0924523	0
3.87226	0.00103524	0.384937	0.0832071	0
3.87254	0.00104014	0.518828	0.0924523	0
3.87442	0.00106189	0.485356	0.089713	0
3.8737	0.0010658	0.552301	0.0955341	0
3.87296	0.00105039	0.401674	0.081495	0
3.87333	0.00105882	0.468619	0.0880009	0
3.87348	0.00103478	0.368201	0.0780708	0
3.87273	0.00104171	0.485356	0.089713	0
3.87362	0.0010419	0.585774	0.0982734	0
3.87356	0.00108004	0.569038	0.0969037	0
3.87256	0.00106509	0.535565	0.0941644	0
3.87284	0.00103308	0.502092	0.0910826	0
3.87269	0.00104425	0.384937	0.0797829	0
3.87188	0.00102936	0.41841	0.0832071	0
3.87176	0.00103139	0.23431	0.0623197	0
3.87223	0.00104719	0.351464	0.0763588	0
3.87273	0.00104007	0.485356	0.089713	0
3.87318	0.00105072	0.569038	0.0969037	0
3.87331	0.00104066	0.518828	0.0924523	0
3.87209	0.00104334	0.518828	0.0924523	0
3.87282	0.00100703	0.284519	0.0688256	0
3.87329	0.0010289	0.585774	0.0982734	0
3.87486	0.00103746	0.401674	0.081495	0
3.87323	0.00100311	0.301255	0.0708801	0
3.8723	0.00100389	0.485356	0.089713	0
3.87323	0.00104719	0.518828	0.0924523	0
3.87403	0.00104438	0.41841	0.0832071	0
3.87363	0.00104915	0.451883	0.089713	0
3.87279	0.00104353	0.451883	0.0866312	0
3.87188	0.0010404	0.435146	0.0880009	0
3.87226	0.00102146	0.351464	0.0763588	0
3.87238	0.00102309	0.451883	0.0866312	0
3.87282	0.00104268	0.468619	0.0880009	0
3.87309	0.00104092	0.502092	0.0910826	0
3.87285	0.00103374	0.384937	0.0797829	0
3.8731	0.00104053	0.468619	0.0880009	0
3.87324	0.00104549	0.41841	0.0832071	0
3.87228	0.00103641	0.317992	0.0725922	0
3.87101	0.00100807	0.334728	0.0746467	0
3.87245	0.00102205	0.401674	0.081495	0
3.87353	0.00105424	0.41841	0.0832071	0
3.87289	0.00104817	0.451883	0.0866312	0
3.87231	0.0010466	0.535565	0.0941644	0
3.873	0.00102936	0.401674	0.081495	0
3.87221	0.00104484	0.284519	0.0688256	0
3.87255	0.00104758	0.502092	0.0910826	0
3.87276	0.00102583	0.368201	0.0780708	0
3.87357	0.00105379	0.485356	0.089713	0
3.87337	0.00103962	0.401674	0.081495	0
3.87168	0.0010097	0.317992	0.0725922	0
3.87282	0.00103837	0.518828	0.0924523	0
3.87338	0.00101989	0.435146	0.0849192	0
3.87304	0.00101238	0.502092	0.0910826	0
3.87354	0.00103067	0.41841	0.0832071	0
3.87347	0.00101865	0.368201	0.0780708	0
3.8717	0.00102897	0.435146	0.0849192	0
3.87231	0.00101134	0.351464	0.0763588	0
3.87337	0.00102675	0.401674	0.081495	0
3.87209	0.00103896	0.502092	0.0910826	0
3.87307	0.00107743	0.518828	0.0955341	0
3.87275	0.00105006	0.41841	0.0832071	0
3.8714	0.00103374	0.334728	0.0746467	0
3.87134	0.00103772	0.351464	0.0763588	0
3.87164	0.00102681	0.334728	0.0746467	0
3.87142	0.001034	0.317992	0.0725922	0
3.87187	0.000989979	0.267782	0.0667711	0
3.87263	0.000982925	0.301255	0.0708801	0
3.8738	0.000988346	0.535565	0.0941644	0
3.87268	0.000996837	0.351464	0.0763588	0
3.87097	0.00101604	0.351464	0.0763588	0
3.87183	0.00101094	0.368201	0.0780708	0
3.87256	0.00105006	0.368201	0.0780708	0
3.87228	0.00105091	0.384937	0.0797829	0
3.87289	0.00103988	0.368201	0.0780708	0
3.87293	0.0010274	0.468619	0.0880009	0
3.87304	0.00100285	0.384937	0.0797829	0
3.87256	0.00105653	0.368201	0.0780708	0
3.87313	0.00101414	0.368201	0.0780708	0
3.87359	0.00102479	0.502092	0.0910826	0
3.87369	0.00104138	0.468619	0.0880009	0
3.87206	0.00102394	0.317992	0.0725922	0
3.8719	0.000998796	0.384937	0.0797829	0
3.8725	0.00101114	0.485356	0.089713	0
3.87244	0.00105091	0.451883	0.0866312	0
3.87254	0.00105072	0.401674	0.081495	0
3.87232	0.00103609	0.284519	0.0688256	0
3.8713	0.000999776	0.334728	0.0746467	0
3.87125	0.00103119	0.368201	0.0780708	0
3.87193	0.00104641	0.451883	0.0866312	0
3.87256	0.00105829	0.451883	0.0866312	0
3.87239	0.00103197	0.334728	0.0746467	0
3.87146	0.00104445	0.267782	0.0667711	0
3.87171	0.00102714	0.251046	0.0647166	0
3.87388	0.00108115	0.635983	0.102382	0
3.87292	0.00104393	0.41841	0.0832071	0
3.87242	0.00104484	0.401674	0.081495	0
3.87163	0.00101467	0.368201	0.0780708	0
3.87181	0.00101271	0.284519	0.0688256	0
3.87328	0.00101956	0.334728	0.0746467	0
3.87199	0.00102903	0.301255	0.0708801	0
3.87211	0.00103217	0.401674	0.081495	0
3.87286	0.00101865	0.401674	0.081495	0
3.87356	0.00106221	0.368201	0.0780708	0
3.87285	0.00102081	0.317992	0.0725922	0
3.87235	0.00102917	0.468619	0.0880009	0
3.87183	0.00100513	0.384937	0.0797829	0
3.87248	0.00103184	0.334728	0.0746467	0
3.87271	0.00104595	0.384937	0.0797829	0
3.87236	0.00103132	0.41841	0.0832071	0
3.87171	0.00101702	0.317992	0.0725922	0
3.87207	0.00104112	0.401674	0.081495	0
3.87249	0.00101963	0.368201	0.0780708	0
3.87103	0.0010114	0.301255	0.0708801	0
3.87029	0.001021	0.384937	0.0797829	0
3.87157	0.00101937	0.284519	0.0688256	0
3.87146	0.000976982	0.334728	0.0746467	0
3.8713	0.00101917	0.435146	0.0849192	0
3.87203	0.00100983	0.23431	0.0623197	0
3.87201	0.00101506	0.267782	0.0667711	0
3.87226	0.000995661	0.267782	0.0667711	0
3.87212	0.000983317	0.23431	0.0623197	0
3.87295	0.00102211	0.317992	0.0725922	0
3.87206	0.0010018	0.251046	0.0647166	0
3.8721	0.000997686	0.384937	0.0797829	0
3.87315	0.00100239	0.23431	0.0623197	0
3.87313	0.00100382	0.334728	0.0746467	0
3.87368	0.00102028	0.518828	0.0924523	0
3.87344	0.00102858	0.41841	0.0866312	0
3.87317	0.00103112	0.401674	0.081495	0
3.87273	0.00101107	0.284519	0.0688256	0
3.8721	0.00102355	0.317992	0.0725922	0
3.87394	0.0010261	0.468619	0.0880009	0
3.87295	0.00102009	0.251046	0.0647166	0
3.872	0.00100748	0.267782	0.0667711	0
3.87256	0.00100409	0.23431	0.0623197	0
3.87164	0.0009649	0.267782	0.0667711	0
3.8711	0.00101937	0.334728	0.0746467	0
3.87323	0.00105144	0.502092	0.0910826	0
3.87269	0.00103341	0.23431	0.0623197	0
3.87209	0.00101232	0.351464	0.0763588	0
3.87349	0.00100977	0.251046	0.0647166	0
3.87289	0.00100206	0.334728	0.0746467	0
3.87249	0.000994747	0.334728	0.0746467	0
3.87255	0.00102401	0.334728	0.0746467	0
3.87235	0.000981815	0.200837	0.0578683	0
3.87142	0.000998796	0.167364	0.0527321	0
3.87308	0.00101225	0.41841	0.0832071	0
3.87311	0.00100637	0.23431	0.0667711	0
3.87276	0.000991416	0.317992	0.0725922	0
3.8732	0.0010033	0.351464	0.0763588	0
3.87335	0.00101245	0.217573	0.0602652	0
3.87254	0.00100526	0.284519	0.0688256	0
3.87265	0.00100474	0.217573	0.0602652	0
3.87285	0.00100624	0.200837	0.0578683	0
3.87306	0.00101956	0.251046	0.0647166	0
3.87233	0.00100853	0.351464	0.0763588	0
3.87371	0.00101604	0.351464	0.0763588	0
3.87358	0.00100415	0.251046	0.0647166	0
3.87281	0.00101525	0.435146	0.0849192	0
3.87348	0.00101375	0.317992	0.0725922	0
3.87243	0.000989522	0.267782	0.0667711	0
3.87292	0.00099749	0.351464	0.0763588	0
3.87248	0.00100944	0.284519	0.0688256	0
3.87263	0.00101819	0.435146	0.0849192	0
3.87319	0.00101218	0.23431	0.0623197	0
3.87267	0.00100585	0.351464	0.0763588	0
3.87304	0.00101519	0.267782	0.0667711	0
3.87333	0.00101218	0.284519	0.0688256	0
3.87148	0.000993767	0.267782	0.0667711	0
3.87222	0.00100735	0.334728	0.0780708	0
3.87246	0.00100324	0.317992	0.0725922	0
3.87215	0.000976982	0.251046	0.0647166	0
3.87202	0.00101173	0.284519	0.0688256	0
3.87387	0.00100644	0.334728	0.0746467	0
3.87416	0.000994224	0.284519	0.0688256	0
3.87269	0.000972345	0.301255	0.0708801	0
3.87248	0.000979595	0.200837	0.0578683	0
3.87439	0.001021	0.368201	0.0780708	0
3.87371	0.00100134	0.267782	0.0667711	0
3.8732	0.000999514	0.301255	0.0708801	0
3.87422	0.000985603	0.368201	0.0780708	0
3.87328	0.00100618	0.200837	0.0578683	0
3.87219	0.00100748	0.351464	0.0763588	0
3.87397	0.000984819	0.217573	0.0602652	0
3.8743	0.000988085	0.368201	0.0780708	0
3.87364	0.00101166	0.301255	0.0708801	0
3.87333	0.00100304	0.368201	0.0780708	0
3.87399	0.000999123	0.23431	0.0623197	0
3.87303	0.00101049	0.284519	0.0688256	0
3.87428	0.000968557	0.117155	0.0441717	0
3.87419	0.000984297	0.317992	0.0725922	0
3.87402	0.00101356	0.351464	0.0763588	0
3.87316	0.00101943	0.585774	0.101013	0
3.87266	0.000997816	0.150628	0.0499927	0
3.87313	0.000983644	0.23431	0.0623197	0
3.87341	0.000971888	0.284519	0.0725922	0
3.87245	0.000985342	0.23431	0.0623197	0
3.87327	0.000978484	0.251046	0.0647166	0
3.87396	0.00100278	0.284519	0.0688256	0
3.87475	0.00100167	0.301255	0.0708801	0
3.87365	0.00101049	0.384937	0.0797829	0
3.87302	0.000996967	0.1841	0.0554714	0
3.87321	0.000994877	0.301255	0.0708801	0
3.87395	0.000999384	0.167364	0.0527321	0
3.87536	0.0010097	0.384937	0.0797829	0
3.87434	0.00101199	0.23431	0.0623197	0
3.87352	0.00100441	0.251046	0.0647166	0
3.87312	0.000987824	0.267782	0.0667711	0
3.8733	0.000978615	0.23431	0.0623197	0
3.87439	0.000987105	0.200837	0.0578683	0
3.87413	0.000996249	0.317992	0.0725922	0
3.87327	0.000997555	0.301255	0.0708801	0
3.87386	0.00101147	0.267782	0.0667711	0
3.87452	0.000982795	0.1841	0.0554714	0
3.87419	0.00101728	0.351464	0.0763588	0
3.87527	0.00100755	0.200837	0.0578683	0
3.8759	0.00100069	0.41841	0.0832071	0
3.87559	0.0010082	0.284519	0.0688256	0
3.87509	0.000993636	0.317992	0.0725922	0
3.87533	0.000996706	0.217573	0.0602652	0
3.8747	0.000971823	0.1841	0.0554714	0
3.873	0.000979203	0.1841	0.0554714	0
3.87454	0.000997947	0.301255	0.0708801	0
3.87468	0.00102054	0.284519	0.0688256	0
3.87392	0.000969667	0.1841	0.0554714	0
3.8748	0.000986126	0.23431	0.0623197	0
3.87576	0.00100951	0.284519	0.0688256	0
3.87497	0.000998339	0.317992	0.0725922	0
3.87543	0.00101845	0.267782	0.0667711	0
3.87443	0.000996184	0.23431	0.0623197	0
3.87383	0.000989195	0.167364	0.0527321	0
3.87395	0.000997424	0.251046	0.0647166	0
3.87443	0.00100526	0.334728	0.0746467	0
3.87419	0.0010131	0.167364	0.0527321	0
3.87387	0.00102982	0.351464	0.0763588	0
3.8742	0.000994747	0.167364	0.0527321	0
3.87375	0.00100722	0.267782	0.0667711	0
3.87413	0.00100618	0.200837	0.0578683	0
3.87498	0.00103184	0.23431	0.0623197	0
3.87456	0.000990697	0.133891	0.0472534	0
3.87375	0.000972084	0.200837	0.0578683	0
3.87516	0.000984036	0.284519	0.0688256	0
3.87574	0.00100611	0.23431	0.0623197	0
3.8756	0.000975415	0.267782	0.0667711	0
3.87582	0.000980052	0.251046	0.0647166	0
3.87418	0.00100258	0.301255	0.0708801	0
3.87566	0.000992591	0.1841	0.0554714	0
3.87627	0.000978288	0.267782	0.0667711	0
3.87553	0.000998469	0.167364	0.0527321	0
3.87442	0.000994485	0.217573	0.0602652	0
3.87466	0.000979137	0.251046	0.0647166	0
3.87618	0.000995988	0.351464	0.0763588	0
3.87596	0.00100572	0.267782	0.0667711	0
3.87378	0.000966794	0.200837	0.0578683	0
3.87428	0.000975349	0.217573	0.0602652	0
3.87546	0.000994485	0.167364	0.0527321	0
3.87551	0.000979268	0.1841	0.0554714	0
3.87636	0.000996118	0.267782	0.0667711	0
3.87609	0.00101258	0.267782	0.0667711	0
3.87681	0.00102799	0.351464	0.0763588	0
3.87687	0.00100925	0.284519	0.0688256	0
3.87555	0.000998208	0.301255	0.0708801	0
3.87617	0.00102159	0.284519	0.0688256	0
3.87584	0.00100232	0.1841	0.0554714	0
3.87539	0.000977897	0.217573	0.0602652	0
3.87679	0.000999514	0.351464	0.0763588	0
3.87658	0.00099233	0.267782	0.0667711	0
3.87603	0.000987236	0.200837	0.0578683	0
3.87684	0.000994551	0.284519	0.0688256	0
3.87769	0.00101558	0.251046	0.0647166	0
3.87633	0.00100996	0.167364	0.0527321	0
3.87646	0.000991024	0.251046	0.0647166	0
3.87676	0.000984166	0.1841	0.0554714	0
3.87694	0.00101016	0.167364	0.0527321	0
3.87663	0.000994355	0.167364	0.0527321	0
3.8767	0.000991546	0.301255	0.0708801	0
3.87695	0.000985081	0.284519	0.0688256	0
3.8767	0.00101996	0.267782	0.0667711	0
3.87512	0.0010082	0.217573	0.0602652	0
3.87601	0.00099011	0.167364	0.0527321	0
3.87694	0.000967251	0.200837	0.0578683	0
3.87558	0.0009745	0.217573	0.0602652	0
3.87525	0.000978746	0.0669456	0.0335568	0
3.87677	0.000975023	0.217573	0.0602652	0
3.87715	0.000992918	0.317992	0.0725922	0
3.87629	0.000992983	0.200837	0.0578683	0
3.8754	0.0009922	0.200837	0.0578683	0
3.87617	0.0010033	0.200837	0.0578683	0
3.87812	0.00101525	0.200837	0.0626621	0
3.87673	0.000979725	0.23431	0.0623197	0
3.87634	0.000993506	0.200837	0.0578683	0
3.87609	0.00097326	0.133891	0.0472534	0
3.87622	0.000993832	0.200837	0.0578683	0
3.87747	0.00100957	0.267782	0.0667711	0
3.87744	0.000974239	0.200837	0.0578683	0
3.87812	0.000991612	0.200837	0.0626621	0
3.87726	0.000991089	0.200837	0.0578683	0
3.87735	0.000985015	0.217573	0.0602652	0
3.87787	0.000982207	0.1841	0.0554714	0
3.87864	0.000999972	0.334728	0.0780708	0
3.87846	0.00100226	0.251046	0.0647166	0
3.87778	0.00098913	0.200837	0.0578683	0
3.8772	0.000979921	0.23431	0.0623197	0
3.87807	0.000999776	0.167364	0.0527321	0
3.87842	0.000995792	0.167364	0.0527321	0
3.87827	0.0010003	0.267782	0.0667711	0
3.87809	0.0010018	0.083682	0.0373233	0
3.87683	0.000972476	0.200837	0.0578683	0
3.87767	0.000977635	0.251046	0.0647166	0
3.8783	0.00097117	0.117155	0.0441717	0
3.87756	0.000977505	0.317992	0.0725922	0
3.87857	0.000980052	0.267782	0.0667711	0
3.87737	0.000983121	0.200837	0.0578683	0
3.87762	0.0010033	0.251046	0.0647166	0
3.87889	0.00100271	0.23431	0.0623197	0
3.87801	0.000983709	0.117155	0.0441717	0
3.87861	0.00100102	0.167364	0.0527321	0
3.87872	0.000983252	0.200837	0.0578683	0
3.87792	0.000937273	0.217573	0.0602652	0
3.87797	0.000986844	0.1841	0.0554714	0
3.87834	0.000980901	0.100418	0.0410899	0
3.8785	0.000976068	0.1841	0.0554714	0
3.87921	0.00100311	0.251046	0.0688256	0
3.87916	0.00100036	0.200837	0.0578683	0
3.8789	0.000969014	0.1841	0.0554714	0
3.87882	0.000962418	0.167364	0.0527321	0
3.87949	0.000980574	0.301255	0.0708801	0
3.8797	0.000986648	0.1841	0.0554714	0
3.87779	0.00099024	0.217573	0.0602652	0
3.878	0.000997229	0.217573	0.0602652	0
3.87932	0.000991155	0.23431	0.0623197	0
3.87917	0.000989326	0.267782	0.0667711	0
3.87886	0.00100089	0.200837	0.0578683	0
3.87801	0.000989326	0.267782	0.0667711	0
3.87966	0.000978484	0.251046	0.0647166	0
3.87883	0.000965553	0.150628	0.0499927	0
3.8784	0.000997816	0.23431	0.0623197	0
3.88078	0.000997686	0.117155	0.0441717	0
3.87963	0.000978419	0.200837	0.0578683	0
3.87918	0.000983383	0.167364	0.0527321	0
3.87966	0.000965292	0.1841	0.0554714	0
3.87931	0.000961961	0.133891	0.0472534	0
3.87988	0.000955822	0.167364	0.0527321	0
3.87982	0.00096601	0.167364	0.0527321	0
3.87963	0.000970843	0.251046	0.0647166	0
3.88069	0.00100585	0.217573	0.0602652	0
3.88002	0.00098913	0.23431	0.0623197	0
3.87889	0.000983252	0.167364	0.0527321	0
3.87962	0.000977178	0.217573	0.0602652	0
3.88076	0.000982207	0.217573	0.0602652	0
3.87935	0.000981227	0.1841	0.0554714	0
3.87968	0.000983187	0.301255	0.0708801	0
3.88056	0.000995465	0.217573	0.0602652	0
3.87982	0.00100049	0.133891	0.0472534	0
3.88011	0.00100056	0.351464	0.0763588	0
3.88067	0.00100879	0.317992	0.0725922	0
3.88039	0.00100108	0.284519	0.0688256	0
3.88008	0.00098704	0.217573	0.0602652	0
3.88023	0.00101754	0.200837	0.0626621	0
3.88033	0.000965422	0.1841	0.0554714	0
3.88066	0.000970712	0.1841	0.0554714	0
3.88125	0.000998143	0.200837	0.0578683	0
3.87961	0.000973455	0.133891	0.0472534	0
3.88054	0.00095752	0.100418	0.0410899	0
3.88044	0.000979529	0.217573	0.0602652	0
3.87968	0.000989326	0.251046	0.0647166	0
3.88123	0.000975807	0.117155	0.0441717	0
3.88025	0.00099762	0.1841	0.0554714	0
3.88039	0.000982338	0.083682	0.0373233	0
3.8815	0.000962483	0.200837	0.0578683	0
3.8814	0.000992396	0.251046	0.0647166	0
3.88102	0.000970843	0.0669456	0.0335568	0
3.88014	0.0009713	0.133891	0.0472534	0
3.8811	0.00096281	0.167364	0.0527321	0
3.88151	0.000971104	0.23431	0.0623197	0
3.88267	0.00100879	0.23431	0.0623197	0
3.88159	0.000965749	0.167364	0.0527321	0
3.88172	0.000963724	0.100418	0.0410899	0
3.88208	0.000970908	0.1841	0.0554714	0
3.88187	0.000993049	0.167364	0.0527321	0
3.88137	0.00096921	0.217573	0.0602652	0
3.88157	0.000979921	0.167364	0.0527321	0
3.88138	0.000984689	0.267782	0.0667711	0
3.88238	0.00099971	0.251046	0.0647166	0
3.88187	0.000963463	0.150628	0.0499927	0
3.8813	0.000988934	0.133891	0.0527321	0
3.88158	0.000990959	0.133891	0.0472534	0
3.88132	0.00096503	0.133891	0.0472534	0
3.88144	0.000947527	0.133891	0.0472534	0
3.88161	0.000978223	0.200837	0.0578683	0
3.88174	0.00100167	0.133891	0.0472534	0
3.88226	0.00098704	0.23431	0.0623197	0
3.88284	0.000994943	0.150628	0.0499927	0
3.8832	0.000962483	0.117155	0.0441717	0
3.88299	0.000958173	0.167364	0.0527321	0
3.88251	0.000953536	0.167364	0.0527321	0
3.88179	0.000989652	0.1841	0.0554714	0
3.88281	0.000978942	0.200837	0.0578683	0
3.88384	0.000977439	0.133891	0.0472534	0
3.88265	0.000989522	0.200837	0.0578683	0
3.88228	0.000998208	0.1841	0.0554714	0
3.88322	0.000977766	0.133891	0.0472534	0
3.88236	0.000955952	0.133891	0.0472534	0
3.88168	0.000959152	0.0669456	0.0335568	0
3.88253	0.000987236	0.200837	0.0578683	0
3.88332	0.000967969	0.167364	0.0527321	0
3.8829	0.000984624	0.23431	0.0623197	0
3.88294	0.000992069	0.200837	0.0578683	0
3.88236	0.000988085	0.1841	0.0554714	0
3.88358	0.00100605	0.1841	0.0554714	0
3.88324	0.000991155	0.167364	0.0527321	0
3.88255	0.000998012	0.23431	0.0623197	0
3.8838	0.00100441	0.23431	0.0623197	0
3.88375	0.000994159	0.133891	0.0472534	0
3.88136	0.000964377	0.100418	0.0410899	0
3.88232	0.000973651	0.1841	0.0554714	0
3.88419	0.000952687	0.117155	0.0441717	0
3.88356	0.000986387	0.317992	0.0763588	0
3.88288	0.000976329	0.117155	0.0441717	0
3.88342	0.000963528	0.267782	0.0667711	0
3.88343	0.000965683	0.1841	0.0554714	0
3.88324	0.000976656	0.200837	0.0578683	0
3.8844	0.000990044	0.167364	0.0527321	0
3.88364	0.000981685	0.200837	0.0578683	0
3.88452	0.0009954	0.251046	0.0647166	0
3.88528	0.000993375	0.200837	0.0578683	0
3.88412	0.000975937	0.133891	0.0472534	0
3.88375	0.000964573	0.267782	0.0667711	0
3.88365	0.000986191	0.133891	0.0472534	0
3.88394	0.0010001	0.251046	0.0647166	0
3.88318	0.000985799	0.150628	0.0499927	0
3.88406	0.000978942	0.217573	0.0602652	0
3.88366	0.000964377	0.0502092	0.0291054	0
3.88324	0.000975349	0.133891	0.0472534	0
3.8847	0.000970516	0.200837	0.0578683	0
3.8855	0.000981946	0.133891	0.0472534	0
3.88411	0.000974109	0.133891	0.0472534	0
3.88376	0.000974631	0.23431	0.0623197	0
3.88464	0.000968492	0.150628	0.0499927	0
3.88379	0.000992657	0.133891	0.0472534	0
3.88471	0.000975154	0.133891	0.0472534	0
3.88407	0.000980901	0.167364	0.0527321	0
3.88376	0.000982338	0.133891	0.0472534	0
3.88529	0.00097646	0.200837	0.0578683	0
3.88587	0.000973913	0.1841	0.0554714	0
3.88472	0.000971104	0.1841	0.0554714	0
3.88492	0.000976264	0.117155	0.0441717	0
3.885	0.000964769	0.117155	0.0441717	0
3.88537	0.000964181	0.133891	0.0472534	0
3.88441	0.000963398	0.117155	0.0441717	0
3.88565	0.000958238	0.1841	0.0554714	0
3.88695	0.000959479	0.200837	0.0578683	0
3.8849	0.000952556	0.117155	0.0441717	0
3.8849	0.00097437	0.1841	0.0554714	0
3.88581	0.000980117	0.217573	0.0602652	0
3.88577	0.000964508	0.100418	0.0410899	0
3.88553	0.000967773	0.1841	0.0554714	0
3.88614	0.000957846	0.0669456	0.0335568	0
3.88589	0.000963594	0.100418	0.0410899	0
3.88544	0.000973325	0.217573	0.0602652	0
3.88559	0.000986583	0.133891	0.0472534	0
3.88566	0.000998469	0.200837	0.0578683	0
3.88667	0.000986322	0.284519	0.0688256	0
3.88636	0.00101088	0.200837	0.0578683	0
3.88577	0.000998796	0.1841	0.0554714	0
3.88696	0.000966794	0.150628	0.0499927	0
3.88638	0.000954842	0.0502092	0.0291054	0
3.88632	0.000989195	0.1841	0.0554714	0
3.88749	0.000967577	0.150628	0.0499927	0
3.88629	0.000965422	0.167364	0.0527321	0
3.88579	0.00096072	0.0669456	0.0335568	0
3.88719	0.00097966	0.150628	0.0499927	0
3.88727	0.00097548	0.133891	0.0472534	0
3.88727	0.00096503	0.150628	0.0499927	0
3.88769	0.000960393	0.0334728	0.0236267	0
3.88715	0.000955952	0.117155	0.0441717	0
3.88749	0.000980052	0.1841	0.0554714	0
3.88772	0.000970908	0.117155	0.0441717	0
3.88702	0.000977309	0.083682	0.0373233	0
3.88756	0.00100128	0.23431	0.0623197	0
3.88854	0.00096921	0.1841	0.0554714	0
3.88773	0.000955234	0.100418	0.0410899	0
3.88711	0.000982338	0.150628	0.0499927	0
3.88692	0.000978027	0.200837	0.0578683	0
3.8863	0.0010016	0.217573	0.0602652	0
3.88671	0.000983513	0.150628	0.0499927	0
3.88665	0.000983317	0.217573	0.0602652	0
3.88673	0.000997294	0.217573	0.0602652	0
3.88681	0.000966206	0.083682	0.0373233	0
3.8874	0.000978942	0.1841	0.0554714	0
3.88825	0.000962679	0.167364	0.0527321	0
3.88788	0.000990763	0.117155	0.0441717	0
3.88725	0.000994747	0.150628	0.0499927	0
3.88726	0.000988934	0.23431	0.0623197	0
3.88842	0.000982991	0.150628	0.0499927	0
3.88925	0.000979137	0.1841	0.0554714	0
3.88922	0.000984428	0.23431	0.0667711	0
3.88828	0.000990828	0.23431	0.0623197	0
3.8884	0.00097339	0.200837	0.0578683	0
3.88835	0.000963398	0.1841	0.0554714	0
3.88816	0.000965292	0.133891	0.0472534	0
3.88877	0.000956671	0.083682	0.0373233	0
3.88831	0.000972672	0.117155	0.0441717	0
3.88919	0.000967577	0.334728	0.0746467	0
3.88897	0.000965945	0.150628	0.0499927	0
3.88843	0.000995139	0.150628	0.0499927	0
3.88791	0.000967316	0.150628	0.0499927	0
3.88806	0.00095334	0.217573	0.0602652	0
3.88794	0.000945829	0.117155	0.0441717	0
3.88879	0.000963398	0.150628	0.0499927	0
3.88919	0.000971953	0.133891	0.0472534	0
3.88887	0.000950074	0.083682	0.0373233	0
3.88926	0.000981554	0.150628	0.0499927	0
3.88996	0.000992918	0.100418	0.0410899	0
3.88923	0.000964443	0.200837	0.0578683	0
3.8892	0.000975741	0.267782	0.0667711	0
3.88989	0.000977962	0.217573	0.0602652	0
3.88891	0.000968753	0.150628	0.0499927	0
3.89003	0.000971953	0.150628	0.0499927	0
3.89082	0.000950531	0.217573	0.0602652	0
3.88873	0.000971823	0.0669456	0.0335568	0
3.88966	0.000955626	0.1841	0.0554714	0
3.89055	0.000968361	0.1841	0.0554714	0
3.88986	0.000958107	0.200837	0.0578683	0
3.88963	0.000983905	0.167364	0.0527321	0
3.88998	0.000977505	0.117155	0.0441717	0
3.8899	0.00096601	0.150628	0.0499927	0
3.89016	0.000949682	0.100418	0.0410899	0
3.89135	0.000967447	0.133891	0.0472534	0
3.89129	0.000978288	0.167364	0.0527321	0
3.89083	0.000982599	0.217573	0.0602652	0
3.89107	0.000967512	0.117155	0.0441717	0
3.89034	0.000979464	0.1841	0.0554714	0
3.8899	0.0009617	0.0502092	0.0291054	0
3.88948	0.000945764	0.0167364	0.0167784	0
3.89089	0.000979921	0.1841	0.0554714	0
3.8914	0.000989587	0.133891	0.0472534	0
3.8899	0.000966206	0.0669456	0.0335568	0
3.89058	0.000978093	0.167364	0.0527321	0
3.89236	0.00100213	0.351464	0.0763588	0
3.89085	0.000965618	0.083682	0.0373233	0
3.89026	0.000954123	0.0334728	0.0236267	0
3.89042	0.00094498	0.133891	0.0472534	0
3.89187	0.000968296	0.200837	0.0578683	0
3.89189	0.000968557	0.117155	0.0441717	0
3.89137	0.000979529	0.167364	0.0527321	0
3.89084	0.000987432	0.100418	0.0410899	0
3.89229	0.000973651	0.117155	0.0441717	0
3.89241	0.000995465	0.23431	0.0623197	0
3.89218	0.000983383	0.133891	0.0472534	0
3.89162	0.00095654	0.167364	0.0527321	0
3.89213	0.000947984	0.150628	0.0499927	0
3.89244	0.000989522	0.200837	0.0578683	0
3.8931	0.000971104	0.117155	0.0441717	0
3.8906	0.000946286	0.1841	0.0554714	0
3.89089	0.000949225	0.0669456	0.0335568	0
3.89131	0.00096699	0.133891	0.0472534	0
3.89125	0.000960981	0.0669456	0.0335568	0
3.89187	0.000956932	0.200837	0.0578683	0
3.89404	0.000970516	0.217573	0.0602652	0
3.89266	0.0009649	0.117155	0.0441717	0
3.89191	0.000945111	0.083682	0.0373233	0
3.89255	0.000950074	0.150628	0.0499927	0
3.89322	0.00096921	0.251046	0.0688256	0
3.89367	0.000973064	0.200837	0.0578683	0
3.89269	0.000958565	0.117155	0.0441717	0
3.89257	0.000959936	0.1841	0.0554714	0
3.89334	0.000953274	0.100418	0.0410899	0
3.8928	0.000944784	0.117155	0.0441717	0
3.89325	0.000986387	0.217573	0.0602652	0
3.89339	0.000950205	0.133891	0.0472534	0
3.89391	0.000932048	0.167364	0.0527321	0
3.89391	0.000944392	0.133891	0.0472534	0
3.89436	0.000955234	0.200837	0.0578683	0
3.89426	0.000951315	0.150628	0.0499927	0
3.89392	0.000971039	0.167364	0.0527321	0
3.89402	0.000956017	0.0669456	0.0335568	0
3.89411	0.000978354	0.100418	0.0410899	0
3.89372	0.00098273	0.100418	0.0410899	0
3.89303	0.000965879	0.083682	0.0373233	0
3.89336	0.000971366	0.150628	0.0499927	0
3.89366	0.000978027	0.100418	0.0410899	0
3.89327	0.000972541	0.217573	0.0647166	0
3.89339	0.0009745	0.150628	0.0499927	0
3.89336	0.000972606	0.083682	0.0373233	0
3.89324	0.000970059	0.150628	0.0499927	0
3.89255	0.000980313	0.133891	0.0472534	0
3.89428	0.00098593	0.200837	0.0578683	0
3.89436	0.000954711	0.150628	0.0499927	0
3.89448	0.000950793	0.133891	0.0472534	0
3.8939	0.000973455	0.083682	0.0373233	0
3.89427	0.000970321	0.133891	0.0472534	0
3.89433	0.00096294	0.150628	0.0499927	0
3.89515	0.000947331	0.100418	0.0410899	0
3.89564	0.000966598	0.200837	0.0578683	0
3.89519	0.000953405	0.0669456	0.0335568	0
3.89404	0.000951119	0.117155	0.0441717	0
3.8944	0.000944719	0.217573	0.0602652	0
3.89626	0.000978288	0.117155	0.0441717	0
3.89589	0.000953993	0.133891	0.0472534	0
3.89501	0.00096503	0.1841	0.0554714	0
3.89596	0.000986648	0.133891	0.0472534	0
3.895	0.00098397	0.100418	0.0410899	0
3.89477	0.000965879	0.100418	0.0410899	0
3.89533	0.000981358	0.133891	0.0472534	0
3.89552	0.000965749	0.117155	0.0441717	0
3.89615	0.000966467	0.100418	0.0410899	0
3.89596	0.00100729	0.217573	0.0602652	0
3.89382	0.000973194	0.100418	0.0410899	0
3.89451	0.000957062	0.133891	0.0472534	0
3.89501	0.000954254	0.100418	0.0410899	0
3.89528	0.000964443	0.133891	0.0472534	0
3.89676	0.00097646	0.133891	0.0472534	0
3.8966	0.000971561	0.150628	0.0499927	0
3.89676	0.000979595	0.150628	0.0499927	0
3.89654	0.000962418	0.1841	0.0554714	0
3.89601	0.00096072	0.150628	0.0499927	0
3.89678	0.000970321	0.133891	0.0472534	0
3.89686	0.000934596	0.083682	0.0373233	0
3.89625	0.000932767	0.150628	0.0499927	0
3.8974	0.000977897	0.150628	0.0499927	0
3.89799	0.000953993	0.100418	0.0410899	0
3.89736	0.000961765	0.150628	0.0499927	0
3.89713	0.000974043	0.150628	0.0499927	0
3.89645	0.000958107	0.117155	0.0441717	0
3.89733	0.00095556	0.083682	0.0373233	0
3.89606	0.000968427	0.117155	0.0441717	0
3.89767	0.000958565	0.267782	0.0667711	0
3.89797	0.000949748	0.167364	0.0527321	0
3.89655	0.000973782	0.133891	0.0472534	0
3.89591	0.000966598	0.100418	0.0410899	0
3.89694	0.000957912	0.200837	0.0578683	0
3.89642	0.000945111	0.0334728	0.0236267	0
3.89696	0.000988085	0.117155	0.0441717	0
3.89654	0.000974827	0.133891	0.0472534	0
3.89696	0.000972149	0.150628	0.0499927	0
3.89756	0.000975154	0.167364	0.0527321	0
3.89804	0.000983709	0.0334728	0.0236267	0
3.89756	0.000955168	0.0502092	0.0291054	0
3.89756	0.000960393	0.100418	0.0410899	0
3.89799	0.000940016	0.100418	0.0410899	0
3.89819	0.000990959	0.133891	0.0472534	0
3.89864	0.000993767	0.167364	0.0527321	0
3.89936	0.000960067	0.083682	0.0373233	0
3.89871	0.000960001	0.0502092	0.0291054	0
3.89861	0.000954842	0.150628	0.0499927	0
3.8987	0.000971431	0.150628	0.0499927	0
3.89855	0.000969014	0.083682	0.0373233	0
3.89906	0.000953536	0.150628	0.0499927	0
3.89983	0.000970516	0.1841	0.0554714	0
3.89957	0.000963463	0.0669456	0.0335568	0
3.89907	0.000959348	0.117155	0.0441717	0
3.89906	0.000972345	0.133891	0.0472534	0
3.89934	0.000960916	0.117155	0.0441717	0
3.89911	0.00093022	0.083682	0.0373233	0
3.8992	0.000942106	0.133891	0.0472534	0
3.89925	0.00094609	0.0502092	0.0291054	0
3.89887	0.000950858	0.0334728	0.0236267	0
3.89822	0.000937404	0.0669456	0.0335568	0
3.89929	0.00098286	0.150628	0.0499927	0
3.89951	0.000978158	0.1841	0.0554714	0
3.89976	0.000972933	0.117155	0.0441717	0
3.89995	0.00097117	0.150628	0.0499927	0
3.89962	0.000957258	0.100418	0.0410899	0
3.89998	0.000954711	0.133891	0.0472534	0
3.90013	0.000948246	0.083682	0.0373233	0
3.89968	0.000968296	0.117155	0.0441717	0
3.90036	0.000959936	0.150628	0.0499927	0
3.9013	0.000962222	0.217573	0.0602652	0
3.90048	0.000980313	0.200837	0.0578683	0
3.90024	0.0009713	0.117155	0.0441717	0
3.90112	0.000960655	0.133891	0.0472534	0
3.90156	0.000973325	0.117155	0.0441717	0
3.90193	0.000977701	0.23431	0.0623197	0
3.90108	0.000959152	0.1841	0.0554714	0
3.89978	0.000948115	0.0502092	0.0291054	0
3.90094	0.000963463	0.133891	0.0472534	0
3.9021	0.000961569	0.083682	0.0373233	0
3.90038	0.000953993	0.150628	0.0499927	0
3.90015	0.000985407	0.133891	0.0472534	0
3.9012	0.000987432	0.167364	0.0527321	0
3.90084	0.000963398	0.133891	0.0472534	0
3.90002	0.000962679	0.0669456	0.0335568	0
3.90024	0.000940996	0.0669456	0.0335568	0
3.90098	0.000974696	0.150628	0.0499927	0
3.90131	0.000974827	0.100418	0.0410899	0
3.90083	0.00095863	0.133891	0.0472534	0
3.90098	0.000957324	0.167364	0.0527321	0
3.89991	0.000950531	0.100418	0.0410899	0
3.90026	0.000954189	0.117155	0.0441717	0
3.90211	0.000956409	0.133891	0.0472534	0
3.90248	0.000953601	0.100418	0.0410899	0
3.90193	0.000958499	0.133891	0.0472534	0
3.90144	0.000969014	0.150628	0.0499927	0
3.90168	0.000952752	0.083682	0.0373233	0
3.902	0.000937404	0.0502092	0.0291054	0
3.90118	0.000934857	0.083682	0.0373233	0
3.90199	0.000953732	0.117155	0.0441717	0
3.90222	0.000960263	0.200837	0.0578683	0
3.90248	0.000963202	0.100418	0.0410899	0
3.90324	0.000951054	0.133891	0.0472534	0
3.90264	0.000939559	0.0669456	0.0335568	0
3.9024	0.000941976	0.0669456	0.0335568	0
3.90316	0.000944719	0.100418	0.0410899	0
3.90255	0.000937861	0.0669456	0.0335568	0
3.90234	0.000944392	0.0334728	0.0236267	0
3.90232	0.000957128	0.0167364	0.0167784	0
3.90261	0.000957585	0.0669456	0.0335568	0
3.90333	0.000967055	0.1841	0.0554714	0
3.90377	0.000957454	0.100418	0.0410899	0
3.90346	0.000938057	0.150628	0.0499927	0
3.90368	0.000968818	0.117155	0.0441717	0
3.90384	0.000967186	0.117155	0.0441717	0
3.90403	0.000955234	0.150628	0.0499927	0
3.90319	0.000949617	0.0669456	0.0335568	0
3.90389	0.000940016	0.133891	0.0472534	0
3.90354	0.000947266	0.117155	0.0441717	0
3.90307	0.000947658	0.200837	0.0578683	0
3.90354	0.000958042	0.0502092	0.0291054	0
3.90409	0.000944262	0.100418	0.0410899	0
3.9042	0.000965357	0.133891	0.0472534	0
3.90486	0.000966924	0.167364	0.0527321	0
3.90377	0.000949552	0.083682	0.0373233	0
3.90387	0.000950662	0.1841	0.0554714	0
3.90477	0.000969798	0.117155	0.0441717	0
3.9047	0.000956017	0.217573	0.0602652	0
3.90464	0.000967577	0.150628	0.0499927	0
3.90491	0.000967708	0.150628	0.0499927	0
3.90476	0.000976198	0.1841	0.0554714	0
3.90517	0.000964639	0.217573	0.0602652	0
3.90483	0.000971953	0.150628	0.0499927	0
3.90414	0.000955626	0.100418	0.0410899	0
3.90447	0.000939559	0.117155	0.0441717	0
3.90446	0.000954385	0.133891	0.0472534	0
3.90496	0.000970974	0.100418	0.0410899	0
3.90559	0.000961895	0.117155	0.0441717	0
3.90573	0.000964834	0.117155	0.0441717	0
3.90517	0.000973194	0.117155	0.0441717	0
3.90547	0.000982664	0.117155	0.0441717	0
3.90572	0.000955952	0.133891	0.0472534	0
3.90629	0.000967055	0.1841	0.0554714	0
3.90521	0.000943282	0.0502092	0.0291054	0
3.90437	0.000923166	0.117155	0.0441717	0
3.90586	0.000927542	0.117155	0.0441717	0
3.90556	0.000959544	0.150628	0.0499927	0
3.90576	0.000935706	0.117155	0.0441717	0
3.9062	0.000951642	0.167364	0.0527321	0
3.90622	0.000962353	0.167364	0.0527321	0
3.90523	0.000940996	0.0669456	0.0335568	0
3.90619	0.000943086	0.0669456	0.0335568	0
3.90684	0.000982207	0.083682	0.0373233	0
3.90601	0.000959479	0.0502092	0.0291054	0
3.90672	0.000955756	0.100418	0.0410899	0
3.9062	0.000954711	0.0334728	0.0236267	0
3.90524	0.000954581	0.0334728	0.0236267	0
3.90612	0.000956605	0.133891	0.0472534	0
3.90669	0.000965945	0.100418	0.0410899	0
3.90656	0.000956017	0.133891	0.0472534	0
3.9076	0.000933681	0.100418	0.0410899	0
3.90714	0.000960001	0.117155	0.0441717	0
3.90603	0.000960459	0.117155	0.0441717	0
3.90642	0.0009617	0.100418	0.0410899	0
3.90722	0.000941649	0.100418	0.0410899	0
3.90728	0.000957128	0.0669456	0.0335568	0
3.90682	0.000948115	0.0669456	0.0335568	0
3.90736	0.000925713	0.083682	0.0373233	0
3.90873	0.000939429	0.133891	0.0472534	0
3.90785	0.000939951	0.100418	0.0410899	0
3.90667	0.000944262	0.083682	0.0373233	0
3.90632	0.000935314	0.083682	0.0373233	0
3.90722	0.000953862	0.133891	0.0472534	0
3.90802	0.000954581	0.133891	0.0472534	0
3.90714	0.000951185	0.133891	0.0472534	0
3.90779	0.000968165	0.083682	0.0373233	0
3.90735	0.000962418	0.0669456	0.0335568	0
3.90794	0.000961438	0.150628	0.0499927	0
3.90794	0.000986844	0.100418	0.0410899	0
3.9073	0.000954581	0.083682	0.0373233	0
3.9078	0.000978419	0.117155	0.0441717	0
3.90854	0.000960655	0.167364	0.0527321	0
3.90865	0.000982011	0.100418	0.0410899	0
3.90919	0.000935771	0.0167364	0.0167784	0
3.90792	0.000965357	0.100418	0.0410899	0
0	0	0	0	0
0	0	0	0	0
0	0	0	0	0
0	0	0	0	0
0	0	0	0	0
0	0	0	0	0
0	0	0	0	0
0	0	0	0	0
0	0	0	0	0
0	0	0	0	0
0	0	0	0	0
0	0	0	0	0
0	0	0	0	0
0	0	0	0	0
0	0	0	0	0
0	0	0	0	0
0	0	0	0	0
0	0	0	0	0
0	0	0	0	0
0	0	0	0	0
0	0	0	0	0
0	0	0	0	0
0	0	0	0	0
0	0	0	0	0
0	0	0	0	0
0	0	0	0	0
0	0	0	0	0
0	0	0	0	0
0	0	0	0	0
0	0	0	0	0
0	0	0	0	0
0	0	0	0	0
0	0	0	0	0
0	0	0	0	0
0	0	0	0	0
0	0	0	0	0
0	0	0	0	0
0	0	0	0	0
0	0	0	0	0
0	0	0	0	0
0	0	0	0	0
0	0	0	0	0
0	0	0	0	0
0	0	0	0	0
0	0	0	0	0
0	0	0	0	0
0	0	0	0	0
0	0	0	0	0
0	0	0	0	0
0	0	0	0	0
0	0	0	0	0
0	0	0	0	0
0	0	0	0	0
0	0	0	0	0
0	0	0	0	0
0	0	0	0	0
0	0	0	0	0
0	0	0	0	0
0	0	0	0	0
0	0	0	0	0
0	0	0	0	0
0	0	0	0	0
0	0	0	0	0
0	0	0	0	0
0	0	0	0	0
0	0	0	0	0
0	0	0	0	0
0	0	0	0	0
0	0	0	0	0
0	0	0	0	0
0	0	0	0	0
0	0	0	0	0
0	0	0	0	0
0	0	0	0	0
0	0	0	0	0
0	0	0	0	0
0	0	0	0	0
0	0	0	0	0
0	0	0	0	0
0	0	0	0	0
0	0	0	0	0
0	0	0	0	0
0	0	0	0	0
0	0	0	0	0
0	0	0	0	0
0	0	0	0	0
0	0	0	0	0
0	0	0	0	0
0	0	0	0	0
0	0	0	0	0
0	0	0	0	0
0	0	0	0	0
0	0	0	0	0
0	0	0	0	0
0	0	0	0	0
0	0	0	0	0
0	0	0	0	0
0	0	0	0	0
0	0	0	0	0
0	0	0	0	0
0	0	0	0	0
0	0	0	0	0
0	0	0	0	0
0	0	0	0	0
0	0	0	0	0
0	0	0	0	0
0	0	0	0	0
0	0	0	0	0
0	0	0	0	0
0	0	0	0	0
0	0	0	0	0
0	0	0	0	0
0	0	0	0	0
0	0	0	0	0
0	0	0	0	0
0	0	0	0	0
0	0	0	0	0
0	0	0	0	0
0	0	0	0	0
0	0	0	0	0
0	0	0	0	0
0	0	0	0	0
0	0	0	0	0
0	0	0	0	0
0	0	0	0	0
0	0	0	0	0
0	0	0	0	0
0	0	0	0	0
0	0	0	0	0
0	0	0	0	0
0	0	0	0	0
0	0	0	0	0
0	0	0	0	0
0	0	0	0	0
0	0	0	0	0
0	0	0	0	0
0	0	0	0	0
0	0	0	0	0
0	0	0	0	0
0	0	0	0	0
0	0	0	0	0
0	0	0	0	0
0	0	0	0	0
0	0	0	0	0
0	0	0	0	0
0	0	0	0	0
0	0	0	0	0
0	0	0	0	0
0	0	0	0	0
0	0	0	0	0
0	0	0	0	0
0	0	0	0	0
0	0	0	0	0
0	0	0	0	0
0	0	0	0	0
0	0	0	0	0
0	0	0	0	0
0	0	0	0	0
0	0	0	0	0
0	0	0	0	0
0	0	0	0	0
0	0	0	0	0
0	0	0	0	0
0	0	0	0	0
0	0	0	0	0
0	0	0	0	0
0	0	0	0	0
0	0	0	0	0
0	0	0	0	0
0	0	0	0	0
0	0	0	0	0
0	0	0	0	0
0	0	0	0	0
0	0	0	0	0
0	0	0	0	0
0	0	0	0	0
0	0	0	0	0
0	0	0	0	0
0	0	0	0	0
0	0	0	0	0
0	0	0	0	0
0	0	0	0	0
0	0	0	0	0
0	0	0	0	0
0	0	0	0	0
0	0	0	0	0
0	0	0	0	0
0	0	0	0	0
0	0	0	0	0
0	0	0	0	0
0	0	0	0	0
0	0	0	0	0
0	0	0	0	0
0	0	0	0	0
0	0	0	0	0
0	0	0	0	0
0	0	0	0	0
0	0	0	0	0
0	0	0	0	0
0	0	0	0	0
0	0	0	0	0
0	0	0	0	0
0	0	0	0	0
0	0	0	0	0
0	0	0	0	0
0	0	0	0	0
0	0	0	0	0
0	0	0	0	0
0	0	0	0	0
0	0	0	0	0
0	0	0	0	0
0	0	0	0	0
0	0	0	0	0
0	0	0	0	0
0	0	0	0	0
0	0	0	0	0
0	0	0	0	0
0	0	0	0	0
0	0	0	0	0
0	0	0	0	0
0	0	0	0	0
0	0	0	0	0
0	0	0	0	0
0	0	0	0	0
0	0	0	0	0
0	0	0	0	0
0	0	0	0	0
0	0	0	0	0
0	0	0	0	0
0	0	0	0	0
0	0	0	0	0
0	0	0	0	0
0	0	0	0	0
0	0	0	0	0
0	0	0	0	0
0	0	0	0	0
0	0	0	0	0
0	0	0	0	0
0	0	0	0	0
0	0	0	0	0
0	0	0	0	0
0	0	0	0	0
0	0	0	0	0
0	0	0	0	0
0	0	0	0	0
0	0	0	0	0
0	0	0	0	0
0	0	0	0	0
0	0	0	0	0
0	0	0	0	0
0	0	0	0	0
0	0	0	0	0
0	0	0	0	0
0	0	0	0	0
0	0	0	0	0
0	0	0	0	0
0	0	0	0	0
0	0	0	0	0
0	0	0	0	0
0	0	0	0	0
0	0	0	0	0
0	0	0	0	0
0	0	0	0	0
0	0	0	0	0
0	0	0	0	0
0	0	0	0	0
0	0	0	0	0
0	0	0	0	0
0	0	0	0	0
0	0	0	0	0
0	0	0	0	0
0	0	0	0	0
0	0	0	0	0
0	0	0	0	0
0	0	0	0	0
0	0	0	0	0
0	0	0	0	0
0	0	0	0	0
0	0	0	0	0
0	0	0	0	0
0	0	0	0	0
0	0	0	0	0
0	0	0	0	0
0	0	0	0	0
0	0	0	0	0
0	0	0	0	0
0	0	0	0	0
0	0	0	0	0
0	0	0	0	0
0	0	0	0	0
0	0	0	0	0
0	0	0	0	0
0	0	0	0	0
0	0	0	0	0
0	0	0	0	0
0	0	0	0	0
0	0	0	0	0
0	0	0	0	0
0	0	0	0	0
0	0	0	0	0
0	0	0	0	0
0	0	0	0	0
0	0	0	0	0
0	0	0	0	0
0	0	0	0	0
0	0	0	0	0
0	0	0	0	0
0	0	0	0	0
0	0	0	0	0
0	0	0	0	0
0	0	0	0	0
0	0	0	0	0
0	0	0	0	0
0	0	0	0	0
0	0	0	0	0
0	0	0	0	0
0	0	0	0	0
0	0	0	0	0
0	0	0	0	0
0	0	0	0	0
0	0	0	0	0
0	0	0	0	0
0	0	0	0	0
0	0	0	0	0
0	0	0	0	0
0	0	0	0	0
0	0	0	0	0
0	0	0	0	0
0	0	0	0	0
0	0	0	0	0
0	0	0	0	0
0	0	0	0	0
0	0	0	0	0
0	0	0	0	0
0	0	0	0	0
0	0	0	0	0
0	0	0	0	0
0	0	0	0	0
0	0	0	0	0
0	0	0	0	0
0	0	0	0	0
0	0	0	0	0
0	0	0	0	0
0	0	0	0	0
0	0	0	0	0
0	0	0	0	0
0	0	0	0	0
0	0	0	0	0
0	0	0	0	0
0	0	0	0	0
0	0	0	0	0
0	0	0	0	0
0	0	0	0	0
0	0	0	0	0
0	0	0	0	0
0	0	0	0	0
0	0	0	0	0
0	0	0	0	0
0	0	0	0	0
0	0	0	0	0
0	0	0	0	0
0	0	0	0	0
0	0	0	0	0
0	0	0	0	0
0	0	0	0	0
0	0	0	0	0
0	0	0	0	0
0	0	0	0	0
0	0	0	0	0
0	0	0	0	0
0	0	0	0	0
0	0	0	0	0
0	0	0	0	0
0	0	0	0	0
0	0	0	0	0
0	0	0	0	0
0	0	0	0	0
0	0	0	0	0
0	0	0	0	0
0	0	0	0	0
0	0	0	0	0
0	0	0	0	0
0	0	0	0	0
0	0	0	0	0
0	0	0	0	0
0	0	0	0	0
0	0	0	0	0
0	0	0	0	0
0	0	0	0	0
0	0	0	0	0
0	0	0	0	0
0	0	0	0	0
0	0	0	0	0
0	0	0	0	0
0	0	0	0	0
0	0	0	0	0
0	0	0	0	0
0	0	0	0	0
0	0	0	0	0
0	0	0	0	0
