a2610820.050194
Narit-cm 08/01/2026 19:35:02 08/01/2026 20:05:01 0045 0013.384714 0052.542598 00.0 00.0
0002395 0010 0000000 0010 05 0000000 0010 0000000 0010
1 0 1 01600 1 0000 3.75 00000.o 0 0 01 000 16 002395 0.500 BT0
1 2 1 02000 1 0000 3.75 00000.o 0 0 01 000 16 002395 0.500 S2A0
1 1 1 01600 1 0000 3.75 00000.o 0 0 00 000 00 002395 3.1746 BC0
1 3 1 02000 1 0000 3.75 00000.o 0 0 00 000 00 002395 3.1746 S2P0
1 5 0 01600 0 0000 1.00 00000.o 0 0 00 000 00 000000 0.000 OF0
0.000 .o Analog 0 	0.000 .o Analog StErr 0 	0.000 .o Photon Counting 0 	0.000 .o PC StErr 0 	0.000 .o Overflow Info 0 
24.7039	0.135189	179.741	0.913095	0
54.0829	0.315046	194.639	0.875889	0
239.895	2.23826	116.743	1.35479	0
471.278	0.165227	1.35282	0.158725	0
473.457	8.98466E-6	0	0	0
473.457	0	0.0334029	0.0235527	0
473.457	6.38041E-6	19.524	0.613054	0
473.457	8.98466E-6	20.309	0.644799	0
473.457	0	9.03549	0.414733	0
473.457	6.38041E-6	21.8956	0.607251	0
473.457	8.98466E-6	60.4092	0.893298	0
473.457	0	115.207	1.03973	0
473.457	0	155.808	1.05066	0
473.457	0	136.935	1.04588	0
473.457	0	106.322	0.974196	0
473.457	6.38041E-6	97.8372	0.945865	0
473.457	6.38041E-6	105.102	0.922994	0
473.457	0	121.72	0.938014	0
473.457	0	131.674	0.933917	0
473.457	0	126.029	0.955081	0
473.457	0	133.027	0.942792	0
473.457	0	149.411	0.945182	0
473.457	0	168.802	0.923336	0
473.457	0	181.829	0.918557	0
473.457	0	190.013	0.903879	0
473.457	0	196.877	0.886471	0
473.457	0	201.102	0.895346	0
473.457	0	204.626	0.903538	0
473.457	0	203.925	0.890908	0
473.457	0	202.322	0.917874	0
473.457	0	201.687	0.904903	0
473.506	0.0191106	201.787	0.891591	0
475.843	0.148227	203.24	0.884081	1
483.613	0.248087	202.305	0.878961	1
498.235	0.116989	200.601	0.884764	1
499.967	0.0191838	202.255	0.882033	1
500	0	202.121	0.8735	1
499.97	0.0134397	201.152	0.892273	1
497.876	0.154538	201.937	0.905586	1
487.339	0.432045	201.537	0.891249	1
454.107	0.629614	202.088	0.873158	1
408.427	0.63965	202.539	0.892956	0
362.799	0.594422	203.808	0.898759	0
320.641	0.577948	201.319	0.905586	0
279.562	0.560632	202.99	0.869403	0
240.062	0.522167	201.102	0.895004	0
203.517	0.485229	204.543	0.874865	0
169.491	0.443538	203.19	0.864966	0
138.631	0.398412	202.205	0.892615	0
111.408	0.355075	201.386	0.887153	0
87.7087	0.30182	202.305	0.897394	0
68.0154	0.256602	200.117	0.891591	0
52.3152	0.21527	199.299	0.871793	0
39.8753	0.176222	196.042	0.885105	0
30.2072	0.141768	196.092	0.879644	0
23.1159	0.113905	192.885	0.850629	0
17.9864	0.0925219	192.434	0.861553	0
14.1318	0.0747638	191.265	0.835269	0
11.4176	0.0604206	188.526	0.853702	0
9.49243	0.0503844	188.075	0.854384	0
8.07246	0.0410657	186.99	0.854726	0
7.10039	0.0352824	184.1	0.842437	0
6.40487	0.0312173	181.729	0.86599	0
5.89777	0.0276509	179.357	0.86599	0
5.52739	0.0258288	177.119	0.85575	0
5.31324	0.0239314	175.315	0.849947	0
5.17266	0.022693	172.125	0.853702	0
4.96833	0.0219998	171.357	0.852678	0
4.86145	0.02147	167.933	0.866331	0
4.86969	0.020905	164.877	0.848581	0
4.849	0.0204145	166.681	0.85575	0
4.81818	0.0199024	163.14	0.862577	0
4.8393	0.0196055	161.871	0.83288	0
4.89542	0.0191298	161.77	0.849947	0
4.8964	0.0190675	159.649	0.839706	0
4.88651	0.0189939	157.077	0.840731	0
4.94676	0.0188876	157.01	0.864625	0
4.99927	0.0185381	154.188	0.856091	0
5.03244	0.0189957	156.392	0.854726	0
5.09707	0.0188572	154.489	0.851312	0
5.1581	0.0181417	152.601	0.849605	0
5.21135	0.0183641	152.768	0.825711	0
5.2353	0.018251	152.2	0.84824	0
5.23738	0.0177823	150.58	0.857115	0
5.30222	0.0174668	150.714	0.857456	0
5.37566	0.0172475	150.58	0.850971	0
5.43135	0.0170649	148.827	0.872134	0
5.49858	0.0175263	147.992	0.844827	0
5.53318	0.0174979	147.791	0.857798	0
5.54868	0.0169005	146.255	0.831173	0
5.61292	0.0168656	145.804	0.837658	0
5.68069	0.0173827	144.017	0.833904	0
5.71854	0.0169124	143.983	0.840731	0
5.76848	0.0170292	144.835	0.856774	0
5.80477	0.0165444	142.747	0.872476	0
5.80243	0.0162989	141.862	0.833904	0
5.84469	0.016545	142.413	0.844485	0
5.90964	0.0161484	143.699	0.849264	0
5.93536	0.0161255	142.079	0.844827	0
5.96274	0.0158182	140.76	0.851995	0
5.98534	0.0154399	138.405	0.852336	0
6.01019	0.0155616	139.758	0.85336	0
6.06098	0.0156321	139.724	0.844485	0
6.1023	0.0151797	138.038	0.846875	0
6.1414	0.015079	138.722	0.845509	0
6.18118	0.0152477	137.486	0.823322	0
6.18782	0.0153504	136.184	0.819226	0
6.20076	0.0152975	137.787	0.856091	0
6.24726	0.0149117	136.184	0.845851	0
6.25521	0.0147563	135.115	0.844827	0
6.27876	0.0146962	136.534	0.840731	0
6.32192	0.0146018	136.501	0.840389	0
6.33017	0.0145956	136.167	0.862235	0
6.36356	0.0144281	134.347	0.851654	0
6.39035	0.014352	133.495	0.835269	0
6.38465	0.0140306	134.664	0.832197	0
6.41126	0.0142172	132.86	0.845851	0
6.44993	0.0143959	131.624	0.842096	0
6.46291	0.0142676	133.161	0.838	0
6.47187	0.0141381	133.311	0.858139	0
6.47282	0.0139522	131.708	0.856432	0
6.49192	0.0141288	129.62	0.846533	0
6.52082	0.0138653	131.474	0.832538	0
6.52475	0.013937	130.789	0.827759	0
6.53158	0.0136325	130.388	0.842779	0
6.54269	0.0140436	130.689	0.856432	0
6.55207	0.0136413	130.823	0.850629	0
6.57239	0.0140114	129.553	0.854726	0
6.58542	0.0139092	130.271	0.831856	0
6.57223	0.013638	129.503	0.856091	0
6.56672	0.0136045	128.701	0.864283	0
6.59097	0.0134753	127.649	0.831856	0
6.6066	0.0136727	127.031	0.868379	0
6.60705	0.0135603	127.248	0.834928	0
6.60145	0.0128972	126.497	0.86599	0
6.5792	0.0132358	123.925	0.843461	0
6.56887	0.0135181	126.28	0.841755	0
6.57038	0.0135659	125.779	0.859504	0
6.55672	0.0131329	124.61	0.842779	0
6.53877	0.0131824	123.791	0.843461	0
6.53193	0.0127988	125.445	0.856091	0
6.52783	0.0128353	122.622	0.840389	0
6.5159	0.0127701	123.34	0.840389	0
6.49779	0.0125747	121.086	0.843803	0
6.48095	0.0127663	121.737	0.850288	0
6.46685	0.0125622	121.152	0.844827	0
6.43612	0.0128576	120.2	0.861894	0
6.42069	0.0123682	119.616	0.865649	0
6.41485	0.0124016	117.595	0.840389	0
6.386	0.0124107	118.881	0.86087	0
6.38149	0.0119027	119.232	0.836634	0
6.37823	0.0120014	117.929	0.853702	0
6.34223	0.0119919	115.708	0.838	0
6.30722	0.012346	115.741	0.873158	0
6.27869	0.0118596	114.722	0.843803	0
6.26775	0.0118174	114.305	0.865307	0
6.26772	0.0120045	113.737	0.85575	0
6.23527	0.0117184	113.486	0.857115	0
6.18825	0.0116965	112.785	0.856432	0
6.16332	0.011709	110.747	0.833562	0
6.13237	0.0117439	108.91	0.831514	0
6.11647	0.011714	109.695	0.850971	0
6.09695	0.011138	107.891	0.841755	0
6.05689	0.0110768	107.073	0.842096	0
6.0321	0.0109625	105.921	0.824687	0
6.02902	0.0111812	106.589	0.845851	0
6.00832	0.011146	105.67	0.852678	0
5.97085	0.0107313	104.518	0.839365	0
5.95484	0.0105928	104.618	0.83561	0
5.94476	0.010716	102.731	0.847557	0
5.92118	0.0103543	103.783	0.87862	0
5.89837	0.0105807	100.91	0.859846	0
5.89044	0.0104624	101.795	0.839024	0
5.87376	0.0103833	100.994	0.846533	0
5.83729	0.0103884	99.5908	0.84312	0
5.81378	0.010362	99.2401	0.845168	0
5.78933	0.010491	98.4885	0.843803	0
5.74812	0.0098647	97.6701	0.829808	0
5.71849	0.00958936	97.8205	0.839706	0
5.69477	0.00970193	94.1628	0.83561	0
5.67186	0.00964386	94.0292	0.822981	0
5.6484	0.00944314	93.4447	0.849605	0
5.6279	0.00949893	92.7098	0.836634	0
5.61067	0.00964536	91.3904	0.828442	0
5.58273	0.00938923	90.5052	0.841072	0
5.56326	0.00926924	90.8559	0.857798	0
5.54991	0.0090846	89.5532	0.839365	0
5.54055	0.0089536	89.1524	0.826394	0
5.52465	0.00899814	89.5532	0.845168	0
5.4966	0.00898785	86.4802	0.827077	0
5.47187	0.00907021	85.3946	0.81786	0
5.44606	0.00872593	84.5261	0.811716	0
5.41756	0.00875288	83.6242	0.844485	0
5.41331	0.00870255	84.0418	0.834928	0
5.4097	0.00865411	82.9896	0.835269	0
5.37141	0.00834942	81.5198	0.82025	0
5.33281	0.00830847	81.904	0.836634	0
5.31504	0.00829649	80.2839	0.858139	0
5.30478	0.00837448	79.2317	0.827077	0
5.29068	0.00823919	79.3486	0.829808	0
5.27104	0.00796412	77.1441	0.817519	0
5.25356	0.00811087	78.7307	0.818202	0
5.25188	0.00814388	76.8434	0.828442	0
5.23183	0.0076992	76.5261	0.792601	0
5.19928	0.00781685	75.2234	0.824687	0
5.18358	0.00780532	73.453	0.805913	0
5.16192	0.00770714	72.5177	0.810692	0
5.14291	0.00756066	71.9332	0.804889	0
5.14175	0.00775298	71.8497	0.805231	0
5.12521	0.00748897	70.5303	0.81274	0
5.10264	0.00739607	71.3486	0.803524	0
5.07945	0.00751723	68.0919	0.81513	0
5.05809	0.00742882	68.4259	0.838341	0
5.05605	0.00723044	67.9248	0.800793	0
5.0413	0.00715485	66.1378	0.804548	0
5.01359	0.00700641	66.7891	0.809327	0
4.99944	0.00704241	65.6534	0.790212	0
4.99251	0.00694579	65.286	0.793625	0
4.98561	0.00698355	64.3006	0.787822	0
4.9544	0.00677951	62.2129	0.791236	0
4.93005	0.00664813	63.2985	0.796697	0
4.93308	0.00676486	62.0292	0.797721	0
4.91711	0.00670659	62.3466	0.783043	0
4.88771	0.00666694	59.8914	0.783385	0
4.87638	0.00644877	58.3883	0.776899	0
4.86665	0.00643295	58.6054	0.796356	0
4.84818	0.00659715	56.7516	0.759491	0
4.83626	0.00661017	57.7035	0.777923	0
4.82654	0.00621589	56.0668	0.754029	0
4.80775	0.00633913	55.833	0.771779	0
4.79421	0.00620931	54.2296	0.768707	0
4.77541	0.00598066	52.6764	0.751298	0
4.75478	0.00598346	52.5261	0.762221	0
4.75092	0.00619915	53.2276	0.748568	0
4.74814	0.00608509	52.3257	0.765293	0
4.73396	0.005919	52.7265	0.768024	0
4.71422	0.00590787	50.1044	0.751981	0
4.71057	0.00587551	50.4885	0.745496	0
4.70842	0.00582173	51.0564	0.753688	0
4.69102	0.00569803	49.0856	0.734573	0
4.67513	0.00573762	48.8685	0.745496	0
4.6613	0.00552823	47.2651	0.721943	0
4.64637	0.00556717	46.8309	0.738669	0
4.63752	0.00551521	45.8455	0.728428	0
4.6313	0.00551346	45.3111	0.729111	0
4.62306	0.00530232	46.4468	0.719895	0
4.61187	0.00543461	45.5115	0.706924	0
4.59855	0.00526319	44.3424	0.716481	0
4.58455	0.00520303	43.6576	0.705217	0
4.57628	0.00527191	42.7056	0.729794	0
4.57365	0.00516032	42.3215	0.697366	0
4.56325	0.00527764	43.691	0.720236	0
4.5467	0.0051305	40.4509	0.703169	0
4.53498	0.00501344	40.3006	0.7059	0
4.5281	0.00504899	40.952	0.69839	0
4.52045	0.00500797	38.4802	0.705558	0
4.50514	0.00489097	39.215	0.695318	0
4.50108	0.00494527	39.3987	0.686102	0
4.49716	0.0049941	37.6284	0.671083	0
4.4853	0.0048428	38.6138	0.687808	0
4.47986	0.0048607	36.2255	0.657429	0
4.47293	0.00482079	37.0605	0.674496	0
4.46341	0.00469676	36.5595	0.691563	0
4.45188	0.00451681	35.6409	0.674496	0
4.44708	0.00467554	36.6931	0.678933	0
4.43823	0.00465646	34.0209	0.654015	0
4.41966	0.00459233	33.737	0.678251	0
4.40878	0.00430489	33.3027	0.655039	0
4.41227	0.00444467	32.4175	0.635583	0
4.41356	0.0044575	33.4864	0.646506	0
4.40694	0.00441147	32.9186	0.670741	0
4.39557	0.00432956	32.1336	0.638655	0
4.39334	0.00437162	32.9353	0.648212	0
4.38563	0.00434473	31.382	0.646847	0
4.37239	0.00441394	31.3653	0.642068	0
4.36804	0.00438009	30.5637	0.638996	0
4.35642	0.0041291	28.9436	0.61954	0
4.34579	0.0041041	30.6806	0.640362	0
4.34731	0.00408515	30.1795	0.620564	0
4.34362	0.0041224	28.0251	0.61203	0
4.33852	0.00410631	29.0772	0.615102	0
4.33638	0.00412207	28.2255	0.617833	0
4.32707	0.00410351	27.6743	0.613054	0
4.31789	0.00395585	26.9562	0.622953	0
4.31894	0.00419486	28.0752	0.62227	0
4.31454	0.00412402	27.0731	0.600083	0
4.30196	0.00400852	26.7223	0.607251	0
4.29462	0.00390696	25.62	0.593939	0
4.29009	0.00372258	26.9562	0.608275	0
4.28785	0.00377642	25.5866	0.580285	0
4.28647	0.00384908	26.9061	0.603496	0
4.27864	0.00383762	25.3695	0.587112	0
4.27096	0.00385442	23.8497	0.575847	0
4.26768	0.00365806	24.7349	0.568679	0
4.26251	0.00380735	24.0835	0.591549	0
4.25257	0.00380018	23.3152	0.576189	0
4.24454	0.00373885	23.215	0.573117	0
4.24328	0.00365617	22.8643	0.577213	0
4.23844	0.00359256	23.8163	0.570727	0
4.23209	0.00356834	22.4134	0.54854	0
4.2303	0.00350753	21.7286	0.549905	0
4.22691	0.0036173	22.263	0.55878	0
4.21901	0.00342159	20.7599	0.535569	0
4.21951	0.00352231	22.1461	0.565949	0
4.21969	0.00344861	20.7432	0.544785	0
4.21014	0.00344399	21.2443	0.54103	0
4.20473	0.00338227	20.643	0.540348	0
4.20628	0.00351443	21.1608	0.559804	0
4.2005	0.0033727	20.5762	0.545468	0
4.19078	0.00337133	20.0418	0.528401	0
4.19069	0.00329887	19.4572	0.517136	0
4.1862	0.00336111	19.3403	0.530449	0
4.17894	0.00330382	19.2902	0.523622	0
4.17792	0.0032865	20.0251	0.528059	0
4.17743	0.00323832	19.4405	0.522939	0
4.1696	0.00312914	18.3048	0.511675	0
4.16758	0.00322269	18.9228	0.522256	0
4.17235	0.00330967	19.4739	0.533179	0
4.16393	0.00319906	18.0543	0.496997	0
4.15284	0.00311696	17.6701	0.500069	0
4.15224	0.00319997	18.6054	0.523281	0
4.15247	0.00321879	17.2192	0.507579	0
4.14547	0.00304092	17.62	0.488122	0
4.14289	0.0031264	17.5198	0.509285	0
4.14137	0.00314919	18.0209	0.509627	0
4.13338	0.00311488	16.4342	0.49768	0
4.13062	0.00299892	17.3194	0.490511	0
4.13013	0.00307249	17.3194	0.509285	0
4.12702	0.0030305	16.5177	0.492901	0
4.12607	0.00303109	17.0522	0.502117	0
4.12698	0.00314059	16.5511	0.494608	0
4.12391	0.00303968	16.7516	0.494608	0
4.11957	0.00298258	16	0.492218	0
4.11574	0.00296129	15.9833	0.474468	0
4.11269	0.00298766	15.0814	0.478564	0
4.1094	0.00296337	15.833	0.487781	0
4.10813	0.00289417	15.1482	0.463545	0
4.10302	0.00291344	14.7641	0.464569	0
4.10069	0.00288622	15.5491	0.472762	0
4.10057	0.00289247	14.547	0.470714	0
4.09573	0.00295315	15.4656	0.480612	0
4.09099	0.00277925	14.5637	0.460132	0
4.09187	0.00280692	14.8643	0.47242	0
4.09366	0.00288147	14.6973	0.469007	0
4.09036	0.00286624	14.1628	0.458084	0
4.08136	0.00284293	13.1441	0.442041	0
4.08084	0.00277352	14.3967	0.469007	0
4.08327	0.00276454	14.5637	0.464911	0
4.07925	0.0028133	13.1441	0.451598	0
4.07621	0.00277287	13.8956	0.459108	0
4.07675	0.00281233	13.929	0.461497	0
4.06973	0.00278466	13.3946	0.446819	0
4.06457	0.00280373	13.1106	0.445113	0
4.06847	0.00285953	14.1461	0.453646	0
4.06482	0.00271206	13.7119	0.452281	0
4.05708	0.00277951	12.5094	0.441017	0
4.05244	0.00269885	12.0585	0.431118	0
4.05375	0.00265243	12.6597	0.430435	0
4.05835	0.00264006	12.6597	0.437603	0
4.05942	0.00270217	12.6931	0.439651	0
4.05412	0.00261011	12.9269	0.446478	0
4.05289	0.00266734	12.3591	0.439993	0
4.05142	0.00264214	12.2255	0.423949	0
4.0488	0.00266232	12.7265	0.436238	0
4.04803	0.00263908	12.5094	0.440334	0
4.04214	0.00265301	11.9749	0.418829	0
4.04395	0.00263732	13.0939	0.438627	0
4.04576	0.00259325	12.1086	0.420536	0
4.03623	0.00251212	11.6576	0.418147	0
4.03382	0.00263869	12.3257	0.443406	0
4.03715	0.00265607	12.1754	0.435896	0
4.03088	0.00256675	12.0585	0.42668	0
4.02833	0.00249461	12.0418	0.425315	0
4.0311	0.0025062	11.4071	0.415416	0
4.02949	0.00250093	11.5574	0.422584	0
4.02741	0.00250451	11.6075	0.419171	0
4.02678	0.0025689	10.8894	0.413368	0
4.02358	0.00249285	10.7557	0.403127	0
4.02041	0.00249344	11.524	0.413709	0
4.02017	0.00244558	11.2735	0.412685	0
4.01701	0.00248563	10.572	0.400055	0
4.0154	0.00253784	10.9061	0.40893	0
4.01508	0.00247039	10.8894	0.405175	0
4.01226	0.00247332	10.3549	0.399373	0
4.00862	0.00244311	10.9395	0.404493	0
4.00923	0.00246069	10.6889	0.408248	0
4.00947	0.00243445	10.2881	0.400055	0
4.00837	0.00243973	10.9061	0.405517	0
4.00671	0.00241245	10.1712	0.391863	0
4.00327	0.00229285	10.5553	0.384353	0
4.0033	0.0023586	10.5052	0.405175	0
4.00134	0.002392	9.68685	0.390839	0
3.99709	0.00236798	9.50313	0.395959	0
3.99601	0.00234623	9.95407	0.386743	0
3.99321	0.00227898	9.28601	0.378209	0
3.9888	0.00230828	9.48643	0.389474	0
3.99187	0.00234324	9.25261	0.376503	0
3.98943	0.00232006	9.60334	0.389132	0
3.98645	0.00232449	9.70355	0.382988	0
3.98676	0.00229011	9.01879	0.378209	0
3.98562	0.00229753	9.1691	0.378551	0
3.98454	0.00230229	9.23591	0.382988	0
3.98213	0.00220306	8.71816	0.366945	0
3.98127	0.00223653	9.119	0.375479	0
3.98417	0.00225144	9.90397	0.395276	0
3.9821	0.00224363	9.30271	0.382305	0
3.9761	0.00218301	8.28392	0.369676	0
3.97324	0.00221635	8.91858	0.372406	0
3.97137	0.00221758	8.83507	0.372065	0
3.96818	0.00217032	8.58455	0.366604	0
3.96602	0.00216042	8.70146	0.366604	0
3.96456	0.00221309	8.35073	0.352608	0
3.96543	0.00218868	8.40084	0.366604	0
3.96694	0.00217305	8.51775	0.366604	0
3.96643	0.00224232	8.93528	0.371724	0
3.9641	0.00217305	8.20042	0.359094	0
3.96344	0.00222312	8.25052	0.356705	0
3.9647	0.00219284	8.51775	0.364897	0
3.96422	0.0022265	8.21712	0.358753	0
3.95951	0.00216101	7.64927	0.345782	0
3.95945	0.00205684	8.36743	0.362849	0
3.95906	0.00209792	7.78288	0.353291	0
3.95448	0.00217585	8.0167	0.354315	0
3.95246	0.00209167	7.68267	0.344758	0
3.95382	0.00215189	7.64927	0.349878	0
3.95315	0.00213503	8.13361	0.353632	0
3.94948	0.00209596	7.9666	0.351926	0
3.94684	0.00207669	7.18163	0.334517	0
3.94649	0.00208581	7.61587	0.344416	0
3.94533	0.00208138	7.36534	0.342368	0
3.9456	0.00210501	7.93319	0.348171	0
3.94632	0.00205872	7.18163	0.341003	0
3.94996	0.0021614	7.91649	0.355339	0
3.94877	0.00207865	7.26514	0.333152	0
3.9438	0.00204629	7.26514	0.332469	0
3.9429	0.00203965	7.39875	0.341003	0
3.94536	0.00202376	7.21503	0.346464	0
3.94474	0.00209225	7.83299	0.344416	0
3.94172	0.00199525	7.74948	0.349536	0
3.93973	0.00206445	7.18163	0.329397	0
3.9398	0.00206869	7.61587	0.348512	0
3.93524	0.00201608	7.18163	0.337589	0
3.93634	0.0020222	7.44885	0.338613	0
3.93807	0.00202109	7.18163	0.336224	0
3.93565	0.00200931	6.74739	0.321205	0
3.93977	0.00207012	7.74948	0.353632	0
3.94209	0.00214629	7.43215	0.343392	0
3.93492	0.0020362	7.04802	0.338272	0
3.93449	0.0021069	7.34864	0.343734	0
3.93453	0.00199902	7.08142	0.325984	0
3.93214	0.00201966	7.78288	0.343051	0
3.93329	0.00202715	6.881	0.328714	0
3.93536	0.00207057	7.58246	0.348854	0
3.93548	0.0020791	7.69937	0.347147	0
3.93125	0.00203366	6.8309	0.331104	0
3.92969	0.00204512	7.24843	0.333152	0
3.93416	0.00209714	7.81628	0.343392	0
3.93335	0.00208685	7.56576	0.346123	0
3.92877	0.00204928	7.51566	0.350902	0
3.92971	0.00206654	7.18163	0.344416	0
3.93231	0.00212357	7.16493	0.338272	0
3.9326	0.00207083	7.73278	0.342027	0
3.93277	0.00209264	7.09812	0.333835	0
3.93026	0.00211882	7.33194	0.339296	0
3.92609	0.00204421	6.71399	0.32769	0
3.92675	0.00201289	7.26514	0.336565	0
3.92663	0.00200469	6.8476	0.331445	0
3.92347	0.00202838	7.58246	0.349536	0
3.92406	0.00205495	7.68267	0.34783	0
3.92354	0.00203177	7.04802	0.336565	0
3.92298	0.00209017	7.01461	0.331786	0
3.92281	0.00205749	6.8977	0.330762	0
3.921	0.00206829	7.08142	0.3352	0
3.9213	0.00201224	6.71399	0.328373	0
3.91929	0.0020207	6.99791	0.336565	0
3.91853	0.00200293	6.56367	0.316426	0
3.92135	0.00206549	7.03132	0.341003	0
3.92074	0.0020569	7.71608	0.345099	0
3.92019	0.00205957	7.31524	0.340661	0
3.9183	0.00201243	7.04802	0.332128	0
3.91652	0.00197604	6.71399	0.329397	0
3.91599	0.00197662	7.21503	0.338272	0
3.91637	0.0019778	6.79749	0.326325	0
3.91344	0.00192929	6.8476	0.334859	0
3.91421	0.00195781	7.03132	0.325301	0
3.91449	0.00195247	6.41336	0.315402	0
3.91125	0.00198001	7.06472	0.330762	0
3.91519	0.00196432	6.8309	0.333835	0
3.91893	0.00204551	7.49896	0.345782	0
3.9159	0.00205254	6.76409	0.338613	0
3.91495	0.00205085	7.11482	0.331786	0
3.91505	0.00201387	6.96451	0.336907	0
3.9153	0.00201133	7.18163	0.339296	0
3.91501	0.00199453	6.881	0.323594	0
3.91363	0.00200801	6.91441	0.337589	0
3.91351	0.00199863	7.11482	0.330762	0
3.9158	0.00204023	7.38205	0.345782	0
3.91789	0.00204681	7.76618	0.347488	0
3.91781	0.00207793	7.84969	0.352608	0
3.91832	0.00207357	7.78288	0.355681	0
3.91592	0.00208919	7.41545	0.343734	0
3.91422	0.0021043	7.18163	0.341003	0
3.91744	0.00205872	8.21712	0.36319	0
3.91772	0.00213926	7.48225	0.335883	0
3.91255	0.00202806	7.06472	0.334176	0
3.90958	0.00205703	6.8643	0.3352	0
3.9077	0.00200208	6.53027	0.318474	0
3.90086	0.00196933	6.22965	0.320863	0
3.89649	0.00186555	6.07933	0.310964	0
3.89676	0.00187936	5.77871	0.301748	0
3.89338	0.00189062	5.44468	0.301407	0
3.88873	0.00183254	5.54489	0.301748	0
3.88849	0.00182649	5.31106	0.291167	0
3.88983	0.00180448	5.56159	0.298335	0
3.88542	0.00176008	4.69311	0.278537	0
3.88164	0.00168977	4.67641	0.272051	0
3.88256	0.00170858	4.99374	0.285364	0
3.88208	0.00168254	4.86013	0.273417	0
3.88151	0.00173905	4.5261	0.272734	0
3.88069	0.00171666	4.89353	0.276147	0
3.87585	0.00161978	4.07516	0.251912	0
3.8732	0.00167466	3.92484	0.24884	0
3.87163	0.00157564	4.07516	0.252936	0
3.86753	0.00157752	3.62422	0.245085	0
3.86472	0.00152935	3.30689	0.234845	0
3.86412	0.00152563	3.59081	0.245426	0
3.86038	0.00144959	3.27349	0.227677	0
3.85818	0.0014729	3.17328	0.228359	0
3.85871	0.00144868	3.13987	0.22597	0
3.85776	0.0014395	2.88935	0.218119	0
3.85511	0.00137433	2.65553	0.208903	0
3.85451	0.00136762	2.55532	0.201393	0
3.85609	0.00141215	2.73904	0.210609	0
3.85305	0.00135532	2.238	0.193883	0
3.85196	0.00136098	2.73904	0.212999	0
3.8546	0.00133272	2.22129	0.195932	0
3.85402	0.00145714	2.68894	0.214023	0
3.85383	0.00140239	2.52192	0.204124	0
3.85156	0.00136209	2.83925	0.212657	0
3.85027	0.00130837	2.3215	0.19559	0
3.84857	0.00129073	2.20459	0.189446	0
3.84691	0.00132719	2.10438	0.185691	0
3.84652	0.00131593	2.10438	0.185691	0
3.84613	0.0012975	2.42171	0.199345	0
3.84654	0.00128637	2.2547	0.190129	0
3.84378	0.00129054	1.92067	0.17784	0
3.84352	0.00130388	2.38831	0.196614	0
3.84614	0.00133767	2.40501	0.197297	0
3.8462	0.00131489	2.20459	0.191153	0
3.84412	0.00133735	2.15449	0.189105	0
3.84474	0.00130955	2.2881	0.192859	0
3.84203	0.0012462	2.00418	0.181595	0
3.84187	0.00128663	2.42171	0.19798	0
3.84272	0.0012656	1.83716	0.17272	0
3.84145	0.00129229	2.3382	0.193201	0
3.84115	0.00127192	1.92067	0.17784	0
3.83956	0.00127524	2.20459	0.189446	0
3.83962	0.00126065	1.97077	0.178523	0
3.83978	0.00120538	1.98747	0.180912	0
3.83761	0.00119131	1.41962	0.152922	0
3.83874	0.00124913	2.07098	0.184326	0
3.83907	0.00120147	1.85386	0.172037	0
3.83641	0.00116729	1.40292	0.150533	0
3.83641	0.00118252	1.88727	0.173403	0
3.83785	0.00122947	1.60334	0.162138	0
3.83742	0.00121605	1.62004	0.167941	0
3.8383	0.00123116	2.2547	0.192859	0
3.83988	0.00124717	2.18789	0.187398	0
3.83712	0.001224	1.80376	0.173061	0
3.83481	0.00120381	1.90397	0.174085	0
3.83504	0.00122615	1.65344	0.167941	0
3.83357	0.0012016	1.55324	0.159749	0
3.8354	0.00123604	2.10438	0.185691	0
3.83551	0.00120017	1.75365	0.174085	0
3.83496	0.00122419	1.77035	0.171355	0
3.8359	0.00125284	2.18789	0.188763	0
3.8349	0.00124359	1.80376	0.174427	0
3.83275	0.00123441	1.80376	0.171355	0
3.83496	0.00124477	1.83716	0.17272	0
3.83355	0.00120831	1.83716	0.174427	0
3.83045	0.00121299	1.40292	0.152239	0
3.83048	0.00121332	1.58664	0.159408	0
3.83152	0.00120141	1.73695	0.166576	0
3.83184	0.00119711	1.68685	0.165893	0
3.83221	0.00123988	1.67015	0.165211	0
3.83215	0.00117933	1.98747	0.180912	0
3.83079	0.00118864	1.62004	0.162821	0
3.8309	0.00120264	1.70355	0.173403	0
3.83114	0.00121241	1.46973	0.160773	0
3.8307	0.00120108	1.60334	0.160432	0
3.83127	0.00122732	1.67015	0.168624	0
3.83095	0.00124867	1.80376	0.171355	0
3.82991	0.00118383	1.56994	0.158725	0
3.82864	0.00120297	1.63674	0.166917	0
3.82908	0.00116462	1.33612	0.146778	0
3.82943	0.00117999	1.70355	0.168283	0
3.82902	0.0011837	1.83716	0.171013	0
3.82768	0.00117347	1.67015	0.168624	0
3.82716	0.0011611	1.45303	0.154629	0
3.82729	0.00118415	1.55324	0.159749	0
3.82783	0.00120473	1.77035	0.168283	0
3.82791	0.00121924	1.82046	0.173744	0
3.82537	0.00115843	1.58664	0.161456	0
3.82468	0.00115069	1.38622	0.151215	0
3.82608	0.0011904	1.63674	0.161797	0
3.8269	0.00117745	1.50313	0.160773	0
3.82656	0.00119821	1.78706	0.172037	0
3.82611	0.00113161	1.1691	0.137562	0
3.82644	0.00115433	1.50313	0.155312	0
3.8265	0.00116482	1.23591	0.141316	0
3.825	0.00116254	1.56994	0.160432	0
3.82519	0.00111651	1.41962	0.15497	0
3.82513	0.00114092	1.62004	0.162821	0
3.82396	0.00113702	1.45303	0.154629	0
3.82375	0.0011639	1.35282	0.147802	0
3.82391	0.00115752	1.45303	0.156677	0
3.82368	0.00120004	1.46973	0.155653	0
3.82116	0.0011294	1.33612	0.148826	0
3.82206	0.00112263	1.53653	0.160773	0
3.82403	0.00114763	1.25261	0.14234	0
3.82293	0.00113024	1.60334	0.165552	0
3.82209	0.00114437	1.38622	0.153264	0
3.82182	0.00113819	1.33612	0.146778	0
3.82127	0.00112614	1.46973	0.15736	0
3.82182	0.00113513	1.25261	0.144389	0
3.8208	0.00111175	1.33612	0.146778	0
3.82075	0.00109131	1.46973	0.153946	0
3.81957	0.00110739	1.33612	0.146778	0
3.8193	0.00114261	1.43633	0.155653	0
3.82052	0.00116299	1.41962	0.151215	0
3.8193	0.00112211	1.35282	0.147802	0
3.81855	0.00111494	1.40292	0.155994	0
3.81928	0.00111273	1.1858	0.142682	0
3.81921	0.00114021	1.33612	0.148826	0
3.81898	0.00111312	1.1524	0.138927	0
3.81833	0.00107796	1.1357	0.137903	0
3.81837	0.00110322	1.25261	0.14234	0
3.81881	0.00109867	1.1858	0.140634	0
3.81786	0.0010805	1.20251	0.141658	0
3.81726	0.00110199	1.05219	0.135172	0
3.81896	0.00111156	1.23591	0.141316	0
3.81812	0.00112048	1.20251	0.13961	0
3.81701	0.00110615	1.35282	0.149509	0
3.81669	0.0011016	1.26931	0.145071	0
3.81643	0.00104098	0.901879	0.123567	0
3.81527	0.00104469	1.119	0.134831	0
3.81518	0.00105296	1.1691	0.13961	0
3.81513	0.00104541	0.985386	0.126639	0
3.81577	0.00107048	1.30271	0.152581	0
3.81589	0.00105257	0.868476	0.119129	0
3.81608	0.00105602	1.33612	0.148826	0
3.81507	0.00104463	0.868476	0.119129	0
3.81569	0.00108135	1.1524	0.140634	0
3.81617	0.00112289	1.30271	0.147119	0
3.81609	0.00109737	1.21921	0.140634	0
3.81579	0.00111781	1.25261	0.146095	0
3.81576	0.00111983	1.21921	0.140634	0
3.81472	0.00109268	1.26931	0.143365	0
3.81364	0.00111885	1.20251	0.141658	0
3.81351	0.00107705	1.06889	0.133807	0
3.81425	0.0010516	0.91858	0.124591	0
3.81412	0.00109398	1.21921	0.144389	0
3.81398	0.00103773	1.03549	0.129711	0
3.81287	0.00108812	1.1023	0.133807	0
3.81314	0.00106781	0.968685	0.125615	0
3.81348	0.00109274	1.1691	0.143706	0
3.81417	0.00113962	1.26931	0.145071	0
3.81215	0.00106052	0.885177	0.120153	0
3.81179	0.00107119	1.00209	0.127663	0
3.81261	0.00107015	1.119	0.136879	0
3.81253	0.00104476	1.08559	0.132783	0
3.81177	0.00104196	0.968685	0.125615	0
3.81203	0.00105667	1.20251	0.13961	0
3.81307	0.00109789	1.1691	0.13961	0
3.81353	0.00109652	1.20251	0.13961	0
3.81126	0.00107686	1.03549	0.1321	0
3.81009	0.00106494	0.868476	0.119129	0
3.81129	0.00106039	1.05219	0.132783	0
3.81061	0.00107328	0.901879	0.121518	0
3.81061	0.00103219	0.968685	0.125615	0
3.81141	0.0010751	1.00209	0.130052	0
3.81087	0.00106592	1.1524	0.136879	0
3.81026	0.00104801	1.05219	0.130735	0
3.81194	0.00105589	1.03549	0.129711	0
3.81134	0.00101351	0.901879	0.121518	0
3.81006	0.00100804	0.818372	0.115716	0
3.81122	0.00102822	0.868476	0.121518	0
3.81104	0.00106878	1.06889	0.133807	0
3.80955	0.00106442	0.851775	0.122543	0
3.80924	0.00103792	0.818372	0.115716	0
3.80977	0.00104287	0.901879	0.121518	0
3.81015	0.0010471	1.26931	0.147119	0
3.80956	0.00103831	0.634656	0.102062	0
3.8085	0.00100967	1.05219	0.130735	0
3.80831	0.0010195	0.835073	0.119129	0
3.80963	0.00102503	0.868476	0.119129	0
3.80903	0.00101963	0.968685	0.128004	0
3.80929	0.00103428	0.968685	0.128004	0
3.80864	0.00104456	0.784969	0.115716	0
3.80869	0.00103883	0.868476	0.119129	0
3.80874	0.00103818	0.868476	0.121518	0
3.8083	0.00102458	0.818372	0.115716	0
3.80979	0.00106481	1.1023	0.133807	0
3.80925	0.00107822	1.00209	0.130052	0
3.80653	0.0010404	0.885177	0.120153	0
3.8079	0.00105212	0.885177	0.120153	0
3.80855	0.00104313	0.951983	0.129028	0
3.80787	0.00103337	0.91858	0.124591	0
3.80785	0.00102887	0.718163	0.108547	0
3.80847	0.00104124	0.968685	0.125615	0
3.80846	0.00104007	0.868476	0.121518	0
3.80891	0.0010555	0.818372	0.118105	0
3.80722	0.00103838	0.835073	0.119129	0
3.80754	0.00103161	0.784969	0.113326	0
3.80854	0.00102627	0.784969	0.113326	0
3.80784	0.00104391	0.818372	0.118105	0
3.80751	0.001046	0.951983	0.124591	0
3.80761	0.00104365	1.00209	0.127663	0
3.80534	0.00103128	0.601253	0.102403	0
3.80552	0.00101859	0.701461	0.107182	0
3.80792	0.0010986	1.1691	0.13961	0
3.80711	0.00104333	0.851775	0.118105	0
3.80539	0.00102686	0.968685	0.130052	0
3.80563	0.00101709	0.818372	0.115716	0
3.8048	0.000992154	0.851775	0.118105	0
3.80495	0.00100101	0.868476	0.121518	0
3.80561	0.00103083	0.818372	0.115716	0
3.80483	0.000988182	0.818372	0.115716	0
3.80596	0.000987466	0.80167	0.117081	0
3.80605	0.000994432	0.885177	0.122543	0
3.80543	0.000999315	0.935282	0.125615	0
3.80602	0.00104574	1.08559	0.132783	0
3.80693	0.00103245	1.00209	0.127663	0
3.80609	0.00102581	0.901879	0.123567	0
3.80446	0.00100693	0.68476	0.106158	0
3.80432	0.00102184	0.734864	0.109913	0
3.80541	0.00103135	0.768267	0.112302	0
3.80657	0.00104398	1.01879	0.133124	0
3.80523	0.00100609	0.734864	0.109913	0
3.80446	0.00102939	0.868476	0.121518	0
3.8061	0.00104268	0.901879	0.121518	0
3.80511	0.00101214	0.835073	0.11674	0
3.80441	0.00102184	0.651357	0.106158	0
3.80522	0.00100602	0.851775	0.120494	0
3.80539	0.000979458	0.68476	0.106158	0
3.80433	0.00100185	0.718163	0.108547	0
3.80471	0.00100986	0.701461	0.107182	0
3.80484	0.00099938	0.835073	0.11674	0
3.80403	0.00103447	0.668058	0.107523	0
3.80317	0.00104027	0.80167	0.114692	0
3.80314	0.00100238	0.68476	0.108547	0
3.80309	0.000995995	0.617954	0.103427	0
3.80442	0.000984601	0.851775	0.118105	0
3.80392	0.000994302	0.68476	0.106158	0
3.8034	0.000990266	0.80167	0.114692	0
3.80345	0.00101527	0.768267	0.114692	0
3.80311	0.00098994	0.634656	0.102062	0
3.80274	0.0010055	0.751566	0.110937	0
3.80368	0.000999901	0.751566	0.110937	0
3.80329	0.00100485	0.768267	0.112302	0
3.80351	0.000990786	0.701461	0.107182	0
3.80344	0.000981932	0.901879	0.123567	0
3.80348	0.00100784	0.818372	0.118105	0
3.80334	0.00102725	0.91858	0.124591	0
3.80413	0.000994758	0.818372	0.118105	0
3.80321	0.00099593	0.68476	0.106158	0
3.8021	0.000983495	0.868476	0.119129	0
3.8023	0.000975226	0.734864	0.109913	0
3.80213	0.000979523	0.551148	0.095235	0
3.80288	0.000984927	0.634656	0.102062	0
3.80499	0.00100023	0.751566	0.110937	0
3.80327	0.00100238	0.851775	0.120494	0
3.80215	0.00102673	0.718163	0.108547	0
3.80238	0.000949965	0.634656	0.102062	0
3.80218	0.00096559	0.617954	0.100697	0
3.80165	0.0010096	0.835073	0.119129	0
3.80109	0.00095602	0.551148	0.095235	0
3.8001	0.000979198	0.634656	0.102062	0
3.80194	0.000997232	0.718163	0.108547	0
3.80193	0.000960056	0.68476	0.106158	0
3.80142	0.000971645	0.718163	0.108547	0
3.80243	0.000974901	0.818372	0.115716	0
3.80202	0.00101422	0.718163	0.108547	0
3.80329	0.00101683	0.868476	0.119129	0
3.80296	0.00102406	0.835073	0.119129	0
3.80244	0.000972036	0.617954	0.100697	0
3.80304	0.000994042	0.784969	0.113326	0
3.80192	0.00096201	0.517745	0.0925043	0
3.80063	0.000980955	0.784969	0.113326	0
3.80075	0.000981541	0.534447	0.0938696	0
3.80052	0.00100211	0.651357	0.106158	0
3.80039	0.000975942	0.617954	0.100697	0
3.80087	0.000979198	0.668058	0.107523	0
3.80118	0.000970734	0.68476	0.106158	0
3.8004	0.00092568	0.56785	0.0966004	0
3.80077	0.000955824	0.668058	0.104793	0
3.80234	0.000958624	0.734864	0.109913	0
3.80173	0.000976398	0.734864	0.109913	0
3.8013	0.000985448	0.751566	0.110937	0
3.80148	0.000948728	0.484342	0.0894322	0
3.80201	0.000971841	0.784969	0.115716	0
3.8017	0.000956866	0.551148	0.095235	0
3.79996	0.000956671	0.517745	0.0983071	0
3.79914	0.000966697	0.56785	0.0966004	0
3.79957	0.000959926	0.517745	0.0925043	0
3.80012	0.000933102	0.634656	0.102062	0
3.80004	0.000953611	0.501044	0.0907975	0
3.80111	0.000982062	0.751566	0.110937	0
3.8014	0.0010111	0.784969	0.113326	0
3.80143	0.000988378	0.617954	0.100697	0
3.80086	0.000991568	0.56785	0.0966004	0
3.80246	0.00101637	0.818372	0.115716	0
3.80118	0.000996451	0.784969	0.113326	0
3.80032	0.000939027	0.56785	0.0966004	0
3.80059	0.000944756	0.56785	0.0966004	0
3.80111	0.000969627	0.751566	0.110937	0
3.80098	0.00095016	0.651357	0.103427	0
3.80017	0.000961684	0.634656	0.102062	0
3.79907	0.000951202	0.467641	0.0877254	0
3.79987	0.000959861	0.601253	0.0993311	0
3.80006	0.000963963	0.617954	0.100697	0
3.79882	0.000969367	0.450939	0.0863601	0
3.79955	0.000950421	0.617954	0.103427	0
3.80075	0.000953676	0.701461	0.107182	0
3.80203	0.000991503	0.784969	0.113326	0
3.80055	0.000955434	0.501044	0.0907975	0
3.79855	0.000936683	0.484342	0.0894322	0
3.79908	0.000945863	0.601253	0.0993311	0
3.80069	0.000947426	0.551148	0.095235	0
3.80099	0.000955694	0.634656	0.102062	0
3.79944	0.000951658	0.584551	0.101038	0
3.79861	0.000972557	0.601253	0.0993311	0
3.79873	0.000967088	0.701461	0.109913	0
3.79993	0.000956345	0.617954	0.103427	0
3.79965	0.000949249	0.56785	0.0966004	0
3.79889	0.000977309	0.668058	0.104793	0
3.79935	0.000948012	0.634656	0.102062	0
3.80065	0.000981346	0.651357	0.103427	0
3.80102	0.000998274	0.651357	0.103427	0
3.79936	0.000960121	0.534447	0.0938696	0
3.79877	0.00092874	0.517745	0.0925043	0
3.8001	0.0009652	0.634656	0.102062	0
3.79969	0.000949249	0.601253	0.0993311	0
3.79966	0.000964549	0.484342	0.0925043	0
3.79859	0.000926787	0.56785	0.0966004	0
3.7985	0.000932842	0.601253	0.0993311	0
3.79856	0.000912008	0.484342	0.0894322	0
3.79951	0.000957452	0.634656	0.104793	0
3.79964	0.000960121	0.501044	0.0907975	0
3.79795	0.000951137	0.501044	0.0938696	0
3.79925	0.000940785	0.634656	0.102062	0
3.79961	0.000985448	0.835073	0.11674	0
3.79869	0.00094404	0.417537	0.0829466	0
3.79886	0.000930173	0.400835	0.0846533	0
3.80016	0.000943389	0.601253	0.0993311	0
3.80059	0.00092887	0.56785	0.0966004	0
3.80018	0.00093753	0.68476	0.108547	0
3.79988	0.000906083	0.434238	0.0846533	0
3.80015	0.000950551	0.450939	0.0863601	0
3.8001	0.000933037	0.601253	0.0993311	0
3.79959	0.00093753	0.551148	0.095235	0
3.79941	0.000944952	0.551148	0.095235	0
3.79863	0.000955759	0.400835	0.0815812	0
3.7978	0.000930498	0.434238	0.0846533	0
3.79925	0.000950811	0.651357	0.103427	0
3.79961	0.000947621	0.584551	0.0979658	0
3.79934	0.000964158	0.634656	0.102062	0
3.79839	0.000931344	0.501044	0.0907975	0
3.79903	0.000957973	0.501044	0.0907975	0
3.79971	0.000969041	0.534447	0.0938696	0
3.79821	0.000931735	0.467641	0.0877254	0
3.79905	0.000988833	0.634656	0.104793	0
3.79882	0.000959015	0.584551	0.0979658	0
3.79679	0.000952634	0.400835	0.0815812	0
3.79707	0.000932777	0.417537	0.0829466	0
3.79823	0.000959796	0.56785	0.0966004	0
3.79813	0.000930954	0.384134	0.0798745	0
3.79665	0.000908622	0.534447	0.0938696	0
3.79831	0.000941371	0.517745	0.0925043	0
3.79932	0.000940524	0.551148	0.095235	0
3.79888	0.000929847	0.534447	0.0938696	0
3.79778	0.00090999	0.334029	0.074413	0
3.79884	0.000914742	0.551148	0.0983071	0
3.80039	0.000980304	0.601253	0.0993311	0
3.7997	0.000974249	0.668058	0.104793	0
3.79973	0.000940394	0.718163	0.108547	0
3.7993	0.000921383	0.300626	0.0706582	0
3.79852	0.000931996	0.250522	0.064514	0
3.79693	0.000913245	0.434238	0.0880668	0
3.79809	0.000938181	0.467641	0.0877254	0
3.7996	0.000903088	0.668058	0.104793	0
3.79816	0.000947621	0.467641	0.0877254	0
3.79942	0.000949704	0.68476	0.106158	0
3.80073	0.000954783	0.551148	0.095235	0
3.7981	0.000935967	0.584551	0.0979658	0
3.79826	0.000939287	0.384134	0.0798745	0
3.79929	0.000921709	0.601253	0.0993311	0
3.79905	0.000941501	0.517745	0.0925043	0
3.79922	0.00093499	0.434238	0.0846533	0
3.79851	0.000947426	0.534447	0.0938696	0
3.79819	0.000949965	0.517745	0.0925043	0
3.79767	0.000944561	0.584551	0.0979658	0
3.80006	0.000963702	0.617954	0.103427	0
3.79902	0.000942022	0.617954	0.100697	0
3.7971	0.000922099	0.517745	0.0925043	0
3.79753	0.000935902	0.501044	0.0907975	0
3.79856	0.000938636	0.634656	0.102062	0
3.7983	0.000905042	0.350731	0.0761197	0
3.79743	0.000905107	0.434238	0.0846533	0
3.79826	0.000901005	0.467641	0.0877254	0
3.7986	0.000880431	0.267223	0.0665621	0
3.79913	0.00091344	0.417537	0.0863601	0
3.7992	0.000921383	0.601253	0.0993311	0
3.79877	0.000945147	0.434238	0.0846533	0
3.79983	0.000923336	0.56785	0.0966004	0
3.79956	0.000937334	0.56785	0.0966004	0
3.7986	0.000946058	0.634656	0.102062	0
3.79832	0.000950225	0.501044	0.0907975	0
3.79873	0.000929977	0.400835	0.0815812	0
3.79866	0.000927047	0.384134	0.083288	0
3.79858	0.000923532	0.334029	0.074413	0
3.79838	0.000895862	0.367432	0.0778265	0
3.79783	0.000890588	0.467641	0.0877254	0
3.79843	0.000940655	0.467641	0.0877254	0
3.79763	0.000927699	0.484342	0.0894322	0
3.79684	0.00092887	0.450939	0.0863601	0
3.79808	0.000885379	0.350731	0.0798745	0
3.79681	0.000886942	0.350731	0.0761197	0
3.79786	0.000900679	0.434238	0.0846533	0
3.79859	0.000928805	0.417537	0.0829466	0
3.79853	0.000948207	0.584551	0.0979658	0
3.79876	0.000929652	0.417537	0.0829466	0
3.79928	0.000944301	0.517745	0.0925043	0
3.79937	0.000955499	0.450939	0.0894322	0
3.79939	0.000915003	0.334029	0.074413	0
3.79876	0.000896382	0.417537	0.0829466	0
3.79912	0.000910771	0.501044	0.0907975	0
3.7993	0.000902372	0.467641	0.0877254	0
3.79916	0.000912594	0.450939	0.0863601	0
3.79804	0.000945603	0.384134	0.0798745	0
3.79854	0.000918193	0.367432	0.0778265	0
3.79908	0.000905628	0.534447	0.0938696	0
3.79994	0.000911487	0.534447	0.0969417	0
3.79998	0.000939613	0.450939	0.0863601	0
3.7985	0.000910445	0.350731	0.0761197	0
3.79764	0.00090094	0.367432	0.0778265	0
3.79823	0.000933167	0.501044	0.0907975	0
3.7986	0.000939222	0.534447	0.0938696	0
3.79809	0.000912399	0.400835	0.0815812	0
3.79847	0.000899703	0.384134	0.083288	0
3.79876	0.00092581	0.400835	0.0846533	0
3.7999	0.000926852	0.450939	0.0863601	0
3.79888	0.000923857	0.484342	0.0894322	0
3.79837	0.00092887	0.484342	0.0894322	0
3.79759	0.000896968	0.317328	0.0723649	0
3.79854	0.000903153	0.501044	0.0938696	0
3.79935	0.000908102	0.450939	0.0863601	0
3.79893	0.000896317	0.501044	0.0907975	0
3.79924	0.000911878	0.484342	0.0894322	0
3.79963	0.000899573	0.450939	0.0863601	0
3.79939	0.000914742	0.467641	0.0877254	0
3.79995	0.000915524	0.450939	0.0863601	0
3.79934	0.000915784	0.267223	0.0665621	0
3.79891	0.000890132	0.400835	0.0815812	0
3.79989	0.000890523	0.384134	0.0798745	0
3.799	0.000879976	0.434238	0.0846533	0
3.79819	0.000891565	0.300626	0.0706582	0
3.79842	0.000886617	0.484342	0.0894322	0
3.79858	0.000900679	0.367432	0.0778265	0
3.7986	0.000917867	0.384134	0.0798745	0
3.7973	0.000898401	0.367432	0.0778265	0
3.79724	0.000884728	0.217119	0.0600766	0
3.79966	0.000910641	0.517745	0.0925043	0
3.79888	0.000932386	0.300626	0.0706582	0
3.79785	0.000928675	0.501044	0.0907975	0
3.80017	0.00092581	0.384134	0.083288	0
3.79953	0.000889091	0.417537	0.0829466	0
3.79895	0.000901851	0.450939	0.0863601	0
3.79805	0.000885249	0.250522	0.064514	0
3.79838	0.000909664	0.434238	0.0846533	0
3.79917	0.000892736	0.384134	0.0798745	0
3.79902	0.000929261	0.534447	0.0938696	0
3.7998	0.000924899	0.467641	0.0911389	0
3.79874	0.000888439	0.217119	0.0600766	0
3.79924	0.000926917	0.517745	0.095235	0
3.79951	0.000907385	0.384134	0.0798745	0
3.79945	0.000947491	0.534447	0.0938696	0
3.79939	0.000929326	0.484342	0.0894322	0
3.79854	0.000867085	0.23382	0.062466	0
3.79881	0.000868322	0.350731	0.0761197	0
3.80035	0.000933493	0.434238	0.0880668	0
3.79969	0.000924769	0.450939	0.0894322	0
3.7988	0.00089508	0.367432	0.0778265	0
3.79959	0.000915393	0.350731	0.0761197	0
3.79988	0.000937855	0.450939	0.0863601	0
3.80008	0.000889221	0.417537	0.0829466	0
3.79946	0.000901982	0.317328	0.0723649	0
3.79846	0.000916045	0.384134	0.083288	0
3.79976	0.000923141	0.300626	0.0706582	0
3.79988	0.000924639	0.450939	0.0863601	0
3.79855	0.00090094	0.334029	0.074413	0
3.79877	0.00085823	0.417537	0.0829466	0
3.80102	0.000897034	0.417537	0.0829466	0
3.80061	0.000921318	0.434238	0.0846533	0
3.79927	0.000900289	0.317328	0.0723649	0
3.79927	0.000873725	0.367432	0.0778265	0
3.80037	0.000894234	0.334029	0.074413	0
3.80047	0.000891499	0.350731	0.0761197	0
3.79902	0.000868908	0.400835	0.0815812	0
3.79925	0.000890067	0.450939	0.0863601	0
3.79999	0.000918258	0.417537	0.0829466	0
3.79827	0.000893648	0.534447	0.0938696	0
3.79888	0.000901526	0.367432	0.0778265	0
3.80058	0.0008859	0.317328	0.0723649	0
3.79941	0.000865392	0.384134	0.0798745	0
3.79945	0.000879455	0.334029	0.074413	0
3.80023	0.00090107	0.367432	0.0778265	0
3.79973	0.000874442	0.300626	0.0706582	0
3.79981	0.000881799	0.350731	0.0761197	0
3.79964	0.000890197	0.283925	0.0686102	0
3.80007	0.000875483	0.334029	0.074413	0
3.80067	0.000898596	0.517745	0.0925043	0
3.79949	0.000912854	0.450939	0.0863601	0
3.79968	0.000894755	0.334029	0.074413	0
3.80074	0.000883557	0.300626	0.0706582	0
3.79984	0.000889221	0.334029	0.074413	0
3.79864	0.000896903	0.283925	0.0686102	0
3.79914	0.000870275	0.267223	0.0665621	0
3.79948	0.000868843	0.317328	0.0723649	0
3.79974	0.000863894	0.300626	0.0706582	0
3.80031	0.000886291	0.400835	0.0815812	0
3.80053	0.000891174	0.317328	0.0723649	0
3.80112	0.000894559	0.400835	0.0815812	0
3.8013	0.000927764	0.400835	0.0815812	0
3.80096	0.000882905	0.334029	0.074413	0
3.80151	0.000903805	0.434238	0.0846533	0
3.80156	0.000912464	0.450939	0.0863601	0
3.80061	0.000934014	0.450939	0.0863601	0
3.80052	0.000907776	0.400835	0.0815812	0
3.8002	0.000896252	0.267223	0.0665621	0
3.79956	0.000869559	0.300626	0.0706582	0
3.80009	0.000866499	0.367432	0.0778265	0
3.80115	0.000892346	0.400835	0.0815812	0
3.8	0.000869168	0.250522	0.064514	0
3.79964	0.000871968	0.267223	0.0665621	0
3.80019	0.000874897	0.367432	0.0778265	0
3.80054	0.00088245	0.417537	0.0829466	0
3.80109	0.000904456	0.417537	0.0829466	0
3.80047	0.000903479	0.350731	0.0761197	0
3.79963	0.000883491	0.334029	0.074413	0
3.80063	0.000862918	0.200418	0.0576872	0
3.79953	0.000858621	0.300626	0.0706582	0
3.79975	0.000905888	0.334029	0.074413	0
3.80075	0.000901331	0.350731	0.0761197	0
3.80125	0.000891174	0.334029	0.074413	0
3.80098	0.000895471	0.317328	0.0723649	0
3.801	0.000877176	0.267223	0.0665621	0
3.80207	0.000880366	0.450939	0.0894322	0
3.80181	0.000881278	0.200418	0.0576872	0
3.80146	0.000883231	0.417537	0.0829466	0
3.80182	0.000854324	0.200418	0.0576872	0
3.80188	0.000873725	0.434238	0.0846533	0
3.80249	0.000906669	0.450939	0.0863601	0
3.80209	0.000881538	0.200418	0.0576872	0
3.80074	0.000858881	0.334029	0.074413	0
3.8012	0.000880106	0.283925	0.0686102	0
3.80132	0.00087646	0.300626	0.074413	0
3.80137	0.000871772	0.417537	0.0829466	0
3.80227	0.000880952	0.334029	0.074413	0
3.80191	0.000887333	0.317328	0.0723649	0
3.80015	0.000840456	0.200418	0.0576872	0
3.80024	0.000858816	0.23382	0.062466	0
3.80082	0.000837852	0.267223	0.0665621	0
3.80122	0.000862918	0.267223	0.0665621	0
3.80053	0.000863308	0.283925	0.0686102	0
3.80117	0.000874442	0.317328	0.0761197	0
3.80148	0.000863699	0.267223	0.0665621	0
3.80159	0.000855235	0.250522	0.064514	0
3.80122	0.000851329	0.300626	0.0706582	0
3.80119	0.000855821	0.167015	0.0576872	0
3.80118	0.000872488	0.384134	0.0798745	0
3.80106	0.000871642	0.150313	0.0501776	0
3.80233	0.000896903	0.434238	0.0846533	0
3.80261	0.000879455	0.300626	0.0706582	0
3.80212	0.000907776	0.434238	0.0846533	0
3.8024	0.000877306	0.267223	0.0665621	0
3.80223	0.000859077	0.167015	0.052567	0
3.80261	0.000860248	0.317328	0.0723649	0
3.80327	0.000908297	0.317328	0.0723649	0
3.80327	0.000901656	0.350731	0.0761197	0
3.80271	0.000887528	0.267223	0.0665621	0
3.80188	0.000887137	0.317328	0.0723649	0
3.80206	0.00087965	0.367432	0.0778265	0
3.80277	0.000877567	0.317328	0.0723649	0
3.80279	0.000882515	0.267223	0.0665621	0
3.8024	0.000889546	0.434238	0.0846533	0
3.80215	0.000873725	0.317328	0.0723649	0
3.80321	0.000920927	0.367432	0.0778265	0
3.80204	0.000909859	0.23382	0.062466	0
3.80135	0.00087021	0.200418	0.0576872	0
3.80292	0.0008706	0.217119	0.0600766	0
3.80327	0.000890653	0.484342	0.0925043	0
3.80303	0.000895406	0.250522	0.064514	0
3.80245	0.000876785	0.267223	0.0665621	0
3.80221	0.000861681	0.200418	0.0576872	0
3.80269	0.000883101	0.217119	0.0600766	0
3.80325	0.000852696	0.267223	0.0665621	0
3.80301	0.000870796	0.317328	0.0723649	0
3.80243	0.000864611	0.200418	0.0576872	0
3.80238	0.000875939	0.367432	0.0778265	0
3.80249	0.000866759	0.267223	0.0665621	0
3.80358	0.000859337	0.150313	0.0501776	0
3.80386	0.000881603	0.317328	0.0723649	0
3.80358	0.00090413	0.300626	0.0706582	0
3.80426	0.000888179	0.434238	0.0846533	0
3.80389	0.000901786	0.167015	0.052567	0
3.80318	0.000868647	0.183716	0.0552977	0
3.80342	0.000862788	0.250522	0.064514	0
3.80311	0.000875809	0.334029	0.074413	0
3.80191	0.000870014	0.167015	0.052567	0
3.80258	0.000866368	0.367432	0.0778265	0
3.80374	0.000839414	0.200418	0.0576872	0
3.80305	0.000862723	0.250522	0.064514	0
3.80359	0.000874116	0.267223	0.0665621	0
3.8036	0.000848334	0.23382	0.062466	0
3.80352	0.000860574	0.417537	0.0829466	0
3.80286	0.000887984	0.267223	0.0665621	0
3.80323	0.000894559	0.300626	0.0706582	0
3.80316	0.000858881	0.200418	0.062466	0
3.80244	0.000858165	0.283925	0.0686102	0
3.80406	0.00086435	0.250522	0.064514	0
3.8039	0.000882905	0.217119	0.0600766	0
3.80409	0.000883882	0.400835	0.0815812	0
3.80469	0.00084866	0.283925	0.0686102	0
3.80371	0.000875744	0.267223	0.0665621	0
3.80366	0.000890067	0.334029	0.074413	0
3.80243	0.000875288	0.183716	0.0552977	0
3.80336	0.000885184	0.317328	0.0723649	0
3.80443	0.000872944	0.267223	0.0665621	0
3.80433	0.00084	0.183716	0.0552977	0
3.80425	0.000860965	0.283925	0.0686102	0
3.80435	0.000847813	0.283925	0.0686102	0
3.80426	0.000861746	0.317328	0.0723649	0
3.80544	0.00087353	0.367432	0.0778265	0
3.80569	0.000906474	0.484342	0.0894322	0
3.80413	0.000882385	0.267223	0.0665621	0
3.80439	0.000870861	0.300626	0.0706582	0
3.80565	0.000902698	0.317328	0.0723649	0
3.80409	0.000892346	0.23382	0.062466	0
3.80526	0.000899182	0.317328	0.0723649	0
3.80564	0.00088896	0.217119	0.0600766	0
3.80506	0.000877957	0.300626	0.0706582	0
3.80487	0.000893322	0.317328	0.0723649	0
3.80366	0.000852175	0.150313	0.0501776	0
3.80419	0.000853673	0.283925	0.0686102	0
3.8058	0.000848594	0.217119	0.0600766	0
3.80612	0.000866759	0.183716	0.0552977	0
3.80534	0.000874116	0.300626	0.0706582	0
3.80555	0.000871317	0.300626	0.0706582	0
3.80629	0.000885314	0.317328	0.0723649	0
3.80518	0.000858491	0.183716	0.0552977	0
3.80554	0.000880236	0.350731	0.0761197	0
3.80509	0.000869233	0.167015	0.052567	0
3.80568	0.000887137	0.23382	0.062466	0
3.80557	0.0008456	0.250522	0.064514	0
3.80419	0.000839675	0.183716	0.0552977	0
3.8046	0.000838568	0.300626	0.0706582	0
3.805	0.000884924	0.283925	0.0686102	0
3.80599	0.000879976	0.267223	0.0665621	0
3.80536	0.000842344	0.133612	0.0471055	0
3.80608	0.000853152	0.167015	0.052567	0
3.80644	0.000837657	0.217119	0.0600766	0
3.80565	0.000847423	0.23382	0.062466	0
3.80434	0.000887463	0.183716	0.0552977	0
3.80499	0.000847553	0.217119	0.0600766	0
3.80573	0.00090094	0.350731	0.0761197	0
3.806	0.000872423	0.283925	0.0686102	0
3.80577	0.000846902	0.400835	0.0815812	0
3.80578	0.000854194	0.133612	0.0471055	0
3.80631	0.00085823	0.250522	0.0686102	0
3.80686	0.000865978	0.267223	0.0665621	0
3.80568	0.000844883	0.23382	0.062466	0
3.80503	0.000855691	0.200418	0.0576872	0
3.80649	0.000853998	0.283925	0.0686102	0
3.80745	0.000857774	0.23382	0.062466	0
3.8055	0.000835117	0.100209	0.0409613	0
3.80599	0.000820794	0.283925	0.0686102	0
3.80639	0.000839219	0.200418	0.0576872	0
3.80686	0.000866108	0.200418	0.0576872	0
3.80689	0.000875353	0.267223	0.0665621	0
3.80737	0.00084892	0.217119	0.0600766	0
3.80698	0.000877306	0.23382	0.062466	0
3.80645	0.000837917	0.150313	0.0501776	0
3.80626	0.000862006	0.200418	0.0576872	0
3.80716	0.000876004	0.283925	0.0686102	0
3.80598	0.000838373	0.167015	0.052567	0
3.80568	0.000880171	0.200418	0.0576872	0
3.80672	0.000848529	0.23382	0.062466	0
3.80762	0.000870991	0.384134	0.083288	0
3.80651	0.000881538	0.267223	0.0665621	0
3.80602	0.000850092	0.100209	0.0409613	0
3.80709	0.000867605	0.434238	0.0846533	0
3.809	0.000891109	0.384134	0.0798745	0
3.80737	0.000887593	0.300626	0.0706582	0
3.80677	0.000872423	0.23382	0.062466	0
3.80874	0.000869298	0.217119	0.064514	0
3.80899	0.000863634	0.250522	0.064514	0
3.80754	0.000854129	0.23382	0.062466	0
3.80826	0.000849962	0.183716	0.0552977	0
3.80801	0.000853868	0.183716	0.0552977	0
3.80744	0.000867345	0.200418	0.0576872	0
3.80762	0.000848855	0.200418	0.0576872	0
3.80757	0.000844623	0.133612	0.0471055	0
3.80691	0.000836355	0.133612	0.0471055	0
3.80665	0.000818776	0.0835073	0.0372065	0
3.80735	0.000847227	0.317328	0.0723649	0
3.80786	0.000844623	0.334029	0.074413	0
3.8074	0.000859337	0.23382	0.062466	0
3.80715	0.000856537	0.167015	0.052567	0
3.80742	0.000864676	0.167015	0.052567	0
3.80725	0.000871186	0.217119	0.0600766	0
3.80869	0.00086142	0.217119	0.0600766	0
3.80835	0.000844753	0.11691	0.0440334	0
3.80761	0.000838112	0.267223	0.0665621	0
3.80804	0.000844493	0.150313	0.0501776	0
3.80874	0.000861941	0.267223	0.0665621	0
3.80845	0.000838373	0.283925	0.0686102	0
3.80708	0.000843842	0.167015	0.052567	0
3.80805	0.00084879	0.183716	0.0552977	0
3.80923	0.000863048	0.317328	0.0723649	0
3.80928	0.000846902	0.217119	0.0600766	0
3.80882	0.000867345	0.283925	0.0686102	0
3.80957	0.00089508	0.267223	0.0665621	0
3.81053	0.000884077	0.250522	0.064514	0
3.81031	0.000871251	0.317328	0.0723649	0
3.80999	0.000846446	0.250522	0.064514	0
3.8098	0.000862202	0.23382	0.062466	0
3.80984	0.000854194	0.250522	0.064514	0
3.80944	0.000831602	0.133612	0.0471055	0
3.80901	0.000845014	0.23382	0.062466	0
3.80988	0.00086129	0.150313	0.0501776	0
3.80985	0.000871968	0.217119	0.0600766	0
3.80984	0.000867345	0.167015	0.052567	0
3.80921	0.000870991	0.350731	0.0761197	0
3.8092	0.000871837	0.267223	0.0665621	0
3.80804	0.000871186	0.167015	0.052567	0
3.80909	0.00085478	0.200418	0.0576872	0
3.80947	0.00087327	0.267223	0.0665621	0
3.80928	0.000865066	0.217119	0.0600766	0
3.80974	0.000851003	0.250522	0.064514	0
3.81051	0.000844167	0.317328	0.0723649	0
3.80997	0.000841889	0.217119	0.0600766	0
3.80945	0.000824245	0.183716	0.0552977	0
3.81066	0.00084918	0.217119	0.0600766	0
3.81174	0.000865717	0.283925	0.0686102	0
3.81127	0.00088271	0.334029	0.074413	0
3.81005	0.000862462	0.217119	0.0600766	0
3.81056	0.000853347	0.167015	0.052567	0
3.81139	0.000842605	0.200418	0.0576872	0
3.81183	0.000862006	0.250522	0.064514	0
3.81178	0.000866824	0.250522	0.064514	0
3.81135	0.000853282	0.217119	0.0600766	0
3.81153	0.000883817	0.300626	0.0706582	0
3.81132	0.000886877	0.367432	0.0778265	0
3.81077	0.000890914	0.183716	0.0552977	0
3.81004	0.000859988	0.200418	0.0576872	0
3.81127	0.000829193	0.167015	0.052567	0
3.81197	0.000859207	0.267223	0.0665621	0
3.81165	0.000838763	0.200418	0.0576872	0
3.81132	0.000850092	0.133612	0.0471055	0
3.81152	0.000854389	0.300626	0.0706582	0
3.811	0.000823789	0.150313	0.0501776	0
3.81062	0.000862202	0.217119	0.0600766	0
3.81049	0.000861225	0.200418	0.0576872	0
3.81027	0.000831992	0.200418	0.0576872	0
3.81053	0.000875483	0.267223	0.0665621	0
3.81185	0.000877502	0.300626	0.0706582	0
3.81091	0.00086129	0.150313	0.0501776	0
3.8113	0.000810963	0.183716	0.0552977	0
3.81175	0.000840521	0.200418	0.0576872	0
3.81138	0.000835248	0.167015	0.052567	0
3.81237	0.000869298	0.23382	0.062466	0
3.81218	0.000875874	0.23382	0.062466	0
3.81167	0.000846902	0.150313	0.0501776	0
3.81164	0.000830235	0.167015	0.052567	0
3.81265	0.000856277	0.267223	0.0665621	0
3.81244	0.000864871	0.367432	0.0778265	0
3.81276	0.000867605	0.217119	0.0686102	0
3.81222	0.000843842	0.150313	0.0501776	0
3.81195	0.000833099	0.183716	0.0552977	0
3.81206	0.000837136	0.267223	0.0665621	0
3.81252	0.00083069	0.200418	0.0576872	0
3.81244	0.000852045	0.200418	0.0576872	0
3.81316	0.000858491	0.283925	0.0686102	0
3.81385	0.000867215	0.267223	0.0665621	0
3.8125	0.000895145	0.200418	0.0576872	0
3.81281	0.00086702	0.250522	0.0686102	0
3.81212	0.000848529	0.150313	0.0501776	0
3.81334	0.000880887	0.217119	0.0600766	0
3.8134	0.000884403	0.317328	0.0761197	0
3.81276	0.000877957	0.317328	0.0723649	0
3.81327	0.000840782	0.133612	0.0471055	0
3.81262	0.000853217	0.250522	0.064514	0
3.81224	0.000842474	0.167015	0.052567	0
3.81303	0.000850352	0.200418	0.0576872	0
3.81444	0.000865913	0.267223	0.0706582	0
3.81394	0.000865522	0.317328	0.0723649	0
3.81349	0.000843907	0.100209	0.0409613	0
3.81406	0.00083069	0.217119	0.0600766	0
3.81333	0.000829844	0.150313	0.0501776	0
3.81306	0.000828021	0.217119	0.0600766	0
3.81427	0.000835248	0.23382	0.062466	0
3.81431	0.000865001	0.217119	0.0600766	0
3.81384	0.000856993	0.150313	0.0501776	0
3.81449	0.000853998	0.23382	0.062466	0
3.81458	0.000855366	0.167015	0.052567	0
3.81455	0.000826328	0.200418	0.0576872	0
3.81403	0.000860444	0.300626	0.0706582	0
3.81405	0.000856537	0.167015	0.052567	0
3.81459	0.000858426	0.23382	0.062466	0
3.81461	0.000863504	0.200418	0.0576872	0
3.81412	0.000839545	0.133612	0.0471055	0
3.81463	0.000860444	0.183716	0.0600766	0
3.8149	0.000861811	0.350731	0.0761197	0
3.81454	0.000858035	0.183716	0.0552977	0
3.81428	0.000834922	0.100209	0.0409613	0
3.81501	0.000865001	0.300626	0.0706582	0
3.81605	0.000846706	0.250522	0.064514	0
3.81438	0.000835183	0.283925	0.0686102	0
3.81579	0.000853933	0.23382	0.062466	0
3.81572	0.000843321	0.100209	0.0409613	0
3.81433	0.000846251	0.250522	0.064514	0
3.81499	0.00084293	0.11691	0.0440334	0
3.81552	0.000844167	0.133612	0.0471055	0
3.81524	0.000832513	0.217119	0.0600766	0
3.81465	0.000841954	0.150313	0.0501776	0
3.81496	0.000822422	0.11691	0.0440334	0
3.81521	0.000842865	0.150313	0.0501776	0
3.81487	0.000851589	0.167015	0.052567	0
3.81539	0.000837787	0.11691	0.0440334	0
3.8152	0.000838438	0.250522	0.064514	0
3.81503	0.000832969	0.0835073	0.0372065	0
3.81567	0.000845795	0.217119	0.0600766	0
3.81527	0.000825352	0.183716	0.0552977	0
3.8146	0.000848074	0.167015	0.052567	0
3.81606	0.000839349	0.23382	0.062466	0
3.8157	0.000835508	0.283925	0.0686102	0
3.81505	0.000830365	0.183716	0.0552977	0
3.81549	0.000833555	0.183716	0.0552977	0
3.81683	0.000822161	0.250522	0.064514	0
3.81653	0.000841563	0.167015	0.052567	0
3.81675	0.000838243	0.167015	0.052567	0
3.81656	0.000852045	0.217119	0.0600766	0
3.81658	0.000845534	0.200418	0.0576872	0
3.81578	0.000822292	0.150313	0.0501776	0
3.81614	0.00082763	0.167015	0.052567	0
3.8174	0.000847032	0.23382	0.062466	0
3.81613	0.000836745	0.11691	0.0440334	0
3.81566	0.000824375	0.150313	0.0501776	0
3.81709	0.000842995	0.167015	0.052567	0
3.81769	0.000834206	0.200418	0.0576872	0
3.81668	0.000834987	0.150313	0.0501776	0
3.81726	0.000847878	0.250522	0.064514	0
3.81765	0.000860379	0.150313	0.0501776	0
3.817	0.000833946	0.167015	0.052567	0
3.81722	0.000828281	0.200418	0.0576872	0
3.81758	0.000832969	0.217119	0.0600766	0
3.81743	0.000849701	0.150313	0.0501776	0
3.81754	0.000854584	0.167015	0.0576872	0
3.81746	0.000824896	0.133612	0.0471055	0
3.81666	0.00082444	0.150313	0.0501776	0
3.8176	0.000850873	0.267223	0.0665621	0
3.81829	0.00085836	0.133612	0.0471055	0
3.81811	0.000832578	0.200418	0.0576872	0
3.81816	0.000846837	0.23382	0.062466	0
3.818	0.000840847	0.11691	0.0440334	0
3.81745	0.000823203	0.0835073	0.0372065	0
3.81781	0.000827175	0.183716	0.0552977	0
3.81834	0.000839414	0.217119	0.064514	0
3.81855	0.000838177	0.183716	0.0552977	0
3.81964	0.000868777	0.300626	0.0706582	0
3.81893	0.000867345	0.100209	0.0409613	0
3.81886	0.000844037	0.100209	0.0409613	0
3.81849	0.000828477	0.150313	0.0501776	0
3.81808	0.000824375	0.11691	0.0440334	0
3.81804	0.000849506	0.23382	0.062466	0
3.81955	0.000843646	0.283925	0.0686102	0
3.81976	0.000871382	0.23382	0.062466	0
3.81936	0.000850938	0.0835073	0.0372065	0
3.81834	0.000844883	0.200418	0.0576872	0
3.81882	0.000836875	0.133612	0.0471055	0
3.81904	0.000857188	0.167015	0.052567	0
3.81924	0.000879194	0.11691	0.0501776	0
3.81959	0.000818255	0.150313	0.0501776	0
3.81871	0.000813698	0.183716	0.0552977	0
3.81999	0.000824766	0.23382	0.062466	0
3.81869	0.00084	0.150313	0.0501776	0
3.81813	0.000829128	0.100209	0.0409613	0
3.81959	0.000832578	0.183716	0.0552977	0
3.81975	0.00083681	0.23382	0.062466	0
3.8191	0.00085224	0.11691	0.0440334	0
3.81912	0.000815195	0.150313	0.0501776	0
3.81942	0.000834987	0.200418	0.0576872	0
3.82034	0.000857644	0.167015	0.052567	0
3.82105	0.000843842	0.23382	0.062466	0
3.82031	0.000856668	0.250522	0.064514	0
3.82052	0.000855626	0.23382	0.062466	0
3.8217	0.000858881	0.267223	0.0665621	0
3.82146	0.000835703	0.133612	0.0471055	0
3.82015	0.000830886	0.183716	0.0552977	0
3.82091	0.000832123	0.133612	0.0471055	0
3.82149	0.00088271	0.283925	0.0686102	0
3.82134	0.000863308	0.300626	0.0706582	0
3.82183	0.000852436	0.183716	0.0552977	0
3.82049	0.000853347	0.150313	0.0501776	0
3.82113	0.000852566	0.23382	0.062466	0
3.82127	0.000859728	0.217119	0.0600766	0
3.82058	0.000845795	0.167015	0.052567	0
3.82073	0.000833555	0.267223	0.0665621	0
3.81998	0.00084254	0.133612	0.0471055	0
3.82044	0.000805689	0.11691	0.0440334	0
3.8211	0.000817083	0.100209	0.0409613	0
3.82149	0.000848594	0.267223	0.0665621	0
3.82237	0.000848334	0.183716	0.0552977	0
3.82151	0.000836875	0.200418	0.0576872	0
3.82147	0.000848529	0.200418	0.0576872	0
3.8225	0.000864676	0.133612	0.0471055	0
3.82171	0.000840066	0.100209	0.0409613	0
3.82195	0.000843516	0.167015	0.052567	0
3.82197	0.000857579	0.217119	0.0600766	0
3.82201	0.000848334	0.200418	0.0576872	0
3.82226	0.000849441	0.200418	0.0576872	0
3.82256	0.000841498	0.217119	0.0600766	0
3.82253	0.000845014	0.150313	0.0501776	0
3.82101	0.000825938	0.183716	0.0552977	0
3.82325	0.000837592	0.167015	0.052567	0
3.82355	0.0008428	0.183716	0.0552977	0
3.82292	0.000803671	0.150313	0.0501776	0
3.82311	0.000812851	0.217119	0.0600766	0
3.8235	0.000851199	0.217119	0.064514	0
3.82285	0.000841433	0.100209	0.0409613	0
3.82195	0.000819752	0.133612	0.0471055	0
3.82297	0.000822226	0.23382	0.062466	0
3.82336	0.000821055	0.11691	0.0440334	0
3.82233	0.00081832	0.11691	0.0440334	0
3.82262	0.000825938	0.183716	0.0552977	0
3.82285	0.000811419	0.150313	0.0501776	0
3.82259	0.00082457	0.23382	0.062466	0
3.82274	0.000832383	0.100209	0.0409613	0
3.82376	0.000831016	0.0835073	0.0372065	0
3.82235	0.000818125	0.167015	0.052567	0
3.82255	0.000817213	0.11691	0.0440334	0
3.82285	0.000825807	0.150313	0.0501776	0
3.82315	0.000819687	0.217119	0.0600766	0
3.82329	0.000814153	0.167015	0.052567	0
3.82362	0.000839935	0.267223	0.0665621	0
3.82342	0.000841042	0.11691	0.0440334	0
3.82371	0.000821836	0.100209	0.0409613	0
3.82467	0.000834401	0.133612	0.0471055	0
3.82437	0.000842735	0.217119	0.0600766	0
3.82493	0.000839805	0.183716	0.0552977	0
3.82417	0.000825807	0.23382	0.062466	0
3.82406	0.000810247	0.100209	0.0409613	0
3.82467	0.000845079	0.167015	0.052567	0
3.82414	0.000836875	0.167015	0.052567	0
3.82351	0.000821966	0.100209	0.0409613	0
3.82389	0.0008428	0.150313	0.0501776	0
3.8241	0.000830755	0.167015	0.052567	0
3.82411	0.000814739	0.217119	0.0600766	0
3.82421	0.000829844	0.150313	0.0501776	0
3.82477	0.000830755	0.150313	0.0501776	0
3.82599	0.000871317	0.250522	0.064514	0
3.82544	0.000879325	0.250522	0.064514	0
3.82504	0.00084267	0.217119	0.0600766	0
3.8254	0.000832383	0.200418	0.0576872	0
3.82504	0.000842279	0.183716	0.0552977	0
3.82452	0.000834727	0.167015	0.052567	0
3.82411	0.000814218	0.11691	0.0440334	0
3.82446	0.000810768	0.150313	0.0501776	0
3.82386	0.000801848	0.0668058	0.0334517	0
3.82484	0.000830625	0.11691	0.0440334	0
3.82524	0.000842409	0.183716	0.0552977	0
3.82609	0.000829714	0.150313	0.0501776	0
3.82638	0.000849962	0.133612	0.0471055	0
3.82636	0.000850027	0.23382	0.062466	0
3.82497	0.000835703	0.133612	0.0471055	0
3.82565	0.000837592	0.167015	0.052567	0
3.8269	0.000812721	0.133612	0.0471055	0
3.82718	0.00083681	0.167015	0.052567	0
3.82677	0.000830755	0.150313	0.0501776	0
3.82622	0.000827175	0.133612	0.0471055	0
3.82632	0.000847292	0.23382	0.062466	0
3.82704	0.000837461	0.183716	0.0552977	0
3.82633	0.000833295	0.100209	0.0409613	0
3.82638	0.000841693	0.217119	0.0600766	0
3.82714	0.000829649	0.150313	0.0501776	0
3.82647	0.000848529	0.250522	0.064514	0
3.82654	0.000825612	0.167015	0.052567	0
3.82634	0.000820273	0.133612	0.0471055	0
3.82635	0.000841889	0.167015	0.052567	0
3.82616	0.00082125	0.0668058	0.0334517	0
3.8267	0.00084306	0.200418	0.0576872	0
3.82679	0.000838112	0.200418	0.0576872	0
3.82679	0.000819166	0.100209	0.0409613	0
3.82715	0.000805689	0.23382	0.062466	0
3.82687	0.000843972	0.150313	0.0501776	0
3.82713	0.000831146	0.11691	0.0440334	0
3.82749	0.000828542	0.150313	0.0501776	0
3.82742	0.000819883	0.133612	0.0471055	0
3.82766	0.00083069	0.0835073	0.0372065	0
3.82779	0.000825482	0.150313	0.0501776	0
3.8282	0.000829388	0.200418	0.0576872	0
3.82756	0.000839349	0.11691	0.0440334	0
3.82737	0.000827175	0.11691	0.0440334	0
3.82852	0.000836875	0.133612	0.0471055	0
3.82901	0.000825482	0.100209	0.0409613	0
3.82881	0.000824896	0.150313	0.0501776	0
3.82727	0.000826068	0.133612	0.0471055	0
3.82778	0.000830235	0.0668058	0.0334517	0
3.82928	0.00085478	0.150313	0.0501776	0
3.82874	0.000846641	0.0835073	0.0372065	0
3.829	0.000819427	0.11691	0.0440334	0
3.82775	0.000830039	0.150313	0.0501776	0
3.82782	0.000825872	0.150313	0.0501776	0
3.8292	0.000814283	0.167015	0.052567	0
3.82925	0.000809791	0.11691	0.0440334	0
3.82785	0.000824375	0.183716	0.0552977	0
3.82816	0.000819036	0.100209	0.0409613	0
3.82942	0.000853803	0.217119	0.0600766	0
3.82933	0.000827956	0.183716	0.0552977	0
3.82936	0.000840456	0.200418	0.0576872	0
3.82944	0.000838243	0.100209	0.0409613	0
3.82958	0.000834466	0.0668058	0.0334517	0
3.8294	0.000816237	0.200418	0.0576872	0
3.82983	0.000828867	0.150313	0.0501776	0
3.82955	0.000824049	0.150313	0.0501776	0
3.82915	0.000800872	0.0668058	0.0334517	0
3.82894	0.000804257	0.150313	0.0501776	0
3.82995	0.000831797	0.183716	0.0552977	0
3.83006	0.00082763	0.133612	0.0471055	0
3.82964	0.000847032	0.217119	0.0600766	0
3.82974	0.000805169	0.11691	0.0440334	0
3.83005	0.000822161	0.11691	0.0440334	0
3.83096	0.000845079	0.183716	0.0552977	0
3.82997	0.000830365	0.217119	0.0600766	0
3.82941	0.000832057	0.200418	0.0576872	0
3.82957	0.000841823	0.0835073	0.0372065	0
3.83	0.000834141	0.11691	0.0440334	0
3.8309	0.000825286	0.167015	0.052567	0
3.83043	0.00083082	0.167015	0.052567	0
3.83065	0.000841303	0.133612	0.0471055	0
3.83113	0.000826654	0.133612	0.0471055	0
3.83157	0.000843581	0.100209	0.0409613	0
3.83029	0.000828932	0.0835073	0.0372065	0
3.83072	0.000794231	0.11691	0.0440334	0
3.83107	0.000815325	0.0835073	0.0372065	0
3.83065	0.000822943	0.183716	0.0552977	0
3.83185	0.000844818	0.183716	0.0552977	0
3.83156	0.000813502	0.133612	0.0471055	0
3.83153	0.000856212	0.23382	0.062466	0
3.8309	0.000834727	0.11691	0.0440334	0
3.83051	0.000828672	0.11691	0.0440334	0
3.83097	0.000822292	0.0835073	0.0372065	0
3.83179	0.000847227	0.217119	0.0600766	0
3.83116	0.000832513	0.0835073	0.0372065	0
3.83071	0.000835573	0.167015	0.052567	0
3.83193	0.000801783	0.133612	0.0471055	0
3.83185	0.000829909	0.100209	0.0409613	0
3.83238	0.000823529	0.11691	0.0440334	0
3.83224	0.000811484	0.133612	0.0471055	0
3.83111	0.000831276	0.100209	0.0409613	0
3.83171	0.00084918	0.23382	0.0665621	0
3.8327	0.00083694	0.133612	0.0471055	0
3.8319	0.000809205	0.100209	0.0409613	0
3.83154	0.000817474	0.167015	0.052567	0
3.83232	0.000801392	0.0501044	0.0290142	0
3.8321	0.000838959	0.183716	0.0552977	0
3.83309	0.000814218	0.100209	0.0409613	0
3.83335	0.000809986	0.167015	0.052567	0
3.83253	0.000825547	0.11691	0.0440334	0
3.83223	0.00081194	0.0668058	0.0334517	0
3.83253	0.000821445	0.167015	0.052567	0
3.83412	0.000828216	0.133612	0.0471055	0
3.83427	0.000827826	0.167015	0.052567	0
3.83354	0.000834011	0.0835073	0.0372065	0
3.83372	0.00082431	0.200418	0.0576872	0
3.83357	0.000820403	0.100209	0.0409613	0
3.8331	0.000828607	0.150313	0.0501776	0
3.83314	0.000834792	0.183716	0.0552977	0
3.83359	0.00083056	0.133612	0.0471055	0
3.83291	0.000820729	0.11691	0.0440334	0
3.83325	0.000840196	0.150313	0.0501776	0
3.83332	0.000806731	0.0835073	0.0372065	0
3.83319	0.000802499	0.0668058	0.0334517	0
3.83369	0.000818841	0.11691	0.0440334	0
3.8336	0.000804648	0.11691	0.0440334	0
3.83422	0.000810898	0.133612	0.0471055	0
3.83382	0.000809205	0.0835073	0.0372065	0
3.83398	0.000828151	0.183716	0.0552977	0
3.83532	0.000835899	0.183716	0.0552977	0
0	0	0	0	0
0	0	0	0	0
0	0	0	0	0
0	0	0	0	0
0	0	0	0	0
0	0	0	0	0
0	0	0	0	0
0	0	0	0	0
0	0	0	0	0
0	0	0	0	0
0	0	0	0	0
0	0	0	0	0
0	0	0	0	0
0	0	0	0	0
0	0	0	0	0
0	0	0	0	0
0	0	0	0	0
0	0	0	0	0
0	0	0	0	0
0	0	0	0	0
0	0	0	0	0
0	0	0	0	0
0	0	0	0	0
0	0	0	0	0
0	0	0	0	0
0	0	0	0	0
0	0	0	0	0
0	0	0	0	0
0	0	0	0	0
0	0	0	0	0
0	0	0	0	0
0	0	0	0	0
0	0	0	0	0
0	0	0	0	0
0	0	0	0	0
0	0	0	0	0
0	0	0	0	0
0	0	0	0	0
0	0	0	0	0
0	0	0	0	0
0	0	0	0	0
0	0	0	0	0
0	0	0	0	0
0	0	0	0	0
0	0	0	0	0
0	0	0	0	0
0	0	0	0	0
0	0	0	0	0
0	0	0	0	0
0	0	0	0	0
0	0	0	0	0
0	0	0	0	0
0	0	0	0	0
0	0	0	0	0
0	0	0	0	0
0	0	0	0	0
0	0	0	0	0
0	0	0	0	0
0	0	0	0	0
0	0	0	0	0
0	0	0	0	0
0	0	0	0	0
0	0	0	0	0
0	0	0	0	0
0	0	0	0	0
0	0	0	0	0
0	0	0	0	0
0	0	0	0	0
0	0	0	0	0
0	0	0	0	0
0	0	0	0	0
0	0	0	0	0
0	0	0	0	0
0	0	0	0	0
0	0	0	0	0
0	0	0	0	0
0	0	0	0	0
0	0	0	0	0
0	0	0	0	0
0	0	0	0	0
0	0	0	0	0
0	0	0	0	0
0	0	0	0	0
0	0	0	0	0
0	0	0	0	0
0	0	0	0	0
0	0	0	0	0
0	0	0	0	0
0	0	0	0	0
0	0	0	0	0
0	0	0	0	0
0	0	0	0	0
0	0	0	0	0
0	0	0	0	0
0	0	0	0	0
0	0	0	0	0
0	0	0	0	0
0	0	0	0	0
0	0	0	0	0
0	0	0	0	0
0	0	0	0	0
0	0	0	0	0
0	0	0	0	0
0	0	0	0	0
0	0	0	0	0
0	0	0	0	0
0	0	0	0	0
0	0	0	0	0
0	0	0	0	0
0	0	0	0	0
0	0	0	0	0
0	0	0	0	0
0	0	0	0	0
0	0	0	0	0
0	0	0	0	0
0	0	0	0	0
0	0	0	0	0
0	0	0	0	0
0	0	0	0	0
0	0	0	0	0
0	0	0	0	0
0	0	0	0	0
0	0	0	0	0
0	0	0	0	0
0	0	0	0	0
0	0	0	0	0
0	0	0	0	0
0	0	0	0	0
0	0	0	0	0
0	0	0	0	0
0	0	0	0	0
0	0	0	0	0
0	0	0	0	0
0	0	0	0	0
0	0	0	0	0
0	0	0	0	0
0	0	0	0	0
0	0	0	0	0
0	0	0	0	0
0	0	0	0	0
0	0	0	0	0
0	0	0	0	0
0	0	0	0	0
0	0	0	0	0
0	0	0	0	0
0	0	0	0	0
0	0	0	0	0
0	0	0	0	0
0	0	0	0	0
0	0	0	0	0
0	0	0	0	0
0	0	0	0	0
0	0	0	0	0
0	0	0	0	0
0	0	0	0	0
0	0	0	0	0
0	0	0	0	0
0	0	0	0	0
0	0	0	0	0
0	0	0	0	0
0	0	0	0	0
0	0	0	0	0
0	0	0	0	0
0	0	0	0	0
0	0	0	0	0
0	0	0	0	0
0	0	0	0	0
0	0	0	0	0
0	0	0	0	0
0	0	0	0	0
0	0	0	0	0
0	0	0	0	0
0	0	0	0	0
0	0	0	0	0
0	0	0	0	0
0	0	0	0	0
0	0	0	0	0
0	0	0	0	0
0	0	0	0	0
0	0	0	0	0
0	0	0	0	0
0	0	0	0	0
0	0	0	0	0
0	0	0	0	0
0	0	0	0	0
0	0	0	0	0
0	0	0	0	0
0	0	0	0	0
0	0	0	0	0
0	0	0	0	0
0	0	0	0	0
0	0	0	0	0
0	0	0	0	0
0	0	0	0	0
0	0	0	0	0
0	0	0	0	0
0	0	0	0	0
0	0	0	0	0
0	0	0	0	0
0	0	0	0	0
0	0	0	0	0
0	0	0	0	0
0	0	0	0	0
0	0	0	0	0
0	0	0	0	0
0	0	0	0	0
0	0	0	0	0
0	0	0	0	0
0	0	0	0	0
0	0	0	0	0
0	0	0	0	0
0	0	0	0	0
0	0	0	0	0
0	0	0	0	0
0	0	0	0	0
0	0	0	0	0
0	0	0	0	0
0	0	0	0	0
0	0	0	0	0
0	0	0	0	0
0	0	0	0	0
0	0	0	0	0
0	0	0	0	0
0	0	0	0	0
0	0	0	0	0
0	0	0	0	0
0	0	0	0	0
0	0	0	0	0
0	0	0	0	0
0	0	0	0	0
0	0	0	0	0
0	0	0	0	0
0	0	0	0	0
0	0	0	0	0
0	0	0	0	0
0	0	0	0	0
0	0	0	0	0
0	0	0	0	0
0	0	0	0	0
0	0	0	0	0
0	0	0	0	0
0	0	0	0	0
0	0	0	0	0
0	0	0	0	0
0	0	0	0	0
0	0	0	0	0
0	0	0	0	0
0	0	0	0	0
0	0	0	0	0
0	0	0	0	0
0	0	0	0	0
0	0	0	0	0
0	0	0	0	0
0	0	0	0	0
0	0	0	0	0
0	0	0	0	0
0	0	0	0	0
0	0	0	0	0
0	0	0	0	0
0	0	0	0	0
0	0	0	0	0
0	0	0	0	0
0	0	0	0	0
0	0	0	0	0
0	0	0	0	0
0	0	0	0	0
0	0	0	0	0
0	0	0	0	0
0	0	0	0	0
0	0	0	0	0
0	0	0	0	0
0	0	0	0	0
0	0	0	0	0
0	0	0	0	0
0	0	0	0	0
0	0	0	0	0
0	0	0	0	0
0	0	0	0	0
0	0	0	0	0
0	0	0	0	0
0	0	0	0	0
0	0	0	0	0
0	0	0	0	0
0	0	0	0	0
0	0	0	0	0
0	0	0	0	0
0	0	0	0	0
0	0	0	0	0
0	0	0	0	0
0	0	0	0	0
0	0	0	0	0
0	0	0	0	0
0	0	0	0	0
0	0	0	0	0
0	0	0	0	0
0	0	0	0	0
0	0	0	0	0
0	0	0	0	0
0	0	0	0	0
0	0	0	0	0
0	0	0	0	0
0	0	0	0	0
0	0	0	0	0
0	0	0	0	0
0	0	0	0	0
0	0	0	0	0
0	0	0	0	0
0	0	0	0	0
0	0	0	0	0
0	0	0	0	0
0	0	0	0	0
0	0	0	0	0
0	0	0	0	0
0	0	0	0	0
0	0	0	0	0
0	0	0	0	0
0	0	0	0	0
0	0	0	0	0
0	0	0	0	0
0	0	0	0	0
0	0	0	0	0
0	0	0	0	0
0	0	0	0	0
0	0	0	0	0
0	0	0	0	0
0	0	0	0	0
0	0	0	0	0
0	0	0	0	0
0	0	0	0	0
0	0	0	0	0
0	0	0	0	0
0	0	0	0	0
0	0	0	0	0
0	0	0	0	0
0	0	0	0	0
0	0	0	0	0
0	0	0	0	0
0	0	0	0	0
0	0	0	0	0
0	0	0	0	0
0	0	0	0	0
0	0	0	0	0
0	0	0	0	0
0	0	0	0	0
0	0	0	0	0
0	0	0	0	0
0	0	0	0	0
0	0	0	0	0
0	0	0	0	0
0	0	0	0	0
0	0	0	0	0
0	0	0	0	0
0	0	0	0	0
0	0	0	0	0
0	0	0	0	0
0	0	0	0	0
0	0	0	0	0
0	0	0	0	0
0	0	0	0	0
0	0	0	0	0
0	0	0	0	0
0	0	0	0	0
0	0	0	0	0
0	0	0	0	0
0	0	0	0	0
0	0	0	0	0
0	0	0	0	0
0	0	0	0	0
0	0	0	0	0
0	0	0	0	0
0	0	0	0	0
0	0	0	0	0
0	0	0	0	0
0	0	0	0	0
0	0	0	0	0
0	0	0	0	0
0	0	0	0	0
0	0	0	0	0
0	0	0	0	0
0	0	0	0	0
0	0	0	0	0
0	0	0	0	0
0	0	0	0	0
0	0	0	0	0
0	0	0	0	0
0	0	0	0	0
0	0	0	0	0
0	0	0	0	0
0	0	0	0	0
0	0	0	0	0
0	0	0	0	0
0	0	0	0	0
0	0	0	0	0
0	0	0	0	0
0	0	0	0	0
0	0	0	0	0
0	0	0	0	0
0	0	0	0	0
0	0	0	0	0
0	0	0	0	0
