a2610604.350157
Narit-cm 06/01/2026 04:05:02 06/01/2026 04:35:01 0045 0013.384714 0052.542598 00.0 00.0
0002386 0010 0000000 0010 05 0000000 0010 0000000 0010
1 0 1 01600 1 0000 3.75 00000.o 0 0 01 000 16 002386 0.500 BT0
1 2 1 02000 1 0000 3.75 00000.o 0 0 01 000 16 002386 0.500 S2A0
1 1 1 01600 1 0000 3.75 00000.o 0 0 00 000 00 002386 3.1746 BC0
1 3 1 02000 1 0000 3.75 00000.o 0 0 00 000 00 002386 3.1746 S2P0
1 5 0 01600 0 0000 1.00 00000.o 0 0 00 000 00 000000 0.000 OF0
0.000 .o Analog 0 	0.000 .o Analog StErr 0 	0.000 .o Photon Counting 0 	0.000 .o PC StErr 0 	0.000 .o Overflow Info 0 
25.4174	0.140726	180.017	0.853045	0
58.242	0.336342	195.323	0.891492	0
249.018	2.26037	114.166	1.36762	0
472.107	0.122545	1.12322	0.137311	0
473.457	6.41655E-6	0	0	0
473.457	0	0.0167645	0.0168206	0
473.457	0	20.1844	0.599706	0
473.457	0	15.8256	0.571557	0
473.457	0	3.47024	0.280114	0
473.457	9.03555E-6	13.3277	0.487797	0
473.457	6.41655E-6	50.5951	0.830045	0
473.457	6.41655E-6	114.317	1.02709	0
473.457	6.41655E-6	163.99	1.02262	0
473.457	0	147.393	1.07686	0
473.457	0	110.277	1.01816	0
473.457	0	102.112	1.01507	0
473.457	0	109.774	1.05352	0
473.457	0	108.785	1.10673	0
473.457	0	115.105	1.16714	0
473.457	0	120.721	1.11291	0
473.457	0	124.443	1.18156	0
473.457	0	129.573	1.2104	0
473.457	6.41655E-6	141.777	1.21829	0
473.457	0	144.577	1.20216	0
473.457	0	152.54	1.11565	0
473.457	6.41655E-6	147.645	1.17813	0
473.457	0	154.635	1.27802	0
473.457	0	166.521	1.16405	0
473.457	0	180.838	0.971819	0
473.457	0	191.668	0.950192	0
473.457	0	201.894	0.904536	0
473.457	0	201.174	0.887716	0
473.457	0	197.217	0.92376	0
473.526	0.0256843	196.764	0.913461	1
478.623	0.203085	198.223	0.910029	1
493.978	0.216699	199.732	0.905909	1
498.803	0.110152	200.235	0.90282	1
499.864	0.0370813	201.794	0.892178	1
500	0	199.832	0.892865	1
499.987	0.00886047	200.704	0.894581	1
495.621	0.191226	202.163	0.893208	1
466.186	0.509948	201.207	0.871925	1
420.092	0.705287	200.805	0.872268	1
371.722	0.767525	203.705	0.871925	1
329.293	0.819845	202.515	0.888745	1
288.908	0.858151	200.788	0.872268	1
246.944	0.860171	201.492	0.884283	0
204.176	0.812371	201.391	0.885656	0
162.487	0.764399	201.811	0.870552	0
125.657	0.740747	202.414	0.897671	0
96.1775	0.701521	201.811	0.890462	0
72.9316	0.643234	199.816	0.865059	0
55.0872	0.572456	197.77	0.859567	0
42.0568	0.488845	195.859	0.844463	0
32.2276	0.413238	192.741	0.865403	0
24.8219	0.346495	193.697	0.853731	0
19.4164	0.283412	193.043	0.845149	0
15.3365	0.231721	191.718	0.871582	0
12.3303	0.189234	190.914	0.854418	0
10.1355	0.152961	188.03	0.845493	0
8.50505	0.125154	187.008	0.858194	0
7.29579	0.101748	186.018	0.876044	0
6.40741	0.0823891	186.488	0.857851	0
5.75364	0.0675952	182.632	0.854074	0
5.27658	0.0551013	179.195	0.853388	0
4.93175	0.0461949	176.63	0.851328	0
4.65492	0.0389604	174.837	0.84103	0
4.4522	0.0330006	172.992	0.850642	0
4.31581	0.0295257	171.668	0.850985	0
4.23837	0.026744	171.316	0.854761	0
4.22304	0.0241212	168.298	0.853388	0
4.19846	0.0230553	165.499	0.846866	0
4.20275	0.021678	165.163	0.840343	0
4.29053	0.0207239	162.716	0.845149	0
4.32899	0.020756	162.649	0.831761	0
4.32069	0.0202034	160.62	0.845836	0
4.33126	0.0197767	159.095	0.849955	0
4.37027	0.019448	157.837	0.850985	0
4.44857	0.0188889	157.703	0.853731	0
4.50611	0.0191804	157.1	0.848582	0
4.55079	0.0185639	155.155	0.855448	0
4.60473	0.0187718	153.009	0.853388	0
4.65728	0.0187632	152.741	0.852015	0
4.70624	0.0183538	152.909	0.860253	0
4.75495	0.0181258	151.4	0.835881	0
4.814	0.0176428	149.204	0.837254	0
4.87935	0.0178865	150.126	0.867462	0
4.93817	0.0179013	150.88	0.836224	0
5.00789	0.0173718	148.265	0.850298	0
5.05535	0.0172144	148.349	0.824553	0
5.09456	0.0169094	149.07	0.835881	0
5.15011	0.0168476	147.225	0.833478	0
5.19554	0.0169851	145.817	0.835194	0
5.25621	0.0170131	146.169	0.843776	0
5.31196	0.016782	144.593	0.853731	0
5.35038	0.0171542	145.029	0.820433	0
5.41649	0.0167378	144.107	0.844119	0
5.48887	0.0166515	144.51	0.855104	0
5.5262	0.016357	143.889	0.858537	0
5.57714	0.0161139	141.861	0.854761	0
5.63447	0.0160963	142.096	0.84103	0
5.70172	0.0159941	143.873	0.827642	0
5.76923	0.0159566	142.883	0.842746	0
5.80647	0.0161944	141.593	0.846179	0
5.83856	0.0162297	139.698	0.84	0
5.88531	0.0163082	139.464	0.827985	0
5.90741	0.0162825	140.05	0.873985	0
5.9173	0.0157896	139.799	0.846179	0
5.94473	0.0154363	138.307	0.846179	0
5.9713	0.0153345	137.402	0.82215	0
6.02715	0.0158313	138.256	0.862313	0
6.06452	0.0156001	138.005	0.836224	0
6.0903	0.0154342	138.726	0.852015	0
6.14012	0.0156965	138.039	0.855791	0
6.16458	0.0150448	137.1	0.830045	0
6.20987	0.0150703	137.385	0.834164	0
6.27501	0.0152113	136.111	0.852701	0
6.28532	0.0153668	135.541	0.854418	0
6.31754	0.0152546	137.402	0.859224	0
6.38855	0.0149157	136.077	0.845836	0
6.42152	0.0153434	136.295	0.842746	0
6.43169	0.0152549	134.568	0.869522	0
6.49335	0.0152271	135.088	0.840687	0
6.56817	0.0154501	135.909	0.848239	0
6.59807	0.0150764	135.641	0.845836	0
6.65216	0.0153139	137.402	0.847895	0
6.74651	0.0150065	137.536	0.850985	0
6.79293	0.0152461	136.714	0.821463	0
6.82229	0.0151172	136.563	0.850642	0
6.85514	0.0150231	134.887	0.871582	0
6.83632	0.0154818	134.82	0.848239	0
6.78923	0.0148013	135.423	0.835537	0
6.75083	0.0148186	134.434	0.846179	0
6.68082	0.0146575	132.691	0.838284	0
6.63519	0.0142136	132.674	0.846522	0
6.64108	0.0138383	132.104	0.854761	0
6.61867	0.0139517	130.629	0.846179	0
6.57194	0.0136655	131.215	0.854074	0
6.55924	0.0134954	127.98	0.847552	0
6.54467	0.0132235	129.941	0.870209	0
6.51007	0.0133205	127.628	0.848925	0
6.47718	0.0133078	127.309	0.842746	0
6.46223	0.0132062	127.192	0.862313	0
6.44784	0.0129328	126.94	0.844119	0
6.42692	0.012611	125.884	0.852358	0
6.40809	0.0124762	125.817	0.830045	0
6.40297	0.0124173	125.281	0.827642	0
6.39638	0.0124969	124.51	0.875358	0
6.35946	0.012088	122.666	0.839657	0
6.33028	0.0122638	122.096	0.84206	0
6.3267	0.0123432	121.056	0.850642	0
6.30577	0.012169	119.832	0.850985	0
6.28485	0.0120572	118.508	0.830732	0
6.27321	0.0120528	121.224	0.834508	0
6.23527	0.0119254	119.732	0.846522	0
6.19666	0.0115065	119.044	0.845149	0
6.19483	0.0116469	116.63	0.839314	0
6.17219	0.0114965	115.842	0.859224	0
6.13352	0.0115021	114.971	0.832105	0
6.11904	0.0113542	116.446	0.848239	0
6.09032	0.0111654	114.032	0.840687	0
6.05721	0.0110607	113.68	0.845149	0
6.04708	0.0111028	111.886	0.855104	0
6.01834	0.0112727	112.858	0.858537	0
5.97407	0.0113278	111.065	0.865059	0
5.94182	0.0110376	110.042	0.836911	0
5.91688	0.0106095	108.399	0.845836	0
5.90635	0.0107905	108.282	0.83794	0
5.87516	0.0108491	107.695	0.84	0
5.82788	0.0108822	105.851	0.826269	0
5.80589	0.0109267	105.633	0.848582	0
5.77398	0.0107304	104.962	0.854418	0
5.72278	0.010478	102.515	0.838284	0
5.69454	0.0103651	99.6815	0.849269	0
5.68447	0.0105212	101.207	0.844806	0
5.66908	0.0105783	98.9438	0.848925	0
5.64254	0.0102133	100.57	0.825582	0
5.60958	0.0104526	98.1727	0.854761	0
5.57019	0.00992293	97.5021	0.826612	0
5.54777	0.0100786	96.4292	0.854418	0
5.52201	0.00981575	93.9648	0.831075	0
5.48624	0.00975302	95.4233	0.848925	0
5.45812	0.00951679	93.2439	0.845836	0
5.41602	0.00953054	92.2045	0.842403	0
5.38642	0.00959595	90.5951	0.840343	0
5.37996	0.00965108	90.6119	0.829358	0
5.35975	0.00934315	88.3487	0.834164	0
5.34408	0.00934341	88.7846	0.846179	0
5.32346	0.00928069	85.7334	0.852358	0
5.28991	0.00934079	86.404	0.827299	0
5.27532	0.00943174	84.8282	0.83794	0
5.24657	0.00933739	84.1073	0.845836	0
5.20995	0.00923813	83.0679	0.845493	0
5.19485	0.00909834	82.2129	0.831075	0
5.17822	0.00906685	82.1459	0.835881	0
5.16053	0.00894748	81.2238	0.848925	0
5.14447	0.0087838	79.7988	0.812538	0
5.12743	0.00884096	80.1006	0.832105	0
5.1071	0.00891363	77.8206	0.814254	0
5.07849	0.00879113	77.6697	0.837254	0
5.05705	0.00871348	76.0436	0.834164	0
5.04004	0.00845204	75.4568	0.819403	0
5.01817	0.00861035	74.8868	0.818717	0
5.0098	0.00847724	74.1827	0.829015	0
5.00514	0.00855516	74.3504	0.821463	0
4.97269	0.00839461	72.4225	0.84	0
4.94309	0.0081426	71.5172	0.818717	0
4.941	0.00824317	70.2096	0.813568	0
4.92543	0.00823813	69.1534	0.809792	0
4.89365	0.00812898	70.8801	0.827299	0
4.88682	0.00799626	67.7117	0.828329	0
4.8746	0.00814561	66.6555	0.824896	0
4.84218	0.00795174	65.4652	0.834508	0
4.81946	0.00772939	64.3588	0.811851	0
4.82016	0.00797564	63.6547	0.813568	0
4.80313	0.00804753	63.0679	0.810478	0
4.77782	0.00773063	62.4476	0.818717	0
4.7627	0.00755653	61.6262	0.792285	0
4.74166	0.00739874	59.9329	0.788165	0
4.7229	0.00754056	60.3521	0.796747	0
4.71811	0.00732534	59.2121	0.796747	0
4.70228	0.00721272	58.508	0.792285	0
4.68934	0.00726216	57.0997	0.794687	0
4.68138	0.00730269	57.938	0.786106	0
4.673	0.00726386	57.5021	0.797777	0
4.65501	0.00716467	56.2448	0.790568	0
4.64122	0.00710515	55.4904	0.792285	0
4.63212	0.00704426	55.3898	0.788852	0
4.60415	0.00692555	53.0427	0.749032	0
4.57972	0.00681313	52.7075	0.787822	0
4.57368	0.00664034	51.5172	0.775464	0
4.56191	0.00660584	50.5784	0.773404	0
4.54066	0.00648923	49.6228	0.749375	0
4.51964	0.00640378	48.0134	0.757613	0
4.50502	0.00651064	48.0302	0.762763	0
4.49459	0.00645564	46.4376	0.772718	0
4.48696	0.00613612	46.8902	0.751778	0
4.48114	0.00612813	46.5717	0.733927	0
4.46614	0.00616971	44.5264	0.742509	0
4.45696	0.0060129	45.6999	0.742166	0
4.44591	0.00607477	44.7276	0.735987	0
4.42405	0.00609291	42.8667	0.74045	0
4.40863	0.00585982	41.5423	0.704749	0
4.40598	0.00574674	42.4644	0.731181	0
4.3963	0.00577267	40.7879	0.69857	0
4.38146	0.00582688	40.6035	0.706808	0
4.37469	0.00578033	39.4971	0.704749	0
4.37418	0.00591671	40.1509	0.716763	0
4.36173	0.005758	38.5415	0.694107	0
4.33865	0.0055475	37.8877	0.69754	0
4.33057	0.00559936	37.9044	0.715734	0
4.3303	0.00548137	37.5859	0.707152	0
4.32719	0.00554901	37.6362	0.697883	0
4.31307	0.00560269	36.4292	0.699943	0
4.29797	0.00543947	35.4736	0.699256	0
4.29291	0.00546867	35.5239	0.689645	0
4.28255	0.00526059	34.0319	0.679689	0
4.269	0.00513658	33.8139	0.67351	0
4.27085	0.00522045	34.233	0.687242	0
4.27476	0.00533012	34.6018	0.684495	0
4.26889	0.00507785	34.3168	0.666988	0
4.25801	0.00514123	33.1769	0.677973	0
4.24676	0.00501578	32.2883	0.648108	0
4.23675	0.00488378	31.7519	0.660123	0
4.23173	0.00482754	31.8022	0.647421	0
4.22271	0.00477529	30.9807	0.652914	0
4.22186	0.00498199	31.5172	0.664585	0
4.22064	0.00493262	31.4837	0.659436	0
4.20268	0.00487625	28.4661	0.63472	0
4.19701	0.0048259	30.9807	0.652914	0
4.19838	0.00478989	29.1366	0.641929	0
4.18349	0.00471165	28.1811	0.625795	0
4.1842	0.00464918	30.1257	0.651884	0
4.1863	0.00473044	28.4661	0.643302	0
4.16515	0.00453827	27.192	0.620989	0
4.16186	0.00460374	27.0411	0.622705	0
4.1736	0.00467812	28.2481	0.624422	0
4.16954	0.00462109	28.0805	0.625452	0
4.16508	0.0045879	28.1643	0.63781	0
4.16567	0.00473882	27.6614	0.631287	0
4.16476	0.00478727	28.1811	0.636093	0
4.16434	0.00468323	27.9296	0.618243	0
4.16304	0.00478714	27.544	0.611721	0
4.15991	0.00475813	27.4769	0.624422	0
4.16343	0.00482145	28.7343	0.634377	0
4.16319	0.00476363	27.6446	0.626481	0
4.16138	0.00471499	28.3822	0.639869	0
4.15991	0.00469004	28.2649	0.627511	0
4.15896	0.00483769	28.114	0.630258	0
4.15379	0.00485752	28.0302	0.63781	0
4.14563	0.00479788	27.6446	0.636437	0
4.14067	0.00459202	26.2364	0.624422	0
4.13813	0.00463327	27.4937	0.63472	0
4.13293	0.00472932	26.7058	0.63678	0
4.12357	0.0046061	26.4208	0.622705	0
4.1172	0.00439265	26.6387	0.61584	0
4.11906	0.00444071	27.0411	0.627168	0
4.11583	0.00442801	26.1693	0.61481	0
4.09917	0.00428593	24.627	0.59284	0
4.09244	0.00412139	24.5264	0.576363	0
4.10089	0.00431984	24.6438	0.598676	0
4.09472	0.00426203	24.4929	0.588721	0
4.07917	0.00406515	22.9003	0.584602	0
4.0741	0.00402828	23.4032	0.583229	0
4.06835	0.00407726	22.0788	0.57396	0
4.06405	0.00407104	22.8667	0.589064	0
4.05992	0.0039668	22.5985	0.566408	0
4.04742	0.00394945	21.3244	0.562975	0
4.04144	0.00392765	20.6538	0.55096	0
4.04164	0.0038989	21.0897	0.564005	0
4.03728	0.00384967	21.0059	0.566065	0
4.03505	0.00383029	21.3076	0.551647	0
4.0347	0.00392012	20.7041	0.55199	0
4.02908	0.00396379	20.637	0.55096	0
4.01748	0.00371708	19.0947	0.53208	0
4.01113	0.00370602	19.5138	0.546841	0
4.01293	0.003747	18.86	0.540319	0
4.01223	0.00385615	19.7318	0.538602	0
4.00484	0.00373188	18.8433	0.547528	0
3.99568	0.00358521	17.8709	0.523841	0
3.9971	0.00367812	18.6756	0.521095	0
3.99776	0.0035839	18.8433	0.509767	0
3.99046	0.00366405	18.1727	0.534826	0
3.9859	0.00360918	18.1056	0.521095	0
3.98815	0.00369875	18.9103	0.548557	0
3.98246	0.003641	17.7871	0.512857	0
3.98065	0.00363635	18.2565	0.530364	0
3.98697	0.00357723	18.9271	0.529334	0
3.98176	0.00355601	17.6027	0.502558	0
3.97339	0.00345963	17.6697	0.51423	0
3.97656	0.00349951	17.8709	0.521782	0
3.97053	0.00348929	16.5633	0.504961	0
3.9605	0.00350566	17.8374	0.528991	0
3.96442	0.00347777	16.3453	0.501528	0
3.96	0.00351568	16.3789	0.51423	0
3.95206	0.00339763	15.8089	0.500155	0
3.94981	0.0033935	15.4904	0.496379	0
3.94079	0.0033097	14.6689	0.47132	0
3.9391	0.00325987	16.4292	0.493976	0
3.94535	0.00345315	15.8927	0.505648	0
3.93957	0.00329248	16.0436	0.502902	0
3.93612	0.00318627	15.943	0.484708	0
3.93461	0.00316676	15.3562	0.478529	0
3.92479	0.0032818	15.1551	0.484708	0
3.91964	0.00316971	14.0151	0.457246	0
3.91938	0.0031301	14.5013	0.474753	0
3.91764	0.00319138	14.4845	0.477499	0
3.91611	0.00313442	14.5851	0.479215	0
3.91165	0.00303424	13.6463	0.457932	0
3.90358	0.00299712	13.7301	0.460335	0
3.90112	0.00311131	13.2942	0.462738	0
3.89856	0.00303463	13.0595	0.466171	0
3.89334	0.00292536	13.1936	0.444888	0
3.8896	0.00287468	12.5733	0.44935	0
3.88582	0.00293433	12.8583	0.441798	0
3.88287	0.00285785	12.5063	0.446261	0
3.88312	0.00288489	12.0201	0.440425	0
3.87902	0.00279022	11.6178	0.42944	0
3.87256	0.00272363	11.5339	0.421545	0
3.87417	0.00279794	11.4837	0.432873	0
3.87196	0.00273895	11.4501	0.426007	0
3.86779	0.00276475	11.6848	0.426694	0
3.86862	0.00272697	11.4669	0.419485	0
3.8651	0.00262836	10.8801	0.408844	0
3.86207	0.00270228	11.0981	0.412963	0
3.85962	0.00268631	10.4778	0.411933	0
3.85389	0.00261979	10.7628	0.416052	0
3.85312	0.00277404	10.5784	0.40747	0
3.84748	0.00261514	10.2263	0.398202	0
3.8389	0.00264447	9.84074	0.397859	0
3.841	0.00257153	9.89103	0.400262	0
3.84013	0.00262384	9.37133	0.386187	0
3.83774	0.00267668	9.47192	0.394426	0
3.84029	0.00252452	9.9078	0.399232	0
3.84065	0.00251594	9.9078	0.394769	0
3.83596	0.00248517	9.01928	0.384128	0
3.8357	0.00250082	10.1593	0.408844	0
3.8345	0.00245328	9.42163	0.382068	0
3.82867	0.00244038	9.01928	0.377605	0
3.82968	0.00254161	9.32104	0.386874	0
3.82857	0.00248222	8.95222	0.372799	0
3.82211	0.00236987	9.22045	0.378292	0
3.82226	0.00240869	8.44929	0.367993	0
3.82339	0.00252288	9.43839	0.394083	0
3.81971	0.00246212	8.70075	0.371083	0
3.81662	0.00246415	8.46605	0.363531	0
3.81654	0.00243816	8.81811	0.383784	0
3.8173	0.00241871	8.26488	0.370053	0
3.81619	0.00239468	8.8684	0.379322	0
3.81547	0.00236424	8.51635	0.370396	0
3.8142	0.00242978	8.46605	0.362158	0
3.81195	0.00233006	8.3487	0.359755	0
3.80839	0.00229516	7.86253	0.355979	0
3.80529	0.00228344	8.41576	0.375202	0
3.80511	0.00236476	8.16429	0.367993	0
3.80234	0.00228475	7.71165	0.350486	0
3.79892	0.00233936	8.18106	0.369023	0
3.7975	0.00230557	7.17519	0.341561	0
3.79069	0.00222674	7.29254	0.358725	0
3.78769	0.00218562	7.14166	0.345337	0
3.79122	0.00219858	6.87343	0.340875	0
3.79273	0.00217868	7.29254	0.344307	0
3.79468	0.00231362	7.66136	0.357695	0
3.79348	0.0022799	7.67812	0.357352	0
3.79168	0.00220939	7.17519	0.337442	0
3.78913	0.00219891	7.04107	0.338815	0
3.78809	0.00219734	7.20872	0.341218	0
3.78525	0.00213756	7.10813	0.342934	0
3.78305	0.00222006	6.8399	0.337099	0
3.78165	0.00224501	6.89019	0.326114	0
3.78127	0.00224285	7.10813	0.337442	0
3.77933	0.00212479	7.40989	0.338815	0
3.7752	0.00219636	6.35373	0.324741	0
3.77332	0.00211779	6.3202	0.316845	0
3.77188	0.00211943	6.50461	0.32886	0
3.77251	0.00210653	6.68902	0.318218	0
3.77432	0.00207058	6.94049	0.334696	0
3.77292	0.00212093	6.26991	0.318905	0
3.77275	0.00215334	6.33697	0.330233	0
3.77235	0.00213527	6.15256	0.320964	0
3.7723	0.00212421	6.35373	0.320278	0
3.77314	0.00216382	6.47108	0.327487	0
3.76914	0.00222563	6.3202	0.323024	0
3.76463	0.00208341	5.66639	0.303801	0
3.76317	0.00201643	5.90109	0.312726	0
3.76148	0.00205919	6.28667	0.319935	0
3.75941	0.00207935	6.00168	0.309293	0
3.76132	0.00209062	6.20285	0.321994	0
3.75911	0.0020639	5.86756	0.30483	0
3.75583	0.0020237	5.88433	0.304144	0
3.75861	0.0019909	5.88433	0.311696	0
3.76028	0.00204636	6.6052	0.328173	0
3.75727	0.00200347	5.98491	0.307233	0
3.7561	0.00205179	5.36463	0.293846	0
3.75681	0.00208944	5.96815	0.311353	0
3.75672	0.00202737	5.41492	0.292816	0
3.75338	0.00197597	5.63286	0.300368	0
3.75162	0.00196412	5.90109	0.303801	0
3.75138	0.00198226	5.59933	0.300368	0
3.75072	0.00201093	5.73345	0.298651	0
3.74594	0.00200078	5.61609	0.297965	0
3.74418	0.00199384	5.3311	0.291099	0
3.74647	0.00200491	5.73345	0.308606	0
3.74624	0.00202645	5.75021	0.305517	0
3.74549	0.00198363	5.86756	0.307577	0
3.74866	0.00197806	5.91785	0.308606	0
3.74566	0.00198212	5.41492	0.299681	0
3.74259	0.00198913	5.58256	0.308606	0
3.74309	0.00194114	5.11316	0.281488	0
3.74221	0.00192346	5.06287	0.284577	0
3.74123	0.00190526	5.54904	0.299681	0
3.73961	0.00194795	4.96228	0.280114	0
3.73605	0.00180888	5.11316	0.282517	0
3.73379	0.0018807	4.49288	0.275309	0
3.73163	0.0019617	4.10729	0.26501	0
3.72997	0.0017874	4.62699	0.274622	0
3.73186	0.00185464	5.02934	0.282861	0
3.73264	0.00192555	4.69405	0.279085	0
3.73013	0.00191521	4.72758	0.278055	0
3.72848	0.00179172	4.27494	0.261921	0
3.7291	0.00182675	4.04023	0.255742	0
3.7283	0.00185052	4.27494	0.2681	0
3.72567	0.00177719	4.057	0.259518	0
3.72433	0.00177922	4.20788	0.259175	0
3.72405	0.00183415	4.25817	0.268786	0
3.72374	0.00176088	4.55993	0.270846	0
3.72027	0.00176324	3.75524	0.24819	0
3.71554	0.00175604	3.68818	0.251966	0
3.71683	0.00177143	3.78877	0.252309	0
3.71614	0.00177928	3.60436	0.248533	0
3.7137	0.00171178	3.772	0.2451	0
3.71351	0.00166791	3.3026	0.230339	0
3.71441	0.0017436	4.37552	0.271533	0
3.71309	0.00171355	3.63789	0.242697	0
3.71103	0.00167701	3.65465	0.248876	0
3.71002	0.00164643	3.36966	0.232399	0
3.71035	0.00168303	3.55407	0.244757	0
3.71039	0.00167917	3.58759	0.244757	0
3.70935	0.0016943	3.05113	0.222444	0
3.70987	0.00168415	3.65465	0.245443	0
3.7097	0.00174491	3.45348	0.242011	0
3.70618	0.00168487	3.55407	0.241324	0
3.70421	0.00163589	3.20201	0.224847	0
3.70691	0.0016391	3.63789	0.240294	0
3.70706	0.00172153	3.63789	0.24716	0
3.70275	0.00171544	3.0176	0.221414	0
3.70065	0.00165881	2.96731	0.222444	0
3.70234	0.00167046	3.50377	0.238578	0
3.70137	0.00165488	3.08466	0.223474	0
3.69987	0.00164558	2.95054	0.217981	0
3.7013	0.00160944	3.28583	0.235832	0
3.70193	0.00168022	3.23554	0.230682	0
3.70132	0.00165226	2.76614	0.211802	0
3.70124	0.00169331	3.55407	0.252652	0
3.70198	0.00165684	3.18525	0.226906	0
3.69827	0.00161566	3.26907	0.230682	0
3.69603	0.00161271	2.73261	0.217295	0
3.69523	0.00159654	2.73261	0.206653	0
3.69581	0.00157507	3.21878	0.232742	0
3.69472	0.00160872	2.81643	0.217295	0
3.69462	0.00165894	3.28583	0.234802	0
3.69495	0.00168788	2.96731	0.219698	0
3.69324	0.00165822	2.93378	0.220041	0
3.69123	0.00158914	2.71584	0.214205	0
3.69295	0.00155765	2.73261	0.208026	0
3.69358	0.00154855	2.84996	0.218668	0
3.69261	0.00158083	2.76614	0.214548	0
3.69311	0.00160276	2.95054	0.221757	0
3.6935	0.00159667	2.73261	0.214548	0
3.69183	0.00158011	2.81643	0.221414	0
3.69082	0.00154495	2.7829	0.212489	0
3.69137	0.00160145	2.7829	0.209743	0
3.68895	0.00159824	2.71584	0.208713	0
3.68729	0.00153729	2.4979	0.20528	0
3.68818	0.00160577	2.90025	0.214892	0
3.68529	0.00162306	2.4979	0.202534	0
3.68408	0.00159523	2.84996	0.222444	0
3.68769	0.0015934	2.90025	0.226563	0
3.68806	0.00160348	3.00084	0.222101	0
3.68471	0.00153074	2.29673	0.199101	0
3.68451	0.0015716	2.7829	0.212489	0
3.68477	0.0015384	2.2632	0.198071	0
3.68552	0.00154043	2.4979	0.206653	0
3.68646	0.00156007	2.81643	0.217295	0
3.68472	0.0015511	2.71584	0.215235	0
3.67984	0.00155385	2.17938	0.190519	0
3.67972	0.00149034	2.64878	0.210429	0
3.68164	0.00151352	2.33026	0.197728	0
3.67914	0.00147528	2.41408	0.203564	0
3.6766	0.00150566	2.41408	0.194982	0
3.67796	0.00149329	2.11232	0.186056	0
3.67822	0.00150475	1.97821	0.177474	0
3.6789	0.00147882	2.33026	0.196355	0
3.68007	0.00150658	2.41408	0.199444	0
3.67855	0.00150678	2.21291	0.196011	0
3.67852	0.00152301	1.92791	0.180221	0
3.679	0.00153892	2.34702	0.196698	0
3.67687	0.00151018	2.19614	0.192579	0
3.67569	0.00150966	1.84409	0.178161	0
3.67657	0.00151679	2.22967	0.193952	0
3.67538	0.0015348	2.41408	0.203564	0
3.67219	0.00147731	1.86085	0.178848	0
3.67244	0.00149571	2.21291	0.191549	0
3.67407	0.00149722	2.24644	0.191549	0
3.67311	0.00153473	2.14585	0.190519	0
3.67247	0.00154744	1.91115	0.179534	0
3.67268	0.00149119	2.04526	0.1864	0
3.67337	0.00150769	2.17938	0.190519	0
3.67204	0.00152622	1.91115	0.177818	0
3.67135	0.00147581	1.94468	0.180907	0
3.67318	0.00151431	2.22967	0.192235	0
3.67337	0.00151706	1.99497	0.179877	0
3.67167	0.00148275	2.21291	0.193265	0
3.67061	0.00151077	2.0285	0.18434	0
3.67128	0.00151149	2.33026	0.199101	0
3.66905	0.00147391	1.86085	0.178848	0
3.66701	0.00146887	1.87762	0.181251	0
3.66964	0.00150317	2.16262	0.189832	0
3.66918	0.0014578	1.97821	0.18228	0
3.66566	0.00148497	1.72674	0.171295	0
3.66563	0.00145499	1.84409	0.176445	0
3.66737	0.00144418	2.17938	0.190519	0
3.66808	0.00147358	2.3135	0.198414	0
3.66795	0.00144556	1.92791	0.181594	0
3.66657	0.00140333	1.76027	0.173012	0
3.66595	0.00142683	2.01174	0.180564	0
3.66683	0.00142519	1.69321	0.168206	0
3.66588	0.00146474	2.04526	0.183653	0
3.66313	0.00145571	1.70997	0.167519	0
3.66193	0.00144235	1.72674	0.16649	0
3.6635	0.00145053	1.67645	0.172325	0
3.66516	0.00147554	1.84409	0.173355	0
3.66398	0.00142716	1.70997	0.167519	0
3.66268	0.00146317	1.92791	0.178504	0
3.66192	0.00143096	1.49204	0.155161	0
3.6626	0.00140614	1.81056	0.171982	0
3.66363	0.00144071	1.82733	0.174385	0
3.66269	0.00144929	2.06203	0.185713	0
3.66225	0.00143194	1.94468	0.180907	0
3.66353	0.00142264	1.77703	0.173698	0
3.66305	0.00142637	1.91115	0.179534	0
3.66319	0.00146022	2.0285	0.18743	0
3.66252	0.00145165	1.87762	0.174728	0
3.66087	0.00143246	1.82733	0.177474	0
3.66157	0.00143606	1.7435	0.173698	0
3.66027	0.00145348	1.59262	0.160311	0
3.65906	0.00141066	1.59262	0.160311	0
3.65936	0.00142454	1.55909	0.160311	0
3.65874	0.00141321	1.65968	0.168549	0
3.65736	0.00139331	1.47527	0.154475	0
3.65777	0.00141223	1.81056	0.173698	0
3.65951	0.00143436	1.7435	0.168893	0
3.65683	0.00142709	1.64292	0.165803	0
3.65635	0.00139711	1.65968	0.165116	0
3.65774	0.00141956	1.49204	0.155161	0
3.6568	0.00141904	1.47527	0.156191	0
3.657	0.00142015	1.5088	0.164773	0
3.65957	0.00144831	1.96144	0.178504	0
3.65822	0.00144169	1.76027	0.171295	0
3.65547	0.00140123	1.5088	0.156191	0
3.65536	0.00139593	1.44174	0.152758	0
3.65419	0.00141616	1.5088	0.159624	0
3.6548	0.00141072	1.59262	0.163743	0
3.65471	0.00140477	1.55909	0.162027	0
3.65527	0.00137772	1.5088	0.156191	0
3.6568	0.0014123	1.91115	0.177818	0
3.65665	0.0014176	1.54233	0.164773	0
3.65357	0.00138814	1.49204	0.158937	0
3.65317	0.00135946	1.57586	0.162714	0
3.65596	0.00137137	1.62615	0.165116	0
3.65502	0.00142952	1.65968	0.165116	0
3.65362	0.00139881	1.32439	0.148296	0
3.65238	0.0013571	1.47527	0.157908	0
3.6522	0.00138336	1.59262	0.163743	0
3.65272	0.00139481	1.25733	0.148639	0
3.64978	0.0013848	1.35792	0.148296	0
3.64949	0.00135389	1.24057	0.145893	0
3.65004	0.00137262	1.13998	0.14246	0
3.64958	0.00137642	1.30763	0.14555	0
3.65001	0.00139704	1.20704	0.142117	0
3.65031	0.00139102	1.52557	0.160311	0
3.65109	0.00142166	1.64292	0.169236	0
3.65146	0.00140634	1.57586	0.16443	0
3.6507	0.00136672	1.10645	0.134222	0
3.64833	0.00134872	1.12322	0.135251	0
3.64909	0.00131317	1.39145	0.153788	0
3.65085	0.00134905	1.65968	0.165116	0
3.65127	0.00139927	1.37469	0.151042	0
3.64934	0.00135815	1.45851	0.158937	0
3.64741	0.00135167	1.05616	0.137654	0
3.64756	0.00136195	1.25733	0.144863	0
3.64781	0.00135906	1.20704	0.140057	0
3.64769	0.001348	1.32439	0.148296	0
3.64806	0.00133995	1.55909	0.160311	0
3.64774	0.00134047	1.13998	0.136281	0
3.64809	0.00136181	1.30763	0.149326	0
3.64779	0.00134649	1.20704	0.142117	0
3.64645	0.00131199	1.22381	0.143147	0
3.64741	0.00137157	1.34116	0.147609	0
3.64805	0.00138375	1.24057	0.143833	0
3.64711	0.00135697	1.24057	0.142117	0
3.64606	0.00135605	1.22381	0.141087	0
3.64571	0.00136574	1.19028	0.139027	0
3.6474	0.00136895	1.40821	0.152758	0
3.64657	0.0013679	1.32439	0.150356	0
3.64503	0.0013554	1.07293	0.132162	0
3.64452	0.00136803	1.37469	0.153102	0
3.64622	0.001366	1.24057	0.143833	0
3.64565	0.00134237	1.47527	0.154475	0
3.64531	0.00133949	1.32439	0.148296	0
3.64533	0.00136483	1.35792	0.153788	0
3.64607	0.00133975	1.32439	0.146579	0
3.64565	0.00135075	1.40821	0.154475	0
3.64597	0.00138218	1.35792	0.150356	0
3.64608	0.00136731	1.30763	0.14555	0
3.64557	0.00134774	1.22381	0.141087	0
3.64368	0.00134401	1.02263	0.131475	0
3.64582	0.0013647	1.25733	0.144863	0
3.64559	0.00132803	1.25733	0.142803	0
3.64379	0.0013298	1.2741	0.149669	0
3.64434	0.00134479	1.12322	0.137311	0
3.64323	0.0013021	1.02263	0.129416	0
3.64159	0.0013315	1.08969	0.133192	0
3.64278	0.00134099	1.30763	0.149326	0
3.64389	0.00135749	1.13998	0.140401	0
3.64302	0.00136195	1.24057	0.143833	0
3.64145	0.001355	0.955574	0.127356	0
3.63977	0.00131284	0.888516	0.120834	0
3.64026	0.00130799	1.17351	0.138341	0
3.64166	0.00130145	1.02263	0.129416	0
3.64099	0.00132554	1.00587	0.128386	0
3.64044	0.00130767	1.19028	0.139027	0
3.6418	0.00133026	1.19028	0.145206	0
3.64296	0.00133962	1.34116	0.147609	0
3.64214	0.00134204	1.10645	0.134222	0
3.64036	0.00132011	1.07293	0.136624	0
3.64065	0.00134446	1.17351	0.138341	0
3.64082	0.00134793	1.08969	0.135595	0
3.63939	0.0013461	1.05616	0.131475	0
3.64035	0.00133091	0.871752	0.121864	0
3.64105	0.00130852	1.07293	0.136624	0
3.64075	0.00133255	0.922045	0.125296	0
3.6418	0.00133084	1.20704	0.140057	0
3.64221	0.00129529	1.39145	0.152072	0
3.64104	0.00134322	1.13998	0.136281	0
3.64079	0.00135055	1.17351	0.138341	0
3.63985	0.00131166	1.00587	0.128386	0
3.63855	0.00132332	0.838223	0.117401	0
3.63935	0.00132102	1.0394	0.130445	0
3.6406	0.00131742	1.12322	0.135251	0
3.63898	0.00130145	0.955574	0.127356	0
3.63764	0.00134191	1.05616	0.131475	0
3.6388	0.00135592	1.44174	0.156191	0
3.63994	0.0013203	0.989103	0.133535	0
3.63832	0.00131389	1.20704	0.140057	0
3.63948	0.00132541	1.17351	0.138341	0
3.63899	0.00133143	1.07293	0.132162	0
3.63827	0.00130583	1.35792	0.152072	0
3.63898	0.00131421	1.0394	0.130445	0
3.63918	0.00133333	1.0394	0.130445	0
3.63839	0.00132692	0.989103	0.129416	0
3.63762	0.00131323	0.972339	0.128386	0
3.63822	0.00131808	0.93881	0.128386	0
3.63721	0.0012691	0.771165	0.112595	0
3.63618	0.00126596	0.838223	0.117401	0
3.63745	0.00128076	1.02263	0.129416	0
3.63805	0.00132325	1.10645	0.136281	0
3.63811	0.00133183	1.05616	0.131475	0
3.63724	0.00136758	1.0394	0.132505	0
3.63575	0.00133975	0.888516	0.122893	0
3.63734	0.0013093	0.922045	0.122893	0
3.63739	0.00127296	1.07293	0.132162	0
3.6368	0.00128324	0.955574	0.124953	0
3.63715	0.00132259	1.15675	0.137311	0
3.63776	0.00128835	0.905281	0.124266	0
3.63639	0.00129228	0.854987	0.118431	0
3.63606	0.00125476	0.821459	0.116028	0
3.63729	0.00128717	1.13998	0.140401	0
3.63615	0.00127028	1.05616	0.133535	0
3.63613	0.00124265	0.838223	0.119804	0
3.63579	0.0013038	1.13998	0.138341	0
3.63578	0.0013334	0.854987	0.118431	0
3.63545	0.00129863	0.989103	0.127356	0
3.63557	0.0012564	0.955574	0.129416	0
3.63529	0.00129889	1.0394	0.130445	0
3.63539	0.00129745	0.838223	0.121864	0
3.63438	0.00126282	1.08969	0.135595	0
3.63533	0.00132613	0.955574	0.127356	0
3.63637	0.00129221	0.922045	0.125296	0
3.63662	0.00131709	0.93881	0.128386	0
3.63587	0.00129981	0.888516	0.120834	0
3.63407	0.00128888	0.93881	0.123923	0
3.63473	0.00128527	0.93881	0.126326	0
3.63399	0.00125299	0.955574	0.124953	0
3.63439	0.00127879	1.02263	0.129416	0
3.63457	0.00129385	1.22381	0.144863	0
3.63367	0.00129673	0.905281	0.121864	0
3.63373	0.00129627	1.00587	0.128386	0
3.63429	0.00128069	0.519698	0.0926849	0
3.63412	0.00124389	0.93881	0.126326	0
3.63548	0.0012786	0.955574	0.124953	0
3.63433	0.00129693	0.720872	0.108819	0
3.63413	0.00127362	0.955574	0.124953	0
3.63586	0.00129012	0.989103	0.127356	0
3.63373	0.0012841	1.07293	0.132162	0
3.63415	0.00128599	1.12322	0.135251	0
3.6345	0.00126969	0.854987	0.118431	0
3.63392	0.00126976	0.989103	0.127356	0
3.63399	0.00126936	0.871752	0.119461	0
3.63234	0.00126524	0.771165	0.112595	0
3.6313	0.00126229	0.922045	0.125296	0
3.63234	0.00127742	0.922045	0.125296	0
3.63259	0.00130328	0.871752	0.121864	0
3.63185	0.0012782	0.687343	0.106416	0
3.63323	0.00127611	0.905281	0.121864	0
3.63351	0.00127676	0.620285	0.104013	0
3.63169	0.00126602	0.704107	0.107789	0
3.63284	0.00128017	0.704107	0.107789	0
3.63303	0.00128056	0.888516	0.120834	0
3.63314	0.0012983	0.871752	0.126326	0
3.63311	0.00129235	0.804694	0.114998	0
3.63323	0.00129228	1.02263	0.131475	0
3.63278	0.00128403	0.771165	0.112595	0
3.63219	0.00130125	0.838223	0.117401	0
3.63216	0.00129431	0.821459	0.118431	0
3.63201	0.0012909	0.871752	0.121864	0
3.63215	0.00128285	0.754401	0.111565	0
3.63214	0.0012841	0.620285	0.104013	0
3.63117	0.00128698	0.854987	0.118431	0
3.63308	0.00131389	0.93881	0.126326	0
3.63245	0.00126249	0.771165	0.112595	0
3.63089	0.00125064	0.569992	0.0971475	0
3.63195	0.0012617	0.78793	0.113968	0
3.63072	0.00126072	0.603521	0.10264	0
3.62979	0.00122772	0.737636	0.110192	0
3.63212	0.00126858	1.00587	0.128386	0
3.63081	0.00125666	0.720872	0.108819	0
3.63027	0.00126098	0.854987	0.120834	0
3.63115	0.00126105	0.804694	0.114998	0
3.63036	0.0012416	0.737636	0.112595	0
3.62966	0.00122969	0.804694	0.114998	0
3.63073	0.00124854	0.737636	0.110192	0
3.63023	0.00123676	0.720872	0.111565	0
3.63082	0.00124075	0.603521	0.0998938	0
3.63304	0.0012731	0.78793	0.113968	0
3.63285	0.00124946	0.720872	0.108819	0
3.63085	0.00121895	0.553227	0.0957744	0
3.63002	0.00123584	0.519698	0.0926849	0
3.63073	0.00125247	0.821459	0.116028	0
3.63159	0.00127729	0.771165	0.112595	0
3.63097	0.00127604	0.670578	0.105043	0
3.63078	0.00126393	0.670578	0.105043	0
3.63017	0.0012511	0.821459	0.116028	0
3.62997	0.00128351	0.687343	0.106416	0
3.63052	0.00125594	0.804694	0.117401	0
3.6311	0.00126995	0.871752	0.119461	0
3.63182	0.00129739	0.771165	0.112595	0
3.63101	0.00127807	0.737636	0.110192	0
3.63047	0.00124376	0.687343	0.109162	0
3.63065	0.00121338	0.704107	0.107789	0
3.63126	0.00126825	0.754401	0.113968	0
3.63061	0.00128586	0.771165	0.114998	0
3.62906	0.00124926	0.519698	0.0926849	0
3.62909	0.00123237	0.620285	0.101267	0
3.63005	0.00126799	0.905281	0.121864	0
3.6287	0.00125306	0.519698	0.0926849	0
3.62783	0.00128527	0.771165	0.112595	0
3.62906	0.00125352	0.603521	0.0998938	0
3.62924	0.00121934	0.78793	0.113968	0
3.62927	0.00121967	0.737636	0.110192	0
3.62974	0.0012325	0.653814	0.104013	0
3.6283	0.00121469	0.435876	0.0851328	0
3.62859	0.00122903	0.569992	0.0971475	0
3.62788	0.00120828	0.519698	0.0926849	0
3.62967	0.00122366	0.620285	0.101267	0
3.62963	0.00123656	0.670578	0.105043	0
3.62769	0.0012198	0.78793	0.116371	0
3.62826	0.00122072	0.670578	0.105043	0
3.6291	0.00123656	0.637049	0.10264	0
3.62747	0.00119924	0.536463	0.094058	0
3.62746	0.00123283	0.704107	0.107789	0
3.63054	0.00125005	0.704107	0.107789	0
3.63018	0.00125097	0.620285	0.101267	0
3.6281	0.00123355	0.620285	0.104013	0
3.62871	0.00122039	0.603521	0.10264	0
3.63016	0.00121522	0.569992	0.0998938	0
3.62824	0.00122982	0.637049	0.105386	0
3.62873	0.00125568	0.603521	0.0998938	0
3.62982	0.00120651	0.637049	0.10264	0
3.63055	0.00124088	0.704107	0.107789	0
3.62998	0.00123682	0.687343	0.106416	0
3.62881	0.00122471	0.670578	0.105043	0
3.62927	0.00122995	0.804694	0.117401	0
3.62961	0.0012418	0.569992	0.0971475	0
3.62828	0.00123643	0.653814	0.104013	0
3.62739	0.00119557	0.45264	0.0865059	0
3.62768	0.00122117	0.569992	0.0971475	0
3.62885	0.00124959	0.553227	0.0957744	0
3.62938	0.00123289	0.586756	0.0985206	0
3.62954	0.00122661	0.821459	0.118431	0
3.62939	0.00126314	0.469405	0.0882223	0
3.62871	0.0011942	0.486169	0.0895954	0
3.62893	0.00122602	0.586756	0.0985206	0
3.62778	0.00122955	0.620285	0.101267	0
3.62786	0.00121404	0.620285	0.104013	0
3.6298	0.00124219	0.804694	0.114998	0
3.6284	0.00124167	0.536463	0.094058	0
3.62725	0.0012177	0.553227	0.0957744	0
3.62914	0.00124736	0.687343	0.106416	0
3.62858	0.00126393	0.536463	0.094058	0
3.62754	0.00119453	0.502934	0.0913118	0
3.62869	0.00122923	0.670578	0.105043	0
3.63043	0.00126314	0.553227	0.0985206	0
3.62968	0.00121233	0.653814	0.104013	0
3.62873	0.0012035	0.519698	0.0926849	0
3.63009	0.00121738	0.720872	0.108819	0
3.62993	0.0012035	0.519698	0.0926849	0
3.62754	0.00119839	0.486169	0.0895954	0
3.62822	0.00117567	0.569992	0.0971475	0
3.62881	0.00118759	0.603521	0.10264	0
3.62725	0.00118241	0.569992	0.0998938	0
3.62711	0.00119256	0.502934	0.0913118	0
3.62732	0.00119734	0.519698	0.0926849	0
3.6285	0.0012325	0.586756	0.0985206	0
3.62815	0.00123178	0.536463	0.094058	0
3.62785	0.00121017	0.502934	0.0913118	0
3.62801	0.00123689	0.603521	0.0998938	0
3.62781	0.00121567	0.502934	0.0913118	0
3.62899	0.00124409	0.653814	0.104013	0
3.62882	0.00122877	0.486169	0.0895954	0
3.62804	0.0012107	0.620285	0.101267	0
3.6279	0.00123198	0.519698	0.0926849	0
3.62648	0.00118706	0.45264	0.0865059	0
3.62742	0.00119027	0.502934	0.0913118	0
3.62878	0.00122923	0.637049	0.105386	0
3.62794	0.00122098	0.653814	0.104013	0
3.62689	0.0012177	0.536463	0.094058	0
3.62843	0.00120631	0.553227	0.101267	0
3.62906	0.0012107	0.502934	0.0913118	0
3.62857	0.00119852	0.569992	0.0998938	0
3.62794	0.00122419	0.603521	0.0998938	0
3.62752	0.00120016	0.368818	0.0782673	0
3.62842	0.00119479	0.704107	0.107789	0
3.63005	0.00125352	0.704107	0.110192	0
3.62945	0.00123879	0.704107	0.107789	0
3.62997	0.00124946	0.603521	0.0998938	0
3.62917	0.00121279	0.45264	0.0899387	0
3.62756	0.00120605	0.502934	0.0913118	0
3.62667	0.00121659	0.603521	0.0998938	0
3.62647	0.00120978	0.352054	0.0765509	0
3.62701	0.00117737	0.486169	0.0895954	0
3.6276	0.00118464	0.603521	0.0998938	0
3.62809	0.00118529	0.435876	0.0851328	0
3.62817	0.00121292	0.502934	0.0913118	0
3.62799	0.00122072	0.637049	0.105386	0
3.62813	0.00122988	0.670578	0.105043	0
3.62841	0.0012598	0.737636	0.110192	0
3.62872	0.00122425	0.553227	0.0985206	0
3.62766	0.00121109	0.536463	0.094058	0
3.62768	0.00119878	0.385583	0.0799837	0
3.62742	0.00121161	0.569992	0.0971475	0
3.62743	0.0012086	0.45264	0.0865059	0
3.62632	0.00119865	0.536463	0.094058	0
3.62663	0.00120225	0.419111	0.0834164	0
3.62851	0.00122811	0.603521	0.0998938	0
3.62926	0.00118922	0.553227	0.0957744	0
3.62813	0.00120219	0.486169	0.0926849	0
3.6278	0.00119505	0.519698	0.0926849	0
3.62876	0.00122851	0.536463	0.0971475	0
3.62864	0.001216	0.536463	0.0971475	0
3.6283	0.00120029	0.502934	0.0913118	0
3.62841	0.00121004	0.435876	0.0851328	0
3.62735	0.00121679	0.620285	0.101267	0
3.62824	0.00120611	0.419111	0.0834164	0
3.62859	0.0011902	0.502934	0.0913118	0
3.62828	0.00121083	0.385583	0.0799837	0
3.62654	0.00118817	0.502934	0.0913118	0
3.62636	0.00119073	0.469405	0.0882223	0
3.62724	0.00121266	0.419111	0.0834164	0
3.62794	0.00120467	0.704107	0.107789	0
3.62771	0.00121279	0.486169	0.0895954	0
3.62825	0.00121247	0.586756	0.0985206	0
3.62803	0.0012126	0.637049	0.10264	0
3.62761	0.00121436	0.519698	0.0957744	0
3.62805	0.00120009	0.486169	0.0895954	0
3.62854	0.00118398	0.45264	0.0865059	0
3.62772	0.00120382	0.435876	0.0851328	0
3.62788	0.00120304	0.519698	0.0926849	0
3.62859	0.00121993	0.502934	0.0913118	0
3.6279	0.00121515	0.385583	0.0799837	0
3.62784	0.00119852	0.502934	0.0913118	0
3.62827	0.00119872	0.720872	0.108819	0
3.62758	0.00122936	0.586756	0.0985206	0
3.62694	0.00120808	0.45264	0.0865059	0
3.62816	0.00122307	0.419111	0.0834164	0
3.6295	0.00123329	0.569992	0.0971475	0
3.62872	0.00120389	0.385583	0.0799837	0
3.62781	0.001172	0.553227	0.0957744	0
3.62856	0.00118529	0.402347	0.0817	0
3.62835	0.00120264	0.385583	0.0799837	0
3.62791	0.00123158	0.419111	0.0834164	0
3.62794	0.00122458	0.435876	0.0851328	0
3.62798	0.00122006	0.469405	0.0882223	0
3.62879	0.00121548	0.486169	0.0895954	0
3.62792	0.00119276	0.435876	0.0913118	0
3.62799	0.00121738	0.402347	0.0817	0
3.62907	0.00120723	0.670578	0.105043	0
3.62841	0.00117881	0.268231	0.0669391	0
3.62784	0.00119564	0.486169	0.0957744	0
3.62863	0.00121142	0.536463	0.094058	0
3.62838	0.00121561	0.553227	0.0957744	0
3.62754	0.0012088	0.402347	0.0817	0
3.62789	0.00116238	0.30176	0.0707152	0
3.6286	0.00116375	0.435876	0.0851328	0
3.62887	0.0011595	0.335289	0.0748345	0
3.62791	0.00117364	0.486169	0.0895954	0
3.62765	0.00120382	0.368818	0.0782673	0
3.62838	0.0012234	0.435876	0.0851328	0
3.62796	0.00121004	0.486169	0.0895954	0
3.62889	0.00118745	0.402347	0.0817	0
3.62849	0.00119387	0.586756	0.0985206	0
3.62841	0.00117587	0.536463	0.094058	0
3.62836	0.00120251	0.45264	0.0865059	0
3.62934	0.00121882	0.419111	0.0834164	0
3.62797	0.0011779	0.368818	0.0782673	0
3.6278	0.00118123	0.318525	0.0727748	0
3.62861	0.00120873	0.486169	0.0895954	0
3.62898	0.00121633	0.519698	0.0926849	0
3.62877	0.00119872	0.45264	0.0865059	0
3.62899	0.00119394	0.385583	0.0799837	0
3.62833	0.00119518	0.419111	0.0834164	0
3.62852	0.0012014	0.536463	0.094058	0
3.62876	0.00118248	0.469405	0.0882223	0
3.62767	0.0011682	0.385583	0.0799837	0
3.62781	0.00121279	0.435876	0.0851328	0
3.62954	0.00118182	0.569992	0.0971475	0
3.63042	0.00118503	0.569992	0.0998938	0
3.62955	0.00118143	0.318525	0.0727748	0
3.62923	0.0011682	0.536463	0.094058	0
3.63134	0.00117992	0.569992	0.0971475	0
3.63032	0.00122478	0.519698	0.0957744	0
3.62937	0.00118451	0.368818	0.0782673	0
3.62894	0.00117298	0.385583	0.0799837	0
3.62897	0.00119217	0.435876	0.0882223	0
3.6296	0.00122582	0.586756	0.0985206	0
3.63006	0.00122307	0.469405	0.0882223	0
3.62895	0.00119066	0.385583	0.0799837	0
3.62813	0.00120101	0.536463	0.094058	0
3.62926	0.00117678	0.30176	0.0707152	0
3.62822	0.00118195	0.486169	0.0895954	0
3.62936	0.00118065	0.352054	0.0765509	0
3.62793	0.00117259	0.335289	0.0748345	0
3.62758	0.00116401	0.318525	0.0727748	0
3.62968	0.00120088	0.419111	0.0834164	0
3.62955	0.00120448	0.352054	0.0765509	0
3.62847	0.00118503	0.419111	0.0834164	0
3.62816	0.00118006	0.45264	0.0899387	0
3.62953	0.00119721	0.419111	0.0868492	0
3.62838	0.00117665	0.385583	0.0799837	0
3.62872	0.00118863	0.318525	0.0727748	0
3.63013	0.00116794	0.45264	0.0865059	0
3.62963	0.00120219	0.419111	0.0834164	0
3.62973	0.00120317	0.536463	0.0971475	0
3.63002	0.00118831	0.368818	0.0782673	0
3.63027	0.00117855	0.368818	0.0817	0
3.6306	0.00118032	0.352054	0.0765509	0
3.63038	0.0011756	0.284996	0.0689988	0
3.63003	0.00118353	0.30176	0.0707152	0
3.63058	0.00115865	0.419111	0.0834164	0
3.63037	0.00119649	0.435876	0.0851328	0
3.63046	0.00117757	0.335289	0.0748345	0
3.62985	0.00117907	0.486169	0.0895954	0
3.62936	0.00120114	0.30176	0.0707152	0
3.62794	0.00116978	0.335289	0.0748345	0
3.62839	0.00117181	0.45264	0.0865059	0
3.63011	0.00118392	0.435876	0.0851328	0
3.62938	0.00119007	0.368818	0.0782673	0
3.62947	0.00117226	0.368818	0.0782673	0
3.63034	0.0011851	0.335289	0.0748345	0
3.63138	0.00118994	0.486169	0.0895954	0
3.63107	0.00116415	0.402347	0.0817	0
3.62931	0.00114791	0.335289	0.0748345	0
3.62929	0.00116506	0.419111	0.0834164	0
3.63031	0.00119125	0.402347	0.0817	0
3.63055	0.00120913	0.603521	0.0998938	0
3.63036	0.00119106	0.469405	0.0882223	0
3.62997	0.00117318	0.30176	0.0707152	0
3.63027	0.00117305	0.335289	0.0748345	0
3.63062	0.00118516	0.368818	0.0782673	0
3.63075	0.00119806	0.268231	0.0669391	0
3.6307	0.00118687	0.385583	0.0799837	0
3.63057	0.00115923	0.201174	0.0580139	0
3.631	0.00117279	0.45264	0.0865059	0
3.63198	0.00119223	0.45264	0.0865059	0
3.63056	0.00117573	0.385583	0.0799837	0
3.62869	0.0011684	0.268231	0.0669391	0
3.6304	0.0011739	0.234702	0.0624765	0
3.63166	0.00118058	0.352054	0.0765509	0
3.62979	0.00116441	0.435876	0.0851328	0
3.62941	0.00116703	0.402347	0.0817	0
3.62957	0.00117744	0.184409	0.055611	0
3.6295	0.00118163	0.419111	0.0834164	0
3.63078	0.00117573	0.435876	0.0851328	0
3.63004	0.00113376	0.284996	0.0689988	0
3.63049	0.00115773	0.368818	0.0782673	0
3.63178	0.0011483	0.234702	0.0624765	0
3.63088	0.00115904	0.268231	0.0669391	0
3.63097	0.00117089	0.519698	0.0926849	0
3.63147	0.00117554	0.318525	0.0727748	0
3.63181	0.00116369	0.284996	0.0689988	0
3.63128	0.00118137	0.352054	0.0765509	0
3.63151	0.00119642	0.469405	0.0882223	0
3.63197	0.00118235	0.402347	0.0851328	0
3.63145	0.00116408	0.30176	0.0707152	0
3.63206	0.00117868	0.268231	0.0669391	0
3.63239	0.00118261	0.502934	0.0913118	0
3.63269	0.00118962	0.519698	0.0926849	0
3.63089	0.00117246	0.318525	0.0727748	0
3.63021	0.00117449	0.402347	0.0817	0
3.63102	0.00117659	0.30176	0.0707152	0
3.63148	0.00118346	0.318525	0.0727748	0
3.63225	0.00118228	0.335289	0.0748345	0
3.63241	0.00121397	0.536463	0.0971475	0
3.63173	0.00117272	0.251467	0.0648795	0
3.63228	0.00120454	0.519698	0.0926849	0
3.63283	0.0011885	0.536463	0.094058	0
3.63191	0.00117587	0.368818	0.0782673	0
3.63138	0.00119381	0.469405	0.0882223	0
3.63167	0.00116087	0.184409	0.055611	0
3.63154	0.00117148	0.402347	0.0817	0
3.63109	0.00117606	0.201174	0.0580139	0
3.63147	0.00116166	0.268231	0.0669391	0
3.63177	0.00115485	0.419111	0.0834164	0
3.63304	0.00115328	0.30176	0.0707152	0
3.63238	0.00116958	0.352054	0.0799837	0
3.63221	0.00116578	0.217938	0.0604168	0
3.63162	0.00116212	0.335289	0.0748345	0
3.63336	0.00118687	0.368818	0.0782673	0
3.63364	0.00118313	0.385583	0.0799837	0
3.63173	0.00118182	0.217938	0.0604168	0
3.63159	0.00115485	0.318525	0.0727748	0
3.6328	0.00117554	0.402347	0.0817	0
3.63314	0.00117364	0.217938	0.0604168	0
3.63115	0.00116192	0.251467	0.0648795	0
3.63273	0.00116113	0.335289	0.0748345	0
3.63333	0.00116035	0.318525	0.0727748	0
3.63316	0.00116185	0.352054	0.0765509	0
3.63222	0.00117953	0.217938	0.0604168	0
3.63252	0.00115642	0.268231	0.0669391	0
3.63302	0.0011595	0.251467	0.0648795	0
3.63248	0.0011538	0.251467	0.0648795	0
3.633	0.0011559	0.335289	0.0782673	0
3.63265	0.00114503	0.318525	0.0727748	0
3.63194	0.00117056	0.284996	0.0689988	0
3.63277	0.00116022	0.268231	0.0669391	0
3.63323	0.0011572	0.251467	0.0648795	0
3.63345	0.00115236	0.284996	0.0689988	0
3.63248	0.00116519	0.385583	0.0799837	0
3.633	0.00116853	0.268231	0.0669391	0
3.63313	0.00116565	0.284996	0.0689988	0
3.63316	0.00117528	0.234702	0.0624765	0
3.63356	0.00116742	0.30176	0.0707152	0
3.63371	0.0011591	0.217938	0.0604168	0
3.63321	0.00113501	0.30176	0.0707152	0
3.63404	0.0011536	0.318525	0.0727748	0
3.63378	0.001165	0.268231	0.0669391	0
3.63414	0.00116794	0.419111	0.0834164	0
3.6342	0.00116958	0.268231	0.0669391	0
3.63404	0.00115989	0.268231	0.0669391	0
3.6339	0.00114712	0.251467	0.0648795	0
3.63395	0.00117462	0.318525	0.0727748	0
3.63406	0.00115531	0.268231	0.0669391	0
3.63425	0.00115714	0.318525	0.0727748	0
3.63453	0.00116493	0.284996	0.0689988	0
3.63539	0.00117298	0.368818	0.0782673	0
3.63489	0.00117115	0.268231	0.0669391	0
3.63456	0.00116578	0.335289	0.0748345	0
3.63428	0.00115878	0.217938	0.0604168	0
3.6344	0.00113403	0.284996	0.0689988	0
3.63401	0.00114902	0.268231	0.0669391	0
3.63275	0.00115635	0.318525	0.0727748	0
3.63367	0.00114751	0.251467	0.0648795	0
3.6346	0.00114509	0.268231	0.0669391	0
3.63441	0.00115321	0.284996	0.0689988	0
3.63366	0.00117148	0.30176	0.0707152	0
3.63415	0.00115694	0.268231	0.0669391	0
3.63458	0.00115125	0.368818	0.0782673	0
3.6345	0.00116316	0.385583	0.0799837	0
3.63458	0.00115793	0.435876	0.0851328	0
3.6356	0.00118065	0.402347	0.0851328	0
3.6358	0.00115982	0.284996	0.0689988	0
3.6351	0.00114418	0.167645	0.0528647	0
3.63554	0.0011536	0.335289	0.0748345	0
3.63672	0.00117213	0.45264	0.0865059	0
3.63645	0.00118215	0.268231	0.0669391	0
3.63573	0.00116735	0.368818	0.0782673	0
3.63512	0.00116585	0.284996	0.0689988	0
3.63553	0.00115157	0.201174	0.0580139	0
3.63614	0.00115341	0.217938	0.0604168	0
3.63669	0.00117004	0.335289	0.0748345	0
3.6362	0.0011796	0.318525	0.0727748	0
3.63542	0.00116676	0.167645	0.0528647	0
3.63539	0.00113128	0.251467	0.0648795	0
3.6349	0.00116506	0.251467	0.0648795	0
3.63613	0.00117017	0.318525	0.0727748	0
3.63626	0.00112466	0.284996	0.0689988	0
3.63563	0.00112624	0.368818	0.0782673	0
3.63581	0.00113101	0.184409	0.055611	0
3.6369	0.00114012	0.251467	0.0648795	0
3.63607	0.0011521	0.268231	0.0669391	0
3.63523	0.0011481	0.30176	0.0707152	0
3.63545	0.00115118	0.30176	0.0707152	0
3.63552	0.0011559	0.30176	0.0707152	0
3.63641	0.00115596	0.318525	0.0727748	0
3.63743	0.00115229	0.352054	0.0765509	0
3.63793	0.00118051	0.368818	0.0782673	0
3.63743	0.00117023	0.268231	0.0669391	0
3.63639	0.00114869	0.268231	0.0669391	0
3.63723	0.00115518	0.234702	0.0624765	0
3.63666	0.00116755	0.352054	0.0765509	0
3.63801	0.00118091	0.217938	0.0604168	0
3.63786	0.00116375	0.368818	0.0817	0
3.63688	0.00115982	0.217938	0.0604168	0
3.63697	0.001154	0.217938	0.0604168	0
3.63712	0.00117233	0.335289	0.0748345	0
3.63734	0.00116447	0.352054	0.0765509	0
3.63618	0.00114201	0.234702	0.0624765	0
3.63648	0.00116329	0.117351	0.0442828	0
3.63663	0.00115	0.217938	0.0604168	0
3.63584	0.00113796	0.184409	0.055611	0
3.6353	0.00112362	0.15088	0.0501185	0
3.63666	0.00113999	0.352054	0.0765509	0
3.63747	0.00116925	0.30176	0.0707152	0
3.63602	0.00114758	0.201174	0.0580139	0
3.63661	0.00114195	0.352054	0.0765509	0
3.63683	0.00114372	0.268231	0.0669391	0
3.63686	0.00113678	0.268231	0.0669391	0
3.63731	0.00113769	0.268231	0.0669391	0
3.63861	0.00116323	0.284996	0.0689988	0
3.63805	0.00114306	0.217938	0.0604168	0
3.63779	0.00115439	0.335289	0.0748345	0
3.63923	0.00114149	0.251467	0.0648795	0
3.63926	0.00113311	0.352054	0.0765509	0
3.63826	0.00113062	0.251467	0.0648795	0
3.63896	0.00114169	0.352054	0.0765509	0
3.63841	0.0011485	0.234702	0.0624765	0
3.63779	0.00115	0.234702	0.0624765	0
3.63846	0.00113763	0.234702	0.0624765	0
3.63876	0.00114496	0.284996	0.0689988	0
3.63735	0.00113547	0.234702	0.0624765	0
3.6378	0.00115832	0.268231	0.0669391	0
3.63902	0.001176	0.284996	0.0689988	0
3.63791	0.00115504	0.234702	0.0624765	0
3.63895	0.00116388	0.251467	0.0648795	0
3.63906	0.0011669	0.201174	0.0580139	0
3.63923	0.00116192	0.251467	0.0648795	0
3.63817	0.00114896	0.15088	0.0501185	0
3.63809	0.00116081	0.184409	0.055611	0
3.63909	0.00114653	0.234702	0.0624765	0
3.63893	0.00113429	0.134116	0.0528647	0
3.63848	0.00115995	0.318525	0.0727748	0
3.63996	0.00114418	0.217938	0.0604168	0
3.63864	0.00111995	0.217938	0.0604168	0
3.63882	0.00113147	0.268231	0.0669391	0
3.63929	0.00114228	0.268231	0.0669391	0
3.63933	0.00114941	0.234702	0.0624765	0
3.64031	0.00115072	0.234702	0.0624765	0
3.64099	0.00113874	0.201174	0.0580139	0
3.6402	0.00113619	0.318525	0.0727748	0
3.64031	0.00113304	0.217938	0.0604168	0
3.63917	0.00113599	0.134116	0.0473723	0
3.63938	0.00113979	0.15088	0.0501185	0
3.64018	0.00113769	0.352054	0.0765509	0
3.64068	0.00114372	0.318525	0.0765509	0
3.64049	0.00117266	0.284996	0.0689988	0
3.6396	0.00117148	0.318525	0.0727748	0
3.64088	0.00117109	0.335289	0.0748345	0
3.6406	0.00115053	0.201174	0.0580139	0
3.63974	0.00115518	0.234702	0.0624765	0
3.64038	0.00112479	0.117351	0.0442828	0
3.6401	0.00114706	0.335289	0.0748345	0
3.63967	0.00113291	0.15088	0.0501185	0
3.64017	0.00115059	0.201174	0.0580139	0
3.64075	0.00114018	0.201174	0.0580139	0
3.64037	0.00115472	0.284996	0.0689988	0
3.64007	0.00116428	0.184409	0.055611	0
3.64018	0.00112499	0.15088	0.0501185	0
3.64047	0.0011394	0.217938	0.0604168	0
3.6419	0.00115118	0.234702	0.0624765	0
3.64158	0.00113337	0.251467	0.0648795	0
3.6415	0.00114188	0.268231	0.0669391	0
3.64117	0.00116028	0.234702	0.0624765	0
3.64072	0.00114352	0.234702	0.0624765	0
3.64078	0.00115714	0.251467	0.0648795	0
3.6409	0.00114247	0.251467	0.0648795	0
3.64087	0.00114791	0.335289	0.0782673	0
3.6408	0.00113953	0.0670578	0.0336412	0
3.64077	0.00114123	0.134116	0.0473723	0
3.64253	0.00115734	0.352054	0.0765509	0
3.64293	0.00115753	0.234702	0.0624765	0
3.64144	0.00116015	0.284996	0.0727748	0
3.64226	0.0011572	0.251467	0.0648795	0
3.64293	0.00114575	0.201174	0.0580139	0
3.64197	0.00114968	0.217938	0.0604168	0
3.64153	0.00115112	0.234702	0.0624765	0
3.6419	0.0011466	0.167645	0.0528647	0
3.6414	0.00115832	0.268231	0.0669391	0
3.64228	0.00116277	0.234702	0.0624765	0
3.64249	0.00113285	0.201174	0.0580139	0
3.64305	0.00113534	0.234702	0.0624765	0
3.64285	0.00113501	0.201174	0.0580139	0
3.64268	0.00113612	0.251467	0.0648795	0
3.64277	0.00115197	0.201174	0.0580139	0
3.64281	0.00113913	0.201174	0.0580139	0
3.64273	0.00112715	0.217938	0.0604168	0
3.64307	0.00113946	0.284996	0.0689988	0
3.64262	0.00114169	0.234702	0.0624765	0
3.6423	0.00112342	0.201174	0.0580139	0
3.64319	0.00112335	0.217938	0.0604168	0
3.64335	0.0011572	0.318525	0.0727748	0
3.64312	0.00114968	0.251467	0.0648795	0
3.64228	0.00115793	0.318525	0.0727748	0
3.64309	0.00115472	0.117351	0.0442828	0
3.64296	0.00112787	0.184409	0.055611	0
3.64247	0.00112191	0.234702	0.0624765	0
3.64316	0.0011225	0.234702	0.0624765	0
3.64403	0.00113593	0.217938	0.0604168	0
3.64399	0.00112538	0.217938	0.0604168	0
3.64328	0.00111615	0.234702	0.0624765	0
3.64266	0.00113121	0.15088	0.0501185	0
3.64286	0.0011316	0.318525	0.0727748	0
3.64405	0.00115878	0.134116	0.0473723	0
3.64447	0.0011572	0.234702	0.0624765	0
3.64437	0.00113239	0.234702	0.0624765	0
3.64364	0.0011282	0.217938	0.0604168	0
3.644	0.0011282	0.318525	0.0727748	0
3.64454	0.00115387	0.217938	0.0604168	0
3.64481	0.0011483	0.234702	0.0624765	0
3.64399	0.0011411	0.184409	0.055611	0
3.64454	0.00112787	0.167645	0.0528647	0
3.64504	0.00112872	0.268231	0.0710584	0
3.64553	0.00114365	0.251467	0.0648795	0
3.64541	0.00114562	0.167645	0.0528647	0
3.6442	0.0011339	0.184409	0.055611	0
3.6444	0.00112434	0.167645	0.0528647	0
3.6452	0.00111923	0.167645	0.0528647	0
3.64598	0.00114051	0.167645	0.0528647	0
3.64546	0.00113383	0.217938	0.0604168	0
3.64552	0.00111589	0.15088	0.0501185	0
3.64505	0.00112375	0.184409	0.055611	0
3.64419	0.00112689	0.15088	0.0501185	0
3.64557	0.00114031	0.117351	0.0442828	0
3.64424	0.00112971	0.184409	0.055611	0
3.64491	0.00115773	0.318525	0.0727748	0
3.64664	0.00113959	0.167645	0.0528647	0
3.64645	0.00112761	0.184409	0.055611	0
3.64505	0.00114346	0.201174	0.0580139	0
3.6451	0.00110574	0.167645	0.0528647	0
3.64606	0.00112735	0.234702	0.0624765	0
3.64616	0.00115747	0.217938	0.0604168	0
3.64545	0.00113514	0.201174	0.0580139	0
3.6444	0.00113383	0.117351	0.0442828	0
3.64586	0.00113756	0.318525	0.0727748	0
3.64647	0.00113953	0.201174	0.0580139	0
3.64517	0.00114319	0.234702	0.0624765	0
3.64622	0.00111596	0.184409	0.055611	0
3.64754	0.0011151	0.201174	0.0580139	0
3.64608	0.001121	0.117351	0.0442828	0
3.64676	0.00112054	0.0502934	0.0291786	0
3.64624	0.00112283	0.184409	0.055611	0
3.64654	0.00113593	0.201174	0.0580139	0
3.64647	0.00114771	0.15088	0.0501185	0
3.64685	0.00113527	0.251467	0.0648795	0
3.64756	0.00113462	0.167645	0.0528647	0
3.64688	0.00113154	0.15088	0.0501185	0
3.64675	0.00111537	0.217938	0.0604168	0
3.64698	0.00113802	0.184409	0.055611	0
3.64669	0.001154	0.134116	0.0473723	0
3.6467	0.00112034	0.167645	0.0528647	0
3.64694	0.00112198	0.134116	0.0473723	0
3.64682	0.00112565	0.184409	0.055611	0
3.64691	0.00111504	0.117351	0.0442828	0
3.64668	0.00111871	0.184409	0.055611	0
3.64744	0.00113684	0.284996	0.0689988	0
3.64811	0.00113854	0.251467	0.0648795	0
3.64759	0.00112093	0.184409	0.055611	0
3.64775	0.00112905	0.201174	0.0580139	0
3.64733	0.00112558	0.217938	0.0604168	0
3.64829	0.00113979	0.117351	0.0442828	0
3.6487	0.00116251	0.184409	0.055611	0
3.64859	0.00113291	0.134116	0.0473723	0
3.64915	0.00113246	0.201174	0.0580139	0
3.64927	0.00112447	0.217938	0.0604168	0
3.64935	0.00111438	0.201174	0.0580139	0
3.64859	0.00113776	0.167645	0.0528647	0
3.64829	0.00112519	0.30176	0.0707152	0
3.64851	0.00112977	0.167645	0.0528647	0
3.64905	0.00112774	0.284996	0.0689988	0
3.64883	0.00114293	0.184409	0.0604168	0
3.64833	0.00114837	0.217938	0.0604168	0
3.65089	0.0011705	0.402347	0.0817	0
3.65051	0.00114339	0.234702	0.0624765	0
3.64882	0.0011339	0.251467	0.0648795	0
3.64987	0.00113907	0.184409	0.055611	0
3.64961	0.00116002	0.30176	0.0707152	0
3.6494	0.00115354	0.167645	0.0528647	0
3.64952	0.00114372	0.167645	0.0528647	0
3.65039	0.00111216	0.217938	0.0604168	0
3.65085	0.00110175	0.15088	0.0501185	0
3.65014	0.00113278	0.167645	0.0528647	0
3.64949	0.00111785	0.0670578	0.0336412	0
3.64937	0.00112034	0.251467	0.0648795	0
3.64953	0.00111386	0.0838223	0.0374172	0
3.64984	0.00112663	0.251467	0.0648795	0
3.65071	0.00112283	0.15088	0.0501185	0
3.64937	0.00111969	0.100587	0.04085	0
3.65002	0.00111707	0.100587	0.04085	0
3.65016	0.00111334	0.217938	0.0604168	0
3.64964	0.00112204	0.100587	0.04085	0
3.65039	0.00114287	0.184409	0.055611	0
3.65055	0.00114313	0.201174	0.0580139	0
3.64928	0.00110574	0.117351	0.0442828	0
3.6496	0.00113318	0.15088	0.0501185	0
3.6513	0.00114267	0.284996	0.0689988	0
3.65189	0.00112277	0.184409	0.055611	0
3.65102	0.00114057	0.201174	0.0580139	0
3.65028	0.00113213	0.234702	0.0624765	0
3.65066	0.00110849	0.134116	0.0473723	0
3.6496	0.00111406	0.167645	0.0528647	0
3.65102	0.0011172	0.15088	0.0501185	0
3.65165	0.00111681	0.167645	0.0528647	0
3.65038	0.00111386	0.117351	0.0442828	0
3.65064	0.0011189	0.15088	0.0501185	0
3.65118	0.00111668	0.15088	0.0501185	0
3.65192	0.00115714	0.284996	0.0689988	0
3.65263	0.00114372	0.184409	0.055611	0
3.65203	0.001121	0.167645	0.0528647	0
3.65222	0.00111157	0.15088	0.0501185	0
3.65197	0.00111419	0.134116	0.0473723	0
3.65121	0.00113095	0.217938	0.0604168	0
3.65251	0.00111497	0.117351	0.0442828	0
3.65238	0.00111903	0.234702	0.0624765	0
3.65194	0.00113016	0.234702	0.0624765	0
3.65304	0.00112591	0.234702	0.0624765	0
3.65295	0.00111864	0.134116	0.0473723	0
3.651	0.00111831	0.117351	0.0442828	0
3.65227	0.00112512	0.15088	0.0501185	0
3.65138	0.00113291	0.234702	0.0624765	0
3.65101	0.0011206	0.134116	0.0473723	0
3.6518	0.00114234	0.184409	0.055611	0
3.65186	0.00113043	0.117351	0.0442828	0
3.65198	0.00112761	0.167645	0.0528647	0
3.65317	0.00111805	0.184409	0.055611	0
3.65362	0.00113926	0.201174	0.0580139	0
3.65222	0.00113416	0.201174	0.0580139	0
3.65154	0.00110234	0.100587	0.04085	0
3.65278	0.00111288	0.217938	0.0604168	0
3.65417	0.00111412	0.100587	0.04085	0
3.65308	0.00112185	0.100587	0.04085	0
3.65324	0.00110496	0.100587	0.04085	0
3.65359	0.00113494	0.234702	0.0624765	0
3.65436	0.00112434	0.117351	0.0442828	0
3.65351	0.00110528	0.134116	0.0473723	0
3.65329	0.00112231	0.201174	0.0580139	0
3.65397	0.00110476	0.0838223	0.0374172	0
3.6537	0.00111655	0.0670578	0.0336412	0
3.654	0.00112571	0.234702	0.0624765	0
3.65471	0.00111478	0.15088	0.0501185	0
3.65467	0.0010988	0.201174	0.0580139	0
3.65517	0.00111321	0.184409	0.055611	0
3.65429	0.00110489	0.134116	0.0473723	0
3.65346	0.00109933	0.100587	0.04085	0
3.65279	0.00109847	0.117351	0.0442828	0
3.6539	0.00111307	0.201174	0.0580139	0
3.65412	0.0011062	0.0838223	0.0374172	0
3.65446	0.00111694	0.15088	0.0501185	0
3.6549	0.0011301	0.234702	0.0624765	0
3.65415	0.00112977	0.15088	0.0501185	0
3.65478	0.00113593	0.268231	0.0669391	0
3.65457	0.00111622	0.0502934	0.0291786	0
3.65431	0.00110404	0.201174	0.0580139	0
3.65496	0.00111484	0.217938	0.0604168	0
3.65534	0.00112021	0.15088	0.0501185	0
3.65499	0.00111641	0.0838223	0.0374172	0
3.65561	0.00111753	0.167645	0.0528647	0
3.65646	0.00113265	0.201174	0.0580139	0
3.65556	0.00111111	0.117351	0.0442828	0
3.65454	0.00110476	0.0670578	0.0336412	0
3.65553	0.00109461	0.184409	0.055611	0
3.65582	0.00112506	0.201174	0.0580139	0
3.65561	0.00113003	0.100587	0.04085	0
3.65707	0.00111118	0.15088	0.0501185	0
3.6562	0.00113246	0.184409	0.055611	0
3.65597	0.00112132	0.335289	0.0748345	0
3.6558	0.00111596	0.117351	0.0442828	0
3.65576	0.00112984	0.134116	0.0473723	0
3.65641	0.00111975	0.15088	0.055611	0
3.65641	0.00111111	0.134116	0.0473723	0
3.65526	0.00111183	0.117351	0.0442828	0
3.65556	0.00110987	0.0502934	0.0291786	0
3.65649	0.00111641	0.117351	0.0442828	0
3.65726	0.00111393	0.167645	0.0528647	0
3.65678	0.00111105	0.134116	0.0473723	0
3.65655	0.00110627	0.100587	0.04085	0
3.65676	0.00111366	0.117351	0.0442828	0
3.65706	0.0011117	0.167645	0.0528647	0
3.65786	0.00111334	0.184409	0.055611	0
3.65791	0.00111091	0.100587	0.04085	0
3.65632	0.00111995	0.117351	0.0442828	0
3.65705	0.00111746	0.167645	0.0528647	0
3.65833	0.00110915	0.134116	0.0473723	0
3.65813	0.00110568	0.134116	0.0473723	0
3.65817	0.0011083	0.268231	0.0669391	0
3.6584	0.00111772	0.184409	0.055611	0
3.65708	0.00112637	0.217938	0.0604168	0
3.65787	0.00111032	0.134116	0.0473723	0
3.6589	0.00110122	0.15088	0.0501185	0
3.65839	0.00110417	0.0670578	0.0336412	0
3.65863	0.00110653	0.134116	0.0473723	0
3.6587	0.0010916	0.15088	0.0501185	0
3.65843	0.00110908	0.100587	0.04085	0
3.65801	0.00112578	0.117351	0.0442828	0
3.65874	0.00110738	0.117351	0.0442828	0
3.65867	0.00111445	0.167645	0.0528647	0
3.65844	0.00111321	0.167645	0.0528647	0
3.65842	0.00111118	0.167645	0.0528647	0
3.65793	0.00111163	0.15088	0.0501185	0
3.6585	0.00112741	0.184409	0.055611	0
3.6589	0.0011043	0.15088	0.0501185	0
3.65804	0.00109834	0.134116	0.0473723	0
3.65894	0.00111321	0.201174	0.0580139	0
3.65948	0.00111373	0.117351	0.0442828	0
3.65965	0.00110836	0.0838223	0.0374172	0
3.65902	0.00107883	0.134116	0.0473723	0
3.66064	0.00109186	0.100587	0.04085	0
3.66054	0.00111013	0.184409	0.055611	0
3.66018	0.00113403	0.234702	0.0624765	0
3.66035	0.00111687	0.184409	0.055611	0
3.66039	0.0011174	0.201174	0.0580139	0
3.66168	0.00112309	0.100587	0.04085	0
3.66111	0.0011244	0.117351	0.0442828	0
3.66053	0.00110627	0.100587	0.04085	0
3.66067	0.00111884	0.0838223	0.0374172	0
3.66091	0.00109795	0.0670578	0.0336412	0
3.66028	0.0011043	0.100587	0.04085	0
3.6616	0.00111334	0.184409	0.055611	0
3.66044	0.00112041	0.117351	0.0442828	0
3.66025	0.00111216	0.100587	0.04085	0
3.66079	0.00110122	0.15088	0.0501185	0
3.66109	0.00113403	0.117351	0.0442828	0
3.6605	0.00110312	0.167645	0.0528647	0
3.66029	0.00110784	0.0670578	0.0336412	0
3.66083	0.00111085	0.167645	0.0528647	0
3.66157	0.00111078	0.117351	0.0442828	0
3.66074	0.00109173	0.167645	0.0528647	0
3.66018	0.00112643	0.184409	0.055611	0
3.66104	0.0011174	0.167645	0.0528647	0
3.66044	0.00110522	0.15088	0.0501185	0
3.66136	0.00110784	0.0838223	0.0374172	0
3.66159	0.00110129	0.117351	0.0442828	0
3.66094	0.00109559	0.117351	0.0442828	0
3.66143	0.00109579	0.0838223	0.0374172	0
3.66171	0.0011301	0.217938	0.0648795	0
3.66304	0.00111478	0.15088	0.0501185	0
3.6627	0.00113298	0.134116	0.0473723	0
3.66268	0.00112015	0.134116	0.0473723	0
3.6629	0.00112224	0.0838223	0.0374172	0
3.66322	0.00109906	0.134116	0.0473723	0
3.66358	0.00111262	0.167645	0.0528647	0
3.66341	0.00111288	0.15088	0.0501185	0
3.66298	0.00110548	0.15088	0.0501185	0
3.66358	0.00111949	0.117351	0.0442828	0
3.66336	0.00113259	0.117351	0.0442828	0
3.66247	0.00109186	0.0838223	0.0374172	0
3.66256	0.00109991	0.217938	0.0604168	0
3.66411	0.00111596	0.184409	0.055611	0
3.66332	0.00111013	0.201174	0.0580139	0
3.66195	0.00110705	0.134116	0.0473723	0
3.66268	0.00110214	0.201174	0.0580139	0
3.66271	0.00110312	0.0502934	0.0291786	0
3.66206	0.00111982	0.117351	0.0442828	0
3.66312	0.00110201	0.0838223	0.0374172	0
3.66307	0.00110391	0.100587	0.04085	0
3.66292	0.00107294	0.0502934	0.0291786	0
3.6637	0.00106888	0.117351	0.0442828	0
3.66373	0.00110122	0.134116	0.0473723	0
3.66513	0.00109448	0.117351	0.0442828	0
3.66468	0.00111072	0.167645	0.0528647	0
3.66456	0.00111615	0.134116	0.0473723	0
3.6643	0.00111307	0.117351	0.0442828	0
3.66494	0.00111916	0.134116	0.0473723	0
3.66523	0.00114758	0.234702	0.0624765	0
3.66461	0.0011375	0.217938	0.0604168	0
3.66405	0.00111857	0.134116	0.0473723	0
3.6639	0.00111727	0.134116	0.0473723	0
3.66476	0.00112951	0.100587	0.04085	0
3.66486	0.00113147	0.184409	0.055611	0
3.66492	0.00110659	0.184409	0.055611	0
3.66448	0.00109939	0.100587	0.04085	0
3.66463	0.00109874	0.167645	0.0528647	0
3.66593	0.00110902	0.0838223	0.0374172	0
3.66527	0.00110627	0.201174	0.0580139	0
3.66584	0.00110005	0.134116	0.0473723	0
3.66665	0.00110987	0.15088	0.0501185	0
3.66579	0.00109788	0.0502934	0.0291786	0
3.66523	0.00110705	0.100587	0.04085	0
3.66533	0.00111609	0.100587	0.04085	0
3.66497	0.00112696	0.134116	0.0473723	0
3.66456	0.00110325	0.100587	0.04085	0
3.66505	0.00107425	0.0838223	0.0374172	0
3.66481	0.00109684	0.167645	0.0528647	0
3.66539	0.00111366	0.0838223	0.0374172	0
3.6663	0.00110194	0.0838223	0.0374172	0
3.6665	0.00108191	0.100587	0.04085	0
3.66699	0.00109265	0.0838223	0.0374172	0
3.66742	0.0011009	0.0670578	0.0336412	0
3.66716	0.00111923	0.167645	0.0528647	0
3.66647	0.00109415	0.100587	0.04085	0
3.6661	0.001095	0.134116	0.0473723	0
3.66693	0.00111438	0.15088	0.0501185	0
3.66746	0.00110208	0.100587	0.04085	0
3.66664	0.00112093	0.167645	0.0528647	0
3.66722	0.00109952	0.117351	0.0442828	0
3.66725	0.00108833	0.117351	0.0442828	0
3.66667	0.00110659	0.100587	0.04085	0
3.66861	0.00109867	0.217938	0.0604168	0
3.66765	0.0010973	0.15088	0.0501185	0
3.66711	0.00109815	0.117351	0.0442828	0
3.66828	0.001099	0.134116	0.0473723	0
3.66684	0.00111196	0.217938	0.0604168	0
3.66703	0.00109278	0.117351	0.0442828	0
3.6678	0.00109219	0.134116	0.0473723	0
3.66785	0.00109265	0.134116	0.0473723	0
3.66853	0.00109874	0.0502934	0.0291786	0
3.66786	0.00109507	0.100587	0.04085	0
3.66791	0.00108368	0.0670578	0.0336412	0
3.66843	0.00110162	0.134116	0.0473723	0
3.66889	0.00112283	0.167645	0.0528647	0
3.66906	0.00112506	0.201174	0.0580139	0
3.66771	0.00110744	0.0670578	0.0336412	0
3.6689	0.00112519	0.117351	0.0442828	0
3.66985	0.00111831	0.117351	0.0442828	0
3.66921	0.00109206	0.0838223	0.0374172	0
3.66819	0.00110365	0.117351	0.0442828	0
3.66881	0.00111857	0.117351	0.0442828	0
3.66918	0.00112028	0.0838223	0.0374172	0
3.66906	0.00108361	0.0670578	0.0336412	0
3.66973	0.00109271	0.100587	0.04085	0
3.66973	0.00111825	0.100587	0.04085	0
3.66961	0.00110417	0.134116	0.0473723	0
3.67026	0.00111432	0.15088	0.0501185	0
3.66977	0.00110882	0.100587	0.04085	0
3.66908	0.00113115	0.167645	0.0528647	0
3.66935	0.00111962	0.0670578	0.0336412	0
3.66945	0.00110888	0.100587	0.04085	0
3.67021	0.00110528	0.134116	0.0473723	0
3.66991	0.0011009	0.0502934	0.0291786	0
3.67034	0.00110895	0.184409	0.055611	0
3.67113	0.00112237	0.0838223	0.0374172	0
3.67109	0.00112074	0.0670578	0.0336412	0
0	0	0	0	0
0	0	0	0	0
0	0	0	0	0
0	0	0	0	0
0	0	0	0	0
0	0	0	0	0
0	0	0	0	0
0	0	0	0	0
0	0	0	0	0
0	0	0	0	0
0	0	0	0	0
0	0	0	0	0
0	0	0	0	0
0	0	0	0	0
0	0	0	0	0
0	0	0	0	0
0	0	0	0	0
0	0	0	0	0
0	0	0	0	0
0	0	0	0	0
0	0	0	0	0
0	0	0	0	0
0	0	0	0	0
0	0	0	0	0
0	0	0	0	0
0	0	0	0	0
0	0	0	0	0
0	0	0	0	0
0	0	0	0	0
0	0	0	0	0
0	0	0	0	0
0	0	0	0	0
0	0	0	0	0
0	0	0	0	0
0	0	0	0	0
0	0	0	0	0
0	0	0	0	0
0	0	0	0	0
0	0	0	0	0
0	0	0	0	0
0	0	0	0	0
0	0	0	0	0
0	0	0	0	0
0	0	0	0	0
0	0	0	0	0
0	0	0	0	0
0	0	0	0	0
0	0	0	0	0
0	0	0	0	0
0	0	0	0	0
0	0	0	0	0
0	0	0	0	0
0	0	0	0	0
0	0	0	0	0
0	0	0	0	0
0	0	0	0	0
0	0	0	0	0
0	0	0	0	0
0	0	0	0	0
0	0	0	0	0
0	0	0	0	0
0	0	0	0	0
0	0	0	0	0
0	0	0	0	0
0	0	0	0	0
0	0	0	0	0
0	0	0	0	0
0	0	0	0	0
0	0	0	0	0
0	0	0	0	0
0	0	0	0	0
0	0	0	0	0
0	0	0	0	0
0	0	0	0	0
0	0	0	0	0
0	0	0	0	0
0	0	0	0	0
0	0	0	0	0
0	0	0	0	0
0	0	0	0	0
0	0	0	0	0
0	0	0	0	0
0	0	0	0	0
0	0	0	0	0
0	0	0	0	0
0	0	0	0	0
0	0	0	0	0
0	0	0	0	0
0	0	0	0	0
0	0	0	0	0
0	0	0	0	0
0	0	0	0	0
0	0	0	0	0
0	0	0	0	0
0	0	0	0	0
0	0	0	0	0
0	0	0	0	0
0	0	0	0	0
0	0	0	0	0
0	0	0	0	0
0	0	0	0	0
0	0	0	0	0
0	0	0	0	0
0	0	0	0	0
0	0	0	0	0
0	0	0	0	0
0	0	0	0	0
0	0	0	0	0
0	0	0	0	0
0	0	0	0	0
0	0	0	0	0
0	0	0	0	0
0	0	0	0	0
0	0	0	0	0
0	0	0	0	0
0	0	0	0	0
0	0	0	0	0
0	0	0	0	0
0	0	0	0	0
0	0	0	0	0
0	0	0	0	0
0	0	0	0	0
0	0	0	0	0
0	0	0	0	0
0	0	0	0	0
0	0	0	0	0
0	0	0	0	0
0	0	0	0	0
0	0	0	0	0
0	0	0	0	0
0	0	0	0	0
0	0	0	0	0
0	0	0	0	0
0	0	0	0	0
0	0	0	0	0
0	0	0	0	0
0	0	0	0	0
0	0	0	0	0
0	0	0	0	0
0	0	0	0	0
0	0	0	0	0
0	0	0	0	0
0	0	0	0	0
0	0	0	0	0
0	0	0	0	0
0	0	0	0	0
0	0	0	0	0
0	0	0	0	0
0	0	0	0	0
0	0	0	0	0
0	0	0	0	0
0	0	0	0	0
0	0	0	0	0
0	0	0	0	0
0	0	0	0	0
0	0	0	0	0
0	0	0	0	0
0	0	0	0	0
0	0	0	0	0
0	0	0	0	0
0	0	0	0	0
0	0	0	0	0
0	0	0	0	0
0	0	0	0	0
0	0	0	0	0
0	0	0	0	0
0	0	0	0	0
0	0	0	0	0
0	0	0	0	0
0	0	0	0	0
0	0	0	0	0
0	0	0	0	0
0	0	0	0	0
0	0	0	0	0
0	0	0	0	0
0	0	0	0	0
0	0	0	0	0
0	0	0	0	0
0	0	0	0	0
0	0	0	0	0
0	0	0	0	0
0	0	0	0	0
0	0	0	0	0
0	0	0	0	0
0	0	0	0	0
0	0	0	0	0
0	0	0	0	0
0	0	0	0	0
0	0	0	0	0
0	0	0	0	0
0	0	0	0	0
0	0	0	0	0
0	0	0	0	0
0	0	0	0	0
0	0	0	0	0
0	0	0	0	0
0	0	0	0	0
0	0	0	0	0
0	0	0	0	0
0	0	0	0	0
0	0	0	0	0
0	0	0	0	0
0	0	0	0	0
0	0	0	0	0
0	0	0	0	0
0	0	0	0	0
0	0	0	0	0
0	0	0	0	0
0	0	0	0	0
0	0	0	0	0
0	0	0	0	0
0	0	0	0	0
0	0	0	0	0
0	0	0	0	0
0	0	0	0	0
0	0	0	0	0
0	0	0	0	0
0	0	0	0	0
0	0	0	0	0
0	0	0	0	0
0	0	0	0	0
0	0	0	0	0
0	0	0	0	0
0	0	0	0	0
0	0	0	0	0
0	0	0	0	0
0	0	0	0	0
0	0	0	0	0
0	0	0	0	0
0	0	0	0	0
0	0	0	0	0
0	0	0	0	0
0	0	0	0	0
0	0	0	0	0
0	0	0	0	0
0	0	0	0	0
0	0	0	0	0
0	0	0	0	0
0	0	0	0	0
0	0	0	0	0
0	0	0	0	0
0	0	0	0	0
0	0	0	0	0
0	0	0	0	0
0	0	0	0	0
0	0	0	0	0
0	0	0	0	0
0	0	0	0	0
0	0	0	0	0
0	0	0	0	0
0	0	0	0	0
0	0	0	0	0
0	0	0	0	0
0	0	0	0	0
0	0	0	0	0
0	0	0	0	0
0	0	0	0	0
0	0	0	0	0
0	0	0	0	0
0	0	0	0	0
0	0	0	0	0
0	0	0	0	0
0	0	0	0	0
0	0	0	0	0
0	0	0	0	0
0	0	0	0	0
0	0	0	0	0
0	0	0	0	0
0	0	0	0	0
0	0	0	0	0
0	0	0	0	0
0	0	0	0	0
0	0	0	0	0
0	0	0	0	0
0	0	0	0	0
0	0	0	0	0
0	0	0	0	0
0	0	0	0	0
0	0	0	0	0
0	0	0	0	0
0	0	0	0	0
0	0	0	0	0
0	0	0	0	0
0	0	0	0	0
0	0	0	0	0
0	0	0	0	0
0	0	0	0	0
0	0	0	0	0
0	0	0	0	0
0	0	0	0	0
0	0	0	0	0
0	0	0	0	0
0	0	0	0	0
0	0	0	0	0
0	0	0	0	0
0	0	0	0	0
0	0	0	0	0
0	0	0	0	0
0	0	0	0	0
0	0	0	0	0
0	0	0	0	0
0	0	0	0	0
0	0	0	0	0
0	0	0	0	0
0	0	0	0	0
0	0	0	0	0
0	0	0	0	0
0	0	0	0	0
0	0	0	0	0
0	0	0	0	0
0	0	0	0	0
0	0	0	0	0
0	0	0	0	0
0	0	0	0	0
0	0	0	0	0
0	0	0	0	0
0	0	0	0	0
0	0	0	0	0
0	0	0	0	0
0	0	0	0	0
0	0	0	0	0
0	0	0	0	0
0	0	0	0	0
0	0	0	0	0
0	0	0	0	0
0	0	0	0	0
0	0	0	0	0
0	0	0	0	0
0	0	0	0	0
0	0	0	0	0
0	0	0	0	0
0	0	0	0	0
0	0	0	0	0
0	0	0	0	0
0	0	0	0	0
0	0	0	0	0
0	0	0	0	0
0	0	0	0	0
0	0	0	0	0
0	0	0	0	0
0	0	0	0	0
0	0	0	0	0
0	0	0	0	0
0	0	0	0	0
0	0	0	0	0
0	0	0	0	0
0	0	0	0	0
0	0	0	0	0
0	0	0	0	0
0	0	0	0	0
0	0	0	0	0
0	0	0	0	0
0	0	0	0	0
0	0	0	0	0
0	0	0	0	0
0	0	0	0	0
0	0	0	0	0
0	0	0	0	0
0	0	0	0	0
0	0	0	0	0
0	0	0	0	0
0	0	0	0	0
0	0	0	0	0
0	0	0	0	0
0	0	0	0	0
0	0	0	0	0
0	0	0	0	0
0	0	0	0	0
0	0	0	0	0
0	0	0	0	0
0	0	0	0	0
0	0	0	0	0
0	0	0	0	0
0	0	0	0	0
0	0	0	0	0
0	0	0	0	0
0	0	0	0	0
0	0	0	0	0
0	0	0	0	0
0	0	0	0	0
0	0	0	0	0
0	0	0	0	0
0	0	0	0	0
0	0	0	0	0
0	0	0	0	0
0	0	0	0	0
0	0	0	0	0
0	0	0	0	0
0	0	0	0	0
0	0	0	0	0
0	0	0	0	0
0	0	0	0	0
0	0	0	0	0
0	0	0	0	0
0	0	0	0	0
0	0	0	0	0
0	0	0	0	0
0	0	0	0	0
0	0	0	0	0
0	0	0	0	0
