a2610610.330428
Narit-cm 06/01/2026 10:03:04 06/01/2026 10:33:04 0045 0013.384714 0052.542598 00.0 00.0
0002401 0010 0000000 0010 05 0000000 0010 0000000 0010
1 0 1 01600 1 0000 3.75 00000.o 0 0 01 000 16 002401 0.500 BT0
1 2 1 02000 1 0000 3.75 00000.o 0 0 01 000 16 002401 0.500 S2A0
1 1 1 01600 1 0000 3.75 00000.o 0 0 00 000 00 002401 3.1746 BC0
1 3 1 02000 1 0000 3.75 00000.o 0 0 00 000 00 002401 3.1746 S2P0
1 5 0 01600 0 0000 1.00 00000.o 0 0 00 000 00 000000 0.000 OF0
0.000 .o Analog 0 	0.000 .o Analog StErr 0 	0.000 .o Photon Counting 0 	0.000 .o PC StErr 0 	0.000 .o Overflow Info 0 
32.7265	0.141055	174.277	0.844042	0
61.9059	0.265363	181.674	0.83248	0
182.387	1.4476	99.6418	1.27558	0
441.093	1.07839	1.21616	0.15711	1
473.705	0.0431424	11.6451	0.484593	1
473.457	1.79669E-5	114.569	1.22457	0
473.457	0	110.354	1.20383	0
473.457	6.3565E-6	19.3086	0.633882	0
473.457	0	7.197	0.354348	0
473.457	0	19.7085	0.553626	0
473.457	0	52.5781	0.843702	0
473.457	0	101.741	0.981428	0
473.457	0	129.096	0.955583	0
473.457	0	105.04	0.932799	0
473.457	0	84.8313	0.862405	0
473.457	6.3565E-6	85.9475	0.882129	0
473.584	0.033596	92.3948	0.905254	1
474.145	0.0849711	102.691	0.88621	1
474.242	0.0917812	109.254	0.883149	1
474.242	0.0917812	119.817	0.929058	1
474.249	0.0918238	135.327	0.900493	1
482.54	0.242028	157.234	0.903553	1
494.178	0.215649	172.561	0.905254	1
499.715	0.0494474	182.041	0.88859	1
498.839	0.147938	186.855	0.894372	1
497.816	0.261783	188.671	0.877368	1
496.909	0.365122	189.171	0.868186	1
495.438	0.459424	188.155	0.857304	1
483.075	0.581443	187.305	0.88791	1
459.739	0.74084	188.638	0.88621	1
431.222	0.762478	187.688	0.848123	1
403.405	0.732614	186.139	0.851863	0
376.869	0.71	186.006	0.854244	0
352.416	0.683981	185.256	0.857644	0
329.398	0.663681	184.89	0.860365	0
307.389	0.641667	185.523	0.883829	0
287.134	0.622193	181.908	0.840301	0
268.017	0.605508	182.974	0.863426	0
249.839	0.589115	182.874	0.843362	0
232.921	0.575836	181.691	0.873628	0
216.726	0.564838	181.891	0.851183	0
201.182	0.5564	180.458	0.845402	0
186.424	0.548987	180.242	0.844042	0
172.171	0.543054	180.358	0.857644	0
158.356	0.536168	178.726	0.828059	0
145.171	0.529728	179.159	0.845062	0
132.538	0.525154	179.142	0.874308	0
120.277	0.516488	179.259	0.840641	0
108.419	0.504665	179.125	0.874988	0
97.0287	0.492269	179.425	0.823638	0
86.2647	0.474005	178.892	0.83452	0
76.3107	0.450077	177.293	0.829759	0
67.258	0.42163	178.276	0.825678	0
59.0986	0.383039	177.709	0.848463	0
51.9269	0.339337	177.993	0.845062	0
45.8542	0.294167	176.993	0.859345	0
40.8124	0.246525	175.227	0.838601	0
36.6291	0.202878	175.893	0.857985	0
33.2721	0.167169	174.111	0.840981	0
30.6653	0.135174	173.511	0.816837	0
28.5892	0.109884	173.861	0.853904	0
26.9209	0.0918269	172.345	0.864446	0
25.5891	0.0770943	171.562	0.83418	0
24.5259	0.0647868	171.579	0.819897	0
23.7007	0.0562651	170.679	0.839961	0
23.0201	0.0496978	168.48	0.837581	0
22.4373	0.0464386	167.93	0.830779	0
21.948	0.0427095	166.98	0.83486	0
21.5273	0.0397625	166.98	0.83452	0
21.1646	0.0384249	164.748	0.828399	0
20.8331	0.0363525	165.481	0.842342	0
20.5431	0.0341909	164.348	0.842682	0
20.304	0.0339428	163.549	0.820237	0
20.1232	0.0330993	164.148	0.83452	0
19.9281	0.0327497	164.715	0.838601	0
19.7064	0.0315728	163.149	0.846422	0
19.5097	0.030695	162.316	0.83316	0
19.3474	0.0306601	162.149	0.821257	0
19.2054	0.030609	161.233	0.817857	0
19.0952	0.0299303	161.783	0.817857	0
18.9642	0.0292757	161.016	0.850163	0
18.8146	0.0288736	158.334	0.829759	0
18.752	0.0294832	160.783	0.83554	0
18.6648	0.0287301	161.866	0.816497	0
18.4775	0.0281976	159.7	0.857985	0
18.3693	0.0271427	161.583	0.849143	0
18.3022	0.0282383	159.5	0.83554	0
18.1831	0.0280664	160.533	0.838941	0
18.0809	0.0277458	160.766	0.805274	0
17.9939	0.0268774	160.75	0.819217	0
17.9485	0.0265383	159.234	0.814456	0
17.9274	0.0271526	159.617	0.845742	0
17.8409	0.0266493	159.267	0.804254	0
17.7635	0.0267314	159.717	0.814796	0
17.71	0.0267161	158.317	0.840301	0
17.5985	0.0265172	158.667	0.825678	0
17.5141	0.0255826	159.434	0.831119	0
17.4987	0.0262108	158.034	0.826358	0
17.4229	0.0266611	158.284	0.8352	0
17.3428	0.0259637	156.285	0.823638	0
17.2971	0.0260089	158.501	0.826358	0
17.2525	0.0249726	159.384	0.840981	0
17.2249	0.0255517	158.001	0.804254	0
17.1678	0.025296	158.251	0.848123	0
17.0941	0.0258247	158.451	0.823978	0
17.1098	0.0253499	159.15	0.850503	0
17.11	0.025071	158.117	0.806635	0
17.044	0.0259268	157.668	0.839621	0
16.9949	0.0255478	158.084	0.847783	0
16.9711	0.0250082	158.917	0.841321	0
16.9129	0.0254566	157.284	0.838601	0
16.8362	0.0252236	155.785	0.830439	0
16.8002	0.0249036	157.001	0.820917	0
16.8056	0.0241285	157.484	0.825338	0
16.7778	0.0245508	158.401	0.816497	0
16.7088	0.0249932	157.501	0.859005	0
16.6952	0.0245262	157.751	0.814116	0
16.6764	0.0242612	157.501	0.820237	0
16.6046	0.0246306	157.618	0.817857	0
16.5864	0.0249237	157.384	0.820917	0
16.5857	0.0245899	158.051	0.827039	0
16.5173	0.0247756	156.835	0.839621	0
16.4563	0.0244033	156.951	0.813436	0
16.4039	0.0243282	155.902	0.839621	0
16.3348	0.024821	155.152	0.83656	0
16.3274	0.0250307	157.534	0.821257	0
16.2993	0.0246724	156.118	0.815816	0
16.2361	0.0243097	157.085	0.830099	0
16.2201	0.0244313	156.385	0.828399	0
16.1594	0.0245059	155.985	0.830099	0
16.1489	0.0247404	154.652	0.826358	0
16.1356	0.0240723	156.268	0.816497	0
16.0475	0.0243468	157.368	0.829759	0
16.0238	0.0243433	155.519	0.825338	0
16.0175	0.0242633	156.202	0.858665	0
15.9555	0.0243016	156.485	0.839621	0
15.8768	0.0239322	154.669	0.826358	0
15.8293	0.0234189	156.002	0.828059	0
15.7965	0.0244899	154.186	0.804934	0
15.7185	0.0240191	154.802	0.823638	0
15.6549	0.0243736	153.303	0.814796	0
15.6575	0.0247369	155.618	0.822278	0
15.6201	0.0246997	153.853	0.813096	0
15.5661	0.0244269	156.185	0.837921	0
15.5551	0.0242053	154.902	0.810375	0
15.4855	0.0238473	153.636	0.841321	0
15.4379	0.0239856	153.186	0.843702	0
15.4426	0.0241229	154.652	0.815136	0
15.3851	0.0244873	155.169	0.827719	0
15.3653	0.0254177	156.318	0.83282	0
15.3625	0.0244358	154.869	0.831119	0
15.2821	0.0245454	153.769	0.818877	0
15.2361	0.0250942	155.569	0.837241	0
15.2221	0.0245565	153.836	0.823298	0
15.1442	0.0242859	154.436	0.8352	0
15.0861	0.0247249	153.936	0.845742	0
15.0655	0.0248157	153.903	0.821938	0
15.0247	0.0249924	154.019	0.810375	0
14.9696	0.0245066	152.57	0.8335	0
14.9416	0.0246916	152.886	0.837921	0
14.9069	0.0245199	153.819	0.83656	0
14.8598	0.0241017	152.153	0.827039	0
14.8368	0.0244489	154.219	0.821598	0
14.8138	0.0248679	151.937	0.843022	0
14.765	0.0244994	152.87	0.830099	0
14.7112	0.0242443	152.087	0.827719	0
14.6968	0.0246422	152.67	0.816497	0
14.7108	0.0244596	152.503	0.827719	0
14.6568	0.0251852	152.287	0.838261	0
14.5531	0.0242566	153.519	0.83384	0
14.5355	0.0237525	151.97	0.809355	0
14.5447	0.0240666	151.737	0.839961	0
14.4857	0.0240888	152.92	0.8352	0
14.4562	0.0243201	150.521	0.819897	0
14.4548	0.0241345	152.703	0.841321	0
14.3853	0.0239494	149.654	0.83554	0
14.3442	0.0241976	152.153	0.823978	0
14.3802	0.0242613	150.804	0.826358	0
14.3396	0.024276	150.887	0.818537	0
14.2597	0.0229525	150.404	0.817177	0
14.2059	0.0238192	150.404	0.838941	0
14.1502	0.0243542	151.37	0.819217	0
14.1384	0.0238866	150.004	0.823298	0
14.1385	0.0240795	149.688	0.83588	0
14.0858	0.0233613	150.221	0.837921	0
14.0499	0.0229696	150.987	0.83656	0
14.0358	0.0234789	150.704	0.854584	0
13.9904	0.0240358	150.554	0.825338	0
13.9725	0.0241063	149.738	0.839961	0
13.9666	0.0241798	150.004	0.841661	0
13.9296	0.0234508	151.454	0.808335	0
13.8917	0.024086	149.338	0.83588	0
13.8462	0.0234113	150.121	0.83214	0
13.8277	0.0227882	148.238	0.800173	0
13.852	0.0230486	149.554	0.820237	0
13.8132	0.0230956	149.471	0.822278	0
13.7522	0.0230368	150.437	0.825338	0
13.7574	0.0234126	149.454	0.817857	0
13.7278	0.0228305	149.238	0.809695	0
13.6706	0.0230999	149.654	0.807995	0
13.6764	0.0230035	149.921	0.826018	0
13.6929	0.0227791	149.438	0.822958	0
13.6618	0.0229823	149.005	0.829079	0
13.598	0.0221411	149.588	0.818877	0
13.5804	0.0223754	149.071	0.796093	0
13.5807	0.0222136	148.555	0.829079	0
13.5338	0.0220981	147.289	0.806635	0
13.5169	0.0221193	148.988	0.827719	0
13.5246	0.0222875	148.305	0.830779	0
13.5021	0.0229884	149.354	0.819217	0
13.5127	0.0221361	150.054	0.822618	0
13.489	0.0225401	147.905	0.83452	0
13.4279	0.0225198	149.105	0.830099	0
13.4323	0.0222429	148.022	0.830439	0
13.4219	0.0220772	148.138	0.802554	0
13.379	0.0215209	149.588	0.850843	0
13.3772	0.0221086	149.288	0.827379	0
13.3692	0.0219307	147.872	0.821938	0
13.3495	0.0223347	147.822	0.809015	0
13.343	0.021635	146.939	0.837921	0
13.3109	0.0223344	148.305	0.807655	0
13.2663	0.0217986	148.538	0.829759	0
13.2515	0.0212809	148.072	0.804594	0
13.252	0.0222819	147.572	0.822278	0
13.2538	0.0221842	148.338	0.827719	0
13.2464	0.0214121	147.272	0.842001	0
13.2305	0.0212607	148.705	0.819557	0
13.2039	0.0216586	146.955	0.809695	0
13.1844	0.0216407	148.088	0.822278	0
13.1887	0.0215437	148.488	0.820917	0
13.1848	0.021409	146.855	0.83656	0
13.165	0.0212702	149.988	0.823978	0
13.1532	0.0208535	147.788	0.816497	0
13.1159	0.0209087	147.638	0.820577	0
13.09	0.0210911	147.972	0.830439	0
13.1032	0.0214171	147.589	0.809695	0
13.0771	0.0212628	146.922	0.813776	0
13.0385	0.0213849	147.372	0.812416	0
13.0216	0.021272	146.706	0.827039	0
13.0117	0.0214252	149.538	0.825338	0
12.9979	0.0207184	146.022	0.804934	0
12.9725	0.0206187	147.222	0.828739	0
12.9642	0.0203164	146.556	0.83418	0
12.9534	0.0204036	147.205	0.819897	0
12.9407	0.0198525	146.972	0.843362	0
12.9282	0.0206158	147.305	0.815476	0
12.9142	0.0204692	146.905	0.806635	0
12.9049	0.0203088	147.255	0.83248	0
12.8905	0.020455	146.222	0.829759	0
12.8724	0.0205864	146.422	0.816157	0
12.8649	0.0197901	146.822	0.792692	0
12.8703	0.0198519	147.505	0.820237	0
12.8655	0.0206815	146.506	0.837921	0
12.8501	0.0203424	146.506	0.811736	0
12.8565	0.0204723	147.638	0.809355	0
12.8369	0.0207263	146.072	0.83656	0
12.7929	0.0201692	146.189	0.828739	0
12.8002	0.0198023	145.823	0.802894	0
12.7923	0.0205411	145.689	0.790652	0
12.7356	0.0200723	145.573	0.83248	0
12.7133	0.0201942	146.056	0.839621	0
12.7592	0.0200699	146.456	0.838261	0
12.7498	0.0203751	146.256	0.824318	0
12.706	0.0204656	145.14	0.805955	0
12.7278	0.0201913	146.339	0.852203	0
12.7399	0.0202092	146.289	0.815816	0
12.6972	0.0198579	145.273	0.818537	0
12.6896	0.0203497	145.973	0.801534	0
12.705	0.0203701	145.856	0.811736	0
12.69	0.0200685	147.372	0.839281	0
12.693	0.0202996	146.606	0.806635	0
12.7044	0.020232	146.256	0.816157	0
12.6894	0.0194999	145.723	0.818537	0
12.6784	0.0199642	145.989	0.810035	0
12.6781	0.019729	146.905	0.822618	0
12.6674	0.0198556	147.422	0.830439	0
12.6642	0.0195566	147.005	0.802214	0
12.6365	0.0196426	145.09	0.820237	0
12.6148	0.0194118	147.255	0.803234	0
12.6416	0.0198441	145.173	0.817517	0
12.6567	0.0197946	146.172	0.818197	0
12.6361	0.0201178	145.639	0.83554	0
12.6198	0.0197936	147.405	0.815476	0
12.6267	0.0194861	144.573	0.819897	0
12.6287	0.0195392	145.156	0.811736	0
12.6043	0.0195426	144.956	0.812076	0
12.604	0.0194482	144.073	0.825678	0
12.6181	0.0195228	144.84	0.828739	0
12.6144	0.0195965	146.772	0.847443	0
12.6253	0.0195311	145.789	0.810715	0
12.614	0.0196542	145.289	0.821938	0
12.5723	0.0194087	144.956	0.794052	0
12.5843	0.0197245	145.423	0.828739	0
12.6274	0.019365	144.656	0.825338	0
12.6032	0.0195517	145.806	0.815476	0
12.5674	0.0196836	145.773	0.809015	0
12.5698	0.0194735	146.289	0.821257	0
12.5478	0.0195954	146.639	0.817177	0
12.554	0.0195813	145.256	0.83622	0
12.5857	0.0201021	145.806	0.802554	0
12.566	0.019756	144.99	0.829419	0
12.5521	0.0194557	146.156	0.815476	0
12.5621	0.0197398	145.673	0.820237	0
12.5684	0.0194403	145.356	0.811396	0
12.5712	0.0196419	147.005	0.830099	0
12.5329	0.0192279	144.023	0.822958	0
12.5112	0.0192439	145.973	0.823298	0
12.5719	0.0193834	146.056	0.810035	0
12.5518	0.0194711	143.657	0.803914	0
12.4957	0.0193161	146.056	0.821938	0
12.4892	0.0194191	145.573	0.838261	0
12.4917	0.0191018	145.873	0.825338	0
12.5134	0.0193512	144.923	0.816837	0
12.5097	0.0191372	146.089	0.819897	0
12.4826	0.0192978	145.373	0.817177	0
12.4576	0.0196657	144.157	0.816837	0
12.4484	0.0197873	143.59	0.816157	0
12.4801	0.0192276	143.157	0.828399	0
12.5064	0.0195221	145.873	0.817177	0
12.4898	0.0190798	146.039	0.819217	0
12.4755	0.0194912	144.706	0.830439	0
12.4681	0.0194195	145.339	0.840981	0
12.4425	0.0191315	144.606	0.838601	0
12.4209	0.0192826	144.64	0.830779	0
12.4481	0.0195269	144.556	0.83248	0
12.4746	0.0191997	146.222	0.815476	0
12.4498	0.0192127	144.057	0.83214	0
12.4121	0.0191045	145.256	0.818197	0
12.4132	0.0193049	144.673	0.828399	0
12.4282	0.0196864	145.506	0.815816	0
12.4339	0.0193978	144.606	0.815476	0
12.4201	0.0187669	145.756	0.818877	0
12.4118	0.0190274	144.656	0.826699	0
12.4266	0.0191946	145.706	0.816157	0
12.4008	0.0191033	144.923	0.825338	0
12.3702	0.0195351	145.09	0.819897	0
12.3854	0.0196616	145.156	0.800173	0
12.3783	0.0195351	145.989	0.821598	0
12.3739	0.0192703	145.073	0.827039	0
12.3976	0.019614	145.823	0.819217	0
12.4026	0.0192168	144.34	0.821598	0
12.3837	0.0189293	145.306	0.821598	0
12.3757	0.0187789	144.64	0.83248	0
12.397	0.0193444	145.856	0.817857	0
12.4032	0.0194358	144.456	0.820237	0
12.363	0.0191376	144.207	0.802894	0
12.3713	0.0192036	144.54	0.803914	0
12.4138	0.0191121	144.906	0.823638	0
12.4139	0.0191235	145.423	0.831119	0
12.3887	0.0193146	145.839	0.830779	0
12.388	0.019206	144.373	0.824998	0
12.3753	0.0190687	143.723	0.846422	0
12.3423	0.0189837	146.372	0.830779	0
12.3631	0.0192124	145.04	0.797453	0
12.3624	0.0192024	144.906	0.824318	0
12.3614	0.0194011	144.94	0.807655	0
12.3731	0.0196246	143.34	0.820917	0
12.3375	0.01939	145.223	0.842342	0
12.333	0.0190525	144.19	0.825338	0
12.3749	0.019218	143.807	0.802894	0
12.3741	0.0187764	144.523	0.830099	0
12.3781	0.0193892	145.489	0.809695	0
12.3817	0.0193015	142.907	0.810035	0
12.3713	0.0193604	146.822	0.821257	0
12.3662	0.0187582	145.356	0.830439	0
12.3657	0.0190803	144.023	0.839281	0
12.3486	0.0183637	146.472	0.8335	0
12.3525	0.0190184	145.289	0.808335	0
12.3782	0.0191091	143.89	0.810035	0
12.356	0.0191317	143.94	0.814116	0
12.3239	0.0189832	144.606	0.822278	0
12.3188	0.0190914	145.156	0.822618	0
12.3217	0.0192332	144.54	0.837241	0
12.3434	0.01896	144.473	0.815136	0
12.3637	0.0194515	145.023	0.847102	0
12.3623	0.0189762	145.273	0.815136	0
12.3385	0.0192221	145.389	0.830439	0
12.3364	0.0189779	144.656	0.823978	0
12.3307	0.0192406	143.89	0.825338	0
12.3203	0.0190801	144.54	0.811736	0
12.3166	0.0190069	144.49	0.842342	0
12.3021	0.019559	144.273	0.821257	0
12.3315	0.0192354	145.556	0.812076	0
12.326	0.018679	144.39	0.825338	0
12.2752	0.0189718	144.456	0.815476	0
12.3388	0.0191549	146.756	0.803234	0
12.3848	0.0192633	144.007	0.811736	0
12.292	0.019187	143.524	0.8352	0
12.3037	0.01892	144.107	0.820577	0
12.3557	0.0192086	143.94	0.798813	0
12.3052	0.0187142	145.906	0.822278	0
12.3047	0.0191811	144.69	0.812076	0
12.3321	0.0193765	144.357	0.816497	0
12.3199	0.0185007	145.339	0.814796	0
12.3035	0.0193306	144.456	0.816497	0
12.3028	0.0186604	144.89	0.811056	0
12.2918	0.0184198	144.956	0.815816	0
12.2829	0.01866	144.956	0.83214	0
12.3005	0.0188598	145.889	0.842682	0
12.3131	0.019097	145.156	0.819897	0
12.3058	0.0194824	143.557	0.828739	0
12.2836	0.0184649	146.039	0.792012	0
12.2908	0.0189718	143.773	0.823638	0
12.3168	0.0188483	144.456	0.823978	0
12.3058	0.0191536	145.273	0.827379	0
12.2864	0.0190458	144.423	0.829419	0
12.2896	0.0188932	144.24	0.827719	0
12.287	0.0190348	144.556	0.810715	0
12.253	0.0187612	144.107	0.827379	0
12.2506	0.0189045	144.556	0.824658	0
12.3083	0.019254	144.007	0.821257	0
12.2972	0.0188767	145.789	0.822618	0
12.2657	0.0188396	144.69	0.808335	0
12.2843	0.0188077	142.157	0.820237	0
12.2777	0.0189341	144.473	0.795753	0
12.275	0.0191246	145.156	0.8352	0
12.3248	0.019516	144.706	0.827379	0
12.3156	0.0190116	144.39	0.824658	0
12.2763	0.0188631	144.573	0.815476	0
12.2864	0.019013	146.006	0.829419	0
12.3008	0.0186298	145.073	0.813436	0
12.2883	0.0194562	144.323	0.849143	0
12.3053	0.0197986	146.306	0.830779	0
12.3181	0.0190719	144.273	0.825678	0
12.267	0.0183138	144.207	0.812416	0
12.2701	0.0188252	143.357	0.837921	0
12.2858	0.0191539	144.923	0.805955	0
12.2503	0.0190869	142.507	0.819217	0
12.2431	0.0189183	143.64	0.817517	0
12.2736	0.0187654	145.773	0.813436	0
12.2725	0.0189578	143.99	0.823978	0
12.2515	0.0189832	145.389	0.807995	0
12.264	0.0186735	143.207	0.827379	0
12.2707	0.0192825	144.573	0.828739	0
12.2769	0.0190543	143.673	0.824658	0
12.2779	0.019134	145.656	0.809695	0
12.2732	0.0190828	145.323	0.827379	0
12.2955	0.019521	144.123	0.811396	0
12.2623	0.019166	144.123	0.805614	0
12.238	0.0192553	144.19	0.808335	0
12.2926	0.0191121	144.606	0.815476	0
12.2962	0.0189334	145.173	0.807995	0
12.2471	0.018922	146.239	0.806635	0
12.2668	0.0192328	144.09	0.851523	0
12.3059	0.0193735	144.806	0.816157	0
12.2733	0.0192148	143.84	0.830779	0
12.2461	0.0196615	144.606	0.818537	0
12.2616	0.0192222	144.723	0.816157	0
12.2494	0.0190496	144.273	0.827719	0
12.2414	0.0189375	143.94	0.813776	0
12.2503	0.0192529	144.007	0.811736	0
12.24	0.0190872	145.09	0.831119	0
12.2457	0.0189835	146.122	0.826699	0
12.2704	0.0186491	144.673	0.842342	0
12.286	0.0191193	144.473	0.807655	0
12.2886	0.0190504	143.99	0.822618	0
12.2765	0.0189434	145.456	0.812416	0
12.2614	0.0190125	143.907	0.812416	0
12.2814	0.018886	145.289	0.810715	0
12.2845	0.0186868	143.84	0.827379	0
12.2453	0.0187313	143.274	0.814796	0
12.2691	0.0192907	145.273	0.830779	0
12.2651	0.0194565	142.807	0.820237	0
12.2105	0.0193997	145.423	0.824318	0
12.2462	0.0193207	144.257	0.83282	0
12.2802	0.0187859	146.589	0.819217	0
12.2476	0.018995	144.157	0.83214	0
12.2413	0.0189742	143.873	0.829759	0
12.2493	0.0191824	144.94	0.813776	0
12.2354	0.0186257	145.923	0.826358	0
12.2559	0.0189567	144.373	0.819217	0
12.2638	0.0192908	145.14	0.826699	0
12.2481	0.0194155	144.19	0.848463	0
12.2564	0.0194953	144.856	0.843022	0
12.2576	0.0192645	145.689	0.843022	0
12.2409	0.0192666	144.69	0.818537	0
12.2313	0.0192149	145.223	0.799833	0
12.2329	0.0186317	145.14	0.808675	0
12.2334	0.0189759	143.64	0.824658	0
12.2317	0.0190907	144.24	0.815476	0
12.2368	0.0188765	144.606	0.811736	0
12.2355	0.0188324	145.023	0.829419	0
12.2379	0.019314	144.656	0.823298	0
12.2698	0.0194211	146.456	0.804254	0
12.2739	0.0187364	143.49	0.811396	0
12.2387	0.0191564	145.406	0.827719	0
12.237	0.0186603	144.073	0.828739	0
12.2408	0.0189326	143.357	0.815136	0
12.2422	0.0190732	146.489	0.827039	0
12.2558	0.0190416	144.923	0.825338	0
12.2545	0.0192317	143.69	0.807995	0
12.2382	0.0194752	143.007	0.818537	0
12.2202	0.0185199	143.99	0.830439	0
12.2463	0.0191023	145.789	0.823638	0
12.2431	0.0192551	142.84	0.795753	0
12.2124	0.0194614	144.59	0.816157	0
12.236	0.0188787	143.757	0.814116	0
12.2406	0.01951	144.157	0.83554	0
12.2164	0.0194398	143.207	0.827719	0
12.2334	0.0191459	143.807	0.815136	0
12.2571	0.0186473	142.607	0.807655	0
12.2161	0.0187855	146.756	0.792012	0
12.1958	0.0189018	143.99	0.829419	0
12.2052	0.0185641	144.24	0.810715	0
12.1904	0.0187427	145.023	0.826358	0
12.1925	0.0189954	143.307	0.809015	0
12.1929	0.019142	145.439	0.813436	0
12.192	0.0188814	144.24	0.819557	0
12.2125	0.0184752	143.107	0.803914	0
12.2416	0.0187296	143.124	0.812076	0
12.2169	0.0191597	144.307	0.820237	0
12.1935	0.0188911	143.424	0.801194	0
12.2259	0.019085	144.423	0.822958	0
12.2001	0.0191016	143.14	0.809695	0
12.1926	0.0194575	144.023	0.804254	0
12.2224	0.019137	144.257	0.830779	0
12.1908	0.0187234	144.173	0.821598	0
12.1855	0.0190367	144.506	0.83282	0
12.1986	0.0192212	144.59	0.825678	0
12.1776	0.0188328	144.54	0.820237	0
12.1869	0.0195069	142.657	0.812416	0
12.1878	0.0192692	144.207	0.831119	0
12.1826	0.0190629	144.223	0.810375	0
12.1843	0.0193504	143.857	0.806975	0
12.1867	0.0186252	144.44	0.814796	0
12.1895	0.0187866	143.657	0.83418	0
12.1643	0.0186204	142.824	0.830439	0
12.1463	0.0188631	143.507	0.817517	0
12.1718	0.0190837	145.623	0.831119	0
12.1677	0.0184272	143.24	0.811396	0
12.1631	0.0186903	144.806	0.843702	0
12.1823	0.0187909	145.506	0.826018	0
12.1791	0.01904	143.773	0.83486	0
12.1898	0.0192941	143.773	0.831459	0
12.2038	0.0195245	145.473	0.821598	0
12.1968	0.0192731	144.323	0.804934	0
12.1983	0.0186033	143.723	0.837921	0
12.1793	0.0190387	145.506	0.817517	0
12.1654	0.0189095	144.423	0.828059	0
12.1764	0.0192399	143.69	0.8318	0
12.1817	0.0187032	145.239	0.818537	0
12.1962	0.0193864	141.641	0.823638	0
12.165	0.0187198	143.99	0.825338	0
12.1437	0.0188014	143.207	0.814116	0
12.1888	0.0190387	144.64	0.838601	0
12.1717	0.0186865	143.79	0.8369	0
12.1358	0.0190577	144.606	0.817857	0
12.1561	0.0187217	144.69	0.819897	0
12.1572	0.0188291	143.74	0.816497	0
12.1559	0.0193311	143.907	0.830779	0
12.1702	0.0187063	144.007	0.816837	0
12.1839	0.0192167	143.474	0.825678	0
12.1544	0.0192446	143.04	0.807995	0
12.1326	0.018811	142.241	0.806975	0
12.1813	0.0185339	143.807	0.830439	0
12.2044	0.0193341	145.389	0.83452	0
12.18	0.0190818	144.756	0.823638	0
12.1801	0.018845	145.023	0.825678	0
12.1776	0.0192246	143.024	0.8335	0
12.149	0.0186233	144.373	0.820237	0
12.1453	0.0192743	145.056	0.814116	0
12.1646	0.0187767	142.541	0.815136	0
12.1577	0.0187985	145.489	0.817517	0
12.1552	0.0190975	143.873	0.829759	0
12.1654	0.0189021	145.239	0.821938	0
12.1511	0.0185398	143.157	0.838601	0
12.1416	0.0190761	143.84	0.813096	0
12.1819	0.0190701	146.006	0.823298	0
12.1861	0.0185879	143.274	0.822618	0
12.1488	0.0186986	143.673	0.830439	0
12.1496	0.0182127	144.357	0.817857	0
12.143	0.0191881	143.757	0.821938	0
12.1291	0.0191265	144.373	0.815476	0
12.1642	0.0189159	144.423	0.822278	0
12.1877	0.0196712	142.357	0.823638	0
12.1637	0.0190944	144.623	0.837581	0
12.1476	0.0188442	143.44	0.811396	0
12.1653	0.0188464	143.54	0.83316	0
12.1548	0.0183498	145.406	0.821598	0
12.1215	0.0184843	144.057	0.828739	0
12.1455	0.0190957	145.056	0.840301	0
12.1466	0.0186217	143.49	0.821257	0
12.1294	0.0188098	143.873	0.838941	0
12.159	0.0189196	144.423	0.816837	0
12.1574	0.0185524	144.406	0.813436	0
12.1704	0.0189207	144.44	0.826699	0
12.1894	0.0189631	143.69	0.849823	0
12.1411	0.018922	143.107	0.785211	0
12.1539	0.0185324	143.59	0.831119	0
12.1811	0.0184934	143.69	0.805955	0
12.1546	0.0189196	144.14	0.822278	0
12.1372	0.0192777	143.057	0.840641	0
12.1531	0.0194155	144.057	0.804254	0
12.1974	0.0188258	143.923	0.827719	0
12.1947	0.0190489	144.856	0.840981	0
12.1522	0.0188282	144.09	0.838261	0
12.1478	0.0190536	143.374	0.815136	0
12.1662	0.0193062	145.14	0.83418	0
12.1532	0.0189208	144.107	0.821598	0
12.1615	0.0190111	143.39	0.808675	0
12.1778	0.0189077	144.706	0.814796	0
12.1706	0.0187409	144.323	0.796773	0
12.1873	0.0187419	144.357	0.824658	0
12.1777	0.0188702	144.556	0.806975	0
12.1588	0.0186491	143.923	0.83656	0
12.162	0.0194902	143.574	0.829419	0
12.1492	0.0188225	143.707	0.813776	0
12.144	0.0187257	144.64	0.824318	0
12.1421	0.018831	145.839	0.842682	0
12.1245	0.019005	144.073	0.831459	0
12.1572	0.019195	144.573	0.810715	0
12.1722	0.0185648	143.857	0.819557	0
12.1439	0.0195121	144.19	0.829079	0
12.1642	0.0194728	143.973	0.845402	0
12.1879	0.0196897	145.673	0.815136	0
12.1345	0.0191355	143.823	0.826358	0
12.1179	0.018571	144.34	0.843362	0
12.1662	0.0185516	143.54	0.830779	0
12.1703	0.0186593	143.89	0.821257	0
12.1508	0.0191261	144.257	0.817517	0
12.1502	0.0190329	143.957	0.821257	0
12.1438	0.0186406	145.306	0.810715	0
12.1187	0.0191769	143.673	0.8352	0
12.1167	0.0192118	142.974	0.83384	0
12.1492	0.019374	144.323	0.802554	0
12.1565	0.0185408	145.573	0.813776	0
12.1501	0.0186875	144.257	0.828399	0
12.1508	0.0183828	143.673	0.817517	0
12.158	0.0189127	145.19	0.823638	0
12.174	0.0189908	145.239	0.844042	0
12.1651	0.0186539	143.307	0.824318	0
12.1243	0.0185166	144.44	0.820577	0
12.1262	0.0186458	144.057	0.822618	0
12.1644	0.0188385	143.673	0.822958	0
12.1855	0.0192779	143.857	0.819217	0
12.1712	0.0191434	144.656	0.825338	0
12.1378	0.0190727	144.573	0.840301	0
12.1202	0.0192535	143.407	0.818877	0
12.145	0.01912	143.69	0.827719	0
12.168	0.0190431	143.574	0.83622	0
12.1506	0.0184909	144.556	0.826358	0
12.159	0.018981	144.756	0.829419	0
12.1542	0.0190495	143.49	0.798133	0
12.138	0.0192739	144.257	0.83248	0
12.1707	0.0189664	142.691	0.827379	0
12.1616	0.0191095	144.39	0.813776	0
12.1286	0.0191974	144.856	0.822958	0
12.1393	0.0188415	142.591	0.815136	0
12.1403	0.0193126	143.14	0.83418	0
12.1106	0.0191848	142.774	0.822618	0
12.1507	0.0193458	143.207	0.802894	0
12.1942	0.0191057	145.289	0.83418	0
12.1782	0.0184804	144.473	0.837581	0
12.1431	0.0187368	144.74	0.8318	0
12.1268	0.0184342	143.623	0.819557	0
12.1659	0.0190103	142.874	0.83248	0
12.16	0.0188717	143.973	0.837581	0
12.1323	0.0188472	142.857	0.814796	0
12.136	0.0184511	143.04	0.812756	0
12.1382	0.0188446	144.34	0.814116	0
12.1496	0.0189576	143.057	0.824318	0
12.1483	0.019127	145.073	0.820917	0
12.1231	0.0191195	143.19	0.815476	0
12.1071	0.0188109	144.223	0.810715	0
12.1129	0.0181171	144.123	0.844042	0
12.1379	0.018512	143.024	0.823298	0
12.1408	0.0187922	145.406	0.824658	0
12.1315	0.0186228	143.857	0.83554	0
12.1498	0.0190607	143.074	0.806975	0
12.1562	0.01913	143.757	0.810035	0
12.1274	0.0192924	143.557	0.821598	0
12.1181	0.0190362	142.624	0.823978	0
12.1146	0.0192628	144.523	0.843702	0
12.1055	0.0192168	143.157	0.828399	0
12.1385	0.0193583	144.057	0.842342	0
12.1579	0.0186936	142.807	0.804594	0
12.1316	0.0188648	143.274	0.812416	0
12.1257	0.0190676	144.29	0.83588	0
12.1538	0.01913	142.857	0.817177	0
12.1279	0.0190101	143.757	0.820237	0
12.1064	0.0188247	143.224	0.816497	0
12.1271	0.0185576	144.323	0.831119	0
12.1191	0.0190265	145.356	0.824318	0
12.125	0.0191688	143.507	0.820577	0
12.1341	0.0186798	144.357	0.829079	0
12.134	0.0186708	145.339	0.816837	0
12.1362	0.019241	143.957	0.799833	0
12.132	0.0191582	143.823	0.821257	0
12.138	0.0189472	145.489	0.817517	0
12.1354	0.0189431	144.623	0.808675	0
12.1249	0.0183233	143.157	0.822278	0
12.1188	0.0193903	142.407	0.83588	0
12.1288	0.0193364	144.606	0.828739	0
12.1399	0.0191728	145.006	0.816497	0
12.1563	0.0185611	143.207	0.808335	0
12.1591	0.0184491	143.34	0.820237	0
12.1247	0.0187108	144.556	0.819217	0
12.1228	0.0187294	144.207	0.802894	0
12.1558	0.019126	144.773	0.828399	0
12.1266	0.0190338	144.39	0.83588	0
12.12	0.0184898	145.356	0.827379	0
12.1508	0.01896	141.691	0.813436	0
12.1283	0.0190974	142.524	0.809015	0
12.1023	0.0184775	143.257	0.818537	0
12.1382	0.0191761	144.973	0.820237	0
12.1766	0.0192546	145.923	0.829759	0
12.15	0.0191796	143.157	0.815476	0
12.1019	0.0190783	142.791	0.827719	0
12.1074	0.0189963	144.057	0.811736	0
12.1146	0.018545	143.923	0.825338	0
12.1088	0.0191536	144.523	0.820577	0
12.131	0.0191446	144.257	0.819217	0
12.148	0.0194573	143.324	0.821938	0
12.1357	0.0193766	143.024	0.825678	0
12.1498	0.0189714	145.839	0.843702	0
12.1755	0.0188551	144.307	0.807995	0
12.1433	0.0193505	143.923	0.831459	0
12.1288	0.0191698	143.957	0.817857	0
12.1429	0.018974	144.223	0.841321	0
12.1176	0.0191267	144.406	0.840981	0
12.1303	0.019109	144.423	0.822278	0
12.1549	0.0190024	144.773	0.798813	0
12.1403	0.018766	144.973	0.813096	0
12.1325	0.0187658	142.107	0.798473	0
12.1202	0.0183473	143.823	0.821598	0
12.1182	0.0187885	142.957	0.815136	0
12.1237	0.0185509	146.106	0.827719	0
12.1127	0.0192821	143.957	0.818877	0
12.1043	0.0189626	144.556	0.813436	0
12.122	0.0188808	145.239	0.817857	0
12.1105	0.0188204	144.49	0.822618	0
12.1245	0.0190175	143.407	0.813436	0
12.1644	0.0194892	143.907	0.83418	0
12.127	0.0190528	143.44	0.795753	0
12.1039	0.0191021	144.423	0.820577	0
12.1213	0.0185377	144.39	0.811736	0
12.1311	0.018432	144.057	0.830099	0
12.1362	0.018835	143.907	0.814116	0
12.1415	0.0186357	143.54	0.805274	0
12.134	0.0186511	145.489	0.813096	0
12.1049	0.0187957	143.973	0.838261	0
12.0878	0.0187809	144.573	0.828059	0
12.1061	0.0185122	145.439	0.814456	0
12.1149	0.0187263	144.456	0.819897	0
12.0906	0.0191793	143.923	0.843362	0
12.0973	0.0191166	143.39	0.802554	0
12.1333	0.0191966	144.606	0.831119	0
12.1322	0.0188506	143.857	0.789291	0
12.1133	0.0188322	143.407	0.822278	0
12.1112	0.0188739	144.623	0.823638	0
12.1455	0.0189652	143.39	0.824658	0
12.1428	0.0195581	143.007	0.795413	0
12.097	0.0187946	142.691	0.826018	0
12.1121	0.0185978	144.473	0.830779	0
12.1296	0.0188657	143.174	0.83214	0
12.0979	0.0190835	142.874	0.829419	0
12.1175	0.0192729	142.94	0.813436	0
12.1317	0.0190275	142.457	0.812416	0
12.0981	0.0187517	143.54	0.844382	0
12.1086	0.0189229	143.407	0.83486	0
12.1297	0.0189832	144.44	0.814456	0
12.121	0.0185587	142.407	0.829419	0
12.0961	0.0187733	144.24	0.813436	0
12.0954	0.0188038	144.423	0.806295	0
12.1279	0.0188835	143.074	0.810035	0
12.147	0.0192724	143.657	0.818877	0
12.115	0.018387	144.257	0.820577	0
12.1153	0.0191032	144.073	0.815136	0
12.1456	0.0188043	143.157	0.817517	0
12.1242	0.0186269	144.423	0.811056	0
12.116	0.0192537	143.823	0.819217	0
12.1124	0.0193946	143.374	0.821257	0
12.084	0.0188075	142.441	0.812756	0
12.1195	0.0187693	144.806	0.819217	0
12.1473	0.0184096	143.474	0.822618	0
12.1244	0.0188898	142.557	0.819897	0
12.1149	0.0191623	143.374	0.827719	0
12.1403	0.0188046	143.54	0.811056	0
12.1329	0.0188523	144.273	0.809015	0
12.1094	0.0187551	141.624	0.828739	0
12.1087	0.0186601	144.623	0.806975	0
12.1206	0.0186628	143.424	0.823638	0
12.1275	0.0190608	143.34	0.778749	0
12.1256	0.0188256	143.607	0.818877	0
12.1262	0.018585	143.24	0.814456	0
12.1269	0.0188366	144.64	0.828399	0
12.1369	0.0190265	143.59	0.824318	0
12.1351	0.018694	143.557	0.827719	0
12.1156	0.0193345	143.99	0.815136	0
12.1127	0.018945	144.123	0.820237	0
12.1411	0.018462	143.374	0.818537	0
12.1405	0.0186563	143.457	0.826018	0
12.1263	0.0191805	144.556	0.805274	0
12.1288	0.0192228	143.44	0.83214	0
12.0992	0.0186832	143.257	0.83588	0
12.0994	0.0191267	142.99	0.810375	0
12.1236	0.0189836	143.19	0.83452	0
12.1413	0.0185266	143.84	0.837581	0
12.1297	0.0187645	144.89	0.825678	0
12.0867	0.0192483	143.357	0.830439	0
12.0812	0.019381	144.207	0.823298	0
12.0849	0.0187606	143.757	0.820917	0
12.0983	0.0183936	144.823	0.812416	0
12.1214	0.018349	142.974	0.844722	0
12.1274	0.0193077	143.723	0.813096	0
12.123	0.0193185	144.107	0.827719	0
12.1129	0.0190215	143.757	0.825338	0
12.1117	0.0184868	144.29	0.814456	0
12.1277	0.0188009	143.64	0.83316	0
12.1442	0.0187492	143.707	0.819217	0
12.1504	0.018883	144.173	0.827379	0
12.1735	0.0189755	144.307	0.821257	0
12.1448	0.018895	143.59	0.827039	0
12.1044	0.019515	143.324	0.822618	0
12.1258	0.0187706	145.106	0.821598	0
12.1424	0.0188177	143.99	0.811396	0
12.1303	0.0190227	144.357	0.817177	0
12.1216	0.0188304	143.057	0.803574	0
12.1191	0.0189304	143.407	0.831459	0
12.1071	0.0190447	143.857	0.810375	0
12.0983	0.018905	143.424	0.827379	0
12.1066	0.0187711	143.657	0.807315	0
12.1284	0.0188828	142.907	0.83214	0
12.1544	0.0194711	144.806	0.822278	0
12.152	0.0194325	143.14	0.821598	0
12.1282	0.018857	142.074	0.826358	0
12.1217	0.0190135	144.956	0.824998	0
12.129	0.0188323	143.873	0.831119	0
12.1111	0.0190042	143.807	0.804254	0
12.1075	0.0185433	144.323	0.824658	0
12.1259	0.0187809	143.474	0.846082	0
12.1117	0.0187821	143.873	0.826018	0
12.1147	0.0191091	143.907	0.808675	0
12.1231	0.0189627	142.624	0.8352	0
12.1135	0.0192132	145.19	0.83622	0
12.1091	0.0187093	145.19	0.828059	0
12.1059	0.0188693	143.79	0.813436	0
12.1088	0.0187145	143.773	0.819557	0
12.1166	0.0187907	143.257	0.817177	0
12.126	0.0185764	144.34	0.813436	0
12.1128	0.0190717	144.64	0.822618	0
12.0978	0.0188702	143.524	0.817517	0
12.1144	0.0188959	143.174	0.806295	0
12.139	0.0190715	143.773	0.809355	0
12.1244	0.0193328	142.624	0.819217	0
12.1049	0.0190178	143.324	0.822278	0
12.1147	0.0189187	144.673	0.817177	0
12.1067	0.0184952	143.324	0.801874	0
12.1006	0.0191858	144.173	0.816157	0
12.1162	0.0186499	144.007	0.806635	0
12.1126	0.0185512	143.29	0.810035	0
12.1056	0.0190761	144.673	0.83384	0
12.1208	0.0190203	144.323	0.814796	0
12.112	0.01842	144.257	0.83248	0
12.1056	0.0188118	144.323	0.829079	0
12.1267	0.0190019	142.724	0.839281	0
12.1066	0.0188605	144.423	0.819557	0
12.1028	0.0190741	143.09	0.821257	0
12.1342	0.0194443	143.64	0.816497	0
12.1201	0.0187924	143.507	0.820917	0
12.0981	0.0189975	143.94	0.815816	0
12.127	0.0186471	143.357	0.83282	0
12.1417	0.0189642	143.19	0.83452	0
12.1051	0.0183501	144.107	0.818197	0
12.1019	0.0183621	145.106	0.821598	0
12.1362	0.0190357	144.506	0.807995	0
12.1322	0.0191551	143.74	0.819897	0
12.0961	0.0196426	144.307	0.826018	0
12.0834	0.0195803	144.856	0.817517	0
12.1339	0.0190738	143.857	0.803914	0
12.1549	0.0189532	143.49	0.824658	0
12.1159	0.0189395	142.391	0.829079	0
12.0963	0.0184044	143.224	0.795072	0
12.097	0.0190154	143.857	0.820917	0
12.1015	0.0189289	145.889	0.825338	0
12.0948	0.0188217	144.956	0.838601	0
12.0881	0.0184145	143.99	0.800854	0
12.0939	0.0185154	141.891	0.811056	0
12.1166	0.0187257	144.207	0.821257	0
12.1152	0.0183452	143.923	0.823298	0
12.1169	0.0191074	144.873	0.828059	0
12.1372	0.0192757	144.573	0.814796	0
12.1342	0.0192958	143.99	0.839621	0
12.1144	0.0190379	143.723	0.828739	0
12.1095	0.0191593	144.057	0.829079	0
12.1009	0.0190417	144.656	0.822618	0
12.0815	0.0190822	144.19	0.83316	0
12.1113	0.0190879	145.489	0.823298	0
12.1417	0.0186523	143.29	0.817177	0
12.1324	0.0191499	144.94	0.83214	0
12.1223	0.0190792	142.657	0.827719	0
12.1384	0.0191514	143.807	0.828399	0
12.1332	0.0191184	143.673	0.809015	0
12.1202	0.0189481	143.74	0.822278	0
12.1203	0.0187434	142.491	0.810035	0
12.1385	0.0192332	144.673	0.824658	0
12.1471	0.0189209	144.456	0.825678	0
12.1132	0.0191416	143.457	0.822278	0
12.1001	0.0189227	143.557	0.812416	0
12.1208	0.0194169	144.073	0.816497	0
12.1034	0.0191049	143.54	0.816837	0
12.0853	0.0190051	143.923	0.818877	0
12.0937	0.0190275	144.756	0.827039	0
12.1015	0.0187484	144.423	0.826699	0
12.0996	0.0189867	143.99	0.806295	0
12.1139	0.0190498	144.74	0.848463	0
12.1323	0.0193233	142.457	0.806975	0
12.1304	0.019187	144.823	0.808675	0
12.1417	0.0186115	144.523	0.820577	0
12.1091	0.0190942	143.607	0.812756	0
12.0808	0.0191008	143.857	0.83214	0
12.1096	0.0188786	143.557	0.812416	0
12.1159	0.0187957	144.673	0.828399	0
12.1238	0.0189408	144.523	0.824998	0
12.1168	0.0187596	143.107	0.822958	0
12.1026	0.0186544	144.157	0.830779	0
12.1197	0.0192108	144.14	0.812756	0
12.114	0.0188666	144.323	0.821598	0
12.0929	0.0188018	143.623	0.83214	0
12.107	0.0190938	144.606	0.810715	0
12.1187	0.0189918	143.607	0.803234	0
12.1096	0.0188086	144.956	0.807655	0
12.1224	0.0190549	143.74	0.822618	0
12.1245	0.0189149	142.424	0.821257	0
12.1089	0.0189978	143.274	0.821598	0
12.121	0.0188743	145.573	0.821257	0
12.1188	0.0188786	143.923	0.818877	0
12.1005	0.0189269	142.99	0.846082	0
12.1205	0.0189897	143.074	0.802894	0
12.1203	0.0190245	143.973	0.83316	0
12.0815	0.0189264	142.674	0.830779	0
12.0807	0.0186779	145.206	0.820237	0
12.1144	0.0186261	144.573	0.818537	0
12.1202	0.0186495	144.107	0.820237	0
12.1166	0.018477	144.84	0.818877	0
12.1244	0.0186787	145.04	0.83214	0
12.1153	0.0188719	143.274	0.811056	0
12.1038	0.0193248	143.007	0.825338	0
12.1108	0.0189315	144.29	0.822618	0
12.0784	0.0184279	144.023	0.808335	0
12.0782	0.0187679	143.307	0.827719	0
12.0997	0.0188387	143.873	0.83316	0
12.1137	0.0189941	144.64	0.804594	0
12.127	0.018955	144.323	0.808675	0
12.1092	0.0193361	142.774	0.807315	0
12.1045	0.0190793	143.657	0.83554	0
12.0932	0.0191721	143.757	0.823638	0
12.0969	0.0189352	142.691	0.847783	0
12.1169	0.0191669	144.756	0.814796	0
12.1145	0.018844	142.857	0.821257	0
12.0934	0.0185081	143.507	0.813436	0
12.0882	0.0187731	143.29	0.821598	0
12.108	0.018996	144.373	0.822618	0
12.1197	0.0190538	142.707	0.811736	0
12.0969	0.0187918	142.824	0.811056	0
12.0846	0.0189431	144.64	0.813436	0
12.106	0.018667	142.341	0.802554	0
12.1032	0.0191456	144.09	0.847783	0
12.1047	0.0197202	145.14	0.817517	0
12.106	0.0190351	143.907	0.824998	0
12.0911	0.0189449	143.457	0.824318	0
12.1164	0.0188508	143.707	0.809695	0
12.1305	0.0191937	143.623	0.83282	0
12.1176	0.0190439	145.439	0.83248	0
12.1249	0.0190392	143.59	0.800173	0
12.0987	0.0185845	143.574	0.816157	0
12.0875	0.0184979	143.623	0.8352	0
12.1209	0.0188368	144.756	0.828399	0
12.1126	0.018816	142.807	0.809695	0
12.0781	0.0189024	143.407	0.807315	0
12.08	0.0191396	144.257	0.83282	0
12.103	0.0190612	144.023	0.814456	0
12.1023	0.0188483	143.324	0.812416	0
12.0779	0.0186674	143.524	0.829079	0
12.08	0.0188364	143.407	0.813436	0
12.0959	0.0188546	143.84	0.800173	0
12.0909	0.0185112	143.607	0.819217	0
12.117	0.0186719	145.006	0.821938	0
12.1353	0.0186765	145.423	0.831119	0
12.0905	0.0188717	143.457	0.819897	0
12.0921	0.0187314	143.474	0.83248	0
12.1304	0.0188822	141.958	0.840981	0
12.0878	0.0193452	142.657	0.817517	0
12.0741	0.0188108	144.357	0.822618	0
12.1294	0.0187504	143.407	0.810035	0
12.1216	0.0189786	143.79	0.799153	0
12.0739	0.0191942	143.19	0.83418	0
12.0822	0.0191568	144.207	0.813096	0
12.108	0.0189609	143.923	0.820917	0
12.0967	0.0189569	142.89	0.822958	0
12.115	0.0190914	144.373	0.817177	0
12.1092	0.018647	144.523	0.817517	0
12.0916	0.0186056	142.774	0.818197	0
12.1155	0.0192447	143.59	0.821938	0
12.1119	0.0188121	145.173	0.820917	0
12.0893	0.0189836	144.34	0.842342	0
12.0872	0.0187974	143.357	0.811396	0
12.0935	0.0194277	142.291	0.830099	0
12.0947	0.0188736	144.506	0.822278	0
12.1041	0.0190573	143.424	0.807995	0
12.1116	0.0187451	144.19	0.824658	0
12.1037	0.0192009	144.623	0.823638	0
12.0894	0.0189476	143.907	0.841661	0
12.1066	0.0192492	143.607	0.813096	0
12.1125	0.0189899	143.324	0.83554	0
12.1029	0.0188924	144.39	0.83248	0
12.1161	0.0191139	143.973	0.817517	0
12.1101	0.0191521	143.074	0.803574	0
12.1044	0.019123	144.307	0.823978	0
12.1111	0.0189585	142.907	0.817517	0
12.1076	0.0188228	143.49	0.809695	0
12.1104	0.0192189	143.857	0.821938	0
12.127	0.0187811	143.407	0.825678	0
12.0969	0.0189803	142.424	0.809015	0
12.0872	0.0187134	144.24	0.817517	0
12.103	0.0190283	142.357	0.822958	0
12.1217	0.0191261	144.107	0.818877	0
12.13	0.0190502	144.023	0.823978	0
12.1112	0.0184422	144.59	0.817177	0
12.1218	0.0189135	143.49	0.83282	0
12.1	0.0189943	144.39	0.823638	0
12.0655	0.0188997	145.156	0.829419	0
12.0817	0.0186949	143.957	0.802214	0
12.0782	0.0190556	143.64	0.814456	0
12.0988	0.0186932	143.64	0.822278	0
12.1293	0.0187945	143.124	0.821598	0
12.1228	0.0186567	143.607	0.818537	0
12.1036	0.0186118	143.54	0.823638	0
12.0842	0.0183609	142.107	0.809695	0
12.0838	0.0187254	143.823	0.801194	0
12.0908	0.0188455	143.124	0.813436	0
12.0821	0.0187656	144.64	0.828399	0
12.1032	0.0185629	143.773	0.830439	0
12.1155	0.0189469	144.007	0.844722	0
12.0926	0.019001	143.857	0.838261	0
12.116	0.0188904	144.273	0.805955	0
12.1391	0.0184783	143.074	0.825338	0
12.107	0.0188732	143.907	0.829079	0
12.0929	0.0188472	143.174	0.807995	0
12.1002	0.0185644	143.74	0.817517	0
12.0977	0.0185705	142.541	0.812076	0
12.0938	0.0188815	143.524	0.798133	0
12.0775	0.0188438	142.607	0.803574	0
12.0997	0.0191269	145.023	0.802214	0
12.1304	0.0188195	144.64	0.830099	0
12.0781	0.0184243	142.857	0.820917	0
12.0686	0.018964	142.874	0.819217	0
12.0902	0.0192633	143.407	0.799153	0
12.0666	0.0189933	144.257	0.800854	0
12.0853	0.0186637	143.224	0.800854	0
12.1012	0.0190156	143.823	0.830779	0
12.0667	0.0185517	143.54	0.809355	0
12.0923	0.0187916	143.707	0.815136	0
12.1087	0.0184656	143.324	0.840641	0
12.0805	0.0188267	143.907	0.828059	0
12.0991	0.0180917	143.074	0.816837	0
12.1103	0.0193785	143.873	0.803914	0
12.1103	0.0192862	143.49	0.790992	0
12.1259	0.0190277	147.255	0.820577	0
12.1185	0.0187297	144.257	0.826699	0
12.0968	0.0187326	144.023	0.83486	0
12.108	0.01919	143.773	0.824318	0
12.1083	0.0191298	144.473	0.822958	0
12.0834	0.0184099	144.09	0.83316	0
12.0831	0.0193504	142.207	0.840981	0
12.0863	0.0191121	143.04	0.806635	0
12.0859	0.0186527	143.89	0.804934	0
12.1193	0.0189976	143.424	0.820577	0
12.1185	0.0185583	143.457	0.800854	0
12.1	0.0188048	143.174	0.828059	0
12.0864	0.0191414	143.124	0.821257	0
12.075	0.0189958	143.19	0.809695	0
12.1027	0.018496	144.49	0.818197	0
12.1264	0.0185564	143.707	0.814456	0
12.1031	0.018787	143.84	0.820577	0
12.0942	0.0195006	144.107	0.819897	0
12.1197	0.0194092	145.589	0.808335	0
12.1045	0.0187924	143.69	0.816837	0
12.0783	0.0191658	143.54	0.838941	0
12.0965	0.0188125	142.774	0.811736	0
12.0867	0.0190074	144.09	0.83418	0
12.06	0.0188976	143.057	0.824998	0
12.0797	0.0189557	143.823	0.820577	0
12.1035	0.0187551	142.89	0.815816	0
12.0856	0.0184302	143.79	0.831459	0
12.0826	0.0183052	144.873	0.803914	0
12.094	0.0185427	142.441	0.818197	0
12.0945	0.0189405	142.024	0.819897	0
12.1071	0.0191752	144.473	0.828739	0
12.0993	0.0185508	143.673	0.83452	0
12.0721	0.0187444	143.24	0.808675	0
12.0793	0.0189338	144.49	0.825338	0
12.1181	0.0190844	144.29	0.821257	0
12.1431	0.0189065	143.04	0.819557	0
12.1043	0.0186811	142.674	0.828059	0
12.0833	0.0191488	144.207	0.842682	0
12.0933	0.0191227	143.424	0.799833	0
12.0745	0.0187966	144.173	0.821598	0
12.1039	0.0187156	145.789	0.83486	0
12.1184	0.0182784	143.723	0.823978	0
12.0999	0.0190902	142.074	0.824658	0
12.08	0.0188986	144.023	0.847443	0
12.1072	0.0187612	144.29	0.845402	0
12.1579	0.0190722	143.957	0.820917	0
12.1237	0.0189047	143.74	0.828739	0
12.0813	0.0186726	144.04	0.827039	0
12.0947	0.0191342	144.023	0.820917	0
12.0985	0.0189772	143.307	0.823298	0
12.0851	0.0186749	142.974	0.786231	0
12.106	0.0186006	143.957	0.808675	0
12.1061	0.0186171	144.923	0.821938	0
12.0787	0.0183109	143.673	0.824318	0
12.0922	0.0189724	143.823	0.827039	0
12.0929	0.0188062	143.14	0.822278	0
12.0639	0.0189753	144.223	0.801194	0
12.0704	0.0191955	143.64	0.814456	0
12.0885	0.0189088	144.173	0.816837	0
12.089	0.0186955	144.24	0.821257	0
12.0998	0.0189762	143.957	0.823298	0
12.1173	0.0185098	144.94	0.816837	0
12.1198	0.0192114	144.39	0.810715	0
12.1112	0.0192027	144.456	0.814456	0
12.1024	0.019348	144.09	0.814796	0
12.1098	0.0194406	144.373	0.839621	0
12.1019	0.0192887	144.523	0.83316	0
12.1001	0.0188566	143.457	0.823978	0
12.0871	0.0186072	143.657	0.819557	0
12.0839	0.0190509	142.874	0.837581	0
12.0857	0.019013	143.79	0.807995	0
12.0826	0.0193455	144.273	0.810035	0
12.0883	0.0186644	143.04	0.802214	0
12.1109	0.0187713	143.74	0.818197	0
12.134	0.0188309	144.606	0.798133	0
12.13	0.0193497	142.757	0.800173	0
12.0991	0.0189871	143.84	0.823298	0
12.0974	0.0189783	144.107	0.814116	0
12.1154	0.019275	144.14	0.819897	0
12.1313	0.0188702	143.99	0.816157	0
12.1241	0.0190286	144.506	0.826018	0
12.0968	0.0192686	143.84	0.837581	0
12.1028	0.0184911	144.257	0.820237	0
12.0968	0.0192618	143.94	0.837581	0
12.0659	0.0189249	143.074	0.802894	0
12.0827	0.0195179	143.757	0.829419	0
12.1051	0.0190205	145.489	0.812416	0
12.0923	0.0194464	142.391	0.813776	0
12.0955	0.0192191	142.774	0.801194	0
12.1112	0.0189746	143.757	0.801194	0
12.0939	0.0185725	143.257	0.811736	0
12.062	0.0191016	143.74	0.829419	0
12.0572	0.0186495	143.923	0.837581	0
12.092	0.0190773	143.957	0.816837	0
12.0939	0.0187303	144.14	0.820917	0
12.0671	0.0189351	142.657	0.830779	0
12.0745	0.0186277	144.073	0.818537	0
12.1095	0.0195546	143.873	0.852203	0
12.1039	0.0187138	144.19	0.815136	0
12.0863	0.0189834	144.123	0.812416	0
12.0882	0.019437	143.49	0.83588	0
12.1083	0.0190572	145.106	0.827039	0
12.1012	0.0192	143.64	0.810375	0
12.0811	0.0193514	144.523	0.816157	0
12.0877	0.0193877	142.607	0.806295	0
12.098	0.0187723	142.974	0.813776	0
12.121	0.0186429	143.174	0.816497	0
12.121	0.0191931	142.457	0.815816	0
12.0991	0.0189481	143.623	0.820577	0
12.1082	0.0193234	143.69	0.828399	0
12.1184	0.0190223	143.907	0.811736	0
12.1028	0.0190145	142.241	0.814456	0
12.0894	0.0188913	143.374	0.820237	0
12.0939	0.0188504	145.339	0.843362	0
12.0945	0.0185299	144.39	0.807995	0
12.0944	0.0182807	143.54	0.814796	0
12.1054	0.0183001	143.873	0.796433	0
12.092	0.0190189	143.224	0.820917	0
12.0807	0.0186612	144.007	0.822958	0
12.1029	0.0184228	143.79	0.815816	0
12.0914	0.0189381	144.04	0.820577	0
12.0805	0.0190342	143.623	0.800173	0
12.1384	0.0186413	144.34	0.817857	0
12.1293	0.0186001	144.257	0.811396	0
12.0598	0.0190645	143.807	0.845402	0
12.0987	0.0186671	144.923	0.824658	0
12.1266	0.0190487	143.107	0.825678	0
12.0872	0.0189456	145.339	0.825338	0
12.1005	0.0187541	144.207	0.819217	0
12.1163	0.0192282	144.556	0.829759	0
12.1015	0.019127	145.023	0.825678	0
12.1005	0.0185665	144.257	0.83656	0
12.1103	0.0184621	144.94	0.83316	0
12.1083	0.0186211	143.124	0.816837	0
12.0929	0.019218	144.007	0.821938	0
12.0695	0.0185443	143.657	0.851183	0
12.0906	0.0190356	143.607	0.810715	0
12.1288	0.01902	143.374	0.822278	0
12.0983	0.0185909	143.59	0.818197	0
12.0824	0.0187285	144.373	0.831119	0
12.0908	0.0189576	143.79	0.825338	0
12.0627	0.0193635	142.574	0.815136	0
12.0493	0.0184455	144.223	0.822958	0
12.0727	0.0188593	144.04	0.83316	0
12.0739	0.0190227	143.757	0.818197	0
12.0852	0.019354	144.007	0.819897	0
12.124	0.0192989	142.857	0.812756	0
12.1108	0.0187641	143.107	0.8318	0
12.0985	0.0189672	144.44	0.837241	0
12.1167	0.0184178	143.04	0.810715	0
12.1267	0.0185055	143.973	0.820577	0
12.0932	0.0189541	142.407	0.826018	0
12.0576	0.0190488	143.374	0.821257	0
12.0974	0.0188791	145.04	0.806295	0
12.1058	0.0188295	142.707	0.816837	0
12.0742	0.0188615	141.824	0.818537	0
12.0881	0.018801	145.206	0.827379	0
12.1094	0.0188616	143.973	0.817857	0
12.1015	0.0194043	143.673	0.83384	0
12.0785	0.0192125	144.473	0.822618	0
12.0537	0.0187058	142.607	0.838601	0
12.0864	0.01885	143.54	0.804254	0
12.1408	0.019022	144.44	0.829419	0
12.1074	0.0188919	144.107	0.805614	0
12.0905	0.0189885	143.99	0.820577	0
12.1042	0.0187656	141.858	0.83316	0
12.0933	0.0188274	143.973	0.831119	0
12.0991	0.0190368	143.14	0.824658	0
12.1019	0.0184543	144.573	0.83214	0
12.0835	0.0191351	143.823	0.811736	0
12.0882	0.0187807	144.023	0.838941	0
12.1005	0.0187893	143.723	0.821257	0
12.0938	0.0194298	143.823	0.812416	0
12.0823	0.019073	142.557	0.824658	0
12.0719	0.0189808	142.457	0.799833	0
12.0892	0.0187335	143.374	0.83622	0
12.0786	0.0184866	142.224	0.83452	0
12.0549	0.019255	143.673	0.843702	0
12.0586	0.0189978	143.107	0.812416	0
12.0834	0.0184442	144.107	0.819217	0
12.091	0.0184212	144.04	0.796773	0
12.098	0.0187964	142.924	0.809015	0
12.104	0.0192131	143.574	0.822278	0
12.0998	0.0192058	144.456	0.812076	0
12.0857	0.0191407	144.023	0.837921	0
12.0753	0.0187096	143.923	0.831119	0
12.1046	0.0191066	144.456	0.827719	0
12.1117	0.0191331	143.574	0.819557	0
12.0893	0.0190271	144.673	0.8369	0
12.0815	0.0189304	143.09	0.820237	0
12.0951	0.0190718	143.79	0.806975	0
12.0941	0.0191403	143.524	0.807315	0
12.0653	0.0190174	143.224	0.821257	0
12.0776	0.0190816	144.79	0.805955	0
12.116	0.0192413	143.923	0.813776	0
12.109	0.0191064	144.806	0.793372	0
12.1113	0.0184655	144.59	0.813436	0
12.1115	0.0185214	142.641	0.829759	0
12.1057	0.0191516	144.923	0.818197	0
12.1218	0.0186763	145.339	0.828399	0
12.0883	0.018274	143.673	0.823638	0
12.0754	0.0187233	145.773	0.819557	0
12.1121	0.018895	142.174	0.818537	0
12.1101	0.0188038	145.656	0.818877	0
12.0969	0.0188076	142.957	0.819217	0
12.1085	0.0189571	143.074	0.810375	0
12.1072	0.0188841	144.64	0.805955	0
12.0957	0.019139	143.14	0.826358	0
12.12	0.0190438	144.24	0.822958	0
12.122	0.0195731	144.223	0.814796	0
12.0763	0.0189398	143.657	0.8318	0
12.0842	0.0190101	142.791	0.818537	0
12.1072	0.0190936	144.74	0.831459	0
12.0757	0.0182045	144.073	0.820237	0
12.0555	0.018432	144.39	0.804254	0
12.0909	0.0186356	143.24	0.823638	0
12.1015	0.0188503	143.407	0.819897	0
12.1016	0.0186914	144.257	0.810035	0
12.1086	0.0188749	143.84	0.823638	0
12.091	0.0190045	143.107	0.812076	0
12.0838	0.0184092	144.823	0.797453	0
12.0828	0.0187887	143.657	0.830439	0
12.0954	0.0188987	143.357	0.817177	0
12.0862	0.018931	142.391	0.818877	0
12.0536	0.0186388	143.374	0.810375	0
12.0631	0.0190843	143.707	0.821257	0
12.1003	0.0191118	142.94	0.816157	0
12.1025	0.019236	145.273	0.823298	0
12.1063	0.0193015	143.324	0.818877	0
12.1081	0.0185648	144.323	0.823978	0
12.0962	0.0189487	144.257	0.815816	0
12.1034	0.0188917	143.79	0.823298	0
12.1089	0.0192184	143.557	0.825338	0
12.0995	0.0189783	143.623	0.813096	0
12.0824	0.0184783	145.906	0.850843	0
12.0781	0.0188459	145.023	0.799493	0
12.0867	0.0186667	142.857	0.830439	0
12.078	0.0187552	142.757	0.809015	0
12.0594	0.0186013	143.44	0.819557	0
12.0783	0.0191758	144.723	0.791332	0
12.1226	0.0189039	144.39	0.826699	0
12.1101	0.0187935	143.49	0.806975	0
12.0981	0.0187244	144.14	0.820917	0
12.0919	0.0185849	143.89	0.795072	0
12.0717	0.0191246	143.54	0.83656	0
12.0951	0.0189345	144.723	0.819897	0
12.1205	0.0186432	143.34	0.839281	0
12.1051	0.0187639	143.59	0.829419	0
12.0689	0.0189504	143.59	0.828739	0
12.069	0.0185946	143.707	0.83316	0
12.0935	0.0189032	143.94	0.823978	0
12.0934	0.0186904	143.94	0.804594	0
12.085	0.0187128	144.04	0.823638	0
12.0806	0.0188932	143.757	0.824658	0
12.0826	0.0190899	144.44	0.812076	0
12.0906	0.0191544	144.323	0.811396	0
12.0961	0.0185626	142.591	0.827719	0
12.0883	0.0187043	144.34	0.823298	0
12.1006	0.0187423	144.656	0.818537	0
12.1136	0.0187857	143.79	0.813776	0
12.1166	0.0188369	145.156	0.821257	0
12.1148	0.0189069	143.224	0.824318	0
12.0981	0.0189858	142.157	0.797113	0
12.0993	0.0190331	143.357	0.824318	0
12.1166	0.01907	143.923	0.814796	0
12.0983	0.0189849	143.59	0.807315	0
12.0796	0.0190905	144.14	0.789291	0
12.0732	0.0190176	143.923	0.827039	0
12.0856	0.0192601	144.406	0.821938	0
12.0932	0.0188734	144.223	0.824318	0
12.095	0.0192619	143.09	0.827379	0
12.0934	0.0192594	144.107	0.830779	0
12.0967	0.0192579	143.374	0.827379	0
12.1103	0.0183789	143.474	0.814796	0
12.1005	0.0189816	144.107	0.843702	0
12.0967	0.0189415	144.74	0.824658	0
12.1039	0.018921	143.707	0.815816	0
12.084	0.0187625	143.24	0.824318	0
12.0926	0.0187661	143.94	0.824998	0
12.1052	0.0188073	142.724	0.824658	0
12.0514	0.0192778	142.441	0.807655	0
12.0584	0.0190205	143.94	0.823638	0
12.1101	0.0191529	142.424	0.817177	0
12.1168	0.01904	144.323	0.824318	0
12.116	0.0185819	144.556	0.83656	0
12.0819	0.0190938	142.707	0.814456	0
12.0764	0.0193043	144.49	0.811396	0
12.095	0.0191304	143.09	0.828059	0
12.0695	0.0184635	144.207	0.815136	0
12.0731	0.0191354	142.89	0.797793	0
12.0674	0.0195669	144.057	0.822278	0
12.0591	0.0186513	143.89	0.810375	0
12.1015	0.0190495	144.623	0.816837	0
12.0833	0.0191507	143.59	0.818197	0
12.0632	0.0187815	143.69	0.838941	0
12.1074	0.019036	144.523	0.821257	0
12.0903	0.0190037	144.24	0.825678	0
12.0738	0.0188623	143.907	0.826018	0
12.1084	0.0191394	144.556	0.837921	0
12.1114	0.0194589	145.289	0.83316	0
12.1098	0.0191124	144.007	0.823638	0
12.1023	0.0186598	143.657	0.811736	0
12.0917	0.0188335	143.024	0.821257	0
12.0788	0.0187715	142.341	0.814116	0
12.0877	0.0190578	143.607	0.824318	0
12.1131	0.0189143	142.974	0.792012	0
12.0978	0.0188145	142.174	0.825338	0
12.0798	0.019212	142.84	0.812756	0
12.1216	0.0190299	143.923	0.830439	0
12.1511	0.0188842	144.64	0.809015	0
12.136	0.0189248	142.807	0.809355	0
12.0889	0.0188367	143.107	0.817517	0
12.0688	0.0186944	142.89	0.824998	0
12.0892	0.0183129	143.357	0.808335	0
12.082	0.0184162	144.69	0.817857	0
12.0951	0.0189642	143.374	0.817177	0
12.0964	0.019002	142.757	0.812416	0
12.0684	0.0187543	144.257	0.825678	0
12.07	0.0189859	144.723	0.821938	0
12.0862	0.0190097	144.89	0.828399	0
12.1128	0.0190308	144.773	0.814116	0
12.1213	0.0184555	142.99	0.818197	0
12.0918	0.0190471	144.806	0.817517	0
12.0834	0.0184817	143.39	0.810035	0
12.0923	0.0181518	144.623	0.821938	0
12.0973	0.0187844	143.04	0.807995	0
12.1022	0.0191415	143.94	0.829419	0
12.1144	0.0189265	142.757	0.809355	0
12.1074	0.0193155	142.057	0.817857	0
12.0757	0.0185453	143.673	0.826358	0
12.075	0.0187307	144.123	0.811736	0
12.0919	0.0188539	143.157	0.824318	0
12.1031	0.0188167	143.09	0.822618	0
12.1272	0.0187045	144.89	0.821938	0
12.1247	0.0191184	143.324	0.83418	0
12.0827	0.0188585	144.357	0.8318	0
12.0687	0.0186787	144.456	0.816837	0
12.0979	0.0187687	143.907	0.83588	0
12.114	0.0190445	144.423	0.827719	0
12.0872	0.0190266	142.99	0.826358	0
12.0944	0.0190278	143.873	0.807655	0
12.0655	0.0187913	142.591	0.828399	0
12.0396	0.0185035	144.406	0.814796	0
12.1102	0.0190613	144.406	0.824998	0
12.1102	0.0190676	143.873	0.827379	0
12.0688	0.0189094	144.373	0.803234	0
12.0872	0.0191587	143.757	0.847102	0
12.0899	0.0190065	144.207	0.816157	0
12.0999	0.0187735	142.957	0.83588	0
12.0955	0.0188978	143.49	0.819557	0
12.0801	0.0190478	145.456	0.815816	0
12.1037	0.0186694	143.407	0.820917	0
12.0982	0.0179822	143.524	0.808675	0
12.091	0.018857	143.807	0.83384	0
12.0996	0.0189692	143.09	0.830099	0
12.0878	0.018728	143.707	0.816497	0
12.0634	0.0191534	143.157	0.811396	0
12.0606	0.0184078	144.79	0.816837	0
12.0995	0.0187878	144.123	0.828739	0
12.0949	0.0186701	143.124	0.809355	0
12.0783	0.0185876	143.457	0.822278	0
12.098	0.0187855	144.24	0.810035	0
12.0863	0.0186009	144.956	0.824998	0
12.0763	0.018982	142.241	0.837921	0
12.0854	0.0192416	143.973	0.820577	0
12.083	0.0190407	143.507	0.817177	0
12.0852	0.0184499	144.573	0.818197	0
12.0869	0.01889	143.057	0.837241	0
12.0905	0.0190287	142.974	0.824998	0
12.0737	0.0191362	143.207	0.83656	0
12.0856	0.0189816	144.273	0.809355	0
12.1074	0.0190878	143.274	0.817517	0
12.0884	0.0184769	144.973	0.823298	0
12.0765	0.0191436	143.89	0.825678	0
12.0725	0.0188332	146.089	0.823638	0
12.0795	0.019049	144.223	0.823298	0
12.0904	0.0186694	143.29	0.803574	0
12.0949	0.0185376	142.291	0.826699	0
12.0911	0.0190169	143.623	0.822958	0
12.0791	0.0189316	144.29	0.838261	0
12.0761	0.0190008	144.806	0.800854	0
12.1018	0.0193377	144.34	0.813096	0
12.0968	0.0191817	143.773	0.822958	0
12.1024	0.0185973	144.773	0.830439	0
12.1024	0.0191952	143.207	0.825338	0
12.0589	0.018891	143.923	0.816157	0
12.061	0.0186825	143.524	0.800854	0
12.1002	0.0185149	143.124	0.830099	0
12.1166	0.0187344	145.823	0.823638	0
12.083	0.018929	142.341	0.829759	0
12.0557	0.0189506	144.273	0.829079	0
12.0757	0.0192204	144.906	0.824318	0
12.0694	0.0186736	143.757	0.819557	0
12.0471	0.0184057	142.94	0.815476	0
12.0639	0.0190295	143.557	0.802554	0
12.0797	0.0191259	143.34	0.821257	0
12.0884	0.0189401	144.223	0.801874	0
12.1021	0.0189393	144.073	0.83418	0
12.0939	0.018678	144.34	0.811736	0
12.0905	0.0188716	142.191	0.813436	0
12.0937	0.0193162	142.857	0.822958	0
12.0819	0.0190279	142.207	0.817517	0
12.0642	0.0192616	143.157	0.826699	0
12.045	0.0191963	144.223	0.825338	0
12.0652	0.0192201	144.24	0.823298	0
12.1024	0.0188053	142.707	0.822278	0
12.0877	0.0194105	143.157	0.839281	0
12.0756	0.0190035	143.873	0.843702	0
12.0784	0.0190492	142.574	0.821938	0
12.0832	0.0192384	145.606	0.809355	0
12.1301	0.01934	143.957	0.798473	0
12.1099	0.0191935	142.774	0.816497	0
12.08	0.0194338	144.54	0.798473	0
12.1005	0.0189581	142.99	0.820917	0
12.092	0.018941	142.741	0.842342	0
12.1009	0.0192449	144.623	0.807655	0
12.0934	0.0188792	141.958	0.822278	0
12.0517	0.018761	143.14	0.817177	0
12.0757	0.0188319	144.373	0.820237	0
12.0956	0.0183603	143.257	0.8318	0
12.0557	0.0190045	142.357	0.826358	0
12.0789	0.0185587	142.691	0.820237	0
12.1029	0.0189852	143.873	0.854924	0
12.0899	0.0190506	142.674	0.83452	0
12.1006	0.0189591	143.99	0.826699	0
12.1025	0.0191104	142.791	0.809355	0
12.0643	0.0191736	142.924	0.823978	0
12.0559	0.0187673	145.623	0.837581	0
12.0855	0.0193125	142.424	0.803914	0
12.058	0.0185532	143.107	0.825338	0
12.0598	0.0184119	143.507	0.83214	0
12.12	0.018596	142.774	0.812416	0
12.1023	0.0190333	143.94	0.83316	0
12.076	0.0190632	144.357	0.804934	0
12.0905	0.0185744	144.34	0.824998	0
12.0756	0.0189967	144.706	0.815476	0
12.0764	0.0189282	144.423	0.805614	0
12.1005	0.0193237	144.307	0.822958	0
12.0831	0.018969	142.657	0.822958	0
12.0714	0.0187029	144.623	0.845062	0
12.0999	0.0187041	144.656	0.845062	0
12.1095	0.0192659	143.34	0.829079	0
12.0746	0.019272	143.723	0.818197	0
12.0686	0.0189128	142.807	0.823978	0
12.1203	0.0187922	143.99	0.83554	0
12.1306	0.0192933	144.973	0.805274	0
12.0956	0.0189489	142.107	0.848123	0
12.0797	0.0188762	144.64	0.807995	0
12.0938	0.0190318	143.307	0.818197	0
12.0763	0.0187238	143.823	0.814456	0
12.0569	0.0191405	142.874	0.824318	0
12.1074	0.0187147	142.624	0.8369	0
12.1112	0.0187957	144.173	0.842682	0
12.0706	0.019007	142.691	0.827039	0
12.091	0.0193661	144.99	0.831459	0
12.115	0.0189166	142.907	0.821257	0
12.0829	0.0185825	144.673	0.8352	0
12.0594	0.0190457	144.223	0.821938	0
12.0763	0.0190904	144.123	0.807315	0
12.0675	0.0183612	141.808	0.851863	0
12.0618	0.01891	143.957	0.831119	0
12.1111	0.0186347	144.54	0.823298	0
12.087	0.0187062	143.49	0.825338	0
12.0444	0.0189596	143.59	0.796773	0
12.0788	0.0190461	144.423	0.805955	0
12.0931	0.0187211	142.441	0.797793	0
12.0921	0.0191429	143.857	0.83588	0
12.08	0.0191255	143.807	0.814456	0
12.0478	0.0186484	142.741	0.814456	0
12.0708	0.0193308	143.873	0.83486	0
12.0996	0.0186923	143.657	0.83248	0
12.0959	0.0192217	143.557	0.826018	0
12.1046	0.0189245	144.39	0.827379	0
12.0937	0.0193364	143.557	0.809695	0
12.0898	0.0185402	143.524	0.838601	0
12.0939	0.0183678	144.523	0.823298	0
12.0774	0.0184074	143.39	0.821598	0
12.0773	0.0190598	145.423	0.816497	0
12.0798	0.0194071	143.657	0.83486	0
12.0608	0.0188016	144.09	0.801194	0
12.0742	0.0190654	143.207	0.828739	0
12.0855	0.0188545	143.257	0.811056	0
12.0748	0.0189853	143.59	0.808335	0
12.1014	0.0190058	142.357	0.824318	0
12.1034	0.0189197	144.357	0.829419	0
12.0764	0.0191579	145.056	0.819897	0
12.0892	0.0193496	143.59	0.831119	0
12.0838	0.0189711	145.073	0.816157	0
12.0831	0.0185615	141.824	0.819897	0
12.0971	0.0192894	144.456	0.805955	0
12.0867	0.0190168	143.074	0.827379	0
12.0885	0.0188705	144.123	0.829079	0
12.0889	0.0187106	142.907	0.83622	0
12.0746	0.018986	144.74	0.828739	0
12.0748	0.0189389	143.773	0.818197	0
12.0748	0.0191199	143.59	0.844042	0
12.0814	0.0191113	142.774	0.817857	0
12.0828	0.019152	144.29	0.831459	0
12.0954	0.0185574	142.874	0.817177	0
12.1239	0.0187913	144.273	0.811736	0
12.104	0.0191064	144.44	0.821938	0
12.0476	0.0191544	144.19	0.806635	0
12.0612	0.0192646	143.49	0.83316	0
12.1048	0.0188922	142.857	0.814116	0
12.1103	0.0190091	144.023	0.822278	0
12.1023	0.0188282	143.973	0.814116	0
12.0944	0.0187969	143.807	0.820917	0
12.0905	0.0190529	144.057	0.820917	0
12.1034	0.0191758	144.706	0.831119	0
12.104	0.0186407	143.89	0.815816	0
12.0945	0.0190002	143.707	0.798813	0
12.1232	0.0188647	145.106	0.831119	0
12.1164	0.0191955	142.874	0.811056	0
12.0587	0.0187881	143.424	0.83282	0
12.0811	0.0188529	143.207	0.809355	0
12.1033	0.0191686	141.491	0.808675	0
12.0774	0.0191865	142.507	0.828739	0
12.0559	0.0190859	143.557	0.816157	0
12.0644	0.0185331	144.173	0.83554	0
12.0906	0.0188014	144.956	0.813096	0
12.1039	0.0189072	144.373	0.820577	0
12.1101	0.01891	144.556	0.809695	0
12.0825	0.0191037	142.341	0.805955	0
12.0624	0.0188269	145.406	0.813436	0
12.0792	0.0188072	143.723	0.821257	0
12.0808	0.0189139	143.574	0.813776	0
12.0992	0.0185642	143.324	0.811736	0
12.1187	0.0189747	144.19	0.815136	0
12.0868	0.0182489	143.324	0.816837	0
12.0635	0.019145	144.64	0.814456	0
12.0703	0.0193426	143.09	0.827039	0
12.0886	0.0191571	143.19	0.803574	0
12.0786	0.0190838	144.423	0.812076	0
12.0609	0.0188583	143.757	0.805274	0
12.0956	0.0190535	141.991	0.810035	0
12.093	0.0187211	144.923	0.823978	0
12.0857	0.0191174	143.623	0.817517	0
12.1209	0.0188935	144.556	0.825338	0
12.1146	0.018779	144.29	0.805955	0
12.0907	0.0184354	143.207	0.818197	0
12.0942	0.0189668	144.973	0.822958	0
12.1061	0.0190452	143.907	0.821598	0
0	0	0	0	0
0	0	0	0	0
0	0	0	0	0
0	0	0	0	0
0	0	0	0	0
0	0	0	0	0
0	0	0	0	0
0	0	0	0	0
0	0	0	0	0
0	0	0	0	0
0	0	0	0	0
0	0	0	0	0
0	0	0	0	0
0	0	0	0	0
0	0	0	0	0
0	0	0	0	0
0	0	0	0	0
0	0	0	0	0
0	0	0	0	0
0	0	0	0	0
0	0	0	0	0
0	0	0	0	0
0	0	0	0	0
0	0	0	0	0
0	0	0	0	0
0	0	0	0	0
0	0	0	0	0
0	0	0	0	0
0	0	0	0	0
0	0	0	0	0
0	0	0	0	0
0	0	0	0	0
0	0	0	0	0
0	0	0	0	0
0	0	0	0	0
0	0	0	0	0
0	0	0	0	0
0	0	0	0	0
0	0	0	0	0
0	0	0	0	0
0	0	0	0	0
0	0	0	0	0
0	0	0	0	0
0	0	0	0	0
0	0	0	0	0
0	0	0	0	0
0	0	0	0	0
0	0	0	0	0
0	0	0	0	0
0	0	0	0	0
0	0	0	0	0
0	0	0	0	0
0	0	0	0	0
0	0	0	0	0
0	0	0	0	0
0	0	0	0	0
0	0	0	0	0
0	0	0	0	0
0	0	0	0	0
0	0	0	0	0
0	0	0	0	0
0	0	0	0	0
0	0	0	0	0
0	0	0	0	0
0	0	0	0	0
0	0	0	0	0
0	0	0	0	0
0	0	0	0	0
0	0	0	0	0
0	0	0	0	0
0	0	0	0	0
0	0	0	0	0
0	0	0	0	0
0	0	0	0	0
0	0	0	0	0
0	0	0	0	0
0	0	0	0	0
0	0	0	0	0
0	0	0	0	0
0	0	0	0	0
0	0	0	0	0
0	0	0	0	0
0	0	0	0	0
0	0	0	0	0
0	0	0	0	0
0	0	0	0	0
0	0	0	0	0
0	0	0	0	0
0	0	0	0	0
0	0	0	0	0
0	0	0	0	0
0	0	0	0	0
0	0	0	0	0
0	0	0	0	0
0	0	0	0	0
0	0	0	0	0
0	0	0	0	0
0	0	0	0	0
0	0	0	0	0
0	0	0	0	0
0	0	0	0	0
0	0	0	0	0
0	0	0	0	0
0	0	0	0	0
0	0	0	0	0
0	0	0	0	0
0	0	0	0	0
0	0	0	0	0
0	0	0	0	0
0	0	0	0	0
0	0	0	0	0
0	0	0	0	0
0	0	0	0	0
0	0	0	0	0
0	0	0	0	0
0	0	0	0	0
0	0	0	0	0
0	0	0	0	0
0	0	0	0	0
0	0	0	0	0
0	0	0	0	0
0	0	0	0	0
0	0	0	0	0
0	0	0	0	0
0	0	0	0	0
0	0	0	0	0
0	0	0	0	0
0	0	0	0	0
0	0	0	0	0
0	0	0	0	0
0	0	0	0	0
0	0	0	0	0
0	0	0	0	0
0	0	0	0	0
0	0	0	0	0
0	0	0	0	0
0	0	0	0	0
0	0	0	0	0
0	0	0	0	0
0	0	0	0	0
0	0	0	0	0
0	0	0	0	0
0	0	0	0	0
0	0	0	0	0
0	0	0	0	0
0	0	0	0	0
0	0	0	0	0
0	0	0	0	0
0	0	0	0	0
0	0	0	0	0
0	0	0	0	0
0	0	0	0	0
0	0	0	0	0
0	0	0	0	0
0	0	0	0	0
0	0	0	0	0
0	0	0	0	0
0	0	0	0	0
0	0	0	0	0
0	0	0	0	0
0	0	0	0	0
0	0	0	0	0
0	0	0	0	0
0	0	0	0	0
0	0	0	0	0
0	0	0	0	0
0	0	0	0	0
0	0	0	0	0
0	0	0	0	0
0	0	0	0	0
0	0	0	0	0
0	0	0	0	0
0	0	0	0	0
0	0	0	0	0
0	0	0	0	0
0	0	0	0	0
0	0	0	0	0
0	0	0	0	0
0	0	0	0	0
0	0	0	0	0
0	0	0	0	0
0	0	0	0	0
0	0	0	0	0
0	0	0	0	0
0	0	0	0	0
0	0	0	0	0
0	0	0	0	0
0	0	0	0	0
0	0	0	0	0
0	0	0	0	0
0	0	0	0	0
0	0	0	0	0
0	0	0	0	0
0	0	0	0	0
0	0	0	0	0
0	0	0	0	0
0	0	0	0	0
0	0	0	0	0
0	0	0	0	0
0	0	0	0	0
0	0	0	0	0
0	0	0	0	0
0	0	0	0	0
0	0	0	0	0
0	0	0	0	0
0	0	0	0	0
0	0	0	0	0
0	0	0	0	0
0	0	0	0	0
0	0	0	0	0
0	0	0	0	0
0	0	0	0	0
0	0	0	0	0
0	0	0	0	0
0	0	0	0	0
0	0	0	0	0
0	0	0	0	0
0	0	0	0	0
0	0	0	0	0
0	0	0	0	0
0	0	0	0	0
0	0	0	0	0
0	0	0	0	0
0	0	0	0	0
0	0	0	0	0
0	0	0	0	0
0	0	0	0	0
0	0	0	0	0
0	0	0	0	0
0	0	0	0	0
0	0	0	0	0
0	0	0	0	0
0	0	0	0	0
0	0	0	0	0
0	0	0	0	0
0	0	0	0	0
0	0	0	0	0
0	0	0	0	0
0	0	0	0	0
0	0	0	0	0
0	0	0	0	0
0	0	0	0	0
0	0	0	0	0
0	0	0	0	0
0	0	0	0	0
0	0	0	0	0
0	0	0	0	0
0	0	0	0	0
0	0	0	0	0
0	0	0	0	0
0	0	0	0	0
0	0	0	0	0
0	0	0	0	0
0	0	0	0	0
0	0	0	0	0
0	0	0	0	0
0	0	0	0	0
0	0	0	0	0
0	0	0	0	0
0	0	0	0	0
0	0	0	0	0
0	0	0	0	0
0	0	0	0	0
0	0	0	0	0
0	0	0	0	0
0	0	0	0	0
0	0	0	0	0
0	0	0	0	0
0	0	0	0	0
0	0	0	0	0
0	0	0	0	0
0	0	0	0	0
0	0	0	0	0
0	0	0	0	0
0	0	0	0	0
0	0	0	0	0
0	0	0	0	0
0	0	0	0	0
0	0	0	0	0
0	0	0	0	0
0	0	0	0	0
0	0	0	0	0
0	0	0	0	0
0	0	0	0	0
0	0	0	0	0
0	0	0	0	0
0	0	0	0	0
0	0	0	0	0
0	0	0	0	0
0	0	0	0	0
0	0	0	0	0
0	0	0	0	0
0	0	0	0	0
0	0	0	0	0
0	0	0	0	0
0	0	0	0	0
0	0	0	0	0
0	0	0	0	0
0	0	0	0	0
0	0	0	0	0
0	0	0	0	0
0	0	0	0	0
0	0	0	0	0
0	0	0	0	0
0	0	0	0	0
0	0	0	0	0
0	0	0	0	0
0	0	0	0	0
0	0	0	0	0
0	0	0	0	0
0	0	0	0	0
0	0	0	0	0
0	0	0	0	0
0	0	0	0	0
0	0	0	0	0
0	0	0	0	0
0	0	0	0	0
0	0	0	0	0
0	0	0	0	0
0	0	0	0	0
0	0	0	0	0
0	0	0	0	0
0	0	0	0	0
0	0	0	0	0
0	0	0	0	0
0	0	0	0	0
0	0	0	0	0
0	0	0	0	0
0	0	0	0	0
0	0	0	0	0
0	0	0	0	0
0	0	0	0	0
0	0	0	0	0
0	0	0	0	0
0	0	0	0	0
0	0	0	0	0
0	0	0	0	0
0	0	0	0	0
0	0	0	0	0
0	0	0	0	0
0	0	0	0	0
0	0	0	0	0
0	0	0	0	0
0	0	0	0	0
0	0	0	0	0
0	0	0	0	0
0	0	0	0	0
0	0	0	0	0
0	0	0	0	0
0	0	0	0	0
0	0	0	0	0
0	0	0	0	0
0	0	0	0	0
0	0	0	0	0
0	0	0	0	0
0	0	0	0	0
0	0	0	0	0
0	0	0	0	0
0	0	0	0	0
0	0	0	0	0
0	0	0	0	0
0	0	0	0	0
0	0	0	0	0
0	0	0	0	0
0	0	0	0	0
0	0	0	0	0
0	0	0	0	0
0	0	0	0	0
0	0	0	0	0
0	0	0	0	0
0	0	0	0	0
0	0	0	0	0
0	0	0	0	0
0	0	0	0	0
0	0	0	0	0
0	0	0	0	0
0	0	0	0	0
0	0	0	0	0
0	0	0	0	0
0	0	0	0	0
0	0	0	0	0
0	0	0	0	0
0	0	0	0	0
0	0	0	0	0
0	0	0	0	0
0	0	0	0	0
0	0	0	0	0
0	0	0	0	0
0	0	0	0	0
0	0	0	0	0
0	0	0	0	0
0	0	0	0	0
0	0	0	0	0
0	0	0	0	0
0	0	0	0	0
0	0	0	0	0
0	0	0	0	0
0	0	0	0	0
0	0	0	0	0
0	0	0	0	0
