a2610615.350090
Narit-cm 06/01/2026 15:05:00 06/01/2026 15:35:00 0045 0013.384714 0052.542598 00.0 00.0
0002401 0010 0000000 0010 05 0000000 0010 0000000 0010
1 0 1 01600 1 0000 3.75 00000.o 0 0 01 000 16 002401 0.500 BT0
1 2 1 02000 1 0000 3.75 00000.o 0 0 01 000 16 002401 0.500 S2A0
1 1 1 01600 1 0000 3.75 00000.o 0 0 00 000 00 002401 3.1746 BC0
1 3 1 02000 1 0000 3.75 00000.o 0 0 00 000 00 002401 3.1746 S2P0
1 5 0 01600 0 0000 1.00 00000.o 0 0 00 000 00 000000 0.000 OF0
0.000 .o Analog 0 	0.000 .o Analog StErr 0 	0.000 .o Photon Counting 0 	0.000 .o PC StErr 0 	0.000 .o Overflow Info 0 
30.9573	0.128858	183.823	0.861385	0
61.5206	0.328707	190.287	0.849483	0
234.687	1.95135	94.1774	1.31061	0
470.127	0.252097	0.166597	0.0622319	0
473.46	0.000577664	1.16618	0.148949	0
473.457	0	71.0704	1.18105	0
473.457	0	103.024	1.18037	0
473.457	6.3565E-6	14.4773	0.51894	0
473.457	0	7.98001	0.373732	0
473.457	0	24.7564	0.615518	0
473.457	0	68.4215	0.904233	0
473.457	6.3565E-6	127.397	0.996731	0
473.457	6.3565E-6	145.106	0.962725	0
473.457	0	109.038	0.970206	0
473.457	0	88.2299	0.906954	0
473.457	0	84.9646	0.881109	0
473.457	0	88.9796	0.876348	0
473.457	0	97.8092	0.88825	0
473.457	0	104.173	0.901513	0
473.457	0	114.919	0.894372	0
473.478	0.0147953	135.81	0.88655	1
473.501	0.0220959	159.434	0.88757	1
473.501	0.0220959	178.442	0.903893	1
473.501	0.0220959	187.738	0.896412	1
474.888	0.112598	192.37	0.896072	1
483.766	0.254973	197.035	0.892331	1
490.911	0.244863	194.336	0.907634	1
498.97	0.0956634	196.368	0.861725	1
499.929	0.029162	194.052	0.873287	1
499.902	0.0497766	193.569	0.881449	1
499.849	0.0751718	193.403	0.863086	1
498.293	0.135348	191.837	0.877028	1
487.229	0.373183	193.253	0.859685	1
466.654	0.650879	191.554	0.859685	1
437.535	0.745588	191.52	0.864106	1
406.285	0.727144	192.52	0.863086	1
376.665	0.72045	190.371	0.868527	0
348.654	0.69226	193.653	0.870907	0
322.672	0.665155	190.954	0.867846	0
298.388	0.653483	189.821	0.857644	0
275.268	0.643418	191.52	0.857644	0
253.185	0.637586	189.804	0.847443	0
232.25	0.633572	191.62	0.857985	0
212.128	0.625274	189.221	0.852543	0
192.703	0.620276	188.222	0.850163	0
174.178	0.623476	189.738	0.845062	0
156.245	0.630047	188.588	0.866146	0
138.77	0.630232	189.704	0.841661	0
122.145	0.623128	189.854	0.843702	0
106.554	0.609355	189.055	0.867166	0
92.1233	0.585736	189.721	0.855944	0
79.0766	0.548213	189.721	0.856624	0
67.605	0.498813	188.155	0.866826	0
57.9366	0.444512	187.955	0.868867	0
49.9005	0.386227	187.039	0.857985	0
43.191	0.329184	187.139	0.844382	0
37.9337	0.277123	186.189	0.849483	0
33.8291	0.230614	184.74	0.83486	0
30.5336	0.191195	184.473	0.850503	0
27.9507	0.157426	184.84	0.863426	0
25.9248	0.128992	182.124	0.848463	0
24.416	0.106835	182.291	0.850163	0
23.2557	0.0893321	179.042	0.843362	0
22.2629	0.0741897	178.875	0.839281	0
21.4609	0.0632846	177.126	0.856624	0
20.8172	0.0540566	175.96	0.830439	0
20.3036	0.0463765	174.96	0.859685	0
19.8968	0.0411299	176.077	0.83554	0
19.5521	0.0373643	172.895	0.813436	0
19.2208	0.0344054	172.995	0.851523	0
18.9682	0.0322777	172.961	0.849823	0
18.7492	0.0306393	170.446	0.83588	0
18.5059	0.0288271	171.379	0.846762	0
18.3222	0.0272771	171.112	0.827719	0
18.1473	0.0277899	170.329	0.83282	0
17.9548	0.0270888	169.613	0.842001	0
17.8204	0.0272481	170.496	0.838261	0
17.7025	0.0262709	169.813	0.840981	0
17.5451	0.0262607	169.213	0.823638	0
17.3986	0.0262771	168.663	0.83282	0
17.2781	0.0257442	166.697	0.843022	0
17.1745	0.025183	168.38	0.846422	0
17.0834	0.0253697	167.997	0.839281	0
17.0038	0.02441	167.68	0.840641	0
16.9177	0.0253498	166.814	0.83486	0
16.8131	0.0251088	167.53	0.83622	0
16.7794	0.0243827	167.497	0.844722	0
16.7242	0.0247607	167.38	0.837921	0
16.5991	0.0245554	167.38	0.844722	0
16.5339	0.0246898	165.898	0.828399	0
16.4943	0.0240038	166.247	0.837921	0
16.4254	0.0235254	167.98	0.850503	0
16.3637	0.0237349	165.281	0.847783	0
16.3186	0.0234043	165.131	0.829759	0
16.2586	0.0231352	164.098	0.850843	0
16.2016	0.0242952	166.297	0.825338	0
16.1351	0.0240935	163.932	0.839621	0
16.0533	0.0237544	164.498	0.850843	0
16.0185	0.0243556	165.348	0.856964	0
15.9628	0.0246149	164.115	0.838601	0
15.9033	0.0243407	165.731	0.841661	0
15.89	0.0241615	163.432	0.845062	0
15.8595	0.0239715	164.098	0.842682	0
15.84	0.0235072	163.482	0.864786	0
15.808	0.0235833	165.331	0.804594	0
15.73	0.0235241	164.765	0.845742	0
15.6756	0.0235598	164.198	0.849143	0
15.6604	0.0234575	163.848	0.824318	0
15.6431	0.0230895	163.815	0.815476	0
15.6071	0.0230518	164.531	0.845742	0
15.5755	0.0229542	164.815	0.841321	0
15.525	0.0234176	163.915	0.842342	0
15.4696	0.0234912	163.399	0.830439	0
15.4259	0.0231249	162.599	0.819897	0
15.3852	0.0232613	163.399	0.820917	0
15.3738	0.0231834	162.965	0.853904	0
15.3451	0.0231145	162.449	0.829419	0
15.323	0.0234262	161.349	0.824658	0
15.2836	0.0230005	162.999	0.83282	0
15.2031	0.0228632	162.066	0.843022	0
15.1743	0.0230551	162.949	0.841661	0
15.19	0.0222369	162.249	0.845402	0
15.1269	0.0221088	161.799	0.849823	0
15.0803	0.0223726	161.15	0.818877	0
15.0968	0.0230715	162.899	0.837921	0
15.0426	0.022117	163.265	0.8352	0
15.0075	0.0224198	161.466	0.829419	0
14.9925	0.0229901	161.666	0.813436	0
14.9014	0.0223305	161.666	0.840981	0
14.8738	0.0225386	162.349	0.826358	0
14.883	0.0222249	161.283	0.813776	0
14.8211	0.0222559	162.232	0.814116	0
14.8041	0.0220481	161.433	0.839281	0
14.7589	0.0225552	161.483	0.845742	0
14.6736	0.0222112	160.866	0.83588	0
14.6686	0.0218862	163.282	0.83656	0
14.6456	0.0218891	161.866	0.83554	0
14.5847	0.0218266	160.916	0.831459	0
14.5882	0.0218698	159.717	0.822618	0
14.5368	0.0219386	159.933	0.839621	0
14.4658	0.0216973	162.032	0.83588	0
14.4524	0.0224426	160.466	0.817177	0
14.4041	0.0216651	158.817	0.804254	0
14.3523	0.0217502	160.1	0.813776	0
14.3234	0.0217034	159.633	0.838261	0
14.2933	0.0217164	159.8	0.814796	0
14.2928	0.0218326	159.833	0.8318	0
14.2579	0.0220191	160.666	0.842342	0
14.1612	0.0217368	158.417	0.840981	0
14.1224	0.0214283	159.584	0.817517	0
14.1328	0.0219209	159.7	0.827379	0
14.0608	0.0214869	160.067	0.853224	0
13.9959	0.0212582	158.601	0.851183	0
14.0004	0.0211777	158.617	0.826699	0
13.9556	0.0215491	158.734	0.807315	0
13.8973	0.0213905	160.333	0.851523	0
13.9042	0.0213303	157.601	0.823298	0
13.8905	0.0210129	159.467	0.83554	0
13.8351	0.0210847	156.501	0.828739	0
13.7635	0.0218985	159.733	0.828059	0
13.7166	0.0213377	157.934	0.8369	0
13.7004	0.021234	157.634	0.826358	0
13.7117	0.0214907	159.733	0.827719	0
13.6847	0.021943	156.268	0.843362	0
13.5742	0.0214807	158.101	0.842001	0
13.5431	0.0214378	158.9	0.844042	0
13.5787	0.0216736	155.685	0.83486	0
13.5277	0.0209604	157.784	0.83316	0
13.4624	0.0207486	157.534	0.854584	0
13.4205	0.0211513	156.768	0.823638	0
13.3812	0.0212796	158.001	0.840641	0
13.3472	0.0211295	157.734	0.850503	0
13.3266	0.0210799	157.068	0.83384	0
13.2961	0.0206247	155.668	0.831119	0
13.2616	0.0213003	156.218	0.830099	0
13.2467	0.021163	156.985	0.83418	0
13.2267	0.0211444	154.935	0.83282	0
13.2089	0.0212921	156.551	0.818877	0
13.1812	0.0207154	153.936	0.816157	0
13.1306	0.0209165	157.284	0.838261	0
13.1028	0.0210724	155.702	0.847783	0
13.0737	0.0206755	156.368	0.841661	0
13.0571	0.0210424	156.535	0.841661	0
13.0335	0.0210263	154.935	0.839621	0
12.9901	0.0204371	155.235	0.826018	0
12.9757	0.0212544	155.752	0.828399	0
12.977	0.0212936	155.635	0.839621	0
12.9581	0.0205608	153.486	0.83656	0
12.9157	0.0207148	156.385	0.837581	0
12.8926	0.0206063	154.819	0.821598	0
12.8758	0.0207683	155.519	0.838941	0
12.8429	0.0206389	154.835	0.826018	0
12.8151	0.0206984	153.886	0.829419	0
12.7974	0.0208159	155.685	0.837581	0
12.7729	0.0201797	155.302	0.83282	0
12.7395	0.02102	153.669	0.83622	0
12.6802	0.0203161	153.203	0.827379	0
12.6646	0.0206367	154.386	0.839961	0
12.6946	0.0203956	154.152	0.805955	0
12.664	0.0207706	155.102	0.856284	0
12.6342	0.0205957	153.986	0.830439	0
12.6378	0.0200422	153.819	0.812416	0
12.6049	0.0205185	153.636	0.847102	0
12.5593	0.0197448	155.402	0.841661	0
12.5312	0.0199455	153.353	0.83384	0
12.5222	0.020133	152.736	0.853224	0
12.5244	0.0202101	153.519	0.838261	0
12.5052	0.0203016	152.92	0.838941	0
12.4959	0.0201148	154.019	0.830439	0
12.4845	0.0197307	153.203	0.819897	0
12.4612	0.0200257	154.369	0.819217	0
12.4423	0.019791	152.52	0.818537	0
12.3872	0.0200493	151.937	0.822618	0
12.3875	0.0199698	154.336	0.83656	0
12.4103	0.0194618	154.036	0.822278	0
12.3638	0.0199211	153.203	0.848803	0
12.3443	0.0201234	151.67	0.844382	0
12.3422	0.0194975	151.487	0.826699	0
12.2953	0.0197781	151.404	0.821598	0
12.2759	0.0196982	152.453	0.817177	0
12.2929	0.0192025	153.836	0.831459	0
12.3045	0.0199193	152.586	0.856624	0
12.2543	0.0198547	151.404	0.843022	0
12.2299	0.0195667	151.554	0.839621	0
12.2375	0.0197085	151.32	0.839961	0
12.2162	0.0196574	151.17	0.809695	0
12.2071	0.0191942	152.203	0.814456	0
12.2228	0.0196775	152.786	0.819557	0
12.2132	0.0192467	151.77	0.815476	0
12.1759	0.0196201	152.203	0.837241	0
12.1662	0.0193989	152.77	0.818197	0
12.1517	0.0194036	152.32	0.850163	0
12.1261	0.0197168	151.02	0.83588	0
12.1072	0.0195182	152.22	0.852203	0
12.0893	0.0201829	152.953	0.8318	0
12.0857	0.019408	153.486	0.845402	0
12.0984	0.0190879	150.904	0.812756	0
12.1032	0.0190234	151.404	0.822618	0
12.0595	0.0192433	152.886	0.856284	0
12.0186	0.019456	152.653	0.852543	0
12.0259	0.0194358	152.087	0.827379	0
12.0126	0.0189017	151.087	0.845062	0
11.9881	0.0190612	150.92	0.842001	0
11.9828	0.018757	151.154	0.816837	0
12.0222	0.0188891	150.887	0.829419	0
12.0287	0.0189589	150.721	0.83316	0
11.9898	0.0186929	151.67	0.831119	0
11.9918	0.019067	152.27	0.847783	0
11.9654	0.0187783	151.703	0.854584	0
11.9206	0.0198381	149.704	0.852203	0
11.9248	0.0194111	150.82	0.83588	0
11.9408	0.0191837	152.72	0.830439	0
11.9383	0.0188749	150.804	0.852203	0
11.9141	0.0189796	148.855	0.811396	0
11.9049	0.0186783	150.537	0.818877	0
11.9029	0.0187998	150.737	0.825678	0
11.9013	0.0188107	150.704	0.827379	0
11.8852	0.0189626	151.287	0.83656	0
11.8905	0.0191858	152.187	0.826699	0
11.9102	0.0188521	151.653	0.83214	0
11.8622	0.0186842	151.237	0.824658	0
11.8419	0.019092	150.97	0.828739	0
11.8634	0.0186862	150.787	0.844382	0
11.8186	0.0185877	150.321	0.839621	0
11.7881	0.0183901	151.387	0.847783	0
11.8207	0.0188445	151.42	0.828059	0
11.8022	0.0185161	150.554	0.8318	0
11.8055	0.0182334	151.27	0.823638	0
11.8265	0.0185157	150.021	0.83384	0
11.7892	0.0187176	150.354	0.843022	0
11.7958	0.0188402	151.554	0.83622	0
11.7937	0.0183462	150.87	0.817177	0
11.7636	0.0182479	149.288	0.823978	0
11.775	0.0187488	150.937	0.847102	0
11.7468	0.0187053	150.954	0.830099	0
11.7335	0.0180492	149.821	0.825338	0
11.7401	0.0183359	151.037	0.825338	0
11.7054	0.0179872	151.204	0.815816	0
11.7094	0.0186104	149.971	0.831119	0
11.7279	0.018208	150.654	0.839621	0
11.708	0.0182923	149.471	0.823298	0
11.717	0.0185674	151.27	0.837241	0
11.7292	0.0182964	151.703	0.839961	0
11.7114	0.0183013	150.771	0.829419	0
11.7033	0.0185483	149.688	0.83282	0
11.7037	0.0185749	152.303	0.810375	0
11.7166	0.0183866	150.287	0.812076	0
11.6995	0.018442	149.671	0.855264	0
11.6831	0.0186973	150.97	0.818537	0
11.685	0.0182091	152.037	0.846082	0
11.6787	0.0185813	150.604	0.811396	0
11.6483	0.0181077	150.554	0.826358	0
11.6243	0.0182171	149.971	0.849483	0
11.6398	0.018429	149.338	0.840981	0
11.6533	0.0180746	151.02	0.83214	0
11.6469	0.0179935	149.288	0.806295	0
11.6202	0.0182802	150.004	0.866826	0
11.6171	0.0184296	149.105	0.814116	0
11.6465	0.0183078	149.354	0.830779	0
11.6283	0.0183403	150.237	0.816157	0
11.5961	0.0182152	150.954	0.852543	0
11.6124	0.0174375	150.571	0.843022	0
11.6194	0.0180171	150.421	0.825678	0
11.5856	0.0180854	149.554	0.848123	0
11.6031	0.0183824	149.788	0.845062	0
11.6246	0.0181677	149.804	0.83214	0
11.5793	0.0179519	149.854	0.823298	0
11.5637	0.0184944	148.272	0.851183	0
11.5585	0.0179016	149.738	0.842682	0
11.59	0.0180753	149.404	0.839281	0
11.6155	0.0183349	150.154	0.838601	0
11.5755	0.0185751	149.621	0.843362	0
11.5631	0.0186415	149.671	0.828399	0
11.5489	0.0179717	150.221	0.826358	0
11.5494	0.018286	148.738	0.824998	0
11.5635	0.0178614	149.854	0.851183	0
11.5559	0.0180361	148.372	0.826699	0
11.5639	0.0179879	147.972	0.820917	0
11.5509	0.0185182	149.254	0.83316	0
11.5423	0.0182592	148.272	0.816837	0
11.5615	0.0181908	150.137	0.839621	0
11.537	0.0181897	149.654	0.824998	0
11.5256	0.0178383	150.071	0.855264	0
11.5435	0.0181199	149.288	0.831119	0
11.5104	0.0178477	150.187	0.837921	0
11.5039	0.0176907	149.271	0.826018	0
11.5267	0.0177875	149.504	0.829419	0
11.5094	0.017757	149.454	0.854924	0
11.5031	0.0177161	150.287	0.829759	0
11.5129	0.0177941	149.005	0.839961	0
11.4988	0.0176959	149.021	0.839281	0
11.5121	0.0180608	149.188	0.809355	0
11.529	0.0180746	147.955	0.838261	0
11.4791	0.0180863	149.688	0.8318	0
11.4606	0.0179121	150.337	0.825338	0
11.4911	0.017869	148.605	0.821598	0
11.4771	0.0181164	149.738	0.855944	0
11.4765	0.0176008	149.588	0.823978	0
11.4922	0.0181072	149.371	0.851183	0
11.4737	0.0178858	148.338	0.865126	0
11.4664	0.017776	148.888	0.807995	0
11.4832	0.0178496	149.354	0.827719	0
11.4881	0.0183986	149.188	0.83316	0
11.4609	0.0182149	148.605	0.842001	0
11.452	0.0177861	149.155	0.841661	0
11.4793	0.0180682	149.921	0.83622	0
11.4553	0.0177801	149.338	0.815816	0
11.4526	0.0182972	150.204	0.825338	0
11.4836	0.0179104	148.488	0.820917	0
11.4739	0.0177004	148.871	0.848803	0
11.4726	0.0180072	148.155	0.8352	0
11.4782	0.0182653	149.454	0.828399	0
11.4574	0.0177841	148.588	0.827719	0
11.4359	0.0181106	149.921	0.823978	0
11.4389	0.0179091	151.054	0.83588	0
11.4445	0.0178896	149.471	0.830099	0
11.4303	0.0178763	148.705	0.8335	0
11.4225	0.0183115	149.204	0.83554	0
11.4418	0.0179207	147.772	0.83452	0
11.4644	0.018428	149.588	0.829079	0
11.4555	0.0178339	148.588	0.829419	0
11.4458	0.0178698	148.821	0.806295	0
11.4499	0.0174716	148.238	0.814456	0
11.4127	0.0181158	148.571	0.840981	0
11.4076	0.0180145	149.571	0.854924	0
11.4211	0.0181385	148.805	0.8335	0
11.4237	0.0179927	149.888	0.807315	0
11.4453	0.0177928	149.088	0.843362	0
11.3851	0.0181923	148.805	0.845062	0
11.3598	0.0179016	148.855	0.825338	0
11.4197	0.0174218	148.605	0.820577	0
11.427	0.0178274	148.955	0.83316	0
11.4196	0.0175781	148.505	0.838941	0
11.435	0.0177587	148.921	0.8352	0
11.4216	0.0181576	149.638	0.831119	0
11.411	0.0179417	150.237	0.838261	0
11.4178	0.0184834	148.771	0.840641	0
11.4063	0.0176809	148.072	0.812416	0
11.39	0.0179161	148.855	0.841321	0
11.3802	0.017902	149.788	0.844042	0
11.3953	0.0180339	148.555	0.829419	0
11.4053	0.0177457	147.772	0.821938	0
11.4142	0.0173821	151.22	0.828399	0
11.4318	0.017699	148.921	0.809695	0
11.412	0.0179357	147.472	0.83622	0
11.3755	0.0177882	149.254	0.820917	0
11.3864	0.0178601	149.471	0.829079	0
11.3918	0.0180636	149.155	0.845062	0
11.3711	0.0177844	148.521	0.816497	0
11.383	0.0179677	147.788	0.829759	0
11.4062	0.0176988	149.171	0.848803	0
11.4036	0.017982	150.154	0.817517	0
11.3949	0.0180597	149.105	0.83418	0
11.3688	0.0179683	148.655	0.83486	0
11.3347	0.0175907	147.938	0.852543	0
11.3583	0.0180348	147.955	0.814116	0
11.4001	0.0176687	148.038	0.838601	0
11.3896	0.0181611	149.321	0.822618	0
11.3569	0.0184813	148.188	0.824318	0
11.3629	0.0177565	149.188	0.824998	0
11.3768	0.0178955	148.755	0.838941	0
11.3548	0.0175262	149.338	0.823978	0
11.3475	0.0176267	149.271	0.83418	0
11.371	0.017551	148.921	0.831459	0
11.3827	0.0174578	149.604	0.814796	0
11.3712	0.0178456	148.488	0.856284	0
11.3524	0.0178382	148.638	0.8318	0
11.3588	0.0180588	148.705	0.845742	0
11.3316	0.01775	149.138	0.848123	0
11.3144	0.0176088	148.755	0.851523	0
11.3245	0.0176804	149.188	0.83656	0
11.3312	0.0171827	150.137	0.844722	0
11.341	0.0181342	148.588	0.83316	0
11.3222	0.0181334	148.738	0.847783	0
11.2917	0.0181848	148.855	0.850163	0
11.3059	0.018195	147.805	0.821598	0
11.3243	0.0174554	149.571	0.83622	0
11.3601	0.0174664	149.088	0.821938	0
11.3623	0.0177058	148.338	0.83316	0
11.3222	0.0180341	148.788	0.824318	0
11.3112	0.0177775	149.921	0.809355	0
11.3273	0.0175798	148.588	0.83282	0
11.3343	0.0177573	147.372	0.837581	0
11.315	0.0178395	148.022	0.861045	0
11.3139	0.0176279	147.589	0.851523	0
11.3404	0.0175322	147.522	0.829079	0
11.3251	0.0177935	149.138	0.861045	0
11.3127	0.0176936	148.155	0.8335	0
11.3124	0.0177725	147.322	0.820577	0
11.2965	0.0180134	147.772	0.83316	0
11.2912	0.0178419	146.606	0.861385	0
11.2854	0.0175381	148.938	0.83554	0
11.2813	0.0184383	148.305	0.837241	0
11.2971	0.0174875	148.571	0.837241	0
11.287	0.0177141	148.188	0.815476	0
11.2759	0.0176136	149.421	0.818537	0
11.3008	0.0174223	148.222	0.856964	0
11.2966	0.0174063	149.055	0.83452	0
11.2952	0.0178411	147.738	0.820577	0
11.3062	0.0184778	148.755	0.83486	0
11.283	0.0181472	148.921	0.83486	0
11.2641	0.0178475	149.871	0.838601	0
11.2749	0.0177379	147.955	0.819217	0
11.2549	0.0177122	148.805	0.83214	0
11.2426	0.0181515	146.556	0.822958	0
11.2444	0.0175768	147.389	0.814456	0
11.2385	0.0177924	148.421	0.851183	0
11.2603	0.0178223	149.421	0.844042	0
11.2615	0.0173072	147.572	0.821938	0
11.2551	0.017679	147.272	0.83622	0
11.2742	0.017539	148.655	0.864446	0
11.276	0.0176696	149.571	0.841661	0
11.253	0.0174595	148.605	0.842342	0
11.2561	0.0176748	148.322	0.822958	0
11.28	0.0176502	148.688	0.846422	0
11.276	0.017743	148.588	0.845742	0
11.2534	0.017618	147.822	0.83418	0
11.2394	0.0173144	148.355	0.839621	0
11.2431	0.0172432	148.721	0.809695	0
11.2699	0.0178348	149.804	0.818197	0
11.2549	0.0181014	148.471	0.839961	0
11.2181	0.0177158	148.005	0.843702	0
11.2424	0.0173385	148.605	0.842001	0
11.2569	0.0176407	147.005	0.852203	0
11.2361	0.0176642	149.571	0.815136	0
11.2497	0.0175067	149.021	0.829079	0
11.2529	0.0177968	147.222	0.829419	0
11.2403	0.0173758	148.188	0.83554	0
11.2499	0.018073	147.972	0.827039	0
11.2467	0.0179012	148.155	0.823638	0
11.2101	0.0177055	147.655	0.825678	0
11.1965	0.0173738	148.821	0.83384	0
11.2333	0.0179031	148.172	0.846082	0
11.2526	0.0175812	147.422	0.801534	0
11.2457	0.0180162	147.172	0.8369	0
11.2166	0.0180442	147.272	0.817517	0
11.228	0.0178594	148.488	0.842001	0
11.2595	0.0175805	148.388	0.83486	0
11.2389	0.0171558	147.805	0.840301	0
11.2498	0.0174293	148.088	0.826018	0
11.2727	0.0180665	148.655	0.8369	0
11.2262	0.0175403	149.105	0.858665	0
11.2215	0.0176996	147.322	0.831119	0
11.2356	0.017719	148.788	0.820237	0
11.2227	0.0176634	147.655	0.818537	0
11.2401	0.0177249	149.371	0.8369	0
11.228	0.0177769	147.289	0.837581	0
11.222	0.0175831	147.872	0.821598	0
11.2439	0.0172245	147.738	0.845062	0
11.2119	0.0177523	146.506	0.83554	0
11.1882	0.0173971	149.488	0.841321	0
11.2299	0.0174494	147.722	0.842001	0
11.2516	0.0173192	148.521	0.820577	0
11.2328	0.0174924	150.054	0.827719	0
11.2301	0.0175613	149.754	0.83656	0
11.2183	0.0182237	147.372	0.830439	0
11.194	0.0178139	146.905	0.830439	0
11.1912	0.0175402	148.471	0.838941	0
11.2181	0.0174344	148.388	0.83452	0
11.2246	0.0178308	147.372	0.831119	0
11.2247	0.0175892	148.088	0.844382	0
11.2284	0.0172248	147.805	0.820577	0
11.2202	0.0175342	148.688	0.830779	0
11.2379	0.0172661	147.522	0.846082	0
11.2467	0.0176414	148.655	0.844722	0
11.202	0.0172017	146.789	0.820237	0
11.1871	0.0176086	149.404	0.837921	0
11.2032	0.0179346	147.522	0.848123	0
11.2116	0.0173416	148.488	0.840981	0
11.2343	0.0176219	148.205	0.845062	0
11.2287	0.0175267	146.439	0.822278	0
11.2039	0.0173711	147.688	0.819557	0
11.2126	0.0176133	148.838	0.820237	0
11.2048	0.0175015	147.455	0.808675	0
11.197	0.0171544	147.272	0.828059	0
11.2149	0.0177797	146.639	0.8352	0
11.2082	0.0176789	148.322	0.837581	0
11.1631	0.0181918	146.772	0.837241	0
11.1751	0.0181404	146.689	0.842682	0
11.2084	0.0179789	148.122	0.839961	0
11.1842	0.0177567	148.138	0.828739	0
11.1852	0.0176942	149.338	0.8369	0
11.2226	0.0173156	149.354	0.851863	0
11.2132	0.0174026	149.105	0.854924	0
11.1967	0.0174088	148.955	0.814796	0
11.2051	0.0176507	147.122	0.829759	0
11.2207	0.0178297	147.672	0.829079	0
11.2146	0.0179293	149.138	0.838261	0
11.2096	0.0176865	147.772	0.828059	0
11.2145	0.0177492	147.872	0.825338	0
11.1907	0.0174853	148.138	0.823978	0
11.1842	0.0172198	148.805	0.828399	0
11.2001	0.0177709	148.888	0.83248	0
11.2111	0.0177357	148.355	0.844722	0
11.2034	0.0176167	147.672	0.814456	0
11.2073	0.0175818	147.755	0.841661	0
11.2295	0.0180405	149.155	0.843022	0
11.2143	0.0175613	147.055	0.818877	0
11.1913	0.0176796	148.638	0.823638	0
11.202	0.0174858	149.871	0.842342	0
11.2225	0.0177953	148.322	0.812076	0
11.2151	0.0176325	149.371	0.820237	0
11.2071	0.0175623	147.172	0.818197	0
11.2114	0.0172405	148.805	0.825338	0
11.1939	0.0178904	148.272	0.815476	0
11.1856	0.0179079	147.089	0.855944	0
11.1921	0.0175423	147.572	0.830099	0
11.1759	0.0173606	148.255	0.839961	0
11.1639	0.0174317	147.239	0.8352	0
11.1581	0.0176653	148.505	0.83486	0
11.1486	0.0172332	147.872	0.83656	0
11.1674	0.0173974	148.305	0.840301	0
11.1928	0.0173614	149.171	0.816157	0
11.1859	0.017276	147.189	0.83486	0
11.1805	0.0177116	147.389	0.827039	0
11.2039	0.0175096	146.905	0.848123	0
11.2016	0.0175807	147.055	0.843022	0
11.1805	0.0169276	148.288	0.853564	0
11.1717	0.0175661	147.922	0.826699	0
11.1619	0.0180228	146.556	0.819557	0
11.1709	0.0173294	146.922	0.83452	0
11.1828	0.0176316	148.355	0.846082	0
11.1856	0.0173165	149.271	0.826358	0
11.199	0.0172259	147.855	0.843702	0
11.1893	0.0176771	146.322	0.83452	0
11.1583	0.0177579	147.738	0.828739	0
11.1932	0.0173336	149.055	0.83282	0
11.2115	0.0174936	146.822	0.831119	0
11.1861	0.0173757	147.822	0.826358	0
11.1768	0.0177618	148.755	0.831119	0
11.1884	0.0181564	148.205	0.846422	0
11.2068	0.0179394	147.505	0.83418	0
11.1994	0.0178345	149.005	0.848463	0
11.1901	0.0181965	147.172	0.839281	0
11.2014	0.0178077	147.988	0.828399	0
11.1847	0.0174603	147.988	0.858665	0
11.146	0.0173196	146.689	0.83384	0
11.1566	0.0174928	148.305	0.83452	0
11.1876	0.0175244	148.022	0.808335	0
11.1884	0.0177636	148.388	0.827719	0
11.1781	0.0179178	147.838	0.820577	0
11.1691	0.0176926	148.022	0.844042	0
11.168	0.0175227	147.422	0.83622	0
11.1717	0.0174633	148.938	0.852203	0
11.1664	0.0178156	146.572	0.848803	0
11.1536	0.017301	147.622	0.83214	0
11.1655	0.017675	149.005	0.848463	0
11.1784	0.0170713	146.939	0.842682	0
11.1623	0.0179467	147.339	0.846082	0
11.1624	0.0175454	148.205	0.828739	0
11.1774	0.0173295	148.322	0.830099	0
11.1733	0.0175198	146.372	0.821938	0
11.1548	0.0177254	147.772	0.816157	0
11.1662	0.0174256	148.005	0.827719	0
11.1783	0.0178362	148.238	0.8318	0
11.1645	0.0175027	147.755	0.843702	0
11.1692	0.017481	148.638	0.827379	0
11.1666	0.0175607	148.255	0.821257	0
11.1543	0.0174856	148.588	0.846082	0
11.1702	0.0175282	150.454	0.829419	0
11.1774	0.0174219	148.471	0.807995	0
11.1643	0.0173064	147.772	0.847783	0
11.1694	0.0179529	148.288	0.849823	0
11.1755	0.0172966	148.272	0.812756	0
11.1782	0.0176058	147.955	0.817177	0
11.1626	0.0179103	148.305	0.842682	0
11.1431	0.0181043	148.455	0.826358	0
11.1395	0.0177771	146.606	0.855944	0
11.1381	0.0177437	148.621	0.842682	0
11.1696	0.0177688	149.304	0.863426	0
11.1725	0.0173308	146.672	0.824998	0
11.1404	0.0174932	147.722	0.853224	0
11.1617	0.0174335	148.788	0.857644	0
11.1828	0.017634	148.921	0.850843	0
11.1592	0.017411	148.105	0.814116	0
11.1682	0.0176615	146.939	0.820917	0
11.1792	0.0177102	147.589	0.843702	0
11.1561	0.0173093	148.838	0.809355	0
11.1575	0.0174101	148.122	0.829419	0
11.176	0.0178381	147.655	0.8335	0
11.1559	0.0172724	146.422	0.837581	0
11.1334	0.0175449	147.638	0.840641	0
11.1696	0.0174428	148.205	0.828399	0
11.1748	0.0171382	148.655	0.8335	0
11.1406	0.017314	147.055	0.837921	0
11.1627	0.0180979	148.855	0.829419	0
11.1775	0.0178858	149.538	0.83554	0
11.1486	0.0177393	148.155	0.820237	0
11.1422	0.0177612	146.789	0.844042	0
11.1371	0.0173374	147.622	0.826018	0
11.1362	0.0172023	147.039	0.830779	0
11.1455	0.017891	147.455	0.812416	0
11.1476	0.0169878	146.922	0.838601	0
11.154	0.0171906	148.055	0.851863	0
11.1703	0.0175191	148.738	0.820917	0
11.1595	0.0174423	146.706	0.843022	0
11.1629	0.0179741	149.171	0.83656	0
11.1744	0.0175312	147.988	0.83588	0
11.1316	0.0174395	148.638	0.83656	0
11.134	0.0174367	147.005	0.829759	0
11.1627	0.0178923	147.322	0.814456	0
11.1432	0.017543	148.388	0.829759	0
11.1544	0.0175376	147.805	0.8318	0
11.1601	0.0174081	148.038	0.83452	0
11.1472	0.0177577	147.322	0.83622	0
11.132	0.0172713	147.422	0.840981	0
11.1328	0.0174188	148.605	0.807995	0
11.1353	0.017385	146.122	0.830779	0
11.121	0.0172931	148.855	0.837241	0
11.1344	0.0171329	147.638	0.820577	0
11.1509	0.0179233	147.422	0.840641	0
11.145	0.017857	147.772	0.851183	0
11.156	0.0176317	146.606	0.844042	0
11.1689	0.0175608	147.455	0.845742	0
11.1878	0.0177725	148.322	0.846082	0
11.1855	0.0173094	146.722	0.848463	0
11.1451	0.0174459	148.238	0.821598	0
11.1502	0.0173274	148.222	0.813776	0
11.1492	0.0173667	147.139	0.8369	0
11.1435	0.0174622	149.188	0.849823	0
11.1701	0.018118	147.688	0.837581	0
11.1613	0.0177445	148.088	0.842342	0
11.1587	0.0179486	148.238	0.828399	0
11.1515	0.0175289	147.972	0.806975	0
11.1538	0.0174074	149.055	0.814116	0
11.1703	0.0178509	148.238	0.844042	0
11.1469	0.0179055	147.722	0.852203	0
11.1311	0.017459	147.355	0.831459	0
11.1489	0.0170786	147.955	0.83452	0
11.1512	0.0176161	149.571	0.816497	0
11.1443	0.0175674	147.589	0.809015	0
11.1351	0.0174605	147.472	0.839281	0
11.137	0.0177856	148.122	0.843362	0
11.1394	0.0174235	147.938	0.817857	0
11.1469	0.0170295	147.205	0.83452	0
11.161	0.0175288	149.954	0.847783	0
11.159	0.0177727	147.688	0.8318	0
11.1559	0.0171948	148.805	0.842342	0
11.1731	0.0176259	147.339	0.817177	0
11.1585	0.017009	148.122	0.829079	0
11.1114	0.0167046	147.539	0.822958	0
11.1194	0.0171109	147.722	0.841321	0
11.1453	0.0178417	147.822	0.83418	0
11.1268	0.0176706	148.272	0.847783	0
11.1287	0.0170388	147.272	0.846762	0
11.154	0.0179237	147.622	0.840981	0
11.1567	0.0177331	148.805	0.83282	0
11.1381	0.0174418	147.805	0.837921	0
11.1533	0.0179896	149.038	0.845062	0
11.1866	0.0180427	148.238	0.829079	0
11.1705	0.0175792	147.872	0.821598	0
11.1625	0.0175744	147.505	0.83214	0
11.1599	0.017527	147.622	0.852543	0
11.1378	0.0175262	147.389	0.825338	0
11.1385	0.0176404	147.172	0.83588	0
11.1379	0.017433	148.638	0.83486	0
11.1385	0.0170622	148.338	0.813436	0
11.183	0.0175482	147.055	0.827039	0
11.1785	0.0175323	147.638	0.843702	0
11.1367	0.0174202	148.488	0.827039	0
11.1702	0.0172556	148.421	0.817177	0
11.1925	0.0174723	148.705	0.822278	0
11.141	0.0178673	147.788	0.839961	0
11.1078	0.0177071	148.322	0.855604	0
11.1301	0.0177106	145.906	0.826699	0
11.1238	0.0178395	149.038	0.829079	0
11.1067	0.017184	148.905	0.83214	0
11.1194	0.0176868	148.788	0.838941	0
11.1282	0.0177164	148.072	0.850163	0
11.1537	0.017728	149.005	0.815136	0
11.1502	0.0171918	147.472	0.841661	0
11.14	0.017666	149.338	0.826699	0
11.1693	0.018064	148.438	0.816837	0
11.1531	0.0178999	147.189	0.839281	0
11.1261	0.0176292	147.205	0.853224	0
11.1358	0.0174054	148.538	0.810375	0
11.1385	0.0173575	147.555	0.831119	0
11.1352	0.0170196	148.322	0.812076	0
11.1417	0.0171006	147.788	0.824658	0
11.122	0.0170854	146.539	0.828739	0
11.139	0.0172435	148.455	0.83486	0
11.1469	0.0176834	146.589	0.823978	0
11.1266	0.0172884	148.005	0.827379	0
11.15	0.0175711	148.555	0.816837	0
11.166	0.0173841	148.272	0.816157	0
11.1598	0.0174581	147.755	0.83214	0
11.1357	0.0177849	146.805	0.827039	0
11.1488	0.0176897	148.072	0.831119	0
11.1723	0.0176113	147.372	0.826018	0
11.1468	0.0175142	148.155	0.818877	0
11.1416	0.0176442	148.072	0.83554	0
11.1313	0.0175855	147.788	0.846762	0
11.1143	0.0174707	146.539	0.854244	0
11.1613	0.0175934	148.355	0.831119	0
11.1517	0.0176969	147.322	0.83418	0
11.1109	0.0180712	148.138	0.818877	0
11.1129	0.0178069	148.655	0.838601	0
11.1254	0.017508	149.238	0.818877	0
11.1361	0.0173541	146.989	0.83486	0
11.1561	0.0171022	147.922	0.831119	0
11.1512	0.0172369	147.272	0.848803	0
11.1292	0.0180514	147.422	0.83486	0
11.1364	0.0175681	148.155	0.8352	0
11.1415	0.0176538	146.522	0.813436	0
11.1434	0.0178658	146.472	0.837581	0
11.1333	0.0176497	148.738	0.820917	0
11.1349	0.0173876	147.189	0.846082	0
11.1328	0.0173945	147.422	0.819557	0
11.1222	0.0173873	147.422	0.841661	0
11.1199	0.0172908	148.755	0.829419	0
11.1404	0.0173933	148.305	0.825338	0
11.1665	0.0180198	145.19	0.838941	0
11.1439	0.0174127	148.421	0.818537	0
11.1391	0.0175353	149.171	0.843702	0
11.1541	0.0176503	147.605	0.826018	0
11.1286	0.018191	148.771	0.831459	0
11.1381	0.0174506	148.172	0.823978	0
11.16	0.0174856	147.655	0.839281	0
11.1325	0.0173104	148.488	0.815476	0
11.1139	0.0172722	148.838	0.830779	0
11.1388	0.0178343	148.222	0.817177	0
11.1481	0.0178323	147.005	0.811396	0
11.1253	0.0171636	147.205	0.826358	0
11.1256	0.0169984	146.622	0.839281	0
11.1497	0.0174877	147.405	0.838601	0
11.1333	0.017917	148.521	0.803234	0
11.1288	0.0171157	148.105	0.811056	0
11.154	0.0173795	148.755	0.827039	0
11.1403	0.0175436	147.389	0.826358	0
11.1278	0.0174643	148.438	0.818537	0
11.1408	0.0169108	148.355	0.851523	0
11.1235	0.0179468	146.756	0.831119	0
11.1193	0.0173277	148.122	0.849823	0
11.1527	0.017086	149.204	0.827719	0
11.1348	0.0170188	148.138	0.83384	0
11.1061	0.01784	148.655	0.840641	0
11.1048	0.0175967	149.304	0.830099	0
11.1266	0.0175341	147.172	0.83248	0
11.1538	0.017661	149.488	0.816497	0
11.1376	0.0172826	147.222	0.816157	0
11.134	0.0173335	148.288	0.8335	0
11.1404	0.0171548	147.572	0.830099	0
11.1419	0.0175977	147.489	0.812756	0
11.1239	0.0172996	147.539	0.824998	0
11.1242	0.0178485	149.005	0.83248	0
11.128	0.0172549	146.756	0.818537	0
11.1142	0.0181284	146.739	0.840981	0
11.1312	0.0175129	148.205	0.825338	0
11.1564	0.0178785	146.289	0.83248	0
11.1473	0.0177431	146.272	0.844382	0
11.1287	0.01712	147.272	0.83622	0
11.1068	0.017603	147.572	0.807995	0
11.1481	0.0172936	150.037	0.837581	0
11.1667	0.017328	148.088	0.800514	0
11.129	0.0175894	147.422	0.838261	0
11.1129	0.0179002	147.672	0.849143	0
11.103	0.0175359	149.288	0.844382	0
11.1309	0.0174686	148.105	0.841661	0
11.1491	0.0174779	147.222	0.83622	0
11.1227	0.0175577	146.622	0.803914	0
11.1268	0.017663	147.239	0.819897	0
11.1269	0.0177175	148.355	0.838261	0
11.1321	0.0173512	148.372	0.83418	0
11.1252	0.0172104	147.888	0.810715	0
11.1271	0.0179598	148.805	0.83588	0
11.1192	0.0175029	147.472	0.83554	0
11.1099	0.0174932	147.688	0.83248	0
11.1315	0.0177223	147.705	0.841661	0
11.119	0.0175191	147.772	0.83282	0
11.126	0.017059	148.022	0.806295	0
11.1561	0.0174887	147.822	0.799833	0
11.1315	0.0174306	146.689	0.827039	0
11.1059	0.0175236	147.855	0.8335	0
11.1166	0.0175381	148.222	0.842682	0
11.1264	0.0178853	148.855	0.828059	0
11.1487	0.017941	148.305	0.850503	0
11.1562	0.0178028	147.355	0.855604	0
11.1205	0.0177001	148.755	0.823298	0
11.13	0.0172006	147.072	0.83248	0
11.1582	0.017551	148.805	0.83622	0
11.1555	0.0171375	146.339	0.843022	0
11.1288	0.0172773	147.988	0.822958	0
11.123	0.0173533	147.372	0.830779	0
11.1324	0.0178435	146.589	0.805614	0
11.1558	0.0182772	147.972	0.823298	0
11.1431	0.0175179	148.705	0.840301	0
11.1177	0.0175353	147.155	0.839281	0
11.1227	0.0172307	147.455	0.826699	0
11.1244	0.0169508	148.471	0.820917	0
11.1261	0.0172678	147.738	0.812756	0
11.1259	0.0173444	148.072	0.83588	0
11.1213	0.0177965	147.805	0.831119	0
11.1023	0.0175488	147.655	0.8335	0
11.1038	0.0170852	148.555	0.813436	0
11.1376	0.0172577	148.405	0.838601	0
11.1509	0.017584	148.255	0.848803	0
11.1421	0.0176038	147.489	0.847102	0
11.1156	0.0176751	147.539	0.83588	0
11.0841	0.016865	148.372	0.842001	0
11.1202	0.0173656	147.489	0.822958	0
11.1601	0.0178956	148.488	0.822278	0
11.1308	0.0171657	149.938	0.830779	0
11.1159	0.0173498	147.489	0.815476	0
11.1154	0.0174524	148.272	0.843702	0
11.1202	0.0177777	148.222	0.8352	0
11.1515	0.0176156	148.655	0.820237	0
11.1668	0.0179096	148.538	0.837921	0
11.1503	0.0172275	148.305	0.820577	0
11.1437	0.0174489	147.139	0.828059	0
11.147	0.0182539	148.238	0.830779	0
11.1395	0.0175715	147.722	0.840301	0
11.1372	0.0172951	147.888	0.827039	0
11.1377	0.0175057	148.421	0.83588	0
11.1267	0.0177024	146.955	0.843362	0
11.1141	0.0177119	147.422	0.837581	0
11.1279	0.017469	150.021	0.821938	0
11.1196	0.0175255	148.155	0.801534	0
11.1068	0.0171322	148.205	0.823978	0
11.1427	0.0172894	145.556	0.837921	0
11.1274	0.0173682	149.321	0.848803	0
11.1136	0.0180478	148.122	0.814116	0
11.1514	0.0180304	147.972	0.848803	0
11.1484	0.0173979	145.856	0.841661	0
11.1204	0.0170083	147.705	0.83214	0
11.1139	0.017388	146.322	0.855264	0
11.0986	0.0175029	148.105	0.828059	0
11.1284	0.017595	148.038	0.837241	0
11.1502	0.0177812	147.355	0.852543	0
11.128	0.0180276	148.655	0.828399	0
11.1343	0.0179299	148.088	0.847102	0
11.1441	0.0172654	147.405	0.848123	0
11.1422	0.0173473	147.372	0.838941	0
11.1462	0.0179676	147.555	0.830099	0
11.1275	0.0175903	148.988	0.830099	0
11.1062	0.0178766	147.205	0.828399	0
11.1205	0.0179399	149.121	0.837921	0
11.1067	0.0175604	148.172	0.818537	0
11.0954	0.0176677	147.922	0.849143	0
11.1226	0.0174762	147.888	0.829419	0
11.1224	0.0178126	148.621	0.837241	0
11.1337	0.017862	147.422	0.816497	0
11.1363	0.0176289	146.339	0.824318	0
11.1239	0.0174803	148.905	0.826018	0
11.1296	0.0181788	147.672	0.821598	0
11.1074	0.0175471	148.388	0.83656	0
11.1271	0.0178607	149.238	0.828059	0
11.1441	0.0174436	146.855	0.829419	0
11.1252	0.0178306	146.889	0.83486	0
11.1171	0.0179527	147.472	0.843702	0
11.1127	0.0175076	148.421	0.840641	0
11.1123	0.0175571	148.405	0.841321	0
11.1265	0.0177077	148.172	0.825338	0
11.1152	0.0176556	148.355	0.845062	0
11.1083	0.0175336	147.572	0.852884	0
11.1301	0.0176177	146.756	0.8318	0
11.1222	0.0181127	147.222	0.827719	0
11.1112	0.017553	148.022	0.83282	0
11.1321	0.0172653	147.089	0.827719	0
11.16	0.0176651	149.854	0.819217	0
11.1611	0.0177073	148.821	0.830779	0
11.1503	0.0175894	148.255	0.850163	0
11.1347	0.0180179	146.372	0.83554	0
11.1157	0.0175536	148.122	0.847783	0
11.1243	0.0175389	146.422	0.817177	0
11.1202	0.0176402	146.972	0.824658	0
11.0911	0.017593	148.238	0.83316	0
11.0999	0.0177029	147.189	0.845062	0
11.1184	0.0181553	146.389	0.83248	0
11.1259	0.0180459	147.355	0.83282	0
11.1293	0.0181594	147.389	0.858665	0
11.1221	0.0179475	147.822	0.845402	0
11.1038	0.0175854	146.556	0.829759	0
11.1208	0.0176446	148.138	0.839281	0
11.1379	0.0172671	148.738	0.83622	0
11.1063	0.0176361	148.738	0.824998	0
11.1107	0.0177585	147.738	0.838601	0
11.1416	0.0174563	148.988	0.837921	0
11.1331	0.0175121	147.289	0.837921	0
11.1145	0.0177236	146.855	0.830439	0
11.114	0.0175956	148.372	0.83452	0
11.1278	0.0173701	147.655	0.818197	0
11.1474	0.0180312	148.605	0.843362	0
11.1404	0.0175088	148.888	0.827039	0
11.1335	0.0174984	148.705	0.847102	0
11.1252	0.0171927	146.556	0.819557	0
11.1268	0.0177821	148.638	0.850843	0
11.1362	0.0174492	148.588	0.816837	0
11.1117	0.0178986	146.406	0.839281	0
11.1073	0.0179302	148.305	0.818537	0
11.134	0.0172871	149.105	0.824998	0
11.126	0.0175258	145.489	0.837921	0
11.1056	0.0177481	148.555	0.810035	0
11.0897	0.0177419	146.872	0.830779	0
11.1012	0.0172795	146.722	0.83418	0
11.1104	0.0171917	147.622	0.839281	0
11.1233	0.0179564	149.005	0.856624	0
11.1307	0.017602	146.339	0.827379	0
11.1189	0.0172928	148.072	0.816497	0
11.1212	0.017529	148.105	0.826358	0
11.1236	0.0174937	147.888	0.840641	0
11.1166	0.0177826	148.288	0.845062	0
11.1131	0.0174173	148.755	0.8318	0
11.1105	0.0177963	148.538	0.843362	0
11.1122	0.0177158	148.638	0.815816	0
11.1017	0.0179517	148.072	0.821598	0
11.1026	0.0176794	149.005	0.827039	0
11.1287	0.0177851	147.738	0.817857	0
11.1209	0.0178053	147.472	0.823638	0
11.0904	0.0174603	148.905	0.83486	0
11.1043	0.0176713	147.105	0.851863	0
11.141	0.0174013	147.672	0.814796	0
11.1318	0.01704	148.471	0.849823	0
11.0922	0.0172489	146.889	0.837921	0
11.0831	0.0174325	147.305	0.83486	0
11.1283	0.0176154	147.855	0.822958	0
11.1271	0.0173251	148.788	0.843702	0
11.1237	0.0181231	147.788	0.83486	0
11.1224	0.0175327	147.489	0.852543	0
11.0811	0.017424	147.955	0.841321	0
11.0983	0.0174644	146.422	0.810375	0
11.1268	0.0176017	149.071	0.83418	0
11.1009	0.0175656	147.372	0.850503	0
11.0896	0.017317	148.905	0.819557	0
11.1139	0.017876	147.755	0.83622	0
11.103	0.0172873	147.372	0.825678	0
11.0962	0.017491	146.905	0.826018	0
11.1145	0.0173448	148.905	0.841661	0
11.1075	0.0176231	146.139	0.824658	0
11.0883	0.0179246	147.472	0.829079	0
11.0914	0.0171655	146.772	0.845062	0
11.1178	0.017414	148.205	0.83656	0
11.1414	0.0175036	148.571	0.811736	0
11.1228	0.0177726	148.771	0.840981	0
11.0952	0.0177477	148.388	0.83486	0
11.105	0.0174528	148.172	0.829079	0
11.1185	0.0179351	149.071	0.838941	0
11.109	0.0175525	147.622	0.828739	0
11.1163	0.0171655	148.105	0.83588	0
11.1193	0.0178097	149.238	0.83384	0
11.0992	0.0174153	146.872	0.844722	0
11.1037	0.0173337	146.089	0.83588	0
11.1297	0.0176473	148.588	0.818197	0
11.1342	0.0176335	148.288	0.83554	0
11.1056	0.0173723	148.821	0.826018	0
11.0913	0.0172207	147.738	0.825338	0
11.0976	0.0175163	147.705	0.83554	0
11.13	0.0171452	147.505	0.837581	0
11.1432	0.0172517	147.772	0.827039	0
11.1119	0.0173474	147.822	0.821598	0
11.129	0.0180784	147.305	0.824318	0
11.1433	0.0173603	147.355	0.819217	0
11.1024	0.017616	148.272	0.83554	0
11.0937	0.0174286	148.721	0.83486	0
11.105	0.0173481	148.788	0.844042	0
11.1165	0.0171953	147.988	0.823978	0
11.1263	0.017232	147.855	0.842682	0
11.1292	0.0183681	149.038	0.837241	0
11.1339	0.0174197	146.522	0.829759	0
11.1087	0.0172802	148.355	0.826358	0
11.0667	0.0172747	146.556	0.840301	0
11.0739	0.0173745	149.055	0.830779	0
11.1187	0.01767	148.455	0.820917	0
11.113	0.017312	147.172	0.83214	0
11.0966	0.0175216	148.188	0.842001	0
11.1371	0.0174002	146.739	0.83452	0
11.1249	0.0177127	147.339	0.842001	0
11.1015	0.017311	149.005	0.823298	0
11.1188	0.0175778	146.122	0.815136	0
11.0848	0.0170811	148.405	0.831119	0
11.0873	0.0175825	148.022	0.838261	0
11.1282	0.0175968	148.855	0.840981	0
11.102	0.0177375	148.022	0.83418	0
11.095	0.0175064	147.555	0.811396	0
11.1434	0.0177667	148.205	0.822278	0
11.1413	0.0176106	148.471	0.819217	0
11.111	0.0175018	147.105	0.838941	0
11.1017	0.0173392	148.771	0.839961	0
11.1016	0.0173738	148.588	0.83622	0
11.1048	0.0180029	146.406	0.831459	0
11.1226	0.0174668	146.489	0.842682	0
11.1302	0.0172232	147.788	0.845402	0
11.1156	0.0178183	147.755	0.830439	0
11.1145	0.0176298	148.372	0.840301	0
11.1127	0.0175091	148.955	0.872607	0
11.105	0.0173042	148.738	0.828059	0
11.119	0.0174219	147.738	0.846082	0
11.1334	0.0173375	147.855	0.850503	0
11.1186	0.0177654	148.055	0.83554	0
11.1114	0.0178133	146.889	0.817177	0
11.1155	0.0175569	148.255	0.824658	0
11.1161	0.0171393	148.272	0.839281	0
11.1165	0.0176468	148.038	0.811736	0
11.1056	0.0176433	148.621	0.83316	0
11.1142	0.0172335	148.188	0.837241	0
11.1211	0.0174971	147.239	0.821938	0
11.1052	0.0176774	148.238	0.851863	0
11.1159	0.0174626	149.888	0.826018	0
11.1334	0.017422	146.289	0.8369	0
11.1311	0.0174016	149.554	0.829419	0
11.1432	0.0178158	148.172	0.83418	0
11.12	0.0174439	147.505	0.821938	0
11.0875	0.0178271	147.505	0.814116	0
11.1277	0.0171727	147.005	0.839621	0
11.1377	0.0175177	148.138	0.816157	0
11.1087	0.0175342	148.405	0.855264	0
11.1196	0.0173718	148.155	0.840301	0
11.134	0.0176105	147.855	0.83384	0
11.1149	0.0177004	148.338	0.828059	0
11.1081	0.0178893	146.939	0.826358	0
11.1254	0.0180767	148.738	0.807995	0
11.127	0.0176295	148.338	0.818197	0
11.129	0.0177904	147.172	0.816837	0
11.1215	0.0176471	147.172	0.816157	0
11.1077	0.0174388	148.871	0.822618	0
11.0987	0.0173165	147.605	0.819217	0
11.0962	0.0175288	148.788	0.817517	0
11.1136	0.0173262	147.472	0.8352	0
11.0968	0.0175551	147.988	0.83486	0
11.0721	0.0177361	147.139	0.843022	0
11.0757	0.0174325	149.088	0.842682	0
11.0951	0.0177174	146.639	0.83554	0
11.1257	0.0175901	147.372	0.839621	0
11.1365	0.0180086	148.455	0.840641	0
11.1068	0.0171138	147.272	0.820237	0
11.083	0.0177401	148.471	0.825678	0
11.109	0.0173848	147.755	0.845062	0
11.1192	0.0176573	149.321	0.849143	0
11.1069	0.0175978	147.105	0.857304	0
11.1007	0.0177577	148.521	0.8369	0
11.0915	0.0177121	146.289	0.839621	0
11.1121	0.017366	148.571	0.819557	0
11.1311	0.0175222	148.605	0.837581	0
11.0945	0.0173723	148.072	0.819897	0
11.0898	0.0173933	147.505	0.837921	0
11.1301	0.0171904	148.671	0.83656	0
11.1354	0.0174749	147.905	0.831119	0
11.1228	0.0174248	147.938	0.845062	0
11.1293	0.017935	147.339	0.849143	0
11.1146	0.0178327	146.872	0.83554	0
11.1206	0.0174444	147.039	0.804254	0
11.1401	0.0172551	148.388	0.851183	0
11.1182	0.0174297	147.105	0.828059	0
11.1228	0.0178116	147.788	0.831119	0
11.1242	0.0173333	147.905	0.822278	0
11.0746	0.0176047	147.822	0.83418	0
11.0674	0.0172065	147.039	0.838941	0
11.1018	0.0179566	147.422	0.828399	0
11.1076	0.0176968	148.305	0.8318	0
11.0929	0.0177591	147.688	0.823978	0
11.0819	0.0175982	145.873	0.841661	0
11.0818	0.0176704	147.855	0.823638	0
11.1018	0.0178963	146.989	0.827379	0
11.1083	0.0175635	147.638	0.842342	0
11.1005	0.0169449	146.672	0.818537	0
11.0983	0.0171493	148.905	0.818877	0
11.1212	0.0175092	147.788	0.842342	0
11.1107	0.017379	147.672	0.827039	0
11.0725	0.0173619	146.972	0.825678	0
11.0818	0.0175962	146.872	0.842682	0
11.0992	0.0176904	147.955	0.83486	0
11.1099	0.0175172	147.955	0.83554	0
11.1195	0.0175155	148.855	0.83316	0
11.1007	0.0172281	147.455	0.839961	0
11.0865	0.0170567	146.522	0.849823	0
11.1088	0.017399	147.838	0.838941	0
11.1351	0.0174354	148.855	0.846422	0
11.1193	0.0175897	146.822	0.850163	0
11.077	0.0177594	149.204	0.845742	0
11.085	0.0175099	148.988	0.838941	0
11.1108	0.017745	148.605	0.83554	0
11.0985	0.0174159	146.639	0.842001	0
11.0906	0.0173232	148.022	0.83418	0
11.0916	0.0173682	147.455	0.83656	0
11.1103	0.0178063	148.038	0.839961	0
11.1223	0.0174406	147.039	0.822958	0
11.0943	0.0174816	147.755	0.843022	0
11.1107	0.0177409	149.388	0.852884	0
11.1114	0.0177729	146.972	0.837581	0
11.0906	0.0176851	147.455	0.844722	0
11.1185	0.017598	147.922	0.803234	0
11.1184	0.0178801	146.722	0.827379	0
11.099	0.0175337	147.572	0.839281	0
11.1014	0.0174237	147.888	0.827039	0
11.1003	0.0175892	147.888	0.823978	0
11.1166	0.0177679	146.905	0.846422	0
11.1177	0.0175607	148.255	0.820237	0
11.1119	0.0176708	148.488	0.83588	0
11.1266	0.0172928	149.804	0.83248	0
11.1288	0.0177224	148.088	0.822958	0
11.1159	0.0176171	148.372	0.820917	0
11.1088	0.0172692	147.439	0.845742	0
11.1061	0.0171111	149.055	0.83486	0
11.1036	0.0177941	145.373	0.810035	0
11.1066	0.0171757	147.139	0.827379	0
11.1101	0.0180215	148.638	0.841321	0
11.0968	0.0176743	146.922	0.828399	0
11.1105	0.0171942	147.605	0.828739	0
11.1251	0.0182471	147.605	0.819217	0
11.0989	0.0177656	148.438	0.842342	0
11.1112	0.0176534	146.756	0.847783	0
11.1058	0.017934	146.739	0.83316	0
11.0759	0.0177097	147.972	0.83486	0
11.1143	0.0179743	147.872	0.808335	0
11.1348	0.017583	147.555	0.813436	0
11.1105	0.017936	148.155	0.830099	0
11.1078	0.0175303	148.155	0.83588	0
11.1031	0.0177819	147.272	0.843362	0
11.116	0.0169966	148.771	0.842342	0
11.1297	0.0170867	147.655	0.816157	0
11.0946	0.01738	146.356	0.817857	0
11.0741	0.0173803	146.622	0.829079	0
11.1017	0.0176207	148.172	0.840641	0
11.1393	0.017533	148.921	0.831459	0
11.1273	0.0171161	147.872	0.838601	0
11.0843	0.0174917	147.605	0.83452	0
11.0842	0.0173844	148.105	0.829759	0
11.1203	0.0173323	147.805	0.825678	0
11.1198	0.0175159	148.372	0.849483	0
11.0838	0.0173189	146.939	0.807995	0
11.0732	0.0173301	147.872	0.838601	0
11.1044	0.017244	148.955	0.823978	0
11.1226	0.0171673	148.871	0.8352	0
11.1058	0.0174913	148.238	0.820577	0
11.0985	0.0174824	149.771	0.830439	0
11.1104	0.0173527	148.138	0.827039	0
11.1009	0.0173289	147.788	0.837241	0
11.1095	0.0173759	147.405	0.828739	0
11.1331	0.0177848	148.538	0.846082	0
11.1177	0.0174899	147.722	0.839621	0
11.1099	0.0174288	148.105	0.825678	0
11.1032	0.0175113	146.772	0.848123	0
11.0858	0.0171939	146.622	0.840641	0
11.0945	0.0172665	147.972	0.843702	0
11.1091	0.0172927	146.789	0.839961	0
11.0887	0.0172325	148.088	0.838261	0
11.0929	0.0172771	147.955	0.800514	0
11.1163	0.0171606	147.255	0.830779	0
11.108	0.0176732	146.122	0.838941	0
11.1044	0.0173968	146.189	0.826358	0
11.089	0.017021	148.388	0.831119	0
11.0926	0.0175888	147.672	0.822958	0
11.0962	0.01734	149.621	0.829759	0
11.0728	0.0172086	147.472	0.844042	0
11.0763	0.0174685	147.822	0.837241	0
11.0969	0.0173582	147.372	0.828739	0
11.0965	0.0177355	148.288	0.83384	0
11.092	0.0177097	147.722	0.822278	0
11.1031	0.0173494	148.805	0.848803	0
11.1231	0.0175192	147.888	0.824658	0
11.1206	0.0174713	146.722	0.818197	0
11.0999	0.0172704	147.372	0.809355	0
11.0936	0.0172526	147.305	0.828399	0
11.106	0.017674	146.989	0.830099	0
11.125	0.0174167	147.355	0.825338	0
11.1212	0.017265	148.155	0.825678	0
11.0862	0.0173342	146.739	0.8318	0
11.0843	0.0174895	147.822	0.83486	0
11.1139	0.0173665	148.738	0.840641	0
11.0948	0.0174723	147.555	0.831119	0
11.0844	0.0176433	147.572	0.83418	0
11.1143	0.0175547	148.605	0.849823	0
11.1114	0.0174727	148.372	0.829419	0
11.1188	0.0177851	147.139	0.844382	0
11.1187	0.0176286	147.972	0.855604	0
11.0932	0.0177287	147.905	0.812756	0
11.111	0.0172169	148.838	0.831459	0
11.1382	0.0175973	146.789	0.815476	0
11.1086	0.017549	148.155	0.819557	0
11.0954	0.0177077	147.888	0.843362	0
11.0877	0.0178679	146.422	0.820577	0
11.0618	0.0175037	148.155	0.841661	0
11.0918	0.017625	148.621	0.837921	0
11.1259	0.0175208	147.888	0.841661	0
11.0813	0.0171844	147.489	0.831119	0
11.0613	0.0172656	146.239	0.828739	0
11.0826	0.0171133	148.638	0.849823	0
11.1121	0.0173961	148.438	0.828739	0
11.1227	0.0175647	147.205	0.829759	0
11.0958	0.0177577	147.222	0.825338	0
11.0933	0.0176617	147.072	0.854584	0
11.0995	0.0177001	147.872	0.814116	0
11.1022	0.0175925	146.206	0.830779	0
11.09	0.0175542	145.889	0.855604	0
11.0992	0.0179495	148.988	0.853904	0
11.1309	0.0170928	148.188	0.83588	0
11.1151	0.0177155	147.788	0.83554	0
11.1062	0.0176379	149.321	0.817177	0
11.1129	0.0175324	146.722	0.818877	0
11.0846	0.0170633	146.855	0.804254	0
11.0699	0.01733	146.989	0.827379	0
11.09	0.0173313	147.339	0.846422	0
11.1224	0.0172825	146.756	0.825338	0
11.1219	0.0171164	148.688	0.831459	0
11.0842	0.0167856	146.972	0.830099	0
11.0902	0.0176937	147.272	0.844722	0
11.0952	0.0178847	148.721	0.851523	0
11.0926	0.0174933	148.305	0.845742	0
11.1015	0.0174097	147.289	0.825678	0
11.0795	0.0174306	146.589	0.821257	0
11.0946	0.0177042	149.038	0.851183	0
11.1065	0.0176219	147.205	0.818197	0
11.1025	0.0177523	148.038	0.839621	0
11.0893	0.0172523	147.672	0.830099	0
11.0964	0.017412	148.405	0.865806	0
11.1001	0.0177945	147.888	0.812076	0
11.095	0.0169901	147.072	0.8369	0
11.1295	0.0181929	148.988	0.796093	0
11.1323	0.017844	147.755	0.807995	0
11.1031	0.0175006	148.255	0.811056	0
11.0901	0.0175312	146.756	0.831459	0
11.0859	0.0171831	148.072	0.83486	0
11.0892	0.0171268	147.672	0.831459	0
11.1023	0.0168854	147.972	0.855944	0
11.1145	0.0175306	147.039	0.826699	0
11.077	0.0178044	146.789	0.850503	0
11.0616	0.0173557	146.156	0.83554	0
11.1053	0.0176885	148.988	0.846762	0
11.1014	0.0178098	148.088	0.831459	0
11.094	0.0173892	148.738	0.837921	0
11.1047	0.0178081	147.372	0.838601	0
11.084	0.0171628	147.888	0.83214	0
11.1014	0.0173277	148.638	0.845742	0
11.1267	0.0176363	147.005	0.83384	0
11.1074	0.0176756	146.489	0.83622	0
11.0954	0.0174498	148.855	0.828059	0
11.1024	0.0177877	147.838	0.821257	0
11.1105	0.0173755	148.005	0.826018	0
11.119	0.0178838	148.421	0.83418	0
11.1117	0.0173346	149.221	0.819217	0
11.078	0.0176694	148.455	0.8335	0
11.09	0.0179589	146.556	0.846422	0
11.1141	0.0179696	148.138	0.813436	0
11.0965	0.0175082	148.588	0.83282	0
11.0901	0.0171707	146.955	0.814116	0
11.0866	0.0172228	147.222	0.837921	0
11.0931	0.0175778	146.506	0.821257	0
11.1251	0.0176529	148.255	0.831459	0
11.1199	0.0173492	146.772	0.826358	0
11.0911	0.0170967	147.655	0.825338	0
11.0881	0.0172523	147.705	0.804254	0
11.0925	0.017641	147.305	0.827719	0
11.1113	0.0178463	147.039	0.83248	0
11.1119	0.0175766	149.121	0.844722	0
11.1226	0.0175304	146.339	0.842682	0
11.1256	0.0175794	147.255	0.823298	0
11.0982	0.0172824	148.571	0.829079	0
11.0705	0.0173136	146.772	0.838941	0
11.0877	0.0177101	147.788	0.822958	0
11.119	0.0171525	147.905	0.854924	0
11.1091	0.0180344	146.656	0.83282	0
11.0929	0.0173046	147.205	0.840981	0
11.0935	0.0172664	147.589	0.8318	0
11.0858	0.0175651	147.172	0.841661	0
11.0968	0.0172957	148.088	0.848123	0
11.1062	0.0176732	147.172	0.841321	0
11.0966	0.0176993	146.955	0.838261	0
11.1037	0.0179564	148.238	0.827379	0
11.0943	0.0173377	146.972	0.850503	0
11.0884	0.0177171	146.922	0.844382	0
11.1063	0.0173563	147.638	0.827719	0
11.1008	0.01707	147.439	0.848803	0
11.0876	0.0171113	147.022	0.837241	0
11.0899	0.017583	148.088	0.83554	0
11.091	0.0179206	147.505	0.822278	0
11.1043	0.0173607	147.905	0.841321	0
11.1141	0.0175929	148.138	0.83486	0
11.0914	0.017654	147.005	0.825678	0
11.0822	0.0173586	148.222	0.820917	0
11.1003	0.0178919	149.938	0.828399	0
11.0946	0.0172669	147.022	0.826699	0
11.0804	0.0176198	149.155	0.847783	0
11.1027	0.0174456	147.589	0.837921	0
11.1069	0.0173284	148.738	0.839621	0
11.0887	0.0174404	148.155	0.831119	0
11.0923	0.0168685	146.939	0.828399	0
11.0879	0.0171308	146.972	0.821938	0
11.0863	0.017064	147.972	0.837921	0
11.0967	0.0175654	147.822	0.830439	0
11.1025	0.0171833	147.105	0.8318	0
11.0818	0.017339	148.538	0.839281	0
11.0832	0.0173964	146.522	0.831119	0
11.1188	0.0174136	147.972	0.816837	0
11.1105	0.0175822	147.322	0.823978	0
11.0714	0.0173743	148.288	0.854584	0
11.1013	0.0171737	148.355	0.824318	0
11.102	0.0172048	146.572	0.816837	0
11.0838	0.0169824	148.821	0.839621	0
11.1116	0.017227	149.288	0.846422	0
11.0969	0.0171092	147.938	0.8369	0
11.0737	0.0172424	146.789	0.846422	0
11.0833	0.0169419	147.888	0.831119	0
11.0845	0.0171424	147.805	0.828399	0
11.1158	0.0176152	147.205	0.824998	0
11.133	0.0171347	147.055	0.828399	0
11.1009	0.0181652	148.655	0.83656	0
11.0995	0.0181665	148.638	0.859345	0
11.0965	0.0174523	148.438	0.824318	0
11.0724	0.0173081	147.139	0.812756	0
11.0752	0.017216	146.689	0.83316	0
11.0932	0.0171881	148.755	0.826699	0
11.0997	0.0173158	147.055	0.816497	0
11.0739	0.0174423	146.389	0.845062	0
11.0737	0.0179854	148.605	0.807315	0
11.1203	0.0175678	148.405	0.83316	0
11.1138	0.0177383	148.238	0.824318	0
11.0786	0.0172979	147.322	0.825338	0
11.0902	0.0173758	147.072	0.838601	0
11.0774	0.0178431	148.338	0.83554	0
11.079	0.0174097	148.072	0.829759	0
11.1004	0.017611	147.922	0.831459	0
11.0772	0.0174742	148.538	0.824318	0
11.0875	0.0173647	147.905	0.842682	0
11.1277	0.0171822	147.922	0.830439	0
11.0983	0.0176907	148.388	0.856284	0
11.0858	0.0176849	149.288	0.837581	0
11.119	0.0174545	148.305	0.822958	0
11.0886	0.0174291	148.355	0.8352	0
11.0629	0.0170763	146.256	0.848463	0
11.1133	0.0171534	147.339	0.825678	0
11.1132	0.0171515	147.489	0.839281	0
11.0552	0.017627	149.338	0.807655	0
11.0576	0.0174375	147.505	0.83418	0
11.1011	0.0175425	147.322	0.824318	0
11.1074	0.0174033	148.005	0.822278	0
11.0934	0.0173964	146.356	0.829079	0
11.0879	0.0171137	147.638	0.824658	0
11.116	0.0173642	147.988	0.852203	0
11.1264	0.0172953	148.305	0.837241	0
11.0854	0.0176237	147.738	0.823298	0
11.0702	0.0173546	147.505	0.845402	0
11.1	0.0175412	147.189	0.843702	0
11.0716	0.0173458	146.606	0.831119	0
11.0596	0.017713	147.905	0.826018	0
11.1051	0.0174661	147.688	0.824318	0
11.1069	0.0174631	147.938	0.842682	0
11.1029	0.017604	148.405	0.829079	0
11.1026	0.0176169	148.388	0.821257	0
11.083	0.0177157	147.072	0.838261	0
11.092	0.017358	148.455	0.857644	0
11.1001	0.0174002	147.072	0.828399	0
11.102	0.0175851	148.655	0.842342	0
11.1123	0.017643	145.923	0.845062	0
11.067	0.0173588	146.272	0.842001	0
11.072	0.0175693	146.706	0.818877	0
11.1307	0.0173989	149.521	0.83384	0
11.1051	0.0177465	147.672	0.83452	0
11.0875	0.0175497	147.422	0.8318	0
11.0981	0.0171915	147.772	0.848463	0
11.0736	0.0174871	147.905	0.840301	0
11.095	0.017835	147.805	0.851523	0
11.1227	0.0177928	147.205	0.845402	0
11.0956	0.0175635	148.272	0.828399	0
11.0838	0.0178204	147.405	0.849483	0
11.0716	0.0177507	148.538	0.837241	0
11.0892	0.0173505	147.255	0.824658	0
11.1189	0.0172007	149.338	0.8352	0
11.1074	0.0176923	149.088	0.838601	0
11.0702	0.0174604	147.339	0.83452	0
11.0462	0.0171301	148.388	0.847102	0
11.0859	0.0179162	146.872	0.828739	0
11.1045	0.0175235	148.122	0.840981	0
11.0906	0.0176643	147.255	0.802214	0
11.1159	0.0177551	147.872	0.838941	0
11.1174	0.0175588	148.305	0.821257	0
11.1093	0.0176599	147.322	0.837241	0
11.1183	0.017639	147.805	0.808675	0
11.0942	0.0177864	147.938	0.829759	0
11.0671	0.0174896	148.072	0.837921	0
11.0979	0.0174928	147.638	0.839961	0
11.1279	0.0175804	148.488	0.83486	0
11.0891	0.017499	147.272	0.820237	0
11.0923	0.0178454	148.755	0.83452	0
11.1236	0.0176121	147.772	0.814456	0
11.1143	0.0178592	146.639	0.839621	0
11.104	0.0179367	147.372	0.817177	0
11.082	0.0175246	148.605	0.845062	0
11.0754	0.0176874	147.589	0.830439	0
11.0874	0.0177588	148.621	0.83588	0
11.0927	0.0177647	148.871	0.811396	0
11.1095	0.0175414	147.239	0.812416	0
11.101	0.0172729	147.822	0.852203	0
11.0858	0.0174205	147.672	0.827719	0
11.1106	0.0172978	147.389	0.828399	0
11.1195	0.017669	148.788	0.842342	0
11.11	0.0175909	148.688	0.83384	0
11.1067	0.0176036	148.938	0.844042	0
11.1056	0.0176916	147.239	0.823978	0
11.0934	0.0174942	146.672	0.83656	0
11.086	0.017634	147.072	0.816837	0
11.0933	0.0176521	147.655	0.83248	0
11.0792	0.0173946	147.755	0.83656	0
11.0996	0.0173654	148.938	0.846422	0
11.1191	0.0176916	147.938	0.822618	0
11.0947	0.0178024	148.821	0.849483	0
11.0811	0.0170747	148.555	0.849143	0
11.0789	0.0175759	147.122	0.827719	0
11.097	0.0178217	147.972	0.821598	0
11.116	0.0175384	146.989	0.824998	0
11.1215	0.0176786	147.472	0.843362	0
11.121	0.01733	146.372	0.830779	0
11.0816	0.0173106	145.873	0.8318	0
11.0721	0.0172931	147.622	0.847783	0
11.1185	0.0174442	147.339	0.826358	0
11.1267	0.0173734	147.955	0.817177	0
11.0936	0.01781	149.571	0.850503	0
11.0848	0.0178595	146.356	0.820917	0
11.0917	0.0177672	147.972	0.83554	0
11.098	0.0174711	148.438	0.820237	0
11.0846	0.0169062	147.405	0.824658	0
11.0887	0.0174738	147.139	0.829759	0
11.0921	0.0178941	147.189	0.83384	0
11.0812	0.0175476	146.356	0.810375	0
11.0922	0.0172365	148.088	0.838941	0
11.0936	0.017734	147.022	0.846762	0
11.0847	0.0173116	147.738	0.8369	0
11.0696	0.0171888	148.055	0.844722	0
11.0742	0.0175708	148.322	0.825678	0
11.0952	0.0178604	147.539	0.814116	0
11.0796	0.0177641	147.372	0.820577	0
11.0493	0.0175216	147.872	0.8318	0
11.0822	0.0175752	148.455	0.856284	0
11.1195	0.0175683	147.688	0.839281	0
11.0977	0.0174613	149.171	0.83452	0
11.0855	0.0177429	148.238	0.823638	0
11.1123	0.0176979	148.288	0.83554	0
11.1181	0.0175226	146.522	0.849823	0
11.1125	0.0174105	146.506	0.841661	0
11.1086	0.0175238	149.621	0.826018	0
11.0892	0.017535	147.589	0.840301	0
11.0705	0.0174639	146.406	0.844722	0
11.0696	0.0180025	147.622	0.828739	0
11.078	0.0177255	146.339	0.819897	0
11.0883	0.0173972	147.505	0.826358	0
11.0891	0.0175817	147.838	0.827039	0
11.0957	0.017637	147.905	0.837241	0
11.093	0.0176311	148.255	0.83486	0
11.1015	0.0178958	149.654	0.842342	0
11.1013	0.0174578	147.572	0.854584	0
11.0954	0.0176697	147.239	0.824318	0
11.1347	0.017735	147.455	0.829419	0
11.1307	0.017944	148.055	0.83656	0
11.0949	0.0180058	148.038	0.821938	0
11.0712	0.017194	149.538	0.829419	0
11.0802	0.0172969	147.389	0.8335	0
11.089	0.0172763	147.805	0.825678	0
11.0605	0.0173038	147.105	0.814456	0
11.0719	0.0171515	146.622	0.817517	0
11.1109	0.0173542	147.755	0.817517	0
11.1147	0.0177773	148.955	0.820917	0
11.0886	0.0177586	147.005	0.837581	0
11.0928	0.0180077	147.788	0.852884	0
11.1158	0.017593	145.739	0.83316	0
11.0891	0.0173619	148.088	0.829079	0
11.0967	0.0171762	147.788	0.828059	0
11.118	0.0177565	147.822	0.818537	0
11.0938	0.017521	147.522	0.851183	0
11.0812	0.0177195	147.055	0.83656	0
11.0752	0.0176293	146.356	0.813436	0
11.0638	0.01715	148.521	0.859345	0
11.0933	0.0174967	147.888	0.858665	0
11.083	0.0180883	146.072	0.828059	0
11.069	0.0176124	147.688	0.829759	0
11.0895	0.0179701	147.405	0.819217	0
11.0753	0.0169769	148.188	0.852884	0
11.0708	0.01728	147.405	0.823298	0
11.0756	0.0173837	148.355	0.844722	0
11.0723	0.0178677	148.255	0.849143	0
11.0752	0.0172201	148.155	0.839961	0
11.0733	0.0174559	148.938	0.849483	0
11.0811	0.0180488	146.589	0.843022	0
11.0849	0.0176073	148.488	0.837921	0
11.1079	0.0170411	147.022	0.819897	0
11.102	0.0174139	147.755	0.83622	0
11.0889	0.0171199	146.922	0.824318	0
11.1168	0.0174328	147.372	0.853564	0
11.1076	0.0178399	147.489	0.831119	0
11.1007	0.0173576	147.089	0.846762	0
11.1123	0.01751	148.538	0.841661	0
11.1027	0.0175256	147.339	0.849483	0
11.0754	0.0172955	147.572	0.818537	0
11.065	0.0175757	147.622	0.83282	0
11.0697	0.0175567	145.873	0.819217	0
11.1014	0.0172333	148.555	0.813776	0
11.126	0.017383	146.439	0.815476	0
11.0895	0.0171339	148.288	0.828059	0
11.0861	0.0172719	147.772	0.829419	0
11.1068	0.0178152	146.589	0.8335	0
11.0747	0.0178515	146.722	0.840641	0
11.0672	0.017601	147.872	0.828059	0
11.0817	0.0170356	147.638	0.822618	0
11.0935	0.0179873	147.905	0.816837	0
11.1039	0.0176299	145.839	0.855604	0
11.063	0.0180852	148.172	0.848463	0
11.0473	0.018087	148.105	0.824658	0
11.1081	0.0173455	146.955	0.841661	0
11.157	0.017989	147.139	0.83316	0
11.1119	0.0177366	148.471	0.820237	0
11.0679	0.0174431	146.639	0.823298	0
11.0963	0.0177645	147.389	0.825338	0
11.1116	0.0174767	148.055	0.83384	0
11.1057	0.0180151	149.304	0.819557	0
11.1047	0.0177394	147.605	0.838941	0
11.081	0.0174301	147.389	0.856284	0
11.0833	0.0173913	147.372	0.837921	0
11.1031	0.017733	148.571	0.831119	0
11.0982	0.0176278	147.622	0.823978	0
11.1109	0.0171853	148.005	0.829079	0
11.1017	0.0173018	146.989	0.828399	0
11.0766	0.0174417	146.106	0.825338	0
11.1004	0.0170716	148.205	0.827039	0
11.1168	0.0175872	146.839	0.838941	0
11.1018	0.017782	148.455	0.827039	0
11.1036	0.0175942	147.572	0.830439	0
11.1263	0.0178394	148.272	0.828059	0
11.1072	0.0173138	148.421	0.819897	0
11.0925	0.0174375	147.622	0.845742	0
11.1148	0.0176866	147.122	0.826018	0
11.1143	0.017348	147.072	0.824658	0
11.0989	0.0173152	147.339	0.829079	0
11.0964	0.0173777	148.755	0.801194	0
11.0892	0.0178987	147.905	0.838601	0
11.0829	0.0174334	146.556	0.8335	0
11.0909	0.0175011	146.622	0.83554	0
11.0892	0.0175615	148.105	0.813096	0
11.0963	0.0173541	148.155	0.859005	0
11.0943	0.0173521	147.755	0.821938	0
11.0757	0.0175065	147.688	0.8318	0
11.0892	0.0175763	147.788	0.846422	0
11.1194	0.0173144	148.771	0.837921	0
11.1202	0.0173403	147.555	0.842342	0
11.1184	0.017428	147.988	0.83384	0
11.1257	0.0172722	148.971	0.843362	0
11.0997	0.0175582	147.688	0.819217	0
11.0965	0.0169342	147.905	0.820577	0
11.1258	0.0170046	146.789	0.814456	0
11.1252	0.0176911	148.755	0.859685	0
11.0947	0.0174806	147.022	0.831459	0
11.0855	0.0175987	147.655	0.816497	0
11.0906	0.0175563	147.372	0.83384	0
11.0801	0.0172053	146.756	0.863086	0
11.0942	0.0171467	148.838	0.823638	0
11.1014	0.0172479	148.471	0.83316	0
11.1002	0.017356	148.105	0.843022	0
11.1017	0.0172052	146.556	0.845402	0
11.0982	0.0170862	147.872	0.83656	0
11.0842	0.0172191	147.822	0.856964	0
11.0903	0.0175137	148.272	0.839621	0
11.0992	0.0179501	148.471	0.8335	0
11.0758	0.0175833	149.021	0.846762	0
11.0686	0.0173971	148.471	0.83248	0
11.0838	0.0174582	145.906	0.842001	0
11.0863	0.0182041	148.355	0.851523	0
11.0777	0.0173559	148.088	0.844042	0
11.0662	0.0179165	147.788	0.826358	0
11.0853	0.0174698	148.788	0.826358	0
11.1004	0.0181434	147.305	0.826699	0
11.1021	0.0180249	148.455	0.826018	0
11.0874	0.0175768	146.822	0.817857	0
11.0915	0.0179875	149.221	0.860025	0
11.1066	0.0175256	146.322	0.818877	0
0	0	0	0	0
0	0	0	0	0
0	0	0	0	0
0	0	0	0	0
0	0	0	0	0
0	0	0	0	0
0	0	0	0	0
0	0	0	0	0
0	0	0	0	0
0	0	0	0	0
0	0	0	0	0
0	0	0	0	0
0	0	0	0	0
0	0	0	0	0
0	0	0	0	0
0	0	0	0	0
0	0	0	0	0
0	0	0	0	0
0	0	0	0	0
0	0	0	0	0
0	0	0	0	0
0	0	0	0	0
0	0	0	0	0
0	0	0	0	0
0	0	0	0	0
0	0	0	0	0
0	0	0	0	0
0	0	0	0	0
0	0	0	0	0
0	0	0	0	0
0	0	0	0	0
0	0	0	0	0
0	0	0	0	0
0	0	0	0	0
0	0	0	0	0
0	0	0	0	0
0	0	0	0	0
0	0	0	0	0
0	0	0	0	0
0	0	0	0	0
0	0	0	0	0
0	0	0	0	0
0	0	0	0	0
0	0	0	0	0
0	0	0	0	0
0	0	0	0	0
0	0	0	0	0
0	0	0	0	0
0	0	0	0	0
0	0	0	0	0
0	0	0	0	0
0	0	0	0	0
0	0	0	0	0
0	0	0	0	0
0	0	0	0	0
0	0	0	0	0
0	0	0	0	0
0	0	0	0	0
0	0	0	0	0
0	0	0	0	0
0	0	0	0	0
0	0	0	0	0
0	0	0	0	0
0	0	0	0	0
0	0	0	0	0
0	0	0	0	0
0	0	0	0	0
0	0	0	0	0
0	0	0	0	0
0	0	0	0	0
0	0	0	0	0
0	0	0	0	0
0	0	0	0	0
0	0	0	0	0
0	0	0	0	0
0	0	0	0	0
0	0	0	0	0
0	0	0	0	0
0	0	0	0	0
0	0	0	0	0
0	0	0	0	0
0	0	0	0	0
0	0	0	0	0
0	0	0	0	0
0	0	0	0	0
0	0	0	0	0
0	0	0	0	0
0	0	0	0	0
0	0	0	0	0
0	0	0	0	0
0	0	0	0	0
0	0	0	0	0
0	0	0	0	0
0	0	0	0	0
0	0	0	0	0
0	0	0	0	0
0	0	0	0	0
0	0	0	0	0
0	0	0	0	0
0	0	0	0	0
0	0	0	0	0
0	0	0	0	0
0	0	0	0	0
0	0	0	0	0
0	0	0	0	0
0	0	0	0	0
0	0	0	0	0
0	0	0	0	0
0	0	0	0	0
0	0	0	0	0
0	0	0	0	0
0	0	0	0	0
0	0	0	0	0
0	0	0	0	0
0	0	0	0	0
0	0	0	0	0
0	0	0	0	0
0	0	0	0	0
0	0	0	0	0
0	0	0	0	0
0	0	0	0	0
0	0	0	0	0
0	0	0	0	0
0	0	0	0	0
0	0	0	0	0
0	0	0	0	0
0	0	0	0	0
0	0	0	0	0
0	0	0	0	0
0	0	0	0	0
0	0	0	0	0
0	0	0	0	0
0	0	0	0	0
0	0	0	0	0
0	0	0	0	0
0	0	0	0	0
0	0	0	0	0
0	0	0	0	0
0	0	0	0	0
0	0	0	0	0
0	0	0	0	0
0	0	0	0	0
0	0	0	0	0
0	0	0	0	0
0	0	0	0	0
0	0	0	0	0
0	0	0	0	0
0	0	0	0	0
0	0	0	0	0
0	0	0	0	0
0	0	0	0	0
0	0	0	0	0
0	0	0	0	0
0	0	0	0	0
0	0	0	0	0
0	0	0	0	0
0	0	0	0	0
0	0	0	0	0
0	0	0	0	0
0	0	0	0	0
0	0	0	0	0
0	0	0	0	0
0	0	0	0	0
0	0	0	0	0
0	0	0	0	0
0	0	0	0	0
0	0	0	0	0
0	0	0	0	0
0	0	0	0	0
0	0	0	0	0
0	0	0	0	0
0	0	0	0	0
0	0	0	0	0
0	0	0	0	0
0	0	0	0	0
0	0	0	0	0
0	0	0	0	0
0	0	0	0	0
0	0	0	0	0
0	0	0	0	0
0	0	0	0	0
0	0	0	0	0
0	0	0	0	0
0	0	0	0	0
0	0	0	0	0
0	0	0	0	0
0	0	0	0	0
0	0	0	0	0
0	0	0	0	0
0	0	0	0	0
0	0	0	0	0
0	0	0	0	0
0	0	0	0	0
0	0	0	0	0
0	0	0	0	0
0	0	0	0	0
0	0	0	0	0
0	0	0	0	0
0	0	0	0	0
0	0	0	0	0
0	0	0	0	0
0	0	0	0	0
0	0	0	0	0
0	0	0	0	0
0	0	0	0	0
0	0	0	0	0
0	0	0	0	0
0	0	0	0	0
0	0	0	0	0
0	0	0	0	0
0	0	0	0	0
0	0	0	0	0
0	0	0	0	0
0	0	0	0	0
0	0	0	0	0
0	0	0	0	0
0	0	0	0	0
0	0	0	0	0
0	0	0	0	0
0	0	0	0	0
0	0	0	0	0
0	0	0	0	0
0	0	0	0	0
0	0	0	0	0
0	0	0	0	0
0	0	0	0	0
0	0	0	0	0
0	0	0	0	0
0	0	0	0	0
0	0	0	0	0
0	0	0	0	0
0	0	0	0	0
0	0	0	0	0
0	0	0	0	0
0	0	0	0	0
0	0	0	0	0
0	0	0	0	0
0	0	0	0	0
0	0	0	0	0
0	0	0	0	0
0	0	0	0	0
0	0	0	0	0
0	0	0	0	0
0	0	0	0	0
0	0	0	0	0
0	0	0	0	0
0	0	0	0	0
0	0	0	0	0
0	0	0	0	0
0	0	0	0	0
0	0	0	0	0
0	0	0	0	0
0	0	0	0	0
0	0	0	0	0
0	0	0	0	0
0	0	0	0	0
0	0	0	0	0
0	0	0	0	0
0	0	0	0	0
0	0	0	0	0
0	0	0	0	0
0	0	0	0	0
0	0	0	0	0
0	0	0	0	0
0	0	0	0	0
0	0	0	0	0
0	0	0	0	0
0	0	0	0	0
0	0	0	0	0
0	0	0	0	0
0	0	0	0	0
0	0	0	0	0
0	0	0	0	0
0	0	0	0	0
0	0	0	0	0
0	0	0	0	0
0	0	0	0	0
0	0	0	0	0
0	0	0	0	0
0	0	0	0	0
0	0	0	0	0
0	0	0	0	0
0	0	0	0	0
0	0	0	0	0
0	0	0	0	0
0	0	0	0	0
0	0	0	0	0
0	0	0	0	0
0	0	0	0	0
0	0	0	0	0
0	0	0	0	0
0	0	0	0	0
0	0	0	0	0
0	0	0	0	0
0	0	0	0	0
0	0	0	0	0
0	0	0	0	0
0	0	0	0	0
0	0	0	0	0
0	0	0	0	0
0	0	0	0	0
0	0	0	0	0
0	0	0	0	0
0	0	0	0	0
0	0	0	0	0
0	0	0	0	0
0	0	0	0	0
0	0	0	0	0
0	0	0	0	0
0	0	0	0	0
0	0	0	0	0
0	0	0	0	0
0	0	0	0	0
0	0	0	0	0
0	0	0	0	0
0	0	0	0	0
0	0	0	0	0
0	0	0	0	0
0	0	0	0	0
0	0	0	0	0
0	0	0	0	0
0	0	0	0	0
0	0	0	0	0
0	0	0	0	0
0	0	0	0	0
0	0	0	0	0
0	0	0	0	0
0	0	0	0	0
0	0	0	0	0
0	0	0	0	0
0	0	0	0	0
0	0	0	0	0
0	0	0	0	0
0	0	0	0	0
0	0	0	0	0
0	0	0	0	0
0	0	0	0	0
0	0	0	0	0
0	0	0	0	0
0	0	0	0	0
0	0	0	0	0
0	0	0	0	0
0	0	0	0	0
0	0	0	0	0
0	0	0	0	0
0	0	0	0	0
0	0	0	0	0
0	0	0	0	0
0	0	0	0	0
0	0	0	0	0
0	0	0	0	0
0	0	0	0	0
0	0	0	0	0
0	0	0	0	0
0	0	0	0	0
0	0	0	0	0
0	0	0	0	0
0	0	0	0	0
0	0	0	0	0
0	0	0	0	0
0	0	0	0	0
0	0	0	0	0
0	0	0	0	0
0	0	0	0	0
0	0	0	0	0
0	0	0	0	0
0	0	0	0	0
0	0	0	0	0
0	0	0	0	0
0	0	0	0	0
0	0	0	0	0
0	0	0	0	0
0	0	0	0	0
0	0	0	0	0
0	0	0	0	0
0	0	0	0	0
0	0	0	0	0
0	0	0	0	0
0	0	0	0	0
0	0	0	0	0
0	0	0	0	0
0	0	0	0	0
0	0	0	0	0
0	0	0	0	0
0	0	0	0	0
0	0	0	0	0
0	0	0	0	0
0	0	0	0	0
0	0	0	0	0
0	0	0	0	0
0	0	0	0	0
0	0	0	0	0
0	0	0	0	0
0	0	0	0	0
0	0	0	0	0
0	0	0	0	0
0	0	0	0	0
0	0	0	0	0
0	0	0	0	0
0	0	0	0	0
