a2610622.350147
Narit-cm 06/01/2026 22:05:02 06/01/2026 22:35:01 0045 0013.384714 0052.542598 00.0 00.0
0002383 0010 0000000 0010 05 0000000 0010 0000000 0010
1 0 1 01600 1 0000 3.75 00000.o 0 0 01 000 16 002383 0.500 BT0
1 2 1 02000 1 0000 3.75 00000.o 0 0 01 000 16 002383 0.500 S2A0
1 1 1 01600 1 0000 3.75 00000.o 0 0 00 000 00 002383 3.1746 BC0
1 3 1 02000 1 0000 3.75 00000.o 0 0 00 000 00 002383 3.1746 S2P0
1 5 0 01600 0 0000 1.00 00000.o 0 0 00 000 00 000000 0.000 OF0
0.000 .o Analog 0 	0.000 .o Analog StErr 0 	0.000 .o Photon Counting 0 	0.000 .o PC StErr 0 	0.000 .o Overflow Info 0 
28.6042	0.159484	178.397	0.864286	0
63.7088	0.366784	194.981	0.871165	0
261.598	2.31891	114.964	1.37811	0
472.728	0.0906724	0.973563	0.126221	0
473.457	0	0.0167856	0.0168524	0
473.457	0	0	0	0
473.457	0	22.1569	0.640046	0
473.457	9.05262E-6	17.3059	0.590865	0
473.457	0	3.42426	0.274109	0
473.457	0	9.5342	0.408584	0
473.457	0	38.825	0.755262	0
473.457	0	94.8217	1.00839	0
473.457	0	150.365	0.99601	0
473.457	0	130.827	1.04416	0
473.457	0	89.1313	0.939262	0
473.457	0	79.7482	0.882514	0
473.457	0	81.9471	0.886985	0
473.457	0	90.4742	0.91278	0
473.457	0	108.519	0.915187	0
473.457	0	117.717	0.914155	0
473.457	0	119.883	0.926537	0
473.457	0	133.63	0.951643	0
473.457	0	154.696	0.91278	0
473.457	0	172.371	0.912092	0
473.457	0	187.83	0.883202	0
473.457	0	195.367	0.908309	0
473.457	0	200.403	0.878731	0
473.457	0	203.693	0.897303	0
473.457	0	202.367	0.897647	0
473.457	6.42867E-6	204.112	0.895927	0
473.457	0	203.995	0.889737	0
473.457	0	201.125	0.903838	0
473.457	0	202.434	0.888361	0
473.457	0	202.149	0.871165	0
473.457	0.000262526	201.041	0.904182	0
474.152	0.0791265	199.983	0.895927	1
486.749	0.257026	202.333	0.880795	1
499.735	0.0496266	201.259	0.897647	1
499.997	0.00334888	201.175	0.896271	1
500	0	200.923	0.885266	1
500	0	201.074	0.884922	1
499.89	0.0253681	202.199	0.872196	1
495.99	0.208853	200.436	0.881826	1
473.094	0.487156	201.494	0.881482	1
433.364	0.545261	201.93	0.907277	1
393.706	0.536052	201.746	0.884922	0
353.666	0.5506	202.182	0.897991	0
313.244	0.57066	203.29	0.894552	0
273.872	0.583298	204.415	0.858439	0
235.57	0.579606	203.005	0.874604	0
198.863	0.558224	203.693	0.891456	0
165.15	0.524508	201.511	0.887673	0
135.033	0.477693	200.554	0.867038	0
108.8	0.425178	201.578	0.887329	0
86.6989	0.372225	201.41	0.883546	0
68.4432	0.313371	199.966	0.875292	0
53.6821	0.259239	199.161	0.883202	0
42.0251	0.215118	197.935	0.887673	0
33.0416	0.171592	195.787	0.878043	0
26.3568	0.135271	194.948	0.869101	0
21.2737	0.109028	194.142	0.880795	0
17.3881	0.085411	192.161	0.848122	0
14.5342	0.0666045	191.238	0.867038	0
12.377	0.0536051	190.063	0.852249	0
10.7512	0.0443326	187.293	0.879419	0
9.54574	0.037998	186.102	0.842275	0
8.53744	0.0339368	184.91	0.841931	0
7.76431	0.0297201	182.224	0.836428	0
7.25042	0.027667	179.186	0.868413	0
6.82073	0.0260461	177.121	0.847434	0
6.51801	0.024924	174.755	0.861879	0
6.33994	0.0240992	174.587	0.842619	0
6.13437	0.0229801	171.884	0.86463	0
5.94904	0.0229651	169.266	0.842275	0
5.82073	0.0223446	167.537	0.859815	0
5.71813	0.0225228	166.345	0.836084	0
5.6263	0.0221445	165.405	0.859127	0
5.54369	0.0217347	163.139	0.845026	0
5.49918	0.0212777	162.065	0.846746	0
5.48036	0.0209148	160.655	0.858783	0
5.43275	0.0208136	159.681	0.862223	0
5.41003	0.0199311	159.278	0.853968	0
5.41481	0.0190571	156.66	0.862567	0
5.43273	0.0186517	155.669	0.83918	0
5.5065	0.0183529	155.065	0.838492	0
5.57422	0.0186154	154.511	0.84537	0
5.62565	0.0181516	154.41	0.848466	0
5.68169	0.018184	151.54	0.858783	0
5.73529	0.0181866	154.142	0.840555	0
5.798	0.0179805	151.859	0.840555	0
5.83414	0.0179224	150.281	0.864286	0
5.86455	0.0177825	151.221	0.846746	0
5.90789	0.0172288	149.207	0.828862	0
5.95751	0.0179849	149.61	0.843307	0
6.01803	0.017336	147.612	0.834365	0
6.06734	0.0171558	149.106	0.840899	0
6.1018	0.0169674	146.924	0.841587	0
6.14749	0.0167665	148.821	0.844682	0
6.17886	0.0168461	145.749	0.843995	0
6.19772	0.0160316	146.152	0.851905	0
6.22531	0.0165783	143.265	0.843995	0
6.25378	0.0164782	144.876	0.829894	0
6.32012	0.0165844	146.303	0.866694	0
6.3652	0.0160444	144.524	0.847778	0
6.3597	0.0159728	142.509	0.822671	0
6.40037	0.0159517	141.804	0.848809	0
6.44906	0.0155357	143.517	0.845714	0
6.44164	0.0157103	141.989	0.863254	0
6.44191	0.0155167	141.284	0.850529	0
6.46948	0.0153906	140.797	0.847434	0
6.48167	0.0161161	141.553	0.849841	0
6.48513	0.0156478	140.076	0.848809	0
6.50423	0.0152741	139.068	0.866694	0
6.52804	0.0155653	138.229	0.860503	0
6.55778	0.0146229	138.716	0.83574	0
6.6005	0.0147269	139.287	0.862223	0
6.61605	0.0148538	139.572	0.857752	0
6.60491	0.0150134	138.649	0.85672	0
6.63546	0.0152578	136.937	0.849841	0
6.66272	0.0148843	137.121	0.847434	0
6.67051	0.0147578	136.416	0.844338	0
6.69198	0.0153264	136.786	0.825766	0
6.69492	0.014732	136.886	0.841931	0
6.69416	0.0145859	135.191	0.864286	0
6.72426	0.0148429	135.409	0.849153	0
6.76377	0.0143289	135.006	0.855688	0
6.76059	0.0141504	135.543	0.863598	0
6.73784	0.0142768	133.966	0.832989	0
6.76154	0.014453	136.349	0.839867	0
6.7875	0.0142234	133.781	0.850185	0
6.7811	0.0142086	134.52	0.842963	0
6.81324	0.0141132	133.328	0.86291	0
6.83995	0.0143247	132.438	0.841931	0
6.83175	0.0137656	131.616	0.860503	0
6.83011	0.0139376	132.102	0.868069	0
6.83235	0.0136315	130.944	0.830925	0
6.85801	0.013856	131.028	0.858783	0
6.86056	0.0140402	131.884	0.84709	0
6.83922	0.0136044	132.17	0.846746	0
6.85551	0.0136518	130.239	0.841243	0
6.85056	0.0135696	130.541	0.853624	0
6.83959	0.0134896	130.793	0.844682	0
6.85956	0.0134959	130.357	0.838836	0
6.85395	0.01329	130.021	0.84537	0
6.85487	0.0133651	129.4	0.840555	0
6.86951	0.0135075	130.474	0.856032	0
6.85798	0.0135091	128.628	0.834365	0
6.86493	0.013314	128.426	0.858783	0
6.86113	0.0132695	127.117	0.851905	0
6.85061	0.0131879	126.714	0.844682	0
6.87231	0.013462	128.023	0.8182	0
6.86929	0.0129461	128.846	0.83746	0
6.83261	0.0128722	126.53	0.863598	0
6.82063	0.0129025	126.765	0.843651	0
6.82035	0.01277	127.235	0.846402	0
6.7975	0.0128189	125.103	0.854312	0
6.79498	0.0128273	126.513	0.846746	0
6.77935	0.0128935	124.633	0.851905	0
6.74575	0.0122579	124.935	0.84709	0
6.73631	0.0123404	123.256	0.862567	0
6.73531	0.0125595	124.062	0.823359	0
6.73332	0.0125639	123.877	0.846746	0
6.71959	0.0125507	124.045	0.834709	0
6.69491	0.0125195	121.93	0.839867	0
6.67537	0.0121613	123.743	0.849497	0
6.65199	0.0121123	122.081	0.841931	0
6.6055	0.0118819	121.561	0.833677	0
6.57419	0.0119752	119.983	0.835396	0
6.5908	0.0119327	119.53	0.837116	0
6.5896	0.0120738	121.41	0.851905	0
6.53755	0.0118566	119.631	0.844682	0
6.51781	0.01153	118.439	0.835396	0
6.51748	0.0116463	118.607	0.832301	0
6.49029	0.0115927	117.449	0.84709	0
6.46877	0.011557	117.314	0.8182	0
6.45492	0.0112052	116.559	0.828518	0
6.41873	0.0110183	116.458	0.835396	0
6.38347	0.0110723	114.578	0.836084	0
6.38676	0.0111762	115.938	0.846402	0
6.37231	0.0109516	114.83	0.837116	0
6.32377	0.0111234	113.856	0.850873	0
6.30506	0.0111067	112.816	0.83918	0
6.28353	0.0112329	112.312	0.860847	0
6.25117	0.0109742	113.252	0.853968	0
6.22815	0.010809	110.013	0.84709	0
6.20324	0.0107541	110.264	0.830581	0
6.17372	0.0106242	109.627	0.83746	0
6.1464	0.0105781	108.972	0.82955	0
6.12172	0.0103726	107.663	0.830237	0
6.07889	0.0106334	106.823	0.824735	0
6.03608	0.00995296	106.974	0.813729	0
6.02717	0.0100174	105.9	0.831957	0
6.00286	0.0102138	105.447	0.842275	0
5.96078	0.00993223	104.205	0.823359	0
5.93794	0.0101084	103.265	0.830581	0
5.91863	0.0102527	103.047	0.842619	0
5.87801	0.00989353	101.2	0.829894	0
5.86274	0.00995519	101.62	0.833677	0
5.86489	0.0100852	101.334	0.850185	0
5.83909	0.00990737	99.4713	0.855	0
5.81189	0.0098911	99.5552	0.822327	0
5.79268	0.00979362	100.747	0.843307	0
5.77173	0.00953634	99.018	0.852249	0
5.73637	0.00967672	97.2556	0.841243	0
5.70463	0.00946491	96.1981	0.82611	0
5.6964	0.00964229	96.7184	0.837116	0
5.69157	0.00930511	97.1381	0.846746	0
5.66869	0.00960752	95.5602	0.832301	0
5.63646	0.00939701	95.0231	0.852937	0
5.61346	0.00912242	94.9224	0.833333	0
5.61066	0.00927552	94.5531	0.836772	0
5.58888	0.00873617	90.7595	0.81029	0
5.55308	0.00903064	92.1192	0.835052	0
5.54315	0.00902972	91.112	0.834365	0
5.54163	0.00895999	90.8603	0.818888	0
5.51891	0.00926463	90.9442	0.85672	0
5.48115	0.00903838	89.6181	0.867381	0
5.45599	0.00889131	90.1217	0.842963	0
5.44674	0.00891093	87.7717	0.83574	0
5.44366	0.00883916	87.2514	0.828862	0
5.43552	0.00889794	88.2249	0.853624	0
5.40832	0.00882512	86.966	0.824047	0
5.39306	0.00865188	86.4457	0.831269	0
5.37415	0.00860661	84.5321	0.814417	0
5.35271	0.00846584	84.8175	0.843651	0
5.3514	0.0087077	84.3307	0.850529	0
5.33044	0.00846781	83.3739	0.839867	0
5.30284	0.00841329	82.82	0.8182	0
5.29186	0.0082655	83.8439	0.803067	0
5.27421	0.00831024	81.3596	0.834365	0
5.24711	0.00830814	79.8321	0.836428	0
5.24841	0.00845698	81.9303	0.823703	0
5.25408	0.00842117	80.3861	0.831269	0
5.23938	0.00846682	79.9832	0.817512	0
5.22115	0.00830597	80.5371	0.824391	0
5.21006	0.00842254	79.6475	0.812353	0
5.21151	0.00868848	79.9832	0.832989	0
5.21388	0.00839342	79.0768	0.809946	0
5.20628	0.00806018	79.6811	0.805819	0
5.18991	0.00826399	79.7482	0.814417	0
5.17234	0.00809665	77.7004	0.812353	0
5.15602	0.00809731	76.6261	0.828862	0
5.13849	0.00818265	75.8372	0.825423	0
5.12252	0.00790923	75.5854	0.796189	0
5.10642	0.00783917	75.7029	0.823015	0
5.08817	0.00779391	73.9908	0.818544	0
5.07272	0.0078256	74.595	0.804787	0
5.05707	0.007588	73.7726	0.82783	0
5.04137	0.00757219	72.2451	0.802036	0
5.02996	0.00768259	72.3122	0.812697	0
5.01771	0.00776328	69.9119	0.804443	0
5.00315	0.00770234	70.3819	0.80066	0
4.99706	0.00762959	72.2619	0.8182	0
4.98567	0.00779496	69.7776	0.814417	0
4.96061	0.00764671	69.0222	0.791374	0
4.94556	0.00757324	68.7369	0.818544	0
4.93057	0.00771303	67.5787	0.800316	0
4.91645	0.00738989	68.7369	0.810634	0
4.91355	0.00727129	68.183	0.79275	0
4.89884	0.00735565	66.3701	0.790342	0
4.88811	0.00709863	68.183	0.791374	0
4.8852	0.00729549	66.6723	0.789654	0
4.8596	0.00705494	63.8523	0.784151	0
4.8477	0.00706347	64.8258	0.774178	0
4.85095	0.00695012	66.4205	0.788279	0
4.82424	0.00706623	62.5934	0.801004	0
4.81313	0.00701394	64.6748	0.797908	0
4.81724	0.00674263	62.9962	0.77005	0
4.79815	0.00706636	62.308	0.804099	0
4.78058	0.00701525	61.2002	0.785871	0
4.78591	0.00674092	62.7109	0.782088	0
4.77434	0.0067421	61.7205	0.787247	0
4.75149	0.00655928	61.6366	0.799284	0
4.74782	0.00687159	60.0084	0.780712	0
4.73628	0.00668529	58.9677	0.775897	0
4.70955	0.00667788	58.7998	0.782432	0
4.71227	0.00688511	58.9173	0.786559	0
4.70581	0.00665846	57.692	0.776585	0
4.68031	0.00647833	57.8766	0.804443	0
4.68256	0.00660146	57.6248	0.785183	0
4.66481	0.00644153	57.1548	0.768675	0
4.64517	0.00639023	55.577	0.784495	0
4.64916	0.00650818	55.2581	0.769019	0
4.64177	0.00641909	55.6609	0.76386	0
4.63661	0.00647492	57.3395	0.775209	0
4.63046	0.0063165	53.8649	0.755949	0
4.60011	0.00626166	53.6467	0.754574	0
4.59142	0.0061792	53.227	0.776241	0
4.59206	0.00627563	53.546	0.777273	0
4.57271	0.00605994	51.9681	0.772802	0
4.56577	0.00601756	52.1527	0.755949	0
4.56203	0.00604243	51.5149	0.756637	0
4.54206	0.00595105	50.3735	0.764204	0
4.53659	0.00587377	51.8674	0.765235	0
4.54106	0.00608001	50.5245	0.740473	0
4.52195	0.00588997	49.4838	0.758701	0
4.501	0.00589955	47.8556	0.74288	0
4.496	0.00579965	48.1578	0.733594	0
4.49189	0.00581788	47.9228	0.743912	0
4.47932	0.00572401	48.0235	0.739785	0
4.47426	0.00578718	45.7071	0.728779	0
4.47196	0.00561945	47.2514	0.742536	0
4.46209	0.00584058	46.3114	0.738065	0
4.45206	0.00567002	46.5296	0.750103	0
4.44319	0.00556474	45.2203	0.731531	0
4.43073	0.00539457	46.1099	0.724308	0
4.42258	0.00556566	44.5992	0.731531	0
4.41104	0.00539444	43.676	0.722933	0
4.3962	0.00529165	43.2732	0.722245	0
4.39302	0.00516616	43.5753	0.714678	0
4.39594	0.00534262	43.525	0.718118	0
4.38582	0.00536387	42.5682	0.709863	0
4.3731	0.00538913	41.0575	0.716054	0
4.37242	0.00531336	41.6953	0.696106	0
4.36748	0.00523248	41.4771	0.704017	0
4.35229	0.00511309	40.6882	0.718805	0
4.34331	0.00512116	40.5371	0.701953	0
4.33546	0.00510253	39.6307	0.692323	0
4.32668	0.00493355	39.9161	0.689572	0
4.32167	0.00501732	39.06	0.708832	0
4.31262	0.00504959	38.0864	0.682005	0
4.30317	0.00496451	37.3479	0.689572	0
4.29908	0.00496844	38.7411	0.685101	0
4.29406	0.00497527	37.029	0.680974	0
4.28447	0.00493761	36.7436	0.688196	0
4.27619	0.00484092	35.7365	0.680974	0
4.26401	0.00473445	35.4511	0.674439	0
4.26201	0.00485043	35.8372	0.669624	0
4.26233	0.00467023	35.535	0.675127	0
4.24622	0.00461762	34.6958	0.683381	0
4.2366	0.00461795	32.7822	0.651052	0
4.2333	0.00449082	33.2858	0.642454	0
4.22524	0.0044775	33.0676	0.647613	0
4.22499	0.00463461	33.8733	0.657931	0
4.22061	0.00448465	32.1108	0.643486	0
4.21251	0.00448715	33.8901	0.65965	0
4.21014	0.00445481	33.1347	0.645893	0
4.2012	0.00448629	31.7919	0.644861	0
4.18819	0.00448387	31.6072	0.647269	0
4.18335	0.00436284	30.6337	0.651052	0
4.17898	0.00435005	29.979	0.636951	0
4.1715	0.00436303	30.3315	0.631448	0
4.17653	0.00434296	30.7008	0.629385	0
4.17177	0.00434552	29.3747	0.62285	0
4.15992	0.0043036	29.3412	0.640734	0
4.16307	0.00421065	30.1804	0.641422	0
4.15655	0.004185	29.2237	0.63076	0
4.14774	0.00420947	29.4083	0.633856	0
4.1521	0.0042853	28.2333	0.628009	0
4.14131	0.00423643	27.2933	0.608405	0
4.13532	0.00420094	27.7465	0.614596	0
4.1414	0.00419202	28.1326	0.620443	0
4.13293	0.00408385	28.1158	0.611157	0
4.12379	0.00401818	27.394	0.604966	0
4.11984	0.0040435	27.394	0.611844	0
4.11158	0.00402789	26.3198	0.603934	0
4.10778	0.00394235	27.2933	0.608749	0
4.10615	0.00400178	25.9841	0.588457	0
4.10086	0.00393743	25.6483	0.590865	0
4.10343	0.00390332	26.1855	0.599119	0
4.10349	0.00396872	25.8833	0.588801	0
4.09278	0.00380171	25.6651	0.597743	0
4.08268	0.00382795	24.5909	0.579171	0
4.07572	0.00378596	24.5741	0.593616	0
4.07274	0.00371597	24.7587	0.582955	0
4.07353	0.00381797	24.658	0.586394	0
4.06884	0.00371098	24.9601	0.587082	0
4.06072	0.00373335	23.6844	0.579515	0
4.05763	0.00385451	23.9026	0.579859	0
4.05716	0.0037041	24.188	0.57814	0
4.05473	0.00365431	23.1809	0.566446	0
4.04941	0.00361521	22.2744	0.553721	0
4.04338	0.00355938	22.543	0.564383	0
4.045	0.00364552	22.6941	0.562663	0
4.0458	0.00353452	22.9459	0.56507	0
4.04475	0.00368225	22.6437	0.561631	0
4.04512	0.00368632	23.248	0.576764	0
4.04298	0.00371223	22.1737	0.564383	0
4.03595	0.00369334	22.1905	0.563007	0
4.02923	0.00359822	21.9891	0.563695	0
4.02255	0.00347686	21.4184	0.544779	0
4.02325	0.00361062	21.4855	0.564039	0
4.02373	0.00361042	22.1066	0.567478	0
4.01607	0.00364007	21.3848	0.55097	0
4.01102	0.00351884	21.2505	0.551657	0
4.01668	0.00352842	21.7037	0.548906	0
4.01019	0.00337656	20.5455	0.543747	0
4.00418	0.00341979	21.3009	0.540652	0
4.0085	0.0034562	20.7302	0.546498	0
4.00719	0.00345823	20.6295	0.55097	0
4.00041	0.00345121	20.4616	0.553721	0
3.99753	0.00332002	19.9748	0.526551	0
3.99801	0.00335268	21.3177	0.552689	0
3.99464	0.00332605	19.8909	0.537556	0
3.98973	0.00333195	19.6055	0.526895	0
3.98838	0.00329568	19.7902	0.530334	0
3.98552	0.00335321	19.102	0.530678	0
3.98307	0.00328538	19.8573	0.52827	0
3.97947	0.00326045	19.5552	0.535493	0
3.97662	0.00326616	19.3202	0.524831	0
3.97208	0.00325671	18.0277	0.505915	0
3.965	0.00320299	18.3802	0.520704	0
3.96819	0.00317937	18.4138	0.528958	0
3.97404	0.00322463	18.8166	0.519672	0
3.96981	0.00317852	18.1452	0.521048	0
3.96682	0.00319472	18.4641	0.511074	0
3.96739	0.00319984	18.0781	0.503852	0
3.96193	0.00318245	17.692	0.506259	0
3.95798	0.00321729	18.397	0.522768	0
3.95638	0.00312991	17.9941	0.500068	0
3.94864	0.00305611	17.3563	0.506259	0
3.94753	0.00321466	17.9102	0.509011	0
3.94847	0.00322562	17.4066	0.510386	0
3.94813	0.00309527	17.8934	0.511074	0
3.94574	0.00306116	17.0877	0.503508	0
3.94011	0.00314874	16.2484	0.488031	0
3.93847	0.00309357	16.047	0.495941	0
3.93838	0.00300016	16.6345	0.494222	0
3.93804	0.00303866	17.1548	0.515201	0
3.93884	0.00311194	16.3995	0.500412	0
3.93702	0.00301478	16.9198	0.497317	0
3.93155	0.00305631	16.1141	0.483904	0
3.9296	0.00303473	15.9463	0.49147	0
3.93247	0.00300429	16.4331	0.495597	0
3.92977	0.00309193	15.8456	0.481496	0
3.92394	0.00298789	16.517	0.493534	0
3.92219	0.00300718	16.4331	0.498693	0
3.91877	0.00299123	15.3756	0.475994	0
3.91632	0.00295916	15.8456	0.477713	0
3.91617	0.0029711	15.7449	0.493878	0
3.91631	0.00302043	15.6274	0.48356	0
3.92	0.00293469	16.3324	0.493534	0
3.91777	0.00297221	15.3588	0.478401	0
3.91139	0.00289743	15.1742	0.473242	0
3.90963	0.0029297	14.872	0.47565	0
3.9062	0.00284561	15.0231	0.47393	0
3.90409	0.00285341	15.0231	0.471523	0
3.90195	0.00285886	14.4188	0.452951	0
3.89464	0.00276879	13.6802	0.461205	0
3.89262	0.00277036	13.932	0.4643	0
3.89032	0.00269237	13.9152	0.453638	0
3.89039	0.00276866	14.3013	0.470491	0
3.89374	0.00288352	14.2006	0.469459	0
3.89516	0.00289244	14.5027	0.47221	0
3.89266	0.00281156	14.3349	0.471867	0
3.88882	0.00275383	14.4859	0.466708	0
3.88909	0.00280146	14.0495	0.455014	0
3.88693	0.00270286	13.8984	0.452951	0
3.88041	0.00272884	13.2102	0.444009	0
3.88531	0.00272792	14.2845	0.458797	0
3.8876	0.00275095	14.0831	0.449855	0
3.87637	0.00275574	12.8074	0.451919	0
3.87488	0.00267511	13.3445	0.440913	0
3.87973	0.00263628	13.5963	0.452607	0
3.87675	0.00277397	12.9249	0.440913	0
3.87435	0.00268443	13.4452	0.453638	0
3.8702	0.00261575	12.5892	0.431283	0
3.86723	0.00264186	12.5052	0.441601	0
3.87017	0.00274117	12.8577	0.436442	0
3.87042	0.00264113	12.5556	0.444009	0
3.86595	0.00259843	12.1192	0.427156	0
3.8658	0.00259587	12.7235	0.437474	0
3.87007	0.00263287	12.841	0.435754	0
3.86607	0.00264271	12.4381	0.437474	0
3.86172	0.00261772	12.7402	0.444696	0
3.86483	0.00263339	12.6227	0.433347	0
3.86181	0.00260565	12.3038	0.440913	0
3.85647	0.00258643	12.6563	0.440913	0
3.85837	0.0026063	12.8745	0.436442	0
3.85972	0.00261647	13.1263	0.45467	0
3.85537	0.00257855	11.8003	0.427156	0
3.85056	0.00256911	11.0953	0.408928	0
3.85181	0.00256484	12.287	0.436098	0
3.85127	0.00256589	11.8003	0.41787	0
3.84448	0.0024877	11.4142	0.426124	0
3.84743	0.00255002	11.0785	0.421653	0
3.85193	0.00249209	11.7667	0.42578	0
3.84584	0.00253217	11.3806	0.421653	0
3.84137	0.0024919	11.5653	0.425437	0
3.84239	0.00247989	11.347	0.434035	0
3.84195	0.00244768	10.9106	0.407896	0
3.83789	0.00251578	10.6085	0.401018	0
3.83583	0.00241324	10.491	0.402737	0
3.8374	0.00244486	11.2631	0.417526	0
3.83398	0.00241948	10.6253	0.414431	0
3.83017	0.00238359	10.3231	0.401018	0
3.83109	0.00241915	10.9106	0.416838	0
3.8298	0.00240039	10.5413	0.407896	0
3.82937	0.00240747	10.3399	0.401018	0
3.83046	0.0024078	10.3567	0.410992	0
3.82744	0.00236457	10.3399	0.397579	0
3.82564	0.00235283	10.2728	0.410304	0
3.82402	0.00233505	10.021	0.399986	0
3.8184	0.00231399	9.86991	0.392764	0
3.81676	0.00225194	9.55099	0.387605	0
3.81321	0.00220562	8.76206	0.370752	0
3.80824	0.00222589	8.81242	0.374535	0
3.80777	0.00230422	9.08099	0.380038	0
3.80391	0.00217099	8.72849	0.370408	0
3.80104	0.00213661	8.10743	0.352524	0
3.80392	0.00212717	8.77885	0.368001	0
3.80358	0.00217912	8.35921	0.361466	0
3.80199	0.00212691	8.86278	0.377975	0
3.79908	0.00212422	8.29207	0.361466	0
3.7956	0.00211221	8.376	0.366625	0
3.7967	0.00210906	8.4935	0.368001	0
3.79572	0.00210139	7.38565	0.340143	0
3.78816	0.00204038	6.98279	0.330513	0
3.7841	0.00204786	6.68065	0.322603	0
3.78186	0.0019084	7.10029	0.335672	0
3.7798	0.00196376	6.5128	0.32501	0
3.77575	0.00194421	6.46244	0.32329	0
3.77161	0.0018527	6.21066	0.321571	0
3.76835	0.0018466	5.84138	0.305406	0
3.76719	0.00182561	5.97566	0.309877	0
3.76636	0.00182423	5.84138	0.30919	0
3.76786	0.00185985	6.41209	0.318819	0
3.76886	0.00186399	5.69031	0.302655	0
3.7678	0.0018142	5.60638	0.298184	0
3.76751	0.00184503	6.05959	0.311597	0
3.76805	0.00187547	6.12673	0.30919	0
3.76537	0.00180344	5.57281	0.298184	0
3.76493	0.00177097	5.74066	0.304375	0
3.7636	0.00178291	5.42174	0.294401	0
3.7608	0.00180259	5.27067	0.290961	0
3.75999	0.00173974	5.50567	0.291305	0
3.76046	0.00179065	5.63995	0.300591	0
3.75752	0.00174506	5.01888	0.288554	0
3.75082	0.00169448	4.73353	0.279268	0
3.74958	0.00162029	4.49853	0.275829	0
3.75056	0.00158729	4.66639	0.271702	0
3.74969	0.00158454	4.95174	0.279268	0
3.7455	0.00160205	4.07889	0.268606	0
3.7437	0.00157699	4.19639	0.262072	0
3.74606	0.00157371	4.73353	0.273077	0
3.74605	0.00157017	4.38103	0.264479	0
3.74217	0.00151474	3.87747	0.252786	0
3.74343	0.0015602	4.26353	0.26276	0
3.74207	0.00152471	4.01175	0.258632	0
3.73654	0.00150772	3.59211	0.243844	0
3.73734	0.00152569	3.91104	0.25141	0
3.73963	0.00154537	4.58246	0.274797	0
3.73517	0.00146816	3.03819	0.224928	0
3.73128	0.00144343	3.32354	0.231118	0
3.73329	0.0014557	3.28997	0.231462	0
3.73507	0.00148056	3.45783	0.236277	0
3.73508	0.00147945	3.74318	0.247971	0
3.73411	0.0014374	3.47461	0.242812	0
3.73687	0.00153166	4.12925	0.257257	0
3.73615	0.00146456	3.3739	0.231462	0
3.73244	0.00148043	3.62568	0.24006	0
3.73128	0.0014864	3.2564	0.232838	0
3.73256	0.00152307	3.55854	0.236965	0
3.73261	0.00143451	3.7264	0.24969	0
3.7304	0.00143589	3.12211	0.22252	0
3.72776	0.0014494	3.27319	0.226991	0
3.72874	0.00143812	3.20604	0.226303	0
3.72882	0.00143425	3.27319	0.23215	0
3.72891	0.00144586	3.2564	0.23043	0
3.73048	0.00146436	3.87747	0.249346	0
3.73015	0.00142828	3.59211	0.245907	0
3.7269	0.00143838	3.2564	0.231462	0
3.72719	0.00140644	3.35711	0.233526	0
3.72891	0.00145399	3.4914	0.236277	0
3.72749	0.00140125	3.45783	0.2435	0
3.72922	0.00146849	3.62568	0.245907	0
3.7294	0.00147466	3.34033	0.236621	0
3.72571	0.00144422	3.30676	0.233182	0
3.72571	0.00143038	3.54175	0.2435	0
3.72691	0.00141195	3.18926	0.225615	0
3.72502	0.00144855	3.27319	0.234558	0
3.72347	0.00138354	3.05497	0.220113	0
3.72394	0.00143287	3.4914	0.236277	0
3.72542	0.00146436	3.39068	0.236621	0
3.72443	0.00146915	3.28997	0.236277	0
3.72389	0.00142192	3.57533	0.241092	0
3.72226	0.0013598	3.0214	0.220457	0
3.72002	0.00136065	3.22283	0.226991	0
3.72133	0.00141634	3.18926	0.229399	0
3.72234	0.00140152	2.88712	0.218737	0
3.72102	0.00139653	3.20604	0.226303	0
3.72167	0.0014227	3.2564	0.231462	0
3.72352	0.00144186	3.39068	0.234214	0
3.72223	0.00140355	3.2564	0.231462	0
3.71839	0.00134556	2.76962	0.215986	0
3.71717	0.00133493	2.98783	0.226991	0
3.71909	0.00139299	3.12211	0.228711	0
3.72056	0.00143353	3.32354	0.239373	0
3.71935	0.00139548	3.30676	0.24006	0
3.71864	0.0014145	3.22283	0.23043	0
3.71797	0.00137711	3.05497	0.226647	0
3.71702	0.0013901	3.4914	0.239716	0
3.71682	0.0013451	2.81997	0.212546	0
3.71779	0.00136255	2.93747	0.217705	0
3.7174	0.00137534	3.03819	0.222176	0
3.71546	0.00136695	2.61855	0.205324	0
3.71707	0.00133146	2.85355	0.216329	0
3.71603	0.00130837	2.7864	0.212546	0
3.71445	0.00134241	2.80319	0.219769	0
3.71422	0.00130974	2.63533	0.207387	0
3.71201	0.00131906	2.48426	0.20326	0
3.71092	0.00129092	2.41712	0.196726	0
3.71172	0.00129446	2.7864	0.213922	0
3.71407	0.0013451	2.92069	0.219769	0
3.71533	0.00137646	2.97104	0.22252	0
3.71469	0.00132601	3.0214	0.226647	0
3.71522	0.00137711	3.1389	0.22424	0
3.71429	0.00133224	2.71926	0.209107	0
3.71005	0.00130122	2.7864	0.213922	0
3.71179	0.00133303	2.9039	0.218049	0
3.71232	0.00131112	2.76962	0.22252	0
3.71049	0.00129374	2.65212	0.209451	0
3.70866	0.00126829	2.50105	0.203948	0
3.70975	0.00126992	2.45069	0.203604	0
3.70788	0.00127432	2.51783	0.201885	0
3.7075	0.00133605	2.43391	0.198789	0
3.70838	0.00129466	2.40034	0.200509	0
3.70756	0.00127629	2.87033	0.215642	0
3.7088	0.00132975	3.0214	0.222864	0
3.70948	0.00131637	2.41712	0.199477	0
3.70672	0.0012736	2.29962	0.19363	0
3.70789	0.00129131	3.00462	0.221144	0
3.70922	0.00133257	2.56819	0.20498	0
3.70548	0.00125976	2.28284	0.196038	0
3.70571	0.00125536	2.43391	0.200165	0
3.70859	0.00129525	2.31641	0.192943	0
3.70886	0.00134707	2.9039	0.219081	0
3.70791	0.00131794	2.9039	0.213922	0
3.70566	0.00128114	2.24927	0.191911	0
3.70521	0.00128311	2.56819	0.203604	0
3.70445	0.0012118	2.33319	0.196382	0
3.70445	0.00128423	2.56819	0.203604	0
3.7053	0.00130122	2.68569	0.210483	0
3.70341	0.00130312	2.41712	0.199477	0
3.70336	0.00125569	2.38355	0.198445	0
3.70496	0.0012589	2.65212	0.208075	0
3.70503	0.00126796	2.41712	0.199477	0
3.70423	0.00128685	2.21569	0.190535	0
3.70338	0.00130568	2.53462	0.203948	0
3.70269	0.00126251	2.26605	0.192255	0
3.70085	0.00121928	1.93034	0.180561	0
3.70063	0.00122073	2.29962	0.195006	0
3.70158	0.00123135	2.29962	0.192255	0
3.70188	0.00123535	2.0982	0.184344	0
3.69943	0.00121863	2.24927	0.193286	0
3.69986	0.00123129	2.38355	0.201197	0
3.70208	0.00126173	2.34998	0.195694	0
3.7016	0.0012431	2.31641	0.195694	0
3.69897	0.00121771	2.31641	0.198789	0
3.69962	0.00118904	2.28284	0.192943	0
3.7009	0.00127366	2.51783	0.20326	0
3.70131	0.00127314	2.34998	0.195694	0
3.69919	0.00124316	2.36676	0.194662	0
3.69859	0.0012185	2.40034	0.198789	0
3.69927	0.0012082	2.0982	0.188815	0
3.69918	0.00124172	2.53462	0.2067	0
3.69878	0.00120564	2.08141	0.186752	0
3.69536	0.00117428	2.18212	0.189159	0
3.69504	0.00114299	1.64499	0.164397	0
3.69513	0.00115814	2.06462	0.184344	0
3.69487	0.0011325	1.77927	0.172307	0
3.69345	0.0010875	1.81284	0.175402	0
3.6931	0.0011096	1.79606	0.172995	0
3.69225	0.00112915	1.54427	0.161301	0
3.69047	0.00112508	1.49392	0.160613	0
3.69054	0.00107641	1.71213	0.169212	0
3.69116	0.00110875	1.79606	0.171275	0
3.69078	0.00112469	1.69534	0.166804	0
3.68991	0.00110678	1.5107	0.156142	0
3.69006	0.00109228	1.47713	0.156486	0
3.68926	0.00103128	1.19178	0.143417	0
3.68852	0.00104945	1.24213	0.142041	0
3.69013	0.00103515	1.35963	0.148576	0
3.68962	0.00106939	1.6282	0.161989	0
3.68861	0.00105994	1.5107	0.161645	0
3.68824	0.00104919	1.2757	0.145825	0
3.69049	0.00114024	1.93034	0.178842	0
3.69058	0.00110055	1.57784	0.159582	0
3.68724	0.00104348	1.40999	0.153047	0
3.68712	0.00106362	1.29249	0.146856	0
3.68798	0.00109917	1.46034	0.155455	0
3.68808	0.00103233	1.29249	0.146856	0
3.68812	0.00110357	1.64499	0.164397	0
3.68861	0.00106263	1.42677	0.155799	0
3.68901	0.00106545	1.57784	0.161301	0
3.68831	0.001085	1.40999	0.154767	0
3.68669	0.00103718	1.25892	0.143073	0
3.68606	0.00101225	1.25892	0.145137	0
3.68663	0.00105889	1.35963	0.148576	0
3.68695	0.00103167	1.47713	0.158206	0
3.68565	0.00100924	1.37642	0.151327	0
3.6854	0.00101481	1.1582	0.13757	0
3.68564	0.00107247	1.32606	0.146856	0
3.68474	0.00104545	1.42677	0.155799	0
3.68357	0.00102773	1.29249	0.144793	0
3.6849	0.00100386	1.34285	0.147544	0
3.6859	0.00103469	1.34285	0.147544	0
3.68626	0.00106427	1.40999	0.15855	0
3.68528	0.00102432	1.24213	0.142041	0
3.68488	0.00101776	1.46034	0.155455	0
3.68555	0.00101953	1.40999	0.150984	0
3.68495	0.00102951	1.35963	0.152359	0
3.68438	0.00106112	1.34285	0.147544	0
3.68494	0.00103685	1.19178	0.13929	0
3.68474	0.0010545	1.5107	0.157862	0
3.68474	0.00104991	1.3932	0.154079	0
3.68368	0.00105076	1.29249	0.146856	0
3.68353	0.00105889	1.30927	0.145825	0
3.68338	0.00102833	1.09106	0.135507	0
3.68455	0.00102052	1.52749	0.157174	0
3.68411	0.00103974	1.42677	0.153735	0
3.68272	0.0010093	1.09106	0.135507	0
3.68283	0.00101534	1.34285	0.149608	0
3.6847	0.00105063	1.32606	0.15064	0
3.68399	0.00108599	1.61141	0.161301	0
3.68502	0.001081	1.42677	0.157518	0
3.68468	0.00105358	1.47713	0.154423	0
3.68248	0.000994279	1.22535	0.143073	0
3.68124	0.000993755	0.923206	0.123126	0
3.68146	0.000964432	1.32606	0.15064	0
3.68116	0.000990015	1.10785	0.134475	0
3.68041	0.00100917	1.32606	0.148576	0
3.68081	0.00100707	1.20856	0.140322	0
3.68117	0.00101757	1.22535	0.145137	0
3.68236	0.00100307	1.1582	0.141354	0
3.68363	0.00100812	1.42677	0.153735	0
3.68315	0.00105771	1.2757	0.144105	0
3.68421	0.00102655	1.40999	0.150984	0
3.68449	0.0010358	1.44356	0.152703	0
3.68027	0.000986998	1.19178	0.143417	0
3.68055	0.000977486	1.17499	0.138258	0
3.68209	0.00101461	1.32606	0.146856	0
3.68037	0.000991459	0.939992	0.124157	0
3.67911	0.000968958	1.2757	0.144105	0
3.67909	0.00098116	1.05749	0.133443	0
3.68007	0.000988441	0.973563	0.128628	0
3.6799	0.00101501	1.10785	0.134475	0
3.67828	0.000965547	0.939992	0.124157	0
3.6786	0.000944556	1.05749	0.13138	0
3.67955	0.000963317	1.17499	0.140322	0
3.67959	0.000996444	1.17499	0.140322	0
3.6801	0.000980963	1.0407	0.130348	0
3.68037	0.00098234	1.34285	0.149608	0
3.68108	0.00100143	0.973563	0.126221	0
3.68	0.00101081	1.17499	0.138258	0
3.67932	0.000988179	0.822493	0.116247	0
3.67916	0.000977748	1.1582	0.139634	0
3.67976	0.000985358	1.12463	0.135507	0
3.67931	0.000997822	1.24213	0.142041	0
3.67955	0.00101416	1.24213	0.142041	0
3.67887	0.00101547	0.939992	0.124157	0
3.67841	0.000955707	1.05749	0.133443	0
3.6804	0.000984702	1.40999	0.153047	0
3.68027	0.000993361	1.1582	0.13757	0
3.67881	0.00096968	1.05749	0.13138	0
3.67837	0.000955379	1.17499	0.140322	0
3.67868	0.00099605	1.1582	0.139634	0
3.67787	0.000986079	1.00713	0.128284	0
3.67808	0.000970729	1.09106	0.135507	0
3.67944	0.000972369	0.872849	0.119686	0
3.67827	0.000987129	1.12463	0.135507	0
3.67789	0.000974797	1.14142	0.138602	0
3.67865	0.00100051	1.0407	0.138946	0
3.67769	0.00100294	1.05749	0.13138	0
3.67711	0.000944556	1.00713	0.128284	0
3.67624	0.000952362	0.939992	0.126565	0
3.67611	0.000959971	1.0407	0.132755	0
3.67674	0.000955182	1.00713	0.128284	0
3.67666	0.000943244	0.856064	0.118654	0
3.67537	0.000918578	0.805707	0.115215	0
3.67532	0.000950394	1.0407	0.132755	0
3.67634	0.000920218	0.839278	0.117623	0
3.6774	0.00093406	0.856064	0.118654	0
3.67615	0.000923958	0.822493	0.116247	0
3.67609	0.000926516	0.788922	0.116247	0
3.67788	0.000931698	1.0407	0.130348	0
3.67753	0.000950722	1.14142	0.136539	0
3.67468	0.000946327	0.738565	0.1104	0
3.67452	0.000926253	0.856064	0.118654	0
3.67596	0.000947442	0.923206	0.123126	0
3.67611	0.00092645	0.939992	0.124157	0
3.67551	0.000937602	0.90642	0.124157	0
3.67488	0.000910313	0.872849	0.119686	0
3.67678	0.000941144	1.09106	0.13757	0
3.67707	0.000951115	1.00713	0.132755	0
3.67669	0.000945343	0.939992	0.124157	0
3.67616	0.000984636	1.2757	0.145825	0
3.67567	0.00098503	0.889635	0.120718	0
3.67483	0.000929205	0.939992	0.124157	0
3.67405	0.00089739	0.822493	0.116247	0
3.67514	0.000948951	0.872849	0.122094	0
3.67451	0.000925204	0.805707	0.115215	0
3.67433	0.000913659	0.956777	0.125189	0
3.67495	0.000933863	0.822493	0.121062	0
3.67496	0.000932354	1.00713	0.128284	0
3.67525	0.00093242	0.772136	0.117623	0
3.67577	0.000958922	1.02392	0.129316	0
3.67612	0.000970073	0.822493	0.116247	0
3.67558	0.000973025	1.22535	0.141354	0
3.67648	0.000960824	0.90642	0.122094	0
3.67487	0.000922318	0.872849	0.119686	0
3.6743	0.00092363	0.772136	0.112808	0
3.6749	0.000906705	0.839278	0.117623	0
3.67436	0.000918447	0.75535	0.111432	0
3.6748	0.000950919	0.939992	0.126565	0
3.67345	0.000924876	0.90642	0.122094	0
3.67239	0.00088473	0.721779	0.111776	0
3.67225	0.000893192	0.839278	0.117623	0
3.67273	0.00091438	0.990348	0.127253	0
3.6737	0.000914183	0.738565	0.112808	0
3.6754	0.000928943	0.923206	0.123126	0
3.67595	0.000923105	0.889635	0.123126	0
3.67359	0.000908411	0.839278	0.122094	0
3.67413	0.000913855	0.839278	0.117623	0
3.67436	0.000914643	0.788922	0.11384	0
3.67391	0.000893389	0.90642	0.122094	0
3.67385	0.000877382	0.805707	0.117623	0
3.67302	0.000884074	0.738565	0.1104	0
3.6732	0.000882302	0.856064	0.118654	0
3.67408	0.000936159	0.721779	0.114183	0
3.67374	0.000903622	0.75535	0.111432	0
3.6746	0.000925532	1.02392	0.131724	0
3.67439	0.000920284	0.822493	0.116247	0
3.67305	0.000917004	0.856064	0.121062	0
3.67399	0.000927172	0.788922	0.11384	0
3.67547	0.000911035	0.923206	0.127597	0
3.67389	0.000889387	0.688208	0.106617	0
3.67411	0.000880138	0.788922	0.116247	0
3.67477	0.000934519	0.939992	0.126565	0
3.67287	0.000900276	0.75535	0.111432	0
3.67286	0.000920678	0.889635	0.120718	0
3.6729	0.000883877	0.788922	0.11384	0
3.67215	0.000875611	0.704994	0.107993	0
3.6734	0.000894045	0.788922	0.116247	0
3.67403	0.0009029	0.889635	0.120718	0
3.6732	0.000913659	0.872849	0.119686	0
3.67278	0.000892405	0.75535	0.111432	0
3.6726	0.000909067	0.788922	0.11384	0
3.67285	0.000918775	0.805707	0.117623	0
3.67133	0.000895684	0.587495	0.0987068	0
3.67193	0.000887025	0.671423	0.105241	0
3.67349	0.000909001	0.889635	0.125533	0
3.67403	0.000903753	0.856064	0.118654	0
3.67289	0.000894176	0.75535	0.111432	0
3.67245	0.000903556	0.856064	0.118654	0
3.67279	0.00091438	0.872849	0.119686	0
3.6714	0.000873906	0.570709	0.0973311	0
3.6714	0.000882565	0.856064	0.118654	0
3.67362	0.000875414	0.621066	0.106617	0
3.67344	0.000891749	0.939992	0.124157	0
3.67206	0.000855407	0.60428	0.100082	0
3.6711	0.000897521	0.688208	0.106617	0
3.67277	0.000948819	0.939992	0.124157	0
3.67334	0.000951903	0.704994	0.1104	0
3.67245	0.000868789	0.805707	0.115215	0
3.67193	0.000885582	0.688208	0.106617	0
3.67282	0.000877382	0.856064	0.121062	0
3.67251	0.000910379	0.704994	0.107993	0
3.67174	0.000867149	0.772136	0.112808	0
3.67185	0.000905852	0.688208	0.109025	0
3.67203	0.000884336	0.671423	0.105241	0
3.67092	0.000856325	0.721779	0.109025	0
3.67102	0.000887025	0.654637	0.103866	0
3.67374	0.000880925	0.721779	0.109025	0
3.67295	0.000880925	0.738565	0.112808	0
3.6706	0.00084701	0.721779	0.109025	0
3.67227	0.000852652	0.621066	0.101458	0
3.67291	0.000877645	0.520352	0.09286	0
3.67226	0.000882696	0.788922	0.116247	0
3.6712	0.000875414	0.537138	0.0973311	0
3.67142	0.000877776	0.721779	0.109025	0
3.67176	0.000895094	0.805707	0.115215	0
3.67129	0.000885517	0.856064	0.118654	0
3.67219	0.000909985	0.688208	0.109025	0
3.67165	0.000861967	0.537138	0.0942357	0
3.67175	0.000870626	0.788922	0.11384	0
3.67219	0.000879744	0.60428	0.102834	0
3.6715	0.000868264	0.721779	0.111776	0
3.67184	0.000874431	0.553924	0.0956114	0
3.67064	0.000878432	0.671423	0.107993	0
3.67229	0.000886829	0.788922	0.11384	0
3.67376	0.0009111	0.738565	0.1104	0
3.67363	0.000881974	0.654637	0.103866	0
3.67298	0.00085193	0.621066	0.101458	0
3.67139	0.000852783	0.738565	0.1104	0
3.67131	0.000865443	0.688208	0.106617	0
3.67263	0.000885779	0.688208	0.106617	0
3.67187	0.000847601	0.503567	0.0914843	0
3.6712	0.000848716	0.621066	0.101458	0
3.67197	0.00090008	0.637851	0.102834	0
3.6702	0.000823657	0.486781	0.0897647	0
3.67117	0.000843599	0.772136	0.112808	0
3.67183	0.000837892	0.553924	0.0987068	0
3.67062	0.000863344	0.419639	0.083574	0
3.67127	0.000832907	0.570709	0.0973311	0
3.67234	0.000823723	0.654637	0.103866	0
3.67201	0.000864722	0.587495	0.0987068	0
3.67095	0.000843074	0.520352	0.09286	0
3.67018	0.000848716	0.503567	0.0914843	0
3.67143	0.000859605	0.587495	0.0987068	0
3.67227	0.000852914	0.60428	0.100082	0
3.6709	0.000851405	0.587495	0.101458	0
3.67136	0.000868592	0.486781	0.0897647	0
3.67045	0.00087056	0.654637	0.103866	0
3.67015	0.000847141	0.60428	0.100082	0
3.67041	0.00081854	0.503567	0.0914843	0
3.66894	0.000823526	0.386068	0.0801348	0
3.67039	0.0008251	0.537138	0.0942357	0
3.67238	0.000848125	0.621066	0.101458	0
3.67262	0.000879547	0.788922	0.11384	0
3.67186	0.000873447	0.671423	0.107993	0
3.67262	0.000859933	0.772136	0.112808	0
3.67323	0.000885779	0.788922	0.11384	0
3.67222	0.000853045	0.45321	0.0866694	0
3.67097	0.00086236	0.738565	0.1104	0
3.67078	0.000866493	0.553924	0.0956114	0
3.66982	0.000839598	0.45321	0.0866694	0
3.67083	0.000851996	0.704994	0.1104	0
3.67143	0.000855932	0.587495	0.0987068	0
3.67086	0.000854685	0.688208	0.106617	0
3.67119	0.000827134	0.486781	0.0897647	0
3.67117	0.000805945	0.369282	0.0784151	0
3.67124	0.00086118	0.721779	0.109025	0
3.67182	0.000842353	0.587495	0.0987068	0
3.67237	0.000841566	0.537138	0.0942357	0
3.67131	0.000858424	0.570709	0.100082	0
3.67144	0.000881318	0.721779	0.109025	0
3.67198	0.000869248	0.587495	0.0987068	0
3.67206	0.000848388	0.553924	0.0956114	0
3.67104	0.000845042	0.537138	0.0973311	0
3.67009	0.000829823	0.520352	0.09286	0
3.67005	0.000860917	0.688208	0.106617	0
3.67117	0.000862885	0.637851	0.105241	0
3.67123	0.000864066	0.704994	0.107993	0
3.67113	0.000831135	0.570709	0.0973311	0
3.67062	0.00082392	0.402854	0.0818544	0
3.67122	0.000835727	0.553924	0.0956114	0
3.67104	0.000876661	0.788922	0.116247	0
3.67058	0.00087384	0.553924	0.0956114	0
3.67028	0.000841894	0.469996	0.088389	0
3.67026	0.000837958	0.671423	0.107993	0
3.67093	0.000837761	0.570709	0.0973311	0
3.6715	0.000838745	0.469996	0.088389	0
3.671	0.000805683	0.436425	0.0852937	0
3.67083	0.000831135	0.469996	0.088389	0
3.67011	0.000828249	0.520352	0.09286	0
3.67022	0.00080975	0.402854	0.0818544	0
3.67181	0.000858096	0.570709	0.100082	0
3.67145	0.000849306	0.486781	0.0897647	0
3.67118	0.000833038	0.386068	0.0801348	0
3.67271	0.000867215	0.772136	0.112808	0
3.67206	0.000829364	0.419639	0.083574	0
3.67065	0.000840582	0.671423	0.105241	0
3.67228	0.00083881	0.654637	0.103866	0
3.67169	0.000834219	0.486781	0.0897647	0
3.67084	0.000847601	0.621066	0.101458	0
3.67219	0.000857637	0.621066	0.101458	0
3.67144	0.000840122	0.520352	0.09286	0
3.67059	0.00086282	0.486781	0.09286	0
3.67058	0.000867477	0.654637	0.106617	0
3.67193	0.000864066	0.469996	0.088389	0
3.67062	0.000833825	0.503567	0.0945797	0
3.6704	0.000846813	0.671423	0.105241	0
3.67211	0.000823001	0.60428	0.100082	0
3.67028	0.000814539	0.436425	0.0852937	0
3.67046	0.000825166	0.486781	0.0897647	0
3.67098	0.00080588	0.621066	0.101458	0
3.67096	0.000828577	0.621066	0.10421	0
3.67152	0.00084091	0.436425	0.0852937	0
3.67216	0.000834153	0.587495	0.0987068	0
3.6718	0.000814408	0.469996	0.088389	0
3.67079	0.000822411	0.553924	0.0956114	0
3.67223	0.000817753	0.520352	0.09286	0
3.67225	0.000842156	0.637851	0.102834	0
3.67123	0.00082064	0.60428	0.100082	0
3.67114	0.000798467	0.436425	0.0852937	0
3.67144	0.000814932	0.436425	0.0852937	0
3.67196	0.000837892	0.688208	0.106617	0
3.67214	0.00083435	0.45321	0.0897647	0
3.67063	0.000830283	0.520352	0.09286	0
3.67144	0.0008415	0.45321	0.0866694	0
3.672	0.000812309	0.503567	0.0914843	0
3.6711	0.000794335	0.352497	0.0766955	0
3.67083	0.000803518	0.537138	0.0942357	0
3.67139	0.000835334	0.537138	0.0942357	0
3.67198	0.00084314	0.520352	0.09286	0
3.67204	0.000813358	0.436425	0.0852937	0
3.67219	0.000867936	0.621066	0.101458	0
3.67196	0.000846223	0.520352	0.09286	0
3.67175	0.000818934	0.369282	0.0784151	0
3.67183	0.000809291	0.587495	0.0987068	0
3.67094	0.000814932	0.386068	0.0801348	0
3.6715	0.000806405	0.520352	0.0959554	0
3.67205	0.000796302	0.436425	0.0852937	0
3.67256	0.000821886	0.45321	0.0866694	0
3.67337	0.000847273	0.671423	0.107993	0
3.67299	0.000831988	0.570709	0.0973311	0
3.67264	0.000829233	0.469996	0.0914843	0
3.67183	0.00080811	0.60428	0.100082	0
3.67303	0.000830807	0.537138	0.0942357	0
3.67087	0.000800435	0.352497	0.0766955	0
3.67143	0.000809225	0.503567	0.0914843	0
3.672	0.000822804	0.402854	0.0818544	0
3.67227	0.000795778	0.402854	0.0818544	0
3.67219	0.000839794	0.537138	0.0942357	0
3.67223	0.000825756	0.436425	0.088389	0
3.67205	0.000823723	0.486781	0.0897647	0
3.67208	0.000831529	0.469996	0.088389	0
3.67156	0.000819721	0.60428	0.100082	0
3.67214	0.000844452	0.402854	0.0818544	0
3.67103	0.00078174	0.386068	0.0801348	0
3.67148	0.000780231	0.486781	0.0897647	0
3.67252	0.000813358	0.369282	0.0784151	0
3.67144	0.000796762	0.520352	0.09286	0
3.67129	0.00080365	0.553924	0.0956114	0
3.67249	0.000805355	0.486781	0.09286	0
3.67041	0.000780756	0.402854	0.0818544	0
3.67047	0.000755828	0.386068	0.0801348	0
3.67285	0.000790202	0.436425	0.0852937	0
3.67332	0.000844124	0.553924	0.0956114	0
3.67306	0.000822739	0.553924	0.0956114	0
3.67212	0.000812243	0.486781	0.0897647	0
3.6719	0.000834547	0.570709	0.0973311	0
3.67241	0.000817556	0.553924	0.0956114	0
3.67236	0.000808504	0.436425	0.0852937	0
3.67214	0.000817097	0.419639	0.083574	0
3.67218	0.00080483	0.402854	0.0818544	0
3.67164	0.000799845	0.486781	0.0897647	0
3.67246	0.000802797	0.419639	0.083574	0
3.67391	0.000812046	0.486781	0.0897647	0
3.67291	0.000799517	0.402854	0.0818544	0
3.67176	0.000777082	0.386068	0.0801348	0
3.67263	0.000779968	0.45321	0.0866694	0
3.67313	0.000821164	0.587495	0.10421	0
3.67256	0.000785938	0.335711	0.074632	0
3.67325	0.000782592	0.335711	0.074632	0
3.67308	0.00078456	0.503567	0.0914843	0
3.6723	0.000814408	0.436425	0.0852937	0
3.673	0.00080647	0.486781	0.0897647	0
3.67259	0.000817163	0.503567	0.0914843	0
3.67287	0.000798467	0.30214	0.0708488	0
3.67271	0.00076757	0.436425	0.0852937	0
3.67217	0.000794531	0.503567	0.0914843	0
3.67273	0.000794531	0.268569	0.0670656	0
3.67351	0.000782199	0.486781	0.0897647	0
3.67392	0.000815785	0.503567	0.0914843	0
3.67351	0.000796368	0.419639	0.083574	0
3.6743	0.000820443	0.503567	0.0945797	0
3.67479	0.000814277	0.486781	0.0897647	0
3.67281	0.000838023	0.45321	0.0866694	0
3.67186	0.000814342	0.402854	0.0818544	0
3.67172	0.000808504	0.352497	0.0766955	0
3.67169	0.000786659	0.285355	0.0691291	0
3.67246	0.000792104	0.486781	0.0897647	0
3.67419	0.000789808	0.369282	0.0784151	0
3.67468	0.00079827	0.570709	0.100082	0
3.67483	0.000811981	0.436425	0.0852937	0
3.67378	0.000810537	0.386068	0.0801348	0
3.67234	0.000769341	0.419639	0.083574	0
3.67342	0.000787315	0.352497	0.0766955	0
3.6737	0.000798205	0.503567	0.0914843	0
3.67439	0.00082287	0.520352	0.09286	0
3.67347	0.00079768	0.335711	0.074632	0
3.67315	0.00081631	0.520352	0.09286	0
3.67457	0.000782133	0.369282	0.0784151	0
3.67433	0.000796958	0.486781	0.0897647	0
3.67413	0.000821033	0.436425	0.0852937	0
3.67385	0.000814211	0.436425	0.0852937	0
3.67261	0.000756681	0.335711	0.074632	0
3.67295	0.000788562	0.251783	0.0646581	0
3.6737	0.000783183	0.402854	0.0818544	0
3.67405	0.000799058	0.486781	0.0897647	0
3.67384	0.000790858	0.520352	0.09286	0
3.67321	0.000782658	0.30214	0.0708488	0
3.67329	0.000746447	0.234998	0.0625945	0
3.674	0.000776623	0.318926	0.0729123	0
3.67481	0.000788234	0.402854	0.0818544	0
3.67491	0.000788103	0.436425	0.0852937	0
3.67426	0.000784954	0.318926	0.0729123	0
3.6738	0.000755041	0.285355	0.0691291	0
3.67347	0.000791514	0.436425	0.0852937	0
3.67374	0.000805421	0.419639	0.083574	0
3.67318	0.000765012	0.352497	0.0766955	0
3.67475	0.000788234	0.386068	0.0801348	0
3.67583	0.000814277	0.436425	0.0852937	0
3.67389	0.000782461	0.402854	0.0818544	0
3.67502	0.000792891	0.335711	0.074632	0
3.67512	0.000793613	0.436425	0.0852937	0
3.67518	0.000788168	0.369282	0.0784151	0
3.67503	0.000826806	0.486781	0.09286	0
3.67515	0.000796827	0.30214	0.0708488	0
3.67393	0.000772425	0.386068	0.0801348	0
3.67493	0.000799451	0.30214	0.0708488	0
3.67397	0.000770063	0.369282	0.0784151	0
3.67424	0.000775376	0.251783	0.0646581	0
3.67561	0.000786856	0.369282	0.0784151	0
3.67564	0.000816113	0.45321	0.0866694	0
3.67521	0.000777935	0.419639	0.083574	0
3.6748	0.000768817	0.386068	0.0801348	0
3.67595	0.000774196	0.352497	0.0766955	0
3.67629	0.000787512	0.45321	0.0866694	0
3.67608	0.000770588	0.251783	0.0646581	0
3.676	0.000792104	0.520352	0.09286	0
3.67522	0.00075983	0.268569	0.0670656	0
3.67409	0.000763503	0.30214	0.0708488	0
3.67515	0.000759108	0.386068	0.083574	0
3.67551	0.000802731	0.503567	0.0945797	0
3.6745	0.000814408	0.335711	0.074632	0
3.67605	0.000776164	0.486781	0.09286	0
3.67517	0.000803256	0.402854	0.0818544	0
3.67521	0.000806995	0.352497	0.0801348	0
3.6756	0.000802928	0.419639	0.083574	0
3.67443	0.00078069	0.369282	0.0784151	0
3.67513	0.000816113	0.369282	0.0784151	0
3.67624	0.000808241	0.386068	0.0801348	0
3.67639	0.000797352	0.335711	0.074632	0
3.67587	0.000767701	0.335711	0.074632	0
3.6763	0.000794859	0.419639	0.083574	0
3.67596	0.000751236	0.419639	0.083574	0
3.67636	0.000782658	0.352497	0.0766955	0
3.67679	0.000786922	0.30214	0.0708488	0
3.67609	0.000763044	0.352497	0.0766955	0
3.67586	0.000759698	0.386068	0.0801348	0
3.67639	0.000776295	0.369282	0.0784151	0
3.67562	0.00078174	0.318926	0.0729123	0
3.67497	0.000756025	0.251783	0.0646581	0
3.67544	0.000745201	0.30214	0.0708488	0
3.6759	0.000783576	0.318926	0.0729123	0
3.67588	0.000762322	0.30214	0.0708488	0
3.67694	0.000777344	0.469996	0.088389	0
3.67759	0.000794728	0.402854	0.0852937	0
3.67722	0.000776426	0.352497	0.0766955	0
3.67684	0.000784888	0.318926	0.0729123	0
3.67663	0.000785216	0.318926	0.0729123	0
3.6767	0.000768029	0.369282	0.0784151	0
3.67698	0.000767045	0.486781	0.0897647	0
3.67757	0.00079768	0.352497	0.0766955	0
3.67712	0.000793023	0.352497	0.0766955	0
3.67655	0.000758058	0.30214	0.0708488	0
3.67724	0.000802862	0.436425	0.088389	0
3.67662	0.000775311	0.318926	0.0729123	0
3.67698	0.000785282	0.218212	0.060531	0
3.6773	0.000776688	0.318926	0.0729123	0
3.67773	0.000777476	0.335711	0.074632	0
3.6777	0.000766717	0.352497	0.0766955	0
3.67748	0.000785347	0.402854	0.0852937	0
3.67834	0.000790792	0.419639	0.083574	0
3.67853	0.000783708	0.386068	0.0801348	0
3.67867	0.000808963	0.402854	0.0818544	0
3.67859	0.000776492	0.402854	0.0818544	0
3.67708	0.000795581	0.369282	0.0784151	0
3.676	0.000789874	0.218212	0.060531	0
3.67788	0.000780034	0.285355	0.0691291	0
3.68024	0.000794007	0.503567	0.0914843	0
3.67777	0.000769276	0.30214	0.0708488	0
3.67599	0.000722766	0.335711	0.074632	0
3.67814	0.00076101	0.45321	0.0866694	0
3.67854	0.000776295	0.369282	0.0784151	0
3.6769	0.000770653	0.352497	0.0766955	0
3.67828	0.000778	0.402854	0.0818544	0
3.67856	0.000779181	0.352497	0.0801348	0
3.67762	0.000774524	0.285355	0.0691291	0
3.67732	0.000753335	0.30214	0.0708488	0
3.6774	0.000733853	0.218212	0.060531	0
3.67798	0.000790005	0.352497	0.0766955	0
3.6787	0.000765471	0.318926	0.0729123	0
3.6789	0.000781149	0.30214	0.0708488	0
3.67807	0.000751761	0.318926	0.0729123	0
3.6787	0.000761601	0.318926	0.0766955	0
3.67886	0.000765865	0.30214	0.0708488	0
3.67924	0.000782133	0.486781	0.0897647	0
3.67927	0.000796171	0.318926	0.0729123	0
3.6782	0.000748809	0.184641	0.055716	0
3.67744	0.000738444	0.234998	0.0625945	0
3.67849	0.00073359	0.218212	0.060531	0
3.67843	0.000761535	0.30214	0.0708488	0
3.6788	0.000763306	0.436425	0.0852937	0
3.67968	0.000767111	0.30214	0.0708488	0
3.67776	0.000729392	0.201427	0.0581235	0
3.67785	0.000749137	0.184641	0.055716	0
3.67975	0.000767308	0.419639	0.083574	0
3.67963	0.00078233	0.335711	0.074632	0
3.67905	0.000799123	0.419639	0.083574	0
3.6799	0.000780493	0.419639	0.083574	0
3.67938	0.000776885	0.268569	0.0670656	0
3.68016	0.000809291	0.352497	0.0766955	0
3.67962	0.000781871	0.218212	0.060531	0
3.67903	0.000762388	0.251783	0.0646581	0
3.67985	0.000748415	0.201427	0.0581235	0
3.6802	0.000775704	0.335711	0.074632	0
3.67942	0.00076698	0.268569	0.0670656	0
3.6793	0.00076101	0.268569	0.0670656	0
3.67991	0.000757534	0.369282	0.0784151	0
3.68011	0.000762913	0.251783	0.0646581	0
3.67953	0.000750777	0.335711	0.074632	0
3.6802	0.000768554	0.251783	0.0646581	0
3.68069	0.000766717	0.335711	0.074632	0
3.68033	0.000783511	0.369282	0.0784151	0
3.67958	0.000780165	0.30214	0.0708488	0
3.67976	0.000746382	0.318926	0.0729123	0
3.68008	0.00077354	0.30214	0.0708488	0
3.68018	0.000766914	0.335711	0.074632	0
3.67989	0.000774655	0.268569	0.0670656	0
3.67998	0.000769276	0.201427	0.0581235	0
3.67987	0.000762519	0.335711	0.074632	0
3.6805	0.000797811	0.352497	0.0766955	0
3.68073	0.000805355	0.469996	0.0914843	0
3.68076	0.000791514	0.352497	0.0766955	0
3.68014	0.00076147	0.251783	0.0646581	0
3.68079	0.000777082	0.251783	0.0646581	0
3.68032	0.000763175	0.268569	0.0670656	0
3.68048	0.00076534	0.419639	0.083574	0
3.68153	0.000773146	0.285355	0.0691291	0
3.68016	0.000760354	0.285355	0.0691291	0
3.68059	0.000772753	0.419639	0.083574	0
3.6818	0.000767439	0.218212	0.060531	0
3.68049	0.000747169	0.402854	0.0818544	0
3.68093	0.000771047	0.285355	0.0691291	0
3.68106	0.000769473	0.251783	0.0646581	0
3.68218	0.000756878	0.30214	0.0708488	0
3.6813	0.000742577	0.251783	0.0646581	0
3.68026	0.00073582	0.218212	0.060531	0
3.68075	0.0007248	0.184641	0.055716	0
3.68122	0.000729195	0.218212	0.060531	0
3.68225	0.000761535	0.352497	0.0766955	0
3.68193	0.000777672	0.30214	0.0708488	0
3.68162	0.000789349	0.352497	0.0766955	0
3.68256	0.000760486	0.30214	0.0708488	0
3.68256	0.000751105	0.201427	0.0581235	0
3.6821	0.000764422	0.268569	0.0670656	0
3.68214	0.000771441	0.268569	0.0670656	0
3.68181	0.000786725	0.335711	0.074632	0
3.68278	0.000790464	0.285355	0.0691291	0
3.68272	0.000774458	0.201427	0.0581235	0
3.68071	0.000755238	0.30214	0.0708488	0
3.68159	0.000764225	0.318926	0.0729123	0
3.68139	0.000738051	0.268569	0.0670656	0
3.68225	0.000746382	0.218212	0.060531	0
3.68267	0.000758649	0.218212	0.060531	0
3.68226	0.000739297	0.268569	0.0670656	0
3.68239	0.000758583	0.251783	0.0646581	0
3.68279	0.00074238	0.167856	0.0529646	0
3.68238	0.000752089	0.285355	0.0691291	0
3.68288	0.000766586	0.30214	0.0749759	0
3.68374	0.000767308	0.268569	0.0670656	0
3.68405	0.000764225	0.30214	0.0708488	0
3.68341	0.000781477	0.268569	0.0670656	0
3.68333	0.000773802	0.285355	0.0691291	0
3.68394	0.000782068	0.335711	0.074632	0
3.68347	0.000779312	0.318926	0.0729123	0
3.68361	0.00077577	0.318926	0.0729123	0
3.68471	0.00075386	0.285355	0.0691291	0
3.68342	0.000772293	0.335711	0.0784151	0
3.68313	0.000772753	0.369282	0.0784151	0
3.68352	0.000767439	0.285355	0.0691291	0
3.68352	0.000747694	0.318926	0.0729123	0
3.68424	0.000775376	0.251783	0.0646581	0
3.68347	0.000751564	0.218212	0.060531	0
3.68383	0.0007719	0.318926	0.0729123	0
3.68422	0.000764356	0.30214	0.0708488	0
3.68315	0.000763831	0.386068	0.0801348	0
3.68361	0.000771637	0.436425	0.0852937	0
3.68473	0.000794728	0.268569	0.0670656	0
3.68402	0.000768948	0.268569	0.0670656	0
3.68315	0.000747038	0.184641	0.055716	0
3.68464	0.000736148	0.285355	0.0691291	0
3.68524	0.000753401	0.251783	0.0646581	0
3.6846	0.000777672	0.318926	0.0729123	0
3.68437	0.000752286	0.184641	0.055716	0
3.68505	0.000769801	0.335711	0.074632	0
3.68418	0.000741921	0.201427	0.0581235	0
3.68409	0.000751302	0.184641	0.055716	0
3.68565	0.00075819	0.419639	0.083574	0
3.68466	0.000752023	0.15107	0.0502132	0
3.68396	0.000740412	0.285355	0.0691291	0
3.68559	0.000749203	0.201427	0.0581235	0
3.68446	0.000736739	0.335711	0.074632	0
3.68462	0.00073956	0.234998	0.0625945	0
3.68461	0.000777476	0.251783	0.0646581	0
3.68411	0.000745004	0.167856	0.0529646	0
3.68468	0.000761076	0.251783	0.0646581	0
3.68531	0.000753926	0.184641	0.055716	0
3.68507	0.000716141	0.201427	0.0581235	0
3.68512	0.000746972	0.386068	0.0801348	0
3.68519	0.000744676	0.285355	0.0691291	0
3.68494	0.000756418	0.251783	0.0646581	0
3.68549	0.000790202	0.369282	0.0784151	0
3.68553	0.000763766	0.201427	0.0581235	0
3.68495	0.000735492	0.218212	0.060531	0
3.68578	0.000735427	0.234998	0.0625945	0
3.68663	0.000727621	0.30214	0.0708488	0
3.68522	0.000745267	0.318926	0.0729123	0
3.68575	0.000746382	0.167856	0.0529646	0
3.686	0.00073851	0.251783	0.0646581	0
3.68721	0.000745201	0.335711	0.074632	0
3.687	0.00077249	0.352497	0.0766955	0
3.68713	0.000750908	0.369282	0.0784151	0
3.68657	0.000759305	0.134285	0.0474618	0
3.68642	0.000777476	0.386068	0.0801348	0
3.68731	0.000777213	0.335711	0.074632	0
3.6867	0.000740478	0.15107	0.0502132	0
3.68626	0.000729326	0.167856	0.0529646	0
3.68644	0.000751171	0.369282	0.0784151	0
3.68766	0.00074671	0.285355	0.0691291	0
3.68632	0.000736214	0.268569	0.0670656	0
3.6858	0.000733853	0.234998	0.0625945	0
3.68589	0.000729917	0.201427	0.0581235	0
3.68588	0.000737657	0.234998	0.0625945	0
3.68739	0.000738904	0.30214	0.0708488	0
3.68764	0.000762257	0.335711	0.074632	0
3.68763	0.000748219	0.201427	0.0581235	0
3.68736	0.00072867	0.218212	0.060531	0
3.68761	0.000725325	0.234998	0.0625945	0
3.68714	0.000753467	0.218212	0.060531	0
3.68608	0.000753401	0.201427	0.0581235	0
3.68652	0.000733065	0.201427	0.0581235	0
3.68742	0.000734246	0.201427	0.0581235	0
3.68768	0.00075491	0.234998	0.0625945	0
3.68851	0.00078456	0.318926	0.0729123	0
3.68792	0.000767767	0.268569	0.0670656	0
3.68734	0.000745135	0.251783	0.0646581	0
3.68801	0.000753663	0.285355	0.0691291	0
3.68929	0.000731885	0.285355	0.0691291	0
3.68991	0.000760814	0.251783	0.0646581	0
3.68802	0.000736673	0.268569	0.0670656	0
3.68828	0.000765799	0.285355	0.0691291	0
3.68948	0.00076042	0.335711	0.074632	0
3.68833	0.000757993	0.218212	0.060531	0
3.68801	0.000768161	0.184641	0.055716	0
3.68853	0.000757074	0.268569	0.0670656	0
3.68945	0.000751105	0.30214	0.0708488	0
3.68924	0.000744545	0.184641	0.055716	0
3.68891	0.000744873	0.268569	0.0670656	0
3.68801	0.000717059	0.234998	0.0625945	0
3.68798	0.00074999	0.352497	0.0766955	0
3.68864	0.000714763	0.201427	0.0581235	0
3.68913	0.000709843	0.167856	0.0529646	0
3.6891	0.000725062	0.218212	0.060531	0
3.68908	0.000755106	0.285355	0.0691291	0
3.68864	0.000748153	0.218212	0.060531	0
3.68888	0.000745004	0.285355	0.0691291	0
3.69032	0.000754713	0.218212	0.060531	0
3.69002	0.000739953	0.30214	0.0708488	0
3.68907	0.00071765	0.184641	0.055716	0
3.68919	0.000725849	0.251783	0.0646581	0
3.68954	0.000786331	0.45321	0.0866694	0
3.69059	0.000738576	0.234998	0.0625945	0
3.68993	0.000752023	0.234998	0.0625945	0
3.69019	0.00074015	0.218212	0.060531	0
3.69	0.00072808	0.167856	0.0529646	0
3.6902	0.000716403	0.184641	0.055716	0
3.69061	0.000754057	0.251783	0.0646581	0
3.69003	0.000755238	0.184641	0.055716	0
3.69025	0.000745791	0.386068	0.0801348	0
3.691	0.000743561	0.268569	0.0670656	0
3.68998	0.000767767	0.30214	0.0708488	0
3.68967	0.000739822	0.0671423	0.0337048	0
3.69043	0.000747891	0.184641	0.055716	0
3.69147	0.000751302	0.402854	0.0852937	0
3.69124	0.000764618	0.15107	0.0502132	0
3.68929	0.000724406	0.15107	0.055716	0
3.69012	0.000730179	0.201427	0.0581235	0
3.69092	0.000741921	0.218212	0.060531	0
3.69003	0.000728473	0.234998	0.0625945	0
3.69052	0.000737592	0.201427	0.0581235	0
3.69069	0.000728342	0.201427	0.0581235	0
3.69092	0.000715091	0.218212	0.060531	0
3.6914	0.000718896	0.218212	0.060531	0
3.6915	0.000737329	0.218212	0.060531	0
3.69138	0.000756746	0.218212	0.060531	0
3.69023	0.000727752	0.167856	0.0529646	0
3.69114	0.000731557	0.201427	0.0581235	0
3.69126	0.000720602	0.234998	0.0625945	0
3.69106	0.000752351	0.268569	0.0670656	0
3.6917	0.000741003	0.218212	0.060531	0
3.69227	0.000729064	0.134285	0.0474618	0
3.6917	0.000719224	0.167856	0.0529646	0
3.69153	0.000735886	0.234998	0.0625945	0
3.69216	0.000728867	0.184641	0.055716	0
3.69202	0.000722373	0.184641	0.055716	0
3.69274	0.000740806	0.30214	0.0708488	0
3.69372	0.000767373	0.318926	0.0729123	0
3.69284	0.000753729	0.251783	0.0646581	0
3.69198	0.000752679	0.100713	0.0409272	0
3.69191	0.000737264	0.285355	0.0691291	0
3.69188	0.000737592	0.167856	0.0581235	0
3.69248	0.000749137	0.184641	0.055716	0
3.69262	0.000721192	0.201427	0.0581235	0
3.69274	0.000729917	0.30214	0.0708488	0
3.69284	0.000761076	0.184641	0.055716	0
3.6923	0.000733721	0.218212	0.060531	0
3.69331	0.000764815	0.386068	0.0801348	0
3.69333	0.000727621	0.184641	0.055716	0
3.69283	0.000720142	0.184641	0.055716	0
3.69342	0.000730179	0.15107	0.0502132	0
3.69345	0.00073628	0.234998	0.0670656	0
3.69291	0.000724341	0.167856	0.0529646	0
3.69259	0.000717584	0.218212	0.060531	0
3.6932	0.000715485	0.218212	0.060531	0
3.69322	0.000734049	0.234998	0.0625945	0
3.69291	0.00072867	0.218212	0.060531	0
3.69382	0.00075609	0.285355	0.0691291	0
3.69408	0.000719749	0.15107	0.0502132	0
3.69426	0.000714698	0.167856	0.0529646	0
3.694	0.000731819	0.234998	0.0625945	0
3.6953	0.000735427	0.218212	0.060531	0
3.69525	0.00073523	0.234998	0.0625945	0
3.6952	0.000742643	0.268569	0.0670656	0
3.69391	0.000702562	0.0839278	0.0374879	0
3.6939	0.000712992	0.167856	0.0529646	0
3.69455	0.000743168	0.15107	0.0502132	0
3.69346	0.000751761	0.184641	0.055716	0
3.69398	0.000726505	0.167856	0.0529646	0
3.69494	0.000725587	0.184641	0.055716	0
3.69499	0.000712467	0.0839278	0.0374879	0
3.69388	0.000721192	0.117499	0.0443665	0
3.69365	0.000717059	0.134285	0.0474618	0
3.69496	0.00073582	0.201427	0.0581235	0
3.69519	0.000734181	0.167856	0.0529646	0
3.6952	0.000729982	0.234998	0.0625945	0
3.69547	0.000721258	0.218212	0.060531	0
3.69567	0.00073359	0.234998	0.0625945	0
3.69586	0.000732409	0.251783	0.0646581	0
3.69539	0.000709187	0.184641	0.055716	0
3.69534	0.000719158	0.15107	0.0502132	0
3.69637	0.000725259	0.218212	0.060531	0
3.69562	0.000728342	0.285355	0.0691291	0
3.69531	0.000726046	0.184641	0.055716	0
3.695	0.000704071	0.201427	0.0581235	0
3.69589	0.000712992	0.15107	0.055716	0
3.69686	0.000749334	0.184641	0.055716	0
3.6955	0.000717846	0.167856	0.0529646	0
3.69569	0.000720142	0.218212	0.060531	0
3.69561	0.000737657	0.184641	0.055716	0
3.69634	0.000736148	0.201427	0.0581235	0
3.69639	0.000723619	0.100713	0.0409272	0
3.6976	0.000747235	0.285355	0.0691291	0
3.69745	0.000749137	0.117499	0.0443665	0
3.69575	0.000745595	0.184641	0.055716	0
3.69554	0.000726243	0.167856	0.0529646	0
3.69706	0.000713386	0.117499	0.0443665	0
3.6983	0.000731229	0.15107	0.0502132	0
3.69758	0.000699216	0.218212	0.060531	0
3.69723	0.000738313	0.218212	0.060531	0
3.69748	0.000750055	0.15107	0.0502132	0
3.69819	0.000753467	0.268569	0.0670656	0
3.69806	0.000729917	0.234998	0.0625945	0
3.69729	0.000746972	0.251783	0.0646581	0
3.69748	0.000710827	0.167856	0.0529646	0
3.69791	0.000746382	0.0839278	0.0374879	0
3.69808	0.000723488	0.201427	0.0581235	0
3.69778	0.000746775	0.218212	0.060531	0
3.69684	0.000713255	0.117499	0.0443665	0
3.69763	0.000720536	0.268569	0.0670656	0
3.69823	0.000733328	0.117499	0.0443665	0
3.69729	0.000726505	0.134285	0.0474618	0
3.69747	0.000725062	0.285355	0.0691291	0
3.69846	0.000734115	0.234998	0.0625945	0
3.69885	0.000732278	0.234998	0.0625945	0
3.69837	0.000735492	0.251783	0.0646581	0
3.69818	0.000750121	0.251783	0.0646581	0
3.69856	0.000746513	0.234998	0.0625945	0
3.69907	0.000736411	0.285355	0.0691291	0
3.69778	0.000737854	0.15107	0.0502132	0
3.69779	0.000727227	0.0839278	0.0374879	0
3.69876	0.000746447	0.268569	0.0670656	0
3.69896	0.00074015	0.117499	0.0443665	0
3.69865	0.000726046	0.268569	0.0670656	0
3.69961	0.000732016	0.201427	0.0581235	0
3.69887	0.000719027	0.0671423	0.0337048	0
3.69913	0.00072808	0.218212	0.060531	0
3.69976	0.000755697	0.30214	0.0749759	0
3.69995	0.000741003	0.117499	0.0443665	0
3.69998	0.000742577	0.201427	0.0581235	0
3.69974	0.00071719	0.117499	0.0443665	0
3.70044	0.000719946	0.15107	0.0502132	0
3.69958	0.000702693	0.134285	0.0474618	0
3.699	0.000708269	0.117499	0.0443665	0
3.69943	0.000728473	0.285355	0.0691291	0
3.69942	0.00070348	0.15107	0.0502132	0
3.69909	0.000708991	0.100713	0.0409272	0
3.69891	0.000709515	0.134285	0.0474618	0
3.70029	0.000717584	0.167856	0.0529646	0
3.69965	0.000698101	0.100713	0.0409272	0
3.70004	0.000721389	0.100713	0.0409272	0
3.7018	0.000734049	0.251783	0.0646581	0
3.70034	0.000737788	0.134285	0.0474618	0
3.70008	0.000706301	0.117499	0.0443665	0
3.70035	0.000710237	0.134285	0.0474618	0
3.70055	0.000706695	0.15107	0.0502132	0
3.70131	0.000721979	0.251783	0.0646581	0
3.70102	0.000748087	0.234998	0.0625945	0
3.70116	0.000737198	0.251783	0.0646581	0
3.70124	0.000727621	0.167856	0.0529646	0
3.70089	0.000704464	0.117499	0.0443665	0
3.7008	0.000706301	0.134285	0.0474618	0
3.70142	0.00070289	0.167856	0.0529646	0
3.70227	0.000716469	0.201427	0.0581235	0
3.70271	0.000729457	0.251783	0.0646581	0
3.70235	0.000734902	0.134285	0.0474618	0
3.70167	0.000715026	0.218212	0.060531	0
3.70174	0.000728736	0.184641	0.055716	0
3.7017	0.00073464	0.167856	0.0529646	0
3.70166	0.000715944	0.251783	0.0646581	0
3.70164	0.000692001	0.0839278	0.0374879	0
3.70155	0.00070617	0.184641	0.055716	0
3.70283	0.00069902	0.0839278	0.0374879	0
3.7021	0.000711943	0.167856	0.0529646	0
3.7022	0.000711877	0.15107	0.0502132	0
3.70251	0.000734443	0.218212	0.060531	0
3.70226	0.000713255	0.167856	0.0529646	0
3.70261	0.000717584	0.251783	0.0646581	0
3.70248	0.000709122	0.201427	0.0581235	0
3.70253	0.000731753	0.134285	0.0474618	0
3.70312	0.000729589	0.184641	0.055716	0
3.70265	0.000713058	0.100713	0.0409272	0
3.70377	0.000739363	0.234998	0.0625945	0
3.70461	0.000724013	0.167856	0.0529646	0
3.70412	0.000726637	0.251783	0.0646581	0
3.70436	0.000747169	0.234998	0.0625945	0
3.70383	0.000726637	0.134285	0.0474618	0
3.70334	0.000718109	0.251783	0.0646581	0
3.70339	0.000720142	0.134285	0.0474618	0
3.70366	0.000710499	0.134285	0.0474618	0
3.70354	0.000720405	0.117499	0.0443665	0
3.70418	0.000735689	0.201427	0.0581235	0
3.70361	0.000705448	0.0839278	0.0374879	0
3.70309	0.000728605	0.134285	0.0474618	0
3.70406	0.000709909	0.201427	0.0581235	0
3.70447	0.0007166	0.15107	0.0502132	0
3.70403	0.000707351	0.134285	0.0474618	0
3.70444	0.000740675	0.218212	0.060531	0
3.7037	0.00071555	0.134285	0.0474618	0
3.70342	0.000721848	0.0839278	0.0374879	0
3.70356	0.000697314	0.0671423	0.0337048	0
3.70374	0.000712861	0.100713	0.0409272	0
3.7038	0.000699741	0.100713	0.0474618	0
3.70397	0.000724472	0.201427	0.0581235	0
3.70389	0.000697445	0.100713	0.0409272	0
3.70457	0.00071004	0.184641	0.055716	0
3.70511	0.000718371	0.218212	0.060531	0
3.7048	0.000710959	0.15107	0.0502132	0
3.70495	0.000705973	0.201427	0.0581235	0
3.70504	0.000722045	0.218212	0.060531	0
3.70533	0.00071496	0.117499	0.0443665	0
3.70471	0.00069469	0.134285	0.0474618	0
3.70555	0.000712336	0.167856	0.0529646	0
3.70529	0.000707941	0.0671423	0.0337048	0
3.70573	0.000732803	0.234998	0.0625945	0
3.70613	0.000734968	0.234998	0.0625945	0
3.70631	0.000719355	0.15107	0.0502132	0
3.70619	0.000719027	0.167856	0.0529646	0
3.70633	0.000719027	0.117499	0.0443665	0
3.70628	0.000695674	0.0839278	0.0374879	0
3.70618	0.000694297	0.134285	0.0474618	0
3.70644	0.000725915	0.167856	0.0529646	0
3.70742	0.000743627	0.30214	0.0708488	0
3.70683	0.000725193	0.134285	0.0474618	0
3.70657	0.000742905	0.184641	0.055716	0
3.70652	0.000720536	0.167856	0.0529646	0
3.70656	0.00072152	0.134285	0.0474618	0
3.7066	0.000694493	0.117499	0.0443665	0
3.70591	0.000695805	0.134285	0.0474618	0
3.70636	0.000702693	0.100713	0.0409272	0
3.7069	0.00071437	0.134285	0.0474618	0
3.70692	0.000694756	0.0839278	0.0374879	0
3.7064	0.000718306	0.167856	0.0529646	0
3.70733	0.000708794	0.184641	0.055716	0
3.70724	0.000719486	0.184641	0.055716	0
3.70815	0.000742577	0.167856	0.0529646	0
3.70836	0.000709975	0.201427	0.0581235	0
3.70838	0.000721258	0.15107	0.0502132	0
3.70818	0.000719093	0.0839278	0.0374879	0
3.70783	0.000703677	0.134285	0.0474618	0
3.7074	0.000706039	0.15107	0.0502132	0
3.70785	0.000718109	0.201427	0.0581235	0
3.70806	0.000705711	0.167856	0.0529646	0
3.70871	0.000732344	0.251783	0.0691291	0
3.70873	0.000737264	0.15107	0.0502132	0
3.70794	0.000740478	0.201427	0.0581235	0
3.70767	0.000750252	0.201427	0.0581235	0
3.70883	0.000721389	0.218212	0.060531	0
3.70954	0.000725653	0.234998	0.0625945	0
3.70791	0.000725062	0.167856	0.0529646	0
3.70862	0.00073628	0.234998	0.0625945	0
3.70923	0.000703087	0.15107	0.0502132	0
3.70874	0.000695346	0.0839278	0.0374879	0
3.70946	0.000727883	0.201427	0.0581235	0
3.71024	0.000741068	0.167856	0.0529646	0
3.70877	0.00072539	0.201427	0.0581235	0
3.7086	0.000724144	0.0839278	0.0374879	0
3.70914	0.0007023	0.117499	0.0443665	0
3.70861	0.000724734	0.201427	0.0581235	0
3.70903	0.000713583	0.15107	0.0502132	0
3.7096	0.000724144	0.234998	0.0625945	0
3.70997	0.000733853	0.234998	0.0625945	0
3.70995	0.000752155	0.234998	0.0625945	0
3.70948	0.000733	0.184641	0.055716	0
3.71016	0.000705251	0.117499	0.0443665	0
3.70998	0.000691804	0.0671423	0.0337048	0
0	0	0	0	0
0	0	0	0	0
0	0	0	0	0
0	0	0	0	0
0	0	0	0	0
0	0	0	0	0
0	0	0	0	0
0	0	0	0	0
0	0	0	0	0
0	0	0	0	0
0	0	0	0	0
0	0	0	0	0
0	0	0	0	0
0	0	0	0	0
0	0	0	0	0
0	0	0	0	0
0	0	0	0	0
0	0	0	0	0
0	0	0	0	0
0	0	0	0	0
0	0	0	0	0
0	0	0	0	0
0	0	0	0	0
0	0	0	0	0
0	0	0	0	0
0	0	0	0	0
0	0	0	0	0
0	0	0	0	0
0	0	0	0	0
0	0	0	0	0
0	0	0	0	0
0	0	0	0	0
0	0	0	0	0
0	0	0	0	0
0	0	0	0	0
0	0	0	0	0
0	0	0	0	0
0	0	0	0	0
0	0	0	0	0
0	0	0	0	0
0	0	0	0	0
0	0	0	0	0
0	0	0	0	0
0	0	0	0	0
0	0	0	0	0
0	0	0	0	0
0	0	0	0	0
0	0	0	0	0
0	0	0	0	0
0	0	0	0	0
0	0	0	0	0
0	0	0	0	0
0	0	0	0	0
0	0	0	0	0
0	0	0	0	0
0	0	0	0	0
0	0	0	0	0
0	0	0	0	0
0	0	0	0	0
0	0	0	0	0
0	0	0	0	0
0	0	0	0	0
0	0	0	0	0
0	0	0	0	0
0	0	0	0	0
0	0	0	0	0
0	0	0	0	0
0	0	0	0	0
0	0	0	0	0
0	0	0	0	0
0	0	0	0	0
0	0	0	0	0
0	0	0	0	0
0	0	0	0	0
0	0	0	0	0
0	0	0	0	0
0	0	0	0	0
0	0	0	0	0
0	0	0	0	0
0	0	0	0	0
0	0	0	0	0
0	0	0	0	0
0	0	0	0	0
0	0	0	0	0
0	0	0	0	0
0	0	0	0	0
0	0	0	0	0
0	0	0	0	0
0	0	0	0	0
0	0	0	0	0
0	0	0	0	0
0	0	0	0	0
0	0	0	0	0
0	0	0	0	0
0	0	0	0	0
0	0	0	0	0
0	0	0	0	0
0	0	0	0	0
0	0	0	0	0
0	0	0	0	0
0	0	0	0	0
0	0	0	0	0
0	0	0	0	0
0	0	0	0	0
0	0	0	0	0
0	0	0	0	0
0	0	0	0	0
0	0	0	0	0
0	0	0	0	0
0	0	0	0	0
0	0	0	0	0
0	0	0	0	0
0	0	0	0	0
0	0	0	0	0
0	0	0	0	0
0	0	0	0	0
0	0	0	0	0
0	0	0	0	0
0	0	0	0	0
0	0	0	0	0
0	0	0	0	0
0	0	0	0	0
0	0	0	0	0
0	0	0	0	0
0	0	0	0	0
0	0	0	0	0
0	0	0	0	0
0	0	0	0	0
0	0	0	0	0
0	0	0	0	0
0	0	0	0	0
0	0	0	0	0
0	0	0	0	0
0	0	0	0	0
0	0	0	0	0
0	0	0	0	0
0	0	0	0	0
0	0	0	0	0
0	0	0	0	0
0	0	0	0	0
0	0	0	0	0
0	0	0	0	0
0	0	0	0	0
0	0	0	0	0
0	0	0	0	0
0	0	0	0	0
0	0	0	0	0
0	0	0	0	0
0	0	0	0	0
0	0	0	0	0
0	0	0	0	0
0	0	0	0	0
0	0	0	0	0
0	0	0	0	0
0	0	0	0	0
0	0	0	0	0
0	0	0	0	0
0	0	0	0	0
0	0	0	0	0
0	0	0	0	0
0	0	0	0	0
0	0	0	0	0
0	0	0	0	0
0	0	0	0	0
0	0	0	0	0
0	0	0	0	0
0	0	0	0	0
0	0	0	0	0
0	0	0	0	0
0	0	0	0	0
0	0	0	0	0
0	0	0	0	0
0	0	0	0	0
0	0	0	0	0
0	0	0	0	0
0	0	0	0	0
0	0	0	0	0
0	0	0	0	0
0	0	0	0	0
0	0	0	0	0
0	0	0	0	0
0	0	0	0	0
0	0	0	0	0
0	0	0	0	0
0	0	0	0	0
0	0	0	0	0
0	0	0	0	0
0	0	0	0	0
0	0	0	0	0
0	0	0	0	0
0	0	0	0	0
0	0	0	0	0
0	0	0	0	0
0	0	0	0	0
0	0	0	0	0
0	0	0	0	0
0	0	0	0	0
0	0	0	0	0
0	0	0	0	0
0	0	0	0	0
0	0	0	0	0
0	0	0	0	0
0	0	0	0	0
0	0	0	0	0
0	0	0	0	0
0	0	0	0	0
0	0	0	0	0
0	0	0	0	0
0	0	0	0	0
0	0	0	0	0
0	0	0	0	0
0	0	0	0	0
0	0	0	0	0
0	0	0	0	0
0	0	0	0	0
0	0	0	0	0
0	0	0	0	0
0	0	0	0	0
0	0	0	0	0
0	0	0	0	0
0	0	0	0	0
0	0	0	0	0
0	0	0	0	0
0	0	0	0	0
0	0	0	0	0
0	0	0	0	0
0	0	0	0	0
0	0	0	0	0
0	0	0	0	0
0	0	0	0	0
0	0	0	0	0
0	0	0	0	0
0	0	0	0	0
0	0	0	0	0
0	0	0	0	0
0	0	0	0	0
0	0	0	0	0
0	0	0	0	0
0	0	0	0	0
0	0	0	0	0
0	0	0	0	0
0	0	0	0	0
0	0	0	0	0
0	0	0	0	0
0	0	0	0	0
0	0	0	0	0
0	0	0	0	0
0	0	0	0	0
0	0	0	0	0
0	0	0	0	0
0	0	0	0	0
0	0	0	0	0
0	0	0	0	0
0	0	0	0	0
0	0	0	0	0
0	0	0	0	0
0	0	0	0	0
0	0	0	0	0
0	0	0	0	0
0	0	0	0	0
0	0	0	0	0
0	0	0	0	0
0	0	0	0	0
0	0	0	0	0
0	0	0	0	0
0	0	0	0	0
0	0	0	0	0
0	0	0	0	0
0	0	0	0	0
0	0	0	0	0
0	0	0	0	0
0	0	0	0	0
0	0	0	0	0
0	0	0	0	0
0	0	0	0	0
0	0	0	0	0
0	0	0	0	0
0	0	0	0	0
0	0	0	0	0
0	0	0	0	0
0	0	0	0	0
0	0	0	0	0
0	0	0	0	0
0	0	0	0	0
0	0	0	0	0
0	0	0	0	0
0	0	0	0	0
0	0	0	0	0
0	0	0	0	0
0	0	0	0	0
0	0	0	0	0
0	0	0	0	0
0	0	0	0	0
0	0	0	0	0
0	0	0	0	0
0	0	0	0	0
0	0	0	0	0
0	0	0	0	0
0	0	0	0	0
0	0	0	0	0
0	0	0	0	0
0	0	0	0	0
0	0	0	0	0
0	0	0	0	0
0	0	0	0	0
0	0	0	0	0
0	0	0	0	0
0	0	0	0	0
0	0	0	0	0
0	0	0	0	0
0	0	0	0	0
0	0	0	0	0
0	0	0	0	0
0	0	0	0	0
0	0	0	0	0
0	0	0	0	0
0	0	0	0	0
0	0	0	0	0
0	0	0	0	0
0	0	0	0	0
0	0	0	0	0
0	0	0	0	0
0	0	0	0	0
0	0	0	0	0
0	0	0	0	0
0	0	0	0	0
0	0	0	0	0
0	0	0	0	0
0	0	0	0	0
0	0	0	0	0
0	0	0	0	0
0	0	0	0	0
0	0	0	0	0
0	0	0	0	0
0	0	0	0	0
0	0	0	0	0
0	0	0	0	0
0	0	0	0	0
0	0	0	0	0
0	0	0	0	0
0	0	0	0	0
0	0	0	0	0
0	0	0	0	0
0	0	0	0	0
0	0	0	0	0
0	0	0	0	0
0	0	0	0	0
0	0	0	0	0
0	0	0	0	0
0	0	0	0	0
0	0	0	0	0
0	0	0	0	0
0	0	0	0	0
0	0	0	0	0
0	0	0	0	0
0	0	0	0	0
0	0	0	0	0
0	0	0	0	0
0	0	0	0	0
0	0	0	0	0
0	0	0	0	0
0	0	0	0	0
0	0	0	0	0
0	0	0	0	0
0	0	0	0	0
0	0	0	0	0
0	0	0	0	0
0	0	0	0	0
0	0	0	0	0
0	0	0	0	0
0	0	0	0	0
0	0	0	0	0
0	0	0	0	0
0	0	0	0	0
0	0	0	0	0
0	0	0	0	0
0	0	0	0	0
0	0	0	0	0
0	0	0	0	0
0	0	0	0	0
0	0	0	0	0
0	0	0	0	0
0	0	0	0	0
0	0	0	0	0
0	0	0	0	0
0	0	0	0	0
0	0	0	0	0
0	0	0	0	0
0	0	0	0	0
0	0	0	0	0
0	0	0	0	0
0	0	0	0	0
0	0	0	0	0
0	0	0	0	0
0	0	0	0	0
0	0	0	0	0
0	0	0	0	0
0	0	0	0	0
0	0	0	0	0
0	0	0	0	0
