a2610704.350157
Narit-cm 07/01/2026 04:05:02 07/01/2026 04:35:01 0045 0013.384714 0052.542598 00.0 00.0
0002393 0010 0000000 0010 05 0000000 0010 0000000 0010
1 0 1 01600 1 0000 3.75 00000.o 0 0 01 000 16 002393 0.500 BT0
1 2 1 02000 1 0000 3.75 00000.o 0 0 01 000 16 002393 0.500 S2A0
1 1 1 01600 1 0000 3.75 00000.o 0 0 00 000 00 002393 3.1746 BC0
1 3 1 02000 1 0000 3.75 00000.o 0 0 00 000 00 002393 3.1746 S2P0
1 5 0 01600 0 0000 1.00 00000.o 0 0 00 000 00 000000 0.000 OF0
0.000 .o Analog 0 	0.000 .o Analog StErr 0 	0.000 .o Photon Counting 0 	0.000 .o PC StErr 0 	0.000 .o Overflow Info 0 
32.6966	0.187657	174.609	0.881089	0
76.0683	0.439611	196.206	0.875962	0
297.148	2.26328	107.865	1.33735	0
474.073	0.0346131	0.534893	0.0967215	0
473.457	0	0	0	0
473.457	0	0.100293	0.0410127	0
473.457	0	29.1517	0.68457	0
473.457	1.10167E-5	11.8679	0.504798	0
473.457	0	3.22608	0.272392	0
473.457	0	9.87881	0.436443	0
473.457	0	37.1417	0.775139	0
473.457	0	102.783	1.05232	0
473.457	6.38841E-6	158.178	1.00584	0
473.457	0	134.96	1.08444	0
473.457	0	90.0794	0.94876	0
473.457	0	83.3765	0.903646	0
473.457	0	81.6214	0.892709	0
473.457	0	90.3636	0.924836	0
473.457	0	110.054	0.934405	0
473.457	0	120.351	0.924152	0
473.457	0	121.822	0.929279	0
473.457	0	137.25	0.928595	0
473.457	0	157.092	0.908772	0
473.457	0	174.676	0.873228	0
473.457	0	189.653	0.885532	0
473.457	0	197.058	0.886899	0
473.457	0	200.017	0.894076	0
473.457	0	205.081	0.881772	0
473.457	0	204.898	0.882114	0
473.457	0	203.159	0.883481	0
473.457	0	202.206	0.894076	0
473.457	0	204.864	0.884506	0
473.457	0	202.591	0.889291	0
473.457	0	203.995	0.888266	0
473.501	0.0180467	202.106	0.887924	1
477.132	0.170491	203.443	0.887924	1
494.862	0.198859	201.02	0.87562	1
499.928	0.0269155	201.605	0.880747	1
500	0	201.805	0.862633	1
500	0	199.164	0.893051	1
499.969	0.0134327	202.658	0.904329	1
498.205	0.134251	201.738	0.875962	1
481.953	0.426803	200.786	0.920734	1
442.121	0.578791	203.243	0.870494	1
398.242	0.575556	201.471	0.867076	0
357.647	0.577273	201.889	0.876987	0
317.546	0.591848	200.769	0.89476	0
278.178	0.590081	202.29	0.898177	0
240.766	0.58557	202.206	0.905354	0
205.092	0.574977	202.591	0.868101	0
171.667	0.551766	202.825	0.869127	0
141.266	0.513881	200.351	0.909114	0
114.404	0.465979	203.577	0.88143	0
91.3592	0.415296	202.039	0.882114	0
72.0038	0.358944	198.696	0.868101	0
56.4442	0.300065	197.71	0.88519	0
44.2636	0.249797	198.412	0.866392	0
34.4306	0.204063	196.69	0.853747	0
26.6723	0.162897	195.637	0.878354	0
20.9575	0.130131	193.264	0.86981	0
16.6728	0.102506	192.829	0.878696	0
13.4844	0.0807562	190.355	0.851013	0
11.2205	0.0649671	189.57	0.837342	0
9.55763	0.052504	187.748	0.871861	0
8.31658	0.0428617	185.809	0.84281	0
7.42071	0.0356298	182.666	0.879722	0
6.74497	0.03121	180.928	0.845886	0
6.22154	0.0278524	179.39	0.851696	0
5.83934	0.0255445	177.133	0.865367	0
5.57981	0.0241049	176.465	0.856481	0
5.40148	0.0228194	172.971	0.828456	0
5.23822	0.0219824	170.079	0.843494	0
5.11106	0.0216954	167.739	0.838025	0
5.0639	0.0213157	167.372	0.857848	0
5.03848	0.0203297	164.847	0.848279	0
5.00381	0.0203933	164.446	0.848962	0
4.99542	0.0201743	162.507	0.84657	0
5.01696	0.0197618	160.685	0.822987	0
5.06155	0.0198168	159.214	0.847595	0
5.11162	0.0195146	158.98	0.853063	0
5.15155	0.0193234	157.175	0.860924	0
5.1848	0.0196413	156.005	0.841785	0
5.25236	0.0192774	156.774	0.841785	0
5.31551	0.0187055	155.972	0.869127	0
5.33057	0.018604	153.882	0.836658	0
5.33775	0.0189954	154.384	0.848279	0
5.3694	0.0184476	153.297	0.867076	0
5.43555	0.0181824	151.525	0.863658	0
5.49868	0.0180173	150.171	0.857165	0
5.57946	0.0182477	149.319	0.849987	0
5.6494	0.0179126	151.107	0.826747	0
5.70411	0.0172004	150.84	0.832215	0
5.75737	0.0178259	147.865	0.829139	0
5.81962	0.0173121	148.851	0.876304	0
5.90674	0.0175987	150.155	0.837	0
6.00614	0.0173855	148.567	0.867076	0
6.06281	0.0174595	147.38	0.837342	0
6.09842	0.0172284	147.564	0.867076	0
6.15054	0.0168653	148.182	0.849987	0
6.20098	0.0170415	147.179	0.867418	0
6.25481	0.0168242	146.461	0.860582	0
6.30689	0.0167802	145.775	0.841785	0
6.34488	0.0168505	145.976	0.861266	0
6.39864	0.0170098	145.24	0.848962	0
6.46864	0.0166665	144.338	0.848279	0
6.5168	0.0164632	143.753	0.834608	0
6.54338	0.0169177	145.608	0.856139	0
6.56711	0.0165415	145.708	0.846911	0
6.58367	0.0164915	143.452	0.844177	0
6.60837	0.0161748	142.766	0.845886	0
6.63705	0.0155858	141.162	0.856139	0
6.66199	0.0156431	142.232	0.832557	0
6.70532	0.0159749	141.312	0.826405	0
6.74548	0.0159767	141.68	0.833582	0
6.75913	0.0156648	141.045	0.837684	0
6.76928	0.0158774	139.925	0.839734	0
6.81161	0.0158425	139.758	0.822646	0
6.84486	0.0158757	139.774	0.837	0
6.86412	0.0153556	139.423	0.834949	0
6.88568	0.0153066	140.493	0.832215	0
6.8847	0.0153192	139.49	0.851696	0
6.89274	0.0154384	141.229	0.843152	0
6.92456	0.0154888	138.136	0.843152	0
6.91784	0.0154264	137.117	0.843152	0
6.91982	0.0155781	137.785	0.832899	0
6.96274	0.0153246	138.387	0.854772	0
6.967	0.0146012	137.902	0.82538	0
6.97752	0.0148351	136.732	0.826405	0
7.0265	0.0148104	137.317	0.832899	0
7.03793	0.0148582	137.869	0.857848	0
7.03393	0.0147215	137.25	0.861266	0
7.05667	0.0146724	134.944	0.829481	0
7.0609	0.0150924	134.96	0.821279	0
7.05998	0.0146508	136.431	0.85819	0
7.04384	0.0147449	135.345	0.846911	0
7.04094	0.0148109	134.576	0.846228	0
7.01921	0.0143643	134.576	0.842468	0
6.96005	0.0141158	133.539	0.840418	0
6.91864	0.0143864	133.573	0.830165	0
6.85099	0.014411	131.4	0.828798	0
6.73832	0.013693	128.475	0.839734	0
6.6852	0.0132184	130.598	0.834949	0
6.67365	0.0129778	128.007	0.839734	0
6.63649	0.0129411	127.856	0.84281	0
6.62552	0.0131555	126.937	0.848962	0
6.63507	0.0129788	126.97	0.84657	0
6.59386	0.0128342	125.249	0.835975	0
6.55714	0.0126346	123.677	0.848279	0
6.58401	0.013273	126.201	0.85238	0
6.61625	0.0127625	125.316	0.818203	0
6.62705	0.012502	122.925	0.844519	0
6.62399	0.0128084	123.794	0.849987	0
6.61371	0.0124895	125.901	0.821279	0
6.60305	0.0124435	122.791	0.843836	0
6.57601	0.0125872	122.39	0.830506	0
6.55977	0.0128192	121.12	0.833241	0
6.55094	0.0127926	121.087	0.837	0
6.53131	0.0122407	121.822	0.846228	0
6.52771	0.0125237	120.267	0.84657	0
6.52498	0.0119873	121.387	0.840076	0
6.51552	0.0121588	120.451	0.843494	0
6.50881	0.0120465	119.348	0.844861	0
6.49703	0.0120403	119.799	0.828798	0
6.48773	0.0120094	119.616	0.834266	0
6.47882	0.011667	119.398	0.829481	0
6.45785	0.0115986	120.117	0.843836	0
6.45815	0.0117328	117.827	0.836317	0
6.44017	0.0114712	116.674	0.849646	0
6.40439	0.0115806	117.794	0.806924	0
6.39899	0.0115403	117.86	0.812051	0
6.403	0.0111714	117.342	0.859557	0
6.38436	0.0112424	116.038	0.835291	0
6.34799	0.0111686	114.517	0.853405	0
6.32876	0.0110823	115.186	0.830848	0
6.32208	0.0110787	114.25	0.858532	0
6.29664	0.0112016	113.882	0.850329	0
6.26653	0.0108984	113.063	0.834608	0
6.24839	0.0109877	112.796	0.846228	0
6.23686	0.0109339	113.865	0.826405	0
6.21382	0.0108329	110.756	0.848962	0
6.18712	0.011057	111.174	0.862975	0
6.1787	0.0108492	110.94	0.837342	0
6.16194	0.0106731	111.107	0.833582	0
6.13097	0.0106856	109.386	0.851013	0
6.10295	0.0106646	108.282	0.838709	0
6.09358	0.0105851	108.5	0.825038	0
6.08535	0.0104625	107.664	0.841443	0
6.05766	0.0105701	107.998	0.833241	0
6.05156	0.0105657	108.082	0.861266	0
6.05301	0.0103669	107.129	0.847253	0
6.01232	0.010497	105.508	0.850671	0
5.97197	0.0102535	105.056	0.828114	0
5.95032	0.0100467	104.488	0.836317	0
5.93877	0.0100019	104.505	0.811709	0
5.91368	0.0100471	102.967	0.860924	0
5.88617	0.00978789	102.566	0.84657	0
5.87256	0.0100079	103.285	0.824354	0
5.84177	0.0096304	101.613	0.834949	0
5.81161	0.00973802	101.463	0.866051	0
5.80029	0.00976377	100.293	0.867418	0
5.79156	0.00979604	99.2729	0.848279	0
5.77224	0.00984415	98.8048	0.823329	0
5.75104	0.00982316	98.4705	0.848279	0
5.73793	0.00981729	98.5708	0.837684	0
5.73477	0.00970836	97.9691	0.849304	0
5.72455	0.00978229	96.9996	0.828798	0
5.7064	0.00961352	97.8186	0.830506	0
5.68957	0.00961469	95.328	0.843494	0
5.66523	0.00938686	95.9799	0.834266	0
5.64727	0.00931261	96.6318	0.834949	0
5.63367	0.00934481	94.743	0.82538	0
5.60323	0.00936913	93.6732	0.820937	0
5.57842	0.00938803	93.7568	0.837684	0
5.57179	0.00910316	93.2553	0.825722	0
5.55683	0.00915824	91.9181	0.833241	0
5.54088	0.00914742	90.8316	0.82162	0
5.52869	0.00903843	91.5838	0.852722	0
5.5126	0.00925224	90.8985	0.843836	0
5.48217	0.00898178	89.043	0.839734	0
5.46568	0.00917865	89.0263	0.819228	0
5.44874	0.00909853	88.341	0.828456	0
5.41698	0.00891848	87.9733	0.825038	0
5.4194	0.00907122	88.1571	0.830848	0
5.41308	0.00899501	87.3548	0.832899	0
5.3779	0.00879084	85.9005	0.838025	0
5.36898	0.00865558	87.2211	0.844519	0
5.3518	0.00873902	84.697	0.838025	0
5.33031	0.0086722	85.4659	0.81376	0
5.33115	0.00858739	84.5633	0.826747	0
5.31807	0.00865597	84.7639	0.822646	0
5.30725	0.00877403	84.229	0.836658	0
5.28887	0.00878837	83.527	0.835291	0
5.26062	0.00849724	81.5545	0.816152	0
5.24328	0.0083522	82.5407	0.833582	0
5.21859	0.00839333	80.0501	0.82162	0
5.20083	0.00841582	80.1672	0.847937	0
5.19262	0.00845056	80.2507	0.824354	0
5.17027	0.00822886	78.8634	0.811367	0
5.1552	0.00821647	79.2812	0.849646	0
5.16697	0.00823316	79.2144	0.828114	0
5.15623	0.00811198	77.9273	0.820253	0
5.12324	0.00837768	76.4229	0.830165	0
5.10476	0.00807137	74.8015	0.822987	0
5.09878	0.00806107	75.6038	0.82162	0
5.07706	0.00803558	75.3531	0.803506	0
5.05561	0.00786035	74.0827	0.818886	0
5.05418	0.00788258	74.4505	0.822987	0
5.04249	0.00787965	73.481	0.816152	0
5.02045	0.0078423	72.4112	0.817861	0
5.01967	0.00771146	72.7622	0.816494	0
5.01705	0.00772457	74.2165	0.828114	0
4.9912	0.00768624	71.9432	0.81581	0
4.97432	0.00772698	71.4751	0.82538	0
4.9658	0.00761153	70.6226	0.819911	0
4.95059	0.00771264	70.4722	0.815127	0
4.94687	0.00776414	71.5086	0.824696	0
4.94004	0.00732998	70.8901	0.833241	0
4.92133	0.00757138	69.3523	0.795646	0
4.90075	0.00740117	67.6139	0.816836	0
4.88411	0.00739615	68.3494	0.812051	0
4.88269	0.00757516	68.2992	0.797696	0
4.8811	0.0076159	67.3799	0.798722	0
4.86083	0.00731532	66.4271	0.801114	0
4.84076	0.00711506	66.728	0.803506	0
4.8266	0.00727972	64.2875	0.790519	0
4.81119	0.00719244	65.2403	0.801456	0
4.806	0.00713527	63.3347	0.79838	0
4.80291	0.00722855	65.7752	0.781975	0
4.78268	0.0069796	62.4488	0.784709	0
4.75791	0.0071661	63.3013	0.824696	0
4.74908	0.00688045	61.8136	0.789152	0
4.7242	0.00679525	60.56	0.782658	0
4.68956	0.00687804	57.8688	0.775139	0
4.67399	0.00676748	57.5345	0.789152	0
4.65812	0.00674864	57.267	0.776848	0
4.63311	0.00650458	55.7626	0.782317	0
4.60903	0.00627818	55.6289	0.762152	0
4.58859	0.0062787	54.0577	0.77343	0
4.58165	0.00626957	53.5896	0.76181	0
4.57172	0.00624311	52.0351	0.768304	0
4.55232	0.00625458	52.2691	0.746089	0
4.53825	0.00607114	51.3498	0.771038	0
4.52184	0.00604226	49.0263	0.757025	0
4.51283	0.00589044	50.7647	0.771722	0
4.51204	0.00588549	50.3636	0.753608	0
4.50446	0.00583555	48.1906	0.758051	0
4.49515	0.00581039	48.3243	0.744722	0
4.48337	0.00580928	48.9093	0.751899	0
4.47572	0.00570531	48.4747	0.725582	0
4.46961	0.00585772	49.3439	0.760785	0
4.46326	0.00568836	47.7727	0.722848	0
4.4598	0.00561411	46.6026	0.729342	0
4.4556	0.00568177	46.7196	0.716354	0
4.44945	0.00566307	47.3381	0.739595	0
4.44405	0.00568881	45.4659	0.744722	0
4.43519	0.00566769	47.4216	0.735494	0
4.4258	0.00551581	45.0481	0.721481	0
4.41949	0.00561561	45.8838	0.736519	0
4.41677	0.00565668	45.2821	0.736177	0
4.41177	0.00549084	45.0313	0.735152	0
4.39913	0.00557109	43.5604	0.729684	0
4.3953	0.00561952	44.0284	0.731734	0
4.39259	0.00555505	42.9921	0.735835	0
4.38461	0.00544742	43.1258	0.705076	0
4.37106	0.00535727	42.7246	0.714304	0
4.35366	0.00538621	41.6047	0.708835	0
4.35354	0.00523713	41.705	0.714646	0
4.35598	0.00529299	40.9528	0.693798	0
4.33862	0.00511836	41.1032	0.696873	0
4.3268	0.00509195	40.9193	0.694481	0
4.32414	0.00512122	40.1337	0.706101	0
4.31951	0.00524163	39.1642	0.692089	0
4.31491	0.00523217	40.117	0.692772	0
4.30149	0.00515408	39.5654	0.700975	0
4.29533	0.00513537	39.2478	0.70781	0
4.29847	0.00498661	38.2449	0.677392	0
4.28816	0.00507123	39.0974	0.697557	0
4.27209	0.00488075	37.1082	0.681835	0
4.26516	0.00490278	36.5065	0.670899	0
4.25861	0.00491862	36.3728	0.66919	0
4.25134	0.00494528	35.9883	0.679443	0
4.2479	0.00477957	36.122	0.685253	0
4.24414	0.00480526	36.6903	0.679101	0
4.24076	0.00470246	35.9047	0.673291	0
4.23584	0.00461511	35.7376	0.65962	0
4.23128	0.00484137	35.42	0.667139	0
4.22014	0.00478981	34.4003	0.664747	0
4.20957	0.00468916	33.3305	0.668848	0
4.20771	0.00460037	33.949	0.667481	0
4.21335	0.00451785	33.5813	0.65962	0
4.20831	0.00456739	33.6983	0.652101	0
4.19436	0.00453616	33.2804	0.663722	0
4.19031	0.0044891	32.7622	0.652101	0
4.18287	0.00449347	32.1772	0.649025	0
4.16985	0.00452736	31.7426	0.648	0
4.17241	0.00437717	32.7622	0.658253	0
4.16904	0.00448747	30.5558	0.646291	0
4.15924	0.004373	31.308	0.646975	0
4.16417	0.00447567	31.542	0.636722	0
4.1634	0.00446596	30.7898	0.649367	0
4.1555	0.00441641	31.5253	0.629544	0
4.15575	0.00448682	31.5587	0.642873	0
4.14302	0.00436928	30.2716	0.627835	0
4.13174	0.00428499	29.8705	0.625785	0
4.13835	0.00424908	30.3385	0.631595	0
4.13595	0.00424679	29.7033	0.646975	0
4.12875	0.00418734	30.2382	0.630228	0
4.12266	0.00419582	27.6807	0.625443	0
4.11443	0.00411101	29.3356	0.636722	0
4.11744	0.00425214	28.9511	0.628177	0
4.1161	0.00431635	27.9649	0.614165	0
4.101	0.00420866	28.1153	0.612114	0
4.09657	0.00409386	27.43	0.612798	0
4.09571	0.00411199	27.1124	0.59981	0
4.09474	0.00407633	28.4329	0.626127	0
4.0973	0.00415481	28.4162	0.63057	0
4.08942	0.0040953	26.5441	0.605279	0
4.08283	0.00402822	27.196	0.615873	0
4.08349	0.00418506	26.1262	0.613823	0
4.08197	0.00410136	26.5942	0.602544	0
4.07726	0.00403806	26.1596	0.609722	0
4.07238	0.00400775	26.5608	0.60562	0
4.06632	0.00405723	25.6415	0.602544	0
4.05863	0.00390182	25.023	0.584089	0
4.05843	0.00389667	25.4242	0.60562	0
4.05623	0.00396479	25.4743	0.592975	0
4.04953	0.00381884	24.5048	0.580671	0
4.03887	0.00376955	24.4212	0.584772	0
4.03504	0.00381766	23.4684	0.570076	0
4.03077	0.0038043	23.669	0.579304	0
4.02932	0.00390827	24.0869	0.586139	0
4.0304	0.00385769	24.4379	0.572468	0
4.0277	0.00377875	23.201	0.576911	0
4.0248	0.00376238	22.7664	0.566658	0
4.01988	0.00370945	23.2511	0.573494	0
4.01637	0.0036395	23.0171	0.567	0
4.01681	0.00351284	23.7359	0.567342	0
4.01571	0.00366864	22.5658	0.569392	0
4.00776	0.00368931	22.8834	0.558456	0
3.99945	0.00360984	21.7468	0.568025	0
3.9996	0.00357379	21.1116	0.550937	0
3.99847	0.00355007	21.9473	0.554013	0
3.99343	0.00350854	21.6799	0.552646	0
3.99153	0.003594	21.8303	0.549911	0
3.99234	0.00353846	22.1646	0.566658	0
3.98773	0.0035337	21.8972	0.573152	0
3.98576	0.00346956	20.9946	0.54957	0
3.98428	0.00351219	21.2286	0.54581	0
3.98087	0.00352014	21.1952	0.552646	0
3.97768	0.0034839	20.0752	0.543418	0
3.97085	0.00330059	19.7409	0.538633	0
3.96819	0.00345196	20.7271	0.541709	0
3.96738	0.00344583	19.9248	0.53419	0
3.95921	0.00330411	19.6072	0.541709	0
3.95465	0.00330489	19.1559	0.529063	0
3.95284	0.00327126	19.323	0.518468	0
3.95048	0.00326565	17.9189	0.516418	0
3.95076	0.00322484	19.5403	0.527013	0
3.94694	0.00325933	18.6544	0.517785	0
3.94248	0.0033092	18.7547	0.519494	0
3.94052	0.00313078	18.5875	0.521203	0
3.93827	0.00325411	18.1864	0.514709	0
3.93785	0.00320731	17.5679	0.506848	0
3.93575	0.00325522	17.8855	0.511975	0
3.93109	0.00317126	17.5846	0.507532	0
3.93207	0.00321696	17.5178	0.515051	0
3.93111	0.00319584	18.0861	0.514367	0
3.92318	0.00317895	16.448	0.496937	0
3.92072	0.00317719	17.2837	0.508557	0
3.91595	0.00311253	16.1972	0.494544	0
3.91054	0.00310646	17.0497	0.500696	0
3.9109	0.00319929	16.2641	0.494544	0
3.90631	0.00306709	16.7154	0.504456	0
3.90143	0.00309955	15.4618	0.492494	0
3.90172	0.00307419	16.5483	0.493861	0
3.90454	0.00309577	16.1304	0.496595	0
3.89833	0.00297159	15.328	0.479848	0
3.89614	0.00301018	15.6122	0.476089	0
3.8944	0.00286937	15.0439	0.480873	0
3.88872	0.00292563	14.7764	0.467886	0
3.88915	0.00297622	15.5788	0.497962	0
3.88788	0.00289089	14.0577	0.460025	0
3.88839	0.0029667	15.3448	0.483266	0
3.8876	0.0029184	15.6958	0.492835	0
3.88007	0.00293821	14.7096	0.47062	0
3.88202	0.00289141	15.4618	0.479165	0
3.88145	0.00289493	14.4588	0.461051	0
3.86923	0.00281364	14.5758	0.465152	0
3.86071	0.00280503	13.0046	0.455241	0
3.863	0.00274826	14.392	0.469253	0
3.86812	0.00274826	13.8237	0.450114	0
3.86455	0.00275856	13.4058	0.456949	0
3.86121	0.00279317	13.5228	0.460025	0
3.86166	0.00279082	13.1383	0.449089	0
3.86143	0.00278776	13.0882	0.451481	0
3.85967	0.00270797	12.8709	0.434051	0
3.85937	0.00276286	13.5729	0.454899	0
3.85592	0.00271227	13.3556	0.448747	0
3.84676	0.00264702	12.8542	0.445329	0
3.84524	0.00262525	12.4196	0.448063	0
3.84707	0.00262753	12.5198	0.438152	0
3.84886	0.00271155	13.2386	0.448747	0
3.84848	0.00271729	13.272	0.457291	0
3.84688	0.00275503	12.9879	0.437468	0
3.84663	0.0026714	12.219	0.440886	0
3.84713	0.00270497	12.4697	0.440886	0
3.84706	0.00267714	12.687	0.430975	0
3.84584	0.00267746	12.8207	0.451481	0
3.84216	0.00262707	11.3163	0.416279	0
3.8405	0.00261032	12.1688	0.427899	0
3.841	0.00265667	12.0184	0.430975	0
3.83724	0.00264226	12.6034	0.44362	0
3.83268	0.00258757	11.6172	0.424139	0
3.83164	0.00254832	12.3025	0.433367	0
3.82978	0.00258294	11.6339	0.424139	0
3.82788	0.0025536	12.102	0.436443	0
3.8269	0.00254285	11.4668	0.425506	0
3.82332	0.00260725	11.6339	0.432	0
3.82312	0.00258848	11.1325	0.42038	0
3.82747	0.00252577	11.2328	0.411494	0
3.82561	0.0024598	11.5504	0.424823	0
3.82013	0.00246606	11.5002	0.427557	0
3.82077	0.00247825	10.3468	0.409101	0
3.8209	0.00254298	11.2662	0.426873	0
3.81726	0.00255132	11.0322	0.41081	0
3.81461	0.00240439	10.7982	0.408076	0
3.81184	0.00239754	10.4304	0.396797	0
3.8104	0.0024186	10.5809	0.410127	0
3.80998	0.00239266	10.9319	0.411152	0
3.81116	0.00242434	10.7146	0.413203	0
3.8108	0.00243314	10.6812	0.407051	0
3.8054	0.00239611	10.2298	0.402608	0
3.8042	0.00234409	10.5307	0.406709	0
3.80584	0.00232571	9.76181	0.394063	0
3.80554	0.00237831	10.5307	0.40876	0
3.80363	0.00230172	10.2131	0.400899	0
3.80205	0.00230648	10.0293	0.401924	0
3.80272	0.00230485	9.6448	0.389962	0
3.80614	0.00246664	10.9987	0.420722	0
3.80363	0.0024302	10.1295	0.397823	0
3.79807	0.00232871	9.89553	0.397481	0
3.79914	0.00235322	10.3134	0.401924	0
3.80319	0.0024214	10.3636	0.399532	0
3.80144	0.0024186	10.1797	0.390646	0
3.79729	0.00239168	10.4806	0.401582	0
3.79712	0.00239155	10.0125	0.396114	0
3.79792	0.00234526	10.5809	0.404658	0
3.79795	0.00234103	10.3468	0.393038	0
3.79978	0.00236964	10.6979	0.415253	0
3.80085	0.00237473	10.3468	0.401582	0
3.79838	0.00240797	10.4137	0.401582	0
3.79806	0.00236736	10.7146	0.411494	0
3.79908	0.00238659	10.7982	0.410127	0
3.79651	0.00232845	10.046	0.401241	0
3.79483	0.00238835	9.74509	0.393038	0
3.79549	0.00239774	10.4806	0.409101	0
3.79268	0.00233249	9.91224	0.386203	0
3.79207	0.00248607	10.7146	0.41457	0
3.79013	0.00235595	9.37735	0.386203	0
3.78744	0.00228875	10.1463	0.400215	0
3.7912	0.00241149	10.0125	0.401582	0
3.79009	0.00237004	10.3468	0.398848	0
3.78961	0.00237277	10.4137	0.400215	0
3.7914	0.00236704	10.4137	0.402949	0
3.78692	0.00226886	9.26034	0.377316	0
3.78585	0.00228842	10.0794	0.388937	0
3.78978	0.00228972	9.5445	0.391671	0
3.78632	0.00226489	9.44421	0.382443	0
3.78733	0.00224924	10.163	0.39543	0
3.78859	0.00231326	9.77852	0.389962	0
3.78323	0.00226723	9.84538	0.396456	0
3.78003	0.00232069	9.8621	0.397139	0
3.77786	0.00223418	8.57501	0.362962	0
3.77761	0.00229474	9.31049	0.376633	0
3.77953	0.00228444	9.71166	0.392013	0
3.77406	0.00225087	8.62516	0.363646	0
3.77182	0.0021984	8.37443	0.357152	0
3.77708	0.00228118	9.37735	0.392013	0
3.77492	0.00225928	9.07647	0.374582	0
3.76909	0.00219918	8.5583	0.36262	0
3.7733	0.00222023	9.02633	0.372532	0
3.77425	0.00222134	8.82574	0.372873	0
3.7704	0.0021778	8.42457	0.363987	0
3.76936	0.00216261	8.65859	0.371506	0
3.76806	0.00214977	9.12662	0.381076	0
3.7636	0.00216085	7.97326	0.356127	0
3.76038	0.00216834	7.75595	0.357152	0
3.7581	0.0021907	7.85625	0.359203	0
3.75248	0.00205224	7.48851	0.350658	0
3.75064	0.0020544	7.93982	0.36057	0
3.75056	0.00208275	7.02048	0.338696	0
3.74698	0.00198491	7.18763	0.332886	0
3.74182	0.00188074	6.46887	0.324342	0
3.73607	0.00186476	6.33514	0.31238	0
3.73205	0.00176346	5.54952	0.296316	0
3.72989	0.00179071	5.21521	0.28743	0
3.72626	0.00176477	5.11492	0.286063	0
3.72298	0.00170525	4.73046	0.277519	0
3.72137	0.00169658	4.9812	0.284013	0
3.72102	0.00171222	4.6636	0.276835	0
3.71925	0.00168387	4.76389	0.282304	0
3.71549	0.00161288	3.99499	0.257354	0
3.71132	0.00157188	4.21229	0.261797	0
3.71175	0.00156868	4.61346	0.276835	0
3.71207	0.0015913	4.24572	0.265899	0
3.71374	0.00159606	4.42959	0.271367	0
3.71145	0.00155414	4.16214	0.257354	0
3.7087	0.0015177	4.02842	0.253937	0
3.71075	0.00152605	4.12871	0.258722	0
3.7106	0.00155486	3.97827	0.253595	0
3.70706	0.00152546	3.69411	0.243684	0
3.70576	0.0014883	3.76097	0.24676	0
3.70495	0.0014387	3.47681	0.235139	0
3.70506	0.00148896	3.56038	0.239924	0
3.70459	0.00148537	3.61053	0.237873	0
3.70454	0.00145545	3.91141	0.251886	0
3.70177	0.00144587	3.15921	0.224203	0
3.70173	0.0014237	3.96155	0.249835	0
3.70288	0.00146725	3.62725	0.240608	0
3.70175	0.0014782	3.5771	0.244025	0
3.7011	0.0014973	3.46009	0.235823	0
3.70091	0.0014428	3.20936	0.228304	0
3.70073	0.00148198	3.61053	0.237873	0
3.69916	0.00145467	3.02549	0.223861	0
3.69598	0.00141184	2.99206	0.222835	0
3.6966	0.0014063	3.19265	0.222835	0
3.69754	0.00139489	3.19265	0.228987	0
3.69624	0.00142318	3.34308	0.236165	0
3.69343	0.00144352	2.85834	0.218392	0
3.69249	0.0013531	2.82491	0.216	0
3.69375	0.00139567	3.46009	0.234797	0
3.69221	0.00135852	2.84162	0.218051	0
3.6905	0.0013123	2.85834	0.216	0
3.69174	0.00140343	3.00878	0.223177	0
3.69204	0.00140434	3.24279	0.230696	0
3.6908	0.0013196	2.57417	0.203354	0
3.68994	0.00132494	2.9252	0.216684	0
3.69199	0.00133616	3.07564	0.228987	0
3.69126	0.00137494	2.94191	0.218734	0
3.68985	0.00137286	2.67447	0.210873	0
3.68841	0.00134313	2.55746	0.207114	0
3.6868	0.00133374	2.7079	0.205405	0
3.68686	0.00132045	2.50731	0.198228	0
3.68681	0.00130695	2.59089	0.204038	0
3.68595	0.00131477	2.84162	0.215316	0
3.6862	0.00128668	2.69118	0.207456	0
3.68779	0.00130773	2.84162	0.211557	0
3.68679	0.00133811	2.69118	0.211557	0
3.68346	0.00128785	2.29001	0.190025	0
3.68024	0.00124326	2.08943	0.187975	0
3.68122	0.00123948	2.10614	0.190025	0
3.68342	0.00126614	2.54074	0.209165	0
3.68343	0.00128564	2.62432	0.205405	0
3.68121	0.00124535	2.29001	0.191392	0
3.68039	0.00126086	2.22315	0.193101	0
3.68097	0.00124307	2.20644	0.189684	0
3.68251	0.00123394	2.42374	0.202329	0
3.68033	0.00122684	1.97242	0.181823	0
3.67941	0.00125135	2.47388	0.204038	0
3.68138	0.00126588	2.47388	0.199937	0
3.67968	0.00125637	2.42374	0.196519	0
3.67788	0.00125454	2.25658	0.194468	0
3.67918	0.00126843	2.44045	0.202671	0
3.67842	0.00123055	2.39031	0.198228	0
3.67743	0.0012417	1.97242	0.181823	0
3.67711	0.00120695	2.29001	0.199937	0
3.67955	0.00121556	2.64104	0.20438	0
3.67855	0.00119796	1.93899	0.178747	0
3.67685	0.00121073	1.97242	0.181823	0
3.6767	0.00122312	2.15629	0.190709	0
3.67682	0.00121165	2.03928	0.179772	0
3.67578	0.0012065	2.10614	0.187291	0
3.67606	0.00121771	2.35687	0.199595	0
3.67522	0.00118629	2.12286	0.18319	0
3.67468	0.00122319	2.056	0.185241	0
3.67549	0.00121849	2.29001	0.194468	0
3.67494	0.00121445	2.2733	0.190709	0
3.6732	0.00117501	2.12286	0.189342	0
3.67254	0.00121223	1.9557	0.181139	0
3.67294	0.00118772	1.9557	0.17943	0
3.67058	0.00116328	1.8387	0.177722	0
3.67176	0.00113792	1.97242	0.18319	0
3.67313	0.00114516	1.9557	0.17943	0
3.67133	0.00115637	1.63811	0.162	0
3.67305	0.00120865	2.12286	0.192418	0
3.67431	0.00120219	1.77183	0.168152	0
3.67035	0.001146	1.53782	0.158924	0
3.67097	0.00117821	2.03928	0.184557	0
3.67281	0.00118329	1.75512	0.167468	0
3.67093	0.00118381	1.90556	0.175671	0
3.66859	0.00115995	1.78855	0.177038	0
3.67082	0.00116543	2.10614	0.182506	0
3.66961	0.00118485	1.92227	0.185924	0
3.66766	0.00112423	1.47096	0.155848	0
3.66906	0.00115076	1.93899	0.17738	0
3.67092	0.00115513	2.20644	0.19276	0
3.66955	0.00116582	2.08943	0.191051	0
3.66859	0.00113994	1.78855	0.170544	0
3.66827	0.00119137	1.67154	0.170203	0
3.66632	0.0011243	1.55453	0.157899	0
3.6666	0.00112749	1.70497	0.166785	0
3.66797	0.00114281	1.7384	0.166785	0
3.66706	0.00118023	1.8387	0.176013	0
3.66646	0.0011608	1.72169	0.170886	0
3.6668	0.00114085	1.80527	0.17157	0
3.66591	0.00113186	1.63811	0.163709	0
3.66454	0.00106347	1.57125	0.158924	0
3.6648	0.00108948	1.4041	0.15038	0
3.66662	0.0011005	1.75512	0.170886	0
3.66562	0.00113486	1.57125	0.162342	0
3.66408	0.00110735	1.55453	0.159949	0
3.66462	0.00111106	1.68826	0.166101	0
3.66532	0.00107423	1.47096	0.153797	0
3.66501	0.00108779	1.75512	0.169177	0
3.6663	0.00116621	2.03928	0.181481	0
3.6659	0.00112716	1.77183	0.173278	0
3.66399	0.00109829	1.38738	0.151405	0
3.66579	0.00115565	1.87213	0.174304	0
3.66658	0.001158	1.78855	0.177038	0
3.66355	0.00110233	1.70497	0.166785	0
3.66289	0.00109405	1.68826	0.166101	0
3.66415	0.00112619	1.80527	0.17157	0
3.66413	0.00111836	1.6214	0.166443	0
3.66182	0.00112149	1.42081	0.155165	0
3.66322	0.00111034	1.82198	0.172253	0
3.66308	0.00105878	1.43753	0.154139	0
3.66084	0.00109118	1.58796	0.159608	0
3.66283	0.00110604	1.78855	0.170544	0
3.66255	0.00107775	1.67154	0.165418	0
3.66205	0.00112188	1.43753	0.154139	0
3.66304	0.00114783	1.67154	0.163709	0
3.66258	0.0011052	1.6214	0.166443	0
3.66103	0.00109183	1.33723	0.149013	0
3.66096	0.00116047	1.60468	0.16576	0
3.66156	0.00109392	1.63811	0.162	0
3.66131	0.00108414	1.3038	0.145253	0
3.66045	0.00108694	1.67154	0.163709	0
3.66045	0.00110148	1.45424	0.154823	0
3.65984	0.00106432	1.50439	0.155506	0
3.65895	0.00105109	1.4041	0.15038	0
3.65771	0.00102567	1.32052	0.147987	0
3.66005	0.00110741	1.70497	0.165076	0
3.66113	0.00112051	1.57125	0.160633	0
3.65951	0.00108277	1.37066	0.150722	0
3.65908	0.00105142	1.58796	0.159608	0
3.65905	0.00108218	1.55453	0.159949	0
3.65966	0.00108205	1.42081	0.153114	0
3.66014	0.00108329	1.57125	0.160633	0
3.65887	0.00110376	1.43753	0.155848	0
3.65872	0.00110031	1.47096	0.155848	0
3.65687	0.00105174	1.28709	0.146278	0
3.65655	0.00105604	1.23694	0.145595	0
3.65767	0.00107469	1.37066	0.15243	0
3.65681	0.00105683	1.22023	0.142519	0
3.65822	0.00107371	1.42081	0.156873	0
3.65901	0.00107951	1.60468	0.164051	0
3.65769	0.00104112	1.35395	0.149696	0
3.65806	0.0010477	1.55453	0.159949	0
3.65839	0.00106237	1.48767	0.156532	0
3.65785	0.00108551	1.33723	0.149013	0
3.65629	0.00110572	1.48767	0.159949	0
3.65707	0.00106595	1.33723	0.146962	0
3.65767	0.00105207	1.53782	0.157215	0
3.65647	0.00104216	1.20351	0.143544	0
3.65542	0.00104698	1.50439	0.155506	0
3.65555	0.00103831	1.22023	0.14081	0
3.65628	0.00103629	1.11993	0.137051	0
3.65631	0.0010595	1.60468	0.162342	0
3.65632	0.00110239	1.33723	0.149013	0
3.65629	0.00105324	1.37066	0.15243	0
3.65692	0.0010651	1.47096	0.160975	0
3.65666	0.00108121	1.37066	0.150722	0
3.65426	0.00103714	1.25366	0.142519	0
3.65555	0.00107397	1.22023	0.14081	0
3.65511	0.000997114	1.05307	0.132949	0
3.65258	0.00102664	1.10322	0.138076	0
3.6547	0.00102123	1.42081	0.151405	0
3.65655	0.0010565	1.42081	0.151405	0
3.6548	0.00102814	1.38738	0.151405	0
3.654	0.00101484	1.28709	0.144228	0
3.65367	0.00100415	1.0865	0.132949	0
3.65274	0.00104705	1.28709	0.150038	0
3.65455	0.00102215	1.13665	0.138076	0
3.65492	0.00106204	1.25366	0.142519	0
3.65475	0.00105265	1.32052	0.153456	0
3.65299	0.00103616	1.23694	0.145595	0
3.65294	0.00103388	1.11993	0.137051	0
3.65424	0.00103929	1.17008	0.137734	0
3.65406	0.00103205	1.3038	0.147304	0
3.65389	0.00103016	1.45424	0.156532	0
3.65302	0.000963542	1.06979	0.131924	0
3.65126	0.000960869	1.01964	0.128848	0
3.65274	0.000982055	1.00293	0.127823	0
3.65221	0.00098714	1.18679	0.142861	0
3.65164	0.00100741	1.10322	0.138076	0
3.65202	0.000969018	1.25366	0.14457	0
3.65337	0.0010181	1.15336	0.13876	0
3.65209	0.00102886	1.35395	0.149696	0
3.65164	0.00102866	1.22023	0.14081	0
3.65279	0.00104776	1.25366	0.14457	0
3.65284	0.00102358	1.27037	0.145253	0
3.65333	0.00103746	1.28709	0.146278	0
3.65144	0.000982316	0.969494	0.125772	0
3.6504	0.000984337	1.13665	0.141835	0
3.65117	0.000991638	1.15336	0.14081	0
3.65218	0.00100689	1.20351	0.139785	0
3.65189	0.00101667	1.22023	0.142519	0
3.6517	0.00102488	1.0865	0.132949	0
3.65265	0.00102293	1.11993	0.137051	0
3.65118	0.000977231	1.0865	0.132949	0
3.65054	0.000981208	1.05307	0.132949	0
3.65149	0.0010067	1.00293	0.127823	0
3.65096	0.000990856	1.23694	0.143544	0
3.65058	0.0010125	1.0865	0.132949	0
3.65091	0.000970973	1.00293	0.127823	0
3.65186	0.0010301	1.06979	0.131924	0
3.65185	0.000983229	1.23694	0.143544	0
3.65075	0.000986553	0.969494	0.125772	0
3.65001	0.0010022	0.902633	0.123722	0
3.65009	0.000956436	1.00293	0.127823	0
3.64898	0.000957675	0.919348	0.124747	0
3.64938	0.000980817	1.01964	0.128848	0
3.65112	0.00100357	1.05307	0.130899	0
3.64997	0.000975928	0.936064	0.125772	0
3.64799	0.000999004	0.885917	0.120304	0
3.64743	0.00096276	0.869202	0.121671	0
3.64899	0.000983098	1.20351	0.139785	0
3.64986	0.000972407	0.902633	0.123722	0
3.64773	0.000959174	0.80234	0.114494	0
3.64848	0.000985836	1.20351	0.143544	0
3.64999	0.000977297	0.969494	0.125772	0
3.64906	0.000969148	1.00293	0.127823	0
3.6496	0.000963412	1.10322	0.133975	0
3.65004	0.00102606	1.17008	0.139785	0
3.64847	0.000980817	0.835771	0.119278	0
3.6473	0.000951482	1.0865	0.135	0
3.64832	0.0009698	1.22023	0.142519	0
3.64898	0.000948158	0.902633	0.123722	0
3.64782	0.000976971	0.902633	0.121329	0
3.64832	0.000979383	1.0865	0.132949	0
3.64945	0.000981012	0.936064	0.123722	0
3.64869	0.000955524	1.10322	0.138076	0
3.64888	0.000972212	1.06979	0.136025	0
3.64909	0.00100337	0.852486	0.122696	0
3.6486	0.00101191	0.919348	0.122696	0
3.64799	0.000986749	0.952779	0.126797	0
3.64722	0.000939618	0.768909	0.114835	0
3.64689	0.000959109	0.752194	0.111076	0
3.6471	0.000951938	1.00293	0.127823	0
3.64735	0.000992225	0.869202	0.121671	0
3.6481	0.000951026	0.902633	0.121329	0
3.6481	0.000954872	1.06979	0.131924	0
3.64793	0.000946006	0.98621	0.126797	0
3.64608	0.000925537	0.752194	0.111076	0
3.64766	0.000960804	0.919348	0.122696	0
3.64896	0.0010196	1.00293	0.129873	0
3.64882	0.000960934	1.11993	0.139101	0
3.64766	0.00097495	0.735478	0.109709	0
3.64831	0.000968366	1.00293	0.127823	0
3.6489	0.000961391	0.819056	0.118253	0
3.64607	0.00095083	0.936064	0.125772	0
3.64703	0.000992029	0.936064	0.128165	0
3.64742	0.000956762	0.768909	0.117228	0
3.64607	0.000984141	0.936064	0.123722	0
3.64708	0.000987857	0.885917	0.125089	0
3.64645	0.000945224	0.735478	0.109709	0
3.64668	0.000946984	1.00293	0.127823	0
3.64799	0.000969865	0.98621	0.126797	0
3.64694	0.000947636	0.735478	0.109709	0
3.64548	0.000934207	0.852486	0.120304	0
3.64532	0.000899136	0.752194	0.111076	0
3.64673	0.000925994	0.819056	0.115861	0
3.64803	0.000978731	1.0865	0.132949	0
3.64804	0.000940726	1.01964	0.130899	0
3.64567	0.000923842	0.785625	0.115861	0
3.64522	0.000932512	0.702048	0.110051	0
3.64578	0.000908393	0.852486	0.118253	0
3.64692	0.000928145	0.819056	0.115861	0
3.64642	0.00093525	1.03636	0.134316	0
3.64541	0.000917715	0.869202	0.119278	0
3.64511	0.000956958	0.80234	0.117228	0
3.6458	0.000911587	0.835771	0.119278	0
3.64511	0.000919996	0.869202	0.119278	0
3.64524	0.000932252	0.852486	0.118253	0
3.64676	0.000953307	0.969494	0.125772	0
3.64674	0.000934468	0.885917	0.122696	0
3.64642	0.000968366	0.919348	0.122696	0
3.64745	0.000982186	0.835771	0.116886	0
3.64677	0.0009404	1.06979	0.131924	0
3.646	0.000940465	0.902633	0.121329	0
3.64572	0.000936815	0.835771	0.121671	0
3.64534	0.000945941	0.819056	0.115861	0
3.64458	0.000933621	0.852486	0.120304	0
3.64513	0.00095585	0.869202	0.119278	0
3.64555	0.000949331	0.58504	0.0980886	0
3.64524	0.000922148	1.03636	0.129873	0
3.64545	0.000920844	0.80234	0.114494	0
3.64447	0.000932252	0.735478	0.109709	0
3.64511	0.000893335	0.58504	0.0980886	0
3.64507	0.000930361	0.785625	0.113468	0
3.64499	0.000915042	0.98621	0.128848	0
3.64503	0.000928666	0.919348	0.122696	0
3.64573	0.000939814	0.902633	0.123722	0
3.64473	0.00092834	0.735478	0.109709	0
3.64499	0.000950895	0.835771	0.116886	0
3.64511	0.000915694	0.885917	0.122696	0
3.64656	0.000965758	0.685332	0.108684	0
3.64528	0.000932904	0.919348	0.122696	0
3.64428	0.000901613	0.518178	0.0953544	0
3.64517	0.000933555	0.752194	0.111076	0
3.64525	0.000902461	0.785625	0.113468	0
3.64537	0.00094894	0.869202	0.119278	0
3.64652	0.000957023	0.835771	0.119278	0
3.64615	0.00094027	0.752194	0.111076	0
3.6443	0.000924234	0.702048	0.107316	0
3.64532	0.000906698	0.735478	0.109709	0
3.64489	0.000942682	0.601755	0.0994557	0
3.64449	0.000912435	0.651901	0.103557	0
3.64366	0.000922734	0.735478	0.109709	0
3.64428	0.000879189	0.601755	0.0994557	0
3.64449	0.000909501	0.852486	0.118253	0
3.6452	0.000934468	0.952779	0.126797	0
3.64465	0.000925342	0.651901	0.103557	0
3.64579	0.000918823	0.752194	0.111076	0
3.6441	0.00087971	0.618471	0.100823	0
3.64341	0.000925994	0.835771	0.119278	0
3.64442	0.000907024	0.58504	0.100823	0
3.64483	0.000889619	0.601755	0.0994557	0
3.64458	0.000902396	0.618471	0.103557	0
3.64487	0.000921822	0.735478	0.112443	0
3.6447	0.000914195	0.919348	0.124747	0
3.64439	0.000894638	0.618471	0.100823	0
3.64283	0.000893856	0.618471	0.103557	0
3.6428	0.000888837	0.58504	0.0980886	0
3.64345	0.00088473	0.785625	0.113468	0
3.64506	0.000915107	0.735478	0.109709	0
3.64507	0.000934077	0.936064	0.123722	0
3.64363	0.000877364	0.601755	0.0994557	0
3.64361	0.000912435	0.835771	0.119278	0
3.64265	0.000891705	0.534893	0.0939873	0
3.64407	0.000863153	0.668617	0.104924	0
3.6449	0.000880036	0.568324	0.0997975	0
3.64452	0.000900962	0.685332	0.108684	0
3.64378	0.000882579	0.58504	0.0980886	0
3.64424	0.000885708	0.568324	0.0967215	0
3.64463	0.000928927	0.819056	0.118253	0
3.6446	0.000912304	0.768909	0.112443	0
3.64277	0.000860936	0.518178	0.0953544	0
3.64326	0.00090546	0.718763	0.108684	0
3.64446	0.000869606	0.601755	0.0994557	0
3.64346	0.000886751	0.635186	0.10219	0
3.64384	0.000920257	0.819056	0.120646	0
3.64397	0.000915759	0.58504	0.0980886	0
3.64429	0.000936033	0.768909	0.114835	0
3.64496	0.000913804	0.919348	0.124747	0
3.64576	0.000948679	0.785625	0.113468	0
3.64427	0.000911783	0.718763	0.111076	0
3.64498	0.000909045	0.80234	0.114494	0
3.64535	0.000897376	0.651901	0.103557	0
3.6432	0.000910349	0.635186	0.10219	0
3.64314	0.000892161	0.434601	0.0847595	0
3.64379	0.000886294	0.768909	0.112443	0
3.64304	0.000869085	0.718763	0.108684	0
3.6434	0.000858981	0.601755	0.0994557	0
3.64452	0.000892683	0.601755	0.0994557	0
3.6437	0.000880949	0.735478	0.109709	0
3.64333	0.000900701	0.685332	0.106291	0
3.64447	0.000885708	0.58504	0.0980886	0
3.64408	0.000885251	0.651901	0.103557	0
3.64444	0.000889945	0.568324	0.0967215	0
3.64502	0.000877168	0.651901	0.103557	0
3.64541	0.000899788	0.852486	0.120304	0
3.64462	0.000905134	0.718763	0.108684	0
3.64399	0.000906307	0.618471	0.103557	0
3.6432	0.000902722	0.635186	0.10219	0
3.64312	0.000891705	0.468032	0.0878354	0
3.64216	0.000863087	0.618471	0.103557	0
3.64309	0.00085546	0.551609	0.0984304	0
3.6445	0.000910349	0.702048	0.107316	0
3.64389	0.000904482	0.635186	0.10219	0
3.64294	0.000894117	0.601755	0.0994557	0
3.64362	0.000872931	0.551609	0.0953544	0
3.64449	0.000895486	0.718763	0.108684	0
3.64531	0.000944181	0.735478	0.109709	0
3.6441	0.000878732	0.534893	0.0939873	0
3.64288	0.000872605	0.601755	0.0994557	0
3.64511	0.000926776	0.752194	0.113468	0
3.64484	0.00090057	0.702048	0.107316	0
3.64326	0.000861197	0.501463	0.0909114	0
3.64318	0.000872605	0.601755	0.0994557	0
3.64379	0.000879775	0.635186	0.10219	0
3.6436	0.000863218	0.58504	0.0980886	0
3.64303	0.000870584	0.434601	0.0847595	0
3.64364	0.0009125	0.618471	0.100823	0
3.64366	0.000889293	0.451316	0.0864684	0
3.64313	0.00084138	0.601755	0.0994557	0
3.64418	0.000879906	0.702048	0.107316	0
3.64433	0.000883296	0.618471	0.100823	0
3.64384	0.000874952	0.702048	0.107316	0
3.64395	0.000881601	0.618471	0.103557	0
3.64308	0.000851745	0.384455	0.0796329	0
3.64278	0.000860871	0.618471	0.100823	0
3.6432	0.000880167	0.501463	0.0909114	0
3.64337	0.000871627	0.58504	0.100823	0
3.64366	0.00084138	0.768909	0.112443	0
3.64447	0.000871888	0.534893	0.0939873	0
3.64419	0.000871366	0.468032	0.0878354	0
3.64362	0.000864587	0.484747	0.0895443	0
3.64508	0.000897637	0.685332	0.106291	0
3.64605	0.0008743	0.568324	0.0967215	0
3.64452	0.000866021	0.58504	0.0980886	0
3.64488	0.00086576	0.518178	0.0953544	0
3.64493	0.000869215	0.501463	0.0909114	0
3.64342	0.000847247	0.451316	0.0864684	0
3.64323	0.000866738	0.501463	0.0909114	0
3.64532	0.000852397	0.501463	0.0909114	0
3.64564	0.000869997	0.735478	0.109709	0
3.64447	0.000872018	0.668617	0.104924	0
3.64362	0.000847442	0.58504	0.0980886	0
3.64467	0.000877429	0.568324	0.0967215	0
3.64328	0.000858068	0.451316	0.0864684	0
3.64281	0.000844835	0.40117	0.0813418	0
3.64454	0.000883165	0.668617	0.104924	0
3.64525	0.000887272	0.568324	0.0967215	0
3.6438	0.00087945	0.651901	0.103557	0
3.6432	0.000857612	0.551609	0.0953544	0
3.64335	0.000877298	0.618471	0.100823	0
3.64298	0.000868889	0.451316	0.0864684	0
3.64298	0.000845161	0.501463	0.0909114	0
3.6439	0.000867325	0.618471	0.100823	0
3.64418	0.000873843	0.551609	0.0953544	0
3.64373	0.000844248	0.534893	0.0939873	0
3.64387	0.000861653	0.551609	0.0953544	0
3.64396	0.000843466	0.468032	0.0878354	0
3.64296	0.00084138	0.451316	0.0864684	0
3.64415	0.000821237	0.384455	0.0796329	0
3.64506	0.000816348	0.501463	0.0939873	0
3.64445	0.000851875	0.468032	0.0878354	0
3.64242	0.000842358	0.518178	0.0926203	0
3.6451	0.000851093	0.501463	0.0909114	0
3.64563	0.000886164	0.534893	0.0939873	0
3.64439	0.000862436	0.534893	0.0939873	0
3.64375	0.000855591	0.601755	0.104924	0
3.64285	0.000847442	0.417885	0.0830506	0
3.64294	0.00084314	0.468032	0.0909114	0
3.64487	0.000882839	0.484747	0.0926203	0
3.64473	0.000847899	0.518178	0.0926203	0
3.6435	0.000865239	0.501463	0.0909114	0
3.64477	0.000873126	0.451316	0.0864684	0
3.64378	0.000838186	0.417885	0.0830506	0
3.64448	0.000845356	0.601755	0.10219	0
3.64497	0.000869085	0.484747	0.0895443	0
3.64485	0.000818434	0.618471	0.100823	0
3.64402	0.000829581	0.434601	0.0847595	0
3.64478	0.000868759	0.601755	0.0994557	0
3.64492	0.000842618	0.434601	0.0847595	0
3.64357	0.000857742	0.351024	0.0762152	0
3.64338	0.000818238	0.384455	0.0796329	0
3.6447	0.000853114	0.534893	0.0939873	0
3.64532	0.000872605	0.484747	0.0926203	0
3.64412	0.000839229	0.451316	0.0864684	0
3.64368	0.000836817	0.451316	0.0864684	0
3.64418	0.000850376	0.534893	0.0939873	0
3.64432	0.000833557	0.384455	0.0796329	0
3.64438	0.000847312	0.367739	0.0779241	0
3.64442	0.000824952	0.551609	0.0953544	0
3.64448	0.000878015	0.534893	0.0939873	0
3.64407	0.000839359	0.40117	0.0813418	0
3.64376	0.000825865	0.417885	0.0830506	0
3.64457	0.000829776	0.468032	0.0878354	0
3.64553	0.000832775	0.451316	0.0864684	0
3.64458	0.000838512	0.601755	0.0994557	0
3.64469	0.000852527	0.568324	0.0967215	0
3.64447	0.000878602	0.568324	0.0997975	0
3.6442	0.000837143	0.317593	0.0724557	0
3.64367	0.000842553	0.451316	0.0864684	0
3.6451	0.000830559	0.551609	0.0953544	0
3.64531	0.000840728	0.635186	0.10219	0
3.64515	0.000846986	0.484747	0.0895443	0
3.64671	0.000871431	0.58504	0.0980886	0
3.64569	0.000812502	0.451316	0.0864684	0
3.64431	0.000831536	0.334308	0.0745063	0
3.6456	0.000813023	0.534893	0.0939873	0
3.64561	0.000837403	0.635186	0.10219	0
3.64551	0.000852592	0.484747	0.0926203	0
3.64483	0.000823127	0.58504	0.0980886	0
3.64518	0.000852136	0.601755	0.0994557	0
3.64556	0.000831471	0.384455	0.0796329	0
3.64451	0.000829581	0.551609	0.0953544	0
3.64444	0.000813349	0.284162	0.0686962	0
3.64497	0.000832645	0.284162	0.0686962	0
3.64514	0.000820259	0.317593	0.0724557	0
3.64574	0.000837338	0.434601	0.0847595	0
3.64577	0.000839555	0.518178	0.0926203	0
3.64576	0.00081726	0.501463	0.0909114	0
3.647	0.000829059	0.40117	0.0813418	0
3.64538	0.000840206	0.501463	0.0909114	0
3.64485	0.000835774	0.284162	0.0686962	0
3.64577	0.000828733	0.518178	0.0926203	0
3.64607	0.00083636	0.501463	0.0909114	0
3.64621	0.000803701	0.40117	0.0813418	0
3.64691	0.000855395	0.501463	0.0909114	0
3.64701	0.00089692	0.58504	0.0980886	0
3.64557	0.000853961	0.58504	0.0980886	0
3.64611	0.000839033	0.601755	0.0994557	0
3.64629	0.000831341	0.351024	0.0762152	0
3.64537	0.000819542	0.40117	0.0813418	0
3.64617	0.000819607	0.484747	0.0895443	0
3.64633	0.000809307	0.417885	0.0830506	0
3.646	0.000815174	0.40117	0.0813418	0
3.64596	0.000822866	0.417885	0.0830506	0
3.64626	0.000831993	0.367739	0.0779241	0
3.64568	0.000796857	0.367739	0.0779241	0
3.64561	0.00080833	0.367739	0.0779241	0
3.64536	0.000831471	0.417885	0.0830506	0
3.64553	0.000819477	0.384455	0.0796329	0
3.64647	0.000833362	0.484747	0.0895443	0
3.64579	0.000830102	0.451316	0.0864684	0
3.64578	0.000828799	0.384455	0.0796329	0
3.64576	0.000811328	0.384455	0.0796329	0
3.64694	0.000840858	0.468032	0.0878354	0
3.64693	0.000817391	0.317593	0.0724557	0
3.64765	0.000826713	0.40117	0.0813418	0
3.64784	0.000807352	0.434601	0.0847595	0
3.64615	0.000846269	0.40117	0.0813418	0
3.64627	0.000816283	0.384455	0.0796329	0
3.64693	0.000811589	0.317593	0.0724557	0
3.64587	0.000811263	0.417885	0.0830506	0
3.64566	0.00081889	0.351024	0.0762152	0
3.64719	0.000820585	0.451316	0.0864684	0
3.64688	0.000830037	0.317593	0.0724557	0
3.64586	0.000788773	0.334308	0.0745063	0
3.64689	0.000817065	0.351024	0.0762152	0
3.64778	0.000828016	0.300878	0.0707468	0
3.6469	0.000801224	0.468032	0.0878354	0
3.64669	0.000827299	0.434601	0.0847595	0
3.64662	0.000788838	0.250731	0.0645949	0
3.64653	0.000798225	0.351024	0.0762152	0
3.64651	0.000802984	0.501463	0.0909114	0
3.64745	0.000808264	0.334308	0.0745063	0
3.64733	0.000827495	0.367739	0.0816836	0
3.64664	0.000813936	0.317593	0.0724557	0
3.64622	0.000801746	0.317593	0.0724557	0
3.64699	0.000811915	0.40117	0.0813418	0
3.64758	0.000787209	0.250731	0.0645949	0
3.64768	0.000828538	0.501463	0.0939873	0
3.6467	0.000846464	0.40117	0.0813418	0
3.64618	0.000793988	0.250731	0.0645949	0
3.64804	0.000809503	0.484747	0.0895443	0
3.6485	0.00083786	0.417885	0.0830506	0
3.64653	0.000828929	0.451316	0.0864684	0
3.64584	0.000829059	0.367739	0.0779241	0
3.64725	0.000798421	0.351024	0.0762152	0
3.6481	0.000794314	0.284162	0.0686962	0
3.64677	0.000816413	0.40117	0.0813418	0
3.64754	0.00081889	0.384455	0.0796329	0
3.64778	0.000822866	0.417885	0.0830506	0
3.64772	0.000817456	0.317593	0.0724557	0
3.6472	0.00084842	0.367739	0.0779241	0
3.64761	0.000838186	0.300878	0.0707468	0
3.64818	0.000819803	0.351024	0.0762152	0
3.64879	0.00086061	0.434601	0.0847595	0
3.64816	0.000828147	0.334308	0.0745063	0
3.64769	0.000813153	0.300878	0.0707468	0
3.64771	0.000800116	0.334308	0.0745063	0
3.64914	0.000802658	0.434601	0.0847595	0
3.64911	0.000810611	0.300878	0.0707468	0
3.64831	0.000825148	0.484747	0.0926203	0
3.64891	0.00079288	0.334308	0.0745063	0
3.64847	0.000813284	0.384455	0.0796329	0
3.64878	0.000839555	0.367739	0.0779241	0
3.64845	0.000824561	0.367739	0.0779241	0
3.64805	0.000818955	0.417885	0.0830506	0
3.64888	0.000810481	0.384455	0.0796329	0
3.64976	0.000831862	0.384455	0.0796329	0
3.64975	0.000798877	0.40117	0.0813418	0
3.64981	0.000869541	0.468032	0.0878354	0
3.6502	0.000866999	0.501463	0.0939873	0
3.64911	0.000850506	0.551609	0.0984304	0
3.64832	0.000840663	0.284162	0.0686962	0
3.64956	0.000833297	0.351024	0.0762152	0
3.64951	0.000819803	0.284162	0.0686962	0
3.64831	0.000800572	0.267447	0.0666456	0
3.64846	0.000791055	0.40117	0.0813418	0
3.64888	0.000827886	0.300878	0.0707468	0
3.64814	0.000806374	0.367739	0.0779241	0
3.64818	0.000817717	0.384455	0.0796329	0
3.64913	0.000824496	0.40117	0.0813418	0
3.64997	0.000801159	0.284162	0.0686962	0
3.6493	0.000820194	0.334308	0.0745063	0
3.64951	0.000828929	0.384455	0.0796329	0
3.6492	0.000823388	0.300878	0.0707468	0
3.65003	0.000817717	0.384455	0.0796329	0
3.65	0.000792293	0.300878	0.0745063	0
3.64913	0.000813805	0.40117	0.0813418	0
3.65024	0.000822215	0.234016	0.0622025	0
3.64971	0.000839163	0.384455	0.0796329	0
3.64843	0.000821432	0.434601	0.0847595	0
3.64962	0.000795944	0.417885	0.0830506	0
3.64919	0.000769282	0.250731	0.0645949	0
3.65022	0.000801485	0.334308	0.0745063	0
3.65149	0.000832905	0.434601	0.0847595	0
3.65048	0.000809699	0.434601	0.0847595	0
3.64989	0.000828407	0.501463	0.0909114	0
3.65029	0.000815044	0.284162	0.0686962	0
3.65061	0.000823909	0.417885	0.0830506	0
3.65067	0.000821758	0.451316	0.0864684	0
3.65022	0.000800246	0.334308	0.0782658	0
3.65083	0.000801029	0.351024	0.0762152	0
3.65079	0.000822019	0.451316	0.0864684	0
3.64993	0.000808916	0.334308	0.0745063	0
3.64918	0.000796922	0.317593	0.0724557	0
3.65069	0.000828082	0.468032	0.0909114	0
3.65156	0.000828603	0.284162	0.0686962	0
3.65042	0.000773063	0.234016	0.0622025	0
3.65035	0.000769347	0.284162	0.0686962	0
3.6509	0.000797704	0.367739	0.0779241	0
3.64985	0.000814588	0.267447	0.0666456	0
3.65032	0.00080344	0.334308	0.0745063	0
3.64995	0.000780364	0.317593	0.0724557	0
3.65092	0.000788578	0.367739	0.0779241	0
3.6518	0.00083786	0.468032	0.0878354	0
3.65199	0.000811263	0.234016	0.0622025	0
3.65151	0.000798421	0.334308	0.0745063	0
3.65113	0.000800833	0.434601	0.0847595	0
3.64987	0.000791772	0.250731	0.0645949	0
3.65079	0.000807678	0.434601	0.0912532	0
3.65101	0.000798486	0.234016	0.0622025	0
3.65114	0.000777561	0.40117	0.0813418	0
3.6518	0.000833036	0.417885	0.0830506	0
3.65167	0.00080683	0.351024	0.0762152	0
3.65112	0.000792619	0.284162	0.0686962	0
3.65186	0.000811654	0.367739	0.0779241	0
3.65095	0.000776322	0.267447	0.0666456	0
3.65072	0.000791511	0.384455	0.0796329	0
3.65119	0.000798356	0.284162	0.0686962	0
3.6511	0.000778539	0.2173	0.0601519	0
3.65114	0.000778213	0.167154	0.0577595	0
3.65121	0.000786035	0.317593	0.0724557	0
3.65104	0.000757353	0.200585	0.0577595	0
3.6519	0.000780364	0.317593	0.0724557	0
3.65101	0.000777431	0.234016	0.0622025	0
3.65183	0.000778017	0.317593	0.0724557	0
3.65272	0.000805722	0.40117	0.0813418	0
3.6526	0.000799268	0.317593	0.0724557	0
3.65266	0.000790403	0.334308	0.0745063	0
3.65198	0.000789881	0.234016	0.0622025	0
3.65121	0.000799138	0.267447	0.0666456	0
3.65251	0.000809438	0.250731	0.0645949	0
3.65309	0.00077567	0.234016	0.0622025	0
3.65174	0.000797117	0.351024	0.0762152	0
3.6518	0.00080344	0.267447	0.0666456	0
3.65246	0.000795553	0.351024	0.0762152	0
3.65278	0.000792163	0.234016	0.0622025	0
3.65211	0.000794966	0.300878	0.0707468	0
3.65231	0.000810742	0.18387	0.0553671	0
3.65365	0.000797574	0.334308	0.0745063	0
3.65356	0.000800377	0.384455	0.0796329	0
3.65309	0.000815891	0.384455	0.0796329	0
3.6538	0.000815957	0.267447	0.0666456	0
3.65424	0.000845813	0.351024	0.0762152	0
3.65312	0.000776388	0.250731	0.0645949	0
3.6526	0.000783884	0.234016	0.0622025	0
3.65394	0.000790207	0.284162	0.0686962	0
3.65423	0.000798551	0.300878	0.0707468	0
3.65381	0.000785383	0.334308	0.0745063	0
3.65317	0.000823714	0.367739	0.0779241	0
3.65421	0.00082945	0.317593	0.0724557	0
3.65392	0.000816739	0.367739	0.0816836	0
3.65382	0.00079125	0.267447	0.0666456	0
3.65351	0.000782385	0.250731	0.0645949	0
3.6547	0.000808656	0.451316	0.0864684	0
3.6536	0.000770455	0.2173	0.0601519	0
3.65344	0.000787665	0.300878	0.0707468	0
3.65507	0.000773454	0.434601	0.0847595	0
3.65365	0.00078923	0.300878	0.0707468	0
3.65236	0.000746336	0.150439	0.0498987	0
3.65412	0.000774432	0.267447	0.0666456	0
3.65495	0.000799334	0.484747	0.0895443	0
3.65442	0.000806635	0.334308	0.0782658	0
3.65355	0.000800898	0.234016	0.0622025	0
3.65406	0.000783167	0.2173	0.0601519	0
3.65468	0.000785905	0.384455	0.0796329	0
3.65403	0.000795683	0.250731	0.0645949	0
3.65406	0.000798421	0.351024	0.0762152	0
3.65539	0.000786492	0.267447	0.0666456	0
3.65507	0.000766675	0.250731	0.0645949	0
3.654	0.000761329	0.200585	0.0577595	0
3.65446	0.000791511	0.334308	0.0745063	0
3.65455	0.000762111	0.2173	0.0601519	0
3.65488	0.00077202	0.334308	0.0745063	0
3.65425	0.000780168	0.250731	0.0645949	0
3.65414	0.000765957	0.300878	0.0707468	0
3.6549	0.000780755	0.317593	0.0724557	0
3.6553	0.00076524	0.250731	0.0645949	0
3.6563	0.00081198	0.284162	0.0686962	0
3.6559	0.00081713	0.300878	0.0707468	0
3.65516	0.00077717	0.317593	0.0724557	0
3.65596	0.000791576	0.367739	0.0779241	0
3.65513	0.000790664	0.267447	0.0666456	0
3.65574	0.000806244	0.317593	0.0724557	0
3.65549	0.000774562	0.2173	0.0601519	0
3.65454	0.00079125	0.267447	0.0666456	0
3.65547	0.00076146	0.284162	0.0686962	0
3.65546	0.000789881	0.351024	0.0762152	0
3.65435	0.000779712	0.2173	0.0601519	0
3.65507	0.000779973	0.250731	0.0645949	0
3.65572	0.000794705	0.267447	0.0666456	0
3.65504	0.000800442	0.284162	0.0686962	0
3.65564	0.00079979	0.300878	0.0707468	0
3.65688	0.000792945	0.284162	0.0686962	0
3.6567	0.000790338	0.18387	0.0553671	0
3.65645	0.000753767	0.167154	0.0526329	0
3.65606	0.000762242	0.317593	0.0724557	0
3.65585	0.000766218	0.234016	0.0622025	0
3.65632	0.000762372	0.2173	0.0601519	0
3.65611	0.000759895	0.367739	0.0779241	0
3.65458	0.000765697	0.267447	0.0666456	0
3.65537	0.000770781	0.167154	0.0526329	0
3.65677	0.000766479	0.250731	0.0645949	0
3.65627	0.000772933	0.334308	0.0745063	0
3.6569	0.000791055	0.351024	0.0762152	0
3.6574	0.000781798	0.200585	0.0577595	0
3.65681	0.000783102	0.334308	0.0745063	0
3.6579	0.000815109	0.40117	0.0813418	0
3.6581	0.000793662	0.234016	0.0622025	0
3.65744	0.000776322	0.367739	0.0779241	0
3.65677	0.000790729	0.334308	0.0745063	0
3.65617	0.000804223	0.250731	0.0645949	0
3.65735	0.000800181	0.317593	0.0724557	0
3.65797	0.000781798	0.284162	0.0686962	0
3.65738	0.000814783	0.367739	0.0779241	0
3.65673	0.00076322	0.0334308	0.0235823	0
3.65719	0.000798095	0.351024	0.0762152	0
3.6578	0.000804158	0.284162	0.0686962	0
3.65671	0.000769934	0.150439	0.0498987	0
3.65748	0.000788317	0.40117	0.0813418	0
3.65919	0.000779321	0.317593	0.0724557	0
3.65994	0.00080331	0.40117	0.0847595	0
3.65858	0.000787013	0.200585	0.0577595	0
3.65795	0.00077039	0.167154	0.0526329	0
3.65807	0.000797704	0.267447	0.0666456	0
3.65857	0.00079464	0.284162	0.0686962	0
3.65901	0.000788252	0.334308	0.0745063	0
3.6576	0.000794771	0.384455	0.0796329	0
3.65836	0.00076172	0.150439	0.0498987	0
3.65936	0.000765566	0.284162	0.0686962	0
3.65848	0.000744706	0.150439	0.0498987	0
3.65866	0.000764849	0.234016	0.0622025	0
3.65755	0.000767652	0.200585	0.0577595	0
3.65704	0.000765371	0.18387	0.0553671	0
3.65841	0.000785318	0.284162	0.0686962	0
3.65971	0.000772346	0.351024	0.0762152	0
3.65965	0.000785905	0.250731	0.0645949	0
3.65863	0.000796596	0.250731	0.0645949	0
3.65921	0.000782711	0.234016	0.0622025	0
3.66018	0.000800833	0.334308	0.0745063	0
3.65896	0.000806113	0.334308	0.0745063	0
3.65932	0.000789881	0.267447	0.0666456	0
3.66024	0.000803049	0.317593	0.0724557	0
3.65966	0.000774823	0.2173	0.0601519	0
3.65863	0.000749009	0.100293	0.0410127	0
3.66029	0.000767131	0.267447	0.0666456	0
3.66075	0.000798486	0.40117	0.0813418	0
3.65984	0.000812893	0.384455	0.0796329	0
3.65975	0.000790794	0.267447	0.0707468	0
3.65992	0.000786687	0.334308	0.0745063	0
3.66144	0.000823909	0.384455	0.0796329	0
3.66108	0.000776127	0.18387	0.0553671	0
3.65959	0.000779647	0.267447	0.0666456	0
3.6594	0.000806961	0.40117	0.0813418	0
3.66031	0.000776062	0.267447	0.0666456	0
3.65908	0.000769282	0.150439	0.0498987	0
3.65921	0.000746792	0.18387	0.0553671	0
3.66078	0.000748357	0.167154	0.0526329	0
3.65921	0.000761851	0.200585	0.0577595	0
3.65925	0.000764523	0.267447	0.0666456	0
3.66064	0.000754028	0.234016	0.0622025	0
3.6602	0.000758591	0.167154	0.0526329	0
3.6596	0.000760612	0.167154	0.0526329	0
3.6606	0.00075833	0.133723	0.0471646	0
3.6616	0.000789034	0.284162	0.0686962	0
3.66219	0.000771498	0.2173	0.0601519	0
3.6599	0.000755397	0.150439	0.0498987	0
3.66059	0.000749139	0.150439	0.0498987	0
3.6619	0.000770325	0.284162	0.0686962	0
3.66245	0.000784666	0.250731	0.0645949	0
3.66145	0.000787795	0.234016	0.0622025	0
3.66098	0.000780168	0.267447	0.0666456	0
3.66093	0.00077189	0.250731	0.0645949	0
3.66141	0.000774432	0.234016	0.0622025	0
3.66259	0.000787665	0.300878	0.0707468	0
3.66288	0.00079979	0.2173	0.0601519	0
3.66142	0.000793532	0.18387	0.0553671	0
3.66243	0.000767131	0.267447	0.0707468	0
3.66216	0.000752529	0.234016	0.0622025	0
3.66158	0.000772476	0.18387	0.0553671	0
3.66204	0.00075116	0.18387	0.0553671	0
3.66198	0.000749335	0.117008	0.0440886	0
3.66196	0.000762437	0.300878	0.0707468	0
3.66224	0.000769608	0.200585	0.0577595	0
3.66117	0.0007685	0.150439	0.0498987	0
3.66153	0.000755658	0.133723	0.0471646	0
3.66257	0.000776257	0.384455	0.0796329	0
3.66241	0.000749726	0.18387	0.0553671	0
3.66253	0.000767066	0.284162	0.0686962	0
3.66334	0.000770912	0.267447	0.0666456	0
3.66342	0.000759569	0.250731	0.0645949	0
3.66284	0.000767	0.200585	0.0577595	0
3.66283	0.000740273	0.200585	0.0577595	0
3.66365	0.000757483	0.250731	0.0645949	0
3.66414	0.000756375	0.167154	0.0526329	0
3.66374	0.000766479	0.284162	0.0686962	0
3.66229	0.00076348	0.167154	0.0526329	0
3.66239	0.000762242	0.2173	0.0601519	0
3.66306	0.000761916	0.2173	0.0601519	0
3.66354	0.000764654	0.284162	0.0686962	0
3.66316	0.000742555	0.133723	0.0471646	0
3.66377	0.000758265	0.267447	0.0666456	0
3.66344	0.000765697	0.250731	0.0645949	0
3.66386	0.000740339	0.117008	0.0440886	0
3.66293	0.000773976	0.250731	0.0645949	0
3.66344	0.00077893	0.234016	0.0622025	0
3.66315	0.000745488	0.200585	0.0577595	0
3.66409	0.000771368	0.234016	0.0622025	0
3.6649	0.000771694	0.2173	0.0601519	0
3.66442	0.000755919	0.250731	0.0645949	0
3.66419	0.000750834	0.150439	0.0498987	0
3.66377	0.00076687	0.18387	0.0553671	0
3.66377	0.000763806	0.133723	0.0471646	0
3.66429	0.000793141	0.300878	0.0707468	0
3.66583	0.000785058	0.18387	0.0553671	0
3.66503	0.000796726	0.384455	0.0796329	0
3.66445	0.00079627	0.250731	0.0645949	0
3.66553	0.000784666	0.284162	0.0686962	0
3.66566	0.000767848	0.250731	0.0645949	0
3.66469	0.00078936	0.300878	0.0707468	0
3.66532	0.000767326	0.150439	0.0498987	0
3.66486	0.000756179	0.18387	0.0553671	0
3.66537	0.000767392	0.2173	0.0601519	0
3.66528	0.000765566	0.267447	0.0666456	0
3.66523	0.00079816	0.2173	0.0601519	0
3.66488	0.000768109	0.284162	0.0686962	0
3.66527	0.000784406	0.284162	0.0686962	0
3.66526	0.000794053	0.250731	0.0645949	0
3.66488	0.000761655	0.317593	0.0724557	0
3.66522	0.000754876	0.234016	0.0622025	0
3.6655	0.00074425	0.200585	0.0577595	0
3.6666	0.000774302	0.200585	0.0577595	0
3.66605	0.000755201	0.334308	0.0745063	0
3.66494	0.00076159	0.167154	0.0526329	0
3.66585	0.000866151	0.18387	0.0553671	0
3.6665	0.000839815	0.2173	0.0601519	0
3.66595	0.000779125	0.167154	0.0526329	0
3.66552	0.000769608	0.2173	0.0601519	0
3.66615	0.000767066	0.2173	0.0601519	0
3.6671	0.000769217	0.18387	0.0553671	0
3.6665	0.00076498	0.200585	0.0577595	0
3.66703	0.000777756	0.284162	0.0686962	0
3.66733	0.000786035	0.234016	0.0622025	0
3.6667	0.000785905	0.250731	0.0645949	0
3.66698	0.000767848	0.18387	0.0553671	0
3.66815	0.000772085	0.18387	0.0553671	0
3.66726	0.000754224	0.250731	0.0645949	0
3.66709	0.000773193	0.200585	0.0577595	0
3.66739	0.000755788	0.2173	0.0601519	0
3.66682	0.000755853	0.200585	0.0577595	0
3.66816	0.000758526	0.2173	0.0601519	0
3.66776	0.000746923	0.234016	0.0622025	0
3.66633	0.000753181	0.250731	0.0645949	0
3.66717	0.000738253	0.200585	0.0577595	0
3.66689	0.000774823	0.200585	0.0577595	0
3.66656	0.000770977	0.267447	0.0666456	0
3.66715	0.000744445	0.150439	0.0498987	0
3.66707	0.000736036	0.150439	0.0498987	0
3.6674	0.000752398	0.150439	0.0498987	0
3.66741	0.000747574	0.18387	0.0553671	0
3.66918	0.000787926	0.284162	0.0686962	0
3.66827	0.0007582	0.200585	0.0577595	0
3.66805	0.000740143	0.133723	0.0471646	0
3.66781	0.00076146	0.150439	0.0498987	0
3.66851	0.000776909	0.250731	0.0645949	0
3.66851	0.000738383	0.18387	0.0553671	0
3.66805	0.000734341	0.18387	0.0553671	0
3.66856	0.000743011	0.150439	0.0498987	0
3.66871	0.000769934	0.234016	0.0622025	0
3.66949	0.000747574	0.133723	0.0471646	0
3.66888	0.000776648	0.317593	0.0724557	0
3.66882	0.000770521	0.2173	0.0601519	0
3.66849	0.000783884	0.234016	0.0622025	0
3.66895	0.000791316	0.18387	0.0553671	0
3.66877	0.000749009	0.100293	0.0410127	0
3.66887	0.000776974	0.2173	0.0601519	0
3.67012	0.000749009	0.200585	0.0577595	0
3.67025	0.000780494	0.267447	0.0666456	0
3.6691	0.000773259	0.250731	0.0645949	0
3.66872	0.000757744	0.200585	0.0577595	0
3.66901	0.000743533	0.133723	0.0471646	0
3.66938	0.000741186	0.167154	0.0526329	0
3.67054	0.000756049	0.150439	0.0498987	0
3.66986	0.000751421	0.18387	0.0553671	0
3.66996	0.000744771	0.234016	0.0622025	0
3.67004	0.00076524	0.167154	0.0526329	0
3.67031	0.000776844	0.250731	0.0645949	0
3.66979	0.000784536	0.200585	0.0577595	0
3.67067	0.000755593	0.234016	0.0622025	0
3.67138	0.00077378	0.2173	0.0601519	0
3.6707	0.00075481	0.284162	0.0686962	0
3.67056	0.000745163	0.300878	0.0707468	0
3.67037	0.000752203	0.200585	0.0577595	0
3.66969	0.000759113	0.234016	0.0622025	0
3.66999	0.000763676	0.150439	0.0498987	0
3.67112	0.000737992	0.150439	0.0498987	0
3.67043	0.000739165	0.167154	0.0526329	0
3.67051	0.000751812	0.150439	0.0498987	0
3.67095	0.00075631	0.2173	0.0601519	0
3.67111	0.000736753	0.100293	0.0410127	0
3.67135	0.000759634	0.18387	0.0553671	0
3.67179	0.000784992	0.200585	0.0577595	0
3.67058	0.000732842	0.150439	0.0498987	0
3.67137	0.0007479	0.133723	0.0471646	0
3.67195	0.000741186	0.234016	0.0622025	0
3.6723	0.000768891	0.300878	0.0707468	0
3.67284	0.000775736	0.234016	0.0666456	0
3.67219	0.000750378	0.267447	0.0666456	0
3.67115	0.000761134	0.334308	0.0745063	0
3.67203	0.000772998	0.250731	0.0645949	0
3.672	0.000773259	0.18387	0.0553671	0
3.67129	0.000743468	0.150439	0.0498987	0
3.67172	0.000742816	0.133723	0.0471646	0
3.67294	0.000755853	0.200585	0.0577595	0
3.67287	0.000750899	0.167154	0.0526329	0
3.67287	0.000778799	0.200585	0.0577595	0
3.67353	0.000771629	0.300878	0.0707468	0
3.6732	0.000764589	0.100293	0.0410127	0
3.67233	0.000761068	0.117008	0.0440886	0
3.67281	0.000763024	0.200585	0.0577595	0
3.67359	0.000780234	0.250731	0.0645949	0
3.6738	0.000768956	0.2173	0.0601519	0
3.67375	0.000750508	0.284162	0.0686962	0
3.67411	0.000785058	0.351024	0.0762152	0
3.67326	0.000761264	0.167154	0.0526329	0
3.67304	0.000739817	0.18387	0.0553671	0
3.67382	0.000739622	0.100293	0.0410127	0
3.67463	0.000749009	0.150439	0.0498987	0
3.67445	0.000753833	0.200585	0.0577595	0
3.67371	0.000737601	0.234016	0.0622025	0
3.67343	0.000757157	0.117008	0.0440886	0
3.67362	0.000763089	0.167154	0.0526329	0
3.67482	0.000788252	0.167154	0.0526329	0
3.67403	0.000787144	0.150439	0.0498987	0
3.67286	0.000748226	0.150439	0.0498987	0
3.67355	0.000740599	0.133723	0.0471646	0
3.67395	0.000739035	0.100293	0.0410127	0
3.67421	0.000725802	0.150439	0.0498987	0
3.67375	0.000739426	0.117008	0.0440886	0
3.67295	0.000735645	0.133723	0.0471646	0
3.67531	0.000740013	0.18387	0.0601519	0
3.67584	0.00075807	0.2173	0.0601519	0
3.67433	0.000756962	0.133723	0.0471646	0
3.67469	0.000754354	0.267447	0.0666456	0
3.67535	0.000744511	0.18387	0.0553671	0
3.67533	0.000748096	0.200585	0.0577595	0
3.67527	0.000777626	0.18387	0.0553671	0
3.67499	0.000766935	0.150439	0.0498987	0
3.6751	0.000749204	0.300878	0.0707468	0
3.67452	0.000769086	0.2173	0.0601519	0
3.67496	0.000761785	0.167154	0.0526329	0
3.67465	0.000737861	0.100293	0.0410127	0
3.67532	0.000768435	0.200585	0.0577595	0
3.67528	0.000759634	0.2173	0.0601519	0
3.67564	0.000762111	0.167154	0.0526329	0
3.67607	0.000751421	0.150439	0.0498987	0
3.67607	0.000728344	0.133723	0.0471646	0
3.675	0.000724498	0.150439	0.0498987	0
3.67515	0.000746857	0.18387	0.0601519	0
3.67557	0.000731929	0.2173	0.0601519	0
3.67517	0.000738448	0.18387	0.0553671	0
3.67683	0.000770129	0.300878	0.0707468	0
3.67613	0.000760025	0.167154	0.0526329	0
3.67438	0.000751225	0.0835771	0.0372532	0
3.67534	0.0007303	0.18387	0.0553671	0
3.67744	0.000746792	0.200585	0.0577595	0
3.67702	0.000763676	0.267447	0.0666456	0
3.67563	0.000763937	0.150439	0.0498987	0
3.67572	0.000731538	0.167154	0.0526329	0
3.67704	0.000751812	0.234016	0.0622025	0
3.67735	0.000767131	0.100293	0.0410127	0
3.67718	0.000753376	0.150439	0.0498987	0
3.67827	0.000747379	0.167154	0.0526329	0
3.67725	0.000751355	0.200585	0.0577595	0
3.67714	0.000754745	0.0835771	0.0372532	0
3.67702	0.00077541	0.250731	0.0645949	0
3.67777	0.000721825	0.133723	0.0471646	0
3.67755	0.000759634	0.250731	0.0645949	0
3.67763	0.000780103	0.18387	0.0553671	0
3.67889	0.000757222	0.200585	0.0577595	0
3.67816	0.000736232	0.100293	0.0410127	0
3.67856	0.000744771	0.234016	0.0622025	0
3.67934	0.000767718	0.267447	0.0666456	0
3.6788	0.000782841	0.167154	0.0526329	0
3.67828	0.000778995	0.2173	0.0601519	0
3.67828	0.00074588	0.167154	0.0526329	0
3.67887	0.000755267	0.150439	0.0498987	0
3.67905	0.000760547	0.300878	0.0707468	0
3.67903	0.000749009	0.100293	0.0410127	0
3.67865	0.000724759	0.150439	0.0498987	0
3.67872	0.000736493	0.117008	0.0440886	0
3.67866	0.000731929	0.150439	0.0498987	0
3.67793	0.000774627	0.150439	0.0498987	0
3.6787	0.000745163	0.150439	0.0498987	0
3.67865	0.000747249	0.133723	0.0471646	0
3.67949	0.000753702	0.2173	0.0601519	0
3.67951	0.000771564	0.117008	0.0440886	0
3.67902	0.000731212	0.133723	0.0471646	0
3.67938	0.000731734	0.133723	0.0471646	0
3.67978	0.000757353	0.2173	0.0601519	0
3.67947	0.000740143	0.117008	0.0440886	0
3.67878	0.00075292	0.117008	0.0440886	0
3.67879	0.000740991	0.0835771	0.0372532	0
3.67905	0.000723259	0.133723	0.0471646	0
3.67955	0.000738057	0.18387	0.0553671	0
3.6799	0.000721304	0.150439	0.0498987	0
3.68039	0.000734276	0.133723	0.0471646	0
3.67954	0.000753963	0.150439	0.0498987	0
3.68066	0.000750182	0.2173	0.0601519	0
3.68144	0.000734863	0.150439	0.0498987	0
3.68046	0.000737601	0.18387	0.0553671	0
3.68048	0.000745488	0.18387	0.0601519	0
3.6807	0.000725411	0.100293	0.0410127	0
3.68064	0.000730952	0.0835771	0.0372532	0
3.68162	0.000772411	0.317593	0.0762152	0
3.68211	0.000750638	0.234016	0.0622025	0
3.68104	0.000790142	0.300878	0.0707468	0
3.68197	0.000776257	0.167154	0.0526329	0
3.6806	0.00075657	0.117008	0.0440886	0
3.68035	0.000741121	0.133723	0.0471646	0
3.68176	0.000752464	0.200585	0.0577595	0
3.6817	0.000758461	0.167154	0.0526329	0
3.68138	0.000759048	0.18387	0.0553671	0
3.68183	0.000730821	0.0668617	0.0334937	0
3.68122	0.000715176	0.117008	0.0440886	0
3.68097	0.000747249	0.100293	0.0410127	0
3.6817	0.000756244	0.2173	0.0601519	0
3.68164	0.000746792	0.0835771	0.0372532	0
3.68156	0.00073382	0.18387	0.0553671	0
3.68257	0.00074953	0.200585	0.0577595	0
3.68237	0.000773454	0.133723	0.0471646	0
3.68162	0.000757809	0.167154	0.0526329	0
3.68257	0.000733168	0.133723	0.0471646	0
3.68243	0.000726649	0.0668617	0.0334937	0
3.68128	0.000734993	0.133723	0.0471646	0
3.68173	0.000746206	0.200585	0.0577595	0
3.68267	0.000760742	0.234016	0.0622025	0
3.68156	0.000743207	0.0835771	0.0372532	0
3.68252	0.000729257	0.0835771	0.0440886	0
3.68305	0.000725215	0.18387	0.0553671	0
3.68358	0.000740143	0.150439	0.0498987	0
3.68412	0.000790533	0.334308	0.0745063	0
3.68418	0.000765436	0.18387	0.0553671	0
0	0	0	0	0
0	0	0	0	0
0	0	0	0	0
0	0	0	0	0
0	0	0	0	0
0	0	0	0	0
0	0	0	0	0
0	0	0	0	0
0	0	0	0	0
0	0	0	0	0
0	0	0	0	0
0	0	0	0	0
0	0	0	0	0
0	0	0	0	0
0	0	0	0	0
0	0	0	0	0
0	0	0	0	0
0	0	0	0	0
0	0	0	0	0
0	0	0	0	0
0	0	0	0	0
0	0	0	0	0
0	0	0	0	0
0	0	0	0	0
0	0	0	0	0
0	0	0	0	0
0	0	0	0	0
0	0	0	0	0
0	0	0	0	0
0	0	0	0	0
0	0	0	0	0
0	0	0	0	0
0	0	0	0	0
0	0	0	0	0
0	0	0	0	0
0	0	0	0	0
0	0	0	0	0
0	0	0	0	0
0	0	0	0	0
0	0	0	0	0
0	0	0	0	0
0	0	0	0	0
0	0	0	0	0
0	0	0	0	0
0	0	0	0	0
0	0	0	0	0
0	0	0	0	0
0	0	0	0	0
0	0	0	0	0
0	0	0	0	0
0	0	0	0	0
0	0	0	0	0
0	0	0	0	0
0	0	0	0	0
0	0	0	0	0
0	0	0	0	0
0	0	0	0	0
0	0	0	0	0
0	0	0	0	0
0	0	0	0	0
0	0	0	0	0
0	0	0	0	0
0	0	0	0	0
0	0	0	0	0
0	0	0	0	0
0	0	0	0	0
0	0	0	0	0
0	0	0	0	0
0	0	0	0	0
0	0	0	0	0
0	0	0	0	0
0	0	0	0	0
0	0	0	0	0
0	0	0	0	0
0	0	0	0	0
0	0	0	0	0
0	0	0	0	0
0	0	0	0	0
0	0	0	0	0
0	0	0	0	0
0	0	0	0	0
0	0	0	0	0
0	0	0	0	0
0	0	0	0	0
0	0	0	0	0
0	0	0	0	0
0	0	0	0	0
0	0	0	0	0
0	0	0	0	0
0	0	0	0	0
0	0	0	0	0
0	0	0	0	0
0	0	0	0	0
0	0	0	0	0
0	0	0	0	0
0	0	0	0	0
0	0	0	0	0
0	0	0	0	0
0	0	0	0	0
0	0	0	0	0
0	0	0	0	0
0	0	0	0	0
0	0	0	0	0
0	0	0	0	0
0	0	0	0	0
0	0	0	0	0
0	0	0	0	0
0	0	0	0	0
0	0	0	0	0
0	0	0	0	0
0	0	0	0	0
0	0	0	0	0
0	0	0	0	0
0	0	0	0	0
0	0	0	0	0
0	0	0	0	0
0	0	0	0	0
0	0	0	0	0
0	0	0	0	0
0	0	0	0	0
0	0	0	0	0
0	0	0	0	0
0	0	0	0	0
0	0	0	0	0
0	0	0	0	0
0	0	0	0	0
0	0	0	0	0
0	0	0	0	0
0	0	0	0	0
0	0	0	0	0
0	0	0	0	0
0	0	0	0	0
0	0	0	0	0
0	0	0	0	0
0	0	0	0	0
0	0	0	0	0
0	0	0	0	0
0	0	0	0	0
0	0	0	0	0
0	0	0	0	0
0	0	0	0	0
0	0	0	0	0
0	0	0	0	0
0	0	0	0	0
0	0	0	0	0
0	0	0	0	0
0	0	0	0	0
0	0	0	0	0
0	0	0	0	0
0	0	0	0	0
0	0	0	0	0
0	0	0	0	0
0	0	0	0	0
0	0	0	0	0
0	0	0	0	0
0	0	0	0	0
0	0	0	0	0
0	0	0	0	0
0	0	0	0	0
0	0	0	0	0
0	0	0	0	0
0	0	0	0	0
0	0	0	0	0
0	0	0	0	0
0	0	0	0	0
0	0	0	0	0
0	0	0	0	0
0	0	0	0	0
0	0	0	0	0
0	0	0	0	0
0	0	0	0	0
0	0	0	0	0
0	0	0	0	0
0	0	0	0	0
0	0	0	0	0
0	0	0	0	0
0	0	0	0	0
0	0	0	0	0
0	0	0	0	0
0	0	0	0	0
0	0	0	0	0
0	0	0	0	0
0	0	0	0	0
0	0	0	0	0
0	0	0	0	0
0	0	0	0	0
0	0	0	0	0
0	0	0	0	0
0	0	0	0	0
0	0	0	0	0
0	0	0	0	0
0	0	0	0	0
0	0	0	0	0
0	0	0	0	0
0	0	0	0	0
0	0	0	0	0
0	0	0	0	0
0	0	0	0	0
0	0	0	0	0
0	0	0	0	0
0	0	0	0	0
0	0	0	0	0
0	0	0	0	0
0	0	0	0	0
0	0	0	0	0
0	0	0	0	0
0	0	0	0	0
0	0	0	0	0
0	0	0	0	0
0	0	0	0	0
0	0	0	0	0
0	0	0	0	0
0	0	0	0	0
0	0	0	0	0
0	0	0	0	0
0	0	0	0	0
0	0	0	0	0
0	0	0	0	0
0	0	0	0	0
0	0	0	0	0
0	0	0	0	0
0	0	0	0	0
0	0	0	0	0
0	0	0	0	0
0	0	0	0	0
0	0	0	0	0
0	0	0	0	0
0	0	0	0	0
0	0	0	0	0
0	0	0	0	0
0	0	0	0	0
0	0	0	0	0
0	0	0	0	0
0	0	0	0	0
0	0	0	0	0
0	0	0	0	0
0	0	0	0	0
0	0	0	0	0
0	0	0	0	0
0	0	0	0	0
0	0	0	0	0
0	0	0	0	0
0	0	0	0	0
0	0	0	0	0
0	0	0	0	0
0	0	0	0	0
0	0	0	0	0
0	0	0	0	0
0	0	0	0	0
0	0	0	0	0
0	0	0	0	0
0	0	0	0	0
0	0	0	0	0
0	0	0	0	0
0	0	0	0	0
0	0	0	0	0
0	0	0	0	0
0	0	0	0	0
0	0	0	0	0
0	0	0	0	0
0	0	0	0	0
0	0	0	0	0
0	0	0	0	0
0	0	0	0	0
0	0	0	0	0
0	0	0	0	0
0	0	0	0	0
0	0	0	0	0
0	0	0	0	0
0	0	0	0	0
0	0	0	0	0
0	0	0	0	0
0	0	0	0	0
0	0	0	0	0
0	0	0	0	0
0	0	0	0	0
0	0	0	0	0
0	0	0	0	0
0	0	0	0	0
0	0	0	0	0
0	0	0	0	0
0	0	0	0	0
0	0	0	0	0
0	0	0	0	0
0	0	0	0	0
0	0	0	0	0
0	0	0	0	0
0	0	0	0	0
0	0	0	0	0
0	0	0	0	0
0	0	0	0	0
0	0	0	0	0
0	0	0	0	0
0	0	0	0	0
0	0	0	0	0
0	0	0	0	0
0	0	0	0	0
0	0	0	0	0
0	0	0	0	0
0	0	0	0	0
0	0	0	0	0
0	0	0	0	0
0	0	0	0	0
0	0	0	0	0
0	0	0	0	0
0	0	0	0	0
0	0	0	0	0
0	0	0	0	0
0	0	0	0	0
0	0	0	0	0
0	0	0	0	0
0	0	0	0	0
0	0	0	0	0
0	0	0	0	0
0	0	0	0	0
0	0	0	0	0
0	0	0	0	0
0	0	0	0	0
0	0	0	0	0
0	0	0	0	0
0	0	0	0	0
0	0	0	0	0
0	0	0	0	0
0	0	0	0	0
0	0	0	0	0
0	0	0	0	0
0	0	0	0	0
0	0	0	0	0
0	0	0	0	0
0	0	0	0	0
0	0	0	0	0
0	0	0	0	0
0	0	0	0	0
0	0	0	0	0
0	0	0	0	0
0	0	0	0	0
0	0	0	0	0
0	0	0	0	0
0	0	0	0	0
0	0	0	0	0
0	0	0	0	0
0	0	0	0	0
0	0	0	0	0
0	0	0	0	0
0	0	0	0	0
0	0	0	0	0
0	0	0	0	0
0	0	0	0	0
0	0	0	0	0
0	0	0	0	0
0	0	0	0	0
0	0	0	0	0
0	0	0	0	0
0	0	0	0	0
0	0	0	0	0
0	0	0	0	0
0	0	0	0	0
0	0	0	0	0
0	0	0	0	0
0	0	0	0	0
0	0	0	0	0
0	0	0	0	0
0	0	0	0	0
0	0	0	0	0
0	0	0	0	0
0	0	0	0	0
0	0	0	0	0
0	0	0	0	0
0	0	0	0	0
0	0	0	0	0
0	0	0	0	0
0	0	0	0	0
0	0	0	0	0
0	0	0	0	0
0	0	0	0	0
0	0	0	0	0
0	0	0	0	0
0	0	0	0	0
0	0	0	0	0
0	0	0	0	0
0	0	0	0	0
0	0	0	0	0
0	0	0	0	0
0	0	0	0	0
0	0	0	0	0
0	0	0	0	0
0	0	0	0	0
0	0	0	0	0
0	0	0	0	0
0	0	0	0	0
0	0	0	0	0
0	0	0	0	0
0	0	0	0	0
0	0	0	0	0
0	0	0	0	0
0	0	0	0	0
0	0	0	0	0
0	0	0	0	0
0	0	0	0	0
0	0	0	0	0
