a2610709.350167
Narit-cm 07/01/2026 09:05:02 07/01/2026 09:35:01 0045 0013.384714 0052.542598 00.0 00.0
0002398 0010 0000000 0010 05 0000000 0010 0000000 0010
1 0 1 01600 1 0000 3.75 00000.o 0 0 01 000 16 002398 0.500 BT0
1 2 1 02000 1 0000 3.75 00000.o 0 0 01 000 16 002398 0.500 S2A0
1 1 1 01600 1 0000 3.75 00000.o 0 0 00 000 00 002398 3.1746 BC0
1 3 1 02000 1 0000 3.75 00000.o 0 0 00 000 00 002398 3.1746 S2P0
1 5 0 01600 0 0000 1.00 00000.o 0 0 00 000 00 000000 0.000 OF0
0.000 .o Analog 0 	0.000 .o Analog StErr 0 	0.000 .o Photon Counting 0 	0.000 .o PC StErr 0 	0.000 .o Overflow Info 0 
36.1188	0.167103	177.531	0.838472	0
70.894	0.31451	188.674	0.86164	0
223.329	1.7802	112.027	1.33454	0
466.615	0.386026	0.817348	0.117883	0
473.468	0.00148437	1.00083	0.129808	0
473.457	0	70.1585	1.13693	0
473.457	0	112.894	1.1417	0
473.457	1.10473E-5	17.6814	0.591462	0
473.457	0	4.08674	0.2712	0
473.457	0	13.7781	0.465742	0
473.457	0	42.5188	0.776464	0
473.457	0	98.6656	0.957718	0
473.457	6.36844E-6	132.077	0.947156	0
473.457	0	97.181	0.921603	0
473.457	0	72.2936	0.82791	0
473.457	0	72.8274	0.846308	0
473.457	0	83.7198	0.867091	0
473.457	6.36844E-6	95.2627	0.868794	0
473.457	0	105.888	0.914108	0
473.457	0	111.193	0.88106	0
473.457	6.36844E-6	130.209	0.910019	0
473.457	6.36844E-6	152.444	0.886511	0
473.457	0	171.159	0.883104	0
473.457	0	183.686	0.900139	0
473.457	0	192.661	0.876631	0
473.469	0.0073586	195.53	0.88583	0
484.607	0.243166	195.146	0.87629	1
499.605	0.0622567	195.363	0.880719	1
499.979	0.0150789	194.479	0.880038	1
500	0	193.795	0.891962	1
500	0	191.593	0.868454	1
500	0	192.894	0.876631	1
500	0	191.276	0.848693	1
497.906	0.0889467	191.776	0.856529	1
473.539	0.259514	191.576	0.874246	1
442.086	0.260303	191.093	0.877312	1
412.635	0.2584	190.425	0.869135	0
384.507	0.250344	190.192	0.840516	0
358.444	0.243432	189.074	0.828932	0
333.77	0.23757	189.875	0.828591	0
310.347	0.230724	188.874	0.860277	0
288.173	0.22716	189.291	0.876631	0
266.97	0.223876	188.757	0.845626	0
246.668	0.223395	188.207	0.868454	0
226.942	0.230335	188.19	0.86164	0
207.416	0.236684	188.107	0.883785	0
188.298	0.238944	187.189	0.853122	0
169.737	0.242804	186.005	0.851759	0
151.557	0.24993	187.006	0.836087	0
133.811	0.256998	187.156	0.857551	0
116.4	0.263512	186.939	0.857551	0
99.6171	0.266356	186.989	0.882763	0
84.4269	0.260466	186.656	0.883104	0
71.2357	0.248464	187.857	0.871861	0
60.0907	0.232668	187.973	0.853463	0
51.1771	0.211474	187.056	0.843242	0
44.2449	0.186762	187.373	0.835065	0
38.9007	0.161559	186.072	0.830636	0
34.9389	0.135535	184.704	0.884126	0
31.9246	0.112175	184.737	0.841538	0
29.5484	0.091978	184.921	0.860958	0
27.8131	0.0760471	181.585	0.854144	0
26.4963	0.0650081	180.15	0.848693	0
25.397	0.0562011	179.066	0.826206	0
24.5346	0.0492714	179.349	0.824844	0
23.8778	0.0431043	177.598	0.843582	0
23.2849	0.0386524	176.714	0.850737	0
22.7245	0.0364086	177.148	0.858573	0
22.3127	0.0341643	175.78	0.849715	0
21.9829	0.0327058	174.662	0.85721	0
21.6655	0.031578	174.462	0.852781	0
21.4211	0.0309899	174.679	0.820755	0
21.1885	0.030241	174.579	0.819052	0
20.891	0.0301042	174.078	0.856529	0
20.6889	0.0293411	174.812	0.841538	0
20.5864	0.0296804	173.061	0.849374	0
20.3923	0.0294085	171.743	0.857551	0
20.1818	0.0292034	172.027	0.862321	0
20.0672	0.0288657	171.476	0.85721	0
19.9263	0.0288241	169.758	0.839835	0
19.8386	0.0291704	170.992	0.833361	0
19.7893	0.0290808	169.625	0.841197	0
19.6359	0.0287335	169.008	0.829613	0
19.5056	0.0282683	170.158	0.849715	0
19.4613	0.0280716	168.524	0.83779	0
19.3446	0.0286837	169.925	0.835065	0
19.251	0.0280533	171.343	0.852781	0
19.2073	0.0280734	169.641	0.850056	0
19.0575	0.0282227	168.207	0.863002	0
18.9516	0.0283167	169.575	0.840175	0
18.9097	0.0280064	168.374	0.83268	0
18.8201	0.0278995	169.058	0.835746	0
18.7703	0.0274797	169.725	0.834724	0
18.7457	0.0276656	168.757	0.828591	0
18.6815	0.0278774	170.776	0.829954	0
18.5883	0.0276494	169.541	0.82314	0
18.5112	0.0270328	167.523	0.83745	0
18.4768	0.0280548	169.341	0.828591	0
18.4165	0.0277619	168.691	0.844604	0
18.2803	0.0267015	167.64	0.851078	0
18.2061	0.0272123	166.972	0.849715	0
18.1603	0.0265044	167.79	0.840516	0
18.063	0.0270319	168.39	0.839153	0
18.0112	0.0267747	167.94	0.842901	0
17.9687	0.0266011	166.606	0.830295	0
17.9207	0.0265491	166.589	0.851759	0
17.8678	0.026752	167.306	0.856188	0
17.7888	0.0257697	166.072	0.843582	0
17.7302	0.0257247	165.838	0.839153	0
17.6658	0.026478	166.205	0.833702	0
17.5889	0.0265768	165.271	0.850396	0
17.5534	0.0263506	166.055	0.83302	0
17.4935	0.027	166.706	0.84733	0
17.4272	0.0258786	166.472	0.844945	0
17.408	0.0267159	166.639	0.821777	0
17.3552	0.0265171	164.821	0.828251	0
17.3015	0.0264831	165.721	0.834383	0
17.2513	0.0260998	166.172	0.835065	0
17.1967	0.0263287	166.856	0.83268	0
17.1416	0.0252832	165.555	0.853463	0
17.0574	0.0258889	165.655	0.840516	0
16.9664	0.0255376	166.956	0.8521	0
16.8759	0.0252709	164.337	0.838131	0
16.7311	0.0247317	165.154	0.846649	0
16.6724	0.0245948	165.304	0.841197	0
16.6944	0.0258763	164.654	0.831658	0
16.6241	0.0257893	164.854	0.84733	0
16.5208	0.0256317	164.137	0.825184	0
16.5125	0.0250401	164.854	0.857892	0
16.53	0.0248931	164.854	0.827228	0
16.4935	0.024797	165.254	0.876631	0
16.4297	0.0247356	162.752	0.816326	0
16.3941	0.024153	165.588	0.845967	0
16.3771	0.0239882	163.953	0.828932	0
16.3056	0.0246873	163.736	0.845626	0
16.2368	0.0247832	162.702	0.836768	0
16.2262	0.0243754	163.303	0.834043	0
16.2058	0.0240344	163.92	0.829613	0
16.1681	0.0244594	162.952	0.835405	0
16.1106	0.0244013	163.586	0.843582	0
16.0784	0.0248754	163.937	0.84256	0
16.0544	0.023858	163.52	0.843242	0
15.9747	0.0245729	162.869	0.805423	0
15.9237	0.0240359	164.087	0.860958	0
15.9139	0.0244472	163.47	0.829273	0
15.9081	0.0237207	163.186	0.811897	0
15.8639	0.0241732	162.736	0.824503	0
15.8064	0.0241744	164.07	0.845626	0
15.7981	0.0236854	162.219	0.825184	0
15.7404	0.0238041	162.736	0.836768	0
15.665	0.0234746	160.584	0.827228	0
15.6261	0.0232793	161.268	0.823821	0
15.5875	0.023187	160.667	0.834383	0
15.5557	0.0232799	162.619	0.83302	0
15.5197	0.0234193	161.351	0.842219	0
15.453	0.0229741	160.801	0.83268	0
15.3843	0.0231958	162.269	0.836427	0
15.3671	0.0234841	161.785	0.864706	0
15.337	0.0232397	162.569	0.865387	0
15.2648	0.0225831	159.716	0.799631	0
15.1573	0.0231263	162.452	0.867091	0
15.0794	0.0226782	161.034	0.83745	0
14.9883	0.0225567	159.416	0.855848	0
14.8398	0.0225294	159.9	0.821096	0
14.7573	0.0219085	160.634	0.852441	0
14.763	0.0220012	161.968	0.835065	0
14.7462	0.0216995	159.883	0.829954	0
14.6787	0.0222222	159.65	0.822118	0
14.6149	0.0221581	159.533	0.839835	0
14.5642	0.0227588	160.534	0.830636	0
14.5356	0.0220294	158.565	0.84256	0
14.497	0.0218759	160	0.84733	0
14.4564	0.0223336	158.716	0.846989	0
14.396	0.0218863	160.867	0.843242	0
14.34	0.0214341	158.766	0.814963	0
14.3067	0.021452	157.498	0.83302	0
14.2773	0.0215102	159.983	0.841197	0
14.2242	0.0213316	158.916	0.84256	0
14.1943	0.0214538	158.766	0.836768	0
14.1645	0.022148	157.965	0.828591	0
14.093	0.0220094	158.716	0.839494	0
14.0496	0.0214375	158.399	0.835065	0
14.0142	0.021226	157.998	0.81326	0
13.9596	0.0209905	156.931	0.836087	0
13.9217	0.0213994	157.882	0.839835	0
13.9141	0.0211434	157.498	0.828591	0
13.8833	0.0208238	158.732	0.838472	0
13.7955	0.0213363	158.182	0.851759	0
13.7415	0.0209095	157.698	0.832339	0
13.7254	0.0208878	156.514	0.843582	0
13.7062	0.0206079	158.349	0.815985	0
13.6817	0.0209949	157.364	0.848011	0
13.6039	0.0208022	157.348	0.839494	0
13.5334	0.0208991	155.963	0.815645	0
13.4947	0.0208093	155.113	0.834043	0
13.4147	0.0208804	155.913	0.843923	0
13.3529	0.0206662	155.897	0.826888	0
13.37	0.0204437	156.497	0.835065	0
13.3761	0.0204759	156.08	0.809512	0
13.3276	0.0204212	155.98	0.81837	0
13.2803	0.0202902	155.029	0.831998	0
13.2408	0.0205019	154.979	0.821777	0
13.2115	0.0203915	155.046	0.830976	0
13.1736	0.0202034	156.214	0.852781	0
13.1431	0.0205493	154.429	0.829613	0
13.1249	0.0203726	154.045	0.836768	0
13.1161	0.0204243	154.629	0.84256	0
13.0741	0.0202225	155.013	0.834724	0
13.0293	0.0203378	155.129	0.839494	0
13.0199	0.0201153	154.462	0.829954	0
12.985	0.0193163	154.879	0.828591	0
12.9472	0.0195222	153.111	0.842901	0
12.9363	0.0195819	154.896	0.815304	0
12.934	0.0194461	152.143	0.839494	0
12.9207	0.0195273	152.494	0.853463	0
12.9004	0.0197048	153.595	0.843242	0
12.8563	0.0200156	154.395	0.840175	0
12.833	0.0195792	154.779	0.844604	0
12.8192	0.0196408	153.278	0.836768	0
12.802	0.0195667	153.828	0.825866	0
12.8071	0.0199135	154.062	0.833702	0
12.7867	0.0201152	154.262	0.801335	0
12.7358	0.0196927	153.845	0.844945	0
12.7154	0.019274	151.426	0.838472	0
12.7108	0.0193836	154.762	0.853803	0
12.6989	0.019556	153.411	0.824162	0
12.6657	0.01938	152.961	0.828251	0
12.6715	0.0193597	152.927	0.821777	0
12.6465	0.0197065	153.244	0.826206	0
12.5805	0.0191045	152.394	0.843923	0
12.5873	0.0195412	153.211	0.851078	0
12.5939	0.0192199	153.128	0.83779	0
12.5731	0.0191203	154.028	0.828251	0
12.5377	0.0195906	151.86	0.83268	0
12.4987	0.0193961	153.778	0.829273	0
12.5083	0.0189417	153.128	0.830295	0
12.5134	0.0196394	151.993	0.824162	0
12.4975	0.0196514	152.944	0.830636	0
12.5014	0.0195151	153.561	0.835405	0
12.4521	0.0191769	151.343	0.820074	0
12.4235	0.0195549	153.795	0.86164	0
12.4586	0.0192231	153.161	0.804401	0
12.4281	0.019213	152.26	0.83745	0
12.3927	0.0195502	151.56	0.836768	0
12.3897	0.0191635	152.444	0.844945	0
12.3619	0.0193276	152.51	0.826888	0
12.3605	0.0192778	151.927	0.840516	0
12.3787	0.0192322	152.56	0.822799	0
12.375	0.019523	151.526	0.838812	0
12.3774	0.0195973	152.294	0.830636	0
12.3563	0.0196813	152.043	0.825866	0
12.2952	0.0191937	150.542	0.826888	0
12.2792	0.0189401	152.861	0.836087	0
12.3022	0.0193985	152.193	0.831998	0
12.2821	0.019513	152.227	0.823821	0
12.2667	0.0183065	152.41	0.842219	0
12.2518	0.0188153	149.842	0.844264	0
12.222	0.0191195	152.494	0.834724	0
12.2016	0.0188009	150.475	0.8136	0
12.1991	0.0189338	152.477	0.839153	0
12.2346	0.0187174	151.376	0.83302	0
12.2256	0.0189559	151.96	0.844264	0
12.1475	0.0186664	151.893	0.844945	0
12.1081	0.0189161	150.459	0.829613	0
12.1114	0.0187912	150.742	0.838131	0
12.1358	0.0187263	151.243	0.822799	0
12.1382	0.0181597	151.159	0.827228	0
12.1005	0.0183015	150.242	0.8136	0
12.0788	0.0186892	152.46	0.838472	0
12.0692	0.0186141	152.744	0.802357	0
12.0604	0.0183496	150.259	0.831317	0
12.0471	0.0186087	150.726	0.839153	0
12.0431	0.0184642	150.592	0.836087	0
12.0337	0.0188337	151.61	0.826206	0
12.01	0.0187345	149.625	0.824162	0
12.0035	0.0182837	151.226	0.82314	0
12.0173	0.0178804	150.692	0.824162	0
12.0183	0.0180641	150.475	0.808149	0
12.0068	0.0185179	151.693	0.834724	0
11.9854	0.0186875	149.691	0.845286	0
11.9791	0.0192088	149.425	0.835746	0
11.9715	0.0183185	148.807	0.823481	0
11.9501	0.0185367	150.325	0.825866	0
11.953	0.0183483	151.877	0.834383	0
11.931	0.0183679	150.709	0.844604	0
11.8973	0.0187892	150.242	0.84733	0
11.917	0.0178565	148.907	0.825525	0
11.9275	0.0185529	148.891	0.819392	0
11.8997	0.0185538	150.309	0.84256	0
11.8984	0.0187343	148.957	0.838472	0
11.9196	0.0185742	150.976	0.822799	0
11.9141	0.0186073	148.924	0.826206	0
11.8882	0.0185171	150.692	0.84733	0
11.8805	0.0188087	149.758	0.833361	0
11.8815	0.0189536	149.324	0.828251	0
11.8316	0.0183312	149.475	0.846308	0
11.8023	0.0182846	147.823	0.831317	0
11.8608	0.0184344	149.625	0.834724	0
11.8915	0.0181997	149.691	0.822799	0
11.8687	0.0188491	148.474	0.822799	0
11.8516	0.0183815	149.575	0.81837	0
11.8558	0.0189094	148.14	0.819733	0
11.8425	0.0188589	149.091	0.819733	0
11.8188	0.0186395	148.907	0.838131	0
11.8262	0.0184341	149.041	0.834724	0
11.8121	0.0180973	150.142	0.830636	0
11.7799	0.0180595	148.874	0.840857	0
11.7811	0.0184461	149.041	0.833361	0
11.7799	0.018599	149.525	0.824844	0
11.7484	0.0185873	149.108	0.819733	0
11.7313	0.0180619	148.023	0.820414	0
11.7087	0.0182285	148.707	0.83268	0
11.6883	0.0184378	149.374	0.812578	0
11.7011	0.0186162	149.758	0.837109	0
11.7084	0.0186612	147.823	0.839153	0
11.7073	0.0181991	148.841	0.816326	0
11.7225	0.018195	150.475	0.81837	0
11.7024	0.0178941	149.892	0.849034	0
11.6748	0.0180203	148.874	0.825184	0
11.6798	0.0181699	149.108	0.858233	0
11.6825	0.0183854	148.824	0.824162	0
11.6762	0.0181627	149.408	0.828932	0
11.6941	0.0183999	149.391	0.814622	0
11.6804	0.0183299	148.774	0.829954	0
11.6588	0.0184982	148.274	0.851759	0
11.6636	0.018352	150.209	0.82314	0
11.6591	0.0177514	147.123	0.826547	0
11.6704	0.0181957	148.173	0.84256	0
11.6478	0.0181651	146.772	0.811556	0
11.6176	0.0179117	149.024	0.815645	0
11.6496	0.0179327	147.273	0.824503	0
11.6469	0.0175323	147.723	0.83779	0
11.6357	0.0178378	148.807	0.82314	0
11.6456	0.0180698	146.539	0.839494	0
11.6288	0.0177415	149.408	0.845967	0
11.6056	0.0180494	147.923	0.815645	0
11.6123	0.0181519	149.208	0.83302	0
11.6165	0.0186289	148.674	0.834383	0
11.5988	0.0182889	148.824	0.833361	0
11.6105	0.0181122	149.008	0.811215	0
11.6347	0.0178338	148.44	0.834383	0
11.6162	0.017844	148.707	0.813941	0
11.5975	0.0179522	147.239	0.833702	0
11.5852	0.0177219	146.689	0.815304	0
11.5944	0.0181987	149.208	0.830976	0
11.6398	0.0182994	148.14	0.852441	0
11.6462	0.0178258	149.058	0.849715	0
11.5933	0.0182354	148.14	0.852441	0
11.5769	0.0182056	147.44	0.820755	0
11.5928	0.0182893	147.606	0.83302	0
11.5928	0.0179464	149.775	0.826888	0
11.5716	0.0183746	146.455	0.826888	0
11.5636	0.0175854	148.257	0.838812	0
11.6165	0.0183703	148.807	0.821777	0
11.6301	0.0178658	148.874	0.80883	0
11.5943	0.0176223	147.973	0.824162	0
11.5837	0.0181771	149.041	0.836087	0
11.5715	0.0180217	149.141	0.825184	0
11.5794	0.0183211	148.39	0.843242	0
11.588	0.0179459	149.208	0.854485	0
11.5845	0.0178425	149.124	0.817348	0
11.5909	0.017879	148.824	0.830636	0
11.5835	0.0178416	149.241	0.802698	0
11.5652	0.0175118	148.891	0.833702	0
11.5647	0.0176321	148.424	0.834383	0
11.5694	0.0175802	149.908	0.842219	0
11.5675	0.0177285	149.174	0.793158	0
11.5887	0.0182593	149.041	0.836768	0
11.571	0.0178114	148.107	0.83302	0
11.5296	0.0178665	148.824	0.845967	0
11.5665	0.0181307	148.357	0.835746	0
11.5664	0.0182274	148.574	0.834043	0
11.5251	0.0178274	149.358	0.829273	0
11.5582	0.0173926	148.257	0.851759	0
11.5805	0.0182297	149.274	0.828251	0
11.5618	0.0179438	147.389	0.834724	0
11.5318	0.0180927	148.173	0.826547	0
11.5168	0.0178125	148.824	0.809512	0
11.5291	0.0179373	147.373	0.815645	0
11.5161	0.0178029	148.49	0.815985	0
11.5064	0.0178357	150.575	0.845286	0
11.5323	0.0175335	147.206	0.829613	0
11.5301	0.0176678	148.14	0.823481	0
11.5397	0.0184904	148.09	0.821777	0
11.5237	0.0177119	148.24	0.835746	0
11.5064	0.0182739	147.373	0.823821	0
11.535	0.0180105	149.324	0.81837	0
11.5427	0.0179611	149.008	0.827569	0
11.5159	0.0181907	148.524	0.820755	0
11.5338	0.0179939	148.557	0.838472	0
11.5429	0.0177654	148.957	0.827228	0
11.5291	0.0175445	147.239	0.816326	0
11.5391	0.0178918	148.824	0.857892	0
11.536	0.0176016	147.389	0.830976	0
11.5171	0.0176517	147.89	0.830295	0
11.5119	0.0180187	148.274	0.820755	0
11.5407	0.0181571	147.323	0.80849	0
11.5393	0.0178628	147.69	0.841197	0
11.512	0.0174343	148.407	0.829273	0
11.5218	0.0179133	147.49	0.812238	0
11.5223	0.0176535	149.358	0.849715	0
11.5282	0.0182246	147.44	0.839494	0
11.5158	0.0177609	148.29	0.831998	0
11.4861	0.0182822	146.706	0.830636	0
11.4984	0.0180285	149.608	0.818029	0
11.5117	0.0177947	148.474	0.83268	0
11.505	0.0179299	149.158	0.833361	0
11.4961	0.0175356	147.323	0.835405	0
11.5023	0.0177957	148.924	0.844604	0
11.5172	0.0181226	147.773	0.820414	0
11.5216	0.0183786	147.79	0.828932	0
11.5433	0.018228	148.641	0.838472	0
11.5289	0.0178111	146.606	0.839494	0
11.4953	0.0184066	148.49	0.842219	0
11.5062	0.0176488	146.772	0.844945	0
11.5015	0.0178803	149.208	0.850737	0
11.4971	0.0184041	148.157	0.849374	0
11.5075	0.0179225	147.756	0.829613	0
11.5072	0.0179503	147.189	0.823481	0
11.5095	0.0179017	149.775	0.828591	0
11.4984	0.0173588	147.023	0.829613	0
11.5076	0.0181282	149.174	0.822118	0
11.5266	0.0177886	149.258	0.828251	0
11.5004	0.0182354	147.957	0.814622	0
11.4839	0.0178242	147.523	0.829273	0
11.4962	0.0174122	147.056	0.82791	0
11.4768	0.0180446	146.906	0.814282	0
11.4584	0.0179175	148.34	0.827228	0
11.4492	0.0178099	148.941	0.810193	0
11.4382	0.0181044	148.524	0.838472	0
11.449	0.0180561	149.291	0.829954	0
11.4735	0.0177387	147.339	0.820074	0
11.4779	0.0177681	148.791	0.848693	0
11.4898	0.0181406	149.091	0.828251	0
11.4987	0.0182603	147.973	0.827569	0
11.4757	0.0180058	147.84	0.83745	0
11.4619	0.0178728	148.123	0.847671	0
11.4469	0.0180234	147.873	0.839494	0
11.4482	0.017558	147.189	0.834043	0
11.474	0.0174404	147.456	0.838131	0
11.4703	0.0178258	148.307	0.854485	0
11.4652	0.017854	147.973	0.830976	0
11.4935	0.017983	146.872	0.840857	0
11.5105	0.0179012	149.408	0.81837	0
11.4864	0.0181384	148.691	0.824844	0
11.4759	0.0176278	148.457	0.814963	0
11.5044	0.017864	148.057	0.834724	0
11.5122	0.0186032	146.289	0.832339	0
11.4883	0.0179654	148.891	0.829273	0
11.4606	0.0182971	147.957	0.83302	0
11.4508	0.0174363	146.806	0.828591	0
11.4518	0.0176996	147.223	0.825866	0
11.4583	0.0180593	149.625	0.812578	0
11.4631	0.0178315	149.274	0.82314	0
11.4644	0.0175179	147.957	0.830636	0
11.4582	0.0178699	147.139	0.821437	0
11.4382	0.0181217	147.023	0.812578	0
11.4434	0.0179072	148.224	0.827569	0
11.4575	0.0179484	148.207	0.854825	0
11.4587	0.0183781	147.923	0.83745	0
11.4793	0.0181415	147.073	0.83779	0
11.4879	0.0178286	149.374	0.829954	0
11.4455	0.0176191	148.44	0.810875	0
11.4178	0.0180316	147.323	0.845626	0
11.4371	0.0180305	148.107	0.845626	0
11.4379	0.0178214	148.257	0.833702	0
11.4316	0.017921	147.79	0.819733	0
11.4469	0.0178227	147.573	0.821096	0
11.4498	0.0177466	147.99	0.84256	0
11.4211	0.0177546	147.039	0.825866	0
11.4475	0.0180953	148.007	0.827569	0
11.4873	0.0177056	148.357	0.830636	0
11.462	0.0176608	147.323	0.836087	0
11.4628	0.0175945	148.674	0.841538	0
11.4794	0.0174079	147.623	0.825866	0
11.4653	0.0175425	147.423	0.837109	0
11.4593	0.0181573	147.473	0.824844	0
11.446	0.0182033	148.324	0.846989	0
11.4292	0.0179023	147.556	0.812238	0
11.428	0.0180228	148.324	0.829954	0
11.4442	0.0181769	147.79	0.815645	0
11.4316	0.0178199	146.672	0.826547	0
11.4457	0.0180845	146.606	0.814963	0
11.4697	0.0177052	148.374	0.824503	0
11.4666	0.0178287	148.674	0.841538	0
11.4281	0.0178556	147.64	0.837109	0
11.3994	0.0179935	148.123	0.825184	0
11.4385	0.01777	147.139	0.826547	0
11.4421	0.017661	146.439	0.844264	0
11.4311	0.0176124	148.757	0.829954	0
11.4558	0.0179017	147.256	0.822459	0
11.4342	0.0175905	146.472	0.830295	0
11.4181	0.0175886	147.256	0.821777	0
11.4466	0.0178051	149.208	0.84733	0
11.451	0.0180904	147.206	0.840516	0
11.4327	0.0179789	148.707	0.819052	0
11.4194	0.0180704	147.189	0.830636	0
11.4214	0.0180871	147.79	0.831998	0
11.4531	0.0180347	148.257	0.804742	0
11.4595	0.0176209	148.073	0.835746	0
11.4253	0.0180563	148.09	0.840175	0
11.4326	0.0179459	148.274	0.841197	0
11.4376	0.0177973	147.389	0.81326	0
11.4162	0.0178021	149.341	0.833702	0
11.4157	0.0174913	147.773	0.822459	0
11.4235	0.0182868	147.44	0.825184	0
11.4134	0.0181109	146.572	0.849374	0
11.411	0.0178344	148.607	0.826206	0
11.4232	0.018143	145.288	0.825184	0
11.4033	0.0176377	148.324	0.822799	0
11.3716	0.0179206	147.373	0.841879	0
11.359	0.0179418	147.173	0.841538	0
11.3793	0.0175407	147.406	0.830976	0
11.3899	0.0175985	147.49	0.849715	0
11.3863	0.017437	147.173	0.809512	0
11.4132	0.0178301	147.84	0.834724	0
11.4127	0.0182	147.023	0.830976	0
11.3937	0.0180601	148.824	0.838812	0
11.3916	0.0173268	148.657	0.823821	0
11.3688	0.0175683	148.54	0.83745	0
11.3364	0.0175413	148.274	0.812919	0
11.3906	0.0181056	148.34	0.840516	0
11.4334	0.0176208	148.023	0.817689	0
11.3964	0.0178459	147.356	0.823481	0
11.3852	0.0174784	148.14	0.819733	0
11.376	0.0175651	147.506	0.841879	0
11.3729	0.0177051	149.308	0.851759	0
11.373	0.0171997	144.604	0.839494	0
11.3486	0.0175984	146.906	0.820414	0
11.369	0.0177618	147.94	0.830295	0
11.396	0.0178715	147.756	0.836087	0
11.3865	0.0177484	149.491	0.828932	0
11.3866	0.0177008	146.372	0.820074	0
11.3686	0.0177876	148.44	0.830976	0
11.3418	0.0177854	148.707	0.826206	0
11.3542	0.0173118	148.474	0.831658	0
11.4015	0.0177224	147.756	0.829954	0
11.3863	0.0176046	147.223	0.836087	0
11.3375	0.017715	147.239	0.836087	0
11.3769	0.0174436	149.141	0.836427	0
11.3798	0.0183232	147.189	0.834383	0
11.358	0.0181367	148.507	0.826547	0
11.3878	0.018113	146.505	0.840516	0
11.3641	0.018073	147.49	0.858914	0
11.3519	0.0178459	148.657	0.83302	0
11.3837	0.017692	148.674	0.841538	0
11.3668	0.0176698	147.206	0.821777	0
11.3519	0.017918	149.141	0.849374	0
11.3962	0.017862	147.173	0.839153	0
11.4087	0.0180279	149.975	0.830976	0
11.3684	0.0179643	147.773	0.837109	0
11.3665	0.0179184	148.39	0.851418	0
11.3829	0.018305	146.956	0.846989	0
11.3618	0.0179302	147.273	0.819392	0
11.3562	0.0179546	147.823	0.836087	0
11.3674	0.0174203	148.357	0.804401	0
11.3565	0.0175689	147.073	0.830636	0
11.3395	0.0179608	147.756	0.83268	0
11.3632	0.0180365	146.739	0.827569	0
11.375	0.0175996	147.957	0.849374	0
11.3625	0.0174585	147.957	0.83302	0
11.3688	0.0176735	147.239	0.822459	0
11.3787	0.0177134	148.524	0.845626	0
11.3656	0.0174238	148.724	0.827228	0
11.3815	0.0176442	146.339	0.825866	0
11.3897	0.0177726	147.523	0.838472	0
11.3851	0.0181022	148.39	0.838131	0
11.3765	0.0179969	146.839	0.836768	0
11.3639	0.0177047	148.173	0.828251	0
11.3836	0.0179706	147.056	0.836427	0
11.3612	0.0178236	148.474	0.825525	0
11.3666	0.0178226	146.322	0.829954	0
11.3888	0.0182749	148.791	0.830976	0
11.3543	0.017877	147.64	0.822459	0
11.3543	0.0175385	146.789	0.840175	0
11.3704	0.0179671	147.556	0.809512	0
11.3475	0.0180514	148.023	0.852441	0
11.3518	0.0180974	146.772	0.824503	0
11.374	0.0179258	147.84	0.809512	0
11.3751	0.0176581	148.14	0.811556	0
11.3745	0.0179022	146.305	0.830976	0
11.3601	0.0175703	147.99	0.829613	0
11.3464	0.0178112	147.623	0.844604	0
11.3595	0.0180447	147.256	0.834724	0
11.3608	0.0179751	147.623	0.829273	0
11.3607	0.0179409	146.756	0.843923	0
11.3633	0.0178038	148.941	0.83745	0
11.352	0.0177095	146.439	0.809853	0
11.3441	0.0177497	146.539	0.820414	0
11.3475	0.0178186	147.373	0.818029	0
11.3475	0.0179527	147.523	0.810875	0
11.3339	0.017682	148.307	0.829954	0
11.3503	0.0180489	148.173	0.839835	0
11.3528	0.0175414	148.924	0.828251	0
11.3508	0.0174976	147.973	0.840175	0
11.373	0.0174859	147.356	0.836087	0
11.359	0.0179273	147.723	0.829954	0
11.3409	0.0175321	147.106	0.841879	0
11.3561	0.0184513	147.64	0.83745	0
11.3826	0.0177625	148.857	0.83268	0
11.3657	0.0176569	147.606	0.823821	0
11.3166	0.0181121	146.105	0.802016	0
11.3307	0.0174085	149.024	0.8521	0
11.3765	0.0180612	145.188	0.823821	0
11.3595	0.0179728	147.94	0.827228	0
11.3496	0.0181482	150.175	0.83268	0
11.3677	0.0181078	147.123	0.84256	0
11.3563	0.0180616	147.773	0.812578	0
11.3511	0.0176491	147.706	0.83268	0
11.3523	0.0176682	148.374	0.845286	0
11.3217	0.0178732	147.223	0.860277	0
11.3188	0.0175302	148.274	0.829954	0
11.3524	0.0175556	146.255	0.829954	0
11.3824	0.0183612	146.989	0.819392	0
11.3882	0.018145	147.74	0.830295	0
11.3645	0.0179478	147.44	0.812238	0
11.3537	0.0178494	146.872	0.847671	0
11.3507	0.0177097	149.074	0.8136	0
11.3471	0.0182627	148.14	0.815304	0
11.3463	0.0179889	147.773	0.835746	0
11.3482	0.0183423	147.907	0.829954	0
11.3533	0.017604	147.656	0.843923	0
11.3437	0.0173298	148.073	0.825866	0
11.3391	0.0172849	148.39	0.84256	0
11.3624	0.0181408	148.44	0.83268	0
11.3399	0.0177098	147.223	0.835065	0
11.3226	0.0177816	148.707	0.822459	0
11.3657	0.0176107	146.505	0.829954	0
11.3471	0.0171686	148.04	0.852781	0
11.3206	0.0173119	146.789	0.817689	0
11.344	0.017478	148.324	0.827228	0
11.337	0.0182153	147.74	0.834043	0
11.3282	0.0182095	147.857	0.835746	0
11.3613	0.0179088	146.922	0.840857	0
11.376	0.0179446	146.672	0.83745	0
11.3393	0.01776	148.14	0.829613	0
11.3262	0.0177826	146.989	0.836087	0
11.355	0.0179797	147.039	0.824503	0
11.3646	0.0180493	148.39	0.827569	0
11.348	0.0180099	146.722	0.842901	0
11.3463	0.0183232	149.224	0.838131	0
11.3322	0.0176565	150.075	0.816667	0
11.3249	0.0176352	147.606	0.817348	0
11.376	0.0179144	148.524	0.827569	0
11.377	0.0176799	147.64	0.834043	0
11.3008	0.0174268	147.189	0.835746	0
11.3129	0.0175394	146.939	0.804401	0
11.3499	0.0174731	148.974	0.824844	0
11.32	0.0179926	148.49	0.841538	0
11.3144	0.0176907	147.823	0.839494	0
11.3455	0.0180629	148.741	0.827569	0
11.3665	0.0177237	147.89	0.819392	0
11.3455	0.0173371	147.289	0.823821	0
11.3319	0.0171719	148.574	0.831998	0
11.3382	0.0170745	147.339	0.812919	0
11.3466	0.0177232	146.922	0.828591	0
11.3348	0.0178633	146.889	0.838131	0
11.3415	0.0177093	146.722	0.836768	0
11.3579	0.0176866	148.324	0.817689	0
11.3588	0.0179642	148.54	0.825866	0
11.3431	0.0176032	147.389	0.838812	0
11.3385	0.017286	147.573	0.830295	0
11.3423	0.0175606	146.756	0.836768	0
11.3704	0.0177283	147.923	0.839494	0
11.3619	0.017837	147.59	0.824844	0
11.3284	0.0178749	147.406	0.836427	0
11.3397	0.0178041	146.889	0.800994	0
11.3579	0.0175054	148.624	0.845967	0
11.3546	0.0175483	147.506	0.84733	0
11.3538	0.0175644	148.59	0.820755	0
11.3572	0.0178071	147.723	0.829273	0
11.3324	0.01751	147.223	0.812919	0
11.3419	0.0176105	149.124	0.832339	0
11.3631	0.0177245	148.757	0.836427	0
11.337	0.0176878	148.357	0.813941	0
11.3204	0.0176916	146.305	0.824162	0
11.3154	0.0176641	147.623	0.843923	0
11.3032	0.0182517	147.773	0.848352	0
11.3324	0.0181243	147.223	0.842219	0
11.3297	0.017813	147.623	0.844945	0
11.3189	0.0178283	146.822	0.81837	0
11.3595	0.017898	147.406	0.833702	0
11.3451	0.0178604	147.023	0.815645	0
11.2944	0.0178904	146.322	0.814963	0
11.3065	0.0177572	148.457	0.811215	0
11.3463	0.0173225	147.023	0.824503	0
11.3582	0.0177837	146.505	0.833361	0
11.3239	0.0173149	147.106	0.799631	0
11.3027	0.0176792	147.857	0.83268	0
11.3369	0.0178823	148.407	0.820414	0
11.3577	0.0181545	147.79	0.856529	0
11.3416	0.0181554	148.274	0.832339	0
11.3583	0.0176777	148.507	0.850056	0
11.3513	0.0169886	146.972	0.833702	0
11.3317	0.0178092	147.323	0.830295	0
11.32	0.0179086	149.458	0.804061	0
11.3127	0.0177104	147.49	0.839494	0
11.3231	0.0181196	147.523	0.843582	0
11.3089	0.0180031	147.807	0.836768	0
11.3042	0.0180235	146.922	0.839835	0
11.3397	0.0176944	148.641	0.819733	0
11.3464	0.017847	147.573	0.829954	0
11.3406	0.0175775	146.672	0.830295	0
11.3487	0.0178035	147.523	0.829954	0
11.34	0.0180869	146.122	0.824844	0
11.3286	0.0177206	146.005	0.831998	0
11.3254	0.0180606	147.756	0.824844	0
11.3336	0.0176583	148.407	0.805423	0
11.3428	0.0177837	148.324	0.831317	0
11.347	0.0175148	147.506	0.805423	0
11.345	0.017311	149.441	0.825184	0
11.3018	0.0179049	146.639	0.850056	0
11.3155	0.0175237	148.04	0.837109	0
11.3593	0.0176574	147.49	0.829613	0
11.3346	0.0175718	147.89	0.844945	0
11.3039	0.0180369	148.941	0.840516	0
11.3158	0.0177147	145.855	0.824162	0
11.3319	0.0176738	147.723	0.820414	0
11.3281	0.0174447	147.006	0.823821	0
11.3108	0.0173001	146.906	0.822459	0
11.3293	0.0177658	146.505	0.829954	0
11.3411	0.0174643	148.607	0.826547	0
11.3084	0.0177848	147.44	0.817348	0
11.3148	0.0178023	147.356	0.843582	0
11.335	0.0177409	146.739	0.83745	0
11.3144	0.0179176	148.29	0.846308	0
11.3065	0.0177406	148.073	0.834043	0
11.3316	0.0178271	147.79	0.858573	0
11.3258	0.0174186	147.073	0.828932	0
11.3267	0.0182846	147.623	0.847671	0
11.3384	0.0184513	147.039	0.838812	0
11.3225	0.0176988	146.856	0.829954	0
11.3229	0.0178891	147.356	0.838472	0
11.339	0.0180367	147.59	0.844264	0
11.3278	0.0173799	146.122	0.821437	0
11.3094	0.0176843	148.123	0.83302	0
11.3245	0.0176304	147.606	0.83745	0
11.3498	0.0181107	147.99	0.829273	0
11.3558	0.017872	146.989	0.831317	0
11.3552	0.0175169	149.258	0.836768	0
11.3527	0.0181059	147.54	0.818711	0
11.3366	0.0180413	148.607	0.839835	0
11.3272	0.0178448	146.272	0.835405	0
11.3329	0.0179995	147.089	0.838472	0
11.3226	0.0178283	146.522	0.839494	0
11.3431	0.0181292	147.873	0.828932	0
11.3576	0.0177638	149.141	0.820414	0
11.3377	0.0175393	146.305	0.829613	0
11.34	0.0178876	147.656	0.835746	0
11.309	0.0172614	147.239	0.826206	0
11.3078	0.0177377	147.94	0.819392	0
11.3709	0.0179625	148.274	0.831998	0
11.3641	0.0177113	147.907	0.824844	0
11.3299	0.0175949	147.056	0.846649	0
11.3419	0.0177208	148.007	0.8521	0
11.3332	0.0179279	146.722	0.842901	0
11.3302	0.0178607	148.157	0.845286	0
11.3344	0.0181881	147.957	0.81326	0
11.2881	0.0179684	147.506	0.819052	0
11.3014	0.0180357	148.357	0.827228	0
11.3458	0.0174035	147.756	0.825184	0
11.3115	0.017489	147.406	0.832339	0
11.2887	0.0175077	148.991	0.834724	0
11.3234	0.0175058	147.039	0.815645	0
11.3251	0.0179903	147.74	0.815645	0
11.3096	0.0172704	145.488	0.830295	0
11.3186	0.0177327	147.523	0.83745	0
11.309	0.0178668	148.307	0.835065	0
11.3008	0.0179723	146.439	0.825184	0
11.3187	0.0178804	146.956	0.829613	0
11.3151	0.0182573	146.739	0.83268	0
11.3165	0.0175863	148.757	0.841879	0
11.3282	0.0181409	146.706	0.835405	0
11.3104	0.0179106	147.723	0.823481	0
11.3008	0.0180322	146.606	0.840857	0
11.3079	0.0181326	147.623	0.839153	0
11.3329	0.0178244	147.706	0.816667	0
11.3212	0.0178857	147.656	0.825525	0
11.3021	0.0174623	149.508	0.838812	0
11.3256	0.0177783	147.139	0.819733	0
11.3482	0.0181474	148.073	0.836768	0
11.3214	0.0176159	147.957	0.829954	0
11.2877	0.0177028	147.373	0.836087	0
11.2968	0.0175553	146.772	0.82314	0
11.3077	0.0175443	147.49	0.808149	0
11.303	0.0182273	147.706	0.826206	0
11.3012	0.0180678	147.006	0.803039	0
11.3087	0.0180143	147.223	0.848011	0
11.3208	0.0176827	146.022	0.810193	0
11.3182	0.0182461	145.405	0.822799	0
11.2964	0.0176341	147.306	0.820755	0
11.3116	0.0174674	148.207	0.844264	0
11.3348	0.0177759	148.04	0.830295	0
11.3183	0.0176388	146.072	0.833361	0
11.3001	0.0177255	147.54	0.831317	0
11.3072	0.0177481	145.938	0.828591	0
11.3273	0.0177175	146.489	0.835746	0
11.3433	0.0179173	147.857	0.8521	0
11.3406	0.01814	147.623	0.820074	0
11.3368	0.0178632	148.09	0.814282	0
11.3344	0.0177482	148.207	0.829273	0
11.3222	0.0175335	147.339	0.835065	0
11.3089	0.0173422	147.773	0.855507	0
11.2988	0.0182961	147.69	0.840857	0
11.3324	0.0178714	147.473	0.831998	0
11.3588	0.0179008	149.091	0.840857	0
11.3252	0.0176953	147.173	0.845967	0
11.3115	0.0174117	145.922	0.809512	0
11.3177	0.0172027	146.922	0.843923	0
11.2984	0.0178505	147.123	0.842219	0
11.3129	0.0177144	147.189	0.854485	0
11.3075	0.0177601	148.474	0.844604	0
11.2786	0.0181256	147.523	0.832339	0
11.2788	0.0177995	147.339	0.816326	0
11.292	0.0176983	146.772	0.817689	0
11.312	0.0174192	146.906	0.823481	0
11.3191	0.017859	147.74	0.82791	0
11.2949	0.0175953	146.872	0.817689	0
11.2977	0.0176128	146.906	0.836087	0
11.303	0.0178833	147.773	0.828932	0
11.2949	0.0176358	147.74	0.824844	0
11.3256	0.0178137	147.773	0.8136	0
11.3418	0.0169577	145.688	0.8136	0
11.3112	0.0178516	147.64	0.824503	0
11.3275	0.0177432	147.656	0.814282	0
11.3489	0.017276	147.907	0.834043	0
11.3245	0.0179168	147.573	0.83268	0
11.3223	0.0179166	146.889	0.813941	0
11.3289	0.0178447	147.473	0.827228	0
11.3174	0.0174265	147.023	0.819392	0
11.3226	0.0178527	146.439	0.839835	0
11.3156	0.018158	147.073	0.830976	0
11.3015	0.01745	147.94	0.795202	0
11.318	0.0180101	146.989	0.826888	0
11.3345	0.0178069	147.356	0.856188	0
11.3217	0.0179449	146.222	0.825184	0
11.3163	0.0180401	147.573	0.825866	0
11.3303	0.0180823	147.389	0.844945	0
11.3234	0.0178498	147.423	0.8521	0
11.3122	0.0174382	149.058	0.825184	0
11.3148	0.0176354	146.972	0.822459	0
11.3297	0.0179899	146.672	0.849374	0
11.3001	0.0180906	148.641	0.825525	0
11.2586	0.017525	147.139	0.827228	0
11.2958	0.0175528	149.224	0.830976	0
11.3093	0.0176577	146.505	0.846649	0
11.2756	0.0182396	147.223	0.834724	0
11.2954	0.0180424	147.706	0.830636	0
11.3345	0.0173589	148.123	0.816667	0
11.3327	0.0182284	146.572	0.823481	0
11.3078	0.0178563	147.239	0.825184	0
11.3021	0.0176211	148.841	0.851078	0
11.3064	0.0176291	146.322	0.796224	0
11.3152	0.0176432	147.64	0.824844	0
11.3229	0.0179014	149.058	0.8136	0
11.325	0.0176221	147.239	0.830976	0
11.3112	0.0176833	147.49	0.836087	0
11.2904	0.0178176	146.706	0.831658	0
11.2915	0.0180472	149.058	0.835746	0
11.3014	0.0179801	146.122	0.81326	0
11.2866	0.0176897	147.79	0.836768	0
11.2988	0.0178776	147.573	0.85687	0
11.3317	0.0178668	147.456	0.830295	0
11.3495	0.0174729	147.373	0.820755	0
11.3236	0.0172597	148.123	0.839153	0
11.2936	0.0173971	148.04	0.843242	0
11.3064	0.0176203	148.023	0.810875	0
11.3294	0.0178539	147.957	0.844604	0
11.3169	0.0177003	147.473	0.825184	0
11.281	0.0176219	146.289	0.822459	0
11.2883	0.0175044	147.807	0.820755	0
11.3108	0.0173654	147.339	0.830636	0
11.3027	0.0178884	147.323	0.80883	0
11.2849	0.0180889	147.039	0.849374	0
11.284	0.0178717	147.556	0.856188	0
11.2997	0.0177854	147.256	0.851418	0
11.3036	0.0176517	146.689	0.821437	0
11.2949	0.0173909	148.374	0.806105	0
11.3095	0.0178894	148.44	0.831317	0
11.3244	0.0179492	146.589	0.83779	0
11.3189	0.0175079	147.74	0.860277	0
11.3081	0.0177163	148.641	0.850056	0
11.2942	0.0178344	148.407	0.830976	0
11.2949	0.0177162	146.989	0.822118	0
11.2994	0.0182493	146.889	0.855166	0
11.2867	0.0175178	147.957	0.843582	0
11.3154	0.01772	147.64	0.828591	0
11.3242	0.0179036	146.439	0.802016	0
11.3109	0.0177781	148.674	0.834043	0
11.3229	0.0181835	147.807	0.825184	0
11.2848	0.0179569	148.307	0.830295	0
11.2395	0.0177314	146.656	0.850737	0
11.28	0.0176237	148.791	0.835746	0
11.3211	0.0177851	146.205	0.837109	0
11.316	0.0175879	146.806	0.836087	0
11.3115	0.0177347	149.008	0.824844	0
11.3315	0.0174701	147.606	0.833702	0
11.325	0.0180018	146.789	0.836768	0
11.2922	0.0177234	145.888	0.823821	0
11.2525	0.0177587	147.289	0.821777	0
11.2629	0.0177107	146.355	0.812919	0
11.287	0.0179853	148.324	0.821096	0
11.3051	0.0176072	147.289	0.836087	0
11.3442	0.0178459	147.573	0.835065	0
11.3385	0.0179501	148.49	0.844264	0
11.3155	0.0174185	149.174	0.824844	0
11.334	0.0182334	146.339	0.830295	0
11.298	0.0172941	146.656	0.834383	0
11.2729	0.0175471	147.54	0.839153	0
11.3082	0.0177484	146.939	0.853463	0
11.3109	0.017645	148.224	0.852441	0
11.2693	0.0175965	147.773	0.841879	0
11.2764	0.017526	148.44	0.827569	0
11.3051	0.0173669	145.705	0.821777	0
11.2954	0.0174161	148.173	0.836427	0
11.3123	0.0179373	146.906	0.829954	0
11.3224	0.0180446	147.406	0.824503	0
11.2889	0.0177633	147.54	0.817689	0
11.2892	0.0178127	146.706	0.839835	0
11.2921	0.0179755	148.14	0.840175	0
11.2848	0.0181185	147.156	0.836087	0
11.2872	0.0176711	146.272	0.835405	0
11.2892	0.0174874	148.49	0.817689	0
11.2994	0.0173533	147.89	0.800313	0
11.3251	0.0177852	146.906	0.820074	0
11.3163	0.0178754	148.374	0.831658	0
11.3064	0.0173525	146.072	0.824162	0
11.3102	0.0176406	148.574	0.816326	0
11.3099	0.017816	145.988	0.813941	0
11.2934	0.0179891	147.973	0.826206	0
11.2819	0.0179576	147.623	0.811897	0
11.2981	0.017755	145.021	0.819052	0
11.3152	0.0179466	145.922	0.821437	0
11.31	0.0174127	146.706	0.820755	0
11.2984	0.0175419	147.256	0.83745	0
11.2856	0.0172398	147.206	0.806786	0
11.303	0.0177314	147.44	0.853122	0
11.3098	0.0176135	147.073	0.853122	0
11.305	0.0177948	147.223	0.845286	0
11.3258	0.0180369	147.173	0.828591	0
11.3013	0.0180544	146.439	0.807468	0
11.2732	0.0183798	148.04	0.850737	0
11.2938	0.017921	148.19	0.850396	0
11.2877	0.018084	145.838	0.81837	0
11.2863	0.018134	147.54	0.811556	0
11.3161	0.0177637	148.007	0.817348	0
11.3199	0.0173984	147.823	0.819392	0
11.323	0.0172964	147.89	0.825184	0
11.3059	0.0173366	146.038	0.82791	0
11.2631	0.0174034	146.989	0.844945	0
11.297	0.0176898	148.157	0.835405	0
11.3262	0.0176248	147.74	0.825525	0
11.2911	0.0174041	146.789	0.836087	0
11.2776	0.0181061	147.189	0.848352	0
11.3094	0.0179483	145.922	0.831658	0
11.309	0.0179551	148.324	0.82791	0
11.3097	0.0178055	147.49	0.869816	0
11.3201	0.0182356	147.756	0.83745	0
11.3095	0.0174732	148.09	0.820414	0
11.3176	0.0176197	148.44	0.823821	0
11.3304	0.0177	145.888	0.820755	0
11.2945	0.017242	148.04	0.823821	0
11.3047	0.0182621	147.123	0.83302	0
11.3347	0.0176448	148.49	0.838131	0
11.3162	0.0177924	147.873	0.825866	0
11.3065	0.0181089	147.206	0.846308	0
11.3092	0.0184388	146.689	0.828251	0
11.2986	0.0176082	147.073	0.819392	0
11.2706	0.0176146	147.056	0.834383	0
11.2794	0.0180736	148.207	0.831658	0
11.2849	0.0177197	146.439	0.835065	0
11.2888	0.0180908	147.506	0.844604	0
11.3233	0.0176974	147.423	0.837109	0
11.3014	0.0175321	148.14	0.80849	0
11.2844	0.0180928	145.805	0.857892	0
11.3201	0.017695	146.822	0.814282	0
11.3052	0.0179726	147.656	0.825184	0
11.2976	0.0177214	148.257	0.836087	0
11.3215	0.0179334	146.422	0.840516	0
11.307	0.0182367	147.94	0.82791	0
11.2938	0.0181263	148.574	0.839835	0
11.3211	0.0183666	147.807	0.835746	0
11.3092	0.0176642	147.056	0.835065	0
11.2619	0.0180196	148.04	0.825184	0
11.2715	0.0177401	146.722	0.83302	0
11.281	0.0176454	146.872	0.824844	0
11.2805	0.0176738	148.474	0.835065	0
11.2955	0.0174877	146.606	0.82791	0
11.2748	0.0179352	148.023	0.838812	0
11.2685	0.0179613	145.788	0.812238	0
11.2884	0.0179877	147.69	0.831317	0
11.2889	0.0177711	148.073	0.835405	0
11.2912	0.0173071	147.706	0.819392	0
11.3032	0.0173845	147.74	0.829613	0
11.2927	0.0176443	145.755	0.848011	0
11.2754	0.017407	148.407	0.833361	0
11.2721	0.017453	146.672	0.834724	0
11.2707	0.017711	147.273	0.805423	0
11.2634	0.0168665	147.023	0.829613	0
11.2766	0.0171786	148.874	0.821437	0
11.3087	0.0173551	147.523	0.819052	0
11.303	0.0175433	146.689	0.825525	0
11.29	0.0179485	147.873	0.836427	0
11.3009	0.0173448	147.74	0.824844	0
11.3122	0.0178345	146.972	0.839153	0
11.3059	0.0177054	145.872	0.820074	0
11.2755	0.0180656	147.656	0.81837	0
11.2792	0.0182889	147.056	0.835065	0
11.3061	0.0176592	147.99	0.841538	0
11.3112	0.0177169	146.422	0.814963	0
11.3139	0.0179459	147.84	0.830295	0
11.2981	0.0180395	148.624	0.849374	0
11.2776	0.0178984	147.807	0.834724	0
11.2916	0.017471	146.856	0.853463	0
11.3039	0.0173454	148.574	0.826888	0
11.3015	0.0179908	146.806	0.828591	0
11.2971	0.0176445	147.423	0.823821	0
11.2864	0.0181317	147.656	0.850056	0
11.2662	0.0176878	146.455	0.825184	0
11.2851	0.0179559	146.856	0.855848	0
11.2931	0.0178605	146.872	0.822459	0
11.2757	0.0177633	148.957	0.843242	0
11.2772	0.0179659	147.273	0.820414	0
11.2771	0.0176352	147.807	0.850056	0
11.2819	0.0178222	147.456	0.823821	0
11.2739	0.0173955	147.056	0.824162	0
11.2816	0.0175541	146.806	0.824503	0
11.3075	0.0180483	148.007	0.816326	0
11.2918	0.0176846	147.923	0.806105	0
11.2728	0.0181053	146.038	0.854825	0
11.2947	0.0183035	146.589	0.841879	0
11.269	0.0177337	147.356	0.807468	0
11.2663	0.017504	147.49	0.844264	0
11.3082	0.017627	146.505	0.844604	0
11.292	0.0179241	147.373	0.826547	0
11.2652	0.0177484	147.123	0.817348	0
11.2818	0.0177319	148.324	0.825525	0
11.3033	0.0177842	148.19	0.829273	0
11.2955	0.017628	147.807	0.824503	0
11.2961	0.0176686	149.091	0.847671	0
11.2777	0.0179491	147.473	0.831658	0
11.2975	0.0177829	148.624	0.841538	0
11.3291	0.0180407	146.756	0.817689	0
11.2901	0.017608	146.889	0.809512	0
11.2694	0.0173883	147.173	0.844945	0
11.2839	0.0180764	146.739	0.830636	0
11.273	0.0173832	147.923	0.836768	0
11.2615	0.0177061	146.672	0.840175	0
11.27	0.0175423	145.955	0.837109	0
11.2901	0.0176449	146.722	0.851759	0
11.3066	0.0178647	147.556	0.834043	0
11.304	0.0177514	148.407	0.84256	0
11.2908	0.0177843	147.556	0.814282	0
11.2819	0.0171796	146.555	0.812238	0
11.3065	0.0174773	149.725	0.830636	0
11.3234	0.0178584	147.289	0.834383	0
11.3049	0.017915	147.957	0.826547	0
11.3146	0.0176296	146.839	0.835746	0
11.3225	0.0176931	147.823	0.845967	0
11.2987	0.0178028	147.873	0.812919	0
11.27	0.0175081	147.456	0.83745	0
11.283	0.0176969	147.84	0.849715	0
11.3056	0.0183853	148.057	0.834383	0
11.3016	0.0178082	147.156	0.842901	0
11.3121	0.0180042	147.756	0.816667	0
11.3082	0.0177908	147.106	0.819392	0
11.2944	0.0176614	147.773	0.824844	0
11.3113	0.0181436	147.857	0.835746	0
11.3043	0.0179916	147.973	0.805083	0
11.283	0.0180469	147.44	0.815304	0
11.3031	0.0177734	148.507	0.836427	0
11.318	0.0179971	147.173	0.851759	0
11.2998	0.0180284	147.323	0.822459	0
11.2929	0.018236	146.572	0.829613	0
11.2872	0.0178574	146.756	0.842901	0
11.2739	0.0178439	147.423	0.8136	0
11.2852	0.0173988	147.957	0.838131	0
11.3205	0.0175571	147.69	0.843242	0
11.3086	0.0179301	147.123	0.831317	0
11.2815	0.0175406	147.089	0.812919	0
11.2873	0.0177997	147.957	0.828932	0
11.2967	0.0178182	147.456	0.825184	0
11.2982	0.0176953	146.939	0.838472	0
11.2733	0.0179598	147.74	0.846308	0
11.277	0.0174562	146.639	0.811556	0
11.2961	0.0176078	147.373	0.800313	0
11.2783	0.0172586	146.839	0.838131	0
11.2881	0.017939	148.34	0.836427	0
11.3013	0.0176083	146.822	0.815304	0
11.2961	0.0177686	146.172	0.825866	0
11.3046	0.0176869	148.057	0.830976	0
11.3106	0.0177405	147.89	0.81837	0
11.2984	0.0177513	146.656	0.830976	0
11.3043	0.0175513	146.956	0.826206	0
11.3213	0.0174664	146.756	0.840175	0
11.2993	0.017511	146.706	0.839494	0
11.2708	0.0178036	146.572	0.833702	0
11.2809	0.0179357	146.922	0.822459	0
11.2819	0.0174987	147.973	0.834043	0
11.287	0.0181841	148.14	0.810534	0
11.2945	0.0172736	147.673	0.826206	0
11.2947	0.0178106	146.105	0.836087	0
11.306	0.0177442	146.522	0.840516	0
11.3033	0.0180058	147.473	0.843923	0
11.2808	0.0177811	147.857	0.820414	0
11.2784	0.0174472	148.29	0.826547	0
11.2786	0.0175811	147.59	0.842901	0
11.2719	0.0176993	148.057	0.836768	0
11.2756	0.0176635	148.424	0.819392	0
11.2726	0.0179281	146.989	0.836087	0
11.2954	0.0174459	147.256	0.831317	0
11.3081	0.0176785	147.473	0.832339	0
11.286	0.0176078	146.706	0.802016	0
11.2847	0.0179844	147.339	0.811215	0
11.2942	0.0179875	145.855	0.831998	0
11.2785	0.0182839	147.456	0.817007	0
11.2942	0.0176505	148.007	0.836087	0
11.3161	0.0174083	146.889	0.80849	0
11.2716	0.0175015	147.289	0.824162	0
11.2492	0.0184811	147.273	0.834383	0
11.2897	0.0177356	146.906	0.807127	0
11.2995	0.0176337	147.256	0.83745	0
11.3001	0.0177572	147.039	0.819392	0
11.3006	0.0178266	148.824	0.833361	0
11.3124	0.0177498	146.389	0.844945	0
11.3056	0.0176623	148.807	0.812919	0
11.2922	0.0175747	146.405	0.845626	0
11.2885	0.0173619	148.457	0.828251	0
11.2787	0.0179467	147.523	0.815645	0
11.2706	0.0180383	146.289	0.835065	0
11.2681	0.0177197	149.241	0.848352	0
11.2916	0.0177676	147.623	0.823481	0
11.2812	0.0177907	147.623	0.819052	0
11.2466	0.0175692	148.057	0.843582	0
11.2555	0.0181084	145.121	0.821777	0
11.2917	0.0177845	147.156	0.828932	0
11.3085	0.01784	147.373	0.851418	0
11.2832	0.0181036	146.572	0.816667	0
11.3001	0.0177946	146.939	0.820414	0
11.2919	0.0180266	147.273	0.831998	0
11.2315	0.0176646	148.04	0.819733	0
11.2833	0.0179935	145.788	0.829954	0
11.3267	0.0180684	146.138	0.847671	0
11.2881	0.0177704	146.989	0.819052	0
11.279	0.0174623	147.606	0.842219	0
11.2816	0.0174378	147.706	0.820074	0
11.2803	0.0177756	146.489	0.841879	0
11.2926	0.0177032	146.055	0.82314	0
11.3011	0.0180096	147.506	0.824844	0
11.2956	0.0177069	147.373	0.823481	0
11.2812	0.0174391	147.123	0.845286	0
11.2694	0.0178583	147.873	0.831658	0
11.2938	0.0177997	148.991	0.84733	0
11.2926	0.0177681	146.222	0.829613	0
11.2599	0.0180531	147.223	0.826888	0
11.2663	0.0178502	147.807	0.829954	0
11.2842	0.0175689	148.574	0.810534	0
11.2823	0.0172951	148.39	0.822459	0
11.2719	0.0177992	147.473	0.831317	0
11.279	0.0182181	147.523	0.841538	0
11.2826	0.0178324	146.055	0.826206	0
11.2764	0.0172556	147.039	0.82314	0
11.2701	0.017749	149.858	0.856188	0
11.2802	0.0175077	148.791	0.820074	0
11.2747	0.0176234	148.907	0.840516	0
11.2667	0.0175661	147.69	0.840516	0
11.2737	0.0182727	147.64	0.823481	0
11.2685	0.017752	148.173	0.847671	0
11.2764	0.017654	147.49	0.83779	0
11.2675	0.0180144	147.54	0.828591	0
11.2486	0.0177415	147.223	0.840857	0
11.2647	0.0170646	147.773	0.827569	0
11.286	0.0175318	148.023	0.809171	0
11.3133	0.0176826	147.756	0.840857	0
11.2872	0.0176026	147.69	0.822118	0
11.2627	0.0176512	146.789	0.815985	0
11.2847	0.0176759	148.941	0.828932	0
11.2711	0.0178759	146.939	0.833361	0
11.2967	0.0176826	147.807	0.835065	0
11.3221	0.0179652	147.473	0.828591	0
11.2762	0.0180773	146.572	0.837109	0
11.2812	0.0175746	147.506	0.820755	0
11.3077	0.0176612	146.872	0.817007	0
11.2775	0.0177329	147.289	0.824844	0
11.2865	0.0180812	147.823	0.814963	0
11.3231	0.0180452	147.456	0.810534	0
11.2784	0.0175703	147.973	0.828251	0
11.2548	0.0175369	148.691	0.850056	0
11.2944	0.0178514	148.023	0.828932	0
11.2936	0.0180229	147.957	0.838812	0
11.2637	0.0178013	147.606	0.831658	0
11.272	0.017626	149.191	0.845967	0
11.2751	0.0177097	146.889	0.826888	0
11.2549	0.0180583	147.073	0.835746	0
11.2749	0.0182688	148.19	0.821096	0
11.2974	0.0175779	147.273	0.830295	0
11.2833	0.0176577	146.439	0.821437	0
11.2859	0.0179527	146.272	0.821437	0
11.3095	0.0182052	146.922	0.829273	0
11.2897	0.0177803	146.922	0.811215	0
11.2866	0.0172308	148.24	0.829613	0
11.2812	0.0179797	146.589	0.831998	0
11.2456	0.018099	147.79	0.830295	0
11.2643	0.017671	146.472	0.829273	0
11.2792	0.0175146	145.972	0.82791	0
11.2771	0.0171219	147.556	0.839835	0
11.3067	0.0175997	146.906	0.84733	0
11.3103	0.0176226	149.324	0.831998	0
11.2946	0.0173458	147.84	0.836087	0
11.2871	0.0175634	149.441	0.837109	0
11.2666	0.0174001	146.389	0.825866	0
11.242	0.0177973	145.671	0.817348	0
11.2483	0.0182547	147.139	0.814622	0
11.2933	0.0176699	148.507	0.827228	0
11.3009	0.0175124	148.224	0.844945	0
11.2643	0.0176629	146.022	0.829613	0
11.2781	0.0174642	148.307	0.822459	0
11.2922	0.0176974	145.054	0.821096	0
11.2813	0.0173629	147.756	0.827569	0
11.3079	0.0173755	147.923	0.830976	0
11.3021	0.0177522	146.405	0.833702	0
11.2513	0.0175439	147.49	0.830976	0
11.2672	0.0176093	147.239	0.84733	0
11.2954	0.0172936	147.556	0.828591	0
11.2931	0.0177863	147.523	0.825866	0
11.3053	0.0171266	147.339	0.836427	0
11.2836	0.0179852	147.039	0.84256	0
11.2553	0.0176784	146.606	0.83268	0
11.2917	0.0176764	148.34	0.816326	0
11.3102	0.017741	148.774	0.844945	0
11.2924	0.0175975	146.505	0.83268	0
11.3089	0.0178239	146.672	0.856188	0
11.3166	0.018031	147.807	0.82791	0
11.2954	0.0181559	146.756	0.838472	0
11.2846	0.0181228	147.456	0.835746	0
11.2977	0.0174832	148.791	0.843923	0
11.2963	0.0175237	147.89	0.828932	0
11.2805	0.017629	146.122	0.830295	0
11.2877	0.0179614	146.339	0.848011	0
11.2793	0.0181783	147.673	0.828591	0
11.2471	0.0178644	146.922	0.819733	0
11.2654	0.01814	146.172	0.824844	0
11.2857	0.0176315	146.088	0.83268	0
11.2853	0.0175838	148.24	0.838472	0
11.304	0.0180704	148.057	0.829613	0
11.3094	0.0176914	147.556	0.822118	0
11.2824	0.0176917	146.172	0.849034	0
11.2645	0.0177978	147.556	0.820414	0
11.2737	0.0176731	146.922	0.843923	0
11.3005	0.0180477	147.573	0.815304	0
11.3013	0.017791	148.173	0.82791	0
11.2822	0.0169669	147.156	0.828591	0
11.2707	0.0173064	147.573	0.831317	0
11.2626	0.017214	146.622	0.832339	0
11.2661	0.0173937	147.506	0.825866	0
11.2632	0.0177051	147.506	0.823481	0
11.2566	0.0176691	147.506	0.831998	0
11.2691	0.0178727	147.239	0.84256	0
11.2801	0.0179304	148.123	0.844945	0
11.302	0.0174346	147.656	0.848352	0
11.2958	0.0177309	146.072	0.841197	0
11.2813	0.0179428	147.323	0.835065	0
11.2784	0.018139	148.09	0.856529	0
11.2675	0.0176715	146.188	0.828591	0
11.2752	0.0176035	147.339	0.857551	0
11.2738	0.017927	147.406	0.839494	0
11.2659	0.017836	146.906	0.84733	0
11.2666	0.0176634	146.305	0.83268	0
11.279	0.0172312	148.741	0.836768	0
11.2851	0.0178073	144.987	0.834724	0
11.2848	0.0176704	146.972	0.839153	0
11.2997	0.017798	146.472	0.837109	0
11.2867	0.0181051	147.94	0.802016	0
11.2703	0.0179029	146.906	0.83779	0
11.2914	0.0174561	147.256	0.817007	0
11.2833	0.0181331	145.671	0.825184	0
11.2498	0.0176277	147.089	0.829954	0
11.2701	0.0178136	146.322	0.843923	0
11.3036	0.0177191	148.641	0.80883	0
11.292	0.017477	145.822	0.819392	0
11.2809	0.0178448	147.59	0.828251	0
11.3139	0.0179811	147.957	0.822459	0
11.3142	0.0177427	147.756	0.817007	0
11.2862	0.0176676	147.94	0.833361	0
11.3051	0.0174474	148.19	0.814282	0
11.3135	0.0178243	147.94	0.830636	0
11.2628	0.0174717	145.972	0.818029	0
11.2693	0.0175527	148.907	0.836427	0
11.3143	0.0175268	146.906	0.833361	0
11.282	0.0169314	146.822	0.829273	0
11.2473	0.0171629	145.738	0.830295	0
11.2615	0.0174347	147.239	0.840175	0
11.2952	0.017558	146.138	0.817007	0
11.2999	0.0174677	147.273	0.829613	0
11.2549	0.0176205	147.706	0.826547	0
11.2633	0.0174535	146.656	0.848352	0
11.2972	0.0177134	147.139	0.840516	0
11.2763	0.017645	147.123	0.829954	0
11.2591	0.0178856	147.506	0.828251	0
11.2862	0.0178789	147.206	0.850396	0
11.2978	0.0177859	146.505	0.831998	0
11.2736	0.0178042	147.807	0.840175	0
11.2731	0.0176345	146.422	0.844264	0
11.2947	0.017707	147.289	0.841197	0
11.2757	0.0174314	147.807	0.826547	0
11.2625	0.0178141	147.223	0.815645	0
11.28	0.0172932	147.49	0.817007	0
11.2964	0.0179793	146.155	0.807127	0
11.2766	0.0172872	147.073	0.83779	0
11.2511	0.0179609	147.673	0.853122	0
11.263	0.0178716	146.739	0.831317	0
11.2781	0.017336	148.424	0.836768	0
11.288	0.0175579	147.289	0.827569	0
11.3002	0.017244	147.723	0.811897	0
11.2735	0.0175088	147.523	0.861299	0
11.2604	0.0173998	146.572	0.845967	0
11.2872	0.0174217	147.773	0.840175	0
11.2933	0.01765	148.073	0.822459	0
11.2953	0.017646	147.289	0.850056	0
11.2966	0.0175675	147.089	0.829273	0
11.2797	0.0181351	146.706	0.822799	0
11.2573	0.0178929	147.106	0.844604	0
11.2575	0.0175512	147.106	0.819392	0
11.2869	0.0178791	148.54	0.818029	0
11.292	0.0176335	149.141	0.834724	0
11.2824	0.0176869	146.872	0.841879	0
11.2808	0.0177117	146.789	0.817689	0
11.2665	0.0174753	147.89	0.819392	0
11.2658	0.018081	146.856	0.849715	0
11.2788	0.0176824	146.422	0.828932	0
11.2892	0.0180493	148.324	0.850056	0
11.2896	0.0178562	146.939	0.846989	0
11.2875	0.0176814	148.023	0.812578	0
11.273	0.0177139	146.822	0.874246	0
11.2621	0.0177307	147.573	0.829954	0
11.2912	0.0179173	147.573	0.835405	0
11.3109	0.01744	147.289	0.831658	0
11.2927	0.0179891	148.824	0.844604	0
11.2914	0.0176761	147.223	0.836427	0
11.2937	0.0175968	149.091	0.835405	0
11.2889	0.0174739	147.923	0.807808	0
11.2962	0.0177333	149.008	0.83302	0
11.2917	0.0174439	147.023	0.818029	0
11.2996	0.0180743	148.19	0.839494	0
11.3086	0.0180068	147.69	0.839494	0
11.2915	0.0175404	145.955	0.793499	0
11.2947	0.0172753	147.256	0.831317	0
11.274	0.0175584	147.273	0.819052	0
11.2534	0.0175412	146.322	0.835065	0
11.2913	0.0176666	148.707	0.806786	0
11.3081	0.0183804	148.173	0.809171	0
11.3073	0.0178812	147.907	0.826888	0
11.3051	0.0172808	147.873	0.833702	0
11.2684	0.017556	147.173	0.833361	0
11.2583	0.0176644	147.74	0.831998	0
11.274	0.0180907	147.64	0.821777	0
11.2804	0.0175439	147.339	0.828591	0
11.2931	0.0179119	147.94	0.830976	0
11.3013	0.0177218	147.073	0.823481	0
11.2665	0.0177885	147.023	0.850396	0
11.2536	0.0178262	149.308	0.821777	0
11.2896	0.0172114	145.671	0.821096	0
11.2683	0.0176972	147.039	0.825525	0
11.2333	0.0172838	147.339	0.836427	0
11.2416	0.0174896	147.773	0.843242	0
11.2749	0.017234	148.307	0.83268	0
11.2938	0.0174828	145.421	0.811897	0
11.2723	0.0176669	147.339	0.817348	0
11.2651	0.0182144	147.106	0.826547	0
11.2954	0.0178073	147.139	0.818029	0
11.2776	0.0178646	147.873	0.842901	0
11.2366	0.0174081	147.023	0.805083	0
11.2666	0.0174439	147.623	0.842901	0
11.2813	0.0176614	147.456	0.838812	0
11.2782	0.0175318	147.023	0.833702	0
11.295	0.0174894	148.624	0.834383	0
11.2876	0.0176579	146.722	0.830295	0
11.2536	0.0176384	146.038	0.821096	0
11.2658	0.0172004	147.123	0.83745	0
11.2978	0.0179577	147.273	0.824503	0
11.2927	0.0177513	146.789	0.807127	0
11.2783	0.0177249	147.79	0.828251	0
11.2823	0.018187	147.089	0.828251	0
11.2687	0.0174026	146.722	0.850056	0
11.2472	0.0179881	147.807	0.851759	0
11.2715	0.0178733	146.939	0.836427	0
11.283	0.0178563	147.506	0.814282	0
11.278	0.0176621	148.841	0.83745	0
11.2925	0.0176529	148.157	0.833702	0
11.2883	0.0175514	147.323	0.825184	0
11.2812	0.0176106	147.857	0.823821	0
11.29	0.0182525	146.906	0.836087	0
11.2963	0.0180579	147.44	0.823821	0
11.2829	0.0177073	148.157	0.829613	0
11.2845	0.0178699	146.722	0.840516	0
11.2661	0.0174246	146.205	0.843582	0
11.2346	0.018027	148.874	0.830976	0
11.2546	0.0177802	147.54	0.831998	0
11.2784	0.017735	147.64	0.836087	0
11.2664	0.0174161	146.739	0.8521	0
11.2737	0.0181003	147.289	0.829273	0
11.2916	0.0175952	148.307	0.833361	0
11.296	0.0173791	148.691	0.827569	0
11.2969	0.01755	147.857	0.834724	0
11.2961	0.0174801	148.307	0.829954	0
11.2744	0.0172786	148.941	0.818711	0
11.2476	0.0175613	147.74	0.843923	0
11.2782	0.0178488	147.406	0.831317	0
11.3035	0.0176088	146.939	0.834724	0
11.287	0.0176804	146.138	0.83268	0
11.2698	0.0173688	146.606	0.841197	0
11.2713	0.0178403	148.007	0.817348	0
11.287	0.0175204	148.324	0.81326	0
11.2886	0.0178938	148.874	0.824844	0
11.2869	0.0177526	146.956	0.836427	0
11.2865	0.0172844	147.89	0.831317	0
11.2793	0.0177916	146.789	0.816326	0
11.2806	0.0177387	147.356	0.826206	0
11.287	0.0177546	148.057	0.831317	0
11.2985	0.0179188	147.79	0.854825	0
11.3284	0.0176128	147.456	0.84733	0
11.3134	0.0178023	147.139	0.850737	0
11.2814	0.0176349	147.306	0.829273	0
11.2966	0.0182588	145.938	0.825525	0
11.2923	0.0180626	147.957	0.845286	0
11.2699	0.0176894	149.725	0.812919	0
11.2844	0.0178176	147.323	0.821777	0
11.297	0.0176599	147.106	0.831658	0
11.2988	0.0176592	146.689	0.81837	0
11.276	0.0177278	145.955	0.8521	0
11.2542	0.017807	148.04	0.846308	0
11.2544	0.0175052	146.439	0.810534	0
11.2296	0.0177485	148.157	0.823481	0
11.2485	0.0178886	147.823	0.838812	0
11.2781	0.0177577	147.54	0.852781	0
11.2712	0.0175736	147.706	0.835065	0
11.2803	0.0177802	148.14	0.831998	0
11.3063	0.0178258	149.525	0.830636	0
11.2989	0.0178234	148.173	0.846649	0
11.2723	0.0175931	148.357	0.834043	0
11.2596	0.0174595	147.073	0.812238	0
11.2598	0.0177237	146.105	0.821096	0
11.2661	0.0178917	148.007	0.83268	0
11.2676	0.0176244	147.973	0.841538	0
11.2533	0.01778	145.688	0.824162	0
11.2448	0.0176312	147.389	0.82791	0
11.2609	0.0175027	147.423	0.825866	0
11.2735	0.018149	146.722	0.839835	0
11.2782	0.0177328	147.189	0.80883	0
11.2695	0.0181339	147.456	0.833361	0
11.2778	0.0174818	146.806	0.811897	0
11.2983	0.0183089	148.207	0.838812	0
11.2715	0.0177007	147.64	0.848693	0
11.2312	0.0175337	144.854	0.828251	0
11.2392	0.0174177	147.173	0.830636	0
11.2813	0.0178356	149.124	0.848352	0
11.2671	0.0176525	145.972	0.855507	0
11.2547	0.0177963	148.173	0.82791	0
11.2934	0.017782	147.823	0.830976	0
11.3013	0.0177716	147.239	0.841879	0
11.2682	0.0180691	147.106	0.839494	0
11.2649	0.0180801	146.706	0.84256	0
11.2744	0.0176404	146.522	0.836768	0
11.2729	0.0174183	148.107	0.835065	0
11.286	0.0173169	147.59	0.828932	0
11.3063	0.0172602	147.456	0.834383	0
11.2734	0.0177041	146.339	0.843242	0
11.2311	0.0174385	146.355	0.817348	0
11.255	0.0177353	146.639	0.820414	0
11.2714	0.0175716	146.722	0.83745	0
11.2702	0.0178452	148.157	0.82314	0
11.2949	0.017996	147.54	0.83302	0
11.2716	0.0176577	148.007	0.828591	0
11.2421	0.0176399	145.304	0.826547	0
11.2594	0.0177451	148.007	0.838812	0
11.279	0.0175862	147.907	0.826547	0
11.2693	0.0175088	144.804	0.831998	0
11.2561	0.0175862	147.523	0.824844	0
11.2732	0.0171295	147.223	0.83268	0
11.2956	0.0174026	148.24	0.846649	0
11.2787	0.0181459	147.857	0.836768	0
11.2721	0.0177435	148.274	0.817689	0
11.3131	0.0176048	147.323	0.845967	0
11.3105	0.0176797	148.257	0.836427	0
11.2799	0.0179378	148.173	0.850056	0
11.2838	0.0179116	148.941	0.841879	0
11.2804	0.0176228	146.672	0.814282	0
11.2604	0.0176536	147.706	0.830636	0
11.2696	0.0175578	148.224	0.815304	0
11.2721	0.0176037	146.689	0.831317	0
11.2693	0.017801	150.275	0.862662	0
11.2849	0.0179008	145.872	0.834383	0
11.2794	0.0174906	146.939	0.829954	0
11.2856	0.0175707	148.407	0.831998	0
11.2945	0.0173237	147.907	0.821777	0
11.2579	0.0174276	146.739	0.842901	0
11.263	0.0174966	146.772	0.830636	0
11.2652	0.0178749	146.555	0.841538	0
11.2577	0.0181484	146.539	0.843242	0
11.2785	0.0180226	149.258	0.815985	0
11.2845	0.017663	146.922	0.832339	0
11.2525	0.017194	148.507	0.809171	0
11.2491	0.0172734	146.822	0.815985	0
11.2988	0.0178104	148.123	0.827569	0
11.3067	0.0177575	147.189	0.822459	0
11.266	0.0180407	146.205	0.82314	0
11.2815	0.0178126	149.191	0.839153	0
11.2988	0.0176909	147.59	0.849715	0
11.2689	0.0176532	147.473	0.818029	0
11.2719	0.0174337	147.74	0.822799	0
11.281	0.0179064	148.173	0.822799	0
11.2742	0.0180108	145.721	0.844945	0
11.283	0.0176246	148.741	0.819392	0
11.2869	0.0180001	147.089	0.827569	0
11.2752	0.0178761	146.555	0.834383	0
11.2556	0.0173541	147.223	0.838812	0
11.251	0.0180044	146.639	0.844264	0
11.2583	0.0174914	147.957	0.824162	0
11.2678	0.0175894	146.389	0.831998	0
11.2733	0.0176863	146.906	0.82791	0
11.2791	0.0174834	147.69	0.818029	0
11.3022	0.0177991	147.773	0.837109	0
11.2928	0.0176698	146.889	0.809512	0
11.2616	0.0176284	149.208	0.821777	0
11.27	0.0181629	146.839	0.81326	0
11.2991	0.0178509	145.822	0.80372	0
11.3074	0.0182258	147.323	0.846989	0
11.2883	0.0175573	147.64	0.830976	0
11.2528	0.0174027	146.222	0.837109	0
11.2508	0.0178722	146.889	0.814963	0
11.2725	0.0175315	146.789	0.83302	0
11.2786	0.0177022	147.089	0.833702	0
11.2784	0.0173311	147.873	0.812578	0
11.2935	0.0176933	147.59	0.809512	0
11.3027	0.0172796	147.54	0.818711	0
11.2957	0.0173419	148.173	0.830636	0
11.2708	0.0174792	147.99	0.835746	0
11.2604	0.0177299	145.705	0.817007	0
11.2657	0.0175809	148.39	0.829954	0
11.2543	0.0176019	145.938	0.815304	0
11.2668	0.0174362	147.373	0.819733	0
11.288	0.0172294	147.423	0.836087	0
11.2905	0.0174018	148.324	0.839835	0
11.2845	0.0176886	148.29	0.842219	0
11.2679	0.0172711	146.222	0.828251	0
11.2705	0.0176121	145.738	0.839494	0
11.2883	0.0178355	147.84	0.841538	0
11.2829	0.0177863	147.473	0.840175	0
11.2597	0.0179236	146.956	0.818711	0
11.2668	0.0172928	146.122	0.80883	0
11.2807	0.0178663	148.29	0.835746	0
11.2717	0.0180431	148.39	0.860958	0
11.2833	0.017819	146.906	0.825525	0
11.2696	0.0175578	147.673	0.82314	0
11.2365	0.0175065	147.139	0.831317	0
11.2522	0.0177381	147.089	0.83268	0
11.2741	0.0182939	148.741	0.833702	0
11.2809	0.0178639	147.406	0.827228	0
11.2554	0.01745	147.373	0.820074	0
11.2287	0.0173355	145.872	0.848011	0
11.2663	0.0172758	147.573	0.832339	0
11.2961	0.0180623	146.005	0.82314	0
11.2815	0.0174701	148.107	0.835065	0
11.2883	0.0177468	148.457	0.823481	0
11.2785	0.0177334	146.422	0.824844	0
11.2495	0.0179403	148.374	0.83779	0
11.2932	0.0178988	146.422	0.830976	0
11.3103	0.0179261	147.623	0.847671	0
11.2774	0.0173209	148.257	0.826547	0
11.2877	0.0180329	147.123	0.831658	0
11.2895	0.0177449	146.739	0.833702	0
11.2753	0.0175001	147.373	0.811897	0
11.268	0.0176847	146.455	0.815985	0
11.2594	0.0173952	147.073	0.826888	0
11.2615	0.0180918	147.506	0.82791	0
11.2811	0.0176205	148.023	0.828591	0
11.287	0.0180667	148.107	0.829273	0
11.276	0.017723	147.89	0.810193	0
11.2672	0.0182319	146.088	0.811215	0
11.2559	0.0176902	147.606	0.827569	0
11.27	0.0176059	147.089	0.842219	0
11.2599	0.0176784	146.205	0.838472	0
11.2345	0.0172714	147.556	0.827569	0
11.2649	0.017852	147.073	0.844264	0
11.2717	0.0180219	147.173	0.822799	0
11.2594	0.0175276	147.323	0.829613	0
11.2791	0.017815	145.621	0.811897	0
11.2631	0.0176401	148.04	0.856529	0
11.2401	0.0181234	146.222	0.849374	0
11.2658	0.0178091	144.854	0.816326	0
11.2914	0.0174994	149.008	0.839153	0
11.2833	0.0180343	148.123	0.835746	0
11.2567	0.0177011	146.706	0.806105	0
11.2675	0.0180634	148.107	0.844604	0
11.2923	0.0173542	148.674	0.838131	0
11.2979	0.0170113	147.273	0.812919	0
11.2927	0.0175345	147.456	0.830636	0
11.2918	0.0179177	146.856	0.816326	0
11.2811	0.0176226	148.274	0.834043	0
11.2691	0.0175033	148.007	0.820074	0
0	0	0	0	0
0	0	0	0	0
0	0	0	0	0
0	0	0	0	0
0	0	0	0	0
0	0	0	0	0
0	0	0	0	0
0	0	0	0	0
0	0	0	0	0
0	0	0	0	0
0	0	0	0	0
0	0	0	0	0
0	0	0	0	0
0	0	0	0	0
0	0	0	0	0
0	0	0	0	0
0	0	0	0	0
0	0	0	0	0
0	0	0	0	0
0	0	0	0	0
0	0	0	0	0
0	0	0	0	0
0	0	0	0	0
0	0	0	0	0
0	0	0	0	0
0	0	0	0	0
0	0	0	0	0
0	0	0	0	0
0	0	0	0	0
0	0	0	0	0
0	0	0	0	0
0	0	0	0	0
0	0	0	0	0
0	0	0	0	0
0	0	0	0	0
0	0	0	0	0
0	0	0	0	0
0	0	0	0	0
0	0	0	0	0
0	0	0	0	0
0	0	0	0	0
0	0	0	0	0
0	0	0	0	0
0	0	0	0	0
0	0	0	0	0
0	0	0	0	0
0	0	0	0	0
0	0	0	0	0
0	0	0	0	0
0	0	0	0	0
0	0	0	0	0
0	0	0	0	0
0	0	0	0	0
0	0	0	0	0
0	0	0	0	0
0	0	0	0	0
0	0	0	0	0
0	0	0	0	0
0	0	0	0	0
0	0	0	0	0
0	0	0	0	0
0	0	0	0	0
0	0	0	0	0
0	0	0	0	0
0	0	0	0	0
0	0	0	0	0
0	0	0	0	0
0	0	0	0	0
0	0	0	0	0
0	0	0	0	0
0	0	0	0	0
0	0	0	0	0
0	0	0	0	0
0	0	0	0	0
0	0	0	0	0
0	0	0	0	0
0	0	0	0	0
0	0	0	0	0
0	0	0	0	0
0	0	0	0	0
0	0	0	0	0
0	0	0	0	0
0	0	0	0	0
0	0	0	0	0
0	0	0	0	0
0	0	0	0	0
0	0	0	0	0
0	0	0	0	0
0	0	0	0	0
0	0	0	0	0
0	0	0	0	0
0	0	0	0	0
0	0	0	0	0
0	0	0	0	0
0	0	0	0	0
0	0	0	0	0
0	0	0	0	0
0	0	0	0	0
0	0	0	0	0
0	0	0	0	0
0	0	0	0	0
0	0	0	0	0
0	0	0	0	0
0	0	0	0	0
0	0	0	0	0
0	0	0	0	0
0	0	0	0	0
0	0	0	0	0
0	0	0	0	0
0	0	0	0	0
0	0	0	0	0
0	0	0	0	0
0	0	0	0	0
0	0	0	0	0
0	0	0	0	0
0	0	0	0	0
0	0	0	0	0
0	0	0	0	0
0	0	0	0	0
0	0	0	0	0
0	0	0	0	0
0	0	0	0	0
0	0	0	0	0
0	0	0	0	0
0	0	0	0	0
0	0	0	0	0
0	0	0	0	0
0	0	0	0	0
0	0	0	0	0
0	0	0	0	0
0	0	0	0	0
0	0	0	0	0
0	0	0	0	0
0	0	0	0	0
0	0	0	0	0
0	0	0	0	0
0	0	0	0	0
0	0	0	0	0
0	0	0	0	0
0	0	0	0	0
0	0	0	0	0
0	0	0	0	0
0	0	0	0	0
0	0	0	0	0
0	0	0	0	0
0	0	0	0	0
0	0	0	0	0
0	0	0	0	0
0	0	0	0	0
0	0	0	0	0
0	0	0	0	0
0	0	0	0	0
0	0	0	0	0
0	0	0	0	0
0	0	0	0	0
0	0	0	0	0
0	0	0	0	0
0	0	0	0	0
0	0	0	0	0
0	0	0	0	0
0	0	0	0	0
0	0	0	0	0
0	0	0	0	0
0	0	0	0	0
0	0	0	0	0
0	0	0	0	0
0	0	0	0	0
0	0	0	0	0
0	0	0	0	0
0	0	0	0	0
0	0	0	0	0
0	0	0	0	0
0	0	0	0	0
0	0	0	0	0
0	0	0	0	0
0	0	0	0	0
0	0	0	0	0
0	0	0	0	0
0	0	0	0	0
0	0	0	0	0
0	0	0	0	0
0	0	0	0	0
0	0	0	0	0
0	0	0	0	0
0	0	0	0	0
0	0	0	0	0
0	0	0	0	0
0	0	0	0	0
0	0	0	0	0
0	0	0	0	0
0	0	0	0	0
0	0	0	0	0
0	0	0	0	0
0	0	0	0	0
0	0	0	0	0
0	0	0	0	0
0	0	0	0	0
0	0	0	0	0
0	0	0	0	0
0	0	0	0	0
0	0	0	0	0
0	0	0	0	0
0	0	0	0	0
0	0	0	0	0
0	0	0	0	0
0	0	0	0	0
0	0	0	0	0
0	0	0	0	0
0	0	0	0	0
0	0	0	0	0
0	0	0	0	0
0	0	0	0	0
0	0	0	0	0
0	0	0	0	0
0	0	0	0	0
0	0	0	0	0
0	0	0	0	0
0	0	0	0	0
0	0	0	0	0
0	0	0	0	0
0	0	0	0	0
0	0	0	0	0
0	0	0	0	0
0	0	0	0	0
0	0	0	0	0
0	0	0	0	0
0	0	0	0	0
0	0	0	0	0
0	0	0	0	0
0	0	0	0	0
0	0	0	0	0
0	0	0	0	0
0	0	0	0	0
0	0	0	0	0
0	0	0	0	0
0	0	0	0	0
0	0	0	0	0
0	0	0	0	0
0	0	0	0	0
0	0	0	0	0
0	0	0	0	0
0	0	0	0	0
0	0	0	0	0
0	0	0	0	0
0	0	0	0	0
0	0	0	0	0
0	0	0	0	0
0	0	0	0	0
0	0	0	0	0
0	0	0	0	0
0	0	0	0	0
0	0	0	0	0
0	0	0	0	0
0	0	0	0	0
0	0	0	0	0
0	0	0	0	0
0	0	0	0	0
0	0	0	0	0
0	0	0	0	0
0	0	0	0	0
0	0	0	0	0
0	0	0	0	0
0	0	0	0	0
0	0	0	0	0
0	0	0	0	0
0	0	0	0	0
0	0	0	0	0
0	0	0	0	0
0	0	0	0	0
0	0	0	0	0
0	0	0	0	0
0	0	0	0	0
0	0	0	0	0
0	0	0	0	0
0	0	0	0	0
0	0	0	0	0
0	0	0	0	0
0	0	0	0	0
0	0	0	0	0
0	0	0	0	0
0	0	0	0	0
0	0	0	0	0
0	0	0	0	0
0	0	0	0	0
0	0	0	0	0
0	0	0	0	0
0	0	0	0	0
0	0	0	0	0
0	0	0	0	0
0	0	0	0	0
0	0	0	0	0
0	0	0	0	0
0	0	0	0	0
0	0	0	0	0
0	0	0	0	0
0	0	0	0	0
0	0	0	0	0
0	0	0	0	0
0	0	0	0	0
0	0	0	0	0
0	0	0	0	0
0	0	0	0	0
0	0	0	0	0
0	0	0	0	0
0	0	0	0	0
0	0	0	0	0
0	0	0	0	0
0	0	0	0	0
0	0	0	0	0
0	0	0	0	0
0	0	0	0	0
0	0	0	0	0
0	0	0	0	0
0	0	0	0	0
0	0	0	0	0
0	0	0	0	0
0	0	0	0	0
0	0	0	0	0
0	0	0	0	0
0	0	0	0	0
0	0	0	0	0
0	0	0	0	0
0	0	0	0	0
0	0	0	0	0
0	0	0	0	0
0	0	0	0	0
0	0	0	0	0
0	0	0	0	0
0	0	0	0	0
0	0	0	0	0
0	0	0	0	0
0	0	0	0	0
0	0	0	0	0
0	0	0	0	0
0	0	0	0	0
0	0	0	0	0
0	0	0	0	0
0	0	0	0	0
0	0	0	0	0
0	0	0	0	0
0	0	0	0	0
0	0	0	0	0
0	0	0	0	0
0	0	0	0	0
0	0	0	0	0
0	0	0	0	0
0	0	0	0	0
0	0	0	0	0
0	0	0	0	0
0	0	0	0	0
0	0	0	0	0
0	0	0	0	0
0	0	0	0	0
0	0	0	0	0
0	0	0	0	0
0	0	0	0	0
0	0	0	0	0
0	0	0	0	0
0	0	0	0	0
0	0	0	0	0
0	0	0	0	0
0	0	0	0	0
0	0	0	0	0
0	0	0	0	0
0	0	0	0	0
0	0	0	0	0
0	0	0	0	0
0	0	0	0	0
0	0	0	0	0
0	0	0	0	0
0	0	0	0	0
0	0	0	0	0
0	0	0	0	0
0	0	0	0	0
0	0	0	0	0
0	0	0	0	0
0	0	0	0	0
0	0	0	0	0
0	0	0	0	0
0	0	0	0	0
0	0	0	0	0
0	0	0	0	0
0	0	0	0	0
0	0	0	0	0
0	0	0	0	0
0	0	0	0	0
0	0	0	0	0
0	0	0	0	0
0	0	0	0	0
0	0	0	0	0
0	0	0	0	0
0	0	0	0	0
0	0	0	0	0
0	0	0	0	0
0	0	0	0	0
0	0	0	0	0
0	0	0	0	0
0	0	0	0	0
0	0	0	0	0
0	0	0	0	0
