a2610710.050066
Narit-cm 07/01/2026 09:35:02 07/01/2026 10:05:00 0045 0013.384714 0052.542598 00.0 00.0
0002401 0010 0000000 0010 05 0000000 0010 0000000 0010
1 0 1 01600 1 0000 3.75 00000.o 0 0 01 000 16 002401 0.500 BT0
1 2 1 02000 1 0000 3.75 00000.o 0 0 01 000 16 002401 0.500 S2A0
1 1 1 01600 1 0000 3.75 00000.o 0 0 00 000 00 002401 3.1746 BC0
1 3 1 02000 1 0000 3.75 00000.o 0 0 00 000 00 002401 3.1746 S2P0
1 5 0 01600 0 0000 1.00 00000.o 0 0 00 000 00 000000 0.000 OF0
0.000 .o Analog 0 	0.000 .o Analog StErr 0 	0.000 .o Photon Counting 0 	0.000 .o PC StErr 0 	0.000 .o Overflow Info 0 
33.1031	0.142662	171.695	0.844722	0
64.2574	0.301464	180.275	0.842342	0
196.644	1.51164	83.3819	1.24634	0
452.16	0.79627	0.0999584	0.0408078	1
473.465	0.000381455	18.1758	0.607016	0
473.457	0	124.048	1.19873	0
473.457	0	91.6785	1.23342	0
473.457	0	10.3623	0.442425	0
473.457	6.3565E-6	8.01333	0.359789	0
473.457	9.01586E-6	23.9733	0.605656	0
473.457	0	61.4577	0.849143	0
473.457	0	110.704	0.99163	0
473.457	0	124.581	0.963745	0
473.457	0	96.3599	0.919876	0
473.457	6.3565E-6	80.5331	0.875668	0
473.457	0	82.1824	0.875328	0
473.457	0	86.1308	0.867846	0
473.457	0	96.2599	0.88417	0
473.457	0	100.791	0.88451	0
473.476	0.00951173	116.468	0.891651	0
488.572	0.251	140.691	0.921237	1
499.935	0.0243738	162.032	0.869207	1
500	0	175.71	0.903893	1
500	0	186.289	0.881109	1
500	0	187.622	0.871927	1
500	0	188.888	0.862745	1
496.152	0.13047	187.555	0.855264	1
467.887	0.283721	186.939	0.853904	1
433.29	0.264963	186.522	0.877028	0
403.483	0.23695	185.739	0.858665	0
375.7	0.230195	183.474	0.874648	0
349.453	0.213519	184.756	0.871587	0
325.571	0.201462	183.957	0.846082	0
302.989	0.194974	184.623	0.845062	0
281.501	0.184691	181.608	0.848803	0
261.341	0.176916	182.274	0.860365	0
242.371	0.172106	181.624	0.837241	0
224.497	0.167811	179.325	0.882129	0
207.46	0.162953	180.441	0.860025	0
191.1	0.158069	181.025	0.828739	0
175.599	0.154085	179.742	0.853564	0
160.848	0.152479	177.809	0.83486	0
146.529	0.150741	179.758	0.823298	0
132.725	0.149913	176.826	0.852884	0
119.505	0.147343	178.342	0.8352	0
106.834	0.144498	179.242	0.846082	0
94.749	0.140091	176.793	0.8352	0
83.403	0.136822	176.26	0.830439	0
72.8715	0.132268	177.459	0.8369	0
63.2449	0.124062	176.46	0.859005	0
54.7774	0.114137	174.561	0.83316	0
47.5944	0.101738	175.577	0.852203	0
41.7123	0.0886678	174.294	0.847783	0
37.1434	0.0786073	172.062	0.817857	0
33.6203	0.0680896	174.744	0.822958	0
30.9593	0.0580132	174.477	0.815476	0
29.1026	0.0531471	172.911	0.857644	0
27.6584	0.0471712	171.912	0.827719	0
26.4384	0.0425886	171.529	0.8335	0
25.5283	0.0394654	170.062	0.827379	0
24.8021	0.0379378	169.729	0.840981	0
24.1553	0.0363113	169.08	0.829079	0
23.6412	0.0345001	167.863	0.820917	0
23.2233	0.0330152	168.13	0.831459	0
22.7768	0.0327773	164.531	0.837921	0
22.4005	0.031388	167.33	0.820577	0
22.1288	0.0322278	165.081	0.845742	0
21.8477	0.0317171	164.132	0.825338	0
21.6152	0.0316352	164.815	0.83588	0
21.3969	0.0312362	163.282	0.831459	0
21.1293	0.03111	163.532	0.823638	0
20.9357	0.0303526	163.515	0.817177	0
20.782	0.0308515	161.616	0.818537	0
20.614	0.0293044	162.449	0.830779	0
20.4184	0.0292029	162.132	0.826699	0
20.2479	0.0294714	162.232	0.83214	0
20.1336	0.0294195	160.533	0.849823	0
19.9782	0.0292683	159.717	0.818537	0
19.838	0.0289586	160.167	0.847102	0
19.7387	0.0294175	160.533	0.83588	0
19.6017	0.029062	163.698	0.83588	0
19.4668	0.0286429	158.601	0.83418	0
19.347	0.0283402	161.449	0.815476	0
19.2487	0.0287976	160.083	0.818877	0
19.1385	0.0277467	160.167	0.819897	0
19.0265	0.0276884	159.65	0.851523	0
18.9911	0.0275558	159.384	0.846762	0
18.9185	0.0263415	160	0.839961	0
18.8166	0.0263126	160.466	0.83588	0
18.7749	0.0270799	160.15	0.814456	0
18.6726	0.0268095	158.201	0.838261	0
18.6177	0.0272435	160.5	0.830779	0
18.6701	0.0267534	159.1	0.849143	0
18.6047	0.0268717	158.267	0.812756	0
18.4809	0.0264391	157.918	0.803234	0
18.4843	0.0272686	158.584	0.815136	0
18.4881	0.0269049	158.867	0.818537	0
18.4341	0.0268887	159.184	0.837241	0
18.4347	0.0270788	159.1	0.838261	0
18.3776	0.0265308	158.751	0.839281	0
18.3236	0.0272175	158.734	0.837581	0
18.3063	0.0263351	157.451	0.812756	0
18.2282	0.0271267	157.568	0.829079	0
18.1815	0.02694	158.201	0.83486	0
18.1358	0.0270349	157.801	0.83656	0
18.047	0.0269156	158.534	0.819217	0
18.0176	0.0265345	158.85	0.8335	0
17.9669	0.0263558	156.152	0.83214	0
17.8753	0.0266	157.351	0.815136	0
17.8327	0.0260743	157.801	0.819557	0
17.7742	0.0257269	157.834	0.83214	0
17.6997	0.0262832	158.517	0.828399	0
17.6827	0.0265419	157.368	0.810715	0
17.6417	0.0263599	156.568	0.814116	0
17.545	0.0256951	157.684	0.818197	0
17.4127	0.025255	158.151	0.829759	0
17.3131	0.0252664	155.119	0.827379	0
17.2076	0.0255238	155.802	0.824658	0
17.0532	0.0251175	156.568	0.804594	0
16.945	0.0253586	156.085	0.841321	0
16.8563	0.02528	154.769	0.820917	0
16.7567	0.0248797	154.835	0.814456	0
16.693	0.0245821	156.551	0.823638	0
16.6247	0.0244112	156.285	0.824658	0
16.5402	0.0247011	155.635	0.842682	0
16.4795	0.0246885	153.953	0.826018	0
16.4451	0.0245702	152.103	0.844382	0
16.3861	0.0244138	153.869	0.824318	0
16.3236	0.0246734	154.752	0.816157	0
16.2838	0.0247498	152.82	0.83554	0
16.1973	0.0242051	154.152	0.811396	0
16.114	0.025128	152.686	0.822618	0
16.0647	0.0239012	154.852	0.822618	0
16.0051	0.0242057	152.653	0.810715	0
15.9235	0.023824	152.97	0.810035	0
15.8936	0.0243908	154.436	0.822618	0
15.8372	0.0242392	153.669	0.811056	0
15.6992	0.0230906	153.303	0.806635	0
15.6002	0.0231896	153.386	0.801874	0
15.5423	0.023241	153.736	0.820917	0
15.4625	0.0233312	152.736	0.820237	0
15.3888	0.0228066	151.52	0.821598	0
15.2975	0.0229284	151.97	0.830779	0
15.2243	0.0230962	151.47	0.829079	0
15.1889	0.0234013	150.97	0.811056	0
15.093	0.022638	151.937	0.828059	0
15.0004	0.0222272	150.954	0.811396	0
14.9541	0.0224942	151.753	0.829759	0
14.8711	0.0222965	151.853	0.826358	0
14.7926	0.0229753	151.187	0.823298	0
14.7793	0.0221136	150.254	0.8335	0
14.7626	0.0223078	150.937	0.807655	0
14.6729	0.022256	148.955	0.824998	0
14.5871	0.0220329	149.371	0.827039	0
14.5663	0.0219182	150.054	0.812076	0
14.509	0.0219606	150.404	0.844382	0
14.4506	0.0219831	150.537	0.845062	0
14.4111	0.0222434	149.654	0.826358	0
14.3534	0.0221195	150.571	0.838601	0
14.3152	0.0216959	149.654	0.83248	0
14.2601	0.0215852	150.621	0.824658	0
14.2116	0.0212922	148.205	0.826018	0
14.215	0.0211454	148.871	0.775689	0
14.1897	0.021217	149.105	0.818877	0
14.0861	0.0212613	146.022	0.814456	0
14.0173	0.0212547	147.738	0.818537	0
14.0251	0.021618	148.521	0.801874	0
14.0134	0.0213363	148.505	0.818537	0
13.9631	0.0215655	149.521	0.83554	0
13.8869	0.0209038	149.171	0.812076	0
13.8369	0.0207758	147.155	0.818537	0
13.8131	0.0209229	147.872	0.83214	0
13.782	0.0208692	148.305	0.824658	0
13.7611	0.0206924	148.655	0.811396	0
13.737	0.0211275	146.972	0.812076	0
13.6831	0.0202009	147.555	0.813096	0
13.6341	0.0201169	148.072	0.807315	0
13.6214	0.0204111	146.556	0.83588	0
13.6134	0.0202584	145.306	0.808675	0
13.576	0.0206936	147.922	0.83248	0
13.5231	0.0206833	147.139	0.83486	0
13.482	0.0202331	147.022	0.800854	0
13.4513	0.020501	147.305	0.809355	0
13.4479	0.020218	147.172	0.83248	0
13.427	0.0203054	148.355	0.83418	0
13.3844	0.0199265	144.873	0.825338	0
13.3922	0.0201403	146.789	0.822278	0
13.3875	0.0204237	146.989	0.826018	0
13.3495	0.0203472	147.439	0.817517	0
13.3325	0.0197872	146.622	0.845402	0
13.3241	0.0204361	144.04	0.812076	0
13.3231	0.0206278	146.372	0.800514	0
13.2941	0.0204033	144.84	0.826018	0
13.2529	0.0200086	144.823	0.824318	0
13.2721	0.0203047	146.922	0.811736	0
13.2629	0.019722	146.006	0.839621	0
13.1954	0.0198254	145.456	0.819897	0
13.1852	0.0203265	145.523	0.822278	0
13.2007	0.0203042	146.506	0.830779	0
13.2029	0.019952	144.473	0.821598	0
13.1756	0.0199557	145.506	0.83282	0
13.1426	0.0201718	145.539	0.811056	0
13.1457	0.0199544	145.989	0.809015	0
13.1163	0.0199858	146.039	0.819217	0
13.1007	0.0194979	145.473	0.83418	0
13.1219	0.0195848	144.057	0.813436	0
13.1012	0.019632	145.939	0.799833	0
13.0629	0.0200424	145.339	0.815136	0
13.0409	0.0198556	144.823	0.811056	0
13.0271	0.0197314	144.706	0.850163	0
13.0265	0.0200581	146.106	0.818877	0
13.032	0.0201194	144.04	0.816837	0
12.9907	0.0200425	145.19	0.810715	0
12.9861	0.0197779	144.906	0.818877	0
13.0161	0.0196879	145.106	0.800173	0
12.9838	0.0191158	145.456	0.811396	0
12.9636	0.0194119	145.056	0.822958	0
12.9937	0.0198526	144.823	0.815816	0
12.9776	0.0194948	145.939	0.825678	0
12.9396	0.0195248	144.706	0.800854	0
12.9558	0.019324	144.673	0.809015	0
12.9549	0.0200296	144.24	0.799493	0
12.9343	0.0197687	145.339	0.841321	0
12.9453	0.0200972	144.173	0.815816	0
12.9153	0.0193262	144.34	0.817177	0
12.8777	0.0197243	144.556	0.819557	0
12.9022	0.0197089	145.09	0.815136	0
12.9021	0.0189481	145.156	0.83588	0
12.8842	0.0192792	144.423	0.795753	0
12.8981	0.0196099	145.223	0.804254	0
12.8983	0.0197254	145.156	0.829419	0
12.8725	0.0196971	144.523	0.818877	0
12.8508	0.0200819	144.273	0.815816	0
12.8713	0.0199607	144.84	0.843362	0
12.8881	0.0192153	142.94	0.796433	0
12.8302	0.0194653	143.89	0.817177	0
12.7955	0.0192413	144.956	0.812756	0
12.833	0.0195413	144.223	0.820237	0
12.7919	0.0191396	144.44	0.827379	0
12.7579	0.0196354	145.273	0.821938	0
12.8049	0.0191902	143.424	0.808675	0
12.7873	0.0198486	143.09	0.816837	0
12.7487	0.0195319	144.623	0.805274	0
12.7391	0.0193336	144.756	0.829419	0
12.7397	0.0192432	144.157	0.83248	0
12.7418	0.0192515	144.856	0.8335	0
12.7232	0.0194688	144.207	0.817177	0
12.7354	0.0196871	145.106	0.826358	0
12.7359	0.0198854	144.14	0.796433	0
12.7031	0.0195999	143.474	0.813096	0
12.6893	0.0195867	144.473	0.827719	0
12.6993	0.0191353	144.623	0.820237	0
12.6983	0.0189223	143.64	0.803234	0
12.6802	0.0188963	143.44	0.824998	0
12.7129	0.0195893	145.389	0.797793	0
12.714	0.0192957	144.59	0.824658	0
12.6669	0.0191021	143.44	0.830099	0
12.6673	0.0194665	143.64	0.803914	0
12.6876	0.0196525	143.14	0.821938	0
12.6779	0.0196528	144.84	0.825338	0
12.686	0.0196605	143.074	0.808675	0
12.6779	0.0194382	142.374	0.830099	0
12.6553	0.0194418	146.172	0.83248	0
12.6517	0.0191448	143.307	0.816497	0
12.6548	0.0192406	144.74	0.820237	0
12.6599	0.0191003	145.656	0.818197	0
12.6653	0.0194665	143.324	0.813096	0
12.6499	0.0194955	145.906	0.83418	0
12.6407	0.0192079	142.724	0.817177	0
12.6505	0.0190301	144.057	0.801194	0
12.6553	0.019686	144.207	0.822958	0
12.6796	0.0191469	144.973	0.823638	0
12.6574	0.0192536	144.423	0.816157	0
12.6006	0.0192344	143.99	0.810375	0
12.6053	0.0192108	143.707	0.811736	0
12.6293	0.0190966	143.357	0.806975	0
12.6006	0.0195773	143.007	0.83622	0
12.6068	0.0195418	144.223	0.827039	0
12.6363	0.0188628	143.74	0.812416	0
12.5897	0.0188542	143.407	0.820917	0
12.6017	0.0189426	142.724	0.798133	0
12.6397	0.0195676	143.957	0.829759	0
12.5793	0.0196541	143.657	0.805955	0
12.5545	0.0192719	144.49	0.820917	0
12.5953	0.019166	144.64	0.813096	0
12.5938	0.0191477	144.173	0.808675	0
12.5769	0.0187776	144.606	0.814796	0
12.6099	0.0190609	142.557	0.824658	0
12.6146	0.0185567	142.824	0.816157	0
12.5791	0.0188787	143.24	0.816157	0
12.5715	0.0189328	143.657	0.804934	0
12.5811	0.0193732	141.891	0.816497	0
12.5706	0.0192828	144.506	0.83316	0
12.5759	0.0189021	144.506	0.809355	0
12.5847	0.0188513	144.19	0.78317	0
12.5686	0.0190821	142.241	0.785551	0
12.5456	0.0195543	142.324	0.806635	0
12.5248	0.0191551	143.49	0.804254	0
12.5362	0.0190625	143.324	0.820577	0
12.5692	0.0193495	142.741	0.821257	0
12.5385	0.0189762	141.691	0.826018	0
12.5282	0.019279	143.124	0.816497	0
12.5409	0.0191823	142.624	0.812756	0
12.5275	0.0187487	141.608	0.805955	0
12.5202	0.019044	144.073	0.839961	0
12.5065	0.0190562	142.724	0.812076	0
12.5203	0.0189223	144.556	0.821598	0
12.5238	0.0190537	143.09	0.813436	0
12.4933	0.0192955	143.24	0.802214	0
12.4749	0.0191646	142.457	0.801874	0
12.4982	0.0195627	143.807	0.817517	0
12.5066	0.0191273	143.507	0.817517	0
12.4701	0.019363	142.94	0.809015	0
12.4798	0.0185934	142.924	0.825678	0
12.5197	0.0195691	142.441	0.819557	0
12.526	0.0198985	144.107	0.813776	0
12.5027	0.0194924	142.691	0.827379	0
12.4912	0.0198313	141.908	0.814796	0
12.5114	0.0193645	142.924	0.821257	0
12.4958	0.0191766	143.374	0.824658	0
12.4775	0.0192765	143.907	0.812416	0
12.4824	0.0192029	143.957	0.794732	0
12.4786	0.0188636	143.374	0.805955	0
12.4663	0.0189105	142.824	0.807315	0
12.4683	0.0189487	142.391	0.798473	0
12.4832	0.0191418	141.258	0.815816	0
12.4701	0.0187028	143.54	0.819897	0
12.4737	0.0189454	142.94	0.819557	0
12.474	0.0190802	143.957	0.809355	0
12.4485	0.0196456	142.641	0.828739	0
12.4793	0.0195088	142.057	0.794732	0
12.5124	0.0197524	143.54	0.812756	0
12.4941	0.0188884	143.257	0.811056	0
12.4771	0.0195551	143.474	0.810375	0
12.4868	0.0191231	143.157	0.817177	0
12.4653	0.019576	143.507	0.806975	0
12.4413	0.0183301	143.207	0.805274	0
12.4736	0.0187062	144.157	0.815136	0
12.4828	0.0192989	142.424	0.813436	0
12.4444	0.0191915	141.624	0.806975	0
12.4693	0.0190875	141.941	0.818537	0
12.497	0.0191059	143.44	0.808675	0
12.4744	0.018991	142.574	0.804594	0
12.4426	0.0189066	141.458	0.823638	0
12.4329	0.0190058	142.691	0.811736	0
12.4615	0.0190098	143.207	0.812076	0
12.4738	0.0186296	142.674	0.821938	0
12.4715	0.0194182	143.79	0.808335	0
12.4659	0.0193609	144.423	0.827379	0
12.4325	0.0194738	141.608	0.83588	0
12.4463	0.0190809	144.323	0.817857	0
12.4708	0.0187999	143.49	0.798473	0
12.4715	0.019157	142.89	0.818537	0
12.4584	0.0195093	144.74	0.807995	0
12.4207	0.0191953	143.19	0.844382	0
12.4438	0.0192114	142.94	0.805955	0
12.4713	0.0194074	144.94	0.793712	0
12.4543	0.0186431	143.74	0.838261	0
12.4451	0.0192225	144.39	0.811396	0
12.4401	0.0195018	143.607	0.820237	0
12.4428	0.0193868	144.123	0.830099	0
12.4565	0.0187165	141.941	0.797453	0
12.4569	0.0188561	142.124	0.808675	0
12.4434	0.019405	143.807	0.816157	0
12.4287	0.0190526	142.957	0.807655	0
12.4365	0.0190816	143.157	0.816497	0
12.4616	0.0191237	142.94	0.815136	0
12.4373	0.0187083	142.541	0.820237	0
12.4195	0.0190882	143.374	0.818537	0
12.4048	0.0187844	144.14	0.818877	0
12.4164	0.0191205	141.574	0.801194	0
12.4528	0.0192354	141.991	0.805274	0
12.4663	0.0192857	143.84	0.843702	0
12.4551	0.018749	143.607	0.804934	0
12.4151	0.0183004	143.457	0.817177	0
12.393	0.0187117	142.274	0.83588	0
12.4183	0.0186964	142.441	0.791332	0
12.44	0.0193227	144.057	0.799153	0
12.426	0.0186895	142.574	0.838941	0
12.4372	0.019168	142.407	0.803574	0
12.4436	0.0190167	145.523	0.828059	0
12.4394	0.0190266	143.823	0.820237	0
12.4435	0.0191347	143.823	0.820237	0
12.4078	0.0193633	142.741	0.823298	0
12.4031	0.0186586	144.456	0.814116	0
12.4433	0.0186807	142.824	0.818877	0
12.4311	0.0184184	141.824	0.83588	0
12.4228	0.0188575	143.823	0.83384	0
12.4419	0.0192914	143.44	0.821938	0
12.4216	0.0192468	143.174	0.83282	0
12.407	0.0191966	143.107	0.828059	0
12.3979	0.0191276	145.506	0.827719	0
12.4155	0.0194257	143.773	0.820917	0
12.4306	0.0195736	144.34	0.822278	0
12.4191	0.0194686	143.707	0.799833	0
12.4503	0.0192775	143.09	0.83248	0
12.4707	0.0188898	143.757	0.820237	0
12.4076	0.0189864	143.607	0.843362	0
12.3989	0.0191793	141.974	0.819897	0
12.4315	0.0189698	141.941	0.799153	0
12.4135	0.0187069	145.04	0.809015	0
12.4391	0.0195023	142.907	0.8352	0
12.4349	0.0192731	143.623	0.825338	0
12.382	0.0194477	142.491	0.813096	0
12.3944	0.0192335	143.274	0.812076	0
12.3893	0.0186128	143.09	0.800514	0
12.3552	0.0192268	144.24	0.824998	0
12.4011	0.0192332	141.724	0.822278	0
12.4391	0.0188239	143.307	0.828059	0
12.4168	0.0187669	143.407	0.798473	0
12.4075	0.0192141	143.39	0.829079	0
12.4136	0.0189592	142.674	0.83452	0
12.4146	0.0191998	143.09	0.83316	0
12.4034	0.018901	141.991	0.819217	0
12.3949	0.0194227	141.941	0.8369	0
12.408	0.0193655	143.307	0.812076	0
12.4064	0.0193596	144.123	0.821257	0
12.4045	0.0190511	144.556	0.840641	0
12.4221	0.0189225	141.841	0.815476	0
12.3977	0.0185772	143.823	0.816837	0
12.3842	0.0189223	143.673	0.822958	0
12.4168	0.0190484	142.807	0.814456	0
12.4196	0.0190421	142.807	0.814796	0
12.4124	0.0189773	144.59	0.818197	0
12.4119	0.0188387	141.858	0.827039	0
12.3871	0.0191625	143.757	0.812076	0
12.3964	0.0190554	142.707	0.815476	0
12.4108	0.0190664	142.741	0.811736	0
12.3923	0.0190198	139.892	0.820577	0
12.3893	0.0190386	140.775	0.808335	0
12.3824	0.0189072	141.324	0.826358	0
12.3726	0.0184616	143.457	0.800173	0
12.394	0.0190292	142.041	0.814456	0
12.4253	0.01941	142.857	0.824998	0
12.4431	0.0195068	142.691	0.813436	0
12.431	0.0185478	142.407	0.808675	0
12.4024	0.0190146	143.107	0.807315	0
12.3697	0.0191527	143.524	0.827719	0
12.395	0.0194471	143.673	0.825678	0
12.4221	0.0190768	143.424	0.819217	0
12.4126	0.0187622	142.524	0.816497	0
12.4125	0.0191832	141.924	0.814116	0
12.3932	0.0185153	142.957	0.801534	0
12.3896	0.0185904	142.657	0.800854	0
12.3776	0.0189295	143.623	0.815136	0
12.3638	0.0191066	144.107	0.808675	0
12.3971	0.0185306	143.207	0.811056	0
12.3989	0.0188518	143.124	0.824998	0
12.3737	0.0191226	142.94	0.817517	0
12.3855	0.0187846	143.64	0.820917	0
12.3998	0.018922	142.624	0.807315	0
12.3794	0.0190082	143.657	0.824998	0
12.3838	0.0191872	142.857	0.822278	0
12.3854	0.0189072	143.307	0.840641	0
12.3672	0.0192976	142.624	0.817517	0
12.3622	0.0190777	143.374	0.816837	0
12.3583	0.018768	142.207	0.806295	0
12.3686	0.0186397	142.624	0.821257	0
12.3956	0.0192091	143.157	0.798473	0
12.3982	0.0191787	143.29	0.8318	0
12.38	0.019179	142.524	0.810035	0
12.3591	0.019584	142.974	0.820577	0
12.3653	0.0188866	142.607	0.816837	0
12.3771	0.0186859	143.557	0.807995	0
12.3646	0.018418	143.04	0.810375	0
12.3785	0.0184376	143.923	0.828739	0
12.4002	0.0187785	143.207	0.831119	0
12.3842	0.0192649	143.657	0.822278	0
12.4076	0.0192211	141.258	0.822278	0
12.4068	0.0188565	143.64	0.8318	0
12.3654	0.0188634	143.99	0.823978	0
12.3995	0.018966	142.407	0.801534	0
12.4097	0.0189448	143.19	0.801534	0
12.3649	0.0189659	141.558	0.831119	0
12.3668	0.0191409	142.824	0.844042	0
12.382	0.0192378	143.274	0.830099	0
12.3705	0.0187052	142.824	0.822278	0
12.3728	0.0189399	142.557	0.806975	0
12.3861	0.0189255	142.541	0.814116	0
12.3678	0.0190633	141.941	0.823978	0
12.3511	0.019573	143.174	0.830779	0
12.3686	0.0196945	144.373	0.806295	0
12.367	0.0190003	142.541	0.830439	0
12.363	0.0191889	142.691	0.814796	0
12.3885	0.0194486	143.29	0.829079	0
12.394	0.0190384	143.357	0.818197	0
12.3662	0.019154	143.84	0.822278	0
12.394	0.0191091	144.806	0.811736	0
12.3997	0.0191629	141.341	0.810035	0
12.3511	0.0191502	145.506	0.814456	0
12.3825	0.0193175	142.457	0.814456	0
12.391	0.018785	142.574	0.829759	0
12.3629	0.0189829	142.624	0.830099	0
12.3916	0.0189903	142.641	0.812076	0
12.3843	0.0190931	143.857	0.831119	0
12.352	0.0184949	142.307	0.804254	0
12.3698	0.0190748	142.957	0.824318	0
12.3806	0.0190591	143.59	0.791672	0
12.3683	0.0187676	143.723	0.817857	0
12.3879	0.0189391	143.374	0.821598	0
12.3797	0.0186487	142.274	0.83248	0
12.3396	0.0187051	143.207	0.823298	0
12.3798	0.0188481	143.773	0.818877	0
12.4148	0.0192262	142.857	0.815136	0
12.3566	0.0195522	141.724	0.83384	0
12.3207	0.019494	142.191	0.838941	0
12.3224	0.0188544	142.791	0.820917	0
12.3252	0.018752	143.723	0.802554	0
12.3554	0.0188961	142.457	0.800854	0
12.375	0.0187961	144.456	0.814796	0
12.3577	0.0192532	144.24	0.822278	0
12.3356	0.0187961	143.524	0.821598	0
12.3356	0.0187735	143.24	0.799153	0
12.3373	0.0189849	141.858	0.794732	0
12.322	0.0186337	142.691	0.8318	0
12.3513	0.0188695	142.741	0.820237	0
12.3717	0.018636	142.091	0.789971	0
12.3473	0.0185452	143.39	0.822618	0
12.3324	0.0186537	142.224	0.822278	0
12.3416	0.0190389	143.157	0.810715	0
12.3628	0.0184275	142.89	0.829079	0
12.3621	0.018923	143.957	0.83384	0
12.363	0.0193886	143.374	0.815136	0
12.3855	0.0190573	141.208	0.83418	0
12.3764	0.0192056	143.307	0.826018	0
12.3612	0.0189708	143.407	0.814456	0
12.3568	0.0190539	141.441	0.811736	0
12.317	0.0190914	142.924	0.812756	0
12.3383	0.0194854	143.907	0.798473	0
12.3729	0.0191014	142.574	0.817857	0
12.3497	0.0189538	143.557	0.826699	0
12.3289	0.018578	142.341	0.822958	0
12.2982	0.0188478	142.057	0.824998	0
12.3034	0.0183876	142.141	0.813776	0
12.3673	0.0186852	143.207	0.810715	0
12.3602	0.0188596	142.774	0.810715	0
12.3204	0.0189489	142.691	0.809695	0
12.3355	0.0185382	142.557	0.844382	0
12.3367	0.0186792	142.591	0.797113	0
12.3114	0.0192108	142.424	0.825678	0
12.3082	0.018806	142.224	0.810375	0
12.3392	0.0189017	144.007	0.843022	0
12.3515	0.0192911	143.84	0.816837	0
12.3649	0.0189067	142.974	0.805614	0
12.3494	0.0187483	140.558	0.807995	0
12.3154	0.0188789	143.09	0.819217	0
12.349	0.0190872	144.007	0.814796	0
12.3695	0.0192865	143.89	0.821938	0
12.3266	0.0188781	141.391	0.812416	0
12.3054	0.0192721	143.09	0.799833	0
12.3246	0.0189002	144.456	0.818197	0
12.3317	0.0185124	141.224	0.812416	0
12.3229	0.0188317	142.907	0.83214	0
12.3223	0.0190482	141.458	0.815476	0
12.3196	0.0192056	143.107	0.814456	0
12.3154	0.0193419	142.374	0.797453	0
12.3189	0.0188328	142.974	0.807315	0
12.3352	0.0187542	142.724	0.824658	0
12.3364	0.0186449	143.207	0.826018	0
12.3311	0.0189666	144.023	0.802894	0
12.3577	0.0189792	143.14	0.821598	0
12.3641	0.0189978	142.374	0.829419	0
12.3337	0.0194378	141.824	0.818537	0
12.3257	0.0191468	143.69	0.812076	0
12.3442	0.019216	143.507	0.8335	0
12.3429	0.0197265	141.791	0.815136	0
12.2876	0.0190271	141.924	0.821938	0
12.2768	0.0189971	142.574	0.818877	0
12.32	0.0188771	143.04	0.817857	0
12.3121	0.0190989	140.358	0.822278	0
12.3189	0.0185552	142.94	0.822618	0
12.3497	0.0189558	143.457	0.820237	0
12.3452	0.0189408	141.841	0.838261	0
12.3463	0.0189698	145.056	0.806635	0
12.3603	0.0193102	143.007	0.803234	0
12.3414	0.0191235	141.608	0.826699	0
12.309	0.0190434	142.174	0.814116	0
12.3117	0.0191553	143.507	0.820577	0
12.3359	0.0188817	140.891	0.801194	0
12.3354	0.0186428	142.341	0.811736	0
12.3405	0.0193535	142.974	0.820577	0
12.3432	0.0192988	143.64	0.824318	0
12.3275	0.0194415	143.174	0.810375	0
12.3228	0.0192796	143.89	0.821257	0
12.3246	0.0191879	142.241	0.818537	0
12.3398	0.019151	143.707	0.826699	0
12.3396	0.0194714	142.357	0.808675	0
12.3152	0.0190322	144.123	0.823638	0
12.3411	0.0191438	143.54	0.807995	0
12.3671	0.0192446	141.025	0.813096	0
12.3573	0.0196445	142.224	0.815476	0
12.3449	0.0188327	143.157	0.8335	0
12.3453	0.0190663	142.341	0.795072	0
12.347	0.0191309	142.741	0.807655	0
12.3166	0.0188059	142.707	0.793372	0
12.3222	0.0187851	143.24	0.812756	0
12.3205	0.0191456	142.024	0.837581	0
12.3041	0.0187165	142.924	0.824998	0
12.3169	0.0182542	142.824	0.807995	0
12.3161	0.0187672	142.607	0.799153	0
12.3338	0.0190429	142.174	0.816157	0
12.337	0.0190481	140.608	0.813436	0
12.2974	0.0189899	143.024	0.811396	0
12.2984	0.0186574	141.424	0.805274	0
12.3116	0.0191241	143.79	0.819557	0
12.287	0.0186944	142.041	0.806295	0
12.2906	0.0187468	142.574	0.823638	0
12.3299	0.0188721	142.324	0.818877	0
12.3322	0.0185826	142.057	0.814796	0
12.2964	0.0189776	142.724	0.814456	0
12.3241	0.0190916	142.691	0.83452	0
12.3631	0.019103	141.658	0.813436	0
12.3081	0.0188479	142.691	0.808335	0
12.2847	0.0189248	143.257	0.817177	0
12.3288	0.0187994	142.574	0.818877	0
12.3179	0.0191749	143.957	0.806295	0
12.2832	0.0188253	142.674	0.800173	0
12.2925	0.0188437	143.99	0.806295	0
12.3166	0.0188875	143.24	0.829419	0
12.3091	0.0184729	144.24	0.824998	0
12.3091	0.0188378	142.024	0.825338	0
12.3166	0.0192611	142.407	0.814796	0
12.3111	0.019065	141.708	0.806295	0
12.3046	0.0189333	142.057	0.816157	0
12.3072	0.018573	143.673	0.8318	0
12.3028	0.0190299	143.34	0.829759	0
12.3193	0.0189759	141.758	0.806295	0
12.3269	0.018669	141.608	0.815816	0
12.3119	0.0189859	143.673	0.817517	0
12.3206	0.0188605	143.107	0.788951	0
12.3131	0.0186402	143.04	0.811056	0
12.3066	0.0183391	140.758	0.810715	0
12.3113	0.018979	142.94	0.827719	0
12.2913	0.0185079	141.674	0.812076	0
12.3006	0.0189823	143.374	0.820237	0
12.3117	0.0186176	140.625	0.812416	0
12.2902	0.0187792	143.84	0.816157	0
12.3025	0.01865	144.39	0.820577	0
12.3011	0.0188105	143.757	0.798813	0
12.2915	0.0182336	142.757	0.818877	0
12.3046	0.0186074	142.074	0.808335	0
12.2998	0.0190582	144.007	0.820917	0
12.3077	0.0190391	141.458	0.800854	0
12.3118	0.0190844	141.941	0.819557	0
12.296	0.0191627	142.94	0.807995	0
12.3289	0.0186285	142.241	0.813776	0
12.345	0.0189419	142.774	0.83418	0
12.3031	0.0187702	142.907	0.808335	0
12.3103	0.0190728	144.456	0.812756	0
12.332	0.0193429	141.774	0.827719	0
12.3107	0.0187347	142.257	0.849143	0
12.33	0.018003	143.324	0.839961	0
12.3449	0.0187668	142.041	0.816837	0
12.3162	0.0188762	142.274	0.828059	0
12.29	0.0186181	142.307	0.803234	0
12.3065	0.0185983	143.623	0.824318	0
12.2982	0.0188817	142.674	0.805955	0
12.2891	0.0188171	142.591	0.824318	0
12.3306	0.0194179	143.14	0.809355	0
12.3361	0.0191301	143.407	0.815476	0
12.3035	0.0186842	143.224	0.823638	0
12.3242	0.0187356	143.357	0.815816	0
12.3173	0.0191966	142.791	0.822618	0
12.3001	0.019384	142.424	0.800173	0
12.3165	0.0189268	141.991	0.827039	0
12.3136	0.0189325	143.49	0.820917	0
12.3042	0.0190726	143.324	0.837241	0
12.2951	0.0187172	142.157	0.806975	0
12.3035	0.0190728	141.574	0.792692	0
12.3148	0.0190314	142.057	0.83384	0
12.325	0.0189701	140.725	0.793712	0
12.301	0.0186172	145.289	0.839621	0
12.276	0.0188584	141.291	0.814796	0
12.3039	0.0188808	141.841	0.828059	0
12.312	0.0189546	142.874	0.797793	0
12.2999	0.0189697	143.024	0.794392	0
12.3094	0.0195952	142.091	0.8369	0
12.3062	0.0193887	141.991	0.798813	0
12.2803	0.0190314	143.424	0.815136	0
12.2935	0.0187293	141.841	0.818537	0
12.3149	0.0190013	142.174	0.815476	0
12.31	0.0184113	142.091	0.824998	0
12.3095	0.0188642	142.707	0.831119	0
12.3081	0.0189993	143.407	0.824998	0
12.3236	0.0195563	142.974	0.796093	0
12.3295	0.0187655	143.274	0.810715	0
12.3264	0.0192217	141.591	0.826699	0
12.3337	0.0191844	141.524	0.820917	0
12.3162	0.0190567	143.557	0.813436	0
12.3127	0.0191032	141.258	0.800173	0
12.312	0.0187182	141.441	0.808675	0
12.2808	0.0190292	143.673	0.821257	0
12.2806	0.0194976	143.723	0.793032	0
12.2939	0.018811	142.374	0.810375	0
12.3059	0.0193271	140.858	0.810035	0
12.31	0.0189365	143.174	0.816837	0
12.2962	0.0190909	141.774	0.847102	0
12.2887	0.018775	142.99	0.801874	0
12.2859	0.01865	142.274	0.830439	0
12.2883	0.0191396	142.924	0.814796	0
12.3103	0.0191617	141.591	0.800854	0
12.3088	0.018522	141.108	0.806635	0
12.2994	0.0189295	141.741	0.804254	0
12.3114	0.0185206	141.774	0.813096	0
12.3068	0.0186003	143.04	0.826699	0
12.3238	0.0186778	142.057	0.803234	0
12.3319	0.0184815	141.908	0.810375	0
12.3068	0.01902	142.524	0.812756	0
12.3043	0.018679	141.908	0.826699	0
12.315	0.0189401	142.174	0.814456	0
12.309	0.0198597	140.908	0.823978	0
12.2785	0.0190775	140.292	0.817517	0
12.2784	0.0190076	143.14	0.825678	0
12.302	0.0184673	141.341	0.817857	0
12.3031	0.01881	143.007	0.817517	0
12.3087	0.0193147	142.074	0.8318	0
12.2942	0.0187802	142.89	0.821598	0
12.3056	0.0190873	143.873	0.839281	0
12.3527	0.018844	143.39	0.829079	0
12.316	0.0192865	143.857	0.8318	0
12.2726	0.0186349	141.774	0.817857	0
12.2815	0.0189909	142.791	0.800514	0
12.2758	0.0187132	142.807	0.822618	0
12.2812	0.0187721	142.141	0.799833	0
12.2949	0.0192322	141.974	0.830439	0
12.2592	0.018855	142.291	0.829759	0
12.2499	0.0192788	141.508	0.804594	0
12.2907	0.0189388	143.54	0.807655	0
12.3258	0.0184808	142.591	0.816157	0
12.3266	0.0191352	141.841	0.846422	0
12.3136	0.0186472	143.807	0.83316	0
12.3047	0.0186451	143.474	0.842682	0
12.2954	0.0188546	142.541	0.797793	0
12.3012	0.0187697	143.357	0.816837	0
12.3313	0.0183567	143.257	0.810035	0
12.3296	0.0189884	143.124	0.823638	0
12.2709	0.019174	142.341	0.824998	0
12.2553	0.0191069	143.224	0.806975	0
12.3024	0.0185731	142.391	0.829759	0
12.301	0.0189336	142.541	0.821598	0
12.2585	0.0185032	141.708	0.806635	0
12.3003	0.0186102	143.907	0.843362	0
12.3261	0.0186561	142.757	0.815476	0
12.2929	0.0181455	141.808	0.807655	0
12.2924	0.019032	142.324	0.831119	0
12.2847	0.0188887	142.474	0.818537	0
12.2881	0.0189404	142.974	0.800854	0
12.3163	0.0191275	143.124	0.83214	0
12.2871	0.0188716	142.307	0.828399	0
12.2681	0.0188879	144.357	0.8318	0
12.3086	0.0191045	143.157	0.805955	0
12.3159	0.0188692	141.674	0.820577	0
12.2997	0.0192798	144.09	0.826358	0
12.2962	0.018591	144.406	0.825338	0
12.2983	0.0187991	143.59	0.808675	0
12.303	0.0188065	141.674	0.828059	0
12.3037	0.0188695	141.724	0.813776	0
12.3069	0.018901	143.507	0.827039	0
12.2925	0.0187035	143.507	0.798473	0
12.2568	0.0190209	141.125	0.805274	0
12.2748	0.0192352	141.574	0.821257	0
12.3274	0.0193783	143.09	0.810375	0
12.3167	0.0194166	143.957	0.811736	0
12.2833	0.018976	142.374	0.827379	0
12.3008	0.0190966	143.857	0.810035	0
12.3181	0.0188773	143.024	0.824998	0
12.2829	0.0187503	143.207	0.827379	0
12.2748	0.0191555	142.707	0.828059	0
12.2941	0.018632	141.674	0.802554	0
12.2923	0.0189531	143.24	0.822958	0
12.3058	0.0187893	142.174	0.810375	0
12.3127	0.0189127	141.741	0.83452	0
12.3163	0.0189194	142.274	0.802214	0
12.3291	0.0188351	142.074	0.804934	0
12.2995	0.0189798	142.341	0.809015	0
12.2993	0.0185869	143.39	0.83316	0
12.3045	0.0190246	143.057	0.811056	0
12.281	0.0184037	142.874	0.821938	0
12.2864	0.0191769	142.774	0.816157	0
12.3084	0.0187567	141.241	0.807655	0
12.3035	0.0187304	142.424	0.792012	0
12.3024	0.0190392	144.473	0.798813	0
12.3438	0.0191123	144.09	0.813776	0
12.3285	0.0190069	140.891	0.792352	0
12.2873	0.0187881	141.724	0.805274	0
12.2835	0.0187553	141.125	0.820237	0
12.2795	0.0187636	142.324	0.817517	0
12.2926	0.0188326	142.774	0.816837	0
12.2947	0.0190387	142.124	0.827379	0
12.3026	0.0187652	141.924	0.812756	0
12.321	0.0187964	142.757	0.819557	0
12.318	0.0189126	141.774	0.814456	0
12.3102	0.0188828	143.157	0.815476	0
12.3017	0.0191529	143.99	0.838261	0
12.2844	0.0187697	141.241	0.823638	0
12.2949	0.0190453	142.391	0.816497	0
12.3087	0.0190706	142.624	0.802554	0
12.2912	0.0192815	143.457	0.816157	0
12.2778	0.0189841	143.374	0.817857	0
12.285	0.0188374	143.224	0.804934	0
12.3051	0.0192862	142.774	0.804254	0
12.3171	0.019238	143.407	0.802554	0
12.3116	0.0188426	143.34	0.826018	0
12.3242	0.0190543	144.073	0.821257	0
12.3137	0.0195667	143.457	0.813436	0
12.3004	0.0187173	142.191	0.806975	0
12.32	0.0187507	143.224	0.806635	0
12.2964	0.0190805	141.208	0.806975	0
12.2597	0.0186611	141.458	0.814796	0
12.2923	0.0190155	142.591	0.810375	0
12.3321	0.0191265	141.991	0.828739	0
12.3145	0.0194108	143.14	0.815476	0
12.304	0.0191486	142.557	0.826699	0
12.2963	0.0186104	143.757	0.818537	0
12.2794	0.0196465	143.107	0.815476	0
12.3028	0.0192149	142.457	0.821257	0
12.3136	0.0183488	143.224	0.831119	0
12.3067	0.0190558	142.307	0.821938	0
12.2955	0.0186351	141.958	0.792692	0
12.2831	0.0188193	143.09	0.809015	0
12.3036	0.0193151	142.641	0.823298	0
12.2966	0.0191324	141.691	0.828059	0
12.2869	0.0194102	142.741	0.803574	0
12.2947	0.0191496	142.557	0.799153	0
12.3077	0.0183482	141.758	0.796093	0
12.3042	0.018435	142.224	0.830439	0
12.2832	0.0190204	143.74	0.801194	0
12.2706	0.019017	142.674	0.83384	0
12.2872	0.0188974	142.324	0.851523	0
12.2996	0.0191683	143.64	0.816157	0
12.2826	0.0187068	143.074	0.818197	0
12.2822	0.0190672	143.457	0.829759	0
12.2942	0.018819	142.491	0.802894	0
12.2856	0.0185192	141.041	0.802554	0
12.2897	0.018416	143.607	0.818877	0
12.2962	0.0189104	143.09	0.787931	0
12.3009	0.0185158	142.491	0.819897	0
12.3106	0.01967	142.241	0.797793	0
12.2858	0.0188604	141.908	0.818197	0
12.2806	0.0189713	142.707	0.829419	0
12.3095	0.0189663	142.124	0.805955	0
12.288	0.0184501	142.624	0.827379	0
12.2435	0.0191689	143.39	0.819217	0
12.2584	0.018695	142.374	0.819217	0
12.296	0.0186814	143.14	0.804254	0
12.3121	0.0186113	144.107	0.805614	0
12.2933	0.0189794	141.841	0.822958	0
12.2702	0.0188403	143.374	0.820237	0
12.3069	0.0186667	144.656	0.840641	0
12.304	0.0190934	140.891	0.820577	0
12.2584	0.018509	142.041	0.805614	0
12.2904	0.0187918	144.173	0.824658	0
12.3267	0.0194001	143.857	0.83282	0
12.2893	0.0191511	142.241	0.802894	0
12.2902	0.0187793	142.341	0.827039	0
12.3111	0.0194804	142.541	0.810715	0
12.2929	0.018882	142.641	0.83622	0
12.2871	0.0191894	143.89	0.816837	0
12.2738	0.0185928	141.341	0.8335	0
12.2871	0.0189235	141.374	0.827719	0
12.2943	0.0193731	141.558	0.808675	0
12.2714	0.0187683	142.441	0.802894	0
12.2986	0.0192419	141.924	0.803914	0
12.3085	0.0188566	143.374	0.808675	0
12.2898	0.0191482	142.507	0.8369	0
12.2994	0.018552	143.557	0.814116	0
12.2884	0.0184285	141.691	0.801874	0
12.2954	0.0188245	144.523	0.821938	0
12.3329	0.01918	141.224	0.816497	0
12.2865	0.018659	142.874	0.809695	0
12.2635	0.0183591	142.324	0.795413	0
12.3181	0.0189087	141.058	0.786571	0
12.3027	0.0190283	142.541	0.820237	0
12.2743	0.0185731	142.324	0.790652	0
12.3007	0.0184039	143.224	0.820917	0
12.2964	0.018941	142.057	0.823978	0
12.272	0.0196134	141.858	0.838261	0
12.2583	0.0188882	140.891	0.811396	0
12.2883	0.0189229	143.657	0.83248	0
12.3121	0.0184428	143.074	0.822278	0
12.302	0.0193164	142.457	0.813436	0
12.2855	0.0190157	142.057	0.803234	0
12.2927	0.0191161	142.857	0.828059	0
12.3188	0.0188212	144.007	0.805614	0
12.3091	0.0189392	142.591	0.83486	0
12.2834	0.0189089	142.774	0.797453	0
12.2791	0.0190908	142.674	0.821938	0
12.2714	0.019375	143.074	0.83588	0
12.2647	0.0184488	143.324	0.829419	0
12.2949	0.0189885	141.025	0.817857	0
12.2849	0.0186264	143.19	0.820917	0
12.2624	0.0191616	143.823	0.828059	0
12.3014	0.018785	142.091	0.822958	0
12.2941	0.0190594	143.124	0.814456	0
12.27	0.0190045	143.174	0.812756	0
12.2923	0.019233	142.241	0.822278	0
12.2874	0.0190453	143.623	0.828059	0
12.276	0.0191621	142.257	0.818877	0
12.2793	0.0191688	142.424	0.821257	0
12.2761	0.0190574	143.557	0.828739	0
12.2693	0.0184265	141.441	0.819217	0
12.2533	0.0188675	143.374	0.815816	0
12.2458	0.0185561	141.291	0.803914	0
12.2726	0.0182823	141.608	0.819897	0
12.3007	0.0188266	142.191	0.810035	0
12.2694	0.0191932	142.424	0.814796	0
12.248	0.0188215	141.491	0.800173	0
12.2802	0.0190173	143.474	0.799833	0
12.2674	0.0186086	143.374	0.854244	0
12.2621	0.0192577	141.791	0.801874	0
12.3109	0.0192827	141.624	0.78249	0
12.2899	0.0193606	142.441	0.795753	0
12.2263	0.0192195	141.758	0.812756	0
12.2554	0.0190451	144.506	0.801194	0
12.3002	0.0190861	142.974	0.810035	0
12.2843	0.018521	143.64	0.828739	0
12.2737	0.0184467	142.824	0.824318	0
12.2916	0.0187384	143.507	0.808675	0
12.3131	0.0187014	142.741	0.78283	0
12.3186	0.0190096	143.274	0.811056	0
12.2797	0.018468	142.441	0.819557	0
12.2648	0.0186424	141.958	0.795072	0
12.2803	0.0191507	140.808	0.791332	0
12.2829	0.0186641	144.323	0.823298	0
12.285	0.0188546	142.674	0.808675	0
12.2737	0.0188538	141.774	0.812076	0
12.2819	0.0185388	144.357	0.819557	0
12.3159	0.019128	143.074	0.821598	0
12.267	0.018824	141.241	0.827719	0
12.2435	0.0192875	142.407	0.815136	0
12.2933	0.0189735	143.074	0.844042	0
12.2876	0.0190094	143.257	0.806635	0
12.2714	0.0192339	142.074	0.831119	0
12.2993	0.0189556	143.757	0.807995	0
12.3138	0.0192474	142.091	0.815816	0
12.2833	0.0194013	143.857	0.810715	0
12.2668	0.019126	142.724	0.807655	0
12.2862	0.0190235	141.524	0.811056	0
12.2994	0.0192671	142.641	0.810035	0
12.2908	0.0189162	142.974	0.818877	0
12.2729	0.0182954	141.824	0.819897	0
12.256	0.0189717	142.791	0.818197	0
12.2676	0.0182639	144.04	0.8318	0
12.3064	0.0184823	142.374	0.812076	0
12.3014	0.0192308	143.207	0.814116	0
12.2628	0.0191924	142.724	0.815136	0
12.2775	0.0193225	142.041	0.810715	0
12.286	0.0193455	142.341	0.83316	0
12.2496	0.0191116	141.791	0.816497	0
12.2669	0.0188435	142.874	0.820237	0
12.2846	0.0191082	143.157	0.809355	0
12.2816	0.0192649	144.057	0.824318	0
12.3013	0.0191745	144.24	0.816157	0
12.2822	0.0194814	141.458	0.807995	0
12.2518	0.0188394	142.541	0.829079	0
12.2728	0.0191617	142.807	0.817857	0
12.2959	0.0187499	140.875	0.824998	0
12.2783	0.0194211	143.24	0.820237	0
12.2763	0.0190765	143.29	0.798133	0
12.2663	0.0187416	142.207	0.807315	0
12.2618	0.0188717	143.623	0.817177	0
12.2721	0.0189773	143.157	0.827379	0
12.2729	0.0190815	142.107	0.806975	0
12.3001	0.0184683	143.44	0.808675	0
12.2973	0.0188326	142.674	0.821938	0
12.2406	0.0186832	141.125	0.827379	0
12.2579	0.0185982	144.023	0.810035	0
12.3039	0.0185355	143.857	0.810715	0
12.2882	0.0189714	141.075	0.801534	0
12.2717	0.0188561	142.107	0.822278	0
12.3078	0.0187378	142.507	0.809695	0
12.3318	0.0190482	143.54	0.820577	0
12.2741	0.0194283	143.14	0.818877	0
12.2542	0.0188783	142.157	0.805274	0
12.3064	0.0190578	142.541	0.837581	0
12.309	0.0187669	142.807	0.807315	0
12.282	0.018536	142.641	0.814456	0
12.289	0.0190638	143.357	0.822618	0
12.2853	0.0188157	142.791	0.843022	0
12.2943	0.0190206	142.674	0.830779	0
12.2936	0.0188071	142.541	0.809355	0
12.2853	0.0191328	142.624	0.813776	0
12.3022	0.0184237	142.89	0.819897	0
12.2934	0.0190844	143.44	0.817177	0
12.2795	0.0186519	141.191	0.807655	0
12.28	0.0185094	141.608	0.810715	0
12.2814	0.0188343	142.84	0.802554	0
12.2946	0.0188999	142.107	0.813096	0
12.2638	0.0187364	142.424	0.822618	0
12.2199	0.0189811	142.774	0.83486	0
12.2661	0.0190537	143.84	0.826699	0
12.2818	0.01902	143.507	0.800173	0
12.2609	0.0190256	141.075	0.817857	0
12.2629	0.018658	142.524	0.813776	0
12.2855	0.0193585	143.557	0.823638	0
12.3094	0.0188995	142.657	0.810035	0
12.2934	0.0187466	142.424	0.826358	0
12.2691	0.018789	143.257	0.826699	0
12.281	0.0188633	142.774	0.817857	0
12.285	0.0186274	142.107	0.815136	0
12.275	0.018962	142.791	0.817857	0
12.2764	0.0194504	142.624	0.820237	0
12.2693	0.0185917	142.357	0.83554	0
12.2652	0.0190282	142.007	0.813776	0
12.2723	0.0187957	142.057	0.799493	0
12.2701	0.0191865	141.508	0.810035	0
12.2705	0.0188027	141.908	0.825338	0
12.283	0.0191117	143.457	0.830779	0
12.2668	0.0188062	142.241	0.819897	0
12.2795	0.0187361	142.99	0.822618	0
12.3194	0.0192325	143.707	0.817517	0
12.2866	0.0186616	142.94	0.812756	0
12.2476	0.0188636	143.99	0.821598	0
12.2776	0.0187632	142.591	0.829419	0
12.2973	0.0193846	143.807	0.827719	0
12.28	0.0196546	142.924	0.824318	0
12.2877	0.0190224	142.091	0.827719	0
12.2915	0.0188199	142.291	0.818537	0
12.2728	0.0195176	144.157	0.800514	0
12.2558	0.0189197	142.341	0.806635	0
12.2587	0.018433	142.524	0.790992	0
12.2882	0.0187347	142.641	0.811056	0
12.2937	0.0186514	141.274	0.803574	0
12.2699	0.0188219	142.291	0.805955	0
12.2576	0.0189092	142.457	0.807995	0
12.2657	0.0195413	142.224	0.815476	0
12.2897	0.0195031	141.025	0.83588	0
12.2982	0.019152	142.224	0.819897	0
12.2985	0.0187031	143.873	0.787931	0
12.285	0.0184531	142.241	0.803914	0
12.2706	0.0185816	141.491	0.817177	0
12.279	0.0190413	141.858	0.818197	0
12.2651	0.0188101	142.641	0.801194	0
12.2768	0.0186862	143.623	0.815816	0
12.3145	0.0188612	142.607	0.801874	0
12.292	0.0190751	142.574	0.826018	0
12.2888	0.0189286	141.991	0.815816	0
12.2854	0.0194796	143.29	0.839621	0
12.2583	0.0188417	141.841	0.795072	0
12.2793	0.0193902	143.59	0.806635	0
12.279	0.0188281	142.224	0.806295	0
12.2406	0.0190044	142.857	0.829759	0
12.2732	0.018845	142.274	0.801534	0
12.3066	0.0192537	143.09	0.799153	0
12.2684	0.0186635	142.307	0.805274	0
12.2561	0.0187539	142.457	0.842342	0
12.2946	0.018591	141.591	0.817517	0
12.2819	0.0188006	144.406	0.822278	0
12.2644	0.0185141	142.724	0.815816	0
12.2911	0.0195499	141.608	0.8318	0
12.292	0.0186733	142.457	0.810375	0
12.2998	0.0190446	142.591	0.838601	0
12.2989	0.0186764	143.024	0.830099	0
12.2642	0.0184429	142.657	0.809015	0
12.2711	0.0188669	142.624	0.817517	0
12.2829	0.0190587	140.475	0.83656	0
12.2589	0.0188494	142.507	0.807315	0
12.265	0.0186657	142.591	0.83418	0
12.2644	0.0187908	142.357	0.815476	0
12.2588	0.0189605	143.124	0.812756	0
12.314	0.0192123	143.307	0.818537	0
12.2954	0.0187917	142.491	0.817177	0
12.2563	0.0185757	141.924	0.805955	0
12.2729	0.0184752	142.491	0.842001	0
12.2782	0.0187282	141.274	0.796093	0
12.2728	0.0189851	140.791	0.824658	0
12.285	0.0190994	141.324	0.796433	0
12.2778	0.0191401	143.307	0.805955	0
12.2572	0.0183098	143.357	0.808675	0
12.259	0.0183349	142.757	0.823298	0
12.2582	0.0188642	144.29	0.811056	0
12.2783	0.018755	143.157	0.831119	0
12.2983	0.0190873	143.207	0.819217	0
12.2493	0.0188325	141.991	0.826358	0
12.2355	0.0187071	142.591	0.798813	0
12.2796	0.0189247	141.158	0.813096	0
12.2615	0.0187971	142.407	0.820237	0
12.2669	0.0184912	142.357	0.812076	0
12.3131	0.0189684	142.424	0.813096	0
12.2847	0.018864	143.623	0.842682	0
12.262	0.018814	142.99	0.817517	0
12.283	0.0193082	142.741	0.807655	0
12.2595	0.0189335	142.724	0.817517	0
12.2625	0.018739	143.074	0.813096	0
12.2708	0.0190334	142.257	0.821257	0
12.2504	0.0185153	142.091	0.823638	0
12.2687	0.018617	141.941	0.821938	0
12.2727	0.0184556	141.841	0.805955	0
12.2506	0.0194022	142.424	0.814796	0
12.2589	0.0191758	142.407	0.813776	0
12.2724	0.0189369	142.84	0.820917	0
12.2939	0.0191294	143.59	0.821598	0
12.311	0.0186506	141.474	0.809355	0
12.2746	0.0190667	142.441	0.813776	0
12.26	0.0188262	141.958	0.802214	0
12.2704	0.0190861	142.741	0.811056	0
12.2886	0.0190981	142.241	0.801194	0
12.2838	0.0188922	140.841	0.812756	0
12.2515	0.018979	141.541	0.813436	0
12.2683	0.018879	142.507	0.823298	0
12.32	0.0192892	142.591	0.815136	0
12.2961	0.0191377	143.59	0.83656	0
12.2583	0.018957	144.34	0.830099	0
12.2702	0.0183816	142.357	0.807995	0
12.3173	0.0190328	143.207	0.813436	0
12.3284	0.0184567	142.341	0.808675	0
12.2668	0.0190039	141.458	0.808675	0
12.2495	0.0193526	142.824	0.810375	0
12.2635	0.0189626	142.424	0.813436	0
12.263	0.0185262	142.474	0.811736	0
12.2696	0.0188788	142.824	0.820237	0
12.2781	0.0188719	142.94	0.849143	0
12.2718	0.0189294	141.574	0.828059	0
12.2698	0.0190732	143.873	0.819557	0
12.272	0.0184802	144.323	0.829419	0
12.2816	0.0184847	144.39	0.828399	0
12.2871	0.0185855	142.774	0.793372	0
12.2781	0.0189017	142.757	0.821938	0
12.2546	0.01865	141.674	0.818537	0
12.2566	0.0190113	143.157	0.798473	0
12.2871	0.0189476	143.74	0.813096	0
12.2791	0.0187538	141.691	0.784871	0
12.2797	0.0188922	142.457	0.822618	0
12.2878	0.0190421	143.39	0.807315	0
12.2868	0.0190232	142.291	0.805955	0
12.2669	0.0185798	140.558	0.809355	0
12.2446	0.0188548	140.575	0.813436	0
12.2673	0.0185733	142.607	0.821598	0
12.282	0.018926	142.391	0.831459	0
12.2746	0.0193373	143.673	0.812756	0
12.2628	0.0193593	141.458	0.824318	0
12.246	0.0190503	141.208	0.8369	0
12.2773	0.0190809	141.508	0.812756	0
12.2639	0.0185508	142.141	0.827719	0
12.2536	0.0186858	143.19	0.813436	0
12.2828	0.0189926	142.141	0.811056	0
12.2626	0.0189366	141.858	0.83282	0
12.2632	0.0181736	142.157	0.798473	0
12.2771	0.0187355	141.208	0.793372	0
12.2734	0.0191164	143.257	0.805274	0
12.2702	0.018702	142.341	0.819897	0
12.2662	0.0188047	142.524	0.817177	0
12.2615	0.0189834	141.558	0.788951	0
12.2622	0.0193785	142.374	0.810035	0
12.2854	0.0185651	141.924	0.816837	0
12.3174	0.0195579	143.44	0.809695	0
12.3292	0.019487	143.057	0.810035	0
12.3245	0.0184672	142.441	0.827379	0
12.3333	0.0192792	142.574	0.826358	0
12.2922	0.0187422	142.624	0.821938	0
12.2515	0.0184769	144.473	0.823638	0
12.2541	0.0190659	141.091	0.810035	0
12.2342	0.0186137	142.557	0.813436	0
12.2465	0.0191495	143.19	0.815136	0
12.2787	0.0195169	142.207	0.811396	0
12.2772	0.0192361	143.84	0.810375	0
12.2668	0.018661	144.357	0.817517	0
12.2719	0.0191058	143.39	0.815816	0
12.265	0.0182009	141.008	0.815476	0
12.2511	0.018445	143.307	0.817517	0
12.2679	0.018572	142.307	0.825678	0
12.2633	0.0187383	142.057	0.797793	0
12.2716	0.0185615	143.007	0.845062	0
12.271	0.0187445	142.957	0.806975	0
12.2524	0.0193939	141.058	0.799833	0
12.2607	0.0186759	143.69	0.806975	0
12.2887	0.0188025	142.391	0.814796	0
12.2904	0.0185869	142.557	0.83316	0
12.2705	0.0187172	142.457	0.826018	0
12.2768	0.0192919	142.857	0.822958	0
12.286	0.018872	143.34	0.792352	0
12.2722	0.0187938	142.674	0.822618	0
12.2744	0.019368	143.424	0.800854	0
12.2942	0.0187248	142.874	0.841661	0
12.2629	0.0187638	143.057	0.8369	0
12.2458	0.0186267	142.091	0.805955	0
12.2814	0.0187598	143.24	0.83282	0
12.2794	0.0188981	142.624	0.825338	0
12.2441	0.0191346	141.458	0.789291	0
12.273	0.0191391	142.724	0.798473	0
12.2991	0.0194339	142.707	0.824998	0
12.2589	0.0191952	143.39	0.813436	0
12.268	0.0185945	142.424	0.818197	0
12.2921	0.0188507	141.858	0.806295	0
12.2721	0.018445	141.108	0.807655	0
12.2748	0.0186854	141.824	0.825338	0
12.2804	0.019403	142.591	0.829419	0
12.2616	0.0188993	142.307	0.796433	0
12.272	0.0193035	142.207	0.837921	0
12.2835	0.0186624	143.157	0.818877	0
12.2697	0.0190179	141.741	0.813776	0
12.2443	0.0184932	142.824	0.811736	0
12.2509	0.0188437	141.075	0.815136	0
12.269	0.0186416	142.307	0.818197	0
12.2787	0.0189065	143.64	0.831119	0
12.2889	0.0186689	142.791	0.824318	0
12.2707	0.0189014	145.056	0.829079	0
12.2774	0.0191229	142.774	0.797113	0
12.2882	0.0189095	141.558	0.810375	0
12.2551	0.0185522	141.608	0.826358	0
12.2517	0.0187033	142.724	0.786571	0
12.2589	0.0184875	143.19	0.811056	0
12.2708	0.0191056	142.307	0.819557	0
12.275	0.0185461	142.707	0.818877	0
12.2516	0.0185373	142.541	0.806295	0
12.2604	0.0190463	142.607	0.814796	0
12.2997	0.0189347	142.924	0.819897	0
12.2954	0.0188279	142.041	0.827039	0
12.2662	0.0183658	143.04	0.821598	0
12.2834	0.0187678	142.407	0.813776	0
12.2847	0.0188754	141.741	0.821257	0
12.2409	0.0191768	142.224	0.812756	0
12.2479	0.019199	143.024	0.810715	0
12.2815	0.0186271	142.241	0.808335	0
12.27	0.0184181	142.207	0.8369	0
12.249	0.0187614	142.157	0.817177	0
12.2638	0.0189694	142.574	0.815476	0
12.2629	0.0190984	142.774	0.816837	0
12.2537	0.0188887	141.175	0.792692	0
12.2749	0.0188308	141.658	0.809355	0
12.2957	0.0192499	141.824	0.806295	0
12.2638	0.019566	144.073	0.821257	0
12.2412	0.018721	141.774	0.813436	0
12.2853	0.0189389	141.441	0.810035	0
12.3136	0.0188996	143.107	0.818877	0
12.2698	0.0191151	141.874	0.803574	0
12.256	0.0186531	142.607	0.814796	0
12.2968	0.0185899	140.425	0.813436	0
12.2904	0.019284	141.574	0.814456	0
12.2619	0.0187471	142.257	0.808675	0
12.2757	0.0187387	141.991	0.813436	0
12.2613	0.0186137	142.707	0.803914	0
12.2451	0.0192911	142.557	0.818877	0
12.2744	0.0186918	143.607	0.802554	0
12.2748	0.0188815	143.524	0.812076	0
12.2702	0.0189066	143.007	0.83452	0
12.2639	0.0185954	141.158	0.821257	0
12.2476	0.0191099	143.09	0.813096	0
12.258	0.0189312	143.957	0.821257	0
12.272	0.0189729	143.807	0.813776	0
12.2987	0.0191885	143.49	0.816497	0
12.2874	0.0191886	140.958	0.819897	0
12.2611	0.0191673	142.541	0.806635	0
12.2791	0.019079	142.357	0.811056	0
12.2777	0.0184494	142.091	0.822618	0
12.2502	0.0187182	141.791	0.828739	0
12.2482	0.018961	141.441	0.83452	0
12.2617	0.0185903	143.99	0.807655	0
12.285	0.0190378	143.424	0.828739	0
12.3012	0.0191188	143.324	0.814796	0
12.2903	0.0189982	142.507	0.823638	0
12.2771	0.0188537	141.808	0.813096	0
12.2612	0.0185116	142.057	0.821257	0
12.2559	0.0188359	143.374	0.817857	0
12.2955	0.0190639	143.24	0.828399	0
12.2801	0.0187311	143.374	0.824318	0
12.2533	0.0193761	144.606	0.828399	0
12.2892	0.0190434	141.858	0.795753	0
12.2724	0.0193004	142.124	0.808335	0
12.2449	0.0190847	141.774	0.8335	0
12.2595	0.0193592	143.107	0.809695	0
12.2776	0.0189214	141.308	0.803914	0
12.267	0.0192118	142.191	0.815476	0
12.25	0.0192962	140.691	0.806975	0
12.2608	0.0188053	143.507	0.799153	0
12.2707	0.0189532	142.99	0.824318	0
12.2945	0.0188963	144.29	0.829419	0
12.3166	0.0188601	142.424	0.809015	0
12.2841	0.0189686	141.324	0.83452	0
12.2574	0.0189433	142.441	0.820577	0
12.2775	0.0186952	141.908	0.829079	0
12.2734	0.0185631	141.075	0.798133	0
12.2481	0.0186094	143.39	0.819217	0
12.2578	0.0190013	142.157	0.844382	0
12.2784	0.0187669	142.657	0.807655	0
12.2823	0.0189017	143.424	0.825678	0
12.2633	0.0190116	142.174	0.8318	0
12.2398	0.0180963	142.507	0.813776	0
12.2467	0.0189563	142.624	0.799493	0
12.2608	0.0189908	142.224	0.816837	0
12.2561	0.0187403	141.741	0.813776	0
12.2467	0.0190703	142.091	0.815136	0
12.264	0.0194068	143.274	0.823978	0
12.2505	0.0189518	142.174	0.798133	0
12.2493	0.0189497	144.207	0.83282	0
12.3048	0.0189647	142.324	0.813096	0
12.2861	0.0187509	142.324	0.837581	0
12.2509	0.0188358	142.974	0.820917	0
12.2724	0.0187128	142.691	0.798133	0
12.2826	0.0190348	142.84	0.83316	0
12.2758	0.0187	143.374	0.819557	0
12.2541	0.0187558	140.791	0.806975	0
12.2198	0.0187968	141.708	0.825678	0
12.2576	0.0190112	142.374	0.822958	0
12.2925	0.0187291	143.34	0.814796	0
12.2539	0.0185919	142.274	0.813436	0
12.2576	0.0187651	143.557	0.827039	0
12.2924	0.0189007	141.008	0.826358	0
12.2698	0.0188767	142.94	0.804934	0
12.2674	0.0191519	142.407	0.814116	0
12.2684	0.0193884	142.757	0.826699	0
12.2715	0.0194715	142.507	0.812076	0
12.2816	0.0189928	143.707	0.815476	0
12.2702	0.0191789	142.457	0.802894	0
12.2367	0.0187964	142.524	0.830439	0
12.2451	0.0185665	142.574	0.826018	0
12.2471	0.0198106	141.608	0.814796	0
12.218	0.0189318	143.207	0.792352	0
12.2461	0.0187292	142.574	0.820237	0
12.2771	0.0185461	144.54	0.805955	0
12.2586	0.0189133	143.69	0.804594	0
12.2718	0.0188671	142.341	0.820577	0
12.2725	0.018511	143.84	0.816497	0
12.2628	0.0189577	142.541	0.812416	0
12.2598	0.0186851	141.641	0.802214	0
12.2625	0.019158	142.757	0.815816	0
12.2478	0.0188007	143.14	0.83418	0
12.22	0.0187728	143.074	0.819897	0
12.2531	0.018562	143.307	0.804254	0
12.2775	0.0191132	143.157	0.828739	0
12.2764	0.0191968	142.407	0.815476	0
12.2503	0.0190938	142.89	0.837581	0
12.2396	0.0187435	141.658	0.822278	0
12.2649	0.0191985	142.907	0.812416	0
12.276	0.0190715	141.658	0.830779	0
12.2732	0.0189873	143.157	0.830779	0
12.2676	0.018406	142.674	0.822618	0
12.2425	0.0183879	141.774	0.817177	0
12.2368	0.0185988	142.424	0.827719	0
12.2616	0.0185154	142.424	0.829419	0
12.2592	0.0187317	143.84	0.819557	0
12.2509	0.0186017	142.657	0.812756	0
12.2598	0.0190689	141.574	0.819557	0
12.2528	0.0194146	142.224	0.830099	0
12.2618	0.0192571	142.707	0.829079	0
12.2738	0.0187566	143.357	0.837921	0
12.2515	0.0186672	141.958	0.8318	0
12.2661	0.0189943	141.075	0.813776	0
12.2936	0.0188914	145.04	0.820577	0
12.2901	0.0189306	141.758	0.811056	0
12.2667	0.0187784	143.807	0.809695	0
12.2567	0.0187726	142.607	0.820237	0
12.2705	0.0187061	142.557	0.808675	0
12.2842	0.0189328	141.924	0.808335	0
12.2545	0.01916	143.207	0.83452	0
12.2445	0.0190128	142.591	0.831119	0
12.2621	0.0189877	143.274	0.812756	0
12.2849	0.0193065	141.691	0.810375	0
12.2712	0.0189781	142.691	0.819557	0
12.2559	0.0188326	141.941	0.827719	0
12.2421	0.0188549	142.041	0.811056	0
12.2453	0.0188972	142.274	0.811056	0
12.2741	0.0187861	141.991	0.829419	0
12.2638	0.0187881	143.407	0.824318	0
12.2482	0.0192424	141.258	0.818877	0
12.2705	0.0192996	143.207	0.806975	0
12.293	0.0191276	143.723	0.805955	0
12.2955	0.0187571	141.674	0.819217	0
12.2824	0.0193639	142.057	0.809695	0
12.2699	0.0192696	142.89	0.814116	0
12.2615	0.018605	144.823	0.816497	0
12.2788	0.0187408	141.541	0.802894	0
12.2782	0.0185378	142.607	0.812416	0
12.2491	0.0187585	141.041	0.830099	0
12.2565	0.0191981	141.741	0.797453	0
12.2828	0.0193258	142.124	0.801534	0
12.2674	0.0190196	142.424	0.812756	0
12.2583	0.0188116	144.04	0.824658	0
12.294	0.018922	143.024	0.821257	0
12.2909	0.019107	142.357	0.822958	0
12.2451	0.018985	142.441	0.815136	0
12.2426	0.0189465	141.741	0.822618	0
12.2662	0.0190916	142.457	0.815816	0
12.2538	0.0190673	142.824	0.801534	0
12.2533	0.0184206	141.758	0.817857	0
12.2753	0.0183375	142.574	0.799153	0
12.2736	0.0189956	142.99	0.821938	0
12.2807	0.0190115	142.391	0.831119	0
12.2972	0.0191247	143.04	0.807315	0
12.2797	0.0186627	142.907	0.8335	0
12.2735	0.019137	142.874	0.8352	0
12.2816	0.0190439	142.724	0.817857	0
12.2749	0.0189142	143.007	0.810035	0
12.2562	0.0185509	143.973	0.815816	0
12.2711	0.0187949	142.157	0.822618	0
12.2748	0.0187553	142.324	0.837241	0
12.269	0.0184416	142.757	0.806295	0
12.2937	0.0188324	142.707	0.812416	0
12.2882	0.0189805	141.774	0.809355	0
12.2654	0.01907	142.124	0.837241	0
12.2719	0.0187317	142.541	0.823638	0
12.2641	0.0190161	144.656	0.820917	0
12.2395	0.018974	142.824	0.824658	0
12.2407	0.0187181	142.641	0.799493	0
12.2501	0.0191758	142.174	0.817517	0
12.2547	0.0191434	144.273	0.816157	0
12.2678	0.0189026	142.84	0.83384	0
12.2743	0.0189838	142.84	0.830099	0
12.2775	0.0184102	143.424	0.83282	0
12.2657	0.0187793	142.674	0.8369	0
12.2577	0.0188723	142.957	0.813436	0
12.2498	0.018889	142.257	0.804934	0
12.2703	0.0188458	142.124	0.831459	0
12.2893	0.0185833	142.407	0.820577	0
12.2713	0.0187003	142.974	0.819217	0
12.283	0.0186294	143.49	0.818537	0
12.2923	0.0188984	142.241	0.801874	0
12.2601	0.0187735	144.29	0.840981	0
12.2551	0.0190471	141.341	0.826018	0
12.253	0.0188778	141.741	0.826358	0
12.2431	0.0181265	142.257	0.816497	0
12.2548	0.0188448	143.557	0.818197	0
12.2702	0.0185451	142.324	0.818877	0
12.2721	0.0183438	142.274	0.806295	0
12.2885	0.018782	144.223	0.815816	0
12.2705	0.0186892	142.457	0.792352	0
12.245	0.0189118	141.391	0.812416	0
12.2482	0.0183776	142.224	0.811056	0
12.2736	0.0186037	141.558	0.807315	0
12.2825	0.0191195	140.775	0.805955	0
12.2426	0.0185018	142.091	0.821938	0
12.2231	0.0186535	143.407	0.829759	0
12.2721	0.0182882	141.941	0.796773	0
12.2941	0.0187317	141.491	0.808335	0
12.2573	0.0188846	143.174	0.8335	0
12.2648	0.0188648	143.357	0.837921	0
12.299	0.0191658	142.491	0.817177	0
12.2785	0.0188612	142.157	0.825678	0
12.2422	0.0184083	140.958	0.815136	0
12.2509	0.0186548	143.39	0.83248	0
12.258	0.0186361	142.007	0.808335	0
12.242	0.0186074	143.623	0.809355	0
12.2386	0.0190337	140.758	0.815476	0
12.2767	0.0190444	142.624	0.83452	0
12.2944	0.0194943	141.708	0.801534	0
12.281	0.0190744	142.574	0.815476	0
12.2739	0.0188558	141.358	0.799833	0
12.273	0.0188942	142.224	0.815476	0
12.2904	0.018905	142.924	0.831119	0
12.2557	0.0186994	141.891	0.804934	0
12.2198	0.0192566	142.674	0.806295	0
12.2273	0.0187706	141.641	0.819897	0
12.2376	0.0182287	142.357	0.809355	0
12.2757	0.0191323	142.757	0.829079	0
12.2867	0.0191919	141.891	0.799153	0
12.2691	0.0191379	142.057	0.814116	0
12.2765	0.0188116	142.94	0.814116	0
12.2644	0.0190288	143.873	0.826699	0
12.2743	0.0190639	142.441	0.824318	0
12.2942	0.0188642	142.257	0.802214	0
12.2473	0.0191062	141.841	0.828399	0
12.2309	0.0187756	143.124	0.808335	0
12.2639	0.0188112	144.94	0.820577	0
12.2614	0.0188621	141.408	0.826018	0
12.2431	0.018452	142.624	0.830439	0
12.2422	0.0187405	143.89	0.810375	0
12.2556	0.0190761	142.207	0.807315	0
12.2707	0.0184538	141.624	0.798473	0
12.2999	0.0185173	143.04	0.830439	0
12.3056	0.0191697	142.407	0.830439	0
12.2591	0.0192217	141.808	0.808675	0
12.2597	0.01865	143.64	0.815136	0
12.2756	0.018437	142.89	0.815476	0
12.2545	0.0191391	142.574	0.815136	0
12.2631	0.0188743	141.458	0.802214	0
12.2576	0.0190117	142.84	0.808675	0
12.2349	0.019043	142.524	0.829759	0
12.2668	0.0188898	143.49	0.83554	0
12.2732	0.0190728	141.891	0.827379	0
12.251	0.0193478	144.14	0.820917	0
12.2623	0.0192983	142.807	0.813436	0
12.234	0.0186359	142.174	0.802894	0
12.2385	0.0192317	143.107	0.810035	0
12.2827	0.0186675	143.024	0.815476	0
12.2571	0.0186197	142.291	0.828739	0
12.2494	0.0193372	141.974	0.8335	0
12.2863	0.0188099	143.607	0.826699	0
12.259	0.0189043	142.024	0.813096	0
12.2392	0.0188487	143.14	0.811736	0
12.2965	0.0188607	142.157	0.817517	0
12.3086	0.0193149	142.341	0.820237	0
12.2597	0.0187999	143.09	0.845742	0
12.2392	0.0192546	142.774	0.827039	0
12.2599	0.0189143	143.274	0.830779	0
12.2833	0.0189202	143.49	0.823638	0
12.28	0.0185358	142.491	0.823978	0
12.2711	0.0184341	143.407	0.801874	0
12.2618	0.0184964	141.491	0.826699	0
12.2515	0.0185459	141.324	0.812416	0
12.2471	0.0189416	142.157	0.827719	0
12.2428	0.0187701	143.424	0.829079	0
12.2534	0.0193672	142.057	0.822618	0
12.2417	0.0188567	141.791	0.827379	0
12.2258	0.0188494	142.274	0.808335	0
12.2598	0.0193065	142.807	0.8352	0
12.2727	0.0188536	143.84	0.813436	0
12.28	0.0185724	142.491	0.819897	0
12.281	0.018912	140.991	0.803914	0
12.257	0.0191703	140.975	0.815476	0
12.2393	0.0192412	142.741	0.815816	0
12.2464	0.0192671	141.924	0.821938	0
12.2599	0.0189884	142.407	0.825338	0
12.2925	0.0186751	143.224	0.821598	0
12.2883	0.0190241	142.174	0.800514	0
12.2535	0.0185862	143.773	0.808675	0
12.2921	0.0191019	141.358	0.823298	0
12.2809	0.0188575	143.24	0.827379	0
12.2182	0.0188678	143.274	0.828399	0
12.2372	0.0188396	142.674	0.823298	0
12.2594	0.0185349	142.791	0.810375	0
12.2616	0.0186453	142.524	0.8335	0
12.2866	0.0187418	141.391	0.801534	0
12.2483	0.0185665	142.89	0.823978	0
12.2502	0.0193157	143.79	0.818197	0
12.2812	0.0187833	142.341	0.814796	0
12.2473	0.0187871	142.491	0.837241	0
12.2449	0.0191208	142.107	0.807315	0
12.2702	0.0188675	142.191	0.818197	0
12.2566	0.0186949	144.273	0.794052	0
12.2733	0.0191975	142.457	0.804594	0
12.3002	0.01896	143.39	0.807315	0
12.2761	0.0186598	143.357	0.817857	0
12.2532	0.0188556	142.007	0.807655	0
12.2557	0.0190718	144.24	0.810375	0
12.2748	0.0191574	140.891	0.801194	0
12.2634	0.0188901	143.357	0.827379	0
12.2351	0.0193116	142.557	0.824318	0
12.2372	0.0183909	142.557	0.805955	0
12.271	0.0188254	142.807	0.816497	0
12.2545	0.0189685	142.624	0.829759	0
12.2405	0.0188453	143.107	0.821938	0
12.2696	0.0189454	141.158	0.797793	0
12.2784	0.0188071	142.691	0.808675	0
12.26	0.0184123	142.624	0.826358	0
12.2289	0.0186528	142.674	0.801874	0
12.2356	0.0188197	143.923	0.819557	0
12.2541	0.0190927	142.257	0.820917	0
12.248	0.0191016	142.041	0.844042	0
12.2812	0.0192533	142.657	0.797793	0
12.3005	0.0190978	142.574	0.802554	0
12.2781	0.0192917	141.741	0.824998	0
12.2733	0.019053	142.874	0.83554	0
12.2761	0.0189369	141.858	0.821598	0
12.2541	0.0189559	142.174	0.828059	0
12.2382	0.0186432	142.507	0.83384	0
12.2556	0.0188409	142.791	0.816837	0
12.2736	0.0188974	140.958	0.821598	0
12.2629	0.0187863	141.774	0.819897	0
12.2752	0.0180024	141.758	0.796093	0
12.2585	0.0189005	143.79	0.817177	0
12.2483	0.0186196	141.474	0.83656	0
12.2895	0.0189755	142.507	0.827719	0
12.2847	0.0187493	142.99	0.820577	0
12.2304	0.0192446	142.691	0.818537	0
12.2091	0.018201	142.024	0.823638	0
12.2506	0.0191268	142.791	0.815476	0
12.2536	0.0188011	141.874	0.817857	0
12.1957	0.0186845	142.441	0.801534	0
12.2174	0.0186225	140.475	0.795072	0
12.2822	0.0190501	143.157	0.806295	0
12.2789	0.018963	144.323	0.796433	0
12.2594	0.0186222	143.024	0.83316	0
12.2506	0.018116	143.723	0.787251	0
12.2414	0.0188121	142.457	0.806295	0
12.241	0.0188116	142.074	0.807655	0
12.2686	0.0185805	142.707	0.845062	0
12.2871	0.0186289	143.257	0.816837	0
12.2558	0.0188976	142.107	0.840301	0
12.2383	0.019095	143.24	0.814456	0
12.2572	0.0191675	142.724	0.794052	0
12.2402	0.019386	143.257	0.815476	0
12.2244	0.0184199	142.307	0.815816	0
12.2529	0.0188358	142.107	0.821598	0
12.2687	0.0185402	143.207	0.820577	0
12.2549	0.0181662	141.374	0.83214	0
12.2708	0.0184747	142.807	0.812416	0
12.2729	0.0187173	142.774	0.800854	0
12.245	0.0187652	143.54	0.801194	0
12.2665	0.0186109	142.057	0.813436	0
12.2767	0.0182927	142.824	0.815816	0
12.2537	0.0186646	142.524	0.821598	0
12.2392	0.0188803	143.307	0.814116	0
12.2509	0.0192002	140.491	0.820577	0
12.2674	0.0187417	142.641	0.821257	0
12.2905	0.0192247	142.041	0.804934	0
12.2979	0.0189903	142.057	0.825678	0
12.2761	0.0188424	142.691	0.8352	0
12.2583	0.018691	142.457	0.817517	0
12.2545	0.0191448	142.957	0.831459	0
12.2327	0.0185801	141.874	0.823638	0
12.2312	0.0189827	143.474	0.812756	0
12.27	0.0188634	141.908	0.823978	0
12.2739	0.0190947	144.556	0.829759	0
12.2746	0.0189392	142.84	0.801194	0
12.2682	0.0188849	142.591	0.844722	0
12.2462	0.0192017	142.741	0.823978	0
12.2733	0.0187156	143.79	0.807995	0
12.2788	0.0184697	142.757	0.814456	0
12.2442	0.0187981	143.607	0.817857	0
12.251	0.0187605	142.791	0.806975	0
0	0	0	0	0
0	0	0	0	0
0	0	0	0	0
0	0	0	0	0
0	0	0	0	0
0	0	0	0	0
0	0	0	0	0
0	0	0	0	0
0	0	0	0	0
0	0	0	0	0
0	0	0	0	0
0	0	0	0	0
0	0	0	0	0
0	0	0	0	0
0	0	0	0	0
0	0	0	0	0
0	0	0	0	0
0	0	0	0	0
0	0	0	0	0
0	0	0	0	0
0	0	0	0	0
0	0	0	0	0
0	0	0	0	0
0	0	0	0	0
0	0	0	0	0
0	0	0	0	0
0	0	0	0	0
0	0	0	0	0
0	0	0	0	0
0	0	0	0	0
0	0	0	0	0
0	0	0	0	0
0	0	0	0	0
0	0	0	0	0
0	0	0	0	0
0	0	0	0	0
0	0	0	0	0
0	0	0	0	0
0	0	0	0	0
0	0	0	0	0
0	0	0	0	0
0	0	0	0	0
0	0	0	0	0
0	0	0	0	0
0	0	0	0	0
0	0	0	0	0
0	0	0	0	0
0	0	0	0	0
0	0	0	0	0
0	0	0	0	0
0	0	0	0	0
0	0	0	0	0
0	0	0	0	0
0	0	0	0	0
0	0	0	0	0
0	0	0	0	0
0	0	0	0	0
0	0	0	0	0
0	0	0	0	0
0	0	0	0	0
0	0	0	0	0
0	0	0	0	0
0	0	0	0	0
0	0	0	0	0
0	0	0	0	0
0	0	0	0	0
0	0	0	0	0
0	0	0	0	0
0	0	0	0	0
0	0	0	0	0
0	0	0	0	0
0	0	0	0	0
0	0	0	0	0
0	0	0	0	0
0	0	0	0	0
0	0	0	0	0
0	0	0	0	0
0	0	0	0	0
0	0	0	0	0
0	0	0	0	0
0	0	0	0	0
0	0	0	0	0
0	0	0	0	0
0	0	0	0	0
0	0	0	0	0
0	0	0	0	0
0	0	0	0	0
0	0	0	0	0
0	0	0	0	0
0	0	0	0	0
0	0	0	0	0
0	0	0	0	0
0	0	0	0	0
0	0	0	0	0
0	0	0	0	0
0	0	0	0	0
0	0	0	0	0
0	0	0	0	0
0	0	0	0	0
0	0	0	0	0
0	0	0	0	0
0	0	0	0	0
0	0	0	0	0
0	0	0	0	0
0	0	0	0	0
0	0	0	0	0
0	0	0	0	0
0	0	0	0	0
0	0	0	0	0
0	0	0	0	0
0	0	0	0	0
0	0	0	0	0
0	0	0	0	0
0	0	0	0	0
0	0	0	0	0
0	0	0	0	0
0	0	0	0	0
0	0	0	0	0
0	0	0	0	0
0	0	0	0	0
0	0	0	0	0
0	0	0	0	0
0	0	0	0	0
0	0	0	0	0
0	0	0	0	0
0	0	0	0	0
0	0	0	0	0
0	0	0	0	0
0	0	0	0	0
0	0	0	0	0
0	0	0	0	0
0	0	0	0	0
0	0	0	0	0
0	0	0	0	0
0	0	0	0	0
0	0	0	0	0
0	0	0	0	0
0	0	0	0	0
0	0	0	0	0
0	0	0	0	0
0	0	0	0	0
0	0	0	0	0
0	0	0	0	0
0	0	0	0	0
0	0	0	0	0
0	0	0	0	0
0	0	0	0	0
0	0	0	0	0
0	0	0	0	0
0	0	0	0	0
0	0	0	0	0
0	0	0	0	0
0	0	0	0	0
0	0	0	0	0
0	0	0	0	0
0	0	0	0	0
0	0	0	0	0
0	0	0	0	0
0	0	0	0	0
0	0	0	0	0
0	0	0	0	0
0	0	0	0	0
0	0	0	0	0
0	0	0	0	0
0	0	0	0	0
0	0	0	0	0
0	0	0	0	0
0	0	0	0	0
0	0	0	0	0
0	0	0	0	0
0	0	0	0	0
0	0	0	0	0
0	0	0	0	0
0	0	0	0	0
0	0	0	0	0
0	0	0	0	0
0	0	0	0	0
0	0	0	0	0
0	0	0	0	0
0	0	0	0	0
0	0	0	0	0
0	0	0	0	0
0	0	0	0	0
0	0	0	0	0
0	0	0	0	0
0	0	0	0	0
0	0	0	0	0
0	0	0	0	0
0	0	0	0	0
0	0	0	0	0
0	0	0	0	0
0	0	0	0	0
0	0	0	0	0
0	0	0	0	0
0	0	0	0	0
0	0	0	0	0
0	0	0	0	0
0	0	0	0	0
0	0	0	0	0
0	0	0	0	0
0	0	0	0	0
0	0	0	0	0
0	0	0	0	0
0	0	0	0	0
0	0	0	0	0
0	0	0	0	0
0	0	0	0	0
0	0	0	0	0
0	0	0	0	0
0	0	0	0	0
0	0	0	0	0
0	0	0	0	0
0	0	0	0	0
0	0	0	0	0
0	0	0	0	0
0	0	0	0	0
0	0	0	0	0
0	0	0	0	0
0	0	0	0	0
0	0	0	0	0
0	0	0	0	0
0	0	0	0	0
0	0	0	0	0
0	0	0	0	0
0	0	0	0	0
0	0	0	0	0
0	0	0	0	0
0	0	0	0	0
0	0	0	0	0
0	0	0	0	0
0	0	0	0	0
0	0	0	0	0
0	0	0	0	0
0	0	0	0	0
0	0	0	0	0
0	0	0	0	0
0	0	0	0	0
0	0	0	0	0
0	0	0	0	0
0	0	0	0	0
0	0	0	0	0
0	0	0	0	0
0	0	0	0	0
0	0	0	0	0
0	0	0	0	0
0	0	0	0	0
0	0	0	0	0
0	0	0	0	0
0	0	0	0	0
0	0	0	0	0
0	0	0	0	0
0	0	0	0	0
0	0	0	0	0
0	0	0	0	0
0	0	0	0	0
0	0	0	0	0
0	0	0	0	0
0	0	0	0	0
0	0	0	0	0
0	0	0	0	0
0	0	0	0	0
0	0	0	0	0
0	0	0	0	0
0	0	0	0	0
0	0	0	0	0
0	0	0	0	0
0	0	0	0	0
0	0	0	0	0
0	0	0	0	0
0	0	0	0	0
0	0	0	0	0
0	0	0	0	0
0	0	0	0	0
0	0	0	0	0
0	0	0	0	0
0	0	0	0	0
0	0	0	0	0
0	0	0	0	0
0	0	0	0	0
0	0	0	0	0
0	0	0	0	0
0	0	0	0	0
0	0	0	0	0
0	0	0	0	0
0	0	0	0	0
0	0	0	0	0
0	0	0	0	0
0	0	0	0	0
0	0	0	0	0
0	0	0	0	0
0	0	0	0	0
0	0	0	0	0
0	0	0	0	0
0	0	0	0	0
0	0	0	0	0
0	0	0	0	0
0	0	0	0	0
0	0	0	0	0
0	0	0	0	0
0	0	0	0	0
0	0	0	0	0
0	0	0	0	0
0	0	0	0	0
0	0	0	0	0
0	0	0	0	0
0	0	0	0	0
0	0	0	0	0
0	0	0	0	0
0	0	0	0	0
0	0	0	0	0
0	0	0	0	0
0	0	0	0	0
0	0	0	0	0
0	0	0	0	0
0	0	0	0	0
0	0	0	0	0
0	0	0	0	0
0	0	0	0	0
0	0	0	0	0
0	0	0	0	0
0	0	0	0	0
0	0	0	0	0
0	0	0	0	0
0	0	0	0	0
0	0	0	0	0
0	0	0	0	0
0	0	0	0	0
0	0	0	0	0
0	0	0	0	0
0	0	0	0	0
0	0	0	0	0
0	0	0	0	0
0	0	0	0	0
0	0	0	0	0
0	0	0	0	0
0	0	0	0	0
0	0	0	0	0
0	0	0	0	0
0	0	0	0	0
0	0	0	0	0
0	0	0	0	0
0	0	0	0	0
0	0	0	0	0
0	0	0	0	0
0	0	0	0	0
0	0	0	0	0
0	0	0	0	0
0	0	0	0	0
0	0	0	0	0
0	0	0	0	0
0	0	0	0	0
0	0	0	0	0
0	0	0	0	0
0	0	0	0	0
0	0	0	0	0
0	0	0	0	0
0	0	0	0	0
0	0	0	0	0
0	0	0	0	0
0	0	0	0	0
0	0	0	0	0
0	0	0	0	0
0	0	0	0	0
0	0	0	0	0
0	0	0	0	0
0	0	0	0	0
0	0	0	0	0
0	0	0	0	0
0	0	0	0	0
0	0	0	0	0
0	0	0	0	0
0	0	0	0	0
0	0	0	0	0
0	0	0	0	0
0	0	0	0	0
0	0	0	0	0
0	0	0	0	0
0	0	0	0	0
0	0	0	0	0
0	0	0	0	0
0	0	0	0	0
0	0	0	0	0
0	0	0	0	0
0	0	0	0	0
0	0	0	0	0
0	0	0	0	0
0	0	0	0	0
0	0	0	0	0
0	0	0	0	0
0	0	0	0	0
0	0	0	0	0
0	0	0	0	0
0	0	0	0	0
0	0	0	0	0
0	0	0	0	0
0	0	0	0	0
0	0	0	0	0
0	0	0	0	0
0	0	0	0	0
0	0	0	0	0
