a2610713.345977
Narit-cm 07/01/2026 13:05:00 07/01/2026 13:34:59 0045 0013.384714 0052.542598 00.0 00.0
0002401 0010 0000000 0010 05 0000000 0010 0000000 0010
1 0 1 01600 1 0000 3.75 00000.o 0 0 01 000 16 002401 0.500 BT0
1 2 1 02000 1 0000 3.75 00000.o 0 0 01 000 16 002401 0.500 S2A0
1 1 1 01600 1 0000 3.75 00000.o 0 0 00 000 00 002401 3.1746 BC0
1 3 1 02000 1 0000 3.75 00000.o 0 0 00 000 00 002401 3.1746 S2P0
1 5 0 01600 0 0000 1.00 00000.o 0 0 00 000 00 000000 0.000 OF0
0.000 .o Analog 0 	0.000 .o Analog StErr 0 	0.000 .o Photon Counting 0 	0.000 .o PC StErr 0 	0.000 .o Overflow Info 0 
29.2157	0.106197	154.736	0.823978	0
49.3416	0.173638	160.2	0.843362	0
117.774	0.771947	81.8492	1.14738	0
319.612	1.55533	0.63307	0.114602	0
494.675	0.262384	33.0529	0.839621	1
499.921	0.0282362	148.938	1.28069	1
496.394	0.171952	134.094	1.29871	1
496.061	0.175117	31.8367	0.746783	1
499.843	0.0383995	22.424	0.603956	1
499.967	0.0191396	45.3311	0.805614	1
499.989	0.0110548	90.4956	0.98891	1
499.961	0.0199512	139.259	1.07257	1
499.959	0.0206334	163.349	1.04774	1
500	0	141.991	1.04604	1
500	0	124.865	1.01645	1
500	0	116.118	0.969866	1
500	0	117.168	0.976327	1
500	0	117.185	0.979048	1
499.998	0.0016619	119.6	0.93926	1
497.657	0.125153	126.381	0.944021	1
477.785	0.421009	148.388	0.962044	1
440.031	0.484137	165.848	0.970206	0
403.423	0.457892	182.291	0.905254	0
370.663	0.43134	189.338	0.921577	0
341.561	0.404726	193.153	0.921917	0
315.762	0.382688	195.918	0.892671	0
292.775	0.365752	194.519	0.904233	0
272.068	0.347808	191.72	0.922937	0
253.203	0.328112	190.371	0.899813	0
236.208	0.311279	188.555	0.873287	0
220.898	0.296542	186.872	0.894372	0
206.814	0.284995	185.339	0.900833	0
193.707	0.275064	181.308	0.867506	0
181.346	0.265584	181.274	0.849143	0
169.757	0.259892	180.042	0.865806	0
159.037	0.254867	177.543	0.898452	0
148.798	0.250827	177.026	0.88791	0
138.966	0.244249	175.36	0.853564	0
129.803	0.240836	174.444	0.878729	0
121.144	0.237107	172.945	0.854584	0
112.751	0.235082	171.845	0.851183	0
104.743	0.233537	169.263	0.846422	0
97.1732	0.231986	168.397	0.857985	0
89.8962	0.231116	166.247	0.855264	0
82.8989	0.229491	167.58	0.859345	0
76.186	0.225711	165.298	0.847102	0
69.8386	0.222949	164.182	0.851183	0
63.9325	0.220176	163.632	0.841321	0
58.3334	0.214705	160.416	0.83486	0
53.0849	0.208087	159.75	0.83656	0
48.2699	0.199921	158.95	0.821598	0
43.9006	0.189388	157.234	0.839961	0
40.0644	0.176979	155.569	0.844722	0
36.6656	0.16277	153.136	0.842001	0
33.6933	0.14744	154.252	0.820917	0
31.1853	0.131589	152.686	0.830439	0
29.0623	0.115582	151.087	0.801194	0
27.3351	0.100507	149.754	0.813776	0
25.9069	0.0874006	150.304	0.830099	0
24.696	0.0757686	146.822	0.817857	0
23.6947	0.0659677	146.689	0.803234	0
22.9181	0.0575224	146.889	0.799153	0
22.2687	0.0501483	146.222	0.802214	0
21.6885	0.0444307	144.573	0.804254	0
21.2274	0.0396231	144.123	0.794732	0
20.8843	0.0361031	142.824	0.798813	0
20.5858	0.0328277	142.774	0.800514	0
20.3114	0.0315112	142.041	0.801534	0
20.0424	0.0294459	140.708	0.815476	0
19.7806	0.0281121	140.808	0.805614	0
19.5998	0.0263474	139.592	0.803574	0
19.4741	0.0248104	138.709	0.78283	0
19.2941	0.0242831	140.342	0.794732	0
19.1034	0.0251026	138.676	0.802894	0
18.9634	0.0249842	138.659	0.805274	0
18.8332	0.0239805	137.959	0.831459	0
18.7247	0.0236101	138.292	0.807655	0
18.6019	0.0233832	137.993	0.807315	0
18.4718	0.0236514	136.993	0.804594	0
18.3965	0.0226723	136.993	0.814796	0
18.3113	0.0227946	137.093	0.815816	0
18.1686	0.0223608	137.426	0.808335	0
18.1047	0.0230564	136.643	0.814116	0
18.0923	0.0228394	136.443	0.802894	0
18.0203	0.0227207	136.476	0.776709	0
17.9492	0.0233085	135.643	0.798813	0
17.8691	0.0226403	134.81	0.822618	0
17.7638	0.0227623	135.244	0.801534	0
17.7315	0.0232678	136.01	0.804594	0
17.6934	0.0228677	136.776	0.819897	0
17.6281	0.0223315	134.844	0.796773	0
17.5886	0.0226231	135.31	0.779429	0
17.5191	0.0221756	135.344	0.816497	0
17.458	0.0221294	134.644	0.78113	0
17.4351	0.0225339	134.494	0.78249	0
17.4077	0.0227966	133.461	0.790992	0
17.3617	0.0222682	135.01	0.789631	0
17.333	0.0217331	133.594	0.815476	0
17.2868	0.0220312	134.877	0.788951	0
17.2301	0.0217579	133.961	0.765487	0
17.2144	0.0217416	134.661	0.792352	0
17.2006	0.0218819	133.394	0.803574	0
17.1658	0.0224741	133.628	0.803574	0
17.1418	0.0217349	134.344	0.812076	0
17.1043	0.0217937	134.161	0.794052	0
17.0876	0.0225055	135.56	0.803234	0
17.0704	0.0222454	133.311	0.804934	0
17.0124	0.0216497	135.144	0.777049	0
16.9618	0.0220615	132.711	0.785211	0
16.9452	0.0212432	132.745	0.796773	0
16.948	0.0215663	132.628	0.810715	0
16.9104	0.0215171	134.427	0.808335	0
16.8621	0.0223072	132.745	0.794392	0
16.836	0.0220518	133.444	0.802894	0
16.7731	0.0220334	133.528	0.78113	0
16.7439	0.021378	133.145	0.798133	0
16.7519	0.0219752	133.528	0.794052	0
16.734	0.021667	132.978	0.809355	0
16.6747	0.0220801	133.128	0.793032	0
16.6505	0.0211959	132.995	0.790992	0
16.647	0.021713	133.128	0.806635	0
16.5704	0.0215563	132.145	0.814116	0
16.5169	0.021717	132.012	0.777729	0
16.492	0.0212866	132.178	0.798473	0
16.4574	0.0215854	132.811	0.806295	0
16.4457	0.0214111	133.411	0.804594	0
16.4236	0.0214413	132.345	0.794732	0
16.3998	0.0214508	133.478	0.804594	0
16.3649	0.0209903	132.711	0.78147	0
16.3039	0.0213115	132.278	0.800514	0
16.3064	0.0214614	133.678	0.799833	0
16.3149	0.0208705	133.195	0.797453	0
16.2224	0.0211489	130.829	0.804594	0
16.1626	0.0212347	131.445	0.794732	0
16.1862	0.0212483	132.378	0.793032	0
16.2001	0.020935	132.628	0.800854	0
16.1434	0.0215026	130.862	0.790992	0
16.0854	0.0219456	131.545	0.785551	0
16.0793	0.021497	132.212	0.804254	0
16.0122	0.0220031	131.612	0.795072	0
15.9346	0.0218605	131.512	0.790652	0
15.9275	0.0215208	131.628	0.810035	0
15.9027	0.0213937	131.162	0.814116	0
15.8482	0.0213361	130.612	0.788951	0
15.8141	0.0216997	130.312	0.800854	0
15.7616	0.0208908	131.678	0.792692	0
15.7316	0.0216975	130.046	0.793372	0
15.7375	0.0220634	131.179	0.792692	0
15.7001	0.0217001	129.313	0.778749	0
15.6346	0.0214303	130.762	0.78317	0
15.6074	0.0214372	130.696	0.814796	0
15.5832	0.0210573	130.196	0.815136	0
15.534	0.0215425	130.496	0.787591	0
15.5229	0.0210171	130.279	0.804934	0
15.4976	0.0214264	130.329	0.78147	0
15.4223	0.0213611	131.145	0.798813	0
15.3993	0.0216045	129.063	0.794392	0
15.4068	0.0217208	130.429	0.797113	0
15.3716	0.0220111	129.413	0.803914	0
15.2983	0.0215596	130.446	0.777729	0
15.2525	0.0213549	130.262	0.791332	0
15.2405	0.0212694	129.413	0.798473	0
15.2069	0.0213164	128.813	0.805955	0
15.1483	0.0215494	130.012	0.787931	0
15.1324	0.0210106	128.43	0.790312	0
15.1138	0.0208031	127.38	0.797453	0
15.0608	0.0211107	128.047	0.799153	0
15.0531	0.0215899	128.78	0.801534	0
15.0189	0.0212421	129.13	0.795753	0
14.9669	0.020795	129.113	0.795413	0
14.9722	0.0216828	128.863	0.805614	0
14.9623	0.0212532	128.197	0.788951	0
14.9261	0.0207452	128.263	0.800514	0
14.8736	0.0204576	126.781	0.78351	0
14.8321	0.0209202	128.463	0.802214	0
14.8428	0.0209301	129.929	0.789291	0
14.8131	0.0209565	128.88	0.788271	0
14.7764	0.0209907	126.314	0.799833	0
14.7674	0.0208846	128.946	0.794052	0
14.744	0.0209676	127.947	0.804254	0
14.7271	0.0209679	128.563	0.797113	0
14.7078	0.0208351	127.364	0.78351	0
14.6878	0.0203801	127.88	0.795753	0
14.6733	0.0205647	130.112	0.792352	0
14.6381	0.0206344	127.564	0.788271	0
14.6119	0.0203791	128.596	0.791672	0
14.6295	0.0204077	127.28	0.784871	0
14.6145	0.0204059	127.447	0.799833	0
14.5513	0.0206526	126.914	0.817517	0
14.5577	0.0203931	128.546	0.785551	0
14.5762	0.020259	127.264	0.800514	0
14.5136	0.0202291	128.163	0.793712	0
14.4924	0.0204249	127.464	0.816157	0
14.5025	0.0202663	125.914	0.790652	0
14.4647	0.020101	127.164	0.801194	0
14.4239	0.0204646	126.98	0.792352	0
14.4061	0.0203266	126.914	0.799493	0
14.3878	0.0199596	126.547	0.792692	0
14.4066	0.0200258	128.263	0.794392	0
14.4077	0.0205538	127.197	0.778749	0
14.3466	0.0208559	127.58	0.797113	0
14.3242	0.0200929	126.947	0.804254	0
14.3378	0.0198503	126.664	0.786571	0
14.314	0.0199003	127.08	0.78181	0
14.3107	0.0192392	127.014	0.804934	0
14.3155	0.0197014	126.381	0.807995	0
14.2495	0.0196432	127.264	0.800514	0
14.2193	0.0194623	127.38	0.785211	0
14.2614	0.0199652	127.43	0.822618	0
14.2629	0.0196825	126.214	0.825338	0
14.2299	0.0196124	125.548	0.796433	0
14.2058	0.0199128	125.714	0.795753	0
14.2058	0.0199042	126.781	0.78215	0
14.216	0.0193742	126.697	0.807655	0
14.1851	0.0196999	125.198	0.794052	0
14.1386	0.0196098	126.864	0.794052	0
14.1192	0.0200255	125.898	0.790652	0
14.1236	0.0201918	125.648	0.791332	0
14.1372	0.0199963	126.964	0.797453	0
14.1339	0.02023	126.664	0.827719	0
14.0927	0.0195879	126.097	0.786571	0
14.0717	0.0190632	125.165	0.809015	0
14.0955	0.0193786	125.131	0.793712	0
14.0891	0.0194724	126.564	0.794392	0
14.0691	0.01958	125.348	0.759026	0
14.0672	0.0188226	125.898	0.801874	0
14.0415	0.0191235	124.332	0.787591	0
13.9983	0.0191802	126.197	0.794392	0
14.0249	0.0194178	126.314	0.776709	0
14.0564	0.0198841	125.864	0.776029	0
14.0353	0.0189309	126.181	0.806975	0
14.0024	0.0189508	124.332	0.798813	0
13.9714	0.0188435	126.564	0.786231	0
13.954	0.0188274	125.681	0.807995	0
13.9527	0.0194359	125.598	0.796433	0
13.9416	0.0186501	125.464	0.790992	0
13.9407	0.0189759	125.281	0.787931	0
13.9281	0.0191154	125.414	0.800173	0
13.9135	0.0191555	122.449	0.773988	0
13.9193	0.0191178	125.998	0.802894	0
13.913	0.0189059	124.215	0.788271	0
13.8831	0.0184483	127.047	0.777729	0
13.8794	0.0190925	125.881	0.805955	0
13.8703	0.0192486	124.265	0.766847	0
13.8549	0.0190419	126.397	0.785551	0
13.8614	0.018809	124.282	0.789631	0
13.8643	0.018991	124.731	0.78283	0
13.8554	0.0190311	125.414	0.789631	0
13.8444	0.0189574	124.931	0.813436	0
13.8402	0.0187319	124.798	0.767187	0
13.8345	0.0191611	123.748	0.799833	0
13.8353	0.0187411	125.081	0.78113	0
13.8398	0.0187997	125.231	0.793032	0
13.8205	0.0188477	124.598	0.78181	0
13.8143	0.0195513	124.465	0.773988	0
13.8056	0.0192287	125.498	0.798473	0
13.8045	0.0190427	125.364	0.798813	0
13.8199	0.0190007	124.581	0.788951	0
13.8342	0.0189796	125.781	0.812416	0
13.8175	0.0186235	124.615	0.785891	0
13.8055	0.0185501	126.447	0.797113	0
13.8228	0.0189556	124.748	0.786231	0
13.8016	0.0185461	124.431	0.788271	0
13.7868	0.0186224	124.048	0.789291	0
13.7799	0.0185124	125.181	0.807995	0
13.76	0.0187328	124.115	0.792012	0
13.7455	0.0188734	124.698	0.78215	0
13.7411	0.0190353	125.514	0.78283	0
13.7485	0.0186423	124.148	0.790992	0
13.7251	0.0184541	125.214	0.801194	0
13.7117	0.018224	124.598	0.791672	0
13.7518	0.0186405	125.264	0.78419	0
13.7465	0.0183108	124.565	0.78113	0
13.7194	0.0183532	126.064	0.798473	0
13.7309	0.0187562	123.648	0.795072	0
13.705	0.0184622	123.465	0.770928	0
13.696	0.0188087	124.998	0.786231	0
13.7295	0.0185415	124.781	0.811056	0
13.7478	0.0188942	125.031	0.798133	0
13.7262	0.0190809	122.316	0.78317	0
13.7027	0.018928	124.032	0.793712	0
13.7059	0.0186637	124.831	0.796433	0
13.6999	0.0185064	124.565	0.793712	0
13.6869	0.018998	123.982	0.78419	0
13.6716	0.0186665	123.715	0.794052	0
13.6702	0.0188151	124.115	0.790312	0
13.6638	0.0191574	124.332	0.785211	0
13.6943	0.0191035	124.765	0.785211	0
13.713	0.0183571	123.282	0.784871	0
13.6548	0.0188765	124.115	0.776709	0
13.637	0.0186426	125.214	0.795413	0
13.6724	0.0179925	124.265	0.797453	0
13.6555	0.0182927	124.065	0.763786	0
13.6382	0.0183775	124.598	0.810715	0
13.6693	0.0188607	124.948	0.777049	0
13.6482	0.0186783	125.031	0.777389	0
13.6289	0.0186056	125.498	0.78215	0
13.6238	0.018051	123.632	0.786911	0
13.5727	0.0180545	122.716	0.787931	0
13.5852	0.0183262	124.165	0.790312	0
13.6141	0.0184723	124.931	0.803234	0
13.587	0.0178894	122.982	0.792012	0
13.5955	0.0180567	125.314	0.796433	0
13.6305	0.0183762	123.399	0.786231	0
13.6073	0.0186512	125.731	0.797793	0
13.567	0.0184141	123.515	0.785891	0
13.5823	0.0183185	125.431	0.791672	0
13.598	0.0185408	124.548	0.818537	0
13.5717	0.0185068	122.849	0.803914	0
13.5771	0.0186015	124.082	0.798813	0
13.599	0.0181099	125.614	0.801534	0
13.5742	0.0182297	123.149	0.797453	0
13.5648	0.0184363	123.748	0.797113	0
13.5812	0.0187725	124.398	0.788271	0
13.5745	0.0187891	125.381	0.797793	0
13.5672	0.0183966	123.998	0.790652	0
13.5598	0.0185683	125.464	0.788271	0
13.5428	0.0179631	123.932	0.793372	0
13.5444	0.0185376	125.281	0.77977	0
13.5335	0.0181023	123.732	0.78079	0
13.5393	0.0181665	124.698	0.776369	0
13.5642	0.0179036	124.182	0.794732	0
13.5441	0.0182228	124.848	0.78113	0
13.513	0.0181874	123.898	0.806635	0
13.528	0.0181256	123.898	0.773308	0
13.547	0.0182361	124.065	0.769908	0
13.5358	0.0185937	124.548	0.774328	0
13.5455	0.017958	123.365	0.772628	0
13.5409	0.0178158	124.015	0.803574	0
13.5454	0.0184464	123.765	0.802554	0
13.5359	0.0184803	123.282	0.801874	0
13.5064	0.018286	123.815	0.799153	0
13.5236	0.0181336	123.565	0.769228	0
13.5364	0.0182657	125.748	0.78079	0
13.5257	0.0181519	122.682	0.787591	0
13.5125	0.0179266	124.332	0.777729	0
13.503	0.017733	124.565	0.78453	0
13.4973	0.0178524	123.815	0.761746	0
13.5134	0.0179353	125.165	0.807655	0
13.5434	0.0182897	123.882	0.78079	0
13.5365	0.0186076	124.015	0.791672	0
13.5082	0.0183548	124.415	0.779429	0
13.4958	0.0181079	126.081	0.802554	0
13.5105	0.0186953	123.898	0.788271	0
13.512	0.0185056	122.799	0.784871	0
13.5017	0.0179263	124.048	0.77977	0
13.5021	0.0176771	124.065	0.805614	0
13.489	0.0176787	123.865	0.793372	0
13.4949	0.0184692	124.881	0.789291	0
13.5218	0.0178797	123.915	0.771268	0
13.5041	0.0182584	123.882	0.792352	0
13.4669	0.0183289	124.282	0.775349	0
13.4564	0.0181304	123.065	0.778409	0
13.4449	0.0185759	122.882	0.799833	0
13.4524	0.0183802	123.015	0.777389	0
13.4639	0.0184141	123.499	0.793032	0
13.4504	0.0186928	122.815	0.777049	0
13.4682	0.0183761	123.848	0.790652	0
13.5146	0.0179002	123.865	0.790312	0
13.4751	0.0184562	122.582	0.795753	0
13.4478	0.0180225	124.998	0.804934	0
13.4833	0.0182622	122.449	0.795413	0
13.484	0.0188229	123.015	0.766847	0
13.4717	0.0180621	123.482	0.793712	0
13.4586	0.0182895	123.882	0.762426	0
13.4286	0.0176716	123.282	0.790312	0
13.4466	0.0181389	123.199	0.800173	0
13.5087	0.0178216	124.415	0.811396	0
13.4895	0.0185617	123.015	0.802554	0
13.4515	0.0182945	123.599	0.796773	0
13.4305	0.0182291	122.965	0.78385	0
13.4156	0.0184005	123.032	0.757665	0
13.4567	0.0179923	123.982	0.792352	0
13.4561	0.0180437	124.065	0.772968	0
13.4435	0.0182646	123.332	0.793712	0
13.4347	0.0183089	123.082	0.785211	0
13.4293	0.0184861	124.915	0.784871	0
13.439	0.0181809	123.399	0.78453	0
13.462	0.0182943	123.932	0.774669	0
13.4777	0.0181534	124.598	0.806635	0
13.4686	0.0181236	122.699	0.824658	0
13.4708	0.018152	123.599	0.78317	0
13.4649	0.0185448	123.965	0.801194	0
13.4298	0.0175738	122.865	0.809015	0
13.4378	0.0182367	123.332	0.803234	0
13.4571	0.0184522	123.732	0.785211	0
13.4526	0.0182881	123.465	0.777049	0
13.4414	0.0185269	123.915	0.789291	0
13.4653	0.017985	124.681	0.801194	0
13.4847	0.0179361	123.832	0.78249	0
13.4742	0.0178866	124.165	0.791332	0
13.4494	0.0177825	125.115	0.78385	0
13.4443	0.0181884	122.982	0.78385	0
13.4402	0.0181155	123.015	0.78011	0
13.4114	0.0184243	123.832	0.795072	0
13.4137	0.0176686	124.032	0.812416	0
13.4334	0.0175129	122.149	0.784871	0
13.4326	0.0182054	123.715	0.790992	0
13.4263	0.0180005	125.081	0.795753	0
13.438	0.0177197	122.382	0.792012	0
13.4474	0.0181382	123.365	0.790992	0
13.4437	0.0176411	123.549	0.785891	0
13.441	0.0177721	122.682	0.78283	0
13.4562	0.0177701	123.998	0.78079	0
13.4195	0.017999	122.832	0.78419	0
13.3865	0.0181878	122.299	0.802214	0
13.4359	0.0180532	122.899	0.788271	0
13.4573	0.0175686	123.115	0.773988	0
13.4345	0.0176778	123.748	0.78385	0
13.4469	0.01779	124.048	0.78215	0
13.4421	0.0180327	122.616	0.78317	0
13.4196	0.0184846	123.582	0.784871	0
13.4225	0.017992	122.449	0.795413	0
13.4237	0.017847	123.615	0.791672	0
13.4361	0.017655	123.815	0.792692	0
13.4446	0.0179634	124.365	0.798133	0
13.4331	0.0178783	124.132	0.768547	0
13.4164	0.0182591	123.065	0.805955	0
13.4045	0.0178694	123.149	0.795413	0
13.3906	0.017833	124.681	0.773308	0
13.4015	0.0185175	124.598	0.776029	0
13.4342	0.0181778	122.949	0.773648	0
13.4169	0.0176987	123.582	0.791332	0
13.4261	0.018124	123.415	0.808335	0
13.4415	0.0184606	122.249	0.802554	0
13.4012	0.0183333	122.782	0.788951	0
13.4053	0.0185855	123.865	0.774669	0
13.4323	0.0184677	122.965	0.778409	0
13.4037	0.0183756	122.149	0.78317	0
13.3974	0.0177604	122.949	0.788611	0
13.4285	0.0181963	124.098	0.786231	0
13.4325	0.018335	123.648	0.790312	0
13.4314	0.0176545	123.982	0.802554	0
13.4266	0.0180844	123.815	0.798813	0
13.4247	0.0181383	123.315	0.78385	0
13.4325	0.0183257	124.115	0.778409	0
13.4153	0.0181956	124.481	0.791332	0
13.409	0.0181588	123.432	0.775689	0
13.4236	0.0178506	123.782	0.787591	0
13.4112	0.0180612	122.716	0.771608	0
13.4296	0.0182144	124.015	0.778749	0
13.4554	0.0179491	123.832	0.793372	0
13.4278	0.0184007	123.132	0.795413	0
13.4093	0.0182054	123.932	0.786911	0
13.4357	0.0181321	124.148	0.792352	0
13.4401	0.0181262	122.716	0.797793	0
13.4229	0.0182037	124.132	0.787251	0
13.4263	0.0180922	122.449	0.775349	0
13.4165	0.0177815	123.149	0.775689	0
13.3924	0.0179878	123.898	0.788951	0
13.4187	0.01767	123.065	0.788611	0
13.4293	0.0176985	124.981	0.77977	0
13.3896	0.0181051	124.065	0.78317	0
13.4044	0.0177345	124.248	0.785891	0
13.4218	0.0180016	123.099	0.779089	0
13.399	0.0179037	123.982	0.790992	0
13.4123	0.0181557	122.282	0.796093	0
13.3909	0.0180819	122.849	0.767527	0
13.3978	0.0174976	124.298	0.788271	0
13.4463	0.0178317	123.332	0.797453	0
13.4162	0.0184181	125.614	0.791672	0
13.3983	0.0184797	123.449	0.797113	0
13.4055	0.0182306	124.048	0.78283	0
13.3963	0.0185822	124.215	0.799153	0
13.3943	0.0183784	124.315	0.816497	0
13.3993	0.0181454	124.382	0.773648	0
13.4022	0.0177215	122.766	0.799833	0
13.4175	0.0183977	124.015	0.774328	0
13.4029	0.0180665	123.499	0.803914	0
13.396	0.018011	123.499	0.788611	0
13.4355	0.0179757	122.699	0.785211	0
13.4315	0.0185904	123.249	0.795753	0
13.4149	0.0185044	123.349	0.787931	0
13.4251	0.0178524	123.948	0.786911	0
13.3966	0.018074	123.932	0.794052	0
13.4063	0.0185068	123.698	0.795072	0
13.4233	0.0181937	122.982	0.78317	0
13.4206	0.0181678	124.965	0.771608	0
13.4275	0.0182879	123.132	0.78249	0
13.4193	0.0181581	122.865	0.787591	0
13.4211	0.0178958	123.415	0.801194	0
13.4501	0.0178862	124.365	0.778749	0
13.4556	0.0179025	123.365	0.78181	0
13.425	0.0183177	123.115	0.771268	0
13.4259	0.0178721	124.198	0.78011	0
13.4257	0.01809	122.999	0.796433	0
13.3834	0.0181443	123.648	0.790652	0
13.3797	0.0181982	124.232	0.795072	0
13.4045	0.017685	124.415	0.803914	0
13.3792	0.018108	123.965	0.788271	0
13.3702	0.0178964	123.082	0.789971	0
13.3972	0.018262	122.416	0.794732	0
13.4264	0.0185183	124.315	0.802894	0
13.4566	0.0179514	123.165	0.788951	0
13.4487	0.0183242	124.365	0.797793	0
13.4081	0.0182051	124.032	0.818537	0
13.4294	0.0178995	123.998	0.818197	0
13.4265	0.0180263	124.798	0.78147	0
13.3978	0.018352	123.748	0.801194	0
13.3987	0.0182207	123.149	0.786911	0
13.4106	0.0180379	123.965	0.788611	0
13.4017	0.0179345	124.332	0.778069	0
13.3926	0.0176348	122.382	0.810375	0
13.4125	0.0181962	124.265	0.793372	0
13.4086	0.018259	122.149	0.786571	0
13.3924	0.0174642	123.365	0.801874	0
13.3993	0.0179982	123.715	0.785891	0
13.4366	0.0182534	123.682	0.776369	0
13.4512	0.0180161	122.932	0.805274	0
13.4084	0.0179936	121.966	0.793372	0
13.398	0.0180235	124.731	0.798133	0
13.4228	0.0179012	123.865	0.801194	0
13.4323	0.0182177	123.782	0.787931	0
13.4194	0.018085	123.848	0.78351	0
13.4114	0.0181029	124.115	0.797453	0
13.4134	0.017827	122.382	0.795072	0
13.3968	0.0183671	124.531	0.805955	0
13.4033	0.0182162	124.098	0.787591	0
13.4272	0.0184059	123.065	0.820237	0
13.4019	0.0180545	123.465	0.778069	0
13.4002	0.0183355	123.782	0.821598	0
13.4316	0.0178613	123.765	0.787931	0
13.3901	0.0183403	123.765	0.805614	0
13.3984	0.0181473	124.248	0.801874	0
13.4406	0.0180704	123.199	0.78113	0
13.411	0.0177479	124.648	0.785891	0
13.4144	0.0184171	123.915	0.802894	0
13.4267	0.0180716	123.165	0.812416	0
13.3918	0.0180813	124.465	0.807315	0
13.3931	0.0180022	124.448	0.78385	0
13.4209	0.0180316	123.099	0.790312	0
13.4168	0.018016	124.465	0.789291	0
13.4139	0.0181761	124.915	0.778069	0
13.4232	0.0179721	122.516	0.801874	0
13.425	0.0176959	124.698	0.792352	0
13.4121	0.0178264	122.766	0.78453	0
13.4112	0.0181542	123.282	0.793032	0
13.4114	0.0176735	123.582	0.774669	0
13.3976	0.0183781	122.399	0.813776	0
13.38	0.017845	123.515	0.799493	0
13.3802	0.0174112	123.432	0.807655	0
13.4022	0.0181485	122.899	0.78317	0
13.3783	0.0179486	123.199	0.817517	0
13.3699	0.0181061	122.849	0.805955	0
13.4211	0.018077	124.048	0.797793	0
13.4129	0.0175671	123.482	0.789631	0
13.3737	0.0181966	123.399	0.78419	0
13.3922	0.0176773	123.282	0.786231	0
13.4043	0.0181022	122.799	0.797453	0
13.3739	0.0177836	121.899	0.800173	0
13.3846	0.0174428	124.348	0.787251	0
13.393	0.0178693	122.499	0.792352	0
13.3671	0.017976	121.733	0.767187	0
13.3747	0.0179435	123.715	0.797453	0
13.3876	0.0182419	122.949	0.793032	0
13.4054	0.0180779	123.982	0.765487	0
13.4153	0.018377	123.915	0.803574	0
13.3966	0.0182033	123.232	0.802554	0
13.3806	0.018214	124.098	0.78045	0
13.3891	0.0172007	122.999	0.793372	0
13.3906	0.0180245	125.148	0.793032	0
13.378	0.017788	123.565	0.790652	0
13.3926	0.0177712	122.999	0.792352	0
13.3726	0.0180706	123.432	0.760386	0
13.3563	0.0181374	124.182	0.778069	0
13.3814	0.0181884	122.432	0.787931	0
13.3911	0.0182131	124.748	0.805614	0
13.3785	0.0180291	123.682	0.78147	0
13.3979	0.0182324	124.931	0.793372	0
13.4096	0.0181755	122.932	0.776029	0
13.3994	0.0183113	122.616	0.777049	0
13.4062	0.0181917	123.215	0.790652	0
13.4104	0.0185108	122.732	0.790992	0
13.3933	0.0186366	123.065	0.789971	0
13.404	0.0182485	124.015	0.78385	0
13.4213	0.0177516	123.115	0.802894	0
13.4155	0.0181816	123.848	0.795413	0
13.4069	0.0180866	123.549	0.795753	0
13.4085	0.0182474	123.399	0.793032	0
13.4097	0.0181009	124.015	0.762766	0
13.4035	0.0179747	124.515	0.789291	0
13.3833	0.0180023	123.315	0.777729	0
13.3722	0.0181051	123.432	0.802894	0
13.3999	0.0179477	122.182	0.777049	0
13.4065	0.018025	123.499	0.785211	0
13.3991	0.0183034	123.782	0.796773	0
13.4041	0.0179287	124.332	0.792012	0
13.4059	0.0180525	123.499	0.775009	0
13.4026	0.0184906	122.549	0.78011	0
13.4128	0.0181119	123.715	0.792352	0
13.4132	0.0182709	124.548	0.766847	0
13.3968	0.0178607	121.233	0.78045	0
13.3851	0.0179537	123.349	0.796773	0
13.4002	0.0179909	123.265	0.791332	0
13.4127	0.0180385	125.264	0.790992	0
13.3822	0.0182185	123.349	0.78215	0
13.3823	0.0180391	123.032	0.790312	0
13.4159	0.0180732	122.999	0.797113	0
13.4048	0.0182382	121.683	0.787251	0
13.387	0.0176658	123.182	0.790652	0
13.3844	0.0176802	124.165	0.809695	0
13.3681	0.0179466	123.715	0.805955	0
13.3859	0.0182091	122.199	0.795753	0
13.422	0.0185904	124.165	0.786231	0
13.418	0.0180446	122.999	0.794392	0
13.401	0.0176121	124.198	0.790992	0
13.3978	0.018178	123.182	0.774669	0
13.3548	0.0183752	120.883	0.803234	0
13.3303	0.0179602	122.832	0.784871	0
13.3776	0.0178912	124.182	0.805274	0
13.4206	0.0178821	123.748	0.806295	0
13.4014	0.018047	122.666	0.776029	0
13.3735	0.0177695	123.682	0.785551	0
13.3673	0.0185109	123.765	0.776029	0
13.3629	0.0182124	122.716	0.787931	0
13.3375	0.0179397	122.832	0.792352	0
13.3322	0.0179349	123.082	0.794052	0
13.3578	0.018032	122.915	0.789631	0
13.3721	0.0177695	122.882	0.771948	0
13.3734	0.0175237	123.215	0.789631	0
13.3823	0.0181409	124.398	0.784871	0
13.3931	0.018061	122.815	0.78317	0
13.389	0.017853	123.315	0.805955	0
13.3748	0.0181378	125.231	0.774328	0
13.3829	0.0184662	124.681	0.812076	0
13.4148	0.0181293	123.898	0.766507	0
13.4097	0.0183705	124.665	0.793372	0
13.3855	0.0180883	122.815	0.792352	0
13.3872	0.0182013	124.132	0.793032	0
13.4173	0.0178666	122.216	0.800173	0
13.399	0.0181404	122.332	0.786911	0
13.3711	0.0180534	123.665	0.785891	0
13.3927	0.0184228	124.115	0.775689	0
13.4068	0.0177023	124.015	0.800173	0
13.3715	0.0178532	122.965	0.817857	0
13.357	0.0182164	124.048	0.78079	0
13.3682	0.0181283	122.349	0.794732	0
13.3833	0.0179119	123.299	0.788271	0
13.3938	0.018233	121.166	0.790992	0
13.3708	0.0179694	123.549	0.788951	0
13.348	0.0178779	123.465	0.78147	0
13.4063	0.017999	123.249	0.784871	0
13.4277	0.0181343	122.682	0.806975	0
13.3515	0.018056	124.115	0.788271	0
13.346	0.0180162	124.398	0.772968	0
13.3882	0.0184691	122.932	0.785551	0
13.3709	0.0186253	123.465	0.794732	0
13.3642	0.017919	124.548	0.778409	0
13.3867	0.0180019	123.132	0.787931	0
13.3704	0.0179487	123.332	0.803574	0
13.3629	0.0181127	123.232	0.77977	0
13.3912	0.0180933	122.582	0.779089	0
13.3863	0.0177609	123.682	0.788611	0
13.3735	0.0179643	122.349	0.798133	0
13.384	0.0180919	124.215	0.78385	0
13.3807	0.0180455	121.516	0.797453	0
13.3762	0.0179578	124.365	0.788951	0
13.3936	0.0184005	123.232	0.787251	0
13.3864	0.0183686	122.349	0.793712	0
13.38	0.0184455	123.798	0.78215	0
13.3766	0.0181425	124.265	0.796773	0
13.3976	0.0176621	123.782	0.787931	0
13.3929	0.0181773	123.765	0.790992	0
13.3593	0.0178424	122.716	0.775349	0
13.3688	0.0184919	124.165	0.770248	0
13.3785	0.0180714	123.599	0.78249	0
13.3763	0.0183272	123.782	0.792012	0
13.3908	0.0179177	122.549	0.784871	0
13.4022	0.0181038	122.865	0.793032	0
13.4078	0.0181194	123.549	0.799833	0
13.3826	0.0181937	123.249	0.796773	0
13.3571	0.0177328	123.798	0.797793	0
13.3774	0.0181717	122.749	0.78317	0
13.3972	0.0181225	124.198	0.790312	0
13.3922	0.0180793	122.999	0.792012	0
13.3712	0.0179157	123.998	0.789291	0
13.3916	0.0178112	122.516	0.785551	0
13.409	0.0178244	121.866	0.804254	0
13.3702	0.0181304	123.648	0.78419	0
13.3754	0.0179921	122.949	0.798473	0
13.3671	0.0183252	124.232	0.790992	0
13.3555	0.0181638	121.866	0.796093	0
13.3921	0.0176653	123.682	0.773988	0
13.4087	0.0179209	122.749	0.798133	0
13.419	0.0177884	121.733	0.787591	0
13.3897	0.0179312	123.149	0.801194	0
13.3737	0.0179368	124.848	0.801534	0
13.3921	0.0175774	123.232	0.795413	0
13.3582	0.0175919	123.099	0.789291	0
13.3493	0.0184736	123.415	0.787931	0
13.3848	0.0181092	123.882	0.786571	0
13.3754	0.0181402	122.616	0.78249	0
13.3771	0.0179122	123.415	0.799153	0
13.4148	0.0182835	125.231	0.793372	0
13.3892	0.0180289	123.998	0.786911	0
13.3732	0.0180232	123.299	0.789971	0
13.4083	0.0182899	123.732	0.801194	0
13.3894	0.0179422	124.098	0.797113	0
13.3726	0.0180029	122.599	0.791672	0
13.3869	0.0181841	124.515	0.759026	0
13.3934	0.017493	123.382	0.773988	0
13.3826	0.0173937	125.031	0.78011	0
13.36	0.0180404	123.349	0.790652	0
13.3683	0.0177845	123.698	0.792012	0
13.3867	0.0178224	125.448	0.775349	0
13.383	0.017977	123.332	0.807315	0
13.3822	0.0184362	123.099	0.795072	0
13.3768	0.0182419	123.115	0.78453	0
13.3719	0.0182211	124.631	0.77977	0
13.3772	0.0182037	122.899	0.799493	0
13.3817	0.018026	125.298	0.794732	0
13.3946	0.0181727	122.232	0.788271	0
13.3847	0.0180543	121.983	0.790992	0
13.364	0.0182253	122.932	0.796433	0
13.3807	0.0180186	123.149	0.800854	0
13.381	0.018161	123.465	0.78045	0
13.3632	0.0180584	124.715	0.798813	0
13.3635	0.018267	123.382	0.792012	0
13.3856	0.0187455	124.165	0.777729	0
13.4071	0.0183421	123.282	0.799153	0
13.4009	0.0178314	123.232	0.794052	0
13.3816	0.0180042	124.282	0.801194	0
13.3794	0.018239	122.299	0.765827	0
13.3693	0.0185692	123.665	0.784871	0
13.388	0.0182897	122.682	0.787931	0
13.4028	0.0181386	123.815	0.807655	0
13.3784	0.018005	123.615	0.78453	0
13.3732	0.0177756	124.015	0.778749	0
13.3743	0.0179772	123.065	0.801534	0
13.355	0.018241	123.648	0.793712	0
13.3601	0.018073	122.416	0.78011	0
13.37	0.0176019	123.532	0.798813	0
13.3677	0.017881	123.865	0.810035	0
13.3749	0.0175846	122.582	0.791672	0
13.3836	0.0183094	124.931	0.803574	0
13.4083	0.0182932	123.365	0.795413	0
13.4206	0.0179202	123.015	0.787251	0
13.4071	0.0179281	124.898	0.787591	0
13.4097	0.0183557	122.449	0.799153	0
13.3959	0.0179091	122.799	0.776369	0
13.3464	0.017896	122.699	0.792012	0
13.3617	0.0180309	122.799	0.796773	0
13.3828	0.0177347	122.432	0.793372	0
13.3594	0.0180288	123.815	0.814116	0
13.3956	0.0186279	123.698	0.803234	0
13.4127	0.0177671	122.216	0.796433	0
13.371	0.0184194	122.832	0.788611	0
13.3603	0.0184439	122.949	0.78385	0
13.3532	0.0179725	123.032	0.787931	0
13.3712	0.0180736	123.582	0.804254	0
13.377	0.0180786	123.332	0.78453	0
13.3421	0.0181934	122.882	0.805955	0
13.3478	0.0185893	122.682	0.78419	0
13.3824	0.018648	123.415	0.802214	0
13.3848	0.0185116	123.582	0.801534	0
13.3633	0.0183279	123.449	0.803234	0
13.3562	0.0181029	123.399	0.792352	0
13.3724	0.0180742	124.132	0.795413	0
13.3792	0.0185278	122.815	0.772288	0
13.358	0.017627	123.282	0.815816	0
13.3652	0.0178515	123.532	0.810715	0
13.3727	0.01779	122.749	0.792352	0
13.3619	0.0178382	123.282	0.773988	0
13.3685	0.0183092	123.115	0.775349	0
13.3792	0.0179602	123.315	0.804934	0
13.3828	0.0180871	121.949	0.78147	0
13.3695	0.0184713	122.865	0.779089	0
13.3769	0.0182986	122.899	0.786231	0
13.3925	0.0183442	123.082	0.786911	0
13.3806	0.0182686	123.599	0.790992	0
13.3692	0.0180712	124.032	0.803914	0
13.3779	0.0179765	123.615	0.773308	0
13.3796	0.0179785	123.182	0.793712	0
13.3506	0.0177173	125.081	0.801534	0
13.3511	0.0180043	124.132	0.78215	0
13.3721	0.0181583	122.865	0.771948	0
13.3824	0.0181924	122.216	0.799153	0
13.3807	0.0179031	123.515	0.775689	0
13.357	0.0184915	123.432	0.777729	0
13.3617	0.0178059	123.365	0.794392	0
13.3813	0.0179731	122.682	0.778749	0
13.3609	0.0178721	123.182	0.798813	0
13.3881	0.0182151	124.781	0.801534	0
13.4072	0.0182224	123.465	0.815476	0
13.3412	0.0180358	122.549	0.794392	0
13.3596	0.0184372	123.998	0.790992	0
13.3999	0.0180758	123.315	0.795753	0
13.3671	0.0179598	124.182	0.776709	0
13.3796	0.0180424	122.432	0.798133	0
13.3889	0.0177965	122.649	0.795072	0
13.3582	0.0180497	122.649	0.799833	0
13.3714	0.0181901	124.965	0.791332	0
13.3945	0.0179957	123.449	0.785211	0
13.3584	0.0180856	122.299	0.787931	0
13.3415	0.0175092	122.499	0.808335	0
13.3649	0.0176569	124.282	0.775009	0
13.3813	0.0178295	123.532	0.790992	0
13.3701	0.0184098	123.115	0.793372	0
13.3492	0.0178691	122.832	0.78215	0
13.375	0.0181779	123.182	0.78215	0
13.3889	0.017793	123.265	0.792012	0
13.3394	0.0182118	123.299	0.788611	0
13.3596	0.0180505	122.815	0.806295	0
13.4042	0.0184135	124.815	0.779089	0
13.3588	0.018227	121.683	0.795413	0
13.3447	0.018296	123.032	0.78351	0
13.3791	0.0182828	124.248	0.793032	0
13.3798	0.018203	123.365	0.793032	0
13.3678	0.0183702	122.116	0.78317	0
13.3827	0.017896	123.332	0.792692	0
13.3879	0.01774	123.965	0.761406	0
13.3935	0.0177922	124.098	0.778409	0
13.3716	0.017639	122.066	0.773988	0
13.3601	0.0180656	125.298	0.788611	0
13.3881	0.0182962	123.482	0.810375	0
13.3838	0.0183632	121.983	0.801194	0
13.3738	0.0177051	122.299	0.789971	0
13.3713	0.0173933	123.998	0.797113	0
13.3653	0.0181529	122.799	0.800173	0
13.377	0.0179549	123.732	0.774328	0
13.3986	0.0177756	122.616	0.786571	0
13.3676	0.0181315	123.365	0.773648	0
13.3451	0.0180016	125.015	0.795753	0
13.3789	0.0183045	122.849	0.762086	0
13.3728	0.0179344	122.932	0.779429	0
13.3646	0.0179013	123.648	0.813776	0
13.4077	0.0182431	123.715	0.78453	0
13.4064	0.0180587	123.599	0.787591	0
13.355	0.0182328	122.099	0.786571	0
13.3417	0.0184392	123.232	0.792692	0
13.3529	0.0184363	122.699	0.794392	0
13.3595	0.0181498	123.898	0.798813	0
13.3832	0.0181052	123.315	0.778069	0
13.3972	0.0177243	123.249	0.796093	0
13.3703	0.0180506	124.415	0.797793	0
13.3502	0.0177868	123.399	0.790652	0
13.3958	0.017674	122.716	0.810035	0
13.4094	0.018564	123.032	0.796433	0
13.3387	0.0183274	123.549	0.793712	0
13.365	0.0182997	125.198	0.788951	0
13.4439	0.0183805	123.065	0.78181	0
13.3853	0.0184468	122.649	0.795413	0
13.3492	0.0178104	123.399	0.785211	0
13.4088	0.017989	124.348	0.793712	0
13.3923	0.0180035	124.365	0.771608	0
13.3553	0.0180737	122.182	0.787931	0
13.3986	0.0182986	123.882	0.775009	0
13.4151	0.0180191	124.448	0.810375	0
13.3991	0.0178658	123.882	0.768547	0
13.4022	0.0182157	123.532	0.78147	0
13.3733	0.0183829	123.399	0.78419	0
13.3557	0.018053	124.265	0.787591	0
13.3751	0.0177091	123.832	0.798813	0
13.3902	0.017961	122.732	0.786911	0
13.3715	0.0176104	123.998	0.787251	0
13.353	0.017825	123.249	0.810375	0
13.3755	0.0182041	122.732	0.785551	0
13.3665	0.0188992	122.066	0.800514	0
13.3516	0.0181425	123.065	0.806635	0
13.3713	0.0180725	122.666	0.78079	0
13.3883	0.018529	123.915	0.790992	0
13.3783	0.0178198	123.332	0.788951	0
13.3588	0.0178786	124.731	0.804594	0
13.3598	0.0181753	123.898	0.803574	0
13.3812	0.0177885	124.548	0.806635	0
13.3718	0.0181264	123.815	0.775349	0
13.3416	0.0184838	122.066	0.797113	0
13.3539	0.0179172	125.048	0.773988	0
13.388	0.0175124	123.449	0.794052	0
13.3648	0.0184158	124.731	0.801874	0
13.3396	0.0180798	121.866	0.803574	0
13.3616	0.0185426	123.565	0.795753	0
13.3679	0.0180455	123.132	0.772628	0
13.3569	0.0179402	123.415	0.800173	0
13.3581	0.0178041	122.782	0.807315	0
13.3591	0.018182	123.848	0.801194	0
13.3902	0.0183885	122.749	0.805274	0
13.3888	0.0177013	124.182	0.773988	0
13.3399	0.0177898	122.432	0.769568	0
13.3598	0.0177788	124.082	0.78147	0
13.3842	0.0179554	122.699	0.788271	0
13.3402	0.0177558	123.782	0.769568	0
13.3485	0.0179589	124.132	0.775009	0
13.4165	0.0182746	124.448	0.794732	0
13.4024	0.0180727	123.349	0.78147	0
13.3683	0.0180534	122.915	0.798473	0
13.3866	0.0178711	124.115	0.796093	0
13.369	0.0185406	123.499	0.78283	0
13.3513	0.0179347	122.915	0.784871	0
13.3729	0.0178495	123.965	0.772288	0
13.3525	0.0180444	123.115	0.770588	0
13.325	0.0185302	124.398	0.775689	0
13.3618	0.0180149	122.099	0.796433	0
13.3869	0.0176491	124.382	0.78079	0
13.36	0.0176488	123.099	0.779429	0
13.3649	0.0176749	123.948	0.758685	0
13.3899	0.0180504	122.432	0.793712	0
13.4046	0.0179698	122.999	0.786571	0
13.3986	0.0174932	124.581	0.798133	0
13.3719	0.0179309	122.532	0.78317	0
13.3623	0.0180522	122.166	0.790992	0
13.3833	0.017961	124.082	0.812416	0
13.403	0.0186021	122.449	0.787591	0
13.3957	0.0185852	122.616	0.790312	0
13.388	0.0184915	123.265	0.802214	0
13.3757	0.0179866	122.499	0.78045	0
13.3644	0.0181221	123.349	0.789631	0
13.3518	0.0180121	122.649	0.776369	0
13.3585	0.0178175	125.048	0.787591	0
13.3879	0.0183839	123.065	0.784871	0
13.3712	0.0180944	124.981	0.78079	0
13.3594	0.0183224	122.066	0.812416	0
13.3968	0.0180551	124.598	0.786571	0
13.4045	0.0188319	123.782	0.793032	0
13.3581	0.0181746	122.549	0.785891	0
13.3382	0.0181328	122.499	0.78147	0
13.3651	0.0182862	124.115	0.791672	0
13.3683	0.0182991	124.098	0.800854	0
13.3521	0.0179443	123.615	0.78351	0
13.3614	0.0181264	123.965	0.789631	0
13.3533	0.0178472	123.049	0.790312	0
13.3559	0.0178561	123.549	0.776029	0
13.3777	0.0179501	122.532	0.773648	0
13.3648	0.0180712	123.582	0.799153	0
13.3498	0.0180978	123.365	0.785551	0
13.3738	0.0184032	123.199	0.771268	0
13.3771	0.0182111	124.265	0.791672	0
13.38	0.0176765	123.698	0.800854	0
13.4022	0.0183126	123.099	0.790652	0
13.3645	0.0181865	122.166	0.784871	0
13.3335	0.0178161	124.198	0.790312	0
13.3684	0.0173807	123.132	0.78283	0
13.3757	0.0178266	123.932	0.784871	0
13.362	0.0177228	123.798	0.806295	0
13.3662	0.0183495	123.648	0.78351	0
13.3596	0.0180403	124.948	0.810035	0
13.367	0.0176924	123.515	0.794732	0
13.3844	0.017978	124.615	0.795072	0
13.396	0.0180289	124.115	0.798473	0
13.3819	0.0180902	122.882	0.771948	0
13.3762	0.0183824	123.432	0.802554	0
13.3779	0.0177791	124.415	0.789971	0
13.376	0.0182527	123.382	0.795753	0
13.3779	0.0178638	123.865	0.771608	0
13.4005	0.0179961	123.748	0.766847	0
13.3859	0.0183359	121.633	0.799153	0
13.3542	0.0182268	122.416	0.804254	0
13.3753	0.0178197	124.431	0.793032	0
13.3972	0.0177993	122.815	0.792352	0
13.3873	0.0178643	123.315	0.796773	0
13.3626	0.0175887	123.898	0.798813	0
13.3459	0.0181762	122.782	0.78283	0
13.3484	0.018415	122.915	0.810715	0
13.3626	0.0175534	123.132	0.803574	0
13.3828	0.018156	124.698	0.806295	0
13.3806	0.017886	121.599	0.789971	0
13.3507	0.0181323	123.465	0.774328	0
13.3487	0.0181719	123.032	0.768207	0
13.375	0.0178357	125.248	0.800514	0
13.3958	0.0181565	123.915	0.792012	0
13.3956	0.0180271	123.332	0.791672	0
13.3725	0.018401	124.032	0.790312	0
13.3751	0.0179112	123.698	0.785891	0
13.3609	0.018013	124.598	0.790312	0
13.3482	0.0176947	123.698	0.798473	0
13.3703	0.0180565	123.199	0.794052	0
13.3606	0.0183053	121.616	0.794732	0
13.3567	0.0177944	123.265	0.794732	0
13.3741	0.0181275	123.882	0.78317	0
13.3607	0.0176247	121.899	0.803914	0
13.3388	0.0182941	124.065	0.787591	0
13.3584	0.0179283	123.499	0.78113	0
13.3492	0.0178558	124.848	0.801534	0
13.3265	0.0184845	123.698	0.778069	0
13.3483	0.0181589	124.315	0.811396	0
13.3756	0.0183156	123.365	0.777729	0
13.3723	0.0181452	123.065	0.78079	0
13.3613	0.0185129	123.049	0.786911	0
13.3586	0.018191	123.032	0.797453	0
13.3616	0.0177884	123.132	0.78113	0
13.3714	0.0178317	123.798	0.789291	0
13.3653	0.0181315	122.582	0.790312	0
13.3517	0.0179355	123.349	0.804934	0
13.3713	0.0180066	124.431	0.804934	0
13.3832	0.0182552	123.565	0.774328	0
13.3633	0.017845	124.098	0.777729	0
13.3624	0.018219	124.082	0.801874	0
13.3835	0.017809	123.199	0.774328	0
13.3907	0.0175681	123.132	0.803914	0
13.3864	0.0181841	123.549	0.786571	0
13.3626	0.0181336	123.399	0.789631	0
13.3496	0.018155	123.165	0.791672	0
13.3822	0.017838	123.482	0.804934	0
13.3783	0.0179231	123.415	0.799493	0
13.3557	0.017879	124.598	0.78351	0
13.3707	0.0181114	124.265	0.804254	0
13.3886	0.0179932	122.732	0.786571	0
13.385	0.0184762	123.765	0.800854	0
13.3588	0.0180723	122.899	0.78453	0
13.3806	0.0181976	123.698	0.794732	0
13.4075	0.0180273	122.266	0.777389	0
13.3645	0.0178444	123.415	0.798813	0
13.3689	0.0178751	122.849	0.778409	0
13.3834	0.0177717	122.399	0.765827	0
13.3679	0.0178719	122.999	0.779089	0
13.348	0.0184793	123.665	0.785891	0
13.3528	0.0177058	123.499	0.778069	0
13.3607	0.0177844	122.016	0.803574	0
13.3469	0.0181016	122.766	0.799833	0
13.3766	0.0178864	123.915	0.790312	0
13.3939	0.0181886	123.349	0.78215	0
13.3558	0.0178635	123.249	0.803234	0
13.3501	0.0184227	122.566	0.778069	0
13.3856	0.0184645	125.048	0.778749	0
13.4102	0.0182595	123.632	0.810035	0
13.3713	0.0179982	122.066	0.804254	0
13.3579	0.0180768	123.782	0.790652	0
13.3706	0.0177662	121.533	0.78249	0
13.3423	0.018066	122.949	0.802894	0
13.354	0.018219	123.149	0.786571	0
13.3729	0.018111	123.232	0.785891	0
13.3531	0.018956	123.549	0.800173	0
13.3569	0.0180503	124.198	0.770928	0
13.3833	0.0182174	122.832	0.811396	0
13.3808	0.0179529	123.482	0.797113	0
13.3984	0.017895	122.599	0.802214	0
13.4108	0.0181048	124.915	0.77977	0
13.3666	0.0179359	122.532	0.776029	0
13.3392	0.018008	124.098	0.796773	0
13.3855	0.0180879	122.549	0.797113	0
13.382	0.0179615	123.315	0.785891	0
13.351	0.0178166	123.599	0.78215	0
13.3717	0.0175535	122.815	0.797113	0
13.3651	0.0181212	124.648	0.823298	0
13.3491	0.017802	123.149	0.786571	0
13.4063	0.0183272	123.232	0.779089	0
13.4145	0.0182165	123.732	0.791332	0
13.3626	0.0181408	121.699	0.788271	0
13.3689	0.0182498	124.415	0.772968	0
13.4132	0.0179626	124.398	0.792352	0
13.4047	0.018495	122.616	0.786911	0
13.3773	0.0180878	123.032	0.807315	0
13.3825	0.0181175	123.232	0.78385	0
13.3779	0.0183676	121.333	0.803234	0
13.3325	0.0180665	124.865	0.802214	0
13.355	0.0186234	122.149	0.796773	0
13.3956	0.0182821	123.432	0.798473	0
13.381	0.0184441	123.715	0.78147	0
13.3828	0.0180368	123.499	0.813096	0
13.3985	0.018162	121.883	0.787251	0
13.3778	0.0182275	122.899	0.775689	0
13.3516	0.0180253	124.332	0.794052	0
13.3475	0.0179894	124.282	0.801874	0
13.376	0.0181288	124.298	0.793712	0
13.3855	0.0180359	122.066	0.804254	0
13.3431	0.0178807	124.715	0.795753	0
13.3314	0.0178127	123.099	0.78079	0
13.3588	0.017973	123.315	0.801194	0
13.3746	0.018179	124.282	0.816837	0
13.3706	0.0181915	122.349	0.791672	0
13.3636	0.0183061	123.032	0.772628	0
13.3763	0.0180144	124.798	0.795072	0
13.3945	0.0180725	123.732	0.775349	0
13.3905	0.0179242	123.499	0.802554	0
13.3999	0.0183342	123.082	0.799153	0
13.4003	0.0186593	123.549	0.785211	0
13.381	0.0183707	123.165	0.773308	0
13.3724	0.0177948	123.698	0.779089	0
13.3775	0.0178151	122.915	0.798473	0
13.3639	0.0177053	121.449	0.788951	0
13.3449	0.0182399	123.549	0.819897	0
13.3693	0.0179287	123.882	0.804594	0
13.3807	0.0179414	122.732	0.792012	0
13.371	0.0176862	123.532	0.790312	0
13.3878	0.0184257	124.015	0.805955	0
13.4025	0.0182771	122.815	0.792692	0
13.3875	0.0179165	123.865	0.775349	0
13.3685	0.0180752	123.915	0.801534	0
13.3619	0.0181246	122.949	0.775349	0
13.3647	0.0181919	122.599	0.787931	0
13.3931	0.0182796	123.249	0.78011	0
13.4003	0.0185652	123.415	0.795413	0
13.3769	0.0181956	123.682	0.801194	0
13.3784	0.0181011	123.599	0.786911	0
13.3904	0.0176227	123.415	0.798813	0
13.373	0.0178775	122.682	0.770248	0
13.3678	0.0183424	123.265	0.797113	0
13.385	0.0182238	123.065	0.790652	0
13.382	0.0176881	122.432	0.789631	0
13.3656	0.018264	123.765	0.787251	0
13.3689	0.0179615	121.883	0.78283	0
13.3892	0.018386	123.349	0.772968	0
13.3819	0.0179025	122.432	0.792012	0
13.3691	0.0179023	124.848	0.799493	0
13.3897	0.0178191	124.665	0.795753	0
13.3799	0.0181821	124.365	0.772288	0
13.3544	0.018409	123.515	0.798813	0
13.3478	0.0185291	122.182	0.78113	0
13.3672	0.018313	123.165	0.807315	0
13.3796	0.0180145	123.765	0.790652	0
13.3476	0.017706	124.415	0.785211	0
13.3737	0.0180066	122.915	0.785551	0
13.4083	0.0183137	123.898	0.796093	0
13.379	0.0183866	123.848	0.786911	0
13.3637	0.0183981	123.132	0.810715	0
13.39	0.0179549	122.599	0.789971	0
13.3886	0.0176523	124.898	0.787931	0
13.36	0.0176915	122.566	0.794392	0
13.3659	0.0179039	123.648	0.78215	0
13.3755	0.0176756	123.648	0.767187	0
13.3997	0.0177298	124.531	0.797113	0
13.412	0.0179004	124.248	0.787251	0
13.363	0.0178433	123.732	0.790652	0
13.3482	0.0182672	123.065	0.812076	0
13.3895	0.0184467	123.782	0.78045	0
13.3834	0.0178451	122.399	0.793032	0
13.3617	0.0180741	123.998	0.785891	0
13.3751	0.0174982	123.282	0.787591	0
13.3671	0.0178598	124.298	0.806635	0
13.3606	0.0175687	124.132	0.802894	0
13.3794	0.0183199	122.999	0.803574	0
13.3956	0.0178488	123.099	0.800854	0
13.381	0.0177681	122.949	0.767187	0
13.3802	0.0177123	123.465	0.791332	0
13.4	0.0180965	123.882	0.78419	0
13.3802	0.0181166	123.499	0.806635	0
13.3434	0.018019	123.365	0.805614	0
13.3502	0.0181378	124.715	0.801874	0
13.3572	0.0182598	123.682	0.792352	0
13.3505	0.0177917	123.465	0.765827	0
13.3727	0.0177604	124.248	0.778749	0
13.3882	0.0174153	123.465	0.809355	0
13.3817	0.0179707	123.499	0.794052	0
13.3571	0.0180601	124.198	0.798133	0
13.3271	0.0183213	122.799	0.798473	0
13.3542	0.0182617	122.782	0.78385	0
13.3983	0.0181825	122.116	0.805614	0
13.3612	0.0181932	123.715	0.773988	0
13.3347	0.0176093	122.682	0.78385	0
13.3888	0.0179501	124.431	0.795413	0
13.4059	0.0179798	124.098	0.78317	0
13.3744	0.0181018	123.315	0.78079	0
13.3522	0.0182405	122.832	0.797793	0
13.3436	0.0179434	124.298	0.813776	0
13.3425	0.0177181	123.349	0.799493	0
13.3766	0.017709	124.248	0.797113	0
13.3893	0.0175001	122.316	0.785211	0
13.3621	0.01783	122.682	0.802554	0
13.3489	0.0184395	122.382	0.779429	0
13.3516	0.0180406	123.665	0.796433	0
13.3685	0.0180369	123.765	0.793372	0
13.375	0.0179803	123.249	0.787931	0
13.3685	0.017629	124.032	0.78079	0
13.3694	0.0175116	121.983	0.789631	0
13.3563	0.017938	123.632	0.78181	0
13.3384	0.0180755	122.915	0.778409	0
13.3608	0.0178857	124.215	0.809355	0
13.3815	0.0180289	122.965	0.789291	0
13.3728	0.0180362	124.931	0.812076	0
13.3966	0.0180217	122.282	0.801194	0
13.3854	0.0182257	123.099	0.801194	0
13.3538	0.0183466	124.965	0.775349	0
13.3548	0.017515	123.848	0.789971	0
13.3607	0.0175273	123.232	0.793032	0
13.3513	0.0180331	123.515	0.78181	0
13.344	0.0181043	123.765	0.777049	0
13.3526	0.0180896	123.932	0.793712	0
13.3559	0.017743	123.648	0.787251	0
13.3514	0.0180846	124.765	0.791672	0
13.3628	0.0179135	122.316	0.808675	0
13.3748	0.0178237	123.115	0.794732	0
13.374	0.0177562	122.699	0.78419	0
13.357	0.0172698	123.382	0.793372	0
13.3413	0.0182258	122.249	0.796093	0
13.3628	0.0182623	123.982	0.817177	0
13.4062	0.017774	124.098	0.786911	0
13.413	0.0181897	124.465	0.791672	0
13.3793	0.0177358	122.949	0.785211	0
13.3529	0.0180392	123.565	0.801534	0
13.3617	0.0177696	124.498	0.786911	0
13.3602	0.0183324	123.948	0.772628	0
13.3608	0.0183653	124.115	0.807655	0
13.3791	0.0183336	124.298	0.777049	0
13.3939	0.0178379	123.232	0.794732	0
13.3898	0.0179646	124.148	0.792692	0
13.3785	0.0183189	122.199	0.791332	0
13.3857	0.0181208	122.016	0.796433	0
13.3794	0.0178439	122.999	0.779429	0
13.37	0.0180201	124.282	0.807995	0
13.3734	0.0182078	122.616	0.792692	0
13.372	0.0181155	123.648	0.779429	0
13.3901	0.0183401	123.365	0.788611	0
13.4052	0.0182788	124.531	0.797793	0
13.4013	0.018023	122.466	0.784871	0
13.3983	0.0182515	123.499	0.785211	0
13.372	0.0179797	123.132	0.78385	0
13.3557	0.017874	121.316	0.786911	0
13.367	0.0179943	124.298	0.784871	0
13.3903	0.018119	122.566	0.812756	0
13.3823	0.0179239	122.799	0.787591	0
13.3451	0.0177706	124.065	0.773648	0
13.3607	0.0180391	123.282	0.800173	0
13.3828	0.0181858	123.615	0.792012	0
13.3524	0.0182225	124.165	0.772628	0
13.3329	0.0183917	122.949	0.788611	0
13.3474	0.017635	123.099	0.78079	0
13.3283	0.017987	123.265	0.789971	0
13.3278	0.0181638	123.065	0.801874	0
13.3496	0.0176148	122.549	0.78385	0
13.3335	0.0180401	122.982	0.790312	0
13.3371	0.0183604	123.815	0.785551	0
13.3673	0.0180075	123.082	0.807315	0
13.3622	0.0182021	123.349	0.789971	0
13.3478	0.0179196	124.648	0.794732	0
13.3581	0.0181308	122.882	0.805274	0
13.3747	0.0188095	124.382	0.760726	0
13.3966	0.0185834	123.732	0.78419	0
13.3877	0.0179582	123.482	0.796093	0
13.3572	0.018248	124.098	0.797453	0
13.3559	0.0180032	123.482	0.777049	0
13.3736	0.0178756	123.032	0.811396	0
13.3478	0.0177887	123.798	0.795753	0
13.3417	0.0184224	123.232	0.78317	0
13.3624	0.0181142	123.948	0.78351	0
13.3592	0.0185454	123.082	0.776709	0
13.3412	0.0185725	122.632	0.793712	0
13.3582	0.018147	123.865	0.794732	0
13.3901	0.0182016	123.232	0.785551	0
13.3785	0.0180444	121.716	0.802554	0
13.3671	0.0181166	122.549	0.78011	0
13.3694	0.0179351	121.966	0.803914	0
13.3712	0.0182319	123.282	0.78113	0
13.3866	0.0182208	122.782	0.807995	0
13.3816	0.0182251	123.465	0.795413	0
13.355	0.018269	124.598	0.799833	0
13.3625	0.018013	124.315	0.794732	0
13.3828	0.0181057	123.382	0.804594	0
13.3762	0.0178498	123.549	0.797793	0
13.3649	0.0178421	123.215	0.809355	0
13.3533	0.0177836	122.316	0.786231	0
13.3566	0.0177945	123.615	0.786571	0
13.3712	0.0181955	123.149	0.794732	0
13.3745	0.0183996	123.848	0.78181	0
13.3613	0.0182408	123.615	0.78419	0
13.3457	0.0178532	122.766	0.803234	0
13.367	0.0181863	123.115	0.795072	0
13.3818	0.0176975	121.566	0.808335	0
13.3783	0.0179774	122.899	0.802214	0
13.3808	0.0181995	122.666	0.800854	0
13.3764	0.017864	122.965	0.777049	0
13.3581	0.018185	122.316	0.798133	0
13.3582	0.0181396	123.682	0.797793	0
13.374	0.0181314	123.299	0.761066	0
13.3613	0.0180018	123.965	0.805274	0
13.3551	0.0177961	121.966	0.771608	0
13.345	0.0179834	122.416	0.804594	0
13.3537	0.0180347	123.698	0.803234	0
13.3809	0.0179137	121.249	0.78317	0
13.3428	0.0180999	123.698	0.792352	0
13.3582	0.0181578	123.665	0.800854	0
13.3905	0.0181992	123.315	0.770588	0
13.3719	0.018131	124.431	0.796093	0
13.3643	0.0180893	123.315	0.801534	0
13.358	0.01804	123.549	0.793032	0
13.3549	0.0182399	123.499	0.796433	0
13.3783	0.018389	122.932	0.778069	0
13.3913	0.0177878	123.748	0.786231	0
13.3713	0.0184607	123.299	0.802214	0
13.3633	0.0180525	123.099	0.814116	0
13.3778	0.0177342	124.315	0.788951	0
13.3939	0.0180334	123.532	0.772628	0
13.3678	0.0184869	123.315	0.78045	0
13.3303	0.0174725	123.515	0.793032	0
13.3644	0.0182526	124.232	0.788611	0
13.4019	0.017808	124.148	0.756645	0
13.3826	0.01763	123.865	0.78385	0
13.3713	0.0182072	122.716	0.819557	0
13.3901	0.0180492	124.032	0.78079	0
13.3989	0.0179712	124.098	0.797793	0
13.3782	0.0182116	123.982	0.817517	0
13.3765	0.0182703	125.931	0.78181	0
13.3832	0.0181536	123.815	0.776369	0
13.3772	0.0180821	123.665	0.78351	0
13.3743	0.0177253	122.482	0.78385	0
13.3765	0.0177018	122.032	0.785211	0
13.3649	0.0179638	123.832	0.796093	0
13.3492	0.0181806	122.282	0.796093	0
13.3341	0.0179541	122.616	0.78249	0
13.3664	0.0180898	125.864	0.777729	0
13.3958	0.0182339	122.766	0.786571	0
13.3466	0.0178331	123.249	0.78351	0
13.3457	0.0180656	124.148	0.789291	0
13.3581	0.0178727	122.599	0.78453	0
13.3227	0.0179539	123.049	0.771268	0
13.3496	0.0179866	122.949	0.769908	0
13.3901	0.0182315	124.148	0.793712	0
13.3726	0.0170838	123.349	0.773988	0
13.3726	0.0180453	121.633	0.809355	0
13.3835	0.0179154	124.531	0.793372	0
13.384	0.0182494	123.099	0.798473	0
13.3686	0.0177398	123.965	0.777729	0
13.3506	0.0175837	121.566	0.78351	0
13.3381	0.0179235	122.999	0.788611	0
13.3386	0.0176338	123.249	0.803234	0
13.3573	0.0177598	123.648	0.795413	0
13.3816	0.0181118	124.265	0.778069	0
13.3849	0.0178129	123.482	0.788951	0
13.3722	0.0179525	122.815	0.762086	0
13.3834	0.0180099	123.549	0.78147	0
13.3864	0.0177392	123.515	0.787591	0
13.3686	0.0177156	123.898	0.785211	0
13.3652	0.0181938	122.482	0.78045	0
13.391	0.0179867	123.898	0.78453	0
13.3888	0.0178107	123.232	0.798133	0
13.363	0.0179244	123.299	0.788951	0
13.3913	0.0178365	122.582	0.802554	0
13.3718	0.0176842	123.015	0.77977	0
13.3295	0.0178952	124.548	0.78147	0
13.3633	0.0186526	123.149	0.789291	0
13.4048	0.017717	124.615	0.778749	0
13.3845	0.0181714	122.815	0.78045	0
13.3565	0.0176044	123.049	0.774669	0
13.3595	0.0178644	122.932	0.798813	0
13.3655	0.018441	125.031	0.807995	0
13.3841	0.0178387	123.932	0.789631	0
13.3867	0.0177791	122.549	0.793372	0
13.3614	0.0186414	123.815	0.790992	0
13.3752	0.0180213	122.982	0.778749	0
13.4073	0.018411	123.898	0.796773	0
13.3881	0.0185118	123.865	0.786231	0
13.3521	0.0181876	121.05	0.789971	0
13.3577	0.0182004	123.882	0.808675	0
13.3661	0.0179704	123.915	0.78249	0
13.3483	0.0178524	124.332	0.773648	0
13.3431	0.0182969	123.815	0.800173	0
13.3846	0.0182085	125.165	0.795072	0
13.3846	0.0176725	123.265	0.785551	0
13.389	0.0180059	124.382	0.768547	0
13.399	0.0175211	124.165	0.788951	0
13.3719	0.0177383	122.699	0.790992	0
13.3682	0.018152	123.782	0.78351	0
13.3611	0.0180656	122.865	0.771268	0
13.3635	0.0182806	124.348	0.785211	0
13.3991	0.0179155	124.215	0.792692	0
13.3957	0.0177931	123.832	0.78181	0
13.3719	0.0182325	121.816	0.775009	0
13.373	0.0181634	123.465	0.795753	0
13.366	0.0180732	123.815	0.793032	0
13.3388	0.0181352	122.566	0.784871	0
13.3417	0.0182647	124.048	0.811396	0
13.3965	0.0179893	124.415	0.794052	0
13.3987	0.0182538	123.432	0.807995	0
13.3652	0.0184701	123.698	0.787591	0
13.377	0.0184868	123.399	0.799833	0
13.386	0.0177899	123.215	0.78283	0
13.3705	0.0178712	124.098	0.792012	0
13.362	0.017551	122.266	0.792692	0
13.3697	0.018286	122.666	0.778749	0
13.386	0.0177151	122.666	0.791332	0
13.3836	0.0181118	124.698	0.791332	0
13.3806	0.0177991	122.732	0.792352	0
13.3798	0.0179506	123.165	0.785891	0
13.3913	0.0179547	125.364	0.766847	0
13.3924	0.0179174	123.715	0.78283	0
13.3615	0.0179958	121.533	0.795072	0
13.3642	0.0177407	122.099	0.796093	0
13.3834	0.0182729	123.382	0.774669	0
13.36	0.0178896	123.182	0.761746	0
13.3476	0.0179511	123.898	0.809015	0
13.3732	0.0181485	122.782	0.816497	0
13.3775	0.0179312	124.598	0.801194	0
13.3803	0.017984	122.549	0.795753	0
13.3628	0.0177706	122.832	0.788611	0
13.3457	0.0177654	121.866	0.78453	0
13.3458	0.0181701	123.549	0.805614	0
13.3538	0.0181074	123.165	0.796093	0
13.3793	0.0179275	123.449	0.78045	0
13.3856	0.0179503	122.865	0.78385	0
13.3564	0.0180075	123.698	0.802894	0
13.3679	0.0184224	123.848	0.811056	0
13.3921	0.0179262	122.815	0.775349	0
13.3675	0.0178573	123.865	0.787251	0
13.3685	0.0178823	124.198	0.78079	0
13.3863	0.0180202	124.681	0.774669	0
13.372	0.0179743	123.882	0.798473	0
13.3445	0.0178485	122.566	0.778749	0
13.3519	0.0179955	122.682	0.790992	0
13.3693	0.0177978	123.282	0.805614	0
13.366	0.0179847	123.432	0.797453	0
13.3612	0.0185572	123.215	0.803574	0
13.367	0.0182424	122.099	0.802214	0
13.3802	0.0180506	123.215	0.789291	0
13.3614	0.0184257	122.749	0.78351	0
13.3573	0.0180885	123.315	0.810035	0
13.371	0.0181271	123.798	0.78385	0
13.3719	0.017817	122.649	0.786231	0
13.3883	0.0183089	124.182	0.799833	0
13.3799	0.0178576	123.532	0.786911	0
13.3523	0.0184652	121.983	0.796093	0
13.3634	0.0177003	123.265	0.771268	0
13.3947	0.0181149	123.282	0.78079	0
13.3834	0.0179971	122.449	0.801194	0
13.3228	0.018438	123.165	0.792692	0
13.3307	0.0179381	123.482	0.765147	0
13.3695	0.0180549	122.749	0.794392	0
13.3524	0.0179252	123.765	0.779089	0
13.3606	0.0182593	122.299	0.78351	0
13.3788	0.0180335	123.099	0.804254	0
13.349	0.0182562	122.949	0.789631	0
13.3535	0.0178042	124.448	0.805955	0
13.3615	0.0173976	122.332	0.800173	0
13.3613	0.0182286	124.098	0.790652	0
13.3954	0.0180395	123.465	0.78011	0
13.3652	0.018553	122.932	0.790652	0
13.323	0.0178604	122.632	0.78181	0
13.3352	0.0178166	123.715	0.795413	0
13.3631	0.0181028	124.731	0.788951	0
13.366	0.018143	123.149	0.778069	0
13.3501	0.0184863	123.215	0.798473	0
13.3487	0.0181239	124.815	0.78317	0
13.3627	0.0180573	122.999	0.786231	0
13.3525	0.0179098	122.782	0.78317	0
13.3673	0.0182991	124.298	0.793712	0
13.3907	0.0177194	122.316	0.791672	0
13.3762	0.0175835	123.299	0.790992	0
13.3616	0.0180213	122.432	0.791672	0
13.3598	0.0183269	123.632	0.78181	0
13.3655	0.0180837	123.698	0.787931	0
13.3631	0.018149	122.182	0.78453	0
13.3548	0.0180907	122.582	0.795413	0
13.3934	0.0179264	123.565	0.775009	0
13.4118	0.0176558	122.932	0.795413	0
13.3517	0.017032	124.798	0.788271	0
13.3477	0.0186798	123.249	0.777389	0
13.3759	0.0181793	122.432	0.800173	0
13.3662	0.0183377	123.798	0.795072	0
13.3733	0.0183169	122.632	0.795072	0
13.3866	0.0186154	123.648	0.789631	0
13.371	0.0181431	123.132	0.806295	0
13.345	0.0176855	123.715	0.785211	0
13.328	0.0179646	122.932	0.786571	0
13.3376	0.01815	123.032	0.797453	0
13.3693	0.0174788	122.782	0.801194	0
13.3615	0.0177694	123.865	0.786231	0
13.3527	0.017685	122.915	0.77977	0
13.367	0.0180199	122.965	0.790652	0
13.3608	0.0177887	124.481	0.786231	0
13.3578	0.0179759	124.032	0.796433	0
13.3668	0.0179113	122.882	0.777389	0
13.3697	0.0182961	122.432	0.78045	0
13.3688	0.0182566	122.282	0.802554	0
13.3697	0.0181068	123.015	0.78283	0
13.3554	0.0180682	122.499	0.801534	0
13.3489	0.0181695	122.865	0.802214	0
13.3524	0.0180049	123.732	0.798813	0
13.3569	0.0179501	122.882	0.78249	0
13.3736	0.0178766	124.981	0.798473	0
13.3614	0.0179667	122.982	0.789971	0
13.3604	0.0183167	123.499	0.778409	0
13.374	0.0180918	124.348	0.813096	0
13.3563	0.0175378	123.199	0.796093	0
13.3431	0.017713	122.932	0.796773	0
13.3342	0.0176398	123.415	0.769568	0
13.3489	0.018344	124.715	0.796433	0
13.364	0.0178589	124.781	0.799833	0
13.3572	0.0182272	123.099	0.800514	0
13.3701	0.0176088	124.465	0.786571	0
13.379	0.0181342	122.766	0.815136	0
13.3592	0.0175805	123.482	0.792012	0
13.3717	0.0185075	123.565	0.811736	0
13.4031	0.0177382	122.899	0.78249	0
13.3774	0.0179545	122.865	0.811396	0
13.345	0.018163	125.731	0.808335	0
13.3612	0.0180941	122.682	0.790652	0
13.3522	0.0183506	123.449	0.790652	0
13.3429	0.0182535	122.682	0.786911	0
13.3626	0.0179167	123.848	0.785891	0
13.3931	0.0178024	123.432	0.795413	0
13.3844	0.0181688	123.582	0.803914	0
13.3655	0.0180383	124.698	0.800514	0
13.3723	0.0182553	123.032	0.792012	0
13.3671	0.0181016	123.732	0.804254	0
13.3699	0.0180486	124.148	0.797793	0
13.357	0.01796	122.766	0.798473	0
13.3414	0.0178467	124.015	0.777729	0
13.3558	0.017362	123.299	0.793372	0
13.3715	0.0178157	124.132	0.795753	0
13.3572	0.0175168	123.282	0.797793	0
13.3713	0.0180304	124.115	0.78283	0
13.3759	0.018229	122.982	0.788951	0
13.3346	0.0179157	124.865	0.799153	0
13.3464	0.0184436	122.182	0.778749	0
13.3752	0.0182734	123.182	0.766167	0
13.3698	0.0184632	124.415	0.805274	0
13.3719	0.0177909	122.216	0.796773	0
13.3614	0.0177378	123.482	0.797793	0
13.3532	0.0176775	125.264	0.794052	0
13.3875	0.0179702	122.666	0.788271	0
13.3831	0.017763	122.066	0.776369	0
13.3532	0.0179439	123.132	0.802214	0
13.3639	0.0186144	124.182	0.798473	0
13.3793	0.0186188	124.215	0.759366	0
13.361	0.0186318	123.149	0.789291	0
13.3529	0.0183643	123.049	0.788271	0
13.3588	0.0182965	123.948	0.823978	0
13.3597	0.0180401	123.665	0.799493	0
13.3675	0.0176952	123.365	0.788271	0
13.3586	0.0179026	122.949	0.793032	0
13.342	0.0178055	122.865	0.78419	0
13.345	0.0179041	123.832	0.790652	0
13.3313	0.0183706	123.432	0.757665	0
13.3187	0.0173564	123.182	0.793372	0
13.327	0.0183345	122.865	0.803234	0
13.3353	0.0179135	122.799	0.800514	0
13.3403	0.0182172	123.915	0.804594	0
13.3321	0.0183507	122.616	0.804594	0
13.3651	0.0183799	124.298	0.794732	0
13.4196	0.0184773	123.482	0.807995	0
13.3808	0.018164	122.732	0.799493	0
13.3208	0.0179367	123.149	0.797113	0
13.3279	0.0175657	123.249	0.784871	0
13.3609	0.0179668	122.266	0.810715	0
13.3775	0.0182425	122.949	0.790992	0
13.3794	0.0182444	124.431	0.808335	0
13.3699	0.0177081	122.466	0.78147	0
13.3481	0.01825	124.498	0.801874	0
13.3676	0.0181466	125.181	0.785211	0
13.3931	0.0184368	124.765	0.776709	0
13.3779	0.0184359	124.165	0.796773	0
13.3768	0.0182474	123.698	0.800854	0
13.3827	0.0184887	122.849	0.800514	0
13.3636	0.0183861	122.782	0.791672	0
13.3678	0.018066	123.299	0.788611	0
13.3962	0.0180448	123.482	0.803234	0
13.3918	0.0180394	124.198	0.802554	0
13.37	0.0181553	122.799	0.801874	0
13.3691	0.018352	123.532	0.811736	0
13.3637	0.0181245	123.249	0.78249	0
13.3463	0.0184483	122.399	0.778749	0
13.3626	0.0178544	124.981	0.774669	0
13.3659	0.0181876	123.682	0.803234	0
13.3299	0.0181924	122.616	0.78453	0
13.3397	0.0181391	122.865	0.805614	0
13.3784	0.0178817	124.065	0.823298	0
13.3746	0.0180462	124.015	0.78215	0
13.3757	0.0181186	122.749	0.799833	0
13.3785	0.0183299	123.715	0.798813	0
13.3664	0.018175	121.949	0.795753	0
13.3422	0.0177483	124.198	0.786571	0
13.3547	0.0178637	123.765	0.797793	0
13.3556	0.0181539	121.816	0.789291	0
13.3444	0.0176442	123.648	0.779429	0
13.3622	0.0176222	123.382	0.779429	0
13.3708	0.0182327	124.198	0.787591	0
13.3813	0.0182019	123.399	0.793712	0
13.3627	0.0181796	122.965	0.779089	0
13.3381	0.0179143	123.648	0.78215	0
13.3688	0.0178456	122.499	0.801534	0
13.3842	0.0178127	124.065	0.797793	0
13.3504	0.0177649	122.482	0.785211	0
13.3528	0.0179504	124.282	0.801534	0
13.3885	0.0179554	123.015	0.807655	0
13.3617	0.01808	123.499	0.796433	0
13.3409	0.0185996	122.282	0.793372	0
13.3725	0.0183187	124.198	0.802554	0
13.3799	0.0184021	123.149	0.807995	0
13.355	0.018147	122.232	0.793712	0
13.3548	0.0178884	124.448	0.78147	0
13.3775	0.0179102	122.865	0.803914	0
13.3857	0.0184994	123.615	0.799153	0
13.3883	0.0178494	123.032	0.803914	0
13.3839	0.0185038	125.331	0.807315	0
13.3801	0.0180964	122.732	0.798813	0
13.3483	0.0180555	123.948	0.793032	0
13.3426	0.0180239	123.665	0.786231	0
13.3628	0.0183818	122.599	0.78079	0
13.3568	0.0177543	121.566	0.786571	0
13.3685	0.0180987	125.714	0.797453	0
13.395	0.0178025	121.766	0.789971	0
13.3942	0.0181148	124.082	0.800514	0
13.3847	0.0178067	122.399	0.771608	0
13.3775	0.0177522	121.399	0.778749	0
13.3831	0.0179613	123.732	0.78079	0
13.394	0.0181341	123.948	0.790312	0
13.3524	0.018296	122.882	0.785551	0
13.3492	0.0180481	121.883	0.809015	0
13.3778	0.0186024	123.015	0.799493	0
13.3745	0.0179163	122.149	0.789291	0
13.3783	0.0180342	122.466	0.78317	0
13.3625	0.01837	122.532	0.797793	0
13.3326	0.0182362	123.249	0.806975	0
13.3339	0.0178358	122.099	0.796433	0
13.3649	0.018408	122.882	0.777729	0
13.3501	0.0178045	123.382	0.78317	0
13.3296	0.0181177	123.815	0.800854	0
13.3736	0.0184647	123.332	0.796093	0
13.3905	0.0180366	122.499	0.78453	0
13.3657	0.0177511	122.666	0.791672	0
13.3657	0.0182683	121.866	0.800173	0
13.3775	0.0184056	122.649	0.785211	0
0	0	0	0	0
0	0	0	0	0
0	0	0	0	0
0	0	0	0	0
0	0	0	0	0
0	0	0	0	0
0	0	0	0	0
0	0	0	0	0
0	0	0	0	0
0	0	0	0	0
0	0	0	0	0
0	0	0	0	0
0	0	0	0	0
0	0	0	0	0
0	0	0	0	0
0	0	0	0	0
0	0	0	0	0
0	0	0	0	0
0	0	0	0	0
0	0	0	0	0
0	0	0	0	0
0	0	0	0	0
0	0	0	0	0
0	0	0	0	0
0	0	0	0	0
0	0	0	0	0
0	0	0	0	0
0	0	0	0	0
0	0	0	0	0
0	0	0	0	0
0	0	0	0	0
0	0	0	0	0
0	0	0	0	0
0	0	0	0	0
0	0	0	0	0
0	0	0	0	0
0	0	0	0	0
0	0	0	0	0
0	0	0	0	0
0	0	0	0	0
0	0	0	0	0
0	0	0	0	0
0	0	0	0	0
0	0	0	0	0
0	0	0	0	0
0	0	0	0	0
0	0	0	0	0
0	0	0	0	0
0	0	0	0	0
0	0	0	0	0
0	0	0	0	0
0	0	0	0	0
0	0	0	0	0
0	0	0	0	0
0	0	0	0	0
0	0	0	0	0
0	0	0	0	0
0	0	0	0	0
0	0	0	0	0
0	0	0	0	0
0	0	0	0	0
0	0	0	0	0
0	0	0	0	0
0	0	0	0	0
0	0	0	0	0
0	0	0	0	0
0	0	0	0	0
0	0	0	0	0
0	0	0	0	0
0	0	0	0	0
0	0	0	0	0
0	0	0	0	0
0	0	0	0	0
0	0	0	0	0
0	0	0	0	0
0	0	0	0	0
0	0	0	0	0
0	0	0	0	0
0	0	0	0	0
0	0	0	0	0
0	0	0	0	0
0	0	0	0	0
0	0	0	0	0
0	0	0	0	0
0	0	0	0	0
0	0	0	0	0
0	0	0	0	0
0	0	0	0	0
0	0	0	0	0
0	0	0	0	0
0	0	0	0	0
0	0	0	0	0
0	0	0	0	0
0	0	0	0	0
0	0	0	0	0
0	0	0	0	0
0	0	0	0	0
0	0	0	0	0
0	0	0	0	0
0	0	0	0	0
0	0	0	0	0
0	0	0	0	0
0	0	0	0	0
0	0	0	0	0
0	0	0	0	0
0	0	0	0	0
0	0	0	0	0
0	0	0	0	0
0	0	0	0	0
0	0	0	0	0
0	0	0	0	0
0	0	0	0	0
0	0	0	0	0
0	0	0	0	0
0	0	0	0	0
0	0	0	0	0
0	0	0	0	0
0	0	0	0	0
0	0	0	0	0
0	0	0	0	0
0	0	0	0	0
0	0	0	0	0
0	0	0	0	0
0	0	0	0	0
0	0	0	0	0
0	0	0	0	0
0	0	0	0	0
0	0	0	0	0
0	0	0	0	0
0	0	0	0	0
0	0	0	0	0
0	0	0	0	0
0	0	0	0	0
0	0	0	0	0
0	0	0	0	0
0	0	0	0	0
0	0	0	0	0
0	0	0	0	0
0	0	0	0	0
0	0	0	0	0
0	0	0	0	0
0	0	0	0	0
0	0	0	0	0
0	0	0	0	0
0	0	0	0	0
0	0	0	0	0
0	0	0	0	0
0	0	0	0	0
0	0	0	0	0
0	0	0	0	0
0	0	0	0	0
0	0	0	0	0
0	0	0	0	0
0	0	0	0	0
0	0	0	0	0
0	0	0	0	0
0	0	0	0	0
0	0	0	0	0
0	0	0	0	0
0	0	0	0	0
0	0	0	0	0
0	0	0	0	0
0	0	0	0	0
0	0	0	0	0
0	0	0	0	0
0	0	0	0	0
0	0	0	0	0
0	0	0	0	0
0	0	0	0	0
0	0	0	0	0
0	0	0	0	0
0	0	0	0	0
0	0	0	0	0
0	0	0	0	0
0	0	0	0	0
0	0	0	0	0
0	0	0	0	0
0	0	0	0	0
0	0	0	0	0
0	0	0	0	0
0	0	0	0	0
0	0	0	0	0
0	0	0	0	0
0	0	0	0	0
0	0	0	0	0
0	0	0	0	0
0	0	0	0	0
0	0	0	0	0
0	0	0	0	0
0	0	0	0	0
0	0	0	0	0
0	0	0	0	0
0	0	0	0	0
0	0	0	0	0
0	0	0	0	0
0	0	0	0	0
0	0	0	0	0
0	0	0	0	0
0	0	0	0	0
0	0	0	0	0
0	0	0	0	0
0	0	0	0	0
0	0	0	0	0
0	0	0	0	0
0	0	0	0	0
0	0	0	0	0
0	0	0	0	0
0	0	0	0	0
0	0	0	0	0
0	0	0	0	0
0	0	0	0	0
0	0	0	0	0
0	0	0	0	0
0	0	0	0	0
0	0	0	0	0
0	0	0	0	0
0	0	0	0	0
0	0	0	0	0
0	0	0	0	0
0	0	0	0	0
0	0	0	0	0
0	0	0	0	0
0	0	0	0	0
0	0	0	0	0
0	0	0	0	0
0	0	0	0	0
0	0	0	0	0
0	0	0	0	0
0	0	0	0	0
0	0	0	0	0
0	0	0	0	0
0	0	0	0	0
0	0	0	0	0
0	0	0	0	0
0	0	0	0	0
0	0	0	0	0
0	0	0	0	0
0	0	0	0	0
0	0	0	0	0
0	0	0	0	0
0	0	0	0	0
0	0	0	0	0
0	0	0	0	0
0	0	0	0	0
0	0	0	0	0
0	0	0	0	0
0	0	0	0	0
0	0	0	0	0
0	0	0	0	0
0	0	0	0	0
0	0	0	0	0
0	0	0	0	0
0	0	0	0	0
0	0	0	0	0
0	0	0	0	0
0	0	0	0	0
0	0	0	0	0
0	0	0	0	0
0	0	0	0	0
0	0	0	0	0
0	0	0	0	0
0	0	0	0	0
0	0	0	0	0
0	0	0	0	0
0	0	0	0	0
0	0	0	0	0
0	0	0	0	0
0	0	0	0	0
0	0	0	0	0
0	0	0	0	0
0	0	0	0	0
0	0	0	0	0
0	0	0	0	0
0	0	0	0	0
0	0	0	0	0
0	0	0	0	0
0	0	0	0	0
0	0	0	0	0
0	0	0	0	0
0	0	0	0	0
0	0	0	0	0
0	0	0	0	0
0	0	0	0	0
0	0	0	0	0
0	0	0	0	0
0	0	0	0	0
0	0	0	0	0
0	0	0	0	0
0	0	0	0	0
0	0	0	0	0
0	0	0	0	0
0	0	0	0	0
0	0	0	0	0
0	0	0	0	0
0	0	0	0	0
0	0	0	0	0
0	0	0	0	0
0	0	0	0	0
0	0	0	0	0
0	0	0	0	0
0	0	0	0	0
0	0	0	0	0
0	0	0	0	0
0	0	0	0	0
0	0	0	0	0
0	0	0	0	0
0	0	0	0	0
0	0	0	0	0
0	0	0	0	0
0	0	0	0	0
0	0	0	0	0
0	0	0	0	0
0	0	0	0	0
0	0	0	0	0
0	0	0	0	0
0	0	0	0	0
0	0	0	0	0
0	0	0	0	0
0	0	0	0	0
0	0	0	0	0
0	0	0	0	0
0	0	0	0	0
0	0	0	0	0
0	0	0	0	0
0	0	0	0	0
0	0	0	0	0
0	0	0	0	0
0	0	0	0	0
0	0	0	0	0
0	0	0	0	0
0	0	0	0	0
0	0	0	0	0
0	0	0	0	0
0	0	0	0	0
0	0	0	0	0
0	0	0	0	0
0	0	0	0	0
0	0	0	0	0
0	0	0	0	0
0	0	0	0	0
0	0	0	0	0
0	0	0	0	0
0	0	0	0	0
0	0	0	0	0
0	0	0	0	0
0	0	0	0	0
0	0	0	0	0
0	0	0	0	0
0	0	0	0	0
0	0	0	0	0
0	0	0	0	0
0	0	0	0	0
0	0	0	0	0
0	0	0	0	0
0	0	0	0	0
0	0	0	0	0
0	0	0	0	0
0	0	0	0	0
0	0	0	0	0
0	0	0	0	0
0	0	0	0	0
0	0	0	0	0
0	0	0	0	0
0	0	0	0	0
0	0	0	0	0
0	0	0	0	0
0	0	0	0	0
0	0	0	0	0
0	0	0	0	0
0	0	0	0	0
0	0	0	0	0
0	0	0	0	0
0	0	0	0	0
0	0	0	0	0
0	0	0	0	0
0	0	0	0	0
0	0	0	0	0
0	0	0	0	0
0	0	0	0	0
0	0	0	0	0
0	0	0	0	0
0	0	0	0	0
0	0	0	0	0
0	0	0	0	0
0	0	0	0	0
0	0	0	0	0
0	0	0	0	0
0	0	0	0	0
0	0	0	0	0
0	0	0	0	0
0	0	0	0	0
0	0	0	0	0
0	0	0	0	0
0	0	0	0	0
0	0	0	0	0
0	0	0	0	0
0	0	0	0	0
0	0	0	0	0
0	0	0	0	0
0	0	0	0	0
