a2610714.345994
Narit-cm 07/01/2026 14:05:00 07/01/2026 14:34:59 0045 0013.384714 0052.542598 00.0 00.0
0002401 0010 0000000 0010 05 0000000 0010 0000000 0010
1 0 1 01600 1 0000 3.75 00000.o 0 0 01 000 16 002401 0.500 BT0
1 2 1 02000 1 0000 3.75 00000.o 0 0 01 000 16 002401 0.500 S2A0
1 1 1 01600 1 0000 3.75 00000.o 0 0 00 000 00 002401 3.1746 BC0
1 3 1 02000 1 0000 3.75 00000.o 0 0 00 000 00 002401 3.1746 S2P0
1 5 0 01600 0 0000 1.00 00000.o 0 0 00 000 00 000000 0.000 OF0
0.000 .o Analog 0 	0.000 .o Analog StErr 0 	0.000 .o Photon Counting 0 	0.000 .o PC StErr 0 	0.000 .o Overflow Info 0 
29.6996	0.10726	160.516	0.839621	0
51.5381	0.19167	165.498	0.823298	0
132.469	0.888767	78.1008	1.15248	0
361.551	1.68622	0.466472	0.112562	1
499.531	0.0610366	34.6189	0.854924	1
493.307	0.225276	153.719	1.24328	1
474.688	0.104971	121.966	1.27116	1
474.302	0.0829431	26.2057	0.67911	1
484.982	0.253341	18.9254	0.563828	1
490.596	0.249939	43.9817	0.78215	1
492.266	0.236068	86.6306	0.966125	1
492.679	0.231762	140.292	1.0321	1
492.16	0.238534	160.267	0.979728	1
494.734	0.205717	134.177	1.02564	1
498.763	0.105893	118.067	0.978368	1
499.958	0.0192433	109.354	0.963745	1
500	0	112.436	0.950142	1
500	0	118.234	0.946401	1
500	0	117.251	0.941981	1
500	0	126.697	0.928038	1
495.95	0.148703	150.404	0.928038	1
468.696	0.398374	165.181	0.929058	1
431.474	0.44361	180.641	0.907634	1
396.101	0.416689	187.455	0.906274	0
364.757	0.384842	190.904	0.899132	0
336.86	0.355857	192.153	0.899472	0
311.878	0.332153	189.088	0.901853	0
289.536	0.311724	190.487	0.912055	0
269.351	0.281928	185.956	0.891651	0
251.167	0.263723	184.94	0.907974	0
234.618	0.250726	182.324	0.861045	0
219.151	0.234032	180.558	0.890631	0
204.799	0.220265	182.857	0.88791	0
191.433	0.212215	180.125	0.864446	0
178.68	0.203697	178.892	0.890291	0
166.594	0.195083	175.56	0.857985	0
155.165	0.189787	176.443	0.88825	0
144.379	0.184077	173.844	0.839621	0
134.224	0.177549	172.878	0.860705	0
124.523	0.171942	173.278	0.83622	0
115.23	0.166673	169.879	0.843022	0
106.316	0.161984	169.713	0.860365	0
97.859	0.1593	168.73	0.8369	0
89.7526	0.156788	168.23	0.837241	0
81.8962	0.153754	166.331	0.845402	0
74.3961	0.150434	165.798	0.837241	0
67.2926	0.148071	164.981	0.83554	0
60.638	0.143145	164.282	0.837921	0
54.5269	0.138044	160.966	0.854244	0
48.9062	0.133018	162.482	0.826358	0
43.8194	0.125503	160.816	0.816497	0
39.3464	0.117182	158.451	0.847783	0
35.4863	0.107985	158.334	0.838601	0
32.2713	0.0979569	157.234	0.814796	0
29.6885	0.0866824	155.085	0.804934	0
27.6569	0.0762321	155.652	0.807655	0
26.0806	0.068019	156.601	0.818877	0
24.8223	0.05965	153.553	0.809695	0
23.826	0.0521221	152.836	0.805955	0
23.0849	0.0465951	152.037	0.818537	0
22.4738	0.0417495	152.02	0.808675	0
21.9078	0.0366369	150.254	0.806635	0
21.4656	0.0341717	150.087	0.818197	0
21.1224	0.0321103	147.738	0.799153	0
20.817	0.029736	148.488	0.815136	0
20.538	0.027662	147.322	0.806635	0
20.2609	0.027616	147.255	0.805274	0
20.0439	0.0273112	145.556	0.801194	0
19.8895	0.026474	145.339	0.801534	0
19.7202	0.0261817	145.489	0.813436	0
19.505	0.025985	143.64	0.818197	0
19.3645	0.0257473	145.773	0.819557	0
19.234	0.0248999	144.473	0.809015	0
19.0853	0.0250501	143.224	0.810715	0
18.9713	0.0251096	143.623	0.792692	0
18.8615	0.0251276	144.34	0.810375	0
18.7446	0.0245274	143.94	0.793372	0
18.6245	0.0250987	142.324	0.815816	0
18.5729	0.0243954	145.256	0.823298	0
18.4799	0.0239236	142.724	0.826018	0
18.3388	0.0238816	143.174	0.809355	0
18.2446	0.0240923	142.707	0.792352	0
18.1558	0.0237448	143.457	0.809015	0
18.0614	0.0239509	143.19	0.797113	0
18.015	0.0237082	141.858	0.799493	0
17.9884	0.0234404	142.141	0.807995	0
17.9184	0.0240861	144.023	0.78453	0
17.8332	0.0245829	141.441	0.798133	0
17.7576	0.0239049	141.708	0.795413	0
17.6824	0.0234838	141.058	0.787591	0
17.6322	0.0229712	140.958	0.814456	0
17.6095	0.0233236	142.757	0.810035	0
17.6123	0.0236252	140.791	0.803574	0
17.5733	0.0239406	141.691	0.809015	0
17.4986	0.0232326	140.192	0.817857	0
17.4688	0.0234046	140.325	0.816157	0
17.4411	0.0235361	141.508	0.815816	0
17.3831	0.0233303	139.525	0.811736	0
17.3441	0.0235128	141.491	0.818877	0
17.3177	0.0227811	140.275	0.790992	0
17.2526	0.0227327	141.241	0.801194	0
17.1891	0.0233598	140.708	0.822618	0
17.1736	0.022913	140.691	0.787591	0
17.1757	0.0226294	141.524	0.820577	0
17.1207	0.0235525	139.242	0.803914	0
17.0693	0.023678	141.125	0.790312	0
17.081	0.0232238	140.158	0.788611	0
17.039	0.0226107	140.392	0.818537	0
16.9951	0.0229024	139.309	0.798813	0
16.9837	0.0231121	141.441	0.819557	0
16.9606	0.0230517	137.826	0.793372	0
16.9034	0.0231039	141.358	0.790992	0
16.8242	0.0227322	139.592	0.797113	0
16.8093	0.0231832	139.075	0.802214	0
16.7866	0.0230667	138.742	0.809695	0
16.7164	0.0231644	138.759	0.805955	0
16.688	0.0229505	139.375	0.797793	0
16.6533	0.0225423	139.259	0.810375	0
16.6094	0.0228182	140.125	0.812756	0
16.5934	0.0228926	138.742	0.808675	0
16.5225	0.022597	138.126	0.817517	0
16.46	0.022724	139.625	0.822958	0
16.4734	0.0224906	139.442	0.815476	0
16.4497	0.0225048	140.591	0.827039	0
16.3917	0.0225585	138.159	0.797793	0
16.3332	0.0220748	139.392	0.793032	0
16.2449	0.0222178	138.426	0.813096	0
16.2038	0.0221636	138.925	0.796093	0
16.2102	0.0221127	138.292	0.784871	0
16.144	0.0222439	139.025	0.808335	0
16.0707	0.0221443	138.776	0.78249	0
16.0613	0.0220584	137.076	0.804934	0
16.0391	0.0221693	136.843	0.814456	0
15.9675	0.0220917	137.01	0.786231	0
15.894	0.0223465	137.326	0.805955	0
15.8386	0.0221246	138.559	0.799153	0
15.7885	0.0214625	136.66	0.793032	0
15.7967	0.0217672	136.56	0.824658	0
15.7488	0.0212971	136.343	0.789631	0
15.6351	0.0215165	136.293	0.803914	0
15.6092	0.0214777	135.977	0.819557	0
15.5807	0.0212132	137.993	0.808675	0
15.5278	0.0213353	137.343	0.827379	0
15.4868	0.0217333	135.577	0.800514	0
15.4353	0.0217307	136.943	0.805614	0
15.3962	0.022001	134.944	0.801194	0
15.3642	0.021116	137.01	0.810035	0
15.3361	0.0210907	135.527	0.793372	0
15.3016	0.0206658	134.444	0.793712	0
15.2387	0.0206314	135.677	0.805274	0
15.1905	0.0207306	136.193	0.802214	0
15.1715	0.021113	136.027	0.797453	0
15.1241	0.0215282	135.594	0.794732	0
15.068	0.0210922	135.843	0.83214	0
15.0286	0.0214222	135.277	0.813436	0
14.9895	0.0213061	135.643	0.797453	0
14.9675	0.0208493	133.878	0.787591	0
14.9302	0.0205796	136.16	0.794732	0
14.8784	0.0208142	133.244	0.77977	0
14.847	0.0207923	135.81	0.815136	0
14.7769	0.0206197	135.727	0.792692	0
14.7332	0.0211161	135.41	0.798133	0
14.7372	0.0208027	133.844	0.828059	0
14.6842	0.0202481	132.711	0.792692	0
14.6424	0.0203345	133.994	0.798133	0
14.6632	0.0209241	134.327	0.803914	0
14.6493	0.0201119	134.127	0.796773	0
14.584	0.0207036	134.744	0.806975	0
14.5416	0.0201179	133.844	0.795753	0
14.4974	0.0200684	133.978	0.803234	0
14.4807	0.020007	134.127	0.811396	0
14.4919	0.0205156	133.828	0.78181	0
14.4704	0.0209999	134.177	0.800854	0
14.4212	0.0199931	133.844	0.807655	0
14.3845	0.0200694	132.995	0.790652	0
14.3743	0.0199182	134.511	0.818197	0
14.3284	0.0198521	133.428	0.792012	0
14.2763	0.0195904	132.645	0.804934	0
14.2703	0.0202279	132.212	0.790652	0
14.2515	0.0204224	132.645	0.820917	0
14.2365	0.0199814	133.311	0.800173	0
14.2159	0.0195506	132.411	0.809355	0
14.1853	0.0195625	132.728	0.793712	0
14.1664	0.0198582	132.761	0.787931	0
14.1489	0.0203638	132.295	0.790312	0
14.1202	0.0201663	132.012	0.798813	0
14.1043	0.0197686	133.211	0.806635	0
14.0648	0.019432	130.879	0.792012	0
14.0481	0.0198082	133.711	0.785891	0
14.0691	0.0195224	130.329	0.806975	0
14.0318	0.0198184	133.045	0.798813	0
14.0101	0.0192894	132.195	0.793032	0
14.0427	0.0197604	133.878	0.794392	0
14.0052	0.019656	131.712	0.791672	0
13.9222	0.0199678	131.745	0.805274	0
13.9311	0.0200741	133.011	0.794392	0
13.9851	0.0198187	132.078	0.804254	0
13.9573	0.0199343	131.962	0.823978	0
13.9073	0.0190449	130.412	0.788271	0
13.9048	0.0197678	131.662	0.801874	0
13.8805	0.0193657	131.895	0.808675	0
13.8599	0.0197181	132.395	0.759706	0
13.8734	0.0199405	131.262	0.798473	0
13.8518	0.0197382	133.694	0.788271	0
13.8216	0.0194415	130.979	0.805274	0
13.8096	0.0194528	131.295	0.795413	0
13.8103	0.0194045	132.045	0.792352	0
13.8022	0.0192191	130.962	0.806635	0
13.7821	0.0195109	132.178	0.803574	0
13.7819	0.0189792	130.279	0.795413	0
13.7697	0.0189055	131.345	0.797113	0
13.7526	0.0198656	130.046	0.791332	0
13.7565	0.0194795	131.179	0.799493	0
13.7445	0.019286	132.195	0.803574	0
13.73	0.0195658	131.079	0.785551	0
13.7243	0.0195025	132.995	0.815476	0
13.6878	0.0188256	131.412	0.78351	0
13.6884	0.0194684	130.046	0.806295	0
13.7154	0.0195602	130.529	0.78419	0
13.6796	0.0189474	131.545	0.790652	0
13.6605	0.0196264	131.412	0.793032	0
13.6696	0.0194385	129.929	0.826699	0
13.6446	0.0190779	132.345	0.817177	0
13.6277	0.0189837	130.929	0.796433	0
13.6317	0.0195256	131.079	0.83214	0
13.6253	0.0191613	131.645	0.806975	0
13.5976	0.0193175	131.179	0.785891	0
13.5918	0.018965	131.329	0.796093	0
13.6021	0.0187566	130.912	0.801534	0
13.6103	0.0191539	131.145	0.813776	0
13.6213	0.0187	130.995	0.793372	0
13.5848	0.0193869	131.062	0.786911	0
13.5576	0.0186659	129.429	0.798133	0
13.5727	0.0193546	132.095	0.786571	0
13.5672	0.0189751	130.929	0.787591	0
13.5553	0.0195429	130.246	0.785211	0
13.5479	0.0194274	131.845	0.791672	0
13.5415	0.0192629	129.846	0.785891	0
13.5292	0.0194509	129.646	0.813776	0
13.5421	0.0194313	129.996	0.797793	0
13.569	0.0192001	132.461	0.796773	0
13.5233	0.0191899	129.813	0.78215	0
13.4824	0.0187253	131.762	0.800854	0
13.5127	0.0190803	129.379	0.787251	0
13.5072	0.0190821	130.512	0.796433	0
13.4971	0.0191134	129.613	0.808335	0
13.5076	0.0188314	129.979	0.810035	0
13.4934	0.0192038	130.146	0.791672	0
13.4822	0.0193806	131.095	0.794052	0
13.4804	0.0185991	129.713	0.809015	0
13.4782	0.0187224	129.629	0.789631	0
13.4906	0.0187663	129.813	0.793372	0
13.5014	0.0185779	131.678	0.785211	0
13.4819	0.0193711	131.045	0.818537	0
13.4598	0.0188996	130.479	0.802214	0
13.4728	0.0187569	130.712	0.813436	0
13.4925	0.0191731	130.146	0.764127	0
13.4671	0.0186342	130.862	0.784871	0
13.4172	0.0188533	129.629	0.803234	0
13.4171	0.019146	129.546	0.815136	0
13.4542	0.0189255	129.113	0.811396	0
13.4443	0.0185371	129.929	0.773648	0
13.4373	0.0186859	130.579	0.801874	0
13.4395	0.0189203	129.996	0.814456	0
13.4316	0.0188865	131.212	0.804594	0
13.4569	0.0193471	131.345	0.794392	0
13.4698	0.0189293	130.329	0.794732	0
13.4525	0.0192581	130.812	0.815816	0
13.4306	0.0190355	130.396	0.795753	0
13.4074	0.0195508	129.746	0.803574	0
13.3907	0.0192228	130.962	0.800514	0
13.4133	0.0188789	131.545	0.797113	0
13.4246	0.0190424	130.812	0.803914	0
13.4135	0.0192721	129.613	0.812416	0
13.4097	0.0186026	130.862	0.805955	0
13.3812	0.0190781	129.413	0.788951	0
13.3568	0.019036	129.846	0.803234	0
13.3736	0.0190275	129.579	0.807995	0
13.3704	0.0192427	130.179	0.796773	0
13.3492	0.0187353	131.628	0.805955	0
13.3278	0.0192445	129.113	0.812416	0
13.3257	0.0190607	129.846	0.808675	0
13.3336	0.0192328	130.262	0.787591	0
13.3559	0.0188711	130.262	0.78453	0
13.3764	0.0191621	130.729	0.798133	0
13.3672	0.0186177	130.129	0.777729	0
13.3568	0.0184617	130.562	0.801874	0
13.3648	0.0186008	129.479	0.822618	0
13.3722	0.0187471	128.98	0.798473	0
13.3568	0.0190694	129.463	0.801194	0
13.3275	0.018813	130.129	0.809355	0
13.3378	0.0185616	129.829	0.791332	0
13.3727	0.0188829	131.312	0.800514	0
13.3706	0.0190523	129.096	0.803574	0
13.3638	0.0183283	130.979	0.795072	0
13.3693	0.0191165	129.846	0.763786	0
13.3418	0.0190891	129.196	0.805614	0
13.3235	0.0187802	129.229	0.810035	0
13.3394	0.0187417	131.229	0.801194	0
13.3562	0.0190187	129.896	0.807315	0
13.351	0.0188764	131.129	0.809695	0
13.3298	0.0188068	129.346	0.795753	0
13.31	0.018286	129.213	0.773308	0
13.3029	0.0186743	129.013	0.801874	0
13.3021	0.0190258	130.895	0.786571	0
13.3091	0.0184959	130.229	0.805955	0
13.3388	0.0188145	129.879	0.800173	0
13.3522	0.0185961	132.095	0.802554	0
13.3465	0.0185468	130.062	0.820577	0
13.3305	0.0186754	129.763	0.792012	0
13.3114	0.019056	131.379	0.789631	0
13.3038	0.0188588	129.413	0.803234	0
13.3028	0.0189849	130.912	0.810715	0
13.3234	0.018914	130.246	0.798133	0
13.3098	0.0189838	130.346	0.812076	0
13.2948	0.0193171	130.496	0.795753	0
13.3156	0.019172	130.596	0.78011	0
13.3253	0.0190006	130.895	0.801194	0
13.307	0.0186729	128.147	0.779429	0
13.2816	0.0191711	129.046	0.798473	0
13.305	0.019223	130.845	0.804254	0
13.344	0.0194962	129.596	0.796093	0
13.2972	0.018548	130.012	0.801874	0
13.2735	0.018417	130.562	0.799833	0
13.3228	0.0185395	129.329	0.812416	0
13.3282	0.0191042	130.895	0.800854	0
13.2947	0.0189809	129.946	0.790992	0
13.2866	0.0185257	130.196	0.786571	0
13.302	0.018538	130.562	0.796433	0
13.2892	0.0183445	129.08	0.798473	0
13.2873	0.0182502	131.595	0.804594	0
13.3205	0.0190646	129.913	0.795413	0
13.3022	0.0186934	129.396	0.815816	0
13.275	0.0189736	128.73	0.794392	0
13.285	0.0187769	128.646	0.798813	0
13.2763	0.0188568	130.862	0.799833	0
13.2683	0.0189838	130.029	0.806295	0
13.2956	0.018877	130.262	0.804934	0
13.3235	0.0187713	129.813	0.799153	0
13.2922	0.0190159	130.112	0.808675	0
13.2723	0.0189057	129.429	0.784871	0
13.2742	0.0189897	129.096	0.811396	0
13.2648	0.0182676	128.363	0.799833	0
13.2654	0.0187721	130.379	0.800854	0
13.2805	0.0184485	128.88	0.804594	0
13.3001	0.0188837	129.896	0.793032	0
13.3008	0.0188199	128.796	0.798473	0
13.2748	0.0187399	129.246	0.78351	0
13.2419	0.018804	129.963	0.800514	0
13.265	0.0189565	130.096	0.800173	0
13.2988	0.018756	130.429	0.792352	0
13.2824	0.0195556	127.164	0.793032	0
13.2855	0.0188009	129.696	0.78181	0
13.2983	0.0191617	129.896	0.824318	0
13.2719	0.0184869	127.747	0.78215	0
13.2569	0.0190691	128.846	0.78419	0
13.2789	0.01879	129.546	0.800854	0
13.2788	0.0190499	129.579	0.796093	0
13.2658	0.01884	129.429	0.803574	0
13.2708	0.0188394	128.813	0.803234	0
13.2716	0.0190394	128.763	0.806975	0
13.2568	0.01919	129.213	0.813436	0
13.2701	0.0184828	128.83	0.791672	0
13.2814	0.0189812	129.879	0.797793	0
13.2662	0.0187937	130.246	0.800173	0
13.2561	0.0185365	130.246	0.793712	0
13.2635	0.0187785	129.529	0.807315	0
13.2791	0.0188637	128.813	0.815136	0
13.266	0.0186605	131.362	0.811056	0
13.2679	0.0190021	130.779	0.795072	0
13.2931	0.0190744	129.779	0.810035	0
13.2691	0.0191321	129.596	0.793372	0
13.2307	0.0185075	127.763	0.817177	0
13.2579	0.0189067	129.496	0.787931	0
13.2897	0.0189795	129.229	0.798133	0
13.2765	0.0185428	129.08	0.804934	0
13.2793	0.0186883	129.08	0.804254	0
13.2641	0.0189582	128.613	0.796433	0
13.2518	0.0190718	128.846	0.806975	0
13.2469	0.0189943	130.096	0.792352	0
13.276	0.0191115	130.429	0.810035	0
13.2947	0.0183917	130.379	0.793372	0
13.2634	0.0183448	131.212	0.812416	0
13.2591	0.0187779	128.73	0.808675	0
13.2481	0.0189853	131.462	0.803234	0
13.246	0.0185346	129.03	0.813436	0
13.2746	0.0187671	129.763	0.803234	0
13.2866	0.0188492	130.945	0.795753	0
13.2885	0.0187124	129.846	0.799493	0
13.25	0.0183424	130.329	0.799493	0
13.2013	0.0188601	130.662	0.829419	0
13.231	0.0189005	131.295	0.78419	0
13.2571	0.0189397	127.647	0.786911	0
13.2389	0.0186468	129.546	0.78317	0
13.2351	0.0185593	130.612	0.808335	0
13.2576	0.0188618	129.329	0.800514	0
13.263	0.0186584	129.363	0.793712	0
13.245	0.0185751	130.162	0.812756	0
13.2421	0.018425	129.113	0.805274	0
13.237	0.0192542	128.896	0.793712	0
13.2246	0.0182301	129.763	0.816497	0
13.2477	0.0189217	129.796	0.796773	0
13.2782	0.0189469	129.263	0.803914	0
13.2571	0.0190078	128.546	0.78215	0
13.2396	0.0187831	129.646	0.78147	0
13.2542	0.0188448	129.946	0.792012	0
13.232	0.0187344	128.263	0.78317	0
13.1879	0.0187119	128.097	0.799153	0
13.2299	0.0191479	131.645	0.827039	0
13.2663	0.0194254	128.18	0.792692	0
13.2406	0.0189587	129.329	0.798133	0
13.2288	0.0189504	130.012	0.809695	0
13.2458	0.0191739	129.196	0.809695	0
13.2584	0.0186394	129.996	0.803914	0
13.224	0.0190736	128.946	0.794052	0
13.2193	0.0187867	129.929	0.798473	0
13.248	0.018953	128.613	0.795753	0
13.2446	0.0186157	129.646	0.794392	0
13.2279	0.0186037	130.029	0.800514	0
13.2289	0.0187422	129.913	0.809015	0
13.2046	0.0185197	129.813	0.818537	0
13.1836	0.018343	130.696	0.788271	0
13.2251	0.0191126	129.479	0.793712	0
13.2354	0.0189053	130.029	0.815476	0
13.2315	0.0189596	130.746	0.801874	0
13.2362	0.018397	128.663	0.792352	0
13.1975	0.0189404	130.396	0.785551	0
13.1886	0.0185913	127.147	0.787931	0
13.2231	0.0184969	129.779	0.813096	0
13.2147	0.0189661	131.579	0.802554	0
13.2141	0.018816	128.813	0.787591	0
13.227	0.01861	129.913	0.792692	0
13.2366	0.0187924	128.397	0.770928	0
13.2183	0.0183573	130.262	0.811736	0
13.176	0.0189793	130.379	0.787591	0
13.1724	0.0186262	128.347	0.819217	0
13.1922	0.0191746	130.262	0.797793	0
13.2375	0.0187187	129.246	0.798133	0
13.2235	0.0185904	129.829	0.788271	0
13.1572	0.0184544	128.713	0.798813	0
13.1616	0.0189739	129.663	0.818197	0
13.1934	0.0185555	128.863	0.800514	0
13.1763	0.0182549	130.062	0.798133	0
13.1797	0.0187747	129.229	0.813096	0
13.2197	0.0188542	130.579	0.806635	0
13.2308	0.0192666	129.863	0.799153	0
13.1985	0.0185902	129.779	0.798813	0
13.1871	0.0183163	128.763	0.800514	0
13.2087	0.0190126	129.279	0.786571	0
13.1916	0.0190643	128.646	0.791672	0
13.1722	0.0186822	129.329	0.791672	0
13.1765	0.0183925	129.113	0.800854	0
13.1835	0.0187462	129.929	0.794392	0
13.2086	0.0185976	128.397	0.815816	0
13.2196	0.0185991	128.93	0.786571	0
13.1929	0.0187233	129.13	0.785211	0
13.1849	0.0186502	129.013	0.813436	0
13.1946	0.0185068	129.263	0.794392	0
13.1766	0.0190248	130.596	0.796773	0
13.1723	0.0188673	128.946	0.818877	0
13.1923	0.0185714	129.729	0.807315	0
13.1832	0.0186071	129.096	0.773988	0
13.1893	0.0184679	128.813	0.803914	0
13.2106	0.0183141	130.196	0.795753	0
13.1796	0.0191251	129.279	0.787251	0
13.1679	0.0188455	130.112	0.78147	0
13.2061	0.0187174	129.263	0.827379	0
13.2176	0.0186136	129.446	0.797793	0
13.1886	0.0187615	127.547	0.771268	0
13.1846	0.0185976	129.696	0.822278	0
13.1887	0.0181944	129.313	0.803574	0
13.1566	0.018523	128.93	0.78079	0
13.1632	0.0187918	129.679	0.815816	0
13.1921	0.0185354	130.796	0.78215	0
13.1868	0.0186254	128.796	0.798133	0
13.1605	0.0183347	131.129	0.803234	0
13.1734	0.018985	128.546	0.801194	0
13.1902	0.0186379	129.313	0.801874	0
13.2041	0.0186015	130.262	0.802214	0
13.1991	0.0186063	128.197	0.787931	0
13.1908	0.0185423	128.397	0.789631	0
13.1881	0.0189391	129.863	0.78283	0
13.1762	0.0183785	130.662	0.793032	0
13.1666	0.0190279	129.763	0.805955	0
13.173	0.0188327	129.613	0.801534	0
13.1751	0.018346	129.396	0.78283	0
13.1706	0.018656	130.579	0.78351	0
13.1815	0.0191193	128.996	0.796773	0
13.1748	0.0187098	129.013	0.816497	0
13.1805	0.0185967	129.713	0.801534	0
13.1694	0.0188341	129.13	0.792352	0
13.1821	0.0187019	129.513	0.800854	0
13.208	0.0187409	131.695	0.790992	0
13.1735	0.0186829	129.263	0.796093	0
13.1747	0.0188189	130.229	0.811736	0
13.2067	0.0183909	128.446	0.799493	0
13.1887	0.0189246	129.529	0.800514	0
13.178	0.018831	127.38	0.813096	0
13.185	0.0187741	129.113	0.78385	0
13.1985	0.0182016	128.963	0.811056	0
13.1832	0.0186387	128.88	0.800854	0
13.1562	0.0183713	129.346	0.798473	0
13.1976	0.0185866	129.046	0.815476	0
13.1902	0.0185578	129.629	0.789631	0
13.1429	0.0186566	129.679	0.801534	0
13.1576	0.0185603	129.263	0.801874	0
13.1744	0.0183951	129.346	0.796773	0
13.1652	0.0183879	128.913	0.786231	0
13.1609	0.0188516	129.03	0.800854	0
13.1559	0.0182271	129.879	0.793372	0
13.1538	0.0196448	129.146	0.802894	0
13.1343	0.0195793	128.83	0.795072	0
13.1442	0.0189199	127.88	0.801194	0
13.1783	0.0185153	129.546	0.797793	0
13.1733	0.0185314	129.879	0.78181	0
13.1841	0.01818	129.046	0.758005	0
13.1734	0.0188435	128.38	0.811736	0
13.147	0.0186476	128.496	0.790652	0
13.1828	0.0189275	128.047	0.789971	0
13.1829	0.0186185	129.763	0.792692	0
13.152	0.0189929	128.03	0.78011	0
13.1538	0.0184696	128.63	0.786571	0
13.1942	0.0192389	129.929	0.801534	0
13.1937	0.018951	130.796	0.789971	0
13.1516	0.0188854	129.746	0.797453	0
13.1443	0.0186054	129.296	0.787931	0
13.1594	0.0184624	129.596	0.797113	0
13.1587	0.0188033	128.213	0.802894	0
13.1512	0.0186404	129.396	0.811396	0
13.168	0.018377	129.763	0.800514	0
13.1432	0.0185208	129.379	0.774669	0
13.1192	0.0184594	129.229	0.797113	0
13.1666	0.0189187	130.346	0.796093	0
13.1827	0.0182216	128.68	0.799493	0
13.1555	0.018275	127.897	0.786571	0
13.14	0.018938	128.896	0.786911	0
13.1474	0.0187459	129.679	0.799493	0
13.1547	0.0185138	129.963	0.786571	0
13.1361	0.0187357	127.897	0.793372	0
13.1343	0.0185845	130.162	0.811056	0
13.1512	0.0189436	130.062	0.78181	0
13.1461	0.0183602	128.113	0.813436	0
13.1489	0.0186666	127.963	0.795413	0
13.1557	0.0184785	129.429	0.800514	0
13.1594	0.018756	129.879	0.795413	0
13.1667	0.0188719	129.296	0.800514	0
13.1512	0.0183309	129.196	0.78283	0
13.1431	0.019033	130.429	0.806635	0
13.1668	0.018423	128.613	0.813436	0
13.154	0.0185587	129.346	0.802554	0
13.1345	0.018434	129.679	0.789631	0
13.1674	0.0185346	129.213	0.797793	0
13.1837	0.0187381	129.13	0.800854	0
13.1732	0.0188035	128.513	0.803914	0
13.1502	0.0189262	129.096	0.788271	0
13.1418	0.0187083	128.113	0.800173	0
13.1615	0.0185751	130.979	0.800514	0
13.163	0.0190887	129.596	0.820237	0
13.1359	0.0187789	128.38	0.792352	0
13.1239	0.0185494	129.546	0.786911	0
13.159	0.0185314	129.829	0.802554	0
13.182	0.0181199	129.196	0.792012	0
13.1451	0.0191032	129.146	0.797793	0
13.1196	0.0185006	128.063	0.789631	0
13.1459	0.0186582	129.03	0.78147	0
13.1497	0.018261	130.179	0.809015	0
13.1245	0.0183315	128.43	0.803234	0
13.1525	0.0187809	129.546	0.801874	0
13.1889	0.0189148	129.046	0.772968	0
13.1665	0.0185177	127.813	0.78181	0
13.1527	0.0189011	130.362	0.789631	0
13.175	0.0186031	129.413	0.820237	0
13.1459	0.0187957	128.646	0.810715	0
13.1222	0.0182418	128.813	0.790992	0
13.1578	0.0185473	129.163	0.799833	0
13.1905	0.0192759	130.246	0.803574	0
13.1805	0.0186417	131.479	0.789971	0
13.1611	0.0186399	127.33	0.804254	0
13.1816	0.0191978	129.846	0.805955	0
13.1714	0.0186567	129.846	0.78351	0
13.1457	0.0187386	127.863	0.798813	0
13.1618	0.0186097	129.396	0.796773	0
13.161	0.01899	129.046	0.805614	0
13.1555	0.019226	129.329	0.78249	0
13.1658	0.0189098	128.93	0.778749	0
13.166	0.018857	128.996	0.771608	0
13.1565	0.0186211	129.396	0.788951	0
13.1789	0.0189956	128.63	0.801874	0
13.1763	0.0183089	130.396	0.769228	0
13.148	0.0184779	128.963	0.795072	0
13.1544	0.0185947	129.279	0.819557	0
13.1745	0.018722	130.062	0.805274	0
13.175	0.0186767	129.246	0.816837	0
13.1729	0.0186033	129.529	0.813436	0
13.1769	0.018616	129.463	0.789971	0
13.1486	0.0188103	129.263	0.811056	0
13.1204	0.0188151	129.113	0.799833	0
13.1495	0.0184225	127.58	0.790312	0
13.1532	0.0186092	129.429	0.826018	0
13.1196	0.0182118	129.413	0.806295	0
13.1542	0.018231	130.512	0.811396	0
13.1754	0.0185765	130.146	0.803914	0
13.1447	0.0187931	129.563	0.810715	0
13.15	0.0188128	127.947	0.796093	0
13.1723	0.0191165	129.813	0.802894	0
13.1573	0.0187379	128.463	0.808335	0
13.1289	0.0184819	129.579	0.817857	0
13.1318	0.0186866	128.58	0.805955	0
13.17	0.0185765	128.713	0.797113	0
13.1752	0.0180607	130.879	0.803574	0
13.1414	0.0184525	128.946	0.792012	0
13.1247	0.018359	129.03	0.796433	0
13.1572	0.0189766	130.029	0.802214	0
13.1857	0.0187857	128.763	0.802554	0
13.1543	0.0187377	129.763	0.804934	0
13.1393	0.0188494	128.113	0.803574	0
13.1427	0.0183796	129.146	0.765827	0
13.151	0.0185493	129.246	0.810715	0
13.1522	0.0182384	128.813	0.823298	0
13.1283	0.0188494	130.945	0.801534	0
13.1295	0.0189515	129.196	0.795413	0
13.1459	0.0185836	130.196	0.78419	0
13.1637	0.0186988	128.68	0.807995	0
13.1642	0.0185918	129.196	0.797453	0
13.1636	0.0188245	130.112	0.78453	0
13.1596	0.0186089	128.53	0.808335	0
13.1561	0.0185589	129.963	0.807655	0
13.1834	0.0187373	130.062	0.795413	0
13.1919	0.0188474	128.413	0.812416	0
13.1553	0.0189271	127.997	0.790312	0
13.1301	0.0182375	128.53	0.796433	0
13.1459	0.0184626	129.563	0.796433	0
13.1604	0.0185867	128.946	0.773648	0
13.1729	0.0186743	129.379	0.800173	0
13.1623	0.0190525	129.846	0.809355	0
13.1278	0.0186966	128.297	0.787931	0
13.1409	0.018922	128.846	0.78113	0
13.1452	0.0191039	129.196	0.799833	0
13.1141	0.0188147	127.997	0.78113	0
13.1458	0.0185219	128.546	0.806635	0
13.1929	0.019061	128.63	0.797113	0
13.1541	0.0188418	129.579	0.785551	0
13.1574	0.0189174	129.096	0.779089	0
13.1673	0.0182143	129.08	0.812756	0
13.1587	0.0185304	130.629	0.798813	0
13.1646	0.0185506	128.413	0.785891	0
13.1509	0.0178057	129.579	0.798473	0
13.1326	0.0183265	128.68	0.790652	0
13.128	0.01866	128.963	0.790992	0
13.1526	0.0189668	129.779	0.78147	0
13.1775	0.0186247	130.262	0.798133	0
13.1576	0.0190141	129.18	0.798473	0
13.1622	0.0183938	129.229	0.801874	0
13.1982	0.0184546	129.18	0.794732	0
13.1521	0.0185783	130.862	0.802214	0
13.1251	0.0183432	130.429	0.786231	0
13.1424	0.0183628	128.863	0.803234	0
13.1429	0.0186958	129.913	0.798133	0
13.1609	0.0185972	129.763	0.794392	0
13.1556	0.0189094	129.113	0.805614	0
13.1515	0.0189103	128.98	0.802214	0
13.1511	0.0185543	129.13	0.809695	0
13.1231	0.018873	130.212	0.788611	0
13.1441	0.0184657	130.012	0.803234	0
13.1839	0.0192631	129.563	0.796433	0
13.1439	0.0187686	128.263	0.802554	0
13.1188	0.018116	129.063	0.776709	0
13.1484	0.0185325	130.046	0.803234	0
13.1405	0.0180819	130.429	0.806975	0
13.1382	0.0188919	129.629	0.778409	0
13.1831	0.0183299	129.113	0.786231	0
13.1877	0.0186705	128.946	0.803914	0
13.1402	0.018331	128.496	0.795753	0
13.1282	0.0184036	128.33	0.801534	0
13.1507	0.0183134	129.346	0.796773	0
13.154	0.0185365	128.98	0.799493	0
13.1327	0.0181315	129.779	0.790652	0
13.1254	0.0181614	130.296	0.800173	0
13.1335	0.0186229	128.48	0.810035	0
13.1534	0.0188674	128.23	0.796773	0
13.1694	0.0184564	129.113	0.814796	0
13.1594	0.0190243	129.779	0.810715	0
13.1404	0.0189476	127.48	0.794392	0
13.1389	0.019127	128.88	0.809695	0
13.1648	0.0182435	129.246	0.765487	0
13.1777	0.0187074	128.963	0.786911	0
13.1522	0.0183714	129.513	0.811396	0
13.1543	0.0187822	128.713	0.795413	0
13.1824	0.0190212	129.296	0.797793	0
13.1466	0.018251	129.113	0.815816	0
13.1144	0.0183435	128.58	0.814116	0
13.151	0.0184783	129.263	0.813436	0
13.1541	0.0182683	129.08	0.808675	0
13.1277	0.0182642	129.513	0.798813	0
13.1526	0.0185928	128.48	0.793372	0
13.1551	0.0189054	130.746	0.789971	0
13.1517	0.0186405	130.429	0.797113	0
13.1582	0.0182212	130.512	0.806635	0
13.1468	0.0187246	128.896	0.801194	0
13.1111	0.0186004	127.264	0.801874	0
13.0969	0.0187233	129.696	0.802894	0
13.1275	0.0189051	129.063	0.799493	0
13.1474	0.018396	130.646	0.803574	0
13.1492	0.018491	129.063	0.778409	0
13.1657	0.0185612	129.746	0.785891	0
13.1705	0.0185681	128.763	0.794732	0
13.1507	0.0188033	128.696	0.78011	0
13.1511	0.0181902	128.963	0.775689	0
13.1559	0.0181398	129.829	0.794732	0
13.1419	0.0184331	128.213	0.78283	0
13.1213	0.0183152	127.847	0.786911	0
13.1069	0.0184538	129.696	0.823638	0
13.1275	0.0181897	129.413	0.802214	0
13.159	0.019019	129.18	0.803574	0
13.1452	0.0190523	129.329	0.793372	0
13.133	0.0185933	127.28	0.794392	0
13.1395	0.0185506	130.096	0.808675	0
13.142	0.0185003	128.496	0.799153	0
13.1284	0.0186157	129.696	0.78385	0
13.1569	0.0185875	129.08	0.792352	0
13.1644	0.0183207	128.23	0.811396	0
13.1234	0.0189581	131.062	0.820577	0
13.1033	0.0186795	129.679	0.795753	0
13.1191	0.0185461	128.23	0.78419	0
13.1539	0.0186308	130.162	0.800854	0
13.1734	0.0188051	129.729	0.795413	0
13.1607	0.018571	129.329	0.786911	0
13.132	0.0185037	129.829	0.789971	0
13.1542	0.0181791	129.729	0.8318	0
13.1771	0.0188225	128.963	0.807655	0
13.1649	0.0185812	128.397	0.775689	0
13.1465	0.0189047	129.263	0.787931	0
13.1357	0.0191236	129.996	0.814796	0
13.1288	0.0185533	128.646	0.78317	0
13.1348	0.0183919	129.213	0.800173	0
13.1677	0.0194386	130.346	0.795753	0
13.1507	0.0191498	129.529	0.786911	0
13.111	0.0194617	128.13	0.779429	0
13.1335	0.018391	128.796	0.789971	0
13.1436	0.0188147	127.514	0.78283	0
13.138	0.0186504	128.696	0.818197	0
13.1414	0.0189921	128.546	0.816497	0
13.1317	0.0187643	128.147	0.799493	0
13.1549	0.0189033	128.546	0.794052	0
13.1775	0.0188584	129.213	0.78317	0
13.1458	0.0186572	129.263	0.796093	0
13.1439	0.0187683	129.896	0.794392	0
13.1619	0.0187301	129.413	0.786231	0
13.133	0.0186679	130.212	0.804254	0
13.1445	0.0186678	129.18	0.78249	0
13.1672	0.0187178	129.596	0.800173	0
13.1543	0.0190542	129.063	0.807655	0
13.1453	0.0183381	130.046	0.796093	0
13.1459	0.0184265	128.93	0.813776	0
13.1821	0.0189097	130.712	0.78317	0
13.1731	0.0188993	128.93	0.798133	0
13.1369	0.0192866	127.763	0.810715	0
13.1366	0.0186572	130.029	0.801534	0
13.1414	0.0187198	127.697	0.794052	0
13.1341	0.018596	128.347	0.793712	0
13.14	0.0184775	129.796	0.800173	0
13.1377	0.0182658	129.046	0.801534	0
13.1427	0.018808	129.08	0.785551	0
13.1495	0.0190073	129.629	0.801534	0
13.1461	0.0185657	129.596	0.785551	0
13.1507	0.0188682	127.314	0.807655	0
13.1483	0.0191579	130.129	0.807995	0
13.1432	0.0191601	128.413	0.804934	0
13.1463	0.0184608	130.362	0.793032	0
13.1485	0.0183514	128.563	0.78419	0
13.1487	0.0192213	129.863	0.811736	0
13.1631	0.0189565	130.029	0.801874	0
13.1646	0.0186442	129.629	0.792692	0
13.1469	0.0185997	128.896	0.801194	0
13.1175	0.0188692	128.896	0.791672	0
13.1342	0.018545	129.846	0.809695	0
13.1661	0.0184549	128.996	0.814116	0
13.1284	0.0186855	130.212	0.816497	0
13.1117	0.0188402	129.03	0.787251	0
13.1474	0.0189494	129.279	0.764807	0
13.1502	0.0180915	129.146	0.776029	0
13.1396	0.0186081	129.513	0.785551	0
13.1456	0.0190192	127.68	0.807315	0
13.1291	0.018459	129.779	0.812076	0
13.1331	0.0187438	129.379	0.785211	0
13.1472	0.018821	130.146	0.805274	0
13.132	0.0187981	127.93	0.808335	0
13.0932	0.0190447	128.613	0.787251	0
13.0981	0.0185758	130.096	0.804934	0
13.1364	0.0184756	129.646	0.799153	0
13.1206	0.01855	128.347	0.794052	0
13.1126	0.0189493	128.163	0.810375	0
13.1573	0.0188919	130.112	0.78453	0
13.1542	0.0188542	128.93	0.800854	0
13.1059	0.018074	128.297	0.792692	0
13.1285	0.0192295	128.73	0.817517	0
13.1521	0.0185707	129.229	0.792352	0
13.1457	0.0190533	131.179	0.808675	0
13.1715	0.0188337	128.813	0.785211	0
13.1697	0.0186481	128.963	0.797113	0
13.1354	0.0184261	129.163	0.800173	0
13.1538	0.0186681	127.863	0.797453	0
13.1536	0.0185075	129.479	0.78283	0
13.1219	0.0184224	129.03	0.788611	0
13.1296	0.0189908	128.313	0.823298	0
13.1261	0.0187911	129.396	0.792012	0
13.1311	0.0184053	129.813	0.816837	0
13.1348	0.0182991	129.113	0.785211	0
13.1072	0.0187228	129.18	0.818537	0
13.1033	0.0189869	129.779	0.797793	0
13.1393	0.0190674	129.746	0.792012	0
13.1574	0.0189246	128.596	0.786571	0
13.1546	0.0185589	130.362	0.792352	0
13.153	0.0184413	128.03	0.787931	0
13.142	0.018581	130.762	0.822618	0
13.1381	0.0189698	129.829	0.797453	0
13.1572	0.0183467	130.829	0.805955	0
13.1552	0.0184853	128.88	0.793372	0
13.1302	0.0187261	128.097	0.799493	0
13.1287	0.0188457	128.68	0.78419	0
13.1361	0.0186722	130.179	0.793032	0
13.1414	0.018293	129.313	0.804934	0
13.1315	0.0182646	128.963	0.810715	0
13.1397	0.0189392	129.063	0.77977	0
13.1596	0.0190071	130.146	0.794052	0
13.1634	0.0183697	129.08	0.801534	0
13.1584	0.0186807	128.913	0.802894	0
13.1382	0.018591	128.88	0.792352	0
13.1256	0.0181476	128.78	0.789631	0
13.1352	0.0186931	128.546	0.798813	0
13.1398	0.018639	129.763	0.799153	0
13.1311	0.0185197	129.913	0.794392	0
13.1427	0.0184239	129.229	0.799153	0
13.166	0.0184893	129.413	0.799833	0
13.1701	0.0188787	129.13	0.814116	0
13.1434	0.0181576	128.363	0.821938	0
13.1102	0.0185725	129.663	0.813096	0
13.1583	0.0188946	131.362	0.788271	0
13.1972	0.0188025	130.296	0.816837	0
13.1255	0.0185674	127.813	0.811396	0
13.1034	0.0183595	129.379	0.807315	0
13.1407	0.0186233	129.929	0.803234	0
13.1422	0.0188199	128.863	0.793032	0
13.1421	0.0187662	128.613	0.793712	0
13.1337	0.0185414	129.379	0.78283	0
13.1272	0.0184429	129.346	0.807655	0
13.1562	0.0186033	130.012	0.808675	0
13.1593	0.0186512	129.013	0.813436	0
13.1466	0.0184511	129.213	0.820237	0
13.1539	0.0189831	128.963	0.822958	0
13.1391	0.018184	129.263	0.800854	0
13.1268	0.0188937	128.93	0.816497	0
13.1193	0.0187307	129.196	0.792692	0
13.1355	0.0184128	128.596	0.792352	0
13.1452	0.0183124	129.463	0.78249	0
13.1312	0.0186122	129.696	0.790652	0
13.1244	0.0186934	129.946	0.784871	0
13.125	0.018562	129.796	0.802554	0
13.1339	0.0187761	129.896	0.802894	0
13.1304	0.0185002	129.013	0.801874	0
13.1262	0.0187102	127.797	0.789291	0
13.1335	0.0185923	130.279	0.83656	0
13.1445	0.0188673	127.763	0.804254	0
13.1182	0.0187814	128.446	0.787591	0
13.0976	0.0188973	128.113	0.785211	0
13.1301	0.0186367	128.946	0.794052	0
13.1302	0.0185002	130.262	0.795072	0
13.1039	0.0186138	129.529	0.791332	0
13.1187	0.018618	128.213	0.794732	0
13.1595	0.0184653	129.046	0.804934	0
13.1846	0.018954	129.346	0.805614	0
13.1512	0.0184247	129.679	0.788611	0
13.1315	0.0185838	130.829	0.78045	0
13.1416	0.0181068	128.596	0.810035	0
13.1326	0.0184972	129.196	0.822958	0
13.1283	0.0178218	128.93	0.812076	0
13.1438	0.0181968	129.146	0.793372	0
13.1476	0.0186605	129.03	0.791332	0
13.1369	0.0187885	129.996	0.797793	0
13.104	0.0187023	128.53	0.799493	0
13.1106	0.0185929	130.012	0.792692	0
13.1563	0.018459	129.979	0.789631	0
13.1453	0.0180953	128.813	0.807995	0
13.1172	0.0190102	129.363	0.799153	0
13.1231	0.0190218	129.629	0.817177	0
13.1373	0.018739	130.879	0.802214	0
13.1303	0.0182968	128.846	0.78385	0
13.123	0.0191031	128.247	0.795753	0
13.1375	0.01867	130.629	0.78419	0
13.1373	0.0187001	128.68	0.777049	0
13.1309	0.0186059	127.813	0.786571	0
13.1368	0.0185467	129.879	0.78351	0
13.1141	0.018416	127.613	0.806295	0
13.092	0.018926	129.663	0.798813	0
13.1308	0.0183657	130.012	0.787591	0
13.1639	0.0188768	129.496	0.805955	0
13.1337	0.0182942	130.346	0.795072	0
13.1338	0.0187192	130.179	0.799493	0
13.1632	0.0184933	129.063	0.788271	0
13.1467	0.0185016	129.18	0.794732	0
13.1238	0.0188558	129.146	0.789971	0
13.153	0.0186665	128.463	0.772288	0
13.1643	0.0186522	128.43	0.797793	0
13.1414	0.0187034	129.829	0.809015	0
13.1293	0.0185361	129.829	0.793712	0
13.1203	0.018587	129.663	0.785891	0
13.1477	0.0185963	128.763	0.800854	0
13.1462	0.0181281	128.88	0.809015	0
13.069	0.0184411	127.68	0.795753	0
13.0441	0.0178143	128.063	0.807995	0
13.1244	0.0184852	130.446	0.789971	0
13.1506	0.0186248	129.679	0.816497	0
13.1347	0.0187298	129.629	0.796093	0
13.1498	0.0191979	129.596	0.788271	0
13.1226	0.0181668	129.013	0.805614	0
13.1284	0.0185729	131.462	0.785551	0
13.1552	0.0187804	129.513	0.784871	0
13.1275	0.0187108	129.329	0.797453	0
13.123	0.0189799	129.746	0.799833	0
13.1432	0.0185556	130.229	0.810715	0
13.1558	0.0187603	128.813	0.786911	0
13.1597	0.0185686	129.213	0.792352	0
13.1525	0.0191461	129.813	0.801194	0
13.1522	0.0187186	129.163	0.787251	0
13.1645	0.0185427	128.263	0.78181	0
13.1724	0.0188542	131.429	0.793712	0
13.1593	0.0188619	128.113	0.797793	0
13.13	0.0188649	129.729	0.811736	0
13.1315	0.0181405	129.18	0.801194	0
13.1378	0.018248	129.763	0.795072	0
13.1185	0.0186347	129.446	0.798133	0
13.113	0.0186357	130.212	0.800173	0
13.1293	0.0189035	129.713	0.796773	0
13.1341	0.0182131	129.463	0.794392	0
13.1204	0.0182794	128.33	0.806295	0
13.1399	0.018098	130.562	0.788271	0
13.1426	0.0186772	129.213	0.788951	0
13.1454	0.0191279	130.462	0.804594	0
13.1767	0.0182469	128.513	0.804254	0
13.1685	0.0187778	129.196	0.796773	0
13.1661	0.0192361	129.279	0.790992	0
13.1505	0.0182751	130.112	0.798813	0
13.1121	0.018715	129.579	0.812076	0
13.1127	0.0185397	129.829	0.808335	0
13.1313	0.0189613	128.83	0.77977	0
13.1311	0.018671	129.213	0.817177	0
13.1463	0.0185914	129.496	0.808675	0
13.132	0.0185757	128.43	0.78419	0
13.1107	0.0186323	130.579	0.806295	0
13.1368	0.0188185	128.946	0.803234	0
13.1303	0.0186386	128.73	0.788951	0
13.119	0.0189014	128.696	0.787591	0
13.1664	0.0186822	129.613	0.795072	0
13.1534	0.0181614	128.73	0.799153	0
13.0879	0.0184038	127.897	0.785891	0
13.1098	0.0184439	130.079	0.788271	0
13.1519	0.019169	129.063	0.78079	0
13.1283	0.0187942	127.997	0.800173	0
13.1284	0.0182153	129.096	0.789631	0
13.1521	0.0185819	129.646	0.786231	0
13.1198	0.0191287	129.229	0.795072	0
13.1039	0.0188263	129.646	0.810035	0
13.1138	0.0186609	129.896	0.784871	0
13.1034	0.0183191	129.746	0.802894	0
13.1274	0.018903	129.629	0.815816	0
13.1562	0.018891	128.93	0.802894	0
13.1621	0.0186953	129.679	0.798813	0
13.1697	0.0187095	128.147	0.785211	0
13.1381	0.0188747	128.63	0.802214	0
13.1345	0.0186907	128.613	0.776369	0
13.1521	0.0187718	129.363	0.802894	0
13.1353	0.0187673	128.097	0.798133	0
13.1436	0.0185435	128.496	0.804934	0
13.1491	0.0189163	127.414	0.807995	0
13.1228	0.0182838	130.129	0.786231	0
13.1082	0.018785	127.93	0.802554	0
13.1048	0.0181994	129.346	0.777049	0
13.123	0.0192001	127.364	0.78385	0
13.1282	0.0189232	129.796	0.801534	0
13.1289	0.0188108	129.046	0.801194	0
13.1635	0.0189692	127.88	0.779089	0
13.1711	0.0188826	128.313	0.787251	0
13.1255	0.0183361	128.746	0.793032	0
13.1084	0.0189151	130.112	0.800514	0
13.139	0.0188623	128.463	0.771268	0
13.131	0.0188967	129.929	0.822278	0
13.1147	0.0181803	128.713	0.790312	0
13.1281	0.0186877	130.845	0.791672	0
13.1375	0.0185469	129.08	0.796773	0
13.1549	0.0189166	128.38	0.801534	0
13.1707	0.01868	129.863	0.793712	0
13.1563	0.0185912	129.463	0.815136	0
13.1423	0.0185417	129.229	0.786231	0
13.1516	0.0185328	129.046	0.788951	0
13.1287	0.0183855	128.713	0.794732	0
13.1208	0.0188236	129.08	0.795072	0
13.1469	0.0187227	129.363	0.78385	0
13.1312	0.0188525	129.729	0.812756	0
13.1294	0.0188461	128.713	0.801194	0
13.135	0.0183487	130.612	0.788271	0
13.1291	0.0184512	128.68	0.814116	0
13.1226	0.0183207	129.346	0.818537	0
13.1195	0.0188647	129.13	0.791332	0
13.1312	0.0190061	129.229	0.811056	0
13.1299	0.0185557	129.329	0.811056	0
13.1344	0.0182961	130.279	0.803914	0
13.1842	0.0185511	130.396	0.800514	0
13.1823	0.0187183	128.33	0.809015	0
13.1368	0.0181903	128.863	0.808675	0
13.1337	0.0185186	128.73	0.812416	0
13.1358	0.0186225	127.48	0.805955	0
13.1198	0.0185382	128.863	0.778409	0
13.1221	0.0191106	129.496	0.805274	0
13.1299	0.0182793	129.696	0.811056	0
13.1274	0.018448	128.846	0.773308	0
13.1101	0.0184698	128.23	0.801194	0
13.0979	0.0184219	127.447	0.800854	0
13.1234	0.0191548	127.847	0.801194	0
13.1361	0.0188791	128.963	0.799493	0
13.1043	0.0186737	128.063	0.78453	0
13.093	0.0185048	129.313	0.794732	0
13.1265	0.0189442	129.513	0.792352	0
13.1276	0.0184538	127.763	0.814116	0
13.1168	0.018967	129.996	0.814116	0
13.1223	0.018456	129.329	0.791332	0
13.1171	0.0190751	129.496	0.815816	0
13.1084	0.0183913	128.98	0.786231	0
13.1039	0.0191416	129.396	0.779429	0
13.115	0.0183807	130.046	0.820917	0
13.1216	0.0188148	128.347	0.791332	0
13.1337	0.018546	130.312	0.795753	0
13.167	0.0184889	130.212	0.794052	0
13.1519	0.0190458	129.163	0.792012	0
13.118	0.0183726	130.329	0.792352	0
13.157	0.0185792	129.429	0.810375	0
13.1799	0.0191055	127.663	0.805274	0
13.1291	0.0190652	129.329	0.790652	0
13.1162	0.0185954	127.93	0.803914	0
13.1076	0.0183966	129.229	0.814456	0
13.0902	0.0186337	129.113	0.788271	0
13.1235	0.0186058	128.347	0.787931	0
13.1355	0.0184189	127.48	0.798813	0
13.1063	0.0182496	130.062	0.809015	0
13.1224	0.0186935	129.313	0.804254	0
13.1543	0.0184206	127.713	0.796433	0
13.1485	0.0185666	128.13	0.78419	0
13.1227	0.0188487	129.196	0.807995	0
13.1267	0.0185147	129.663	0.799833	0
13.1244	0.0185924	127.63	0.797453	0
13.1285	0.0186972	129.679	0.799833	0
13.1565	0.0185298	130.146	0.794392	0
13.1554	0.0186539	129.713	0.817177	0
13.1178	0.0187362	129.396	0.785891	0
13.1164	0.018931	129.329	0.787251	0
13.147	0.0182926	128.78	0.769228	0
13.1233	0.0182756	128.58	0.812076	0
13.1286	0.0192197	131.229	0.776369	0
13.1555	0.0186516	129.596	0.805274	0
13.1402	0.018306	129.313	0.810375	0
13.1473	0.0187202	128.047	0.800173	0
13.1458	0.0185472	129.963	0.808335	0
13.1049	0.018313	130.529	0.792352	0
13.099	0.0182537	130.046	0.795072	0
13.1151	0.018988	128.513	0.797113	0
13.1453	0.0185261	128.68	0.795753	0
13.1709	0.0180105	129.363	0.802554	0
13.1422	0.0189501	129.729	0.798133	0
13.1323	0.0185302	129.363	0.803234	0
13.1467	0.0185615	129.279	0.796433	0
13.1233	0.0182227	129.13	0.796773	0
13.1371	0.0186613	129.529	0.800173	0
13.1552	0.0184629	129.913	0.799833	0
13.1465	0.0187492	128.963	0.786571	0
13.1499	0.0187011	128.68	0.815136	0
13.1359	0.0187995	129.113	0.803574	0
13.1302	0.0185051	129.413	0.817177	0
13.1347	0.0183292	129.396	0.809355	0
13.135	0.0184082	128.946	0.804934	0
13.1154	0.0183102	127.047	0.789971	0
13.1231	0.0186228	129.363	0.786911	0
13.1566	0.0188896	128.38	0.823638	0
13.1644	0.0186615	129.529	0.797793	0
13.1515	0.0186628	128.78	0.794392	0
13.1243	0.0188619	129.263	0.808335	0
13.1125	0.0193858	128.38	0.803574	0
13.1018	0.0183764	129.096	0.808675	0
13.1269	0.0184868	130.412	0.801534	0
13.1511	0.0186396	128.363	0.797793	0
13.1001	0.0183554	128.746	0.799153	0
13.098	0.0190309	129.046	0.812076	0
13.1315	0.0190328	128.98	0.795413	0
13.1169	0.0188227	129.663	0.794732	0
13.0958	0.0184464	129.296	0.801874	0
13.1008	0.0182044	128.846	0.78181	0
13.1328	0.0187374	129.813	0.795072	0
13.1599	0.0187486	129.113	0.776709	0
13.1408	0.0184102	128.663	0.78385	0
13.0962	0.0188066	128.596	0.805955	0
13.1134	0.0185357	130.546	0.812756	0
13.1356	0.018823	129.963	0.784871	0
13.1137	0.0185102	129.329	0.792692	0
13.0947	0.0191534	130.845	0.790652	0
13.1084	0.0182053	127.713	0.779089	0
13.1115	0.0185708	128.83	0.775349	0
13.1052	0.0183799	129.529	0.799493	0
13.1262	0.0183863	128.913	0.779089	0
13.1288	0.0185306	129.463	0.792692	0
13.1282	0.0187937	127.93	0.779429	0
13.1425	0.0186935	128.13	0.785551	0
13.1158	0.0187729	129.529	0.805955	0
13.1151	0.0184561	128.88	0.810715	0
13.1373	0.018519	128.63	0.791332	0
13.1461	0.0184468	127.73	0.800173	0
13.1218	0.0184497	128.78	0.778749	0
13.116	0.0189618	128.596	0.800173	0
13.1356	0.0189419	129.796	0.796433	0
13.1238	0.0186993	129.513	0.792352	0
13.1078	0.0185894	130.529	0.799833	0
13.1414	0.0183391	128.113	0.790312	0
13.1362	0.0186923	128.563	0.802554	0
13.1171	0.0190871	129.913	0.788271	0
13.1565	0.0188406	129.846	0.802894	0
13.1297	0.0183784	128.18	0.786231	0
13.1014	0.0187176	131.512	0.798813	0
13.1428	0.0188257	129.396	0.796773	0
13.1436	0.0189822	129.546	0.808335	0
13.1325	0.018531	128.996	0.800514	0
13.1558	0.0187374	129.513	0.790652	0
13.1312	0.0182947	128.963	0.807655	0
13.0996	0.018993	129.096	0.789971	0
13.1235	0.0184278	129.229	0.807995	0
13.1353	0.0189205	128.98	0.78419	0
13.1328	0.0179912	129.879	0.779089	0
13.1558	0.0190186	128.546	0.792352	0
13.1552	0.018605	129.013	0.794392	0
13.1292	0.0190926	127.514	0.807315	0
13.141	0.018602	129.746	0.795413	0
13.1529	0.0185427	128.746	0.798473	0
13.1031	0.0187883	129.296	0.802214	0
13.1137	0.0188794	127.663	0.809695	0
13.1498	0.0184249	128.746	0.802554	0
13.1409	0.0185509	129.446	0.801194	0
13.1378	0.0182742	128.463	0.814116	0
13.1298	0.0187076	130.046	0.806635	0
13.1227	0.0186334	129.579	0.804594	0
13.1456	0.0187902	130.212	0.808675	0
13.1642	0.018395	129.313	0.78351	0
13.1314	0.0185514	129.629	0.806635	0
13.1042	0.0188571	129.496	0.787931	0
13.1335	0.018477	129.796	0.791332	0
13.1516	0.0189657	128.78	0.787931	0
13.1223	0.0187265	128.846	0.794732	0
13.1314	0.0185905	128.58	0.813096	0
13.1452	0.0186577	128.43	0.787251	0
13.121	0.0184459	128.73	0.788951	0
13.1179	0.018735	128.896	0.787931	0
13.1517	0.0186268	126.747	0.800173	0
13.1529	0.0190547	129.946	0.779089	0
13.103	0.018345	128.996	0.821938	0
13.087	0.0184808	131.045	0.800854	0
13.1271	0.0186291	129.829	0.810375	0
13.1487	0.0191955	128.33	0.788611	0
13.1337	0.0189983	130.029	0.800514	0
13.1258	0.0186829	128.38	0.793712	0
13.12	0.0185548	129.779	0.816157	0
13.1353	0.0186727	129.163	0.814456	0
13.1492	0.0185574	128.88	0.787251	0
13.116	0.0187627	130.262	0.78385	0
13.118	0.0181026	127.88	0.805614	0
13.1575	0.0190625	128.496	0.794732	0
13.1299	0.0186596	127.83	0.788951	0
13.1162	0.0186187	129.563	0.791332	0
13.1452	0.0190945	128.863	0.77977	0
13.1381	0.0182802	128.713	0.808675	0
13.128	0.0180719	129.979	0.790652	0
13.1338	0.018387	128.63	0.78079	0
13.1493	0.0185698	130.362	0.819557	0
13.1369	0.0183396	127.797	0.792692	0
13.1162	0.0184669	128.53	0.785211	0
13.1261	0.0186081	128.996	0.792692	0
13.1301	0.0185111	129.963	0.824998	0
13.118	0.0187538	129.246	0.813776	0
13.1294	0.0185318	128.58	0.792012	0
13.1346	0.0182006	129.296	0.812076	0
13.1104	0.0182028	128.496	0.803234	0
13.1179	0.0184012	128.713	0.78351	0
13.1297	0.0180972	127.663	0.820237	0
13.1015	0.0190569	129.529	0.776369	0
13.1168	0.0186884	130.012	0.779429	0
13.1412	0.018499	130.596	0.804934	0
13.1467	0.0190414	129.446	0.800514	0
13.1587	0.0182694	129.296	0.808335	0
13.1603	0.0186573	130.112	0.797793	0
13.1543	0.0187639	129.829	0.788611	0
13.1425	0.0189019	127.963	0.794392	0
13.1068	0.0186347	129.496	0.792012	0
13.088	0.0184069	128.413	0.792012	0
13.1165	0.0186657	129.396	0.795413	0
13.1445	0.0185443	129.296	0.78317	0
13.1377	0.0181308	130.696	0.818197	0
13.1378	0.0185131	129.379	0.804594	0
13.1476	0.0186301	129.929	0.776029	0
13.142	0.0189065	130.612	0.793372	0
13.1322	0.0187828	129.413	0.811056	0
13.0992	0.018638	128.28	0.809355	0
13.0841	0.018586	129.13	0.772968	0
13.101	0.0183026	130.629	0.797453	0
13.1219	0.0183933	129.13	0.776369	0
13.1405	0.0186011	128.197	0.796433	0
13.151	0.0190425	128.863	0.785211	0
13.1509	0.018946	128.88	0.819897	0
13.1419	0.0188052	128.08	0.796433	0
13.1199	0.0180964	128.397	0.809695	0
13.1237	0.0181737	129.779	0.790312	0
13.1433	0.0185068	128.33	0.797793	0
13.1495	0.0185859	128.646	0.797793	0
13.1291	0.0184756	129.03	0.792352	0
13.1133	0.0186454	128.28	0.809695	0
13.1303	0.0188839	128.58	0.796093	0
13.1564	0.0183174	129.879	0.799153	0
13.1423	0.0184136	129.313	0.801534	0
13.1395	0.018857	129.546	0.810715	0
13.1695	0.0185858	129.463	0.790992	0
13.1344	0.0187852	128.663	0.790312	0
13.1114	0.0186419	130.612	0.809015	0
13.1458	0.0192886	128.063	0.771948	0
13.1319	0.0185695	129.496	0.795753	0
13.137	0.0187158	129.846	0.786911	0
13.1637	0.0185881	129.146	0.823978	0
13.1435	0.0189338	129.496	0.814796	0
13.1474	0.0190025	131.262	0.805274	0
13.1635	0.0185349	128.746	0.795753	0
13.146	0.0184957	129.096	0.794392	0
13.1243	0.0188428	129.663	0.801534	0
13.1224	0.0188862	127.214	0.798473	0
13.155	0.0190144	129.663	0.802214	0
13.1317	0.018991	128.33	0.801194	0
13.1039	0.018167	128.996	0.799833	0
13.1427	0.0183392	129.229	0.814116	0
13.1637	0.0186742	129.03	0.808675	0
13.1574	0.0183752	129.863	0.804594	0
13.1297	0.0183253	129.03	0.801534	0
13.0772	0.018293	128.646	0.821598	0
13.0936	0.0185091	127.58	0.806975	0
13.1456	0.0185541	129.713	0.797113	0
13.1362	0.0182947	129.529	0.810375	0
13.1119	0.0189752	129.529	0.793712	0
13.1122	0.0182212	129.663	0.778069	0
13.1092	0.0186481	129.213	0.792012	0
13.1182	0.0188627	129.446	0.800514	0
13.1452	0.0186371	128.913	0.775349	0
13.1373	0.0182449	128.596	0.802214	0
13.1175	0.0187862	128.78	0.806975	0
13.1263	0.0189538	128.83	0.792692	0
13.1357	0.0192747	129.979	0.812076	0
13.1241	0.0192392	129.063	0.791672	0
13.1157	0.0186995	128.563	0.797113	0
13.1307	0.0186545	129.313	0.804934	0
13.1426	0.0186133	128.513	0.799493	0
13.1374	0.0184601	129.03	0.815476	0
13.1356	0.0188426	130.596	0.790992	0
13.1498	0.01912	129.979	0.803914	0
13.1611	0.0185571	129.329	0.793712	0
13.1365	0.018699	129.596	0.812076	0
13.1181	0.0189899	128.363	0.800173	0
13.1392	0.0186172	128.563	0.788611	0
13.1572	0.0187185	129.296	0.779089	0
13.1226	0.0185037	129.229	0.78385	0
13.0936	0.0182815	130.196	0.817517	0
13.1192	0.0187943	129.463	0.800854	0
13.1374	0.018366	129.979	0.806635	0
13.1282	0.0185301	128.53	0.820237	0
13.0972	0.0190818	130.296	0.809015	0
13.0883	0.0184437	129.313	0.800514	0
13.1292	0.0186612	129.646	0.803234	0
13.1327	0.0183652	128.397	0.803914	0
13.099	0.0188585	129.346	0.778409	0
13.0969	0.0189921	128.763	0.785891	0
13.1168	0.0185369	129.08	0.792692	0
13.1197	0.0186527	129.446	0.790992	0
13.1003	0.0183347	129.896	0.791672	0
13.1059	0.0185419	129.996	0.815136	0
13.1275	0.0185435	127.23	0.794732	0
13.1238	0.0190568	130.012	0.796433	0
13.137	0.0189606	128.463	0.802894	0
13.1333	0.018878	126.431	0.815476	0
13.1298	0.0190872	129.579	0.817857	0
13.1181	0.0189319	127.23	0.804254	0
13.1108	0.0188702	130.046	0.801874	0
13.1583	0.0185701	129.913	0.78249	0
13.1517	0.0186155	129.196	0.813096	0
13.1077	0.0185491	130.012	0.806975	0
13.1253	0.0183964	128.713	0.804934	0
13.1553	0.0181358	129.496	0.808675	0
13.1391	0.0186959	128.963	0.789631	0
13.1178	0.0184905	127.98	0.786571	0
13.1151	0.0183684	129.746	0.786571	0
13.1225	0.0186502	128.863	0.793712	0
13.1489	0.0184906	129.863	0.794392	0
13.1451	0.0182905	129.246	0.800854	0
13.1261	0.0183383	129.229	0.78011	0
13.1223	0.0188136	129.979	0.805274	0
13.1409	0.0181592	129.729	0.822618	0
13.1532	0.018355	130.029	0.793372	0
13.1152	0.0183224	128.347	0.804254	0
13.0936	0.0188845	128.93	0.788611	0
13.1444	0.0186576	129.963	0.798133	0
13.1478	0.018735	129.879	0.793712	0
13.1087	0.01849	129.529	0.797113	0
13.1195	0.0185055	127.064	0.773308	0
13.1185	0.0187305	128.796	0.819557	0
13.1203	0.0190279	130.329	0.819217	0
13.1379	0.0188627	130.096	0.804934	0
13.1174	0.0188377	130.162	0.812076	0
13.1034	0.0188501	128.63	0.78317	0
13.1203	0.0185125	128.963	0.791672	0
13.129	0.0186998	129.746	0.795072	0
13.1487	0.0190982	128.73	0.796433	0
13.1759	0.0183248	129.096	0.806975	0
13.1399	0.0183048	129.13	0.813096	0
13.0841	0.0183844	128.097	0.796093	0
13.1192	0.0182958	128.613	0.802214	0
13.1512	0.0183229	129.796	0.791672	0
13.1166	0.018495	126.864	0.802214	0
13.1104	0.0189742	130.196	0.799153	0
13.1274	0.0184925	130.945	0.803234	0
13.1361	0.0186006	129.763	0.789971	0
13.1505	0.018539	129.379	0.789631	0
13.1381	0.0184878	130.746	0.811736	0
13.1295	0.0184732	128.93	0.799493	0
13.1344	0.0190595	128.93	0.78045	0
13.1671	0.0191654	130.546	0.803234	0
13.152	0.0183877	129.546	0.794052	0
13.1052	0.0185509	127.997	0.816497	0
13.1252	0.0181062	128.83	0.811736	0
13.1454	0.0185651	128.896	0.78283	0
13.1323	0.018615	128.946	0.797793	0
13.1326	0.018792	130.146	0.807315	0
13.1355	0.0190277	128.463	0.792352	0
13.1345	0.0189587	128.813	0.793712	0
13.1111	0.0187329	130.329	0.802554	0
13.1253	0.0186316	130.562	0.806635	0
13.1226	0.0185801	128.93	0.803234	0
13.0867	0.0181647	128.446	0.802894	0
13.1274	0.0182679	130.879	0.801534	0
13.1654	0.0186875	130.562	0.786571	0
13.1515	0.0184457	128.913	0.788951	0
13.1304	0.0186885	129.246	0.798813	0
13.1029	0.0186743	128.563	0.810035	0
13.1195	0.0181955	129.18	0.798133	0
13.1397	0.0182215	129.229	0.791672	0
13.1318	0.0184018	128.88	0.786231	0
13.1495	0.0182131	129.829	0.792012	0
13.1404	0.0184607	128.347	0.805955	0
13.0968	0.0187486	130.179	0.795413	0
13.1102	0.0180567	129.813	0.811396	0
13.1364	0.0182598	129.363	0.797793	0
13.1341	0.0191739	129.529	0.787251	0
13.1301	0.0183997	129.446	0.805955	0
13.1342	0.0185496	129.313	0.800173	0
13.1152	0.0189133	129.213	0.810715	0
13.1104	0.0187567	129.096	0.789631	0
13.1531	0.0187776	128.78	0.802214	0
13.1576	0.0188173	128.913	0.812076	0
13.111	0.0186013	128.98	0.799833	0
13.1046	0.0185771	129.046	0.790312	0
13.1409	0.0189062	129.329	0.778069	0
13.1413	0.0183017	130.079	0.770588	0
13.1148	0.0185113	128.613	0.798813	0
13.1393	0.0191206	129.579	0.787251	0
13.1587	0.0192605	129.979	0.795072	0
13.1292	0.0188766	128.846	0.811736	0
13.1397	0.0188624	130.129	0.78147	0
13.1485	0.0184813	130.012	0.798133	0
13.137	0.0184653	129.629	0.805614	0
13.1588	0.0188383	128.23	0.822958	0
13.1631	0.0192063	127.48	0.786571	0
13.1433	0.0188245	127.947	0.771948	0
13.1269	0.0184964	129.579	0.808335	0
13.1012	0.0188297	128.58	0.78011	0
13.1053	0.0191294	129.013	0.807655	0
13.1365	0.0187403	129.679	0.800854	0
13.1215	0.0187062	130.396	0.813436	0
13.114	0.0187968	128.963	0.789631	0
13.1226	0.018432	128.93	0.825338	0
13.1113	0.018747	128.83	0.786231	0
13.1391	0.0184906	131.245	0.788271	0
13.1716	0.0192555	129.829	0.792352	0
13.1409	0.0182932	128.88	0.788611	0
13.1038	0.0184918	130.979	0.800854	0
13.1335	0.0181137	129.03	0.799833	0
13.1643	0.0185075	128.546	0.78419	0
13.1155	0.0186706	129.896	0.777049	0
13.0766	0.0183849	129.396	0.803574	0
13.1332	0.0183886	130.246	0.801534	0
13.1765	0.0191102	128.913	0.774669	0
13.1453	0.0187248	128.197	0.796093	0
13.1194	0.0187162	129.296	0.772968	0
13.1237	0.0180996	128.863	0.789971	0
13.1238	0.0183089	128.963	0.810715	0
13.1285	0.0180285	129.829	0.790992	0
13.122	0.0187463	128.38	0.790312	0
13.112	0.0191709	130.046	0.77977	0
13.1224	0.0189882	128.996	0.793032	0
13.1095	0.0189489	128.013	0.788951	0
13.1156	0.0187198	130.179	0.793372	0
13.1378	0.0183337	128.78	0.787931	0
13.1493	0.0188555	131.012	0.792012	0
13.1451	0.0188482	128.88	0.802554	0
13.1217	0.0183012	128.996	0.799493	0
13.1409	0.0189178	129.196	0.777389	0
13.1416	0.0181105	129.246	0.817857	0
13.109	0.0188232	128.596	0.801534	0
13.1357	0.0188309	129.03	0.775009	0
13.1364	0.0181498	128.746	0.78113	0
13.1028	0.0180549	128.98	0.786911	0
13.1015	0.0185664	128.03	0.800514	0
13.1104	0.0181776	131.029	0.798473	0
13.1356	0.0181218	129.063	0.801194	0
13.1581	0.0188261	129.729	0.800173	0
13.142	0.0187877	129.646	0.812756	0
13.1207	0.0188815	129.713	0.801194	0
13.1449	0.0188903	129.846	0.817177	0
13.143	0.0185779	129.113	0.798473	0
13.1146	0.0188591	129.429	0.804594	0
13.1128	0.0184247	128.03	0.795072	0
13.1118	0.0184438	129.096	0.800514	0
13.1228	0.0187019	130.146	0.791332	0
13.1457	0.0184245	128.463	0.808675	0
13.1559	0.0187737	131.212	0.792012	0
13.1422	0.0182991	129.746	0.800173	0
13.1097	0.0184414	129.446	0.819217	0
13.1268	0.0180355	128.896	0.83452	0
13.1236	0.0184747	128.513	0.777049	0
13.0966	0.018432	128.147	0.786231	0
13.1342	0.0186548	130.429	0.775689	0
13.1805	0.0183747	128.097	0.812076	0
13.1572	0.0186647	128.63	0.796433	0
13.1389	0.0189098	129.03	0.806635	0
13.1394	0.0188494	128.963	0.791332	0
13.1205	0.0187157	128.38	0.797453	0
13.1061	0.0184491	128.313	0.798133	0
13.0781	0.0184414	129.229	0.796093	0
13.095	0.0188677	128.496	0.784871	0
13.1179	0.0190037	128.23	0.790652	0
13.1094	0.0187604	129.729	0.790992	0
13.1187	0.0183407	128.43	0.784871	0
13.1216	0.0187054	130.612	0.792012	0
13.1373	0.0183463	128.713	0.804594	0
13.1443	0.018941	127.963	0.797793	0
13.1509	0.0186872	128.646	0.78317	0
13.1467	0.0183932	128.946	0.78419	0
13.1169	0.0181238	129.913	0.78045	0
13.1144	0.0187702	128.413	0.775689	0
13.1071	0.0187319	128.946	0.807995	0
13.0962	0.0186425	129.579	0.798473	0
13.1238	0.0184401	130.296	0.817177	0
13.1504	0.0184029	128.063	0.789631	0
13.1402	0.0187706	130.062	0.808675	0
13.1341	0.0190896	129.196	0.794052	0
13.1625	0.0185513	128.097	0.779429	0
13.1587	0.0184642	129.363	0.779089	0
13.1277	0.018848	128.03	0.801534	0
13.1309	0.0189658	128.163	0.804254	0
13.1436	0.0191756	130.029	0.796093	0
13.117	0.0186582	129.596	0.78181	0
13.096	0.0187624	128.363	0.803574	0
13.127	0.0188992	129.063	0.805614	0
13.1389	0.0187606	129.829	0.793372	0
13.1162	0.0185581	128.913	0.777729	0
13.1162	0.018022	129.163	0.796093	0
13.128	0.0188599	127.83	0.796433	0
13.0988	0.0188383	127.83	0.789291	0
13.1107	0.0186373	129.529	0.788951	0
13.1771	0.0180816	130.162	0.788271	0
13.162	0.0189295	129.363	0.788611	0
13.0939	0.0184975	130.312	0.817177	0
13.1065	0.0185974	128.946	0.807995	0
13.1501	0.0185372	128.446	0.800173	0
13.1486	0.0188053	128.913	0.795753	0
13.1272	0.018422	129.513	0.78453	0
13.1112	0.0185356	129.796	0.805274	0
13.1191	0.0183791	129.529	0.800854	0
13.133	0.0183262	128.013	0.779429	0
13.1198	0.0183674	130.079	0.796773	0
13.1263	0.0183236	128.347	0.776369	0
13.1443	0.0184208	128.047	0.798813	0
13.1174	0.0188603	126.764	0.776369	0
13.1079	0.018763	127.114	0.808675	0
13.127	0.0190633	129.979	0.78079	0
13.1345	0.0183375	129.213	0.794732	0
13.1441	0.0185782	129.063	0.77977	0
13.1404	0.0184638	129.813	0.792692	0
13.1141	0.0189335	130.296	0.794392	0
13.1117	0.0186816	128.83	0.804254	0
13.1322	0.0186923	129.163	0.793712	0
13.1195	0.0185417	129.763	0.799153	0
13.0793	0.0183536	128.846	0.805955	0
13.1046	0.0182142	128.197	0.810035	0
13.1614	0.0187534	130.096	0.798473	0
13.1293	0.018464	129.846	0.808675	0
13.0984	0.018298	129.596	0.791672	0
13.1526	0.0183711	129.846	0.78351	0
13.1535	0.0186611	127.98	0.819217	0
13.1221	0.018126	129.746	0.789631	0
13.1284	0.018982	129.863	0.795753	0
13.1222	0.0189129	128.13	0.792012	0
13.1335	0.0191844	130.379	0.787931	0
13.1562	0.0185603	129.579	0.812416	0
13.1513	0.0186469	128.93	0.798813	0
13.1548	0.0184915	129.963	0.804254	0
13.111	0.0185677	128.48	0.805274	0
13.0793	0.0186818	128.646	0.794052	0
13.1449	0.018986	129.346	0.765147	0
13.1333	0.0187664	129.229	0.806975	0
13.1027	0.0185206	130.679	0.792012	0
13.1468	0.018875	127.88	0.807315	0
13.1445	0.0187012	130.246	0.793712	0
13.1062	0.0185363	128.763	0.802554	0
13.114	0.0185868	129.346	0.813436	0
13.1355	0.0183259	128.496	0.789291	0
13.1357	0.0184846	130.912	0.798813	0
13.1173	0.0180896	128.013	0.811736	0
13.1196	0.0180294	130.312	0.801874	0
13.1579	0.0185326	129.396	0.793372	0
13.125	0.0189465	129.679	0.789291	0
13.0944	0.0187495	129.663	0.798473	0
13.1238	0.0185154	128.546	0.778749	0
13.1428	0.0188512	129.13	0.806635	0
13.1285	0.0187028	129.746	0.789631	0
13.1285	0.0187833	128.813	0.821598	0
13.1371	0.0184706	128.93	0.790312	0
13.131	0.0187995	129.696	0.803234	0
13.1365	0.0183451	128.097	0.798133	0
13.1347	0.0184123	128.763	0.804254	0
13.1323	0.0183611	128.08	0.806975	0
13.147	0.0185812	129.513	0.803914	0
13.1313	0.0185539	128.746	0.77977	0
13.1118	0.0187364	127.114	0.788951	0
13.1171	0.0182316	128.796	0.796773	0
13.1291	0.0184666	130.229	0.803914	0
13.1386	0.0182786	129.696	0.800173	0
13.1253	0.0181623	128.963	0.792352	0
13.1189	0.018204	128.68	0.803914	0
13.1155	0.0183955	129.779	0.788951	0
13.13	0.0189981	128.896	0.795413	0
13.1513	0.0184734	128.896	0.788611	0
13.1195	0.0187038	130.262	0.816497	0
13.1124	0.018849	129.996	0.787591	0
13.1383	0.0186456	128.813	0.795072	0
13.137	0.0182949	130.062	0.795413	0
13.1375	0.0186613	129.413	0.803914	0
13.1481	0.0184892	129.463	0.805274	0
13.1337	0.0185454	128.03	0.803234	0
13.0993	0.0189593	129.646	0.813776	0
13.1002	0.0185559	129.279	0.774669	0
13.1479	0.0181747	129.663	0.802894	0
13.1404	0.0185483	130.979	0.788611	0
13.0973	0.0189313	127.697	0.803574	0
13.0812	0.0186353	128.363	0.807655	0
13.1102	0.0186342	128.446	0.789631	0
13.1295	0.0186604	130.512	0.814456	0
13.1087	0.018757	128.713	0.814116	0
13.1235	0.0188268	130.212	0.805614	0
13.1432	0.0186316	129.496	0.807995	0
13.1242	0.0187134	128.213	0.787931	0
13.1357	0.0186811	129.763	0.802894	0
13.168	0.0188548	129.279	0.801194	0
13.1344	0.0193063	129.729	0.804254	0
13.109	0.0187361	128.413	0.789291	0
13.1201	0.0183577	129.779	0.784871	0
13.1365	0.0183755	128.946	0.790312	0
13.1296	0.0184557	129.963	0.796093	0
13.0866	0.0183009	128.73	0.803914	0
13.0958	0.0185367	129.596	0.799833	0
13.1449	0.0185559	128.363	0.800173	0
13.1377	0.0185216	128.23	0.798813	0
13.1258	0.0187111	129.496	0.799493	0
13.1276	0.0187353	128.03	0.795413	0
13.1273	0.0185817	128.563	0.801874	0
13.1333	0.0189499	130.479	0.797113	0
13.1288	0.0187182	129.813	0.78317	0
13.1304	0.0186032	130.096	0.806295	0
13.1286	0.0182791	128.68	0.800854	0
13.1391	0.0186489	129.663	0.792352	0
13.1546	0.0182922	130.812	0.809695	0
13.1382	0.0188195	129.329	0.800514	0
13.1241	0.0185636	130.479	0.797793	0
13.1376	0.0189041	129.746	0.809355	0
13.1292	0.0187973	128.98	0.787931	0
13.1117	0.0187086	129.613	0.801874	0
13.1122	0.0190309	129.03	0.803234	0
13.1476	0.0191856	129.413	0.823638	0
13.159	0.0187132	129.513	0.804934	0
13.1251	0.0189923	129.13	0.78317	0
13.1099	0.0183917	128.513	0.804594	0
13.1159	0.0183754	128.03	0.787931	0
13.1365	0.0189026	129.896	0.785551	0
13.1423	0.0185557	129.363	0.801534	0
13.1083	0.0184943	129.229	0.806635	0
0	0	0	0	0
0	0	0	0	0
0	0	0	0	0
0	0	0	0	0
0	0	0	0	0
0	0	0	0	0
0	0	0	0	0
0	0	0	0	0
0	0	0	0	0
0	0	0	0	0
0	0	0	0	0
0	0	0	0	0
0	0	0	0	0
0	0	0	0	0
0	0	0	0	0
0	0	0	0	0
0	0	0	0	0
0	0	0	0	0
0	0	0	0	0
0	0	0	0	0
0	0	0	0	0
0	0	0	0	0
0	0	0	0	0
0	0	0	0	0
0	0	0	0	0
0	0	0	0	0
0	0	0	0	0
0	0	0	0	0
0	0	0	0	0
0	0	0	0	0
0	0	0	0	0
0	0	0	0	0
0	0	0	0	0
0	0	0	0	0
0	0	0	0	0
0	0	0	0	0
0	0	0	0	0
0	0	0	0	0
0	0	0	0	0
0	0	0	0	0
0	0	0	0	0
0	0	0	0	0
0	0	0	0	0
0	0	0	0	0
0	0	0	0	0
0	0	0	0	0
0	0	0	0	0
0	0	0	0	0
0	0	0	0	0
0	0	0	0	0
0	0	0	0	0
0	0	0	0	0
0	0	0	0	0
0	0	0	0	0
0	0	0	0	0
0	0	0	0	0
0	0	0	0	0
0	0	0	0	0
0	0	0	0	0
0	0	0	0	0
0	0	0	0	0
0	0	0	0	0
0	0	0	0	0
0	0	0	0	0
0	0	0	0	0
0	0	0	0	0
0	0	0	0	0
0	0	0	0	0
0	0	0	0	0
0	0	0	0	0
0	0	0	0	0
0	0	0	0	0
0	0	0	0	0
0	0	0	0	0
0	0	0	0	0
0	0	0	0	0
0	0	0	0	0
0	0	0	0	0
0	0	0	0	0
0	0	0	0	0
0	0	0	0	0
0	0	0	0	0
0	0	0	0	0
0	0	0	0	0
0	0	0	0	0
0	0	0	0	0
0	0	0	0	0
0	0	0	0	0
0	0	0	0	0
0	0	0	0	0
0	0	0	0	0
0	0	0	0	0
0	0	0	0	0
0	0	0	0	0
0	0	0	0	0
0	0	0	0	0
0	0	0	0	0
0	0	0	0	0
0	0	0	0	0
0	0	0	0	0
0	0	0	0	0
0	0	0	0	0
0	0	0	0	0
0	0	0	0	0
0	0	0	0	0
0	0	0	0	0
0	0	0	0	0
0	0	0	0	0
0	0	0	0	0
0	0	0	0	0
0	0	0	0	0
0	0	0	0	0
0	0	0	0	0
0	0	0	0	0
0	0	0	0	0
0	0	0	0	0
0	0	0	0	0
0	0	0	0	0
0	0	0	0	0
0	0	0	0	0
0	0	0	0	0
0	0	0	0	0
0	0	0	0	0
0	0	0	0	0
0	0	0	0	0
0	0	0	0	0
0	0	0	0	0
0	0	0	0	0
0	0	0	0	0
0	0	0	0	0
0	0	0	0	0
0	0	0	0	0
0	0	0	0	0
0	0	0	0	0
0	0	0	0	0
0	0	0	0	0
0	0	0	0	0
0	0	0	0	0
0	0	0	0	0
0	0	0	0	0
0	0	0	0	0
0	0	0	0	0
0	0	0	0	0
0	0	0	0	0
0	0	0	0	0
0	0	0	0	0
0	0	0	0	0
0	0	0	0	0
0	0	0	0	0
0	0	0	0	0
0	0	0	0	0
0	0	0	0	0
0	0	0	0	0
0	0	0	0	0
0	0	0	0	0
0	0	0	0	0
0	0	0	0	0
0	0	0	0	0
0	0	0	0	0
0	0	0	0	0
0	0	0	0	0
0	0	0	0	0
0	0	0	0	0
0	0	0	0	0
0	0	0	0	0
0	0	0	0	0
0	0	0	0	0
0	0	0	0	0
0	0	0	0	0
0	0	0	0	0
0	0	0	0	0
0	0	0	0	0
0	0	0	0	0
0	0	0	0	0
0	0	0	0	0
0	0	0	0	0
0	0	0	0	0
0	0	0	0	0
0	0	0	0	0
0	0	0	0	0
0	0	0	0	0
0	0	0	0	0
0	0	0	0	0
0	0	0	0	0
0	0	0	0	0
0	0	0	0	0
0	0	0	0	0
0	0	0	0	0
0	0	0	0	0
0	0	0	0	0
0	0	0	0	0
0	0	0	0	0
0	0	0	0	0
0	0	0	0	0
0	0	0	0	0
0	0	0	0	0
0	0	0	0	0
0	0	0	0	0
0	0	0	0	0
0	0	0	0	0
0	0	0	0	0
0	0	0	0	0
0	0	0	0	0
0	0	0	0	0
0	0	0	0	0
0	0	0	0	0
0	0	0	0	0
0	0	0	0	0
0	0	0	0	0
0	0	0	0	0
0	0	0	0	0
0	0	0	0	0
0	0	0	0	0
0	0	0	0	0
0	0	0	0	0
0	0	0	0	0
0	0	0	0	0
0	0	0	0	0
0	0	0	0	0
0	0	0	0	0
0	0	0	0	0
0	0	0	0	0
0	0	0	0	0
0	0	0	0	0
0	0	0	0	0
0	0	0	0	0
0	0	0	0	0
0	0	0	0	0
0	0	0	0	0
0	0	0	0	0
0	0	0	0	0
0	0	0	0	0
0	0	0	0	0
0	0	0	0	0
0	0	0	0	0
0	0	0	0	0
0	0	0	0	0
0	0	0	0	0
0	0	0	0	0
0	0	0	0	0
0	0	0	0	0
0	0	0	0	0
0	0	0	0	0
0	0	0	0	0
0	0	0	0	0
0	0	0	0	0
0	0	0	0	0
0	0	0	0	0
0	0	0	0	0
0	0	0	0	0
0	0	0	0	0
0	0	0	0	0
0	0	0	0	0
0	0	0	0	0
0	0	0	0	0
0	0	0	0	0
0	0	0	0	0
0	0	0	0	0
0	0	0	0	0
0	0	0	0	0
0	0	0	0	0
0	0	0	0	0
0	0	0	0	0
0	0	0	0	0
0	0	0	0	0
0	0	0	0	0
0	0	0	0	0
0	0	0	0	0
0	0	0	0	0
0	0	0	0	0
0	0	0	0	0
0	0	0	0	0
0	0	0	0	0
0	0	0	0	0
0	0	0	0	0
0	0	0	0	0
0	0	0	0	0
0	0	0	0	0
0	0	0	0	0
0	0	0	0	0
0	0	0	0	0
0	0	0	0	0
0	0	0	0	0
0	0	0	0	0
0	0	0	0	0
0	0	0	0	0
0	0	0	0	0
0	0	0	0	0
0	0	0	0	0
0	0	0	0	0
0	0	0	0	0
0	0	0	0	0
0	0	0	0	0
0	0	0	0	0
0	0	0	0	0
0	0	0	0	0
0	0	0	0	0
0	0	0	0	0
0	0	0	0	0
0	0	0	0	0
0	0	0	0	0
0	0	0	0	0
0	0	0	0	0
0	0	0	0	0
0	0	0	0	0
0	0	0	0	0
0	0	0	0	0
0	0	0	0	0
0	0	0	0	0
0	0	0	0	0
0	0	0	0	0
0	0	0	0	0
0	0	0	0	0
0	0	0	0	0
0	0	0	0	0
0	0	0	0	0
0	0	0	0	0
0	0	0	0	0
0	0	0	0	0
0	0	0	0	0
0	0	0	0	0
0	0	0	0	0
0	0	0	0	0
0	0	0	0	0
0	0	0	0	0
0	0	0	0	0
0	0	0	0	0
0	0	0	0	0
0	0	0	0	0
0	0	0	0	0
0	0	0	0	0
0	0	0	0	0
0	0	0	0	0
0	0	0	0	0
0	0	0	0	0
0	0	0	0	0
0	0	0	0	0
0	0	0	0	0
0	0	0	0	0
0	0	0	0	0
0	0	0	0	0
0	0	0	0	0
0	0	0	0	0
0	0	0	0	0
0	0	0	0	0
0	0	0	0	0
0	0	0	0	0
0	0	0	0	0
0	0	0	0	0
0	0	0	0	0
0	0	0	0	0
0	0	0	0	0
0	0	0	0	0
0	0	0	0	0
0	0	0	0	0
0	0	0	0	0
0	0	0	0	0
0	0	0	0	0
0	0	0	0	0
0	0	0	0	0
0	0	0	0	0
0	0	0	0	0
0	0	0	0	0
0	0	0	0	0
0	0	0	0	0
0	0	0	0	0
0	0	0	0	0
0	0	0	0	0
0	0	0	0	0
0	0	0	0	0
0	0	0	0	0
0	0	0	0	0
0	0	0	0	0
0	0	0	0	0
0	0	0	0	0
0	0	0	0	0
0	0	0	0	0
0	0	0	0	0
0	0	0	0	0
0	0	0	0	0
0	0	0	0	0
0	0	0	0	0
0	0	0	0	0
0	0	0	0	0
0	0	0	0	0
0	0	0	0	0
0	0	0	0	0
0	0	0	0	0
0	0	0	0	0
0	0	0	0	0
0	0	0	0	0
0	0	0	0	0
0	0	0	0	0
0	0	0	0	0
0	0	0	0	0
0	0	0	0	0
0	0	0	0	0
0	0	0	0	0
0	0	0	0	0
0	0	0	0	0
