a2610717.350014
Narit-cm 07/01/2026 17:05:01 07/01/2026 17:35:00 0045 0013.384714 0052.542598 00.0 00.0
0002401 0010 0000000 0010 05 0000000 0010 0000000 0010
1 0 1 01600 1 0000 3.75 00000.o 0 0 01 000 16 002401 0.500 BT0
1 2 1 02000 1 0000 3.75 00000.o 0 0 01 000 16 002401 0.500 S2A0
1 1 1 01600 1 0000 3.75 00000.o 0 0 00 000 00 002401 3.1746 BC0
1 3 1 02000 1 0000 3.75 00000.o 0 0 00 000 00 002401 3.1746 S2P0
1 5 0 01600 0 0000 1.00 00000.o 0 0 00 000 00 000000 0.000 OF0
0.000 .o Analog 0 	0.000 .o Analog StErr 0 	0.000 .o Photon Counting 0 	0.000 .o PC StErr 0 	0.000 .o Overflow Info 0 
27.2825	0.173098	184.173	0.868867	0
61.2879	0.40283	193.353	0.880429	0
277.443	2.36457	103.64	1.35482	0
473.49	0.0388109	0.233236	0.0622319	0
473.457	6.3565E-6	0	0	0
473.457	0	0.116618	0.0438684	0
473.457	6.3565E-6	26.8888	0.709376	0
473.457	1.10266E-5	13.511	0.528801	0
473.457	1.10266E-5	5.54769	0.335304	0
473.457	6.3565E-6	18.6589	0.557027	0
473.457	6.3565E-6	59.6418	0.88451	0
473.457	0	121.999	1.02496	0
473.457	0	157.384	1.03822	0
473.457	0	123.132	1.03176	0
473.457	6.3565E-6	94.0941	0.949802	0
473.457	0	93.1612	0.917496	0
473.457	6.3565E-6	106.156	0.93654	0
473.457	0	120.033	0.949802	0
473.457	0	118.501	0.930418	0
473.457	9.01586E-6	116.668	0.925317	0
473.457	6.3565E-6	129.963	0.94028	0
473.457	0	151.004	0.932459	0
473.457	0	170.912	0.923277	0
473.457	0	183.673	0.926678	0
473.457	6.3565E-6	192.72	0.904914	0
473.457	0	199.5	0.902533	0
473.457	0	201.999	0.882129	0
473.457	0	203.165	0.893011	0
473.457	0	202.332	0.897772	0
473.457	0	203.182	0.918176	0
473.457	1.2713E-5	201.533	0.88553	0
475.904	0.143059	202.649	0.882809	1
489.779	0.251646	200.55	0.901513	1
497.841	0.138609	199.817	0.896752	1
499.557	0.0664735	200.883	0.882809	1
499.988	0.011095	202.399	0.899472	1
500	0	201	0.890631	1
497.865	0.118947	201.166	0.913415	1
477.635	0.451051	199.917	0.88655	1
441.231	0.702151	202.066	0.904914	1
396.142	0.816944	201.999	0.869547	1
351.84	0.846047	203.315	0.897092	1
309.389	0.860974	203.482	0.88859	0
267.485	0.882923	200.833	0.88757	0
227.627	0.881861	203.015	0.872267	0
190.32	0.864629	202.166	0.871587	0
155.836	0.833622	202.799	0.866826	0
125.285	0.787856	201.966	0.88859	0
99.0846	0.721143	200.45	0.863426	0
77.3042	0.645555	199.917	0.889951	0
59.7502	0.56877	198.451	0.856964	0
45.81	0.48886	196.751	0.859685	0
35.1401	0.412749	195.219	0.853224	0
27.3196	0.343054	192.636	0.857985	0
21.5766	0.279121	192.636	0.863766	0
17.3126	0.223595	192.62	0.860365	0
14.2848	0.17652	189.271	0.866146	0
12.1541	0.139144	189.371	0.844722	0
10.5536	0.111701	187.522	0.838601	0
9.40126	0.0904837	186.339	0.851523	0
8.62739	0.0716643	183.44	0.851863	0
8.02439	0.0569176	181.208	0.828399	0
7.57664	0.0478568	179.592	0.843702	0
7.25904	0.0398729	178.942	0.839621	0
7.01165	0.0333709	177.343	0.845402	0
6.86064	0.0296195	175.477	0.8369	0
6.76466	0.0274318	174.511	0.851523	0
6.70916	0.0256465	172.961	0.846082	0
6.69195	0.0244525	170.662	0.838941	0
6.64359	0.0226899	169.279	0.841661	0
6.60022	0.0218103	166.631	0.862745	0
6.59138	0.0220994	167.364	0.846422	0
6.60974	0.0214494	166.047	0.845062	0
6.61975	0.0211104	166.631	0.853224	0
6.61644	0.0208554	163.165	0.851523	0
6.64683	0.0206355	163.982	0.843362	0
6.7012	0.0197705	161.983	0.852543	0
6.76292	0.0202089	162.882	0.824318	0
6.78688	0.0200616	162.216	0.851863	0
6.77053	0.0197229	159.584	0.841661	0
6.81832	0.0197261	160.966	0.845402	0
6.89507	0.0193837	161.316	0.851863	0
6.9389	0.0199733	159.6	0.839621	0
6.98474	0.0198471	158.367	0.842342	0
7.02853	0.0194715	157.684	0.83656	0
7.06378	0.0188935	157.834	0.861045	0
7.12148	0.0192767	156.485	0.823298	0
7.15198	0.0189966	156.335	0.850503	0
7.15668	0.0191248	156.501	0.852543	0
7.20813	0.0189273	156.551	0.828399	0
7.26301	0.0182477	155.485	0.882809	0
7.29023	0.0182408	154.169	0.830439	0
7.36237	0.0186249	153.919	0.851863	0
7.42964	0.0188383	153.236	0.844382	0
7.44485	0.0182231	154.152	0.821598	0
7.48154	0.0179021	154.919	0.824998	0
7.48865	0.0181777	153.086	0.842682	0
7.51577	0.0180681	153.936	0.845402	0
7.61518	0.0179257	154.402	0.855264	0
7.63729	0.0180542	151.987	0.830439	0
7.63497	0.0179059	152.287	0.838261	0
7.7082	0.0175714	151.97	0.868867	0
7.75489	0.0175414	151.254	0.83486	0
7.78157	0.0178343	150.271	0.845402	0
7.84331	0.0172455	152.187	0.848463	0
7.86617	0.0177432	150.837	0.844042	0
7.88072	0.0174772	152.57	0.851863	0
7.92276	0.0174917	151.537	0.8352	0
7.93694	0.0173464	150.554	0.847102	0
7.96332	0.0172244	150.92	0.859345	0
8.01937	0.0173769	148.088	0.845062	0
8.02984	0.0173529	149.904	0.864446	0
8.03122	0.0171855	148.905	0.827719	0
8.07202	0.0169029	147.922	0.840981	0
8.07168	0.0167935	149.538	0.8369	0
8.05479	0.0169182	148.072	0.828059	0
8.11538	0.016798	148.805	0.827039	0
8.1581	0.0172196	147.405	0.857985	0
8.13268	0.0170535	148.571	0.842001	0
8.12416	0.0166958	146.772	0.845402	0
8.13812	0.016703	147.688	0.853904	0
8.14241	0.0166093	146.456	0.839961	0
8.14538	0.0165091	146.739	0.844382	0
8.18263	0.0163478	147.955	0.845402	0
8.18462	0.016277	146.306	0.865126	0
8.13904	0.0164842	145.656	0.849143	0
8.15494	0.0160044	146.472	0.855264	0
8.15243	0.0164146	143.957	0.8352	0
8.10674	0.0164648	144.94	0.838601	0
8.12363	0.0158888	143.374	0.844722	0
8.12568	0.0157776	144.073	0.857985	0
8.08714	0.01605	143.69	0.83248	0
8.07789	0.0159269	142.907	0.824658	0
8.08896	0.0156869	143.09	0.849483	0
8.0622	0.0158889	143.207	0.858325	0
8.02247	0.015784	141.075	0.83248	0
8.00371	0.0159664	141.974	0.826018	0
7.99334	0.0159436	142.357	0.838941	0
7.97634	0.0157409	140.741	0.826018	0
7.9487	0.0157203	138.659	0.83282	0
7.93237	0.0156434	141.008	0.83384	0
7.91278	0.0153406	138.326	0.860025	0
7.87292	0.0155612	139.992	0.849143	0
7.85755	0.015771	140.392	0.838941	0
7.83179	0.015423	139.209	0.844722	0
7.78553	0.0153217	137.876	0.846762	0
7.73968	0.015078	136.893	0.83418	0
7.71531	0.0149661	135.71	0.844382	0
7.68694	0.0152768	136.043	0.839281	0
7.67197	0.0155587	133.978	0.828739	0
7.68235	0.0153723	134.277	0.851523	0
7.64847	0.0153303	134.644	0.839961	0
7.60748	0.0155042	134.211	0.840981	0
7.59439	0.0153445	134.91	0.857985	0
7.54904	0.0152762	132.345	0.83656	0
7.49813	0.0148657	133.244	0.851523	0
7.47356	0.0150205	132.828	0.851863	0
7.44876	0.0150145	132.478	0.837241	0
7.41588	0.0149658	130.712	0.847102	0
7.37299	0.0147805	130.796	0.83588	0
7.35002	0.0147169	129.879	0.840981	0
7.3215	0.0145491	129.613	0.830439	0
7.29777	0.0147272	128.663	0.849483	0
7.27709	0.0145839	128.796	0.848463	0
7.22321	0.0145696	127.963	0.845062	0
7.18771	0.0147539	126.164	0.852203	0
7.17723	0.0149129	126.081	0.844382	0
7.15623	0.0147987	124.698	0.840301	0
7.13239	0.014447	125.548	0.850503	0
7.10128	0.0144389	125.531	0.857985	0
7.06922	0.0144293	125.331	0.850843	0
7.05227	0.0142102	124.665	0.853224	0
7.0304	0.0144625	124.265	0.811396	0
7.00827	0.014471	122.282	0.859345	0
6.97888	0.014866	123.582	0.839281	0
6.94598	0.0140172	123.565	0.844042	0
6.92181	0.014174	120.666	0.83486	0
6.89467	0.0145383	120.1	0.841661	0
6.85128	0.0138853	119.983	0.841661	0
6.82217	0.013693	119.9	0.847783	0
6.81228	0.013901	119.25	0.8335	0
6.78646	0.0138569	118.067	0.824658	0
6.76438	0.0138447	119.4	0.839621	0
6.76376	0.0136982	116.202	0.83622	0
6.74768	0.0135212	118.134	0.851523	0
6.72786	0.0135282	117.118	0.83486	0
6.69513	0.0135241	115.519	0.83282	0
6.64767	0.0135512	116.035	0.848803	0
6.61671	0.0134619	114.885	0.8369	0
6.59937	0.0133296	114.102	0.864106	0
6.58313	0.0134634	113.653	0.857304	0
6.56666	0.0140404	112.603	0.859005	0
6.55584	0.0134849	112.42	0.850163	0
6.53821	0.0130731	113.269	0.858325	0
6.49558	0.013336	110.221	0.839281	0
6.48121	0.0132427	111.287	0.855944	0
6.49223	0.0132154	111.42	0.854244	0
6.46076	0.0132718	109.704	0.840981	0
6.4295	0.013373	111.054	0.848463	0
6.42006	0.012356	110.204	0.843362	0
6.39499	0.0126782	109.288	0.840641	0
6.36535	0.0130107	108.921	0.860025	0
6.34982	0.0126472	109.571	0.837921	0
6.3489	0.01283	108.222	0.860025	0
6.32638	0.0128824	107.172	0.846082	0
6.2909	0.0128511	106.022	0.83282	0
6.2839	0.0128209	106.206	0.826018	0
6.28457	0.0124502	106.822	0.855604	0
6.27633	0.0123727	107.122	0.823298	0
6.2748	0.0126714	107.122	0.840641	0
6.25048	0.0125778	103.873	0.862405	0
6.21246	0.012111	105.956	0.83248	0
6.21852	0.0123103	105.573	0.850503	0
6.21531	0.0123215	104.273	0.845402	0
6.18632	0.0120356	103.557	0.841321	0
6.18067	0.0122812	105.573	0.854924	0
6.17103	0.0125412	103.224	0.865126	0
6.14877	0.0122424	103.04	0.843702	0
6.12132	0.0118019	102.491	0.8369	0
6.10249	0.0114573	100.841	0.861045	0
6.1126	0.0114775	102.424	0.861385	0
6.11026	0.0113298	100.958	0.842342	0
6.09489	0.0116645	102.557	0.856624	0
6.08979	0.0115961	101.491	0.856284	0
6.07886	0.0116982	100.541	0.853564	0
6.05736	0.0115201	100.192	0.845742	0
6.04043	0.0116161	101.258	0.864106	0
6.03006	0.011467	99.9417	0.815476	0
6.01448	0.011274	98.7755	0.821598	0
5.99688	0.0112397	100.808	0.841661	0
5.98716	0.0114408	99.3586	0.83384	0
5.98838	0.0112694	98.4756	0.869207	0
5.98707	0.011541	99.8917	0.841321	0
5.96691	0.011504	98.0758	0.821257	0
5.95898	0.0115283	97.7759	0.846762	0
5.95773	0.0113102	97.1095	0.814456	0
5.94739	0.0110082	97.4427	0.838941	0
5.94483	0.0113865	98.359	0.842342	0
5.92876	0.0113803	96.3099	0.845062	0
5.90923	0.0108176	97.2595	0.829079	0
5.90086	0.0107271	95.9434	0.819217	0
5.90173	0.0106875	98.9588	0.852203	0
5.90702	0.0106017	98.9254	0.849143	0
5.8905	0.0106012	95.5768	0.855264	0
5.87044	0.0107353	95.6768	0.8369	0
5.87576	0.010702	95.4102	0.83384	0
5.86915	0.0105696	96.743	0.845402	0
5.84017	0.0106319	94.5939	0.83486	0
5.82745	0.0106725	95.6768	0.841321	0
5.84347	0.011066	94.8438	0.846082	0
5.84708	0.0109328	95.1437	0.845062	0
5.82498	0.0103288	95.127	0.842342	0
5.81899	0.0107555	95.3103	0.850503	0
5.83079	0.0104385	95.1437	0.8318	0
5.81833	0.0103577	94.2441	0.8318	0
5.79298	0.0105152	93.6776	0.851523	0
5.79066	0.0106973	94.0941	0.842342	0
5.7831	0.0102879	93.3611	0.819897	0
5.77554	0.0106273	93.2945	0.846762	0
5.78693	0.0104961	94.9438	0.837581	0
5.78206	0.0100265	94.0941	0.840981	0
5.76632	0.0100904	93.6943	0.838261	0
5.76336	0.0101744	92.728	0.840641	0
5.76062	0.0100806	92.828	0.829759	0
5.74648	0.0102857	92.778	0.821938	0
5.74115	0.0104291	93.3278	0.860025	0
5.73839	0.0102684	92.8946	0.861385	0
5.72597	0.0100324	91.6618	0.825338	0
5.72626	0.0099262	92.3282	0.829419	0
5.73679	0.0100874	92.728	0.83452	0
5.71444	0.0100834	90.2124	0.838941	0
5.70758	0.0104722	91.895	0.828739	0
5.72897	0.0100468	91.9783	0.847783	0
5.7126	0.00992445	92.095	0.83486	0
5.68588	0.00977572	91.4452	0.839961	0
5.69025	0.0100007	92.8446	0.831459	0
5.70024	0.00999184	91.895	0.83248	0
5.69085	0.0101009	91.312	0.820577	0
5.67952	0.0100915	90.6622	0.849143	0
5.6673	0.0100948	90.9788	0.83214	0
5.66187	0.00993917	89.1462	0.843022	0
5.66388	0.00986919	90.4123	0.825678	0
5.65737	0.00966714	90.1791	0.819897	0
5.65786	0.00969821	92.7114	0.83282	0
5.65479	0.00990869	90.0625	0.823978	0
5.63606	0.00970969	90.2957	0.824318	0
5.63951	0.00945653	89.496	0.819557	0
5.64066	0.00980432	89.3628	0.838261	0
5.62861	0.00988209	89.3628	0.812756	0
5.62764	0.00956531	89.9125	0.812076	0
5.62947	0.00965423	89.4627	0.825338	0
5.61934	0.00959527	89.4461	0.816837	0
5.61805	0.00972175	88.9629	0.827379	0
5.61405	0.00977157	88.7797	0.831119	0
5.61428	0.00972513	90.5956	0.8318	0
5.62194	0.00958425	91.6118	0.830099	0
5.6065	0.00950297	89.496	0.843362	0
5.58634	0.00960234	87.3636	0.83282	0
5.58626	0.00963283	89.9459	0.841321	0
5.58577	0.00952114	88.3465	0.829419	0
5.58774	0.00974186	89.1295	0.848463	0
5.59823	0.00984421	89.6127	0.824658	0
5.58709	0.0095465	88.813	0.830439	0
5.58675	0.00980387	89.5793	0.83554	0
5.58165	0.00989539	88.8463	0.83554	0
5.5688	0.00948974	88.6631	0.843702	0
5.56701	0.00934919	88.2132	0.811736	0
5.56658	0.00958995	87.9967	0.806635	0
5.56603	0.00973116	89.1962	0.831119	0
5.56131	0.00977773	87.3136	0.858325	0
5.56081	0.00982891	90.2957	0.822278	0
5.56957	0.00953249	88.863	0.8318	0
5.55939	0.00932532	89.7293	0.816497	0
5.53995	0.00942572	87.097	0.818537	0
5.54169	0.00923036	89.3128	0.838601	0
5.55459	0.0092264	88.4631	0.822958	0
5.54109	0.0092506	87.147	0.826699	0
5.53174	0.00962161	89.496	0.815816	0
5.54434	0.00949461	88.2632	0.823638	0
5.53054	0.00920934	87.7135	0.838941	0
5.5199	0.00929347	88.0466	0.853904	0
5.52953	0.00931215	88.8463	0.83214	0
5.52528	0.00923659	86.6306	0.83384	0
5.52787	0.00934614	88.3798	0.820917	0
5.52991	0.00946295	88.8297	0.829419	0
5.53023	0.00937811	88.5464	0.839961	0
5.54164	0.00948916	89.1795	0.825338	0
5.52138	0.00941398	87.6635	0.823638	0
5.49885	0.00935742	87.8301	0.815476	0
5.51562	0.0093187	88.4465	0.837241	0
5.51438	0.00897584	88.2632	0.846422	0
5.49593	0.00903408	85.6143	0.829419	0
5.49892	0.00935022	86.514	0.840301	0
5.5038	0.00931617	86.9638	0.829419	0
5.50841	0.00931546	88.0466	0.822618	0
5.50569	0.00906911	88.4298	0.83588	0
5.49029	0.00915012	86.2474	0.819897	0
5.47982	0.00905834	86.7972	0.828739	0
5.47813	0.00931877	85.8642	0.815476	0
5.47976	0.00923419	87.5135	0.820237	0
5.48062	0.00912554	87.1304	0.849823	0
5.47673	0.00941554	85.8309	0.810035	0
5.47573	0.00937695	85.0979	0.820917	0
5.48037	0.00902332	85.6143	0.839621	0
5.4713	0.00904978	87.3803	0.841321	0
5.47338	0.00919786	87.0137	0.824998	0
5.47618	0.0094481	86.6306	0.83486	0
5.458	0.00892252	85.4477	0.801534	0
5.46253	0.00913034	86.2807	0.854244	0
5.47334	0.00930125	86.3307	0.83418	0
5.4511	0.00915447	85.6476	0.839281	0
5.44415	0.00906943	86.0641	0.826018	0
5.4541	0.00920195	86.464	0.822278	0
5.44527	0.00917218	84.2982	0.814116	0
5.43832	0.00906405	86.0142	0.826699	0
5.44761	0.00900879	85.8642	0.827719	0
5.4514	0.00928549	85.2978	0.830439	0
5.43712	0.00919144	85.3311	0.823298	0
5.4405	0.00925501	85.7143	0.846422	0
5.45789	0.00918437	85.1812	0.83248	0
5.45116	0.00905575	86.9138	0.829079	0
5.44752	0.00917043	87.4136	0.843022	0
5.45183	0.00919027	86.2641	0.830099	0
5.45718	0.00918612	87.1637	0.83452	0
5.44586	0.00926675	85.9642	0.822278	0
5.43146	0.00920941	86.2307	0.804934	0
5.43632	0.00915875	85.8142	0.820577	0
5.44199	0.00891792	86.3307	0.839961	0
5.43408	0.00921758	83.4985	0.811736	0
5.40844	0.00932668	85.5477	0.838601	0
5.40755	0.0090948	87.3469	0.83248	0
5.42923	0.00891805	85.9142	0.824998	0
5.42655	0.00893647	85.0479	0.828399	0
5.41917	0.00897811	86.5973	0.817857	0
5.42134	0.00896008	86.9304	0.83214	0
5.41597	0.00878385	84.4981	0.8369	0
5.40874	0.00901359	86.0641	0.804594	0
5.4129	0.00884183	85.1312	0.815136	0
5.4187	0.00888581	87.0137	0.823298	0
5.41432	0.0089702	84.065	0.846082	0
5.40948	0.00917977	85.0479	0.817857	0
5.41452	0.00896163	86.0308	0.83316	0
5.42089	0.00892745	86.8305	0.827379	0
5.41654	0.00899374	85.9309	0.827379	0
5.40493	0.00891325	86.514	0.822618	0
5.4124	0.00903447	84.798	0.814796	0
5.41351	0.00908468	86.1474	0.83248	0
5.40351	0.0091642	85.2312	0.824998	0
5.3981	0.00900697	85.6143	0.83316	0
5.39554	0.00894282	84.9979	0.830099	0
5.39446	0.00868941	85.3644	0.828399	0
5.40282	0.00884093	86.6639	0.837241	0
5.40725	0.00894808	85.8476	0.818197	0
5.39684	0.00884067	84.9313	0.814116	0
5.3858	0.00869596	84.6147	0.828399	0
5.39502	0.00899166	86.2141	0.809695	0
5.39929	0.00879422	85.7309	0.829079	0
5.38403	0.00865581	86.5473	0.826018	0
5.37513	0.00877814	84.7647	0.83554	0
5.38439	0.0088011	84.6481	0.821598	0
5.39049	0.00882581	84.3648	0.845062	0
5.38603	0.00928037	83.9484	0.823638	0
5.38308	0.0088766	84.4648	0.820917	0
5.38783	0.00891435	84.4815	0.83486	0
5.38717	0.00881602	84.9646	0.819557	0
5.38455	0.00866982	85.2312	0.809355	0
5.38477	0.00904758	85.0146	0.844042	0
5.37709	0.00892388	84.7813	0.817517	0
5.36396	0.00869888	84.0317	0.841661	0
5.36434	0.00883003	84.6481	0.819217	0
5.37343	0.00876672	85.3478	0.822278	0
5.37011	0.00900464	84.7147	0.831459	0
5.37517	0.00899406	84.1483	0.807995	0
5.38111	0.00849488	85.1978	0.823978	0
5.36616	0.00875725	85.0646	0.814796	0
5.35433	0.00874785	83.3319	0.818537	0
5.35498	0.00876951	83.2486	0.823298	0
5.35915	0.00888763	84.4481	0.847783	0
5.37014	0.00893283	85.2312	0.813096	0
5.36545	0.00871315	84.1649	0.823978	0
5.35466	0.00866327	85.3478	0.83486	0
5.35344	0.0089148	82.9155	0.828059	0
5.35937	0.00864789	85.1145	0.812076	0
5.36108	0.0085975	84.4148	0.830099	0
5.36046	0.00874324	85.0479	0.8369	0
5.34965	0.00864692	85.0646	0.83452	0
5.33656	0.00890008	83.5652	0.824658	0
5.34582	0.00876296	84.2982	0.812756	0
5.35282	0.00889061	85.0812	0.829419	0
5.34943	0.00870523	83.8317	0.823298	0
5.34884	0.00884404	84.5981	0.813776	0
5.35542	0.00867806	85.631	0.813776	0
5.3599	0.00876244	84.7147	0.827379	0
5.34749	0.00886025	84.9813	0.811736	0
5.33693	0.00880123	83.082	0.839281	0
5.33775	0.00868623	83.3486	0.825678	0
5.33697	0.00863187	82.8988	0.810375	0
5.3304	0.00877204	83.2486	0.83486	0
5.32952	0.00861553	84.9146	0.83588	0
5.33642	0.00857726	83.1154	0.838941	0
5.32634	0.0086789	84.0483	0.818537	0
5.32248	0.00858491	83.0654	0.812416	0
5.33211	0.00852427	84.3648	0.817517	0
5.32921	0.00877464	83.3819	0.814116	0
5.32616	0.00881245	83.0154	0.83248	0
5.33174	0.00867605	83.7151	0.820577	0
5.32559	0.00857992	83.5818	0.824998	0
5.31972	0.00853841	83.9317	0.829079	0
5.32428	0.00875057	83.2486	0.818877	0
5.31753	0.00858874	82.9821	0.813776	0
5.31667	0.00861079	84.1816	0.824318	0
5.33035	0.00881329	82.4157	0.830099	0
5.32819	0.00864355	85.2312	0.810715	0
5.32656	0.00884942	83.9484	0.820577	0
5.33069	0.00876082	84.0317	0.820917	0
5.32157	0.00868545	82.3324	0.817177	0
5.30618	0.00878605	82.7155	0.830439	0
5.3174	0.00916089	84.6647	0.843362	0
5.32544	0.00889593	82.6156	0.816497	0
5.3066	0.00844124	83.0987	0.819897	0
5.31187	0.00874298	83.9817	0.842682	0
5.32075	0.00880785	83.5818	0.83248	0
5.31233	0.00838027	83.7484	0.828059	0
5.31615	0.00863732	82.9321	0.831119	0
5.31735	0.00877451	83.6651	0.827379	0
5.31005	0.00858037	84.065	0.831459	0
5.31576	0.00874733	84.1649	0.820237	0
5.31685	0.00856435	83.4486	0.831459	0
5.30378	0.00853127	81.3828	0.792692	0
5.30173	0.0083937	83.4319	0.830779	0
5.31144	0.00855994	83.6651	0.809355	0
5.29866	0.00828778	82.2324	0.812756	0
5.28958	0.00858037	83.0487	0.811056	0
5.29834	0.00882646	82.0491	0.822618	0
5.29096	0.00864485	82.3324	0.841661	0
5.29422	0.00860658	82.4656	0.840981	0
5.30482	0.00865892	84.9646	0.839281	0
5.30138	0.00876724	81.3828	0.809695	0
5.29586	0.00861131	83.8817	0.797453	0
5.29869	0.00857252	82.6822	0.807655	0
5.2944	0.00847582	83.0487	0.822618	0
5.27888	0.00857771	81.8326	0.800514	0
5.27963	0.00871542	83.6318	0.846082	0
5.2921	0.00860068	83.0987	0.817857	0
5.2919	0.00867546	82.4656	0.813096	0
5.28507	0.00862934	82.9654	0.809695	0
5.28716	0.00870757	83.7651	0.819557	0
5.29665	0.00876543	84.0317	0.821598	0
5.29826	0.00867099	82.7988	0.823298	0
5.2906	0.00864725	82.7988	0.8318	0
5.28964	0.00858803	82.4323	0.807995	0
5.29333	0.00866191	83.082	0.822278	0
5.29085	0.00871418	84.015	0.83486	0
5.28861	0.00840057	83.4319	0.821257	0
5.29663	0.00849845	83.6985	0.814456	0
5.29539	0.00840181	84.798	0.83452	0
5.29044	0.00890773	83.1487	0.822278	0
5.28335	0.0085469	82.349	0.819897	0
5.26935	0.00834084	81.9492	0.827379	0
5.2759	0.00856617	83.0487	0.827719	0
5.29483	0.00851129	83.232	0.819557	0
5.29862	0.00874934	84.5814	0.843362	0
5.28138	0.00874759	82.9988	0.823298	0
5.27078	0.0085589	82.3823	0.83418	0
5.28206	0.00864906	83.5818	0.828399	0
5.28405	0.00857972	83.1154	0.814796	0
5.28001	0.00847763	82.5656	0.809695	0
5.28666	0.00855527	84.2649	0.83214	0
5.29005	0.00871937	82.5989	0.824318	0
5.28503	0.00839772	82.7489	0.827719	0
5.28398	0.00848444	83.8817	0.815136	0
5.28833	0.00875485	83.7484	0.815136	0
5.2791	0.00861546	81.716	0.817857	0
5.2603	0.00859302	83.0987	0.842682	0
5.257	0.00880065	80.9496	0.810715	0
5.26079	0.00878456	82.8155	0.820237	0
5.26935	0.00839513	82.2491	0.817177	0
5.28293	0.00848036	81.8159	0.800514	0
5.27713	0.00861384	83.3819	0.826358	0
5.26378	0.00840557	82.8988	0.813436	0
5.27182	0.00868597	84.0317	0.843022	0
5.28164	0.00868889	82.8821	0.831459	0
5.27485	0.00843054	82.349	0.813436	0
5.26528	0.00840032	81.9159	0.824318	0
5.25771	0.0085674	83.7151	0.844382	0
5.2571	0.00833999	81.9658	0.809355	0
5.26179	0.00835089	83.232	0.812416	0
5.26301	0.00857032	81.4661	0.829759	0
5.27087	0.00861092	84.4148	0.829759	0
5.27297	0.00851	81.3328	0.788611	0
5.25391	0.00825198	82.1324	0.820237	0
5.26159	0.00858692	82.9821	0.804594	0
5.27807	0.00863914	82.3157	0.839621	0
5.267	0.00856234	83.915	0.825338	0
5.26222	0.00855748	83.5152	0.809355	0
5.2713	0.00849145	82.7155	0.817857	0
5.27894	0.00866677	84.0816	0.814116	0
5.28765	0.00851921	82.8488	0.806975	0
5.28357	0.00874331	83.9317	0.830439	0
5.27825	0.00872314	82.9155	0.822618	0
5.27118	0.00858174	84.0317	0.825678	0
5.2621	0.00857921	84.0816	0.808335	0
5.26799	0.00874266	82.1158	0.824998	0
5.26872	0.00840051	82.1991	0.797113	0
5.25761	0.00845195	82.9155	0.831459	0
5.26344	0.00851571	81.9325	0.830779	0
5.27502	0.00864588	82.1491	0.823978	0
5.26714	0.00856331	84.6814	0.839281	0
5.24835	0.00844942	83.0487	0.810375	0
5.2499	0.00834661	81.9325	0.821257	0
5.27345	0.00853186	84.1316	0.823298	0
5.27027	0.0086117	81.7493	0.842342	0
5.2592	0.00842023	83.0154	0.801194	0
5.26743	0.00849177	83.8317	0.840641	0
5.25905	0.00856487	83.082	0.816497	0
5.25053	0.00837807	82.399	0.826018	0
5.25937	0.00859231	83.8651	0.828059	0
5.25872	0.00866482	81.8326	0.820577	0
5.26294	0.00854146	83.182	0.812416	0
5.26952	0.00849644	82.2824	0.801194	0
5.26069	0.00846894	82.5489	0.823978	0
5.25217	0.00854801	82.9654	0.837241	0
5.26943	0.00848522	84.0983	0.806295	0
5.28163	0.00871619	83.3319	0.83622	0
5.25096	0.00837476	82.0991	0.817177	0
5.23595	0.00857998	82.6322	0.824998	0
5.25979	0.00844838	82.8155	0.821598	0
5.26155	0.00838293	83.1154	0.808335	0
5.24051	0.00817427	82.299	0.815476	0
5.24934	0.00853484	83.3653	0.808335	0
5.26606	0.00844053	83.3819	0.810715	0
5.24906	0.00840693	81.6493	0.824998	0
5.24387	0.00839415	83.0987	0.808335	0
5.25245	0.00840777	83.5818	0.83622	0
5.24107	0.00826423	81.6826	0.8335	0
5.23404	0.0085063	83.5485	0.838261	0
5.24426	0.00873286	80.9163	0.819217	0
5.25776	0.0085471	83.0987	0.824318	0
5.25554	0.00828525	82.6989	0.803234	0
5.24305	0.00833221	82.6822	0.821598	0
5.247	0.00836801	83.182	0.817857	0
5.25761	0.0085722	81.8659	0.826018	0
5.25521	0.00841711	80.8663	0.811736	0
5.25818	0.00849424	83.232	0.820577	0
5.25549	0.0085794	82.7489	0.821938	0
5.24494	0.00848074	83.6651	0.822958	0
5.2475	0.00854729	82.299	0.821257	0
5.24119	0.00842743	82.5489	0.815816	0
5.23819	0.00860191	82.2824	0.820917	0
5.24754	0.00849346	82.7322	0.822958	0
5.24566	0.00835199	81.4161	0.809015	0
5.23649	0.00853782	81.7326	0.806295	0
5.23648	0.00836159	82.7489	0.820917	0
5.24151	0.00844014	82.1991	0.811396	0
5.24384	0.0086285	80.7663	0.818537	0
5.245	0.00833059	81.7993	0.846082	0
5.24343	0.00866969	81.2995	0.8318	0
5.24414	0.00843203	82.399	0.825338	0
5.25077	0.00835121	82.6989	0.823298	0
5.24505	0.00821812	83.1987	0.824998	0
5.23881	0.0084404	82.399	0.812756	0
5.23383	0.00857486	81.8326	0.822278	0
5.232	0.00837223	83.4819	0.821938	0
5.23722	0.0087485	81.516	0.831119	0
5.24809	0.00858401	83.8817	0.827379	0
5.26111	0.00872242	82.9488	0.820577	0
5.24624	0.00865711	82.3657	0.820237	0
5.23227	0.00873001	81.4161	0.821257	0
5.23892	0.00854184	80.8996	0.802554	0
5.22649	0.0085794	81.3328	0.805955	0
5.2191	0.00846466	80.0333	0.811736	0
5.23888	0.00857856	82.3657	0.807995	0
5.2337	0.00820605	82.5989	0.824658	0
5.22289	0.00826488	81.7326	0.826699	0
5.23828	0.00837891	82.6656	0.816497	0
5.24226	0.00814735	82.4157	0.823638	0
5.22371	0.00837444	82.3157	0.811736	0
5.22444	0.00834784	82.0825	0.822618	0
5.2358	0.00843618	83.132	0.847443	0
5.23387	0.00851142	81.6493	0.825678	0
5.24125	0.0085026	81.566	0.808335	0
5.24768	0.0085901	82.4656	0.840641	0
5.23469	0.00828032	81.7493	0.822278	0
5.22685	0.00834272	82.499	0.819897	0
5.23149	0.0085661	82.4656	0.8352	0
5.24223	0.00848399	82.9821	0.806635	0
5.23736	0.00838125	81.1495	0.817857	0
5.2268	0.00845869	83.3153	0.83452	0
5.23423	0.00839519	82.3823	0.802554	0
5.23125	0.00827066	81.8159	0.821598	0
5.22393	0.00840401	82.9654	0.839621	0
5.22394	0.00867767	81.0662	0.808675	0
5.22658	0.0084775	82.0825	0.851523	0
5.22095	0.00824166	81.2495	0.814796	0
5.21302	0.00854457	82.0158	0.823638	0
5.23643	0.00858803	82.3823	0.810035	0
5.2473	0.00867579	82.8155	0.8318	0
5.22403	0.00844475	82.6322	0.830439	0
5.22676	0.00848756	82.5156	0.821938	0
5.23597	0.0085554	83.0154	0.823298	0
5.23058	0.00839441	81.8159	0.803234	0
5.24044	0.00840596	82.0158	0.790312	0
5.24174	0.00829543	81.2328	0.808675	0
5.22423	0.00865406	80.5998	0.822278	0
5.23421	0.00857434	83.6818	0.8335	0
5.25118	0.00853244	82.7155	0.844042	0
5.24456	0.00875323	83.4319	0.813776	0
5.23223	0.00831314	80.4498	0.811056	0
5.22955	0.00845097	83.0154	0.811056	0
5.22108	0.00848159	80.733	0.796093	0
5.21436	0.00842645	82.1658	0.828059	0
5.22873	0.00841251	82.349	0.83486	0
5.22906	0.00851136	82.0491	0.83622	0
5.2165	0.00834531	81.4327	0.827719	0
5.21566	0.00829206	81.9325	0.831119	0
5.2259	0.00834447	80.8996	0.815136	0
5.21647	0.00830127	80.8496	0.806975	0
5.21274	0.00816954	81.1828	0.808675	0
5.22296	0.00862785	82.1658	0.83248	0
5.22374	0.00844617	80.8163	0.809695	0
5.21482	0.00829115	82.0991	0.823298	0
5.21987	0.00852368	81.9159	0.811396	0
5.22667	0.00852595	81.3328	0.83248	0
5.21731	0.00850552	82.4823	0.837241	0
5.21614	0.00844274	81.3494	0.807655	0
5.22351	0.00845817	82.2824	0.821938	0
5.22357	0.00848807	82.3657	0.821598	0
5.22778	0.00850273	81.7659	0.823298	0
5.22406	0.00857343	81.2495	0.816497	0
5.21792	0.0084873	81.1995	0.821257	0
5.23142	0.00870854	81.2328	0.810375	0
5.23306	0.00869051	82.2157	0.825338	0
5.22681	0.00832851	83.0987	0.812756	0
5.22951	0.00818471	81.6327	0.802214	0
5.22875	0.00858705	82.9155	0.829079	0
5.23045	0.00834363	83.5652	0.812076	0
5.2237	0.00826955	81.7993	0.831119	0
5.21707	0.00822843	81.5327	0.83452	0
5.22139	0.00852524	83.3653	0.826018	0
5.21915	0.00829842	80.4332	0.809695	0
5.21162	0.00804805	81.9159	0.83486	0
5.22289	0.00841867	83.0654	0.820917	0
5.22886	0.00851992	80.0333	0.823638	0
5.21839	0.00864232	81.3661	0.83418	0
5.2236	0.0083854	81.8659	0.816497	0
5.22212	0.00853711	82.6156	0.822278	0
5.20644	0.00832462	80.2166	0.83316	0
5.20527	0.00866612	81.3994	0.83384	0
5.22256	0.00843203	83.3986	0.815476	0
5.22929	0.00843897	82.7155	0.810715	0
5.22901	0.00835958	80.833	0.823978	0
5.22624	0.00857869	81.8326	0.810375	0
5.21831	0.00847465	82.7322	0.813776	0
5.21648	0.00844124	82.5989	0.821598	0
5.21857	0.00828538	81.4494	0.822278	0
5.21901	0.00837061	81.6493	0.816497	0
5.21867	0.00843476	81.5827	0.827719	0
5.22013	0.00873371	81.9825	0.814796	0
5.22025	0.00859244	81.8659	0.805955	0
5.22157	0.00835958	82.6156	0.814456	0
5.22303	0.0084417	82.0658	0.837581	0
5.22043	0.00860359	82.4323	0.816157	0
5.20995	0.00835147	82.499	0.793372	0
5.20322	0.00827254	81.5327	0.795072	0
5.21184	0.00869927	82.3823	0.823978	0
5.22039	0.00846025	81.4327	0.831119	0
5.21951	0.00832332	82.7988	0.839281	0
5.21979	0.00844449	82.3823	0.801874	0
5.22516	0.00834486	81.8326	0.823298	0
5.22363	0.00822227	82.0158	0.827719	0
5.21995	0.0083254	83.0154	0.811056	0
5.22156	0.0084801	81.1662	0.824998	0
5.22182	0.00844144	83.2153	0.822278	0
5.21426	0.00829115	81.8825	0.824998	0
5.21346	0.00844514	82.7655	0.83554	0
5.21506	0.00838079	80.1999	0.821938	0
5.20897	0.00831762	82.349	0.810035	0
5.21509	0.0085399	81.2828	0.8352	0
5.22187	0.00834181	81.2162	0.8318	0
5.2306	0.00840739	81.9992	0.829759	0
5.23151	0.00847822	81.5494	0.821257	0
5.21936	0.00841569	81.5827	0.826699	0
5.2136	0.00829063	82.349	0.829759	0
5.2209	0.00862727	81.3161	0.829079	0
5.22512	0.00872294	81.2995	0.795753	0
5.22425	0.00848853	83.3153	0.827039	0
5.21843	0.00840259	82.6656	0.802214	0
5.21839	0.00848308	81.6493	0.820237	0
5.22985	0.00821643	82.3157	0.828059	0
5.21812	0.00828149	80	0.817517	0
5.20683	0.00864796	82.0825	0.848463	0
5.21856	0.00848658	81.5993	0.823638	0
5.22131	0.00841595	80.1166	0.801534	0
5.216	0.00833513	83.3153	0.83622	0
5.20771	0.00838572	80.9496	0.821938	0
5.21697	0.00840486	83.2153	0.812416	0
5.22505	0.00830711	81.6993	0.822618	0
5.21009	0.00857908	82.7822	0.820917	0
5.20808	0.00839746	81.9325	0.814116	0
5.21616	0.00821105	82.3823	0.830779	0
5.21782	0.00829809	80.1833	0.803574	0
5.20479	0.00835258	80.9496	0.817857	0
5.21066	0.00833026	82.7988	0.821938	0
5.22797	0.00864465	81.7993	0.841321	0
5.22639	0.00837586	82.3657	0.799833	0
5.21795	0.00827202	83.3153	0.803234	0
5.21575	0.0085517	80.1833	0.819217	0
5.21069	0.00835452	83.3486	0.821257	0
5.2149	0.00839415	81.566	0.808675	0
5.22138	0.00848548	81.4661	0.829759	0
5.21481	0.0082774	80.683	0.838941	0
5.21229	0.00840739	81.9658	0.812756	0
5.21883	0.00845726	82.4157	0.824658	0
5.22232	0.0085327	81.0329	0.801534	0
5.21269	0.00832274	80.9329	0.827379	0
5.21302	0.00838987	82.2324	0.837241	0
5.22171	0.00849086	81.3994	0.821257	0
5.21473	0.00829952	80.8663	0.806295	0
5.2068	0.00831392	82.6156	0.815136	0
5.21285	0.0082641	82.1324	0.83214	0
5.2112	0.0083529	81.616	0.809015	0
5.20669	0.00848074	80.6331	0.809355	0
5.22493	0.00849819	83.9484	0.822618	0
5.21797	0.00866119	80.3832	0.817177	0
5.21422	0.00865192	81.7826	0.811056	0
5.22086	0.00841562	82.0491	0.822278	0
5.20624	0.00857888	80.2999	0.827039	0
5.20906	0.00853659	81.2328	0.820237	0
5.21968	0.00857486	81.5993	0.823638	0
5.21251	0.00824808	81.4327	0.797453	0
5.21514	0.00822181	82.1658	0.830439	0
5.2182	0.00845331	81.4827	0.826018	0
5.21422	0.0086368	81.9825	0.828399	0
5.2082	0.00865432	81.1662	0.849823	0
5.20933	0.00844507	80.6331	0.829419	0
5.21555	0.00835627	81.7659	0.810715	0
5.21801	0.00833539	81.8992	0.811396	0
5.21893	0.00842568	81.8492	0.83214	0
5.22539	0.00850507	82.5323	0.815816	0
5.2246	0.0083158	81.8659	0.819557	0
5.21516	0.00839338	82.5156	0.798473	0
5.21254	0.00835303	80.0833	0.848123	0
5.20931	0.00837255	81.9159	0.803234	0
5.21253	0.00823245	80.9163	0.83418	0
5.22691	0.00812822	83.3486	0.812756	0
5.21103	0.00847523	81.9658	0.807315	0
5.19781	0.00829297	81.4494	0.824998	0
5.22546	0.00852887	83.282	0.841661	0
5.2171	0.00853659	81.1495	0.807655	0
5.20707	0.00861423	82.349	0.823978	0
5.23128	0.0087027	82.1158	0.820577	0
5.21869	0.00844066	81.8326	0.803914	0
5.20217	0.00835089	81.6993	0.820917	0
5.22313	0.00867014	82.3157	0.817177	0
5.22347	0.00850325	81.1828	0.805274	0
5.20969	0.00838202	81.1828	0.83486	0
5.22413	0.00859568	83.4985	0.843022	0
5.22121	0.0086045	81.616	0.813096	0
5.20597	0.00852232	80.883	0.825678	0
5.21458	0.00837061	81.6993	0.818877	0
5.20967	0.00854561	80.3998	0.815476	0
5.20813	0.00840816	82.6656	0.812076	0
5.22133	0.00848049	82.0658	0.822618	0
5.21367	0.00845272	80.4165	0.819217	0
5.20243	0.00840693	81.1495	0.847102	0
5.21108	0.00833623	82.3823	0.813096	0
5.22439	0.0082248	81.2495	0.822278	0
5.21622	0.00838352	82.5823	0.815136	0
5.20335	0.00863285	82.2324	0.813436	0
5.20737	0.00839707	81.2661	0.828739	0
5.21205	0.0084644	81.9658	0.808335	0
5.21377	0.00823388	83.1987	0.815136	0
5.21761	0.00861715	82.3657	0.806295	0
5.21189	0.00841167	81.0829	0.826358	0
5.20807	0.00836094	81.4327	0.804254	0
5.21382	0.00843346	82.6656	0.826018	0
5.21253	0.00816889	82.7322	0.826358	0
5.20919	0.00842464	81.6826	0.810715	0
5.21058	0.00847607	81.3161	0.822618	0
5.20859	0.00844617	81.9992	0.814456	0
5.21175	0.00831742	81.9992	0.83282	0
5.21689	0.00832735	82.3324	0.828739	0
5.21459	0.00825905	82.7655	0.828399	0
5.21196	0.00841082	82.2157	0.817517	0
5.20999	0.00850286	81.6993	0.812076	0
5.21551	0.00822383	81.2162	0.812076	0
5.20823	0.00864725	80.8163	0.830099	0
5.19834	0.00827156	81.3661	0.823978	0
5.21009	0.0082163	80.5165	0.814456	0
5.21368	0.00857486	81.8992	0.827039	0
5.21027	0.00867527	81.566	0.814796	0
5.20747	0.00856098	80.1999	0.811736	0
5.2114	0.00861203	80.8163	0.800173	0
5.21288	0.00846453	81.7326	0.821938	0
5.20697	0.00865788	80.9663	0.817517	0
5.20687	0.00846116	81.9658	0.837241	0
5.21646	0.0084142	83.0487	0.815816	0
5.21986	0.00854742	81.6327	0.844722	0
5.20097	0.0084284	81.1662	0.817517	0
5.1977	0.00834479	82.5656	0.811736	0
5.21123	0.00832566	80.1833	0.83316	0
5.21093	0.00814255	83.3653	0.826018	0
5.21811	0.00829965	81.9492	0.819897	0
5.21439	0.00847796	80.1999	0.817517	0
5.20861	0.00823732	82.1491	0.799493	0
5.2154	0.00826203	82.1824	0.826358	0
5.21035	0.00839986	82.0491	0.848463	0
5.21315	0.00842996	82.7155	0.814456	0
5.21659	0.00828253	81.0329	0.824658	0
5.20323	0.0085711	80.9496	0.824998	0
5.21291	0.00863966	81.2995	0.816837	0
5.2232	0.00841426	81.4994	0.848123	0
5.21002	0.00876419	79.8834	0.806975	0
5.20826	0.00838838	82.7822	0.790992	0
5.21864	0.00837275	82.1991	0.810035	0
5.22403	0.00822058	83.082	0.816157	0
5.22342	0.00835705	82.0825	0.823298	0
5.21584	0.00841056	82.4823	0.821257	0
5.20877	0.0083483	82.0825	0.821257	0
5.20413	0.00839759	81.3328	0.805614	0
5.20754	0.00838663	80.9829	0.816157	0
5.20889	0.00845136	82.1491	0.830779	0
5.20524	0.00826644	81.7993	0.83316	0
5.20515	0.00845188	81.5494	0.815476	0
5.20577	0.00843852	80.6497	0.819217	0
5.20438	0.00847192	81.6993	0.83452	0
5.20649	0.00853205	80.8496	0.812756	0
5.21056	0.00840739	81.7659	0.83418	0
5.22455	0.00837028	82.2157	0.819557	0
5.22742	0.008407	83.4319	0.818537	0
5.21354	0.0085783	82.3823	0.844042	0
5.21814	0.00856558	81.5494	0.808335	0
5.21028	0.00848931	81.1995	0.83214	0
5.18225	0.00831197	79.0171	0.827039	0
5.18989	0.00850954	81.5494	0.814116	0
5.20718	0.00837178	82.0658	0.826358	0
5.20797	0.0082774	82.2324	0.810035	0
5.21043	0.00834927	81.2162	0.840301	0
5.19925	0.00838215	81.6993	0.829419	0
5.20623	0.00824698	82.3157	0.807995	0
5.21678	0.00876925	82.2824	0.817517	0
5.20313	0.00840745	82.2157	0.83486	0
5.20404	0.00844001	81.6493	0.803234	0
5.20605	0.00842399	82.1324	0.827379	0
5.20553	0.00830828	82.0158	0.825338	0
5.21356	0.00830672	81.6993	0.818537	0
5.21596	0.00834505	82.6656	0.815136	0
5.2142	0.00858206	81.616	0.831459	0
5.20396	0.00853516	80.4165	0.830779	0
5.19971	0.00843015	82.1491	0.790992	0
5.19558	0.00837372	80.4332	0.827719	0
5.19726	0.00849197	80.4498	0.809695	0
5.20746	0.0084343	83.4152	0.801874	0
5.20623	0.00861027	81.5327	0.818197	0
5.2129	0.0084716	82.5823	0.829079	0
5.21669	0.00836808	81.9658	0.829079	0
5.20523	0.00858375	80.9829	0.83248	0
5.20755	0.00839383	82.6489	0.803234	0
5.20167	0.00838118	79.8834	0.805955	0
5.20094	0.00836801	81.1662	0.814456	0
5.22469	0.00841789	81.5827	0.844382	0
5.20638	0.00841543	82.2824	0.83282	0
5.20087	0.00842827	82.3324	0.827039	0
5.20957	0.00838215	80.9829	0.838941	0
5.20143	0.00827799	81.7659	0.813436	0
5.20317	0.00854723	79.9167	0.814456	0
5.20613	0.00856176	81.2162	0.821938	0
5.2089	0.00848094	81.2828	0.818537	0
5.21225	0.00829089	80.7497	0.829079	0
5.21439	0.00842243	82.4323	0.794732	0
5.20958	0.00832138	79.5668	0.826018	0
5.20671	0.00846459	82.299	0.827039	0
5.20921	0.00825392	80.833	0.824318	0
5.20432	0.00822279	80.3832	0.826018	0
5.19133	0.00814619	80.7164	0.810375	0
5.20053	0.00839616	80.8996	0.808675	0
5.22318	0.00849164	81.5327	0.823638	0
5.21938	0.00855547	81.6993	0.817517	0
5.21368	0.00847393	82.9821	0.818537	0
5.22159	0.00841848	82.499	0.807315	0
5.226	0.00835647	81.716	0.829419	0
5.22003	0.00855268	83.0654	0.819557	0
5.21942	0.00857259	81.9825	0.805955	0
5.21894	0.00822525	82.8155	0.816837	0
5.21348	0.0086931	81.4994	0.83418	0
5.20811	0.00848665	80.4998	0.841661	0
5.21737	0.00831042	82.6656	0.829079	0
5.21955	0.00841536	82.6156	0.838601	0
5.20689	0.00846764	81.1162	0.83282	0
5.20511	0.00838235	81.2328	0.814796	0
5.19233	0.00829277	81.1162	0.805955	0
5.19021	0.00835725	80.883	0.823298	0
5.21878	0.00837787	82.2324	0.823638	0
5.21738	0.00833312	81.6493	0.83588	0
5.19656	0.0082582	81.666	0.820237	0
5.19918	0.00817187	81.6993	0.83452	0
5.20733	0.00829303	80.9996	0.822278	0
5.21634	0.00841893	82.3657	0.797453	0
5.2254	0.00851058	83.6318	0.848463	0
5.21272	0.00831924	80.7997	0.826358	0
5.19662	0.00822032	81.4161	0.830099	0
5.20087	0.00866411	81.3994	0.793032	0
5.20754	0.00840213	81.1162	0.839961	0
5.20784	0.008366	82.1991	0.814456	0
5.20769	0.00853497	83.3319	0.821938	0
5.20652	0.00856027	80.5165	0.808675	0
5.21027	0.008414	81.6327	0.824998	0
5.21543	0.00856721	81.0662	0.826358	0
5.21292	0.00841711	82.7322	0.810715	0
5.20628	0.008354	81.1995	0.820237	0
5.20093	0.00846472	81.0329	0.824658	0
5.2023	0.00838624	80.1	0.813436	0
5.20385	0.00833455	80.8163	0.818877	0
5.21258	0.00833455	81.9992	0.820917	0
5.21612	0.00839357	81.3161	0.826358	0
5.21566	0.0083433	82.4323	0.810715	0
5.22172	0.00831995	81.6327	0.812756	0
5.21834	0.00847737	82.9321	0.8352	0
5.20996	0.00859672	81.8159	0.795413	0
5.20028	0.00831917	81.4494	0.809015	0
5.20016	0.00822194	81.6826	0.826699	0
5.20497	0.00841381	81.7659	0.828739	0
5.19684	0.00829303	81.4327	0.819897	0
5.19922	0.00819256	80.9329	0.83214	0
5.20895	0.00839111	80.3832	0.815816	0
5.20341	0.008335	81.8492	0.839961	0
5.19939	0.00838157	80.5498	0.815816	0
5.21631	0.00836464	81.6826	0.819557	0
5.21472	0.00849216	82.2657	0.811056	0
5.19398	0.00849754	80.4498	0.819217	0
5.20492	0.00856682	82.8488	0.819217	0
5.21663	0.0083134	82.9155	0.828059	0
5.21051	0.00847491	80.2832	0.807995	0
5.20882	0.00846803	82.6656	0.825678	0
5.21437	0.00861449	81.5494	0.8369	0
5.21996	0.0086023	82.3823	0.831459	0
5.21572	0.00838585	81.6327	0.824998	0
5.19976	0.00835679	81.1662	0.803234	0
5.19663	0.00818342	80.4165	0.800854	0
5.20768	0.00826962	81.666	0.815136	0
5.21682	0.00829277	82.8155	0.819897	0
5.2223	0.00863006	81.7493	0.827039	0
5.21819	0.00860794	82.1658	0.821938	0
5.20993	0.00853614	81.0496	0.803914	0
5.21542	0.00871834	82.299	0.816837	0
5.2148	0.00841686	81.716	0.829759	0
5.19971	0.00854204	80.4831	0.816837	0
5.20359	0.00863544	81.4827	0.83452	0
5.22069	0.00869751	82.0491	0.841321	0
5.22338	0.00867248	81.0995	0.807995	0
5.21404	0.00861209	82.4823	0.83282	0
5.20795	0.0083985	81.4161	0.810035	0
5.20175	0.0083854	80.3665	0.804594	0
5.19772	0.00820858	81.1828	0.818537	0
5.20001	0.0084716	82.1324	0.813096	0
5.20254	0.00830425	81.3828	0.812416	0
5.20776	0.00837988	81.9325	0.814116	0
5.20958	0.00837113	81.3328	0.818197	0
5.20991	0.0083302	81.8659	0.821598	0
5.21217	0.00860586	81.6993	0.796093	0
5.21209	0.00834453	80.683	0.817517	0
5.20909	0.00820313	83.1154	0.795413	0
5.21256	0.00840336	80.6997	0.8318	0
5.20408	0.00831586	81.4161	0.813776	0
5.19852	0.00844494	82.0825	0.842001	0
5.20049	0.00847127	81.8492	0.812076	0
5.20923	0.00835984	81.8492	0.8335	0
5.21305	0.00823913	82.5489	0.824658	0
5.19931	0.00840246	80.5331	0.827719	0
5.20001	0.00833805	80.5165	0.807995	0
5.20519	0.00834869	81.2328	0.838261	0
5.20287	0.00852355	81.7659	0.83554	0
5.20755	0.00829809	80.8996	0.827379	0
5.21241	0.00831586	82.2657	0.83588	0
5.20996	0.0083935	81.8659	0.789971	0
5.20356	0.00843262	81.0162	0.804254	0
5.20232	0.00856811	79.8001	0.822278	0
5.2079	0.00857227	81.1329	0.820237	0
5.21593	0.00826793	81.5827	0.808675	0
5.22222	0.00853763	82.499	0.813436	0
5.21934	0.00850662	81.8992	0.846082	0
5.20204	0.0084164	80.5831	0.829079	0
5.20401	0.00850902	81.3494	0.817177	0
5.22146	0.00860522	80.7497	0.823298	0
5.21741	0.00822856	81.0829	0.814456	0
5.20464	0.00809968	80.4498	0.809015	0
5.2091	0.00838682	82.6822	0.837921	0
5.21269	0.00844118	82.6322	0.820237	0
5.21656	0.00845136	82.7988	0.812416	0
5.20693	0.00806653	81.2995	0.807655	0
5.19702	0.00810714	81.2495	0.824998	0
5.2202	0.00815098	82.0825	0.817857	0
5.23066	0.00854807	81.7493	0.826018	0
5.21726	0.00881161	81.0329	0.824998	0
5.21008	0.00855858	81.566	0.83384	0
5.20715	0.00821637	81.6826	0.824658	0
5.21785	0.00813321	83.1487	0.801194	0
5.21612	0.00840667	82.0658	0.803234	0
5.1982	0.0082331	82.0325	0.803234	0
5.20736	0.00849236	81.4161	0.810715	0
5.21214	0.00829712	81.616	0.813096	0
5.20594	0.00844565	81.9825	0.817857	0
5.21588	0.00839545	81.7659	0.828399	0
5.21806	0.00828791	82.5823	0.815816	0
5.2217	0.0085362	82.0325	0.83622	0
5.21536	0.00826618	80.7663	0.809015	0
5.20538	0.00832008	82.6156	0.812416	0
5.20895	0.00831282	81.1662	0.816837	0
5.2044	0.00849884	80.5498	0.823298	0
5.20143	0.00823336	80.883	0.831459	0
5.21087	0.00831081	81.5327	0.821257	0
5.2156	0.0084439	82.399	0.837581	0
5.21025	0.00863758	81.1662	0.821598	0
5.2008	0.00833662	79.9334	0.787591	0
5.19315	0.00840816	80.5831	0.820577	0
5.1964	0.00841932	78.6839	0.806635	0
5.20191	0.00855741	82.3657	0.817857	0
5.21426	0.00847614	81.2328	0.825678	0
5.2176	0.00845032	82.3324	0.822278	0
5.21659	0.00851571	83.4152	0.808335	0
5.21452	0.0083972	80.5664	0.839281	0
5.20824	0.00839286	82.349	0.822618	0
5.20715	0.00843041	80.4165	0.799833	0
5.20792	0.00836762	82.5656	0.819557	0
5.2148	0.00817933	81.4827	0.804594	0
5.21793	0.00820618	82.7489	0.818197	0
5.20751	0.00838345	81.3494	0.818537	0
5.20313	0.00837444	80.5664	0.802554	0
5.20694	0.00833727	81.8825	0.816497	0
5.2101	0.00817888	81.8326	0.8369	0
5.22541	0.00851045	82.2157	0.830439	0
5.22681	0.00848587	82.6156	0.845742	0
5.20607	0.00828129	80.1999	0.793712	0
5.19657	0.0084548	80.8996	0.815476	0
5.20515	0.00853646	82.449	0.814796	0
5.20483	0.00815961	80.833	0.807655	0
5.19458	0.00827987	81.3328	0.820577	0
5.20937	0.00821105	82.7489	0.821938	0
5.22069	0.00845117	81.516	0.814796	0
5.20725	0.00851421	80.733	0.844042	0
5.21005	0.00861838	80.9663	0.818537	0
5.21959	0.00839461	82.6656	0.816157	0
5.21756	0.00830575	83.0487	0.810035	0
5.21246	0.00840732	80.7663	0.820917	0
5.21389	0.00851357	81.9325	0.813436	0
5.21853	0.00841504	82.6156	0.825678	0
5.21475	0.00831334	81.9492	0.811056	0
5.2106	0.00828103	82.1658	0.792012	0
5.21114	0.00843631	81.3494	0.83418	0
5.20936	0.00845843	81.5494	0.830779	0
5.20572	0.00840589	80.0167	0.815476	0
5.21067	0.00861436	81.0662	0.828739	0
5.21705	0.00830172	83.3653	0.811736	0
5.20107	0.00864335	79.5169	0.807995	0
5.19691	0.00853698	81.716	0.829079	0
5.21491	0.00870789	81.4327	0.824318	0
5.21177	0.00838767	81.9658	0.819217	0
5.21625	0.00832942	82.0658	0.83384	0
5.23102	0.00843852	81.7826	0.822278	0
5.21102	0.00836283	81.5993	0.804934	0
5.19486	0.00830756	79.9833	0.819217	0
5.21122	0.00834116	83.1487	0.826699	0
5.21474	0.00852193	80.7497	0.803914	0
5.19713	0.00861903	80.4665	0.818197	0
5.19573	0.00822746	81.2495	0.8318	0
5.19859	0.0083865	80.7497	0.8318	0
5.21391	0.00852141	81.5327	0.809015	0
5.23721	0.00810733	82.7489	0.819557	0
5.21921	0.00842114	81.5827	0.814116	0
5.20543	0.00849955	80.3665	0.815816	0
5.21508	0.00850293	81.5993	0.841661	0
5.21782	0.0084236	82.9654	0.837581	0
5.22296	0.00872339	81.8659	0.8335	0
5.22291	0.00844598	82.5656	0.816837	0
5.20487	0.00850578	81.1828	0.823298	0
5.21104	0.00852855	81.8326	0.804934	0
5.23003	0.00824808	80.8163	0.822958	0
5.21036	0.00823998	81.2495	0.814456	0
5.20609	0.00832495	81.3494	0.816157	0
5.22949	0.00850552	81.9325	0.824658	0
5.21887	0.00860029	81.4994	0.805274	0
5.19766	0.00852628	81.5993	0.801534	0
5.21424	0.00854489	81.0829	0.807995	0
5.22261	0.00868714	81.0829	0.810035	0
5.19806	0.00855495	81.7826	0.83214	0
5.20025	0.00858634	79.6835	0.821257	0
5.22185	0.00858991	82.0825	0.810375	0
5.21015	0.00824088	81.0162	0.809355	0
5.20004	0.00813639	81.0496	0.810715	0
5.21078	0.00820035	81.8326	0.812756	0
5.21372	0.00838968	80.6664	0.819897	0
5.21811	0.00829686	82.5656	0.822618	0
5.22657	0.0084057	82.1658	0.826018	0
5.22311	0.00834311	82.1491	0.818537	0
5.21022	0.00846382	81.7326	0.807995	0
5.2105	0.00851318	81.1495	0.807995	0
5.22189	0.00847582	82.0325	0.819897	0
5.22191	0.00846258	81.9825	0.812756	0
5.21321	0.00822136	80.6331	0.802214	0
5.2166	0.00828188	82.8322	0.83656	0
5.21571	0.00824789	81.1329	0.807315	0
5.22134	0.00818387	82.7322	0.808335	0
5.23322	0.00838287	81.616	0.823298	0
5.21645	0.00848217	80.1666	0.823978	0
5.20928	0.00847679	81.2995	0.824318	0
5.21395	0.00831087	80.9496	0.811396	0
5.22193	0.00843988	81.7659	0.798133	0
5.22271	0.00843197	81.0662	0.820917	0
5.20451	0.00824854	81.6993	0.819217	0
5.20783	0.00856468	80.6331	0.819557	0
5.22261	0.00842555	82.0825	0.844382	0
5.20284	0.00804798	80.9163	0.827719	0
5.20322	0.00845045	81.7826	0.831119	0
5.21584	0.00860437	80.9996	0.83214	0
5.21318	0.00830704	82.8488	0.848463	0
5.21908	0.00857732	80.8163	0.819897	0
5.21495	0.00854619	81.0662	0.809015	0
5.20535	0.00822888	80.6997	0.820917	0
5.2156	0.00831969	81.4161	0.823638	0
5.22563	0.00848347	82.8155	0.822618	0
5.22054	0.00846699	80.5831	0.827039	0
5.21429	0.00863259	81.516	0.810715	0
5.22667	0.00849294	82.449	0.83418	0
5.22889	0.00834745	82.0991	0.813776	0
5.2213	0.00842282	81.2162	0.817857	0
5.21882	0.00850838	81.1162	0.823978	0
5.21008	0.00847588	80.5165	0.830779	0
5.21666	0.00820735	82.3823	0.821598	0
5.2211	0.00847536	81.616	0.821598	0
5.21041	0.00831781	82.4323	0.841321	0
5.20658	0.00834038	80.3499	0.822958	0
5.20866	0.00831158	80.1999	0.820237	0
5.21578	0.00845045	83.5152	0.83452	0
5.22845	0.00830802	82.1158	0.83282	0
5.22751	0.00830036	82.2157	0.818537	0
5.22108	0.00841446	81.1828	0.807315	0
5.21901	0.00852018	82.0491	0.849823	0
5.21322	0.00852174	80.4831	0.805614	0
5.20577	0.00840259	81.3994	0.804254	0
5.21234	0.00847523	81.1995	0.810375	0
5.21894	0.00827617	81.3328	0.826699	0
5.2141	0.00854535	81.4327	0.803234	0
5.21871	0.0083673	82.3657	0.799153	0
5.21664	0.00836004	80.3998	0.828059	0
5.2105	0.00832365	81.2661	0.814456	0
5.21467	0.00833227	81.1495	0.83316	0
5.20513	0.00822882	80.9996	0.824998	0
5.20315	0.00815326	82.0491	0.826018	0
5.21627	0.00827033	81.5993	0.820577	0
5.22256	0.00822558	81.7493	0.820237	0
5.22619	0.0083219	82.5656	0.804254	0
5.22893	0.00852485	82.4656	0.827719	0
5.21868	0.00849151	81.5827	0.814796	0
5.21237	0.0084668	81.3328	0.817517	0
5.21418	0.00845785	81.6993	0.823298	0
5.21667	0.00840615	81.3161	0.830779	0
5.21637	0.00822843	81.8159	0.83554	0
5.21662	0.00816532	81.6993	0.800514	0
5.21967	0.00831029	82.1658	0.821598	0
5.22152	0.00850864	80.9996	0.8352	0
5.21335	0.00840492	81.3328	0.805614	0
5.21397	0.00832559	81.2162	0.810715	0
5.22168	0.00839532	81.3661	0.812756	0
5.21836	0.00827961	82.1991	0.812416	0
5.21897	0.00847828	81.8825	0.8335	0
5.21468	0.00861242	79.9667	0.837241	0
5.2124	0.00856409	81.2995	0.83622	0
5.22195	0.00857434	82.0491	0.797453	0
5.22344	0.00863797	81.3994	0.810715	0
5.21465	0.00844955	80.7997	0.813096	0
5.197	0.00834603	80.3165	0.83316	0
5.19908	0.00854859	79.9167	0.817177	0
5.21594	0.0086213	81.7659	0.815476	0
5.222	0.00844241	81.716	0.820237	0
5.21821	0.00850902	81.0329	0.802554	0
5.22411	0.0085495	81.3161	0.83248	0
5.22353	0.00858465	81.3994	0.815476	0
5.21409	0.00853069	80.783	0.800514	0
5.21196	0.00824899	81.3994	0.816497	0
5.22003	0.00834609	81.8326	0.828399	0
5.22547	0.00861592	80.6331	0.837241	0
5.21467	0.00835258	81.3328	0.843362	0
5.21307	0.00837307	82.1991	0.818537	0
5.22662	0.008366	80.7663	0.811396	0
5.23198	0.00817836	82.3823	0.814116	0
5.22422	0.00838715	81.2995	0.840641	0
5.21821	0.00846206	81.7993	0.820237	0
5.22274	0.00841037	80.8663	0.816157	0
5.22015	0.00861851	80.2999	0.816157	0
5.21705	0.00854178	80.8496	0.821598	0
5.21765	0.00859536	80.6331	0.817517	0
5.21124	0.00838676	80.6664	0.813436	0
5.20867	0.00843314	80.7997	0.83622	0
5.21728	0.00831262	80.3499	0.803574	0
5.22124	0.0080258	81.5494	0.828059	0
5.22614	0.00820735	81.9992	0.83622	0
5.22327	0.008112	81.3161	0.811396	0
5.22412	0.00834402	82.349	0.824318	0
5.22396	0.00832371	79.9167	0.812416	0
5.21742	0.00852712	82.499	0.824318	0
5.21996	0.00851467	81.7326	0.803914	0
5.22342	0.00848957	81.8492	0.814796	0
5.22112	0.00845701	81.2495	0.83554	0
5.2176	0.00846751	80.6497	0.826018	0
5.22694	0.00853945	80.6997	0.800854	0
5.23025	0.00835952	81.1495	0.840641	0
5.21236	0.00854554	80.7497	0.827379	0
5.21551	0.00847588	82.1491	0.819557	0
5.22233	0.00850721	80.1166	0.822278	0
5.21509	0.0086381	81.2828	0.818877	0
5.21726	0.00848029	83.0487	0.821938	0
5.23003	0.00846797	82.399	0.820577	0
5.22113	0.00851272	79.8167	0.797113	0
5.20188	0.00834985	81.9825	0.810375	0
5.21708	0.0085266	81.6993	0.815136	0
5.234	0.00846349	82.399	0.824998	0
5.23209	0.00873442	81.3828	0.83554	0
5.22374	0.00867676	81.7659	0.807315	0
5.22284	0.00842749	81.4827	0.787591	0
5.22489	0.00844403	81.9992	0.822278	0
5.21868	0.00835167	81.9159	0.809355	0
5.21806	0.00830847	81.666	0.824998	0
5.22343	0.00818011	81.6493	0.811056	0
5.22887	0.00844552	81.4827	0.826699	0
5.23316	0.0082163	83.3819	0.821598	0
5.21753	0.00845019	80.0833	0.814456	0
5.2084	0.00812355	80.6997	0.830779	0
5.22347	0.00835764	82.3657	0.814456	0
5.22183	0.00844734	80.683	0.846082	0
5.20787	0.00837846	79.9	0.824658	0
5.21547	0.00833889	81.9325	0.814116	0
5.22638	0.00829628	81.7493	0.806975	0
5.22277	0.00828998	79.1837	0.811056	0
5.20956	0.00846576	81.716	0.83656	0
5.20996	0.00836049	80.5498	0.801534	0
5.22019	0.00827539	81.0829	0.820917	0
5.22938	0.008191	82.7822	0.814116	0
5.22569	0.008323	81.2328	0.83316	0
5.21308	0.0084788	79.3836	0.828399	0
5.20928	0.008608	81.9658	0.825678	0
5.22078	0.00827727	81.7326	0.8318	0
5.23773	0.00844507	82.5656	0.810035	0
5.23303	0.00862208	81.3994	0.839961	0
5.21278	0.00849132	81.7993	0.808675	0
5.20587	0.00835297	80.5331	0.822618	0
5.21751	0.00833208	82.5989	0.787591	0
5.22756	0.00824212	82.3657	0.8352	0
5.21604	0.00846939	80.0666	0.809015	0
5.21646	0.00841977	81.2995	0.806975	0
5.22359	0.00854009	81.1828	0.817517	0
5.22604	0.00865951	81.5494	0.828059	0
5.23511	0.00876906	81.4161	0.821938	0
5.22679	0.00818277	81.2495	0.805274	0
5.21753	0.00826994	81.3161	0.800173	0
5.22153	0.00827617	81.2495	0.801194	0
5.22241	0.0084391	81.2162	0.813776	0
5.21797	0.00856617	82.0991	0.806975	0
5.2062	0.00847977	81.666	0.819897	0
5.20821	0.00817213	81.7326	0.823298	0
5.22406	0.00843845	81.9159	0.841661	0
5.22388	0.00840868	81.5327	0.805614	0
5.21875	0.00854444	82.3324	0.823638	0
5.22637	0.00825327	81.4994	0.826018	0
5.23049	0.00849372	80.6164	0.818877	0
5.22495	0.00847121	81.6493	0.830439	0
5.22958	0.00841316	81.6493	0.819217	0
5.2189	0.00833714	80.883	0.821257	0
5.21037	0.00831976	80.9663	0.815136	0
5.22321	0.00837658	81.3161	0.814116	0
5.23594	0.00838442	83.132	0.824318	0
5.23189	0.00847076	82.6156	0.853224	0
5.21679	0.00848036	80.5165	0.807315	0
5.22489	0.00848289	82.1324	0.815476	0
5.22563	0.00854917	81.566	0.824658	0
5.21409	0.0083649	81.3328	0.807655	0
5.22425	0.00828733	81.566	0.818197	0
5.22607	0.00842191	82.4823	0.827039	0
5.21591	0.00846978	79.4669	0.815136	0
5.2175	0.00834654	81.3994	0.804934	0
5.22087	0.00854898	81.0496	0.817857	0
5.21702	0.00838702	80.9496	0.818877	0
5.22786	0.00841608	81.8159	0.823978	0
5.24554	0.00872119	81.8992	0.816497	0
5.23361	0.00847582	81.4827	0.814796	0
5.21914	0.00853743	81.4661	0.826018	0
5.22598	0.00845616	79.4669	0.8369	0
5.21779	0.00835653	81.1329	0.831119	0
5.21666	0.008438	80.5664	0.801874	0
5.23128	0.00867605	80.9663	0.806295	0
5.2239	0.00863375	80.6497	0.806635	0
5.21504	0.00853919	82.349	0.802894	0
5.21816	0.00841167	79.7668	0.808675	0
5.21691	0.00841199	80.9496	0.83282	0
5.22929	0.00837599	81.4494	0.826358	0
5.23841	0.00854068	82.299	0.821938	0
5.22976	0.00858718	80.9329	0.83214	0
5.22333	0.00834453	81.6826	0.823638	0
5.22281	0.00846732	81.2495	0.819217	0
5.21654	0.00836548	80.1666	0.819217	0
5.21293	0.00843151	80.9663	0.818877	0
5.2302	0.00819269	82.0158	0.804254	0
5.23821	0.0084044	81.0162	0.808335	0
5.23625	0.00859023	80.833	0.827039	0
5.23077	0.00824062	80.9663	0.817857	0
5.22379	0.00821922	81.8159	0.800514	0
5.21759	0.00823887	80.6331	0.826018	0
5.21886	0.00836704	80.2999	0.819557	0
5.23241	0.0083289	81.616	0.83622	0
5.24062	0.00830056	81.2995	0.830439	0
5.22946	0.00833656	81.9658	0.83486	0
5.22261	0.00830523	82.6989	0.819897	0
5.23361	0.00824795	81.5993	0.820917	0
5.2268	0.00835511	80.0833	0.802214	0
5.2139	0.0084284	80.7497	0.815816	0
5.23111	0.00845688	81.4994	0.806635	0
5.23881	0.00834551	81.4661	0.819217	0
5.22489	0.00839856	80.9496	0.813436	0
5.23058	0.00817615	81.8492	0.822958	0
5.2307	0.0082475	81.516	0.793372	0
5.21758	0.00844987	81.1995	0.810375	0
5.21084	0.00825827	80.5498	0.823978	0
5.22515	0.00839565	82.0325	0.822958	0
5.24081	0.00857032	81.2828	0.804934	0
5.23144	0.00827643	82.1824	0.816497	0
5.2269	0.00835945	80.7164	0.793372	0
5.22332	0.00840466	82.5156	0.83248	0
5.20912	0.00838896	80.6497	0.827719	0
5.21686	0.00839941	83.1987	0.830779	0
5.23693	0.0085111	81.716	0.849483	0
5.22535	0.00846745	81.2661	0.829419	0
5.21752	0.00819049	82.1324	0.821598	0
5.23485	0.00824367	81.4161	0.840981	0
5.23178	0.00831269	82.0325	0.807995	0
5.21887	0.00850844	80.7663	0.822958	0
5.22951	0.00838481	80.9496	0.806635	0
5.23372	0.0084572	82.499	0.810715	0
5.22246	0.00842178	80.8496	0.824658	0
5.21703	0.00859458	80.7497	0.830779	0
5.22167	0.00836931	81.3661	0.802894	0
5.22778	0.00841387	81.516	0.814116	0
5.22431	0.00818731	82.1158	0.808675	0
5.23169	0.00853367	81.0662	0.821938	0
5.2399	0.00830237	81.5827	0.818877	0
5.23622	0.00839078	83.0154	0.826358	0
5.23064	0.00824491	83.0154	0.815136	0
5.22378	0.0084201	81.1995	0.83384	0
5.22053	0.00854697	81.1995	0.838261	0
5.21602	0.00828097	80.4498	0.800514	0
5.20953	0.00811525	80.1666	0.804254	0
5.22495	0.00853575	81.6327	0.818877	0
5.23878	0.0085015	83.182	0.819557	0
5.23241	0.00853192	81.5327	0.825678	0
5.22829	0.00832715	82.6989	0.83418	0
5.23195	0.00837152	81.0162	0.823298	0
5.23147	0.00833636	81.5993	0.823298	0
5.22929	0.00832183	80.5165	0.812416	0
5.22491	0.00835647	83.2153	0.83656	0
5.23713	0.00854308	81.8825	0.818877	0
5.23741	0.00843469	80.4165	0.813096	0
5.22228	0.00829971	80.9496	0.817857	0
5.2259	0.00832053	80.7497	0.831459	0
5.22702	0.00845013	80.8163	0.819217	0
5.22281	0.0083555	81.4994	0.805955	0
5.23546	0.00849223	82.1324	0.827039	0
5.23996	0.00818432	81.4827	0.824998	0
5.23036	0.00846252	81.6327	0.826699	0
5.237	0.00839273	82.3657	0.838261	0
5.23519	0.00852991	82.2157	0.841661	0
5.22754	0.00852796	80.7997	0.823298	0
5.23022	0.00850675	82.7988	0.844042	0
5.22826	0.00860256	81.3494	0.816497	0
5.23202	0.00836043	81.1995	0.829079	0
5.23733	0.0081541	81.5327	0.818197	0
5.22982	0.00851298	81.2995	0.825678	0
5.22635	0.00848892	80.3998	0.805614	0
5.22444	0.00847938	81.0829	0.820917	0
5.22546	0.00848866	82.349	0.814796	0
5.233	0.00814625	82.3823	0.821598	0
5.23825	0.00833182	81.1329	0.821598	0
5.23158	0.00817635	81.2995	0.799833	0
5.23292	0.00846168	81.8992	0.83282	0
5.23147	0.0084343	80.733	0.83248	0
5.23404	0.0084271	83.1987	0.820237	0
5.24372	0.00840447	80.9996	0.815816	0
5.241	0.00842464	82.299	0.821257	0
5.23254	0.00838112	82.1491	0.820917	0
5.22462	0.00855988	80.3165	0.807315	0
5.23194	0.0082584	81.1828	0.814116	0
5.243	0.00823693	82.8655	0.813776	0
5.22507	0.00816772	81.9658	0.825678	0
5.22472	0.00832475	81.3828	0.811396	0
5.23378	0.0084044	81.2328	0.816497	0
5.22787	0.0083614	81.0829	0.827039	0
5.22958	0.00839714	81.1329	0.814456	0
5.22446	0.00840667	80.0833	0.827379	0
5.22243	0.00817926	82.0991	0.800854	0
5.22479	0.00832209	81.8825	0.813776	0
5.22268	0.00836685	82.349	0.815476	0
5.24186	0.00849106	81.7326	0.828399	0
5.24895	0.00841562	82.7822	0.839621	0
5.23206	0.00831762	82.7655	0.83384	0
5.23671	0.00848457	81.0662	0.815136	0
5.24137	0.00840473	82.1158	0.805274	0
5.23218	0.0082977	81.2328	0.800514	0
5.2418	0.00851603	82.6989	0.829759	0
5.25318	0.00840252	81.8825	0.840301	0
5.22934	0.00829952	80.4831	0.819217	0
5.22547	0.0084009	83.1487	0.819217	0
5.24865	0.00848606	82.7155	0.819217	0
5.23157	0.00847582	81.3661	0.813436	0
5.22484	0.00863142	81.2828	0.810715	0
5.23926	0.00842581	80.0833	0.810375	0
5.22162	0.00827993	81.0829	0.824658	0
5.22079	0.00833325	80.8163	0.83656	0
5.24705	0.00830231	82.0658	0.814796	0
5.25097	0.00831074	81.8825	0.830439	0
5.2302	0.0082246	82.9988	0.807995	0
5.23189	0.00827254	80.9996	0.8352	0
5.25037	0.00849878	82.8655	0.814116	0
5.24954	0.00841348	81.716	0.794732	0
5.2372	0.00847484	81.5993	0.829419	0
5.24151	0.00853581	82.0491	0.8318	0
5.24123	0.00831431	81.2828	0.807315	0
5.23205	0.0084932	81.3328	0.83588	0
5.2347	0.00830335	80.2999	0.812076	0
5.24045	0.00878592	82.8488	0.813436	0
5.23799	0.00865088	81.1828	0.8352	0
5.22924	0.00828681	80.8663	0.817857	0
5.23423	0.00849813	81.2328	0.826699	0
5.23282	0.00871691	80.0333	0.829759	0
5.2208	0.0082595	81.8159	0.806295	0
5.2405	0.00845636	81.666	0.807655	0
5.26398	0.00847964	83.4152	0.823298	0
5.24354	0.00837865	80.8663	0.824658	0
5.22844	0.00848321	81.0995	0.823978	0
5.24602	0.00862338	81.6993	0.797113	0
5.24505	0.00805642	81.6327	0.83214	0
5.23104	0.00839052	80.9163	0.798813	0
5.22244	0.00838767	80.5998	0.815816	0
5.22657	0.00866852	82.3324	0.830779	0
5.24132	0.00855456	80.6997	0.810375	0
5.23658	0.00829427	81.666	0.803914	0
5.23312	0.0083027	82.7155	0.831119	0
5.23997	0.00858128	80.4998	0.825678	0
5.24504	0.00851272	83.0987	0.815476	0
5.25073	0.00847309	81.5494	0.819897	0
5.24748	0.00836782	82.5823	0.841321	0
5.24595	0.00852375	82.349	0.819217	0
5.24526	0.00847912	81.8992	0.814456	0
5.23682	0.00815935	82.8988	0.800173	0
5.24011	0.00845902	81.5494	0.814796	0
5.24173	0.00837521	82.299	0.815816	0
5.23329	0.00848399	81.7993	0.811056	0
5.22769	0.00820125	79.9833	0.804254	0
5.22283	0.00840609	80.6997	0.8318	0
5.22592	0.00838326	81.1162	0.826018	0
5.22989	0.008342	81.2328	0.786571	0
5.23163	0.0082944	81.6493	0.845402	0
5.2298	0.00836425	81.7326	0.856964	0
5.23558	0.00834531	81.3994	0.807995	0
5.24732	0.00833954	82.4823	0.823298	0
5.23831	0.00849313	82.8322	0.847102	0
5.23241	0.00876867	81.2328	0.83316	0
5.24557	0.00876504	81.1662	0.817517	0
5.23819	0.0083555	81.4661	0.811396	0
5.22819	0.00808943	81.6493	0.812076	0
5.23462	0.00840297	81.1662	0.791672	0
5.23804	0.00839934	81.8159	0.827379	0
5.24703	0.00844001	82.5489	0.837921	0
5.24585	0.00834343	82.0658	0.822278	0
5.2386	0.00845558	80.7164	0.813436	0
5.24142	0.00843177	82.0325	0.827039	0
5.23437	0.00843781	81.5827	0.826699	0
5.2224	0.00830672	81.716	0.827379	0
5.23385	0.00806329	82.0158	0.811736	0
5.23913	0.00809365	81.1162	0.811736	0
5.23529	0.00824945	81.5827	0.819557	0
5.23727	0.00811641	81.9325	0.839961	0
5.24053	0.00838987	81.3828	0.815136	0
5.23113	0.00851434	81.3328	0.823638	0
5.22795	0.00838676	79.8501	0.816497	0
5.23626	0.0083171	81.7659	0.831459	0
5.23673	0.00861936	81.2995	0.818537	0
5.22815	0.0084727	80.6497	0.800854	0
5.23315	0.00820865	80.883	0.812756	0
5.23856	0.00812932	82.3324	0.814456	0
5.24127	0.00848308	80.6997	0.818877	0
5.24302	0.0084094	82.0991	0.819897	0
5.23564	0.00839325	80.6331	0.817177	0
5.2368	0.00843489	81.0496	0.822278	0
5.24704	0.00859672	81.0995	0.828399	0
5.2448	0.0083651	82.3657	0.807995	0
5.23735	0.00815442	80.8496	0.828059	0
5.22328	0.00825658	80.05	0.813096	0
5.2305	0.00837755	81.9992	0.805614	0
5.24911	0.00818153	82.399	0.813096	0
5.25022	0.00850883	82.0325	0.810035	0
5.24209	0.00847614	82.1158	0.8369	0
5.24237	0.00838624	82.5489	0.849823	0
5.24025	0.00837508	81.4494	0.821257	0
5.23429	0.00839078	80.3998	0.807995	0
5.23391	0.00829647	81.7326	0.817517	0
5.24047	0.00855021	81.4661	0.813096	0
5.24412	0.00877055	79.1004	0.83384	0
5.23782	0.00838546	82.5156	0.815476	0
5.23413	0.00820469	79.8001	0.811396	0
5.23304	0.00839072	80.9329	0.827039	0
5.24239	0.00831165	82.8988	0.820917	0
5.24422	0.00846193	80.6997	0.822958	0
5.22989	0.00835387	80.0167	0.816157	0
5.23303	0.00831775	83.0987	0.830099	0
5.24213	0.00803229	81.4827	0.824998	0
5.22308	0.00827202	79.6501	0.823638	0
5.21762	0.00810792	81.4161	0.8352	0
5.23634	0.00823797	81.4494	0.849143	0
5.23911	0.00824731	80.8996	0.8318	0
5.23518	0.00844909	82.3157	0.827719	0
5.23513	0.00856455	82.6322	0.803234	0
5.2319	0.00836704	79.5835	0.814116	0
5.23863	0.00832151	81.666	0.826018	0
5.24648	0.00839954	81.9825	0.819897	0
5.24317	0.00827085	81.3328	0.800854	0
5.24219	0.00846855	81.8659	0.831119	0
5.23835	0.00851908	80.7164	0.83214	0
5.22936	0.00826527	80.0333	0.821938	0
5.23689	0.00847543	81.3328	0.830099	0
5.23891	0.00860625	81.5993	0.817177	0
5.22495	0.00836717	81.9325	0.822278	0
5.23019	0.00829122	81.4494	0.818197	0
5.24731	0.00830743	80.7997	0.825338	0
5.25619	0.00833909	81.0162	0.810035	0
5.24778	0.00846894	80.9663	0.824318	0
5.231	0.00832482	81.1162	0.83656	0
5.24086	0.00836678	81.4994	0.812076	0
5.24011	0.00822921	81.3161	0.800173	0
5.23317	0.00821254	82.1991	0.815136	0
5.24328	0.0081912	81.5327	0.820577	0
5.24135	0.00846077	81.5327	0.839621	0
5.2358	0.00865302	81.3494	0.830779	0
5.234	0.00831178	79.8667	0.819557	0
5.24868	0.00820346	82.2657	0.812416	0
5.25428	0.00810467	82.2157	0.83282	0
5.23818	0.00835446	81.0496	0.823638	0
5.2353	0.00831256	80.0666	0.817177	0
5.23536	0.00855826	80.9996	0.825338	0
5.23993	0.00849657	81.1662	0.817177	0
5.24436	0.00846609	81.4827	0.821598	0
5.23485	0.00845895	81.3328	0.831459	0
5.24274	0.00847127	82.0491	0.83418	0
5.24952	0.00849015	81.666	0.827379	0
5.22839	0.00836678	79.1337	0.821598	0
5.23169	0.00854742	80.6664	0.827379	0
5.25538	0.00853782	82.0491	0.803234	0
5.24468	0.00814969	81.9492	0.821598	0
5.22618	0.00824199	80.3499	0.776369	0
5.23879	0.00855611	81.7326	0.8318	0
5.24858	0.00845746	82.0491	0.819217	0
5.24469	0.00850539	81.1495	0.821938	0
5.24452	0.00839033	80.783	0.821598	0
5.25391	0.00848139	82.9821	0.850843	0
0	0	0	0	0
0	0	0	0	0
0	0	0	0	0
0	0	0	0	0
0	0	0	0	0
0	0	0	0	0
0	0	0	0	0
0	0	0	0	0
0	0	0	0	0
0	0	0	0	0
0	0	0	0	0
0	0	0	0	0
0	0	0	0	0
0	0	0	0	0
0	0	0	0	0
0	0	0	0	0
0	0	0	0	0
0	0	0	0	0
0	0	0	0	0
0	0	0	0	0
0	0	0	0	0
0	0	0	0	0
0	0	0	0	0
0	0	0	0	0
0	0	0	0	0
0	0	0	0	0
0	0	0	0	0
0	0	0	0	0
0	0	0	0	0
0	0	0	0	0
0	0	0	0	0
0	0	0	0	0
0	0	0	0	0
0	0	0	0	0
0	0	0	0	0
0	0	0	0	0
0	0	0	0	0
0	0	0	0	0
0	0	0	0	0
0	0	0	0	0
0	0	0	0	0
0	0	0	0	0
0	0	0	0	0
0	0	0	0	0
0	0	0	0	0
0	0	0	0	0
0	0	0	0	0
0	0	0	0	0
0	0	0	0	0
0	0	0	0	0
0	0	0	0	0
0	0	0	0	0
0	0	0	0	0
0	0	0	0	0
0	0	0	0	0
0	0	0	0	0
0	0	0	0	0
0	0	0	0	0
0	0	0	0	0
0	0	0	0	0
0	0	0	0	0
0	0	0	0	0
0	0	0	0	0
0	0	0	0	0
0	0	0	0	0
0	0	0	0	0
0	0	0	0	0
0	0	0	0	0
0	0	0	0	0
0	0	0	0	0
0	0	0	0	0
0	0	0	0	0
0	0	0	0	0
0	0	0	0	0
0	0	0	0	0
0	0	0	0	0
0	0	0	0	0
0	0	0	0	0
0	0	0	0	0
0	0	0	0	0
0	0	0	0	0
0	0	0	0	0
0	0	0	0	0
0	0	0	0	0
0	0	0	0	0
0	0	0	0	0
0	0	0	0	0
0	0	0	0	0
0	0	0	0	0
0	0	0	0	0
0	0	0	0	0
0	0	0	0	0
0	0	0	0	0
0	0	0	0	0
0	0	0	0	0
0	0	0	0	0
0	0	0	0	0
0	0	0	0	0
0	0	0	0	0
0	0	0	0	0
0	0	0	0	0
0	0	0	0	0
0	0	0	0	0
0	0	0	0	0
0	0	0	0	0
0	0	0	0	0
0	0	0	0	0
0	0	0	0	0
0	0	0	0	0
0	0	0	0	0
0	0	0	0	0
0	0	0	0	0
0	0	0	0	0
0	0	0	0	0
0	0	0	0	0
0	0	0	0	0
0	0	0	0	0
0	0	0	0	0
0	0	0	0	0
0	0	0	0	0
0	0	0	0	0
0	0	0	0	0
0	0	0	0	0
0	0	0	0	0
0	0	0	0	0
0	0	0	0	0
0	0	0	0	0
0	0	0	0	0
0	0	0	0	0
0	0	0	0	0
0	0	0	0	0
0	0	0	0	0
0	0	0	0	0
0	0	0	0	0
0	0	0	0	0
0	0	0	0	0
0	0	0	0	0
0	0	0	0	0
0	0	0	0	0
0	0	0	0	0
0	0	0	0	0
0	0	0	0	0
0	0	0	0	0
0	0	0	0	0
0	0	0	0	0
0	0	0	0	0
0	0	0	0	0
0	0	0	0	0
0	0	0	0	0
0	0	0	0	0
0	0	0	0	0
0	0	0	0	0
0	0	0	0	0
0	0	0	0	0
0	0	0	0	0
0	0	0	0	0
0	0	0	0	0
0	0	0	0	0
0	0	0	0	0
0	0	0	0	0
0	0	0	0	0
0	0	0	0	0
0	0	0	0	0
0	0	0	0	0
0	0	0	0	0
0	0	0	0	0
0	0	0	0	0
0	0	0	0	0
0	0	0	0	0
0	0	0	0	0
0	0	0	0	0
0	0	0	0	0
0	0	0	0	0
0	0	0	0	0
0	0	0	0	0
0	0	0	0	0
0	0	0	0	0
0	0	0	0	0
0	0	0	0	0
0	0	0	0	0
0	0	0	0	0
0	0	0	0	0
0	0	0	0	0
0	0	0	0	0
0	0	0	0	0
0	0	0	0	0
0	0	0	0	0
0	0	0	0	0
0	0	0	0	0
0	0	0	0	0
0	0	0	0	0
0	0	0	0	0
0	0	0	0	0
0	0	0	0	0
0	0	0	0	0
0	0	0	0	0
0	0	0	0	0
0	0	0	0	0
0	0	0	0	0
0	0	0	0	0
0	0	0	0	0
0	0	0	0	0
0	0	0	0	0
0	0	0	0	0
0	0	0	0	0
0	0	0	0	0
0	0	0	0	0
0	0	0	0	0
0	0	0	0	0
0	0	0	0	0
0	0	0	0	0
0	0	0	0	0
0	0	0	0	0
0	0	0	0	0
0	0	0	0	0
0	0	0	0	0
0	0	0	0	0
0	0	0	0	0
0	0	0	0	0
0	0	0	0	0
0	0	0	0	0
0	0	0	0	0
0	0	0	0	0
0	0	0	0	0
0	0	0	0	0
0	0	0	0	0
0	0	0	0	0
0	0	0	0	0
0	0	0	0	0
0	0	0	0	0
0	0	0	0	0
0	0	0	0	0
0	0	0	0	0
0	0	0	0	0
0	0	0	0	0
0	0	0	0	0
0	0	0	0	0
0	0	0	0	0
0	0	0	0	0
0	0	0	0	0
0	0	0	0	0
0	0	0	0	0
0	0	0	0	0
0	0	0	0	0
0	0	0	0	0
0	0	0	0	0
0	0	0	0	0
0	0	0	0	0
0	0	0	0	0
0	0	0	0	0
0	0	0	0	0
0	0	0	0	0
0	0	0	0	0
0	0	0	0	0
0	0	0	0	0
0	0	0	0	0
0	0	0	0	0
0	0	0	0	0
0	0	0	0	0
0	0	0	0	0
0	0	0	0	0
0	0	0	0	0
0	0	0	0	0
0	0	0	0	0
0	0	0	0	0
0	0	0	0	0
0	0	0	0	0
0	0	0	0	0
0	0	0	0	0
0	0	0	0	0
0	0	0	0	0
0	0	0	0	0
0	0	0	0	0
0	0	0	0	0
0	0	0	0	0
0	0	0	0	0
0	0	0	0	0
0	0	0	0	0
0	0	0	0	0
0	0	0	0	0
0	0	0	0	0
0	0	0	0	0
0	0	0	0	0
0	0	0	0	0
0	0	0	0	0
0	0	0	0	0
0	0	0	0	0
0	0	0	0	0
0	0	0	0	0
0	0	0	0	0
0	0	0	0	0
0	0	0	0	0
0	0	0	0	0
0	0	0	0	0
0	0	0	0	0
0	0	0	0	0
0	0	0	0	0
0	0	0	0	0
0	0	0	0	0
0	0	0	0	0
0	0	0	0	0
0	0	0	0	0
0	0	0	0	0
0	0	0	0	0
0	0	0	0	0
0	0	0	0	0
0	0	0	0	0
0	0	0	0	0
0	0	0	0	0
0	0	0	0	0
0	0	0	0	0
0	0	0	0	0
0	0	0	0	0
0	0	0	0	0
0	0	0	0	0
0	0	0	0	0
0	0	0	0	0
0	0	0	0	0
0	0	0	0	0
0	0	0	0	0
0	0	0	0	0
0	0	0	0	0
0	0	0	0	0
0	0	0	0	0
0	0	0	0	0
0	0	0	0	0
0	0	0	0	0
0	0	0	0	0
0	0	0	0	0
0	0	0	0	0
0	0	0	0	0
0	0	0	0	0
0	0	0	0	0
0	0	0	0	0
0	0	0	0	0
0	0	0	0	0
0	0	0	0	0
0	0	0	0	0
0	0	0	0	0
0	0	0	0	0
0	0	0	0	0
0	0	0	0	0
0	0	0	0	0
0	0	0	0	0
0	0	0	0	0
0	0	0	0	0
0	0	0	0	0
0	0	0	0	0
0	0	0	0	0
0	0	0	0	0
0	0	0	0	0
0	0	0	0	0
0	0	0	0	0
0	0	0	0	0
0	0	0	0	0
0	0	0	0	0
0	0	0	0	0
0	0	0	0	0
0	0	0	0	0
0	0	0	0	0
0	0	0	0	0
0	0	0	0	0
0	0	0	0	0
0	0	0	0	0
0	0	0	0	0
0	0	0	0	0
0	0	0	0	0
0	0	0	0	0
0	0	0	0	0
0	0	0	0	0
0	0	0	0	0
0	0	0	0	0
0	0	0	0	0
0	0	0	0	0
0	0	0	0	0
0	0	0	0	0
0	0	0	0	0
0	0	0	0	0
0	0	0	0	0
0	0	0	0	0
0	0	0	0	0
0	0	0	0	0
0	0	0	0	0
0	0	0	0	0
0	0	0	0	0
0	0	0	0	0
0	0	0	0	0
0	0	0	0	0
0	0	0	0	0
0	0	0	0	0
0	0	0	0	0
0	0	0	0	0
0	0	0	0	0
0	0	0	0	0
0	0	0	0	0
0	0	0	0	0
0	0	0	0	0
0	0	0	0	0
0	0	0	0	0
0	0	0	0	0
