a2610723.045978
Narit-cm 07/01/2026 22:35:00 07/01/2026 23:04:59 0045 0013.384714 0052.542598 00.0 00.0
0002401 0010 0000000 0010 05 0000000 0010 0000000 0010
1 0 1 01600 1 0000 3.75 00000.o 0 0 01 000 16 002401 0.500 BT0
1 2 1 02000 1 0000 3.75 00000.o 0 0 01 000 16 002401 0.500 S2A0
1 1 1 01600 1 0000 3.75 00000.o 0 0 00 000 00 002401 3.1746 BC0
1 3 1 02000 1 0000 3.75 00000.o 0 0 00 000 00 002401 3.1746 S2P0
1 5 0 01600 0 0000 1.00 00000.o 0 0 00 000 00 000000 0.000 OF0
0.000 .o Analog 0 	0.000 .o Analog StErr 0 	0.000 .o Photon Counting 0 	0.000 .o PC StErr 0 	0.000 .o Overflow Info 0 
30.6848	0.182516	173.744	0.899472	0
70.3807	0.392735	195.302	0.895732	0
271.69	2.30281	115.618	1.35754	0
473.418	0.0670076	1.24948	0.145888	0
473.457	0	0	0	0
473.457	0	0.0499792	0.0374072	0
473.457	0	21.7076	0.62538	0
473.457	1.2713E-5	15.3436	0.580491	0
473.457	6.3565E-6	4.11495	0.31252	0
473.457	0	11.4286	0.441405	0
473.457	0	46.9638	0.83486	0
473.457	0	106.256	1.05896	0
473.457	0	158.534	1.04094	0
473.457	0	129.779	1.1399	0
473.457	0	72.9696	0.958304	0
473.457	0	52.2116	0.809355	0
473.457	0	52.4282	0.787591	0
473.457	0	55.2603	0.801874	0
473.457	0	59.3753	0.813096	0
473.457	0	74.4856	0.88791	0
473.457	0	101.841	0.919876	0
473.457	0	113.719	0.915456	0
473.457	0	135.643	0.945381	0
473.457	0	154.669	0.946742	0
473.457	0	172.345	0.948442	0
473.457	6.3565E-6	186.789	0.930758	0
473.457	0	195.985	0.908994	0
473.457	6.3565E-6	201.283	0.911035	0
473.457	0	200.616	0.871927	0
473.457	0	202.232	0.919876	0
473.457	0	202.582	0.873968	0
473.457	0	202.016	0.878048	0
473.457	0	202.082	0.919536	0
473.634	0.0402898	199.667	0.860705	1
476.931	0.169216	199.683	0.865466	1
492.21	0.225612	199.717	0.914775	1
499.85	0.0385099	201.366	0.898112	1
499.993	0.00723221	201.799	0.866146	1
500	0	201.949	0.894712	1
499.982	0.0114158	200.533	0.902193	1
498.202	0.132384	200.233	0.891311	1
484.416	0.404278	202.749	0.883149	1
445.878	0.560712	201.633	0.905934	1
400.583	0.557612	202.766	0.883149	1
359.047	0.54246	202.432	0.889611	1
318.745	0.552462	202.849	0.867846	0
278.633	0.548074	202.799	0.891311	0
240.895	0.535949	203.082	0.911715	0
205.222	0.521122	202.399	0.875328	0
171.743	0.49158	203.082	0.901513	0
141.233	0.451947	201.816	0.879069	0
114.266	0.409402	202.399	0.876348	0
91.0605	0.363438	200.6	0.898112	0
71.4686	0.315522	201.15	0.863086	0
55.3833	0.265759	199.867	0.876688	0
42.6092	0.220114	197.351	0.867506	0
32.7328	0.180882	196.335	0.866486	0
25.2037	0.146223	195.985	0.874988	0
19.5832	0.117392	191.454	0.859345	0
15.4377	0.0943048	193.353	0.869207	0
12.3529	0.0764821	191.004	0.848803	0
10.1257	0.0621654	190.071	0.88417	0
8.5594	0.0513346	188.322	0.864786	0
7.35804	0.0428281	185.256	0.846082	0
6.49784	0.0365535	184.823	0.857985	0
5.93626	0.0323219	183.657	0.831119	0
5.47029	0.0288094	177.693	0.83486	0
5.09396	0.0262856	176.776	0.854244	0
4.88539	0.024476	174.827	0.853224	0
4.72352	0.0232793	173.128	0.826358	0
4.54938	0.0217647	170.446	0.845742	0
4.48596	0.0213322	169.563	0.852203	0
4.50183	0.0218178	167.68	0.856964	0
4.51984	0.0209739	166.164	0.842001	0
4.53298	0.0205746	164.315	0.839961	0
4.52236	0.0205516	166.014	0.859685	0
4.53631	0.0199727	160.45	0.841661	0
4.57633	0.0197756	161.783	0.866146	0
4.62647	0.0195488	159.917	0.860705	0
4.71961	0.0197842	159.184	0.854244	0
4.78783	0.019328	157.584	0.867506	0
4.84352	0.0188325	156.368	0.816497	0
4.94512	0.0193364	157.384	0.842682	0
5.03146	0.0193219	155.918	0.843022	0
5.09852	0.0185661	155.668	0.830439	0
5.16823	0.0188695	154.052	0.821938	0
5.24197	0.0180052	153.619	0.844722	0
5.29195	0.0181984	151.22	0.851523	0
5.33334	0.0183983	153.386	0.856624	0
5.41138	0.0185115	153.519	0.826358	0
5.45646	0.0178954	151.47	0.851183	0
5.49251	0.0181578	149.654	0.839621	0
5.56101	0.0179904	150.887	0.850503	0
5.60001	0.0176072	148.988	0.856624	0
5.64037	0.0173001	149.271	0.852543	0
5.70686	0.0175068	146.456	0.846082	0
5.73255	0.0174084	147.505	0.848463	0
5.7386	0.01693	146.139	0.841661	0
5.7925	0.0169439	145.289	0.845742	0
5.85282	0.016785	147.039	0.863426	0
5.88723	0.0170319	145.523	0.855944	0
5.91792	0.0168479	146.822	0.822618	0
5.94089	0.0165433	142.407	0.83486	0
5.96687	0.0160936	142.89	0.827039	0
5.9932	0.0162032	142.84	0.838601	0
6.00914	0.0160474	142.091	0.862405	0
6.04706	0.0160943	139.675	0.838941	0
6.07419	0.0158829	142.424	0.853904	0
6.06339	0.0156618	140.375	0.838601	0
6.04968	0.0155352	138.392	0.848463	0
6.08152	0.0154769	140.475	0.844382	0
6.13886	0.0157031	140.208	0.8369	0
6.15161	0.0155779	138.142	0.807995	0
6.16122	0.0151769	139.309	0.845402	0
6.18742	0.0153996	137.16	0.859685	0
6.20243	0.0152797	137.959	0.829759	0
6.23014	0.0151106	134.86	0.829419	0
6.26222	0.015214	137.259	0.83316	0
6.25758	0.0149399	135.86	0.856284	0
6.2533	0.0144871	134.727	0.844382	0
6.30679	0.0148346	136.26	0.842342	0
6.34527	0.0147117	135.71	0.849823	0
6.35613	0.0145729	134.727	0.83452	0
6.35382	0.0145866	134.194	0.83248	0
6.35869	0.0147692	133.095	0.866486	0
6.39188	0.0145406	134.111	0.843702	0
6.42353	0.0144799	133.644	0.860025	0
6.44952	0.0144038	133.661	0.847102	0
6.45446	0.0139122	132.478	0.842682	0
6.46511	0.0138685	132.911	0.837241	0
6.50615	0.0139935	133.378	0.821938	0
6.52057	0.0139389	130.462	0.841661	0
6.50946	0.0141997	131.595	0.829759	0
6.53765	0.0139872	132.128	0.862745	0
6.54119	0.0139777	131.429	0.831459	0
6.5224	0.0138113	132.428	0.83486	0
6.53322	0.0138772	131.179	0.857304	0
6.54804	0.0135093	129.679	0.848123	0
6.55228	0.0134465	128.613	0.860365	0
6.56852	0.0140924	129.379	0.847443	0
6.57181	0.0135247	129.496	0.821598	0
6.56013	0.0137342	127.997	0.852203	0
6.57486	0.0138532	127.613	0.839961	0
6.58221	0.0135073	129.396	0.83588	0
6.58038	0.0133806	127.497	0.852203	0
6.56947	0.0130447	127.497	0.849823	0
6.56036	0.0129992	128.73	0.83622	0
6.57914	0.01324	127.414	0.829759	0
6.58938	0.0133586	126.397	0.845062	0
6.57466	0.0127467	125.731	0.840301	0
6.56591	0.0129971	125.364	0.817857	0
6.5753	0.0128556	125.981	0.854584	0
6.57896	0.0131136	126.597	0.826018	0
6.56217	0.0128608	124.115	0.820917	0
6.53412	0.0124997	124.182	0.863766	0
6.50999	0.0127655	124.382	0.864106	0
6.48594	0.0127555	123.032	0.83554	0
6.49506	0.0126657	124.082	0.846762	0
6.48212	0.0124953	121.566	0.828399	0
6.45777	0.0124885	122.449	0.829419	0
6.46643	0.0125131	121.633	0.831459	0
6.44865	0.0123679	121.166	0.848463	0
6.43211	0.0124324	122.182	0.823638	0
6.44452	0.0122673	120.367	0.8352	0
6.415	0.0122143	121.283	0.83622	0
6.37707	0.0119775	118.434	0.828399	0
6.38268	0.0116496	119.134	0.845402	0
6.36493	0.0118748	117.484	0.816837	0
6.33338	0.0118832	117.951	0.824998	0
6.32764	0.0120149	118.051	0.824318	0
6.30907	0.0120733	117.968	0.845402	0
6.29197	0.0118891	116.668	0.838261	0
6.2903	0.011937	115.852	0.852543	0
6.27376	0.0115384	116.618	0.851183	0
6.23733	0.011595	114.252	0.838261	0
6.20989	0.0114038	114.902	0.860705	0
6.19396	0.0113052	113.253	0.846422	0
6.14743	0.0112666	112.62	0.856624	0
6.12499	0.0113559	112.82	0.825678	0
6.13138	0.0112779	111.62	0.825338	0
6.11393	0.0110874	111.304	0.829419	0
6.07049	0.0107759	109.738	0.850163	0
6.03875	0.0108853	110.787	0.851183	0
6.03574	0.0110166	109.838	0.837921	0
6.01095	0.0108481	109.871	0.857304	0
5.97378	0.0106586	108.055	0.840981	0
5.9701	0.0107658	107.788	0.83248	0
5.95632	0.010752	107.455	0.83452	0
5.91519	0.0106338	106.022	0.827039	0
5.90762	0.0108282	105.573	0.816837	0
5.89526	0.0106336	106.239	0.83248	0
5.85439	0.0104729	104.357	0.843702	0
5.82578	0.0108327	103.29	0.863766	0
5.7908	0.0107284	103.357	0.823298	0
5.74888	0.0103909	100.725	0.854244	0
5.72273	0.0101686	100.225	0.823638	0
5.69332	0.00988372	99.3586	0.837581	0
5.66305	0.0100972	100.591	0.856284	0
5.63824	0.0101562	98.2424	0.8369	0
5.61787	0.010164	95.6102	0.827719	0
5.60369	0.0101151	94.9438	0.830439	0
5.59113	0.00986724	97.0762	0.8369	0
5.57529	0.00986568	95.4602	0.83486	0
5.53655	0.00969795	93.0945	0.8369	0
5.50283	0.00967972	94.8771	0.847102	0
5.49067	0.00942858	94.0441	0.817857	0
5.47443	0.00936897	91.9117	0.842682	0
5.44892	0.00940192	93.0279	0.850503	0
5.43045	0.00919047	90.8955	0.827039	0
5.41919	0.00913748	90.2124	0.83656	0
5.39514	0.00923179	90.6122	0.8335	0
5.36465	0.00906937	89.1795	0.839281	0
5.34359	0.0091077	87.6635	0.826018	0
5.32738	0.00911847	88.4298	0.852884	0
5.29895	0.00874713	86.2974	0.83214	0
5.28565	0.00888613	86.1974	0.820577	0
5.27611	0.00884793	84.898	0.824998	0
5.23547	0.00876458	83.5818	0.838941	0
5.20503	0.00869933	83.3653	0.852884	0
5.20673	0.00868584	83.182	0.811736	0
5.20078	0.00860074	83.6152	0.830439	0
5.15889	0.0085639	81.3828	0.814796	0
5.12358	0.00819989	80.0666	0.819897	0
5.11911	0.0079551	80.2832	0.818877	0
5.1052	0.00826722	78.6006	0.83214	0
5.0812	0.00823842	79.4169	0.839961	0
5.06307	0.00835809	78.2341	0.821257	0
5.04749	0.00820748	77.5677	0.828399	0
5.03085	0.0079957	77.2012	0.810375	0
5.00774	0.00824322	74.9188	0.824998	0
4.98885	0.00794784	74.7355	0.814456	0
4.97783	0.00787532	73.8359	0.827379	0
4.95743	0.00801672	73.3694	0.828399	0
4.94338	0.00782739	73.2861	0.801534	0
4.92363	0.00779048	70.7705	0.807655	0
4.89781	0.00790885	70.1208	0.809015	0
4.88023	0.00757624	69.8376	0.788271	0
4.86693	0.00755918	69.0046	0.795753	0
4.86393	0.0076638	70.8705	0.818877	0
4.85954	0.00758954	68.3882	0.811736	0
4.82412	0.00742621	66.1224	0.800514	0
4.8024	0.00750742	67.1554	0.796093	0
4.79837	0.00728799	66.0225	0.798473	0
4.77361	0.00698768	65.4227	0.801194	0
4.76071	0.00715412	65.1395	0.790312	0
4.75784	0.00709911	64.3898	0.792352	0
4.74259	0.00711533	64.2399	0.78385	0
4.72191	0.00689733	63.4236	0.78113	0
4.70856	0.00696958	61.5743	0.785551	0
4.69335	0.00689454	61.4744	0.792352	0
4.67746	0.00683623	60.8913	0.793372	0
4.67244	0.00684576	60.2249	0.765827	0
4.66091	0.00661161	60.0083	0.785551	0
4.64217	0.00671474	59.7085	0.776369	0
4.63931	0.0069306	58.4423	0.796773	0
4.62581	0.00661848	57.1762	0.769908	0
4.59917	0.00655913	58.359	0.766507	0
4.58866	0.00650121	54.9271	0.773988	0
4.57435	0.00634606	55.2436	0.768887	0
4.56284	0.00627225	56.6431	0.775689	0
4.55708	0.00625863	54.9271	0.762086	0
4.54253	0.00638705	54.0775	0.765487	0
4.5254	0.00614531	52.9946	0.743042	0
4.51108	0.00618014	51.9617	0.767867	0
4.50268	0.00610374	51.5618	0.747803	0
4.49289	0.00599516	51.3786	0.742362	0
4.47733	0.00586459	51.4952	0.758685	0
4.46502	0.00592952	49.1129	0.754265	0
4.44918	0.00591654	48.9296	0.735561	0
4.43571	0.00580161	48.8297	0.765147	0
4.42707	0.00574096	47.3469	0.72876	0
4.4201	0.00557543	48.4798	0.734881	0
4.4096	0.00556311	46.9471	0.726719	0
4.38771	0.00554631	45.4144	0.712097	0
4.37418	0.00544538	45.7809	0.734541	0
4.37277	0.00546076	45.5144	0.724679	0
4.36235	0.00541834	44.2815	0.710056	0
4.33889	0.00534563	42.8155	0.718898	0
4.32587	0.00525605	42.1491	0.704615	0
4.32152	0.00531534	41.7826	0.715837	0
4.31255	0.00540283	40.5165	0.708016	0
4.31061	0.00527687	41.8326	0.721958	0
4.3107	0.00531728	40.4831	0.700534	0
4.29075	0.00513489	39.3003	0.703255	0
4.27756	0.00503675	40.783	0.697134	0
4.28024	0.00513041	38.9671	0.682171	0
4.27195	0.00510953	39.0337	0.696454	0
4.25664	0.00507029	38.6506	0.696454	0
4.24704	0.00482958	38.3007	0.684211	0
4.24022	0.00490806	37.6676	0.695093	0
4.22772	0.00477101	36.6014	0.660747	0
4.21824	0.00469376	37.1512	0.686252	0
4.21858	0.00477717	35.985	0.67979	0
4.20955	0.00480597	35.8184	0.67809	0
4.1969	0.0047162	34.1858	0.654966	0
4.19492	0.00458246	35.3853	0.662107	0
4.1866	0.00459562	34.0192	0.672649	0
4.17752	0.00448944	33.3195	0.642383	0
4.17758	0.00451643	33.6193	0.657006	0
4.17289	0.0046145	33.3028	0.659046	0
4.16405	0.00463259	33.3861	0.661427	0
4.16819	0.00468423	33.7359	0.672649	0
4.16612	0.00445753	33.9525	0.652585	0
4.14795	0.00442653	30.7705	0.631841	0
4.14245	0.00451682	32.8863	0.646464	0
4.14363	0.00442147	30.7372	0.634222	0
4.12956	0.00433377	31.6868	0.640343	0
4.12486	0.00429336	30.7872	0.62368	0
4.12474	0.00431243	30.4207	0.62368	0
4.11281	0.00435926	29.4211	0.6247	0
4.10122	0.0042285	29.0379	0.630141	0
4.10226	0.00418089	29.2045	0.615178	0
4.09884	0.0043016	29.9209	0.632861	0
4.09136	0.00419004	29.1045	0.614838	0
4.08749	0.0041052	28.688	0.634562	0
4.08829	0.00415527	29.1545	0.62742	0
4.08561	0.00401595	28.8047	0.630481	0
4.07655	0.00417168	28.5714	0.621979	0
4.07175	0.00408178	28.0883	0.608717	0
4.06816	0.00415715	27.5052	0.599195	0
4.05735	0.00393429	25.2395	0.600215	0
4.05336	0.00406972	26.2391	0.596474	0
4.05061	0.00386806	26.1891	0.588993	0
4.03712	0.00398118	24.8397	0.588313	0
4.03207	0.00380359	26.6556	0.607016	0
4.0309	0.00378893	24.5898	0.594774	0
4.02699	0.00382143	25.706	0.584232	0
4.0282	0.00384737	25.3061	0.598855	0
4.02389	0.00385107	25.2728	0.581512	0
4.02295	0.00379276	24.4898	0.577091	0
4.02441	0.00388785	24.9229	0.579131	0
4.01388	0.003801	23.9567	0.579811	0
4.00776	0.00381124	23.5402	0.587633	0
4.01471	0.00379847	24.2066	0.581512	0
4.01239	0.00382454	25.2395	0.592054	0
4.00019	0.00369384	23.4069	0.564848	0
3.98613	0.00362198	21.9575	0.552946	0
3.98048	0.00360031	22.2907	0.554646	0
3.98203	0.00348525	22.2907	0.553626	0
3.98383	0.00367464	22.5573	0.564168	0
3.97763	0.00347869	22.1574	0.560087	0
3.96834	0.00349102	22.1908	0.565869	0
3.96616	0.00358189	22.1908	0.559067	0
3.96066	0.00339113	21.0912	0.550906	0
3.9635	0.00347727	21.9242	0.562128	0
3.96645	0.00350516	21.2911	0.534583	0
3.95954	0.00356769	21.6743	0.556687	0
3.95537	0.00348946	21.0746	0.549885	0
3.9462	0.0033888	19.8917	0.532202	0
3.93739	0.00329526	19.6085	0.525401	0
3.94004	0.00339645	20.1083	0.528461	0
3.94009	0.00340637	20.2582	0.549545	0
3.93295	0.00340086	19.8084	0.540364	0
3.93059	0.00333976	20.8746	0.549545	0
3.93153	0.00339619	19.1587	0.532882	0
3.92447	0.00340423	18.8088	0.509418	0
3.91677	0.0032267	18.8588	0.512138	0
3.91888	0.00314783	18.7922	0.516219	0
3.91994	0.0032306	18.2591	0.51894	0
3.91803	0.00325356	18.9254	0.526421	0
3.91716	0.00324817	18.3257	0.507037	0
3.91211	0.00317293	18.2757	0.510778	0
3.90835	0.00320335	18.3923	0.511458	0
3.90901	0.00321574	18.6422	0.524721	0
3.90104	0.00312117	17.8259	0.510778	0
3.89077	0.00311508	17.9425	0.499896	0
3.88839	0.00303017	16.6097	0.497515	0
3.88616	0.00304353	16.6097	0.495135	0
3.88674	0.00302777	17.1262	0.509758	0
3.88408	0.00303322	16.3765	0.492074	0
3.87832	0.00305677	16.7097	0.494455	0
3.88023	0.00301266	16.1599	0.485953	0
3.88316	0.00313972	17.7259	0.517579	0
3.88006	0.0030194	16.9429	0.496155	0
3.8724	0.0030076	15.177	0.474731	0
3.87518	0.0029799	16.7097	0.492074	0
3.87494	0.00296492	16.3432	0.477111	0
3.86691	0.00283526	15.5102	0.476091	0
3.86441	0.00288073	15.8601	0.475411	0
3.86581	0.00301298	16.3265	0.493095	0
3.86144	0.00293839	15.2436	0.480172	0
3.85788	0.00302615	15.6935	0.483233	0
3.85569	0.0029764	15.5602	0.472011	0
3.8542	0.0028472	15.4102	0.47099	0
3.85609	0.00292561	15.5435	0.488334	0
3.85341	0.0029742	15.7268	0.487654	0
3.84729	0.00288365	15.127	0.463849	0
3.84914	0.0028734	15.5602	0.477792	0
3.84908	0.00291258	14.5773	0.464869	0
3.84632	0.00292412	14.7605	0.46997	0
3.84374	0.00277864	14.4606	0.458748	0
3.83943	0.00279388	14.1774	0.456708	0
3.84143	0.00282307	14.8605	0.466229	0
3.83942	0.00280406	14.6272	0.474391	0
3.83619	0.00279362	13.8442	0.458068	0
3.83643	0.00281269	14.8605	0.477452	0
3.83404	0.00282949	14.1941	0.457388	0
3.82701	0.00274063	14.3607	0.461809	0
3.82335	0.00280251	13.9775	0.462829	0
3.82216	0.00277857	13.561	0.458748	0
3.82307	0.00271741	13.3111	0.441745	0
3.82675	0.00278895	14.2107	0.46997	0
3.82444	0.00273421	13.5943	0.453647	0
3.81967	0.00272	13.4277	0.444465	0
3.82174	0.00274069	13.5444	0.448886	0
3.82217	0.00273258	13.5444	0.445145	0
3.82133	0.0027093	13.5943	0.455347	0
3.82226	0.00274432	14.2107	0.46895	0
3.81776	0.00273531	13.3611	0.456368	0
3.81021	0.00265799	12.9779	0.435964	0
3.81122	0.00275691	13.9775	0.461809	0
3.81346	0.00272318	12.9446	0.443785	0
3.80538	0.00269315	13.4277	0.445825	0
3.80268	0.00264755	12.7947	0.437664	0
3.80397	0.00267421	11.3786	0.41964	0
3.80397	0.00265047	13.7276	0.455347	0
3.8054	0.00271157	13.2445	0.444465	0
3.80062	0.00253884	12.1283	0.426442	0
3.79932	0.00256933	12.9279	0.442425	0
3.80213	0.0026024	12.5614	0.425082	0
3.79721	0.00256498	12.1283	0.41794	0
3.7953	0.00255979	11.9284	0.423041	0
3.79533	0.00258755	12.3615	0.430863	0
3.79176	0.00252087	11.7951	0.419981	0
3.79019	0.00253689	12.2949	0.435624	0
3.78972	0.00256232	12.4948	0.442085	0
3.78703	0.00254481	12.2449	0.433243	0
3.78591	0.00255531	12.0616	0.427462	0
3.78437	0.00252139	11.8784	0.431203	0
3.78129	0.00255486	11.4786	0.4193	0
3.78326	0.00260656	11.7784	0.429162	0
3.78608	0.00252911	11.6118	0.420321	0
3.78166	0.00250835	11.1953	0.41896	0
3.78439	0.00259676	12.1449	0.423381	0
3.78932	0.00247424	12.0783	0.426782	0
3.78163	0.00255953	11.4619	0.421681	0
3.77463	0.00248351	10.8288	0.401277	0
3.77317	0.00246704	11.162	0.411819	0
3.76797	0.00238362	10.0958	0.383934	0
3.76283	0.00235457	10.329	0.395836	0
3.76082	0.00235444	9.96252	0.389035	0
3.75839	0.00233679	9.91254	0.390055	0
3.75666	0.00232693	9.71262	0.388354	0
3.75505	0.00233666	10.6456	0.403657	0
3.75555	0.00232252	9.56268	0.382573	0
3.7558	0.00233407	10.0292	0.395496	0
3.75483	0.00228004	9.96252	0.390395	0
3.75381	0.00236786	10.2791	0.406378	0
3.75033	0.00225799	9.17951	0.376452	0
3.7463	0.00224209	8.5631	0.36489	0
3.74712	0.00221609	9.57934	0.382573	0
3.74833	0.00229373	9.29613	0.378493	0
3.74229	0.0022873	9.12953	0.375772	0
3.73507	0.00217769	8.42982	0.358769	0
3.73373	0.00219689	8.7297	0.36251	0
3.73167	0.00216147	8.12995	0.359109	0
3.72647	0.00213611	7.58017	0.352308	0
3.72569	0.00214785	8.32986	0.361829	0
3.72599	0.00205348	7.58017	0.341766	0
3.72532	0.00205724	7.54686	0.348567	0
3.72185	0.00208928	7.63015	0.352308	0
3.71931	0.00198076	7.43024	0.339385	0
3.71881	0.00199147	6.78051	0.333944	0
3.71545	0.0019063	6.54727	0.322382	0
3.71446	0.00196604	6.99708	0.333604	0
3.71581	0.00196345	7.197	0.335984	0
3.71553	0.00195566	7.43024	0.332924	0
3.715	0.00206457	7.54686	0.361829	0
3.70943	0.00200399	6.79717	0.326803	0
3.70342	0.00185954	6.01416	0.309459	0
3.70713	0.00192602	7.01374	0.332924	0
3.70945	0.00194548	7.08038	0.333264	0
3.70715	0.00200152	6.76385	0.327143	0
3.7079	0.00196883	7.1137	0.326123	0
3.70609	0.00193238	6.26406	0.323742	0
3.7011	0.00184987	6.41399	0.317621	0
3.70105	0.00184092	6.29738	0.31286	0
3.70354	0.00192557	6.54727	0.328503	0
3.70112	0.00187076	5.96418	0.302998	0
3.69675	0.00184228	5.94752	0.31354	0
3.69502	0.00183229	5.66431	0.304358	0
3.69578	0.00181692	6.04748	0.31354	0
3.69506	0.00193984	5.86422	0.305719	0
3.69447	0.00189618	6.04748	0.304698	0
3.69119	0.00180758	5.69763	0.303338	0
3.68959	0.00174188	5.76426	0.302658	0
3.69051	0.00182756	6.13078	0.31422	0
3.68922	0.00177937	5.48105	0.294156	0
3.68544	0.00175621	5.89754	0.309119	0
3.6862	0.00171068	5.48105	0.290416	0
3.68755	0.00176588	5.98084	0.3115	0
3.68683	0.00176166	5.31445	0.288035	0
3.68606	0.00172242	5.53103	0.298237	0
3.68812	0.0017614	5.39775	0.291776	0
3.68728	0.00180239	5.81424	0.303678	0
3.68078	0.00171165	5.08122	0.290756	0
3.68076	0.00172566	4.99792	0.290756	0
3.68151	0.00172359	5.39775	0.299938	0
3.67659	0.0016944	4.86464	0.276133	0
3.67373	0.00162941	4.68138	0.270692	0
3.67462	0.00165373	4.5481	0.269672	0
3.67453	0.00165795	5.23115	0.287015	0
3.67359	0.00160982	4.76468	0.273752	0
3.6721	0.00163758	4.44815	0.264231	0
3.67304	0.00164037	4.64806	0.273072	0
3.67312	0.00162817	4.68138	0.276813	0
3.67532	0.00164413	4.91462	0.277153	0
3.67567	0.00165697	5.1312	0.283954	0
3.67555	0.00172748	4.78134	0.288035	0
3.67309	0.00161831	4.31487	0.268311	0
3.67204	0.00168577	4.66472	0.275453	0
3.67085	0.00163155	4.64806	0.275113	0
3.6707	0.0016333	4.7147	0.279534	0
3.66858	0.00168739	4.58142	0.275453	0
3.66807	0.00164737	4.56476	0.275113	0
3.6709	0.00166411	4.69804	0.271032	0
3.66823	0.00164575	4.39817	0.269332	0
3.66576	0.00160742	4.36485	0.267291	0
3.66701	0.00160962	4.43149	0.267971	0
3.66993	0.00167611	4.798	0.276473	0
3.6692	0.00160949	4.76468	0.282594	0
3.66653	0.00159432	4.56476	0.272052	0
3.6662	0.00164452	4.14827	0.25981	0
3.66564	0.00159192	4.33153	0.26219	0
3.66452	0.00157369	4.21491	0.254029	0
3.66329	0.00157829	4.33153	0.270692	0
3.65897	0.00153153	4.09829	0.25845	0
3.65936	0.00154288	3.88172	0.248588	0
3.66356	0.00157739	4.48147	0.266951	0
3.66094	0.00158478	3.91504	0.250628	0
3.65785	0.00155799	4.24823	0.25913	0
3.66057	0.00157161	4.31487	0.266271	0
3.66004	0.00151907	4.44815	0.266271	0
3.65758	0.00154761	3.86506	0.252328	0
3.65716	0.00154963	4.04831	0.250628	0
3.65865	0.00147127	3.74844	0.247227	0
3.65846	0.00151836	4.23157	0.255389	0
3.65895	0.00157207	4.24823	0.25913	0
3.65934	0.0015853	4.6314	0.272732	0
3.65854	0.00155235	3.88172	0.251988	0
3.65579	0.00156889	4.14827	0.26185	0
3.65463	0.001517	3.6818	0.240766	0
3.65534	0.00161377	4.68138	0.284635	0
3.65326	0.00152699	3.89838	0.249948	0
3.65117	0.00152005	3.88172	0.249608	0
3.65354	0.00157706	3.96501	0.251988	0
3.65274	0.00148995	3.53186	0.238726	0
3.65074	0.0015336	3.63182	0.244847	0
3.65498	0.0015039	4.13161	0.250628	0
3.65414	0.00146991	3.7651	0.241786	0
3.65229	0.00156318	3.88172	0.247227	0
3.65403	0.001565	4.21491	0.257089	0
3.65295	0.00151726	3.96501	0.250628	0
3.65184	0.00149358	3.86506	0.250288	0
3.65223	0.00153814	3.63182	0.238046	0
3.64958	0.00150604	3.69846	0.246887	0
3.6476	0.00149255	3.54852	0.240426	0
3.64781	0.00144773	3.5152	0.240426	0
3.6478	0.0014629	3.7651	0.248588	0
3.64802	0.00151051	3.6818	0.250968	0
3.64752	0.00149735	3.5152	0.238386	0
3.64845	0.00149871	3.91504	0.248248	0
3.64837	0.00148282	4.03165	0.253689	0
3.64751	0.00149676	3.7651	0.251988	0
3.64794	0.00149417	3.73178	0.243147	0
3.64981	0.00156461	4.29821	0.26049	0
3.64854	0.0014941	3.83174	0.249268	0
3.64666	0.00152355	3.83174	0.251648	0
3.64409	0.00146543	3.04873	0.224103	0
3.64336	0.00148223	3.8484	0.246547	0
3.64523	0.00149611	3.44856	0.230224	0
3.64265	0.00143514	3.7651	0.245187	0
3.6433	0.00150779	3.64848	0.243147	0
3.6451	0.00150143	3.6818	0.241786	0
3.64271	0.00147776	3.33195	0.233965	0
3.63993	0.00146239	3.41524	0.237706	0
3.6414	0.00146102	3.88172	0.249608	0
3.6434	0.00149164	3.36526	0.236345	0
3.64161	0.00149008	3.83174	0.248248	0
3.64019	0.00143255	3.11537	0.227504	0
3.64061	0.00142931	3.29863	0.230564	0
3.64305	0.00147309	3.88172	0.249608	0
3.64401	0.00151907	3.99833	0.252668	0
3.64018	0.0014201	3.49854	0.237706	0
3.63866	0.00143644	3.54852	0.237025	0
3.64254	0.00150844	3.7651	0.245187	0
3.63991	0.00145726	3.28197	0.234985	0
3.63614	0.00143449	2.99875	0.222743	0
3.63825	0.0014871	3.56518	0.242126	0
3.63831	0.00145544	3.28197	0.230224	0
3.63367	0.0013874	3.06539	0.222403	0
3.63542	0.001366	3.48188	0.236005	0
3.63836	0.00148048	3.44856	0.237366	0
3.63579	0.00143086	3.39858	0.233625	0
3.63287	0.00135815	3.01541	0.219342	0
3.63269	0.00135679	2.79883	0.21084	0
3.63261	0.00135069	2.81549	0.211521	0
3.63215	0.00138053	3.16535	0.226483	0
3.63208	0.00137339	3.06539	0.221042	0
3.62955	0.00132416	2.69888	0.211521	0
3.62803	0.00129744	2.69888	0.21016	0
3.62839	0.0013361	2.71554	0.212201	0
3.62752	0.00136347	2.71554	0.21084	0
3.62421	0.00126138	2.44898	0.198598	0
3.62345	0.00124717	2.04915	0.184655	0
3.62322	0.00122739	2.43232	0.199278	0
3.62401	0.00126631	2.3157	0.193497	0
3.62346	0.00125956	2.51562	0.202339	0
3.62246	0.0012163	2.11579	0.184315	0
3.62169	0.0011912	2.33236	0.194177	0
3.61912	0.00116428	1.88255	0.174453	0
3.61822	0.00116331	1.84923	0.173093	0
3.61895	0.0011502	1.84923	0.174794	0
3.61935	0.00118464	2.3157	0.193497	0
3.61704	0.00113256	1.76593	0.167652	0
3.61416	0.0011227	1.63265	0.161531	0
3.61466	0.00115993	1.83257	0.173773	0
3.61567	0.00115066	1.73261	0.167992	0
3.61575	0.0011421	1.84923	0.171393	0
3.61495	0.00113606	1.68263	0.167312	0
3.61615	0.00109403	1.99917	0.179554	0
3.61608	0.00115105	1.89921	0.178534	0
3.61459	0.00112796	1.63265	0.163231	0
3.61396	0.00110882	1.79925	0.174113	0
3.61423	0.0010795	1.66597	0.166632	0
3.61554	0.00112231	1.83257	0.170713	0
3.61549	0.00114917	2.03249	0.183975	0
3.61344	0.00111641	1.41608	0.150989	0
3.61218	0.00108106	1.78259	0.176494	0
3.61285	0.00110739	1.66597	0.163231	0
3.61293	0.00109501	1.53269	0.15847	0
3.61125	0.00110616	1.63265	0.161531	0
3.61364	0.00109189	1.76593	0.171053	0
3.61146	0.00104727	1.1995	0.139087	0
3.60945	0.00102774	1.46606	0.153369	0
3.61316	0.00108644	1.69929	0.167992	0
3.6129	0.00107263	1.49938	0.162211	0
3.6116	0.00108281	1.56601	0.160171	0
3.61127	0.00107295	1.4494	0.152689	0
3.61054	0.00109053	1.48272	0.15609	0
3.61165	0.0010891	1.61599	0.162551	0
3.61136	0.00106588	1.56601	0.160171	0
3.61098	0.0011179	1.64931	0.165612	0
3.61027	0.00104065	1.24948	0.143848	0
3.60827	0.0010675	1.46606	0.15507	0
3.60806	0.00103176	1.18284	0.140447	0
3.60743	0.00103358	1.48272	0.159491	0
3.6069	0.00101334	1.24948	0.143848	0
3.60807	0.00104461	1.39942	0.152009	0
3.6098	0.00108936	1.61599	0.160851	0
3.60777	0.00103306	1.39942	0.152009	0
3.6082	0.00106822	1.43274	0.151669	0
3.60926	0.00104441	1.31612	0.145548	0
3.60899	0.00107088	1.56601	0.160171	0
3.60695	0.00102904	1.24948	0.143848	0
3.60722	0.00102547	1.39942	0.149969	0
3.60832	0.00107088	1.2828	0.145888	0
3.60907	0.00106647	1.49938	0.15677	0
3.60902	0.00109111	1.68263	0.165612	0
3.60782	0.00108794	1.53269	0.160171	0
3.60711	0.00110208	1.23282	0.143167	0
3.60482	0.0010389	1.33278	0.148268	0
3.60592	0.00104454	1.34944	0.153029	0
3.60777	0.00105959	1.43274	0.153709	0
3.60629	0.00104182	1.46606	0.15507	0
3.60632	0.00106497	1.2828	0.143848	0
3.60733	0.0010413	1.49938	0.15677	0
3.60673	0.00108599	1.46606	0.15507	0
3.60644	0.00106588	1.53269	0.15677	0
3.60577	0.00104642	1.51603	0.15779	0
3.60641	0.00105829	1.49938	0.15847	0
3.60525	0.00106387	1.18284	0.140447	0
3.60299	0.00102067	1.34944	0.149289	0
3.60398	0.00101847	1.0329	0.131605	0
3.60338	0.000995701	1.18284	0.138407	0
3.60289	0.000990772	1.13286	0.137386	0
3.60351	0.000972026	1.13286	0.135346	0
3.60419	0.0010461	1.54935	0.159151	0
3.60285	0.00103786	1.24948	0.147928	0
3.60325	0.000997452	1.2828	0.143848	0
3.60443	0.00102469	1.18284	0.140447	0
3.60433	0.00103968	1.3661	0.148268	0
3.60369	0.00103099	1.38276	0.150989	0
3.60397	0.00104409	1.38276	0.150989	0
3.60431	0.00101315	1.31612	0.147588	0
3.6034	0.000989928	1.14952	0.138407	0
3.60182	0.000994339	1.23282	0.141127	0
3.60242	0.000987723	0.916285	0.124464	0
3.60121	0.000982145	1.2828	0.145888	0
3.60095	0.000995052	1.1995	0.141127	0
3.60093	0.000989928	1.1162	0.134326	0
3.60177	0.00100926	1.39942	0.153709	0
3.60263	0.00100141	1.09954	0.135686	0
3.60037	0.000986945	1.26614	0.142827	0
3.6019	0.00103105	1.38276	0.150989	0
3.60408	0.00102949	1.41608	0.152689	0
3.60084	0.00101354	1.24948	0.143848	0
3.60053	0.000999787	1.18284	0.138407	0
3.60261	0.00100355	1.39942	0.152009	0
3.60149	0.00102216	1.1995	0.139087	0
3.59926	0.00100997	1.13286	0.137386	0
3.59906	0.000980523	0.816327	0.115282	0
3.59914	0.000949389	1.16618	0.137386	0
3.60038	0.00101257	1.29946	0.146568	0
3.60135	0.00102969	1.18284	0.138407	0
3.59801	0.000936352	0.982924	0.126504	0
3.59708	0.000929996	1.01624	0.128545	0
3.60026	0.000945173	1.08288	0.132625	0
3.59888	0.000984285	1.08288	0.132625	0
3.59895	0.000980783	1.21616	0.142147	0
3.5992	0.000968329	1.0329	0.131605	0
3.60044	0.000998944	1.53269	0.15677	0
3.60017	0.00101509	1.06622	0.131605	0
3.59918	0.00100913	1.09954	0.133646	0
3.60035	0.00101172	1.14952	0.136366	0
3.59956	0.000977864	1.08288	0.132625	0
3.59874	0.000991809	1.14952	0.136366	0
3.59968	0.00102392	1.41608	0.15813	0
3.59981	0.000994663	1.2828	0.147588	0
3.59854	0.000998231	1.0329	0.131605	0
3.59825	0.000972999	0.932945	0.125484	0
3.59801	0.000949195	1.33278	0.146568	0
3.59819	0.000995571	1.24948	0.142147	0
3.59846	0.000988177	1.01624	0.128545	0
3.5986	0.000978253	1.26614	0.144868	0
3.59995	0.00102074	1.1162	0.134326	0
3.59913	0.00101321	1.3661	0.148268	0
3.59924	0.000985842	1.21616	0.142147	0
3.59946	0.00100141	1.31612	0.145548	0
3.59833	0.000992847	1.09954	0.137726	0
3.59754	0.000967356	1.26614	0.142827	0
3.59845	0.00101166	1.1162	0.134326	0
3.59728	0.0010101	1.26614	0.146908	0
3.59667	0.000968199	1.08288	0.132625	0
3.59728	0.000988112	0.999584	0.127524	0
3.59774	0.00098435	1.29946	0.144868	0
3.59812	0.00101231	1.1162	0.136366	0
3.59604	0.000945757	0.949604	0.124464	0
3.59597	0.000950103	0.999584	0.129565	0
3.5966	0.000948157	1.1162	0.134326	0
3.59627	0.000946989	1.08288	0.132625	0
3.59712	0.000967097	0.999584	0.127524	0
3.59779	0.000973194	1.1162	0.134326	0
3.59749	0.000973259	1.13286	0.135346	0
3.5969	0.000981626	1.14952	0.142487	0
3.59599	0.000964373	0.916285	0.122083	0
3.59545	0.000922666	1.14952	0.138407	0
3.59649	0.000960611	1.14952	0.136366	0
3.59594	0.000951206	0.982924	0.126504	0
3.59466	0.000934017	1.09954	0.133646	0
3.59573	0.000948157	1.04956	0.134666	0
3.59495	0.000925909	0.799667	0.119023	0
3.59595	0.000965151	1.14952	0.138407	0
3.59523	0.000945498	0.916285	0.124464	0
3.59458	0.000972026	0.966264	0.125484	0
3.59604	0.000978513	1.01624	0.130585	0
3.59656	0.000961908	1.04956	0.132625	0
3.59714	0.000969432	0.999584	0.127524	0
3.59742	0.000962102	1.14952	0.138407	0
3.59564	0.000953865	1.0329	0.129565	0
3.59417	0.000940503	0.982924	0.128545	0
3.59504	0.000968913	1.14952	0.136366	0
3.59509	0.000925261	0.766347	0.114262	0
3.59473	0.000930774	0.966264	0.125484	0
3.59455	0.000927725	0.832986	0.116642	0
3.59358	0.000897046	0.966264	0.125484	0
3.59364	0.000930839	1.04956	0.134666	0
3.59516	0.000929477	0.966264	0.125484	0
3.59414	0.000948741	0.899625	0.123444	0
3.59407	0.00092098	1.16618	0.137386	0
3.59498	0.000940374	0.932945	0.123104	0
3.59375	0.000921823	0.816327	0.115282	0
3.59309	0.00090911	0.982924	0.126504	0
3.59431	0.000951854	1.08288	0.132625	0
3.59416	0.000943163	0.899625	0.125484	0
3.59222	0.000900353	0.766347	0.114262	0
3.59305	0.000903467	0.966264	0.125484	0
3.59472	0.000912937	0.982924	0.126504	0
3.59447	0.000964308	1.16618	0.139427	0
3.59428	0.000916634	0.966264	0.125484	0
3.59421	0.000950751	0.849646	0.117663	0
3.59327	0.00096807	1.16618	0.141467	0
3.59359	0.000954643	0.932945	0.123104	0
3.59424	0.000926882	0.932945	0.123104	0
3.59383	0.000927985	0.916285	0.122083	0
3.59458	0.000928893	0.899625	0.121063	0
3.59387	0.000929866	0.966264	0.125484	0
3.59363	0.00090658	0.666389	0.1044	0
3.59286	0.000900678	0.966264	0.125484	0
3.5929	0.000897046	0.866306	0.118683	0
3.59325	0.000934601	0.932945	0.123104	0
3.59201	0.000915207	0.832986	0.116642	0
3.59094	0.000884138	0.766347	0.111881	0
3.59038	0.000877781	0.61641	0.100659	0
3.59184	0.000876225	0.899625	0.123444	0
3.59401	0.000932655	0.816327	0.115282	0
3.59278	0.000922082	0.849646	0.117663	0
3.5922	0.000902429	0.716368	0.108141	0
3.59271	0.000916634	0.733028	0.109501	0
3.59166	0.000903661	0.799667	0.114262	0
3.59214	0.000914818	0.866306	0.118683	0
3.59273	0.000912029	0.932945	0.123104	0
3.59194	0.000917153	0.683049	0.10576	0
3.59123	0.0008903	0.783007	0.113242	0
3.59149	0.000905088	0.699708	0.109501	0
3.59161	0.000920396	0.799667	0.114262	0
3.59127	0.000906969	0.949604	0.124464	0
3.5924	0.000927077	0.966264	0.125484	0
3.59243	0.000928633	0.999584	0.129565	0
3.59209	0.000914558	0.699708	0.109501	0
3.5926	0.000930709	1.08288	0.134666	0
3.59247	0.000913196	0.966264	0.125484	0
3.59232	0.000944071	0.799667	0.116642	0
3.59336	0.000907748	1.04956	0.132625	0
3.59353	0.000928115	0.832986	0.116642	0
3.59284	0.000940309	0.783007	0.115622	0
3.59222	0.000898083	0.949604	0.124464	0
3.59282	0.000922472	0.932945	0.125484	0
3.59269	0.000895878	0.916285	0.122083	0
3.59096	0.000887381	0.799667	0.114262	0
3.59092	0.000898797	0.932945	0.123104	0
3.59257	0.00088083	0.699708	0.107121	0
3.592	0.000868247	0.849646	0.117663	0
3.59081	0.000892375	0.733028	0.109501	0
3.59122	0.000879598	0.749688	0.110861	0
3.59216	0.00087136	0.733028	0.109501	0
3.59052	0.000865912	0.63307	0.10202	0
3.59097	0.000869414	0.749688	0.113242	0
3.59087	0.000853912	0.766347	0.111881	0
3.58966	0.000844183	0.499792	0.0907974	0
3.59026	0.000868247	0.832986	0.116642	0
3.59106	0.000857934	0.733028	0.109501	0
3.58985	0.000849177	0.549771	0.0979388	0
3.5905	0.000858647	0.533111	0.0935179	0
3.59099	0.000889651	0.916285	0.122083	0
3.5898	0.000887122	0.749688	0.110861	0
3.59015	0.000866041	0.59975	0.099299	0
3.59184	0.000878949	0.849646	0.117663	0
3.59198	0.000885824	0.699708	0.107121	0
3.59171	0.000899835	0.783007	0.113242	0
3.59157	0.000879468	0.783007	0.113242	0
3.58982	0.000840745	0.449813	0.0860365	0
3.59111	0.000892635	0.882965	0.120043	0
3.5916	0.000866236	0.683049	0.108481	0
3.58985	0.000859944	0.832986	0.116642	0
3.58938	0.00088537	0.733028	0.109501	0
3.59079	0.00086896	0.549771	0.0952183	0
3.58988	0.000847296	0.816327	0.115282	0
3.58991	0.000853847	0.683049	0.108481	0
3.5899	0.000844053	0.63307	0.10474	0
3.58941	0.000860463	0.566431	0.0965785	0
3.58955	0.000832637	0.533111	0.0935179	0
3.59101	0.000859101	0.683049	0.108481	0
3.59115	0.000894581	0.749688	0.115622	0
3.5906	0.00087363	0.63307	0.10202	0
3.59054	0.000865004	0.63307	0.10202	0
3.59042	0.000878819	0.683049	0.10576	0
3.59116	0.00085508	0.63307	0.10202	0
3.5916	0.000885889	0.58309	0.0979388	0
3.59152	0.000878949	0.932945	0.123104	0
3.59094	0.000857739	0.649729	0.10338	0
3.58961	0.000834194	0.61641	0.100659	0
3.59016	0.000878754	0.649729	0.10576	0
3.58987	0.00086215	0.649729	0.10338	0
3.59016	0.000860723	0.683049	0.10576	0
3.5903	0.000865133	0.683049	0.10576	0
3.5908	0.000836659	0.683049	0.108481	0
3.59065	0.00085508	0.799667	0.116642	0
3.58966	0.000842042	0.566431	0.099299	0
3.58995	0.000825697	0.466472	0.0877368	0
3.5902	0.000835297	0.749688	0.113242	0
3.59119	0.000851707	0.733028	0.109501	0
3.58974	0.000873306	0.59975	0.099299	0
3.58882	0.000833999	0.63307	0.10474	0
3.58924	0.000871425	0.799667	0.114262	0
3.59049	0.000901132	0.832986	0.119023	0
3.59018	0.00082654	0.716368	0.108141	0
3.58938	0.00085495	0.61641	0.10338	0
3.58816	0.000851318	0.499792	0.0907974	0
3.59034	0.000875381	0.699708	0.107121	0
3.59019	0.000841134	0.699708	0.107121	0
3.58981	0.000824983	0.566431	0.0965785	0
3.58907	0.000858193	0.666389	0.1044	0
3.58978	0.000855728	0.649729	0.10338	0
3.59028	0.000870776	0.58309	0.0979388	0
3.59043	0.00084094	0.58309	0.100659	0
3.58991	0.000851253	0.716368	0.110861	0
3.59099	0.000855598	0.716368	0.108141	0
3.59013	0.000840356	0.566431	0.0965785	0
3.58962	0.000825308	0.699708	0.107121	0
3.59127	0.000869738	0.816327	0.115282	0
3.59108	0.000866171	0.499792	0.0907974	0
3.58992	0.000834583	0.58309	0.0979388	0
3.59135	0.000879857	0.799667	0.116642	0
3.59064	0.000825113	0.483132	0.0890971	0
3.5887	0.000833351	0.483132	0.0890971	0
3.59032	0.000799039	0.383174	0.0795753	0
3.59145	0.000822778	0.63307	0.10202	0
3.59111	0.000843923	0.683049	0.108481	0
3.58985	0.000823816	0.699708	0.107121	0
3.59018	0.000818757	0.766347	0.111881	0
3.58941	0.000841069	0.63307	0.10474	0
3.58984	0.000848204	0.749688	0.113242	0
3.59034	0.000836918	0.449813	0.0860365	0
3.58951	0.000882062	0.749688	0.113242	0
3.58957	0.000860917	0.566431	0.099299	0
3.58994	0.000840356	0.59975	0.10202	0
3.58977	0.000841783	0.499792	0.093858	0
3.58906	0.000826346	0.566431	0.0965785	0
3.59049	0.000835491	0.58309	0.0979388	0
3.59103	0.000829718	0.499792	0.0907974	0
3.59032	0.000832378	0.566431	0.0965785	0
3.59076	0.000838669	0.58309	0.0979388	0
3.59154	0.000877911	0.749688	0.110861	0
3.59005	0.000805006	0.499792	0.0907974	0
3.58873	0.000807925	0.566431	0.0965785	0
3.59012	0.000820184	0.499792	0.0907974	0
3.58909	0.000806627	0.533111	0.0965785	0
3.5896	0.000819535	0.649729	0.10338	0
3.59094	0.000817524	0.649729	0.10338	0
3.59093	0.000844702	0.63307	0.10202	0
3.58927	0.000844248	0.483132	0.0921577	0
3.58968	0.000812789	0.566431	0.0965785	0
3.58965	0.000785417	0.483132	0.0890971	0
3.59017	0.000843794	0.783007	0.113242	0
3.59072	0.000844572	0.683049	0.108481	0
3.59089	0.000822389	0.699708	0.107121	0
3.5912	0.000861242	0.59975	0.099299	0
3.59032	0.000822973	0.499792	0.0907974	0
3.5877	0.000817395	0.433153	0.0843362	0
3.58811	0.000790023	0.449813	0.0860365	0
3.59009	0.000813114	0.566431	0.0965785	0
3.59035	0.00082654	0.533111	0.0935179	0
3.58977	0.000827448	0.716368	0.108141	0
3.59037	0.000836464	0.59975	0.10202	0
3.59097	0.000851058	0.666389	0.1044	0
3.58912	0.000794044	0.466472	0.0877368	0
3.59013	0.00083374	0.749688	0.110861	0
3.59183	0.0008268	0.549771	0.0952183	0
3.59138	0.000835815	0.61641	0.100659	0
3.59203	0.000853069	0.59975	0.099299	0
3.59077	0.000806109	0.416493	0.0829759	0
3.5897	0.000801828	0.433153	0.0843362	0
3.59051	0.000807146	0.58309	0.0979388	0
3.591	0.000850734	0.683049	0.10576	0
3.5907	0.000854755	0.649729	0.10576	0
3.59067	0.000828875	0.566431	0.0965785	0
3.59029	0.000818497	0.58309	0.0979388	0
3.58946	0.000835556	0.533111	0.0935179	0
3.59104	0.000875965	0.666389	0.1044	0
3.59072	0.000793136	0.416493	0.0829759	0
3.59035	0.000848593	0.59975	0.099299	0
3.58972	0.000804357	0.349854	0.0761746	0
3.5901	0.000838345	0.566431	0.0965785	0
3.59048	0.000842042	0.499792	0.0907974	0
3.59099	0.000813179	0.59975	0.099299	0
3.59047	0.00079372	0.433153	0.0843362	0
3.59159	0.000807341	0.61641	0.100659	0
3.59163	0.000814022	0.533111	0.0935179	0
3.59031	0.00078892	0.366514	0.0778749	0
3.59054	0.000798325	0.499792	0.0907974	0
3.59135	0.000844766	0.699708	0.107121	0
3.5904	0.000806303	0.516451	0.0921577	0
3.59077	0.000801957	0.399833	0.0812756	0
3.59053	0.000795212	0.416493	0.0829759	0
3.5902	0.000792682	0.466472	0.093858	0
3.59152	0.000804682	0.58309	0.0979388	0
3.59055	0.00079826	0.483132	0.0890971	0
3.59038	0.00077264	0.449813	0.0860365	0
3.59032	0.000815189	0.516451	0.0952183	0
3.59065	0.00080799	0.483132	0.0890971	0
3.59097	0.000832637	0.499792	0.0907974	0
3.59047	0.00081467	0.433153	0.0843362	0
3.59013	0.000792228	0.466472	0.0877368	0
3.59066	0.00076771	0.333195	0.0741342	0
3.59171	0.000801114	0.549771	0.0952183	0
3.59162	0.000811752	0.63307	0.10474	0
3.59193	0.000864355	0.433153	0.0843362	0
3.59215	0.000829978	0.433153	0.0843362	0
3.59103	0.000807146	0.383174	0.0795753	0
3.59101	0.000788142	0.58309	0.0979388	0
3.59149	0.000811881	0.58309	0.0979388	0
3.59272	0.00083374	0.683049	0.10576	0
3.59218	0.000806303	0.449813	0.0860365	0
3.59031	0.000795017	0.316535	0.0724339	0
3.5907	0.000817265	0.63307	0.10202	0
3.59196	0.000829848	0.549771	0.0979388	0
3.5911	0.000801957	0.533111	0.0965785	0
3.59187	0.000813957	0.383174	0.0795753	0
3.59026	0.000799947	0.383174	0.0795753	0
3.58986	0.000828551	0.516451	0.0921577	0
3.59114	0.000800984	0.499792	0.0907974	0
3.59095	0.000807276	0.499792	0.0907974	0
3.59047	0.000803319	0.399833	0.0812756	0
3.59129	0.00081	0.61641	0.100659	0
3.59218	0.000818043	0.516451	0.0921577	0
3.59115	0.000798649	0.449813	0.0860365	0
3.59112	0.000803709	0.416493	0.0829759	0
3.59282	0.000850928	0.699708	0.112222	0
3.59292	0.00083588	0.499792	0.0907974	0
3.59203	0.000799363	0.516451	0.0921577	0
3.59206	0.000819989	0.483132	0.0890971	0
3.59224	0.000799882	0.416493	0.0829759	0
3.5915	0.00077465	0.416493	0.0829759	0
3.59179	0.000788466	0.516451	0.0921577	0
3.59294	0.000851707	0.699708	0.107121	0
3.59312	0.000817524	0.549771	0.0952183	0
3.59115	0.000823167	0.466472	0.0877368	0
3.59142	0.000784704	0.399833	0.0812756	0
3.59278	0.000802865	0.466472	0.0877368	0
3.59239	0.000809676	0.416493	0.0829759	0
3.59232	0.000816876	0.683049	0.10576	0
3.59215	0.000800725	0.466472	0.0877368	0
3.59052	0.000788336	0.249896	0.0642723	0
3.59143	0.000778348	0.316535	0.0761746	0
3.59145	0.000773094	0.316535	0.0724339	0
3.59141	0.000785677	0.433153	0.0877368	0
3.59273	0.000805979	0.566431	0.0965785	0
3.59342	0.000794044	0.549771	0.0952183	0
3.59246	0.00077504	0.383174	0.0795753	0
3.59229	0.000765634	0.333195	0.0741342	0
3.59239	0.000768942	0.433153	0.0843362	0
3.59207	0.000772704	0.349854	0.0761746	0
3.59306	0.000780877	0.316535	0.0724339	0
3.59302	0.000806887	0.466472	0.0877368	0
3.59247	0.000775299	0.399833	0.0812756	0
3.59244	0.000773807	0.349854	0.0761746	0
3.59373	0.000802541	0.516451	0.0921577	0
3.59352	0.000836594	0.566431	0.0965785	0
3.59235	0.000785612	0.366514	0.0778749	0
3.59207	0.000772769	0.466472	0.0877368	0
3.59335	0.000823167	0.466472	0.0907974	0
3.59286	0.00079359	0.433153	0.0843362	0
3.59275	0.000777958	0.399833	0.0812756	0
3.59346	0.000806044	0.516451	0.0921577	0
3.59308	0.000783277	0.449813	0.0860365	0
3.5913	0.000789763	0.416493	0.0829759	0
3.59116	0.000803255	0.549771	0.0952183	0
3.59312	0.000805395	0.483132	0.0890971	0
3.59234	0.000799493	0.433153	0.0877368	0
3.59262	0.000788012	0.383174	0.0795753	0
3.5931	0.000794563	0.299875	0.0703935	0
3.59306	0.000783082	0.516451	0.0921577	0
3.59286	0.000747862	0.383174	0.0795753	0
3.59401	0.000762002	0.333195	0.0741342	0
3.59386	0.000782888	0.549771	0.0952183	0
3.59295	0.000763364	0.416493	0.0829759	0
3.5937	0.000787688	0.333195	0.0778749	0
3.59343	0.00078665	0.383174	0.0795753	0
3.59343	0.000795147	0.533111	0.0965785	0
3.5932	0.000794304	0.333195	0.0741342	0
3.59277	0.000814281	0.466472	0.0877368	0
3.59343	0.000812854	0.466472	0.0877368	0
3.59302	0.000783861	0.266556	0.0663127	0
3.59312	0.000802606	0.383174	0.0795753	0
3.59383	0.000802736	0.499792	0.0907974	0
3.59458	0.000844442	0.63307	0.10202	0
3.5948	0.00080066	0.383174	0.0795753	0
3.59505	0.00080559	0.466472	0.0877368	0
3.59432	0.000788142	0.416493	0.0860365	0
3.59334	0.000785482	0.333195	0.0741342	0
3.59377	0.000756359	0.366514	0.0778749	0
3.5938	0.000776856	0.316535	0.0761746	0
3.59409	0.000780812	0.516451	0.0921577	0
3.5952	0.000819989	0.433153	0.0843362	0
3.59421	0.000759602	0.466472	0.0877368	0
3.59414	0.000788077	0.449813	0.0860365	0
3.59401	0.000809676	0.366514	0.0778749	0
3.59313	0.000774456	0.383174	0.0795753	0
3.59405	0.000794498	0.433153	0.0843362	0
3.59443	0.00079346	0.466472	0.0877368	0
3.59399	0.00077504	0.249896	0.0642723	0
3.59403	0.000789439	0.399833	0.0812756	0
3.59462	0.0007537	0.299875	0.0703935	0
3.5941	0.000782174	0.549771	0.0952183	0
3.59416	0.000780747	0.299875	0.0703935	0
3.59437	0.000788077	0.516451	0.0921577	0
3.59531	0.000790088	0.416493	0.0829759	0
3.59502	0.000797871	0.516451	0.0921577	0
3.59428	0.000813438	0.466472	0.0877368	0
3.59399	0.000802865	0.349854	0.0761746	0
3.59455	0.000820832	0.449813	0.0860365	0
3.59489	0.00075344	0.266556	0.0663127	0
3.59429	0.000787817	0.333195	0.0741342	0
3.59518	0.000802995	0.483132	0.0890971	0
3.59484	0.000776791	0.283215	0.0683531	0
3.59424	0.000798066	0.466472	0.0877368	0
3.59524	0.000759278	0.383174	0.0795753	0
3.59451	0.0007441	0.366514	0.0778749	0
3.59401	0.000763494	0.216576	0.0598515	0
3.59554	0.000780812	0.433153	0.0843362	0
3.59459	0.000764143	0.333195	0.0741342	0
3.59374	0.000761872	0.233236	0.0622319	0
3.59553	0.000805395	0.433153	0.0843362	0
3.59557	0.000768683	0.333195	0.0741342	0
3.59426	0.000776791	0.399833	0.0812756	0
3.59552	0.00074183	0.216576	0.0598515	0
3.59515	0.000740208	0.249896	0.0642723	0
3.59509	0.000754673	0.333195	0.0741342	0
3.59509	0.000741246	0.283215	0.0683531	0
3.59447	0.000733009	0.349854	0.0761746	0
3.59591	0.000748641	0.349854	0.0761746	0
3.59529	0.000746889	0.349854	0.0795753	0
3.59615	0.000770175	0.449813	0.0890971	0
3.59608	0.00078211	0.349854	0.0761746	0
3.59421	0.00078412	0.399833	0.0846762	0
3.59512	0.000777439	0.333195	0.0741342	0
3.59617	0.000759862	0.416493	0.0829759	0
3.59657	0.0007585	0.249896	0.0642723	0
3.59593	0.000745722	0.433153	0.0843362	0
3.5958	0.000758694	0.449813	0.0860365	0
3.59684	0.00077718	0.449813	0.0860365	0
3.59653	0.000791579	0.383174	0.0795753	0
3.59642	0.000741635	0.366514	0.0778749	0
3.59579	0.000773029	0.316535	0.0724339	0
3.59562	0.000751495	0.283215	0.0683531	0
3.59622	0.000771213	0.316535	0.0724339	0
3.59655	0.000765764	0.316535	0.0724339	0
3.59631	0.000761418	0.399833	0.0812756	0
3.59667	0.00078172	0.333195	0.0741342	0
3.59579	0.000778996	0.283215	0.0683531	0
3.59562	0.000725744	0.383174	0.0795753	0
3.59644	0.000766997	0.349854	0.0761746	0
3.59603	0.000769332	0.333195	0.0741342	0
3.59643	0.000770369	0.466472	0.0877368	0
3.5957	0.00076531	0.283215	0.0683531	0
3.59503	0.000730414	0.149938	0.0499896	0
3.59664	0.000761354	0.416493	0.0829759	0
3.5977	0.000808054	0.549771	0.0952183	0
3.59849	0.000801503	0.449813	0.0860365	0
3.59764	0.000801698	0.433153	0.0843362	0
3.59703	0.000795536	0.449813	0.0860365	0
3.59794	0.000793136	0.483132	0.0890971	0
3.59828	0.000779904	0.383174	0.0795753	0
3.59682	0.000750003	0.283215	0.0683531	0
3.5971	0.000764143	0.283215	0.0683531	0
3.59774	0.000745592	0.349854	0.0761746	0
3.59707	0.000774391	0.366514	0.0778749	0
3.59792	0.000777245	0.449813	0.0860365	0
3.59762	0.000754802	0.299875	0.0703935	0
3.59697	0.000757267	0.366514	0.0778749	0
3.59847	0.000780358	0.366514	0.0778749	0
3.59894	0.000799947	0.466472	0.0907974	0
3.59916	0.000793979	0.516451	0.0921577	0
3.59844	0.000757267	0.316535	0.0724339	0
3.59764	0.000762716	0.383174	0.0829759	0
3.5981	0.000767321	0.333195	0.0741342	0
3.59773	0.000747862	0.266556	0.0663127	0
3.59795	0.000771991	0.533111	0.0935179	0
3.5987	0.000779126	0.349854	0.0761746	0
3.59727	0.000761029	0.299875	0.0703935	0
3.59734	0.000735149	0.249896	0.0642723	0
3.59909	0.00074637	0.216576	0.0598515	0
3.59913	0.000751624	0.399833	0.0812756	0
3.5982	0.000773937	0.349854	0.0761746	0
3.59829	0.000782953	0.333195	0.0741342	0
3.59919	0.000801957	0.433153	0.0843362	0
3.59979	0.000751689	0.283215	0.0683531	0
3.59902	0.000758435	0.333195	0.0741342	0
3.59934	0.000777375	0.449813	0.0860365	0
3.60046	0.000783926	0.449813	0.0860365	0
3.59955	0.000779515	0.299875	0.0703935	0
3.59896	0.000757916	0.349854	0.0761746	0
3.59952	0.000761029	0.349854	0.0761746	0
3.59839	0.000733528	0.266556	0.0663127	0
3.59871	0.000764208	0.333195	0.0741342	0
3.59902	0.00077478	0.416493	0.0829759	0
3.6001	0.000737938	0.316535	0.0724339	0
3.60016	0.000753051	0.399833	0.0812756	0
3.59955	0.000763299	0.233236	0.0622319	0
3.59864	0.000743711	0.349854	0.0795753	0
3.59996	0.000744619	0.299875	0.0703935	0
3.59978	0.00074637	0.333195	0.0741342	0
3.60069	0.000747538	0.333195	0.0741342	0
3.60027	0.000765051	0.333195	0.0741342	0
3.60027	0.000760316	0.299875	0.0703935	0
3.59943	0.000773029	0.433153	0.0843362	0
3.5992	0.00075811	0.449813	0.0890971	0
3.60074	0.000753635	0.333195	0.0741342	0
3.60036	0.000766737	0.499792	0.0907974	0
3.59979	0.000755646	0.283215	0.0724339	0
3.60072	0.00077264	0.299875	0.0703935	0
3.60091	0.000777764	0.416493	0.0860365	0
3.59986	0.000748965	0.316535	0.0724339	0
3.60012	0.000789115	0.299875	0.0703935	0
3.59986	0.000724706	0.249896	0.0642723	0
3.60081	0.000748251	0.266556	0.0663127	0
3.60116	0.000747084	0.316535	0.0724339	0
3.60065	0.000762132	0.366514	0.0778749	0
3.6006	0.000764597	0.416493	0.0829759	0
3.60106	0.00073249	0.199917	0.057471	0
3.60041	0.000740792	0.283215	0.0683531	0
3.60014	0.000726263	0.183257	0.0550906	0
3.59989	0.000752597	0.249896	0.0642723	0
3.60062	0.000721723	0.299875	0.0703935	0
3.60054	0.000723669	0.166597	0.0527101	0
3.60016	0.000745592	0.333195	0.0741342	0
3.60072	0.000760705	0.316535	0.0724339	0
3.60208	0.000772964	0.399833	0.0812756	0
3.60075	0.000748057	0.233236	0.0622319	0
3.60124	0.00074183	0.316535	0.0724339	0
3.60223	0.000733203	0.299875	0.0703935	0
3.60133	0.000729636	0.349854	0.0761746	0
3.60088	0.000716923	0.283215	0.0683531	0
3.60283	0.000768813	0.366514	0.0778749	0
3.60202	0.000777115	0.349854	0.0761746	0
3.6016	0.000769461	0.366514	0.0778749	0
3.60236	0.000758694	0.333195	0.0741342	0
3.60193	0.000741311	0.299875	0.0703935	0
3.60117	0.000745592	0.316535	0.0724339	0
3.60201	0.000711604	0.183257	0.0550906	0
3.60262	0.000739495	0.349854	0.0761746	0
3.60192	0.000710177	0.166597	0.0527101	0
3.60143	0.000699799	0.249896	0.0642723	0
3.60172	0.000747408	0.299875	0.0703935	0
3.60192	0.000735214	0.233236	0.0622319	0
3.60209	0.000731193	0.183257	0.0598515	0
3.60096	0.000691432	0.166597	0.0527101	0
3.60251	0.000720685	0.249896	0.0642723	0
3.60212	0.000732425	0.149938	0.0499896	0
3.60211	0.000750392	0.383174	0.0795753	0
3.60276	0.000743387	0.183257	0.0550906	0
3.60223	0.000752078	0.233236	0.0622319	0
3.603	0.000760186	0.233236	0.0622319	0
3.60353	0.000726458	0.266556	0.0663127	0
3.60294	0.000747862	0.283215	0.0724339	0
3.6029	0.000754089	0.349854	0.0761746	0
3.60326	0.000730803	0.249896	0.0642723	0
3.60266	0.000738587	0.249896	0.0642723	0
3.60282	0.00073703	0.316535	0.0724339	0
3.60343	0.00072542	0.316535	0.0761746	0
3.60419	0.000769591	0.399833	0.0812756	0
3.60373	0.000731906	0.166597	0.0527101	0
3.60348	0.000755062	0.316535	0.0724339	0
3.60362	0.000732101	0.249896	0.0642723	0
3.60391	0.000750068	0.349854	0.0761746	0
3.60378	0.000742608	0.216576	0.0598515	0
3.60359	0.000716988	0.183257	0.0550906	0
3.60441	0.000738652	0.366514	0.0778749	0
3.60399	0.000746565	0.416493	0.0829759	0
3.60467	0.000746565	0.299875	0.0703935	0
3.60402	0.000766543	0.333195	0.0741342	0
3.60347	0.000721788	0.199917	0.057471	0
3.60416	0.000731322	0.233236	0.0622319	0
3.60401	0.00071355	0.216576	0.0598515	0
3.60503	0.000736771	0.266556	0.0663127	0
3.60524	0.00075824	0.316535	0.0724339	0
3.60411	0.000745138	0.266556	0.0663127	0
3.60286	0.000717377	0.266556	0.0663127	0
3.60427	0.000730414	0.166597	0.0527101	0
3.60546	0.000743127	0.233236	0.0622319	0
3.60438	0.000749678	0.349854	0.0761746	0
3.60501	0.000749938	0.349854	0.0761746	0
3.6046	0.000738782	0.266556	0.0663127	0
3.60375	0.000721917	0.199917	0.057471	0
3.6051	0.000759148	0.349854	0.0761746	0
3.60561	0.000757008	0.299875	0.0703935	0
3.60479	0.000753311	0.183257	0.0550906	0
3.60541	0.000740922	0.333195	0.0741342	0
3.60552	0.000733268	0.199917	0.057471	0
3.60509	0.000743581	0.233236	0.0622319	0
3.60577	0.000743062	0.333195	0.0741342	0
3.60713	0.000731971	0.283215	0.0683531	0
3.60631	0.000739754	0.283215	0.0683531	0
3.60581	0.000727106	0.283215	0.0683531	0
3.60626	0.000729895	0.283215	0.0683531	0
3.60565	0.000728209	0.283215	0.0683531	0
3.60539	0.000743581	0.266556	0.0663127	0
3.6063	0.000689746	0.133278	0.046929	0
3.60632	0.000733333	0.333195	0.0741342	0
3.60572	0.000723733	0.183257	0.0550906	0
3.60612	0.000731712	0.233236	0.0622319	0
3.60614	0.000727885	0.249896	0.0642723	0
3.60743	0.000783147	0.349854	0.0761746	0
3.60634	0.000721074	0.266556	0.0663127	0
3.60505	0.000718804	0.183257	0.0550906	0
3.60663	0.000722436	0.233236	0.0622319	0
3.6063	0.000743192	0.233236	0.0622319	0
3.60601	0.000724447	0.266556	0.0663127	0
3.60693	0.000752467	0.249896	0.0642723	0
3.60686	0.00075117	0.199917	0.057471	0
3.60659	0.000715496	0.316535	0.0724339	0
3.60738	0.000759148	0.333195	0.0741342	0
3.60856	0.000754284	0.266556	0.0663127	0
3.60744	0.0007489	0.266556	0.0663127	0
3.60818	0.000745138	0.283215	0.0683531	0
3.60869	0.000742349	0.216576	0.0598515	0
3.60778	0.000745722	0.399833	0.0812756	0
3.60663	0.000730998	0.133278	0.046929	0
3.60796	0.000724901	0.266556	0.0703935	0
3.60809	0.000773937	0.283215	0.0724339	0
3.60678	0.000738457	0.149938	0.0499896	0
3.60673	0.000716599	0.216576	0.0598515	0
3.60775	0.000745851	0.283215	0.0724339	0
3.60793	0.000730868	0.299875	0.0703935	0
3.60691	0.000706675	0.183257	0.0550906	0
3.6077	0.000739754	0.299875	0.0703935	0
3.60828	0.000735798	0.249896	0.0642723	0
3.60745	0.000742868	0.216576	0.0598515	0
3.60778	0.000718674	0.249896	0.0642723	0
3.60732	0.000713485	0.216576	0.0598515	0
3.60873	0.00074877	0.349854	0.0761746	0
3.60958	0.000763624	0.299875	0.0703935	0
3.60852	0.000749549	0.233236	0.0622319	0
3.60823	0.000730803	0.233236	0.0622319	0
3.60851	0.000713226	0.233236	0.0622319	0
3.60887	0.000747149	0.299875	0.0703935	0
3.60906	0.000723863	0.266556	0.0663127	0
3.6097	0.000714977	0.133278	0.046929	0
3.60881	0.000713226	0.183257	0.0550906	0
3.60844	0.000748705	0.316535	0.0724339	0
3.60992	0.000735149	0.199917	0.057471	0
3.60868	0.000721269	0.299875	0.0703935	0
3.60809	0.000697983	0.199917	0.057471	0
3.6096	0.00070421	0.233236	0.0622319	0
3.6095	0.000715107	0.249896	0.0642723	0
3.60897	0.000742868	0.316535	0.0724339	0
3.60918	0.000730285	0.199917	0.057471	0
3.60958	0.000707712	0.166597	0.0527101	0
3.60903	0.000714847	0.216576	0.0598515	0
3.60971	0.000721334	0.216576	0.0598515	0
3.6106	0.000743062	0.249896	0.0642723	0
3.60986	0.000729571	0.216576	0.0598515	0
3.61017	0.000724317	0.216576	0.0598515	0
3.611	0.000720425	0.166597	0.0527101	0
3.6102	0.00071115	0.149938	0.0499896	0
3.61007	0.000718739	0.283215	0.0683531	0
3.61032	0.000713096	0.233236	0.0622319	0
3.61001	0.000717247	0.199917	0.057471	0
3.61037	0.00072555	0.199917	0.057471	0
3.61121	0.000726004	0.283215	0.0683531	0
3.61158	0.0007513	0.299875	0.0703935	0
3.61159	0.000728079	0.216576	0.0598515	0
3.61023	0.000706156	0.233236	0.0622319	0
3.60966	0.000705313	0.166597	0.0527101	0
3.61042	0.000724901	0.249896	0.0642723	0
3.61085	0.000709529	0.216576	0.0598515	0
3.61083	0.000697464	0.283215	0.0683531	0
3.61073	0.000721139	0.183257	0.0550906	0
3.61072	0.000713745	0.149938	0.0499896	0
3.61045	0.000686762	0.216576	0.0598515	0
3.61003	0.000703821	0.149938	0.0499896	0
3.61048	0.000699151	0.249896	0.0642723	0
3.61232	0.000711474	0.199917	0.057471	0
3.61137	0.000719453	0.316535	0.0724339	0
3.61102	0.000739171	0.183257	0.0550906	0
3.61119	0.000706026	0.149938	0.0499896	0
3.61137	0.000728922	0.233236	0.0622319	0
3.61213	0.000699345	0.149938	0.0499896	0
3.61225	0.000720101	0.216576	0.0598515	0
3.61179	0.000737355	0.283215	0.0683531	0
3.61255	0.000759602	0.333195	0.0741342	0
3.61206	0.000733528	0.183257	0.0598515	0
3.61216	0.000737355	0.233236	0.0622319	0
3.61208	0.000711929	0.116618	0.0438684	0
3.61285	0.000723344	0.233236	0.0622319	0
3.61286	0.000750651	0.233236	0.0622319	0
3.61315	0.000746695	0.249896	0.0642723	0
3.61369	0.000736771	0.183257	0.0550906	0
3.61264	0.000717312	0.166597	0.0527101	0
3.61185	0.000698502	0.249896	0.0642723	0
3.61292	0.000733852	0.299875	0.0703935	0
3.61364	0.000749419	0.183257	0.0550906	0
3.61352	0.000759278	0.283215	0.0683531	0
3.61306	0.00072302	0.183257	0.0550906	0
3.61384	0.00073223	0.233236	0.0622319	0
3.61318	0.00072529	0.0999584	0.0408078	0
3.61241	0.000700124	0.249896	0.0642723	0
3.6132	0.000743192	0.283215	0.0683531	0
3.61403	0.000717766	0.233236	0.0622319	0
3.61439	0.000734371	0.233236	0.0622319	0
3.61454	0.000728858	0.299875	0.0703935	0
3.61273	0.000732684	0.166597	0.0527101	0
3.61367	0.000723279	0.233236	0.0622319	0
3.61416	0.000710242	0.183257	0.0550906	0
3.6132	0.000719842	0.266556	0.0663127	0
3.61417	0.000705442	0.183257	0.0550906	0
3.61552	0.000725031	0.266556	0.0663127	0
3.61491	0.000736706	0.249896	0.0642723	0
3.6132	0.000732425	0.183257	0.0550906	0
3.6151	0.000733852	0.216576	0.0598515	0
3.61586	0.000741441	0.199917	0.057471	0
3.61443	0.000744295	0.183257	0.0550906	0
3.6145	0.000714782	0.249896	0.0683531	0
3.61565	0.000747019	0.199917	0.057471	0
3.61543	0.000754089	0.266556	0.0663127	0
3.61486	0.000722177	0.216576	0.0598515	0
3.61485	0.000739625	0.216576	0.0598515	0
3.61617	0.000750457	0.216576	0.0642723	0
3.61628	0.000735149	0.266556	0.0663127	0
3.61543	0.000683454	0.233236	0.0622319	0
3.61566	0.000711085	0.216576	0.0598515	0
3.61637	0.000714004	0.249896	0.0642723	0
3.6162	0.000738068	0.349854	0.0761746	0
3.61585	0.000743062	0.116618	0.0438684	0
3.61562	0.000730933	0.233236	0.0622319	0
3.61565	0.000715172	0.249896	0.0642723	0
3.61629	0.000722306	0.166597	0.0527101	0
3.61572	0.000704015	0.149938	0.0499896	0
3.61537	0.000717118	0.249896	0.0642723	0
3.61601	0.000727171	0.199917	0.057471	0
3.6156	0.000733722	0.216576	0.0598515	0
3.6157	0.000690135	0.116618	0.0438684	0
3.61556	0.000687411	0.166597	0.0527101	0
3.61682	0.000712447	0.233236	0.0622319	0
3.61618	0.000701097	0.133278	0.046929	0
3.61609	0.00071141	0.283215	0.0683531	0
3.61712	0.000729831	0.0999584	0.0408078	0
3.61752	0.000720815	0.133278	0.046929	0
3.61713	0.000714458	0.199917	0.057471	0
3.61793	0.000735409	0.233236	0.0622319	0
3.61705	0.000719517	0.183257	0.0550906	0
3.61639	0.000714782	0.216576	0.0598515	0
3.61741	0.000712447	0.199917	0.057471	0
3.61815	0.000707712	0.166597	0.0527101	0
3.61858	0.000716534	0.283215	0.0683531	0
3.6186	0.000727885	0.283215	0.0724339	0
3.6166	0.000760186	0.216576	0.0598515	0
3.61725	0.000707777	0.149938	0.0499896	0
3.61735	0.000712901	0.166597	0.0527101	0
3.61778	0.000712188	0.233236	0.0622319	0
3.61849	0.000709139	0.216576	0.0598515	0
3.61841	0.000712837	0.233236	0.0622319	0
3.61785	0.000708361	0.199917	0.057471	0
3.619	0.000722761	0.283215	0.0683531	0
3.61879	0.000728922	0.183257	0.0550906	0
3.61768	0.000707064	0.183257	0.0550906	0
3.61741	0.000708296	0.166597	0.0527101	0
3.61759	0.000733268	0.199917	0.057471	0
3.61757	0.000717312	0.133278	0.046929	0
3.61828	0.000711215	0.233236	0.0622319	0
3.61895	0.000717312	0.199917	0.057471	0
3.61895	0.000709464	0.216576	0.0598515	0
3.61936	0.000700383	0.183257	0.0550906	0
3.61952	0.000731776	0.233236	0.0622319	0
3.61908	0.000726912	0.216576	0.0598515	0
3.62002	0.000730803	0.149938	0.0499896	0
3.61941	0.000713939	0.233236	0.0622319	0
3.61826	0.000695194	0.116618	0.0438684	0
3.61916	0.000677487	0.0666389	0.0333264	0
3.61995	0.000698567	0.266556	0.0663127	0
3.61959	0.000716015	0.116618	0.0438684	0
3.61977	0.000724706	0.233236	0.0622319	0
3.61884	0.000698372	0.233236	0.0622319	0
3.6189	0.000717442	0.199917	0.057471	0
3.62002	0.00069221	0.0999584	0.0408078	0
3.61972	0.000703042	0.149938	0.0499896	0
3.6202	0.000689746	0.166597	0.0527101	0
3.61957	0.000723215	0.216576	0.0598515	0
3.62067	0.000723928	0.233236	0.0622319	0
3.61971	0.000735733	0.249896	0.0642723	0
3.61953	0.000729636	0.199917	0.057471	0
3.61978	0.000707648	0.0999584	0.0408078	0
3.61948	0.000702199	0.216576	0.0598515	0
3.61972	0.000698502	0.216576	0.0598515	0
3.62054	0.000722696	0.166597	0.0527101	0
3.62204	0.000733268	0.233236	0.0622319	0
3.62057	0.000706091	0.116618	0.0438684	0
3.61961	0.000688967	0.183257	0.0550906	0
3.62168	0.000713031	0.266556	0.0663127	0
3.62137	0.000710891	0.133278	0.046929	0
3.62252	0.000682027	0.199917	0.057471	0
3.62187	0.000694935	0.183257	0.0550906	0
3.62091	0.000696751	0.216576	0.0598515	0
3.62066	0.000716858	0.233236	0.0622319	0
3.62197	0.000725939	0.149938	0.0499896	0
3.62077	0.000686243	0.199917	0.057471	0
3.62153	0.000675541	0.183257	0.0550906	0
3.62251	0.000703042	0.199917	0.057471	0
3.62183	0.000733528	0.249896	0.0642723	0
3.6217	0.000707194	0.283215	0.0683531	0
3.62233	0.000720361	0.166597	0.0527101	0
3.62279	0.000738457	0.233236	0.0622319	0
3.62242	0.000707129	0.116618	0.0438684	0
3.62239	0.000712512	0.199917	0.057471	0
3.6228	0.000699605	0.199917	0.057471	0
3.62184	0.000700642	0.199917	0.057471	0
3.62236	0.000708361	0.183257	0.0550906	0
3.62296	0.000712512	0.199917	0.057471	0
3.62295	0.00071835	0.183257	0.0550906	0
3.62294	0.00073236	0.266556	0.0663127	0
3.62331	0.000690394	0.133278	0.046929	0
3.62238	0.000701551	0.166597	0.0527101	0
3.62221	0.000693637	0.133278	0.046929	0
3.62297	0.000698307	0.149938	0.0499896	0
3.62356	0.000705313	0.216576	0.0598515	0
3.6225	0.000712772	0.216576	0.0598515	0
3.62413	0.000702523	0.149938	0.0499896	0
3.6256	0.000723798	0.316535	0.0724339	0
3.62526	0.000745722	0.216576	0.0598515	0
3.62448	0.000738392	0.316535	0.0724339	0
3.62443	0.000717118	0.249896	0.0642723	0
3.62398	0.000728339	0.283215	0.0683531	0
3.62419	0.000717053	0.266556	0.0663127	0
3.62295	0.000704404	0.149938	0.0499896	0
3.6237	0.000709464	0.283215	0.0683531	0
3.62453	0.000711929	0.133278	0.046929	0
3.62444	0.00071368	0.166597	0.0527101	0
3.62465	0.000709983	0.199917	0.057471	0
3.62435	0.000695908	0.116618	0.0438684	0
3.62411	0.000726263	0.249896	0.0642723	0
3.62509	0.000716663	0.199917	0.057471	0
3.62416	0.000700253	0.116618	0.0438684	0
3.62489	0.00069967	0.199917	0.057471	0
3.62574	0.000723474	0.249896	0.0642723	0
3.62596	0.000714718	0.216576	0.0598515	0
3.6256	0.000713615	0.199917	0.057471	0
3.62561	0.000704275	0.199917	0.057471	0
3.62595	0.000723085	0.199917	0.057471	0
3.62528	0.000712707	0.216576	0.0598515	0
3.62531	0.000690329	0.249896	0.0642723	0
3.62659	0.000707518	0.283215	0.0683531	0
3.62545	0.000720231	0.283215	0.0724339	0
3.62467	0.000677033	0.0832986	0.0370671	0
3.62508	0.000707194	0.183257	0.0550906	0
3.62473	0.000702134	0.166597	0.0527101	0
3.62567	0.000717961	0.183257	0.0550906	0
3.62627	0.000699475	0.183257	0.0550906	0
3.62522	0.000692729	0.0666389	0.0333264	0
3.62556	0.000688967	0.166597	0.0527101	0
3.62564	0.00070181	0.133278	0.046929	0
3.62564	0.00072289	0.0999584	0.0408078	0
3.62632	0.000698243	0.166597	0.0527101	0
3.62712	0.00070168	0.199917	0.057471	0
3.62579	0.000707258	0.166597	0.0527101	0
3.62573	0.000705313	0.149938	0.0499896	0
3.62748	0.000722371	0.183257	0.0550906	0
3.62758	0.000702069	0.166597	0.0527101	0
3.62661	0.000720425	0.183257	0.0550906	0
3.62675	0.000671584	0.166597	0.0527101	0
3.62693	0.00071355	0.183257	0.0550906	0
3.62677	0.000712383	0.199917	0.057471	0
3.62781	0.000680665	0.0832986	0.0370671	0
3.62709	0.000701745	0.183257	0.0550906	0
3.62661	0.000705961	0.233236	0.0622319	0
3.62719	0.000694416	0.0832986	0.0370671	0
3.6274	0.000694221	0.183257	0.0550906	0
3.62771	0.000691691	0.183257	0.0550906	0
3.62884	0.000724577	0.166597	0.0527101	0
3.62737	0.000719842	0.0999584	0.0408078	0
3.6272	0.000695259	0.0999584	0.0408078	0
3.6274	0.000691173	0.199917	0.057471	0
3.62793	0.00068553	0.133278	0.046929	0
3.62802	0.00069727	0.166597	0.0527101	0
3.6286	0.000728404	0.216576	0.0598515	0
3.62838	0.000696426	0.0832986	0.0370671	0
3.62763	0.000686632	0.199917	0.057471	0
3.62898	0.000679757	0.0832986	0.0370671	0
3.62879	0.000687216	0.183257	0.0550906	0
3.62853	0.000679368	0.149938	0.0499896	0
3.62882	0.000709788	0.183257	0.0550906	0
3.62959	0.000712901	0.183257	0.0550906	0
3.62968	0.000694221	0.166597	0.0527101	0
3.62903	0.000704404	0.216576	0.0598515	0
3.6285	0.00070194	0.166597	0.0527101	0
3.62828	0.000699216	0.0666389	0.0333264	0
3.6294	0.000698632	0.183257	0.0550906	0
3.62963	0.000691043	0.116618	0.0438684	0
3.62875	0.000674179	0.166597	0.0527101	0
3.62995	0.000700318	0.133278	0.046929	0
3.62977	0.000697529	0.133278	0.046929	0
3.62945	0.000679043	0.116618	0.0438684	0
3.62992	0.00066672	0.0832986	0.0370671	0
3.63036	0.00067833	0.133278	0.046929	0
3.62993	0.000677616	0.116618	0.0438684	0
3.63038	0.000692016	0.199917	0.057471	0
3.63013	0.000696362	0.233236	0.0622319	0
3.62954	0.000687216	0.133278	0.046929	0
3.63052	0.000693897	0.166597	0.0527101	0
3.63001	0.000684946	0.166597	0.0527101	0
3.63007	0.00067366	0.0666389	0.0333264	0
3.6295	0.000684232	0.166597	0.0527101	0
3.63063	0.000676968	0.116618	0.0438684	0
3.63036	0.00069461	0.133278	0.046929	0
3.63031	0.000663995	0.0999584	0.0408078	0
3.63054	0.000678395	0.149938	0.0499896	0
3.63081	0.000705702	0.216576	0.0598515	0
3.63035	0.000696491	0.116618	0.0438684	0
3.63123	0.000685789	0.183257	0.0550906	0
3.63182	0.000709593	0.149938	0.0499896	0
3.63095	0.000680665	0.199917	0.057471	0
3.63156	0.000695324	0.199917	0.057471	0
3.63141	0.000688708	0.116618	0.0438684	0
3.63123	0.000693443	0.183257	0.0550906	0
3.63277	0.000687151	0.199917	0.057471	0
3.63228	0.000685205	0.116618	0.0438684	0
3.63116	0.000675541	0.183257	0.0550906	0
3.63206	0.000702134	0.116618	0.0438684	0
3.6314	0.000696621	0.149938	0.0499896	0
3.63175	0.000692016	0.216576	0.0598515	0
3.63224	0.000703496	0.116618	0.0438684	0
3.63156	0.000712577	0.216576	0.0598515	0
3.63163	0.000719582	0.149938	0.0499896	0
3.63231	0.000718285	0.133278	0.046929	0
3.63266	0.000726068	0.233236	0.0622319	0
3.63252	0.00071608	0.183257	0.0550906	0
3.63221	0.00069928	0.149938	0.0499896	0
3.63238	0.000699086	0.116618	0.0438684	0
3.63368	0.000688838	0.0999584	0.0408078	0
3.63384	0.00070168	0.149938	0.0499896	0
0	0	0	0	0
0	0	0	0	0
0	0	0	0	0
0	0	0	0	0
0	0	0	0	0
0	0	0	0	0
0	0	0	0	0
0	0	0	0	0
0	0	0	0	0
0	0	0	0	0
0	0	0	0	0
0	0	0	0	0
0	0	0	0	0
0	0	0	0	0
0	0	0	0	0
0	0	0	0	0
0	0	0	0	0
0	0	0	0	0
0	0	0	0	0
0	0	0	0	0
0	0	0	0	0
0	0	0	0	0
0	0	0	0	0
0	0	0	0	0
0	0	0	0	0
0	0	0	0	0
0	0	0	0	0
0	0	0	0	0
0	0	0	0	0
0	0	0	0	0
0	0	0	0	0
0	0	0	0	0
0	0	0	0	0
0	0	0	0	0
0	0	0	0	0
0	0	0	0	0
0	0	0	0	0
0	0	0	0	0
0	0	0	0	0
0	0	0	0	0
0	0	0	0	0
0	0	0	0	0
0	0	0	0	0
0	0	0	0	0
0	0	0	0	0
0	0	0	0	0
0	0	0	0	0
0	0	0	0	0
0	0	0	0	0
0	0	0	0	0
0	0	0	0	0
0	0	0	0	0
0	0	0	0	0
0	0	0	0	0
0	0	0	0	0
0	0	0	0	0
0	0	0	0	0
0	0	0	0	0
0	0	0	0	0
0	0	0	0	0
0	0	0	0	0
0	0	0	0	0
0	0	0	0	0
0	0	0	0	0
0	0	0	0	0
0	0	0	0	0
0	0	0	0	0
0	0	0	0	0
0	0	0	0	0
0	0	0	0	0
0	0	0	0	0
0	0	0	0	0
0	0	0	0	0
0	0	0	0	0
0	0	0	0	0
0	0	0	0	0
0	0	0	0	0
0	0	0	0	0
0	0	0	0	0
0	0	0	0	0
0	0	0	0	0
0	0	0	0	0
0	0	0	0	0
0	0	0	0	0
0	0	0	0	0
0	0	0	0	0
0	0	0	0	0
0	0	0	0	0
0	0	0	0	0
0	0	0	0	0
0	0	0	0	0
0	0	0	0	0
0	0	0	0	0
0	0	0	0	0
0	0	0	0	0
0	0	0	0	0
0	0	0	0	0
0	0	0	0	0
0	0	0	0	0
0	0	0	0	0
0	0	0	0	0
0	0	0	0	0
0	0	0	0	0
0	0	0	0	0
0	0	0	0	0
0	0	0	0	0
0	0	0	0	0
0	0	0	0	0
0	0	0	0	0
0	0	0	0	0
0	0	0	0	0
0	0	0	0	0
0	0	0	0	0
0	0	0	0	0
0	0	0	0	0
0	0	0	0	0
0	0	0	0	0
0	0	0	0	0
0	0	0	0	0
0	0	0	0	0
0	0	0	0	0
0	0	0	0	0
0	0	0	0	0
0	0	0	0	0
0	0	0	0	0
0	0	0	0	0
0	0	0	0	0
0	0	0	0	0
0	0	0	0	0
0	0	0	0	0
0	0	0	0	0
0	0	0	0	0
0	0	0	0	0
0	0	0	0	0
0	0	0	0	0
0	0	0	0	0
0	0	0	0	0
0	0	0	0	0
0	0	0	0	0
0	0	0	0	0
0	0	0	0	0
0	0	0	0	0
0	0	0	0	0
0	0	0	0	0
0	0	0	0	0
0	0	0	0	0
0	0	0	0	0
0	0	0	0	0
0	0	0	0	0
0	0	0	0	0
0	0	0	0	0
0	0	0	0	0
0	0	0	0	0
0	0	0	0	0
0	0	0	0	0
0	0	0	0	0
0	0	0	0	0
0	0	0	0	0
0	0	0	0	0
0	0	0	0	0
0	0	0	0	0
0	0	0	0	0
0	0	0	0	0
0	0	0	0	0
0	0	0	0	0
0	0	0	0	0
0	0	0	0	0
0	0	0	0	0
0	0	0	0	0
0	0	0	0	0
0	0	0	0	0
0	0	0	0	0
0	0	0	0	0
0	0	0	0	0
0	0	0	0	0
0	0	0	0	0
0	0	0	0	0
0	0	0	0	0
0	0	0	0	0
0	0	0	0	0
0	0	0	0	0
0	0	0	0	0
0	0	0	0	0
0	0	0	0	0
0	0	0	0	0
0	0	0	0	0
0	0	0	0	0
0	0	0	0	0
0	0	0	0	0
0	0	0	0	0
0	0	0	0	0
0	0	0	0	0
0	0	0	0	0
0	0	0	0	0
0	0	0	0	0
0	0	0	0	0
0	0	0	0	0
0	0	0	0	0
0	0	0	0	0
0	0	0	0	0
0	0	0	0	0
0	0	0	0	0
0	0	0	0	0
0	0	0	0	0
0	0	0	0	0
0	0	0	0	0
0	0	0	0	0
0	0	0	0	0
0	0	0	0	0
0	0	0	0	0
0	0	0	0	0
0	0	0	0	0
0	0	0	0	0
0	0	0	0	0
0	0	0	0	0
0	0	0	0	0
0	0	0	0	0
0	0	0	0	0
0	0	0	0	0
0	0	0	0	0
0	0	0	0	0
0	0	0	0	0
0	0	0	0	0
0	0	0	0	0
0	0	0	0	0
0	0	0	0	0
0	0	0	0	0
0	0	0	0	0
0	0	0	0	0
0	0	0	0	0
0	0	0	0	0
0	0	0	0	0
0	0	0	0	0
0	0	0	0	0
0	0	0	0	0
0	0	0	0	0
0	0	0	0	0
0	0	0	0	0
0	0	0	0	0
0	0	0	0	0
0	0	0	0	0
0	0	0	0	0
0	0	0	0	0
0	0	0	0	0
0	0	0	0	0
0	0	0	0	0
0	0	0	0	0
0	0	0	0	0
0	0	0	0	0
0	0	0	0	0
0	0	0	0	0
0	0	0	0	0
0	0	0	0	0
0	0	0	0	0
0	0	0	0	0
0	0	0	0	0
0	0	0	0	0
0	0	0	0	0
0	0	0	0	0
0	0	0	0	0
0	0	0	0	0
0	0	0	0	0
0	0	0	0	0
0	0	0	0	0
0	0	0	0	0
0	0	0	0	0
0	0	0	0	0
0	0	0	0	0
0	0	0	0	0
0	0	0	0	0
0	0	0	0	0
0	0	0	0	0
0	0	0	0	0
0	0	0	0	0
0	0	0	0	0
0	0	0	0	0
0	0	0	0	0
0	0	0	0	0
0	0	0	0	0
0	0	0	0	0
0	0	0	0	0
0	0	0	0	0
0	0	0	0	0
0	0	0	0	0
0	0	0	0	0
0	0	0	0	0
0	0	0	0	0
0	0	0	0	0
0	0	0	0	0
0	0	0	0	0
0	0	0	0	0
0	0	0	0	0
0	0	0	0	0
0	0	0	0	0
0	0	0	0	0
0	0	0	0	0
0	0	0	0	0
0	0	0	0	0
0	0	0	0	0
0	0	0	0	0
0	0	0	0	0
0	0	0	0	0
0	0	0	0	0
0	0	0	0	0
0	0	0	0	0
0	0	0	0	0
0	0	0	0	0
0	0	0	0	0
0	0	0	0	0
0	0	0	0	0
0	0	0	0	0
0	0	0	0	0
0	0	0	0	0
0	0	0	0	0
0	0	0	0	0
0	0	0	0	0
0	0	0	0	0
0	0	0	0	0
0	0	0	0	0
0	0	0	0	0
0	0	0	0	0
0	0	0	0	0
0	0	0	0	0
0	0	0	0	0
0	0	0	0	0
0	0	0	0	0
0	0	0	0	0
0	0	0	0	0
0	0	0	0	0
0	0	0	0	0
0	0	0	0	0
0	0	0	0	0
0	0	0	0	0
0	0	0	0	0
0	0	0	0	0
0	0	0	0	0
0	0	0	0	0
0	0	0	0	0
0	0	0	0	0
0	0	0	0	0
0	0	0	0	0
0	0	0	0	0
0	0	0	0	0
0	0	0	0	0
0	0	0	0	0
0	0	0	0	0
0	0	0	0	0
0	0	0	0	0
0	0	0	0	0
0	0	0	0	0
0	0	0	0	0
0	0	0	0	0
0	0	0	0	0
0	0	0	0	0
0	0	0	0	0
0	0	0	0	0
0	0	0	0	0
0	0	0	0	0
0	0	0	0	0
0	0	0	0	0
0	0	0	0	0
0	0	0	0	0
0	0	0	0	0
0	0	0	0	0
0	0	0	0	0
0	0	0	0	0
0	0	0	0	0
0	0	0	0	0
0	0	0	0	0
0	0	0	0	0
0	0	0	0	0
0	0	0	0	0
0	0	0	0	0
0	0	0	0	0
0	0	0	0	0
0	0	0	0	0
0	0	0	0	0
0	0	0	0	0
0	0	0	0	0
0	0	0	0	0
0	0	0	0	0
0	0	0	0	0
0	0	0	0	0
0	0	0	0	0
0	0	0	0	0
0	0	0	0	0
0	0	0	0	0
0	0	0	0	0
0	0	0	0	0
0	0	0	0	0
0	0	0	0	0
0	0	0	0	0
0	0	0	0	0
0	0	0	0	0
0	0	0	0	0
0	0	0	0	0
0	0	0	0	0
0	0	0	0	0
0	0	0	0	0
0	0	0	0	0
